4270
4452
4469
