Date,Time,Relative_time,Ambient,Temperature,Peak Magnitude (RAW),Resonance_Frequency,Dissipation
2024-01-02,10:34:06,0.0542,26.88,25.0,3396,15140860.0,2.244645059765081e-05
2024-01-02,10:34:06,0.0822,26.88,25.0,3362,15141181.0,2.370090073097218e-05
2024-01-02,10:34:06,0.1126,26.88,25.0,3374,15141089.0,2.325034373687949e-05
2024-01-02,10:34:06,0.1168,26.88,25.0,3361,15141092.0,2.37388389481256e-05
2024-01-02,10:34:06,0.1211,26.88,25.0,3361,15141092.0,2.37388389481256e-05
2024-01-02,10:34:06,0.1253,26.88,25.0,3361,15141092.0,2.37388389481256e-05
2024-01-02,10:34:06,0.1296,26.88,25.0,3361,15141092.0,2.37388389481256e-05
2024-01-02,10:34:06,0.1339,26.88,25.0,3361,15141092.0,2.37388389481256e-05
2024-01-02,10:34:06,0.1381,26.88,25.0,3361,15141092.0,2.37388389481256e-05
2024-01-02,10:34:06,0.1422,26.88,25.0,3361,15141092.0,2.37388389481256e-05
2024-01-02,10:34:06,0.1465,26.88,25.0,3361,15141092.0,2.37388389481256e-05
2024-01-02,10:34:06,0.1508,26.88,25.0,3361,15141092.0,2.37388389481256e-05
2024-01-02,10:34:06,0.155,26.88,25.0,3361,15141092.0,2.37388389481256e-05
2024-01-02,10:34:06,0.1592,26.88,25.0,3361,15141092.0,2.37388389481256e-05
2024-01-02,10:34:06,0.1634,26.88,25.0,3362,15141092.0,2.370090073097218e-05
2024-01-02,10:34:06,0.1676,26.88,25.0,3362,15141092.0,2.370090073097218e-05
2024-01-02,10:34:07,0.1719,26.88,25.0,3361,15141092.0,2.37388389481256e-05
2024-01-02,10:34:07,0.1762,26.88,25.0,3361,15141092.0,2.37388389481256e-05
2024-01-02,10:34:07,0.1804,26.88,25.0,3362,15141092.0,2.370090073097218e-05
2024-01-02,10:34:07,0.1847,26.88,25.0,3362,15141092.0,2.370090073097218e-05
2024-01-02,10:34:07,0.1889,26.88,25.0,3362,15141092.0,2.370090073097218e-05
2024-01-02,10:34:07,0.1931,26.88,25.0,3362,15141093.0,2.370090073097218e-05
2024-01-02,10:34:07,0.1973,26.88,25.0,3362,15141092.0,2.370090073097218e-05
2024-01-02,10:34:07,0.2016,26.88,25.0,3361,15141092.0,2.37388389481256e-05
2024-01-02,10:34:07,0.2058,26.88,25.0,3360,15141092.0,2.377683789327991e-05
2024-01-02,10:34:07,0.21,26.88,25.0,3361,15141092.0,2.37388389481256e-05
2024-01-02,10:34:07,0.2142,26.88,25.0,3361,15141092.0,2.37388389481256e-05
2024-01-02,10:34:07,0.2185,26.88,25.0,3361,15141089.0,2.37388389481256e-05
2024-01-02,10:34:07,0.2227,26.88,25.0,3362,15141089.0,2.370090073097218e-05
2024-01-02,10:34:07,0.2269,26.88,25.0,3362,15141092.0,2.370090073097218e-05
2024-01-02,10:34:07,0.2312,26.88,25.0,3362,15141092.0,2.370090073097218e-05
2024-01-02,10:34:07,0.2354,26.88,25.0,3362,15141092.0,2.370090073097218e-05
2024-01-02,10:34:07,0.2396,26.88,25.0,3362,15141092.0,2.370090073097218e-05
2024-01-02,10:34:07,0.2439,26.88,25.0,3362,15141092.0,2.370090073097218e-05
2024-01-02,10:34:07,0.2482,26.88,25.0,3362,15141092.0,2.370090073097218e-05
2024-01-02,10:34:07,0.2524,26.88,25.0,3361,15141093.0,2.37388389481256e-05
2024-01-02,10:34:07,0.2566,26.88,25.0,3360,15141092.0,2.377683789327991e-05
2024-01-02,10:34:07,0.2608,26.88,25.0,3361,15141092.0,2.37388389481256e-05
2024-01-02,10:34:07,0.2651,26.88,25.0,3361,15141092.0,2.37388389481256e-05
2024-01-02,10:34:07,0.2692,26.88,25.0,3360,15141092.0,2.377683789327991e-05
2024-01-02,10:34:07,0.2734,26.88,25.0,3360,15141093.0,2.377683789327991e-05
2024-01-02,10:34:07,0.2777,26.88,25.0,3360,15141093.0,2.377683789327991e-05
2024-01-02,10:34:07,0.2819,26.88,25.0,3360,15141094.0,2.377683789327991e-05
2024-01-02,10:34:07,0.2904,26.88,25.0,3360,15141092.0,2.377683789327991e-05
2024-01-02,10:34:07,0.2946,26.88,25.0,3360,15141093.0,2.377683789327991e-05
2024-01-02,10:34:07,0.2988,26.88,25.0,3361,15141093.0,2.37388389481256e-05
2024-01-02,10:34:07,0.303,26.88,25.0,3361,15141093.0,2.37388389481256e-05
2024-01-02,10:34:07,0.3072,26.88,25.0,3361,15141093.0,2.37388389481256e-05
2024-01-02,10:34:07,0.3115,26.88,25.0,3361,15141093.0,2.37388389481256e-05
2024-01-02,10:34:07,0.3157,26.88,25.0,3360,15141093.0,2.377683789327991e-05
2024-01-02,10:34:07,0.3467,26.88,25.0,3358,15141094.0,2.385301835657796e-05
2024-01-02,10:34:07,0.3776,26.88,25.0,3359,15141095.0,2.381489766364291e-05
2024-01-02,10:34:07,0.3819,26.88,25.0,3362,15141093.0,2.370090073097218e-05
2024-01-02,10:34:07,0.3861,26.88,25.0,3362,15141093.0,2.370090073097218e-05
2024-01-02,10:34:07,0.3904,26.88,25.0,3362,15141094.0,2.370090073097218e-05
2024-01-02,10:34:07,0.3946,26.88,25.0,3362,15141094.0,2.370090073097218e-05
2024-01-02,10:34:07,0.3988,26.88,25.0,3361,15141093.0,2.37388389481256e-05
2024-01-02,10:34:07,0.403,26.88,25.0,3360,15141093.0,2.377683789327991e-05
2024-01-02,10:34:07,0.4072,26.88,25.0,3361,15141093.0,2.37388389481256e-05
2024-01-02,10:34:07,0.4114,26.88,25.0,3362,15141093.0,2.370090073097218e-05
2024-01-02,10:34:07,0.4156,26.88,25.0,3361,15141093.0,2.37388389481256e-05
2024-01-02,10:34:07,0.4199,26.88,25.0,3360,15141095.0,2.377683789327991e-05
2024-01-02,10:34:07,0.4242,26.88,25.0,3360,15141095.0,2.377683789327991e-05
2024-01-02,10:34:07,0.4326,26.88,25.0,3360,15141094.0,2.377683789327991e-05
2024-01-02,10:34:07,0.4368,26.88,25.0,3361,15141093.0,2.37388389481256e-05
2024-01-02,10:34:07,0.4411,26.88,25.0,3362,15141093.0,2.370090073097218e-05
2024-01-02,10:34:07,0.4453,26.88,25.0,3361,15141093.0,2.37388389481256e-05
2024-01-02,10:34:07,0.4495,26.88,25.0,3361,15141093.0,2.37388389481256e-05
2024-01-02,10:34:07,0.4538,26.88,25.0,3362,15141094.0,2.370090073097218e-05
2024-01-02,10:34:07,0.458,26.88,25.0,3362,15141093.0,2.370090073097218e-05
2024-01-02,10:34:07,0.4622,26.88,25.0,3362,15141093.0,2.370090073097218e-05
2024-01-02,10:34:07,0.4665,26.88,25.0,3363,15141093.0,2.366302314476723e-05
2024-01-02,10:34:07,0.4707,26.88,25.0,3362,15141092.0,2.370090073097218e-05
2024-01-02,10:34:07,0.475,26.88,25.0,3361,15141093.0,2.37388389481256e-05
2024-01-02,10:34:07,0.4792,26.88,25.0,3362,15141093.0,2.370090073097218e-05
2024-01-02,10:34:07,0.4834,26.88,25.0,3362,15141093.0,2.370090073097218e-05
2024-01-02,10:34:07,0.4876,26.88,25.0,3362,15141093.0,2.370090073097218e-05
2024-01-02,10:34:07,0.4919,26.88,25.0,3362,15141093.0,2.370090073097218e-05
2024-01-02,10:34:07,0.4961,26.88,25.0,3362,15141094.0,2.370090073097218e-05
2024-01-02,10:34:07,0.5003,26.88,25.0,3361,15141094.0,2.37388389481256e-05
2024-01-02,10:34:07,0.5045,26.88,25.0,3360,15141094.0,2.377683789327991e-05
2024-01-02,10:34:07,0.5088,26.88,25.0,3361,15141093.0,2.37388389481256e-05
2024-01-02,10:34:07,0.513,26.88,25.0,3362,15141093.0,2.370090073097218e-05
2024-01-02,10:34:07,0.5172,26.88,25.0,3361,15141093.0,2.37388389481256e-05
2024-01-02,10:34:07,0.5214,26.88,25.0,3361,15141093.0,2.37388389481256e-05
2024-01-02,10:34:07,0.5257,26.88,25.0,3362,15141093.0,2.370090073097218e-05
2024-01-02,10:34:07,0.5299,26.88,25.0,3361,15141093.0,2.37388389481256e-05
2024-01-02,10:34:07,0.5383,26.88,25.0,3361,15141092.0,2.37388389481256e-05
2024-01-02,10:34:07,0.5426,26.88,25.0,3361,15141093.0,2.37388389481256e-05
2024-01-02,10:34:07,0.5468,26.88,25.0,3361,15141094.0,2.37388389481256e-05
2024-01-02,10:34:07,0.551,26.88,25.0,3361,15141094.0,2.37388389481256e-05
2024-01-02,10:34:07,0.5552,26.88,25.0,3361,15141093.0,2.37388389481256e-05
2024-01-02,10:34:07,0.5595,26.88,25.0,3362,15141093.0,2.370090073097218e-05
2024-01-02,10:34:07,0.5637,26.88,25.0,3362,15141093.0,2.370090073097218e-05
2024-01-02,10:34:07,0.568,26.88,25.0,3362,15141093.0,2.370090073097218e-05
2024-01-02,10:34:07,0.5722,26.88,25.0,3362,15141093.0,2.370090073097218e-05
2024-01-02,10:34:07,0.5764,26.88,25.0,3362,15141094.0,2.370090073097218e-05
2024-01-02,10:34:07,0.5806,26.88,25.0,3363,15141094.0,2.366302314476723e-05
2024-01-02,10:34:07,0.5849,26.88,25.0,3363,15141094.0,2.366302314476723e-05
2024-01-02,10:34:07,0.589,26.88,25.0,3362,15141093.0,2.370090073097218e-05
2024-01-02,10:34:07,0.5982,26.88,25.0,3361,15141093.0,2.37388389481256e-05
2024-01-02,10:34:07,0.6073,26.88,25.0,3361,15141093.0,2.37388389481256e-05
2024-01-02,10:34:07,0.6115,26.88,25.0,3362,15141093.0,2.370090073097218e-05
2024-01-02,10:34:07,0.6157,26.88,25.0,3362,15141093.0,2.370090073097218e-05
2024-01-02,10:34:07,0.62,26.88,25.0,3362,15141089.0,2.370090073097218e-05
2024-01-02,10:34:07,0.6242,26.88,25.0,3363,15141090.0,2.366302314476723e-05
2024-01-02,10:34:07,0.6284,26.88,25.0,3363,15141094.0,2.366302314476723e-05
2024-01-02,10:34:07,0.6326,26.88,25.0,3362,15141094.0,2.370090073097218e-05
2024-01-02,10:34:07,0.6369,26.88,25.0,3361,15141094.0,2.37388389481256e-05
2024-01-02,10:34:07,0.6411,26.88,25.0,3361,15141094.0,2.37388389481256e-05
2024-01-02,10:34:07,0.6453,26.88,25.0,3361,15141093.0,2.37388389481256e-05
2024-01-02,10:34:07,0.6495,26.88,25.0,3361,15141094.0,2.37388389481256e-05
2024-01-02,10:34:07,0.6538,26.88,25.0,3362,15141093.0,2.370090073097218e-05
2024-01-02,10:34:07,0.6622,26.88,25.0,3361,15141095.0,2.37388389481256e-05
2024-01-02,10:34:07,0.6664,26.88,25.0,3362,15141094.0,2.370090073097218e-05
2024-01-02,10:34:07,0.6707,26.88,25.0,3363,15141094.0,2.366302314476723e-05
2024-01-02,10:34:07,0.6749,26.88,25.0,3362,15141094.0,2.370090073097218e-05
2024-01-02,10:34:07,0.6791,26.88,25.0,3361,15141094.0,2.37388389481256e-05
2024-01-02,10:34:07,0.6834,26.88,25.0,3362,15141094.0,2.370090073097218e-05
2024-01-02,10:34:07,0.6876,26.88,25.0,3363,15141094.0,2.366302314476723e-05
2024-01-02,10:34:07,0.6918,26.88,25.0,3362,15141094.0,2.370090073097218e-05
2024-01-02,10:34:07,0.696,26.88,25.0,3361,15141093.0,2.37388389481256e-05
2024-01-02,10:34:07,0.7044,26.88,25.0,3362,15141095.0,2.370090073097218e-05
2024-01-02,10:34:07,0.7086,26.88,25.0,3362,15141094.0,2.370090073097218e-05
2024-01-02,10:34:07,0.7129,26.88,25.0,3362,15141094.0,2.370090073097218e-05
2024-01-02,10:34:07,0.7172,26.88,25.0,3363,15141094.0,2.366302314476723e-05
2024-01-02,10:34:07,0.7213,26.88,25.0,3363,15141093.0,2.366302314476723e-05
2024-01-02,10:34:07,0.7255,26.88,25.0,3363,15141094.0,2.366302314476723e-05
2024-01-02,10:34:07,0.7298,26.88,25.0,3363,15141093.0,2.366302314476723e-05
2024-01-02,10:34:07,0.7382,26.88,25.0,3363,15141095.0,2.366302314476723e-05
2024-01-02,10:34:07,0.7424,26.88,25.0,3363,15141094.0,2.366302314476723e-05
2024-01-02,10:34:07,0.7467,26.88,25.0,3363,15141094.0,2.366302314476723e-05
2024-01-02,10:34:07,0.7509,26.88,25.0,3362,15141093.0,2.370090073097218e-05
2024-01-02,10:34:07,0.7552,26.88,25.0,3363,15141093.0,2.366302314476723e-05
2024-01-02,10:34:07,0.7594,26.88,25.0,3364,15141093.0,2.362520609261339e-05
2024-01-02,10:34:07,0.7636,26.88,25.0,3363,15141093.0,2.366302314476723e-05
2024-01-02,10:34:07,0.7678,26.88,25.0,3362,15141094.0,2.370090073097218e-05
2024-01-02,10:34:07,0.7763,26.88,25.0,3363,15141093.0,2.366302314476723e-05
2024-01-02,10:34:07,0.7805,26.88,25.0,3362,15141094.0,2.370090073097218e-05
2024-01-02,10:34:07,0.7847,26.88,25.0,3362,15141094.0,2.370090073097218e-05
2024-01-02,10:34:07,0.789,26.88,25.0,3364,15141093.0,2.362520609261339e-05
2024-01-02,10:34:07,0.7932,26.88,25.0,3364,15141093.0,2.362520609261339e-05
2024-01-02,10:34:07,0.7974,26.88,25.0,3363,15141093.0,2.366302314476723e-05
2024-01-02,10:34:07,0.8016,26.88,25.0,3362,15141094.0,2.370090073097218e-05
2024-01-02,10:34:07,0.8101,26.88,25.0,3363,15141093.0,2.366302314476723e-05
2024-01-02,10:34:07,0.8143,26.88,25.0,3363,15141094.0,2.366302314476723e-05
2024-01-02,10:34:07,0.8185,26.88,25.0,3363,15141094.0,2.366302314476723e-05
2024-01-02,10:34:07,0.8228,26.88,25.0,3364,15141093.0,2.362520609261339e-05
2024-01-02,10:34:07,0.827,26.88,25.0,3363,15141093.0,2.366302314476723e-05
2024-01-02,10:34:07,0.8313,26.88,25.0,3361,15141094.0,2.37388389481256e-05
2024-01-02,10:34:07,0.8425,26.88,25.0,3361,15141094.0,2.37388389481256e-05
2024-01-02,10:34:07,0.8537,26.88,25.0,3362,15141094.0,2.370090073097218e-05
2024-01-02,10:34:07,0.8579,26.88,25.0,3363,15141093.0,2.366302314476723e-05
2024-01-02,10:34:07,0.8621,26.88,25.0,3363,15141093.0,2.366302314476723e-05
2024-01-02,10:34:07,0.8663,26.88,25.0,3363,15141093.0,2.366302314476723e-05
2024-01-02,10:34:07,0.8706,26.88,25.0,3363,15141093.0,2.366302314476723e-05
2024-01-02,10:34:07,0.8749,26.88,25.0,3363,15141094.0,2.366302314476723e-05
2024-01-02,10:34:07,0.8791,26.88,25.0,3363,15141093.0,2.366302314476723e-05
2024-01-02,10:34:07,0.8834,26.88,25.0,3363,15141094.0,2.366302314476723e-05
2024-01-02,10:34:07,0.8918,26.88,25.0,3362,15141092.0,2.370090073097218e-05
2024-01-02,10:34:07,0.896,26.88,25.0,3362,15141093.0,2.370090073097218e-05
2024-01-02,10:34:07,0.9003,26.88,25.0,3363,15141093.0,2.366302314476723e-05
2024-01-02,10:34:07,0.9045,26.88,25.0,3364,15141093.0,2.362520609261339e-05
2024-01-02,10:34:07,0.9087,26.88,25.0,3364,15141093.0,2.362520609261339e-05
2024-01-02,10:34:07,0.9129,26.88,25.0,3363,15141093.0,2.366302314476723e-05
2024-01-02,10:34:07,0.9172,26.88,25.0,3362,15141094.0,2.370090073097218e-05
2024-01-02,10:34:07,0.9255,26.88,25.0,3362,15141092.0,2.370090073097218e-05
2024-01-02,10:34:07,0.9298,26.88,25.0,3362,15141093.0,2.370090073097218e-05
2024-01-02,10:34:07,0.934,26.88,25.0,3363,15141093.0,2.366302314476723e-05
2024-01-02,10:34:07,0.9383,26.88,25.0,3364,15141093.0,2.362520609261339e-05
2024-01-02,10:34:07,0.9425,26.88,25.0,3364,15141093.0,2.362520609261339e-05
2024-01-02,10:34:07,0.9467,26.88,25.0,3363,15141093.0,2.366302314476723e-05
2024-01-02,10:34:07,0.9509,26.81,25.0,3362,15141093.0,2.370090073097218e-05
2024-01-02,10:34:07,0.9595,26.81,25.0,3363,15141092.0,2.366302314476723e-05
2024-01-02,10:34:07,0.9636,26.81,25.0,3363,15141093.0,2.366302314476723e-05
2024-01-02,10:34:07,0.9678,26.81,25.0,3363,15141093.0,2.366302314476723e-05
2024-01-02,10:34:07,0.9721,26.81,25.0,3364,15141093.0,2.362520609261339e-05
2024-01-02,10:34:07,0.9764,26.81,25.0,3364,15141094.0,2.362520609261339e-05
2024-01-02,10:34:07,0.9806,26.81,25.0,3364,15141093.0,2.362520609261339e-05
2024-01-02,10:34:07,0.9848,26.81,25.0,3364,15141093.0,2.362520609261339e-05
2024-01-02,10:34:07,0.989,26.81,25.0,3363,15141093.0,2.366302314476723e-05
2024-01-02,10:34:07,0.9974,26.81,25.0,3363,15141094.0,2.366302314476723e-05
2024-01-02,10:34:07,1.0016,26.81,25.0,3363,15141093.0,2.366302314476723e-05
2024-01-02,10:34:07,1.0059,26.81,25.0,3363,15141093.0,2.366302314476723e-05
2024-01-02,10:34:07,1.0102,26.81,25.0,3363,15141094.0,2.366302314476723e-05
2024-01-02,10:34:07,1.0144,26.81,25.0,3363,15141093.0,2.366302314476723e-05
2024-01-02,10:34:07,1.0187,26.81,25.0,3363,15141094.0,2.366302314476723e-05
2024-01-02,10:34:07,1.0229,26.81,25.0,3364,15141091.0,2.362520609261339e-05
2024-01-02,10:34:07,1.0313,26.81,25.0,3365,15141094.0,2.358744947776824e-05
2024-01-02,10:34:07,1.0356,26.81,25.0,3365,15141093.0,2.358744947776824e-05
2024-01-02,10:34:07,1.0398,26.81,25.0,3365,15141092.0,2.358744947776824e-05
2024-01-02,10:34:07,1.044,26.81,25.0,3365,15141092.0,2.358744947776824e-05
2024-01-02,10:34:07,1.0483,26.81,25.0,3365,15141092.0,2.358744947776824e-05
2024-01-02,10:34:07,1.0525,26.81,25.0,3364,15141092.0,2.362520609261339e-05
2024-01-02,10:34:07,1.0567,26.81,25.0,3363,15141091.0,2.366302314476723e-05
2024-01-02,10:34:07,1.0651,26.81,25.0,3362,15141093.0,2.370090073097218e-05
2024-01-02,10:34:07,1.0693,26.81,25.0,3361,15141092.0,2.37388389481256e-05
2024-01-02,10:34:07,1.0735,26.81,25.0,3362,15141092.0,2.370090073097218e-05
2024-01-02,10:34:07,1.0778,26.81,25.0,3362,15141093.0,2.370090073097218e-05
2024-01-02,10:34:07,1.082,26.81,25.0,3362,15141093.0,2.370090073097218e-05
2024-01-02,10:34:07,1.0932,26.81,25.0,3362,15141093.0,2.370090073097218e-05
2024-01-02,10:34:07,1.1002,26.81,25.0,3363,15141092.0,2.366302314476723e-05
2024-01-02,10:34:07,1.1044,26.81,25.0,3363,15141091.0,2.366302314476723e-05
2024-01-02,10:34:07,1.1129,26.81,25.0,3361,15141094.0,2.37388389481256e-05
2024-01-02,10:34:07,1.1171,26.81,25.0,3361,15141092.0,2.37388389481256e-05
2024-01-02,10:34:07,1.1214,26.81,25.0,3362,15141092.0,2.370090073097218e-05
2024-01-02,10:34:07,1.1256,26.81,25.0,3362,15141092.0,2.370090073097218e-05
2024-01-02,10:34:07,1.1298,26.81,25.0,3362,15141093.0,2.370090073097218e-05
2024-01-02,10:34:07,1.134,26.81,25.0,3362,15141093.0,2.370090073097218e-05
2024-01-02,10:34:07,1.1382,26.81,25.0,3362,15141092.0,2.370090073097218e-05
2024-01-02,10:34:07,1.1467,26.81,25.0,3361,15141094.0,2.37388389481256e-05
2024-01-02,10:34:07,1.1509,26.81,25.0,3361,15141093.0,2.37388389481256e-05
2024-01-02,10:34:07,1.1551,26.81,25.0,3362,15141092.0,2.370090073097218e-05
2024-01-02,10:34:07,1.1593,26.81,25.0,3363,15141093.0,2.366302314476723e-05
2024-01-02,10:34:07,1.1636,26.81,25.0,3364,15141093.0,2.362520609261339e-05
2024-01-02,10:34:08,1.1678,26.81,25.0,3363,15141093.0,2.366302314476723e-05
2024-01-02,10:34:08,1.1721,26.81,25.0,3362,15141092.0,2.370090073097218e-05
2024-01-02,10:34:08,1.1806,26.81,25.0,3362,15141094.0,2.370090073097218e-05
2024-01-02,10:34:08,1.1848,26.81,25.0,3362,15141093.0,2.370090073097218e-05
2024-01-02,10:34:08,1.189,26.81,25.0,3362,15141093.0,2.370090073097218e-05
2024-01-02,10:34:08,1.1932,26.81,25.0,3363,15141093.0,2.366302314476723e-05
2024-01-02,10:34:08,1.1975,26.81,25.0,3363,15141093.0,2.366302314476723e-05
2024-01-02,10:34:08,1.2017,26.81,25.0,3363,15141093.0,2.366302314476723e-05
2024-01-02,10:34:08,1.2059,26.81,25.0,3363,15141093.0,2.366302314476723e-05
2024-01-02,10:34:08,1.2101,26.81,25.0,3362,15141094.0,2.370090073097218e-05
2024-01-02,10:34:08,1.2186,26.81,25.0,3361,15141092.0,2.37388389481256e-05
2024-01-02,10:34:08,1.2228,26.81,25.0,3362,15141093.0,2.370090073097218e-05
2024-01-02,10:34:08,1.227,26.81,25.0,3363,15141093.0,2.366302314476723e-05
2024-01-02,10:34:08,1.2313,26.81,25.0,3363,15141093.0,2.366302314476723e-05
2024-01-02,10:34:08,1.2356,26.81,25.0,3363,15141093.0,2.366302314476723e-05
2024-01-02,10:34:08,1.2398,26.81,25.0,3363,15141093.0,2.366302314476723e-05
2024-01-02,10:34:08,1.244,26.81,25.0,3362,15141093.0,2.370090073097218e-05
2024-01-02,10:34:08,1.2524,26.81,25.0,3361,15141092.0,2.37388389481256e-05
2024-01-02,10:34:08,1.2566,26.81,25.0,3362,15141093.0,2.370090073097218e-05
2024-01-02,10:34:08,1.2608,26.81,25.0,3363,15141093.0,2.366302314476723e-05
2024-01-02,10:34:08,1.2651,26.81,25.0,3363,15141093.0,2.366302314476723e-05
2024-01-02,10:34:08,1.2694,26.81,25.0,3362,15141093.0,2.370090073097218e-05
2024-01-02,10:34:08,1.2736,26.81,25.0,3362,15141093.0,2.370090073097218e-05
2024-01-02,10:34:08,1.2779,26.81,25.0,3362,15141094.0,2.370090073097218e-05
2024-01-02,10:34:08,1.2863,26.81,25.0,3362,15141092.0,2.370090073097218e-05
2024-01-02,10:34:08,1.2905,26.81,25.0,3362,15141093.0,2.370090073097218e-05
2024-01-02,10:34:08,1.2948,26.81,25.0,3363,15141093.0,2.366302314476723e-05
2024-01-02,10:34:08,1.299,26.81,25.0,3363,15141093.0,2.366302314476723e-05
2024-01-02,10:34:08,1.3032,26.81,25.0,3363,15141093.0,2.366302314476723e-05
2024-01-02,10:34:08,1.3074,26.81,25.0,3363,15141093.0,2.366302314476723e-05
2024-01-02,10:34:08,1.3116,26.81,25.0,3362,15141093.0,2.370090073097218e-05
2024-01-02,10:34:08,1.3159,26.81,25.0,3361,15141093.0,2.37388389481256e-05
2024-01-02,10:34:08,1.3243,26.81,25.0,3362,15141094.0,2.370090073097218e-05
2024-01-02,10:34:08,1.3285,26.81,25.0,3363,15141093.0,2.366302314476723e-05
2024-01-02,10:34:08,1.3328,26.81,25.0,3363,15141093.0,2.366302314476723e-05
2024-01-02,10:34:08,1.337,26.81,25.0,3363,15141094.0,2.366302314476723e-05
2024-01-02,10:34:08,1.3485,26.81,25.0,3362,15141092.0,2.370090073097218e-05
2024-01-02,10:34:08,1.3527,26.81,25.0,3363,15141093.0,2.366302314476723e-05
2024-01-02,10:34:08,1.357,26.81,25.0,3362,15141093.0,2.370090073097218e-05
2024-01-02,10:34:08,1.3612,26.81,25.0,3362,15141093.0,2.370090073097218e-05
2024-01-02,10:34:08,1.3654,26.81,25.0,3363,15141093.0,2.366302314476723e-05
2024-01-02,10:34:08,1.3697,26.81,25.0,3362,15141093.0,2.370090073097218e-05
2024-01-02,10:34:08,1.3739,26.81,25.0,3362,15141094.0,2.370090073097218e-05
2024-01-02,10:34:08,1.3823,26.81,25.0,3362,15141092.0,2.370090073097218e-05
2024-01-02,10:34:08,1.3866,26.81,25.0,3362,15141093.0,2.370090073097218e-05
2024-01-02,10:34:08,1.3908,26.81,25.0,3363,15141093.0,2.366302314476723e-05
2024-01-02,10:34:08,1.395,26.81,25.0,3363,15141093.0,2.366302314476723e-05
2024-01-02,10:34:08,1.3993,26.81,25.0,3363,15141093.0,2.366302314476723e-05
2024-01-02,10:34:08,1.4036,26.81,25.0,3363,15141093.0,2.366302314476723e-05
2024-01-02,10:34:08,1.4078,26.81,25.0,3363,15141094.0,2.366302314476723e-05
2024-01-02,10:34:08,1.412,26.81,25.0,3363,15141093.0,2.366302314476723e-05
2024-01-02,10:34:08,1.4204,26.81,25.0,3362,15141095.0,2.370090073097218e-05
2024-01-02,10:34:08,1.4246,26.81,25.0,3362,15141097.0,2.370090073097218e-05
2024-01-02,10:34:08,1.4288,26.81,25.0,3362,15141097.0,2.370090073097218e-05
2024-01-02,10:34:08,1.4331,26.81,25.0,3362,15141094.0,2.370090073097218e-05
2024-01-02,10:34:08,1.4373,26.81,25.0,3363,15141094.0,2.366302314476723e-05
2024-01-02,10:34:08,1.4416,26.81,25.0,3363,15141094.0,2.366302314476723e-05
2024-01-02,10:34:08,1.4458,26.81,25.0,3363,15141093.0,2.366302314476723e-05
2024-01-02,10:34:08,1.4542,26.81,25.0,3363,15141095.0,2.366302314476723e-05
2024-01-02,10:34:08,1.4585,26.81,25.0,3363,15141094.0,2.366302314476723e-05
2024-01-02,10:34:08,1.4627,26.81,25.0,3363,15141094.0,2.366302314476723e-05
2024-01-02,10:34:08,1.4669,26.81,25.0,3363,15141094.0,2.366302314476723e-05
2024-01-02,10:34:08,1.4711,26.81,25.0,3364,15141093.0,2.362520609261339e-05
2024-01-02,10:34:08,1.4754,26.81,25.0,3364,15141094.0,2.362520609261339e-05
2024-01-02,10:34:08,1.4796,26.81,25.0,3362,15141094.0,2.370090073097218e-05
2024-01-02,10:34:08,1.4881,26.81,25.0,3363,15141095.0,2.366302314476723e-05
2024-01-02,10:34:08,1.4923,26.81,25.0,3363,15141094.0,2.366302314476723e-05
2024-01-02,10:34:08,1.4965,26.81,25.0,3363,15141094.0,2.366302314476723e-05
2024-01-02,10:34:08,1.5008,26.81,25.0,3363,15141094.0,2.366302314476723e-05
2024-01-02,10:34:08,1.5051,26.81,25.0,3364,15141094.0,2.362520609261339e-05
2024-01-02,10:34:08,1.5093,26.81,25.0,3364,15141094.0,2.362520609261339e-05
2024-01-02,10:34:08,1.5135,26.81,25.0,3363,15141094.0,2.366302314476723e-05
2024-01-02,10:34:08,1.5177,26.81,25.0,3363,15141094.0,2.366302314476723e-05
2024-01-02,10:34:08,1.5262,26.81,25.0,3363,15141093.0,2.366302314476723e-05
2024-01-02,10:34:08,1.5304,26.81,25.0,3363,15141094.0,2.366302314476723e-05
2024-01-02,10:34:08,1.5346,26.81,25.0,3363,15141094.0,2.366302314476723e-05
2024-01-02,10:34:08,1.5388,26.81,25.0,3364,15141094.0,2.362520609261339e-05
2024-01-02,10:34:08,1.5431,26.81,25.0,3364,15141094.0,2.362520609261339e-05
2024-01-02,10:34:08,1.5473,26.81,25.0,3362,15141094.0,2.370090073097218e-05
2024-01-02,10:34:08,1.5515,26.81,25.0,3362,15141095.0,2.370090073097218e-05
2024-01-02,10:34:08,1.56,26.81,25.0,3363,15141093.0,2.366302314476723e-05
2024-01-02,10:34:08,1.5642,26.81,25.0,3363,15141094.0,2.366302314476723e-05
2024-01-02,10:34:08,1.5684,26.81,25.0,3363,15141094.0,2.366302314476723e-05
2024-01-02,10:34:08,1.5727,26.81,25.0,3364,15141094.0,2.362520609261339e-05
2024-01-02,10:34:08,1.5769,26.81,25.0,3364,15141094.0,2.362520609261339e-05
2024-01-02,10:34:08,1.5812,26.81,25.0,3362,15141094.0,2.370090073097218e-05
2024-01-02,10:34:08,1.5924,26.81,25.0,3362,15141094.0,2.370090073097218e-05
2024-01-02,10:34:08,1.5994,26.81,25.0,3362,15141094.0,2.370090073097218e-05
2024-01-02,10:34:08,1.6078,26.81,25.0,3361,15141093.0,2.37388389481256e-05
2024-01-02,10:34:08,1.6121,26.81,25.0,3362,15141093.0,2.370090073097218e-05
2024-01-02,10:34:08,1.6163,26.81,25.0,3363,15141094.0,2.366302314476723e-05
2024-01-02,10:34:08,1.6206,26.81,25.0,3363,15141094.0,2.366302314476723e-05
2024-01-02,10:34:08,1.6248,26.81,25.0,3363,15141094.0,2.366302314476723e-05
2024-01-02,10:34:08,1.629,26.81,25.0,3363,15141094.0,2.366302314476723e-05
2024-01-02,10:34:08,1.6332,26.81,25.0,3363,15141095.0,2.366302314476723e-05
2024-01-02,10:34:08,1.6418,26.81,25.0,3363,15141093.0,2.366302314476723e-05
2024-01-02,10:34:08,1.646,26.81,25.0,3363,15141094.0,2.366302314476723e-05
2024-01-02,10:34:08,1.6502,26.81,25.0,3364,15141094.0,2.362520609261339e-05
2024-01-02,10:34:08,1.6544,26.81,25.0,3364,15141094.0,2.362520609261339e-05
2024-01-02,10:34:08,1.6587,26.81,25.0,3363,15141094.0,2.366302314476723e-05
2024-01-02,10:34:08,1.6629,26.81,25.0,3363,15141094.0,2.366302314476723e-05
2024-01-02,10:34:08,1.6671,26.81,25.0,3363,15141094.0,2.366302314476723e-05
2024-01-02,10:34:08,1.6756,26.81,25.0,3363,15141093.0,2.366302314476723e-05
2024-01-02,10:34:08,1.6798,26.81,25.0,3363,15141094.0,2.366302314476723e-05
2024-01-02,10:34:08,1.6841,26.81,25.0,3364,15141095.0,2.362520609261339e-05
2024-01-02,10:34:08,1.6884,26.81,25.0,3364,15141095.0,2.362520609261339e-05
2024-01-02,10:34:08,1.6926,26.81,25.0,3364,15141094.0,2.362520609261339e-05
2024-01-02,10:34:08,1.6968,26.81,25.0,3364,15141094.0,2.362520609261339e-05
2024-01-02,10:34:08,1.701,26.81,25.0,3363,15141095.0,2.366302314476723e-05
2024-01-02,10:34:08,1.7052,26.81,25.0,3363,15141094.0,2.366302314476723e-05
2024-01-02,10:34:08,1.7137,26.81,25.0,3363,15141095.0,2.366302314476723e-05
2024-01-02,10:34:08,1.7179,26.81,25.0,3363,15141094.0,2.366302314476723e-05
2024-01-02,10:34:08,1.7221,26.81,25.0,3363,15141094.0,2.366302314476723e-05
2024-01-02,10:34:08,1.7264,26.81,25.0,3363,15141094.0,2.366302314476723e-05
2024-01-02,10:34:08,1.7306,26.81,25.0,3364,15141094.0,2.362520609261339e-05
2024-01-02,10:34:08,1.7348,26.81,25.0,3364,15141094.0,2.362520609261339e-05
2024-01-02,10:34:08,1.7391,26.81,25.0,3363,15141094.0,2.366302314476723e-05
2024-01-02,10:34:08,1.7476,26.81,25.0,3363,15141095.0,2.366302314476723e-05
2024-01-02,10:34:08,1.7517,26.81,25.0,3364,15141094.0,2.362520609261339e-05
2024-01-02,10:34:08,1.756,26.81,25.0,3364,15141094.0,2.362520609261339e-05
2024-01-02,10:34:08,1.7602,26.81,25.0,3363,15141094.0,2.366302314476723e-05
2024-01-02,10:34:08,1.7644,26.81,25.0,3364,15141094.0,2.362520609261339e-05
2024-01-02,10:34:08,1.7687,26.81,25.0,3365,15141094.0,2.358744947776824e-05
2024-01-02,10:34:08,1.773,26.81,25.0,3364,15141094.0,2.362520609261339e-05
2024-01-02,10:34:08,1.7814,26.81,25.0,3363,15141095.0,2.366302314476723e-05
2024-01-02,10:34:08,1.7856,26.81,25.0,3364,15141094.0,2.362520609261339e-05
2024-01-02,10:34:08,1.7898,26.81,25.0,3364,15141094.0,2.362520609261339e-05
2024-01-02,10:34:08,1.7941,26.81,25.0,3364,15141094.0,2.362520609261339e-05
2024-01-02,10:34:08,1.7983,26.81,25.0,3364,15141094.0,2.362520609261339e-05
2024-01-02,10:34:08,1.8025,26.81,25.0,3363,15141094.0,2.366302314476723e-05
2024-01-02,10:34:08,1.8068,26.81,25.0,3364,15141094.0,2.362520609261339e-05
2024-01-02,10:34:08,1.811,26.81,25.0,3364,15141094.0,2.362520609261339e-05
2024-01-02,10:34:08,1.8194,26.81,25.0,3363,15141093.0,2.366302314476723e-05
2024-01-02,10:34:08,1.8236,26.81,25.0,3363,15141094.0,2.366302314476723e-05
2024-01-02,10:34:08,1.8279,26.81,25.0,3364,15141095.0,2.362520609261339e-05
2024-01-02,10:34:08,1.8321,26.81,25.0,3364,15141095.0,2.362520609261339e-05
2024-01-02,10:34:08,1.8434,26.81,25.0,3362,15141094.0,2.370090073097218e-05
2024-01-02,10:34:08,1.8504,26.81,25.0,3362,15141094.0,2.370090073097218e-05
2024-01-02,10:34:08,1.8546,26.81,25.0,3362,15141093.0,2.370090073097218e-05
2024-01-02,10:34:08,1.8631,26.81,25.0,3363,15141095.0,2.366302314476723e-05
2024-01-02,10:34:08,1.8673,26.81,25.0,3363,15141094.0,2.366302314476723e-05
2024-01-02,10:34:08,1.8715,26.81,25.0,3363,15141094.0,2.366302314476723e-05
2024-01-02,10:34:08,1.8757,26.81,25.0,3364,15141095.0,2.362520609261339e-05
2024-01-02,10:34:08,1.88,26.81,25.0,3365,15141094.0,2.358744947776824e-05
2024-01-02,10:34:08,1.8842,26.81,25.0,3364,15141094.0,2.362520609261339e-05
2024-01-02,10:34:08,1.8884,26.81,25.0,3363,15141094.0,2.366302314476723e-05
2024-01-02,10:34:08,1.8969,26.81,25.0,3363,15141095.0,2.366302314476723e-05
2024-01-02,10:34:08,1.9011,26.81,25.0,3363,15141094.0,2.366302314476723e-05
2024-01-02,10:34:08,1.9053,26.81,25.0,3363,15141094.0,2.366302314476723e-05
2024-01-02,10:34:08,1.9095,26.81,25.0,3363,15141094.0,2.366302314476723e-05
2024-01-02,10:34:08,1.9137,26.81,25.0,3363,15141094.0,2.366302314476723e-05
2024-01-02,10:34:08,1.918,26.81,25.0,3363,15141094.0,2.366302314476723e-05
2024-01-02,10:34:08,1.9222,26.81,25.0,3363,15141094.0,2.366302314476723e-05
2024-01-02,10:34:08,1.9264,26.81,25.0,3363,15141095.0,2.366302314476723e-05
2024-01-02,10:34:08,1.9349,26.81,25.0,3363,15141093.0,2.366302314476723e-05
2024-01-02,10:34:08,1.9391,26.81,25.0,3364,15141094.0,2.362520609261339e-05
2024-01-02,10:34:08,1.9433,26.81,25.0,3364,15141094.0,2.362520609261339e-05
2024-01-02,10:34:08,1.9476,26.81,25.0,3363,15141094.0,2.366302314476723e-05
2024-01-02,10:34:08,1.9518,26.81,25.0,3364,15141095.0,2.362520609261339e-05
2024-01-02,10:34:08,1.956,26.88,25.0,3364,15141095.0,2.362520609261339e-05
2024-01-02,10:34:08,1.9602,26.88,25.0,3363,15141095.0,2.366302314476723e-05
2024-01-02,10:34:08,1.9687,26.88,25.0,3363,15141093.0,2.366302314476723e-05
2024-01-02,10:34:08,1.973,26.88,25.0,3364,15141094.0,2.362520609261339e-05
2024-01-02,10:34:08,1.9772,26.88,25.0,3365,15141094.0,2.358744947776824e-05
2024-01-02,10:34:08,1.9815,26.88,25.0,3365,15141094.0,2.358744947776824e-05
2024-01-02,10:34:08,1.9857,26.88,25.0,3365,15141095.0,2.358744947776824e-05
2024-01-02,10:34:08,1.9899,26.88,25.0,3364,15141095.0,2.362520609261339e-05
2024-01-02,10:34:08,1.9941,26.88,25.0,3363,15141095.0,2.366302314476723e-05
2024-01-02,10:34:08,2.0025,26.88,25.0,3363,15141093.0,2.366302314476723e-05
2024-01-02,10:34:08,2.0068,26.88,25.0,3363,15141094.0,2.366302314476723e-05
2024-01-02,10:34:08,2.011,26.88,25.0,3364,15141095.0,2.362520609261339e-05
2024-01-02,10:34:08,2.0153,26.88,25.0,3365,15141095.0,2.358744947776824e-05
2024-01-02,10:34:08,2.0195,26.88,25.0,3365,15141095.0,2.358744947776824e-05
2024-01-02,10:34:08,2.0237,26.88,25.0,3364,15141095.0,2.362520609261339e-05
2024-01-02,10:34:08,2.0279,26.88,25.0,3363,15141097.0,2.366302314476723e-05
2024-01-02,10:34:08,2.0322,26.88,25.0,3362,15141097.0,2.370090073097218e-05
2024-01-02,10:34:08,2.0406,26.88,25.0,3364,15141095.0,2.362520609261339e-05
2024-01-02,10:34:08,2.0448,26.88,25.0,3364,15141095.0,2.362520609261339e-05
2024-01-02,10:34:08,2.0491,26.88,25.0,3364,15141095.0,2.362520609261339e-05
2024-01-02,10:34:08,2.0533,26.88,25.0,3364,15141095.0,2.362520609261339e-05
2024-01-02,10:34:08,2.0575,26.88,25.0,3364,15141095.0,2.362520609261339e-05
2024-01-02,10:34:08,2.0617,26.88,25.0,3364,15141095.0,2.362520609261339e-05
2024-01-02,10:34:08,2.066,26.88,25.0,3364,15141094.0,2.362520609261339e-05
2024-01-02,10:34:08,2.0744,26.88,25.0,3363,15141096.0,2.366302314476723e-05
2024-01-02,10:34:08,2.0786,26.88,25.0,3363,15141095.0,2.366302314476723e-05
2024-01-02,10:34:08,2.0828,26.88,25.0,3363,15141095.0,2.366302314476723e-05
2024-01-02,10:34:08,2.0871,26.88,25.0,3363,15141095.0,2.366302314476723e-05
2024-01-02,10:34:08,2.0986,26.88,25.0,3361,15141094.0,2.37388389481256e-05
2024-01-02,10:34:08,2.1028,26.88,25.0,3363,15141094.0,2.366302314476723e-05
2024-01-02,10:34:08,2.107,26.88,25.0,3363,15141094.0,2.366302314476723e-05
2024-01-02,10:34:08,2.1113,26.88,25.0,3364,15141094.0,2.362520609261339e-05
2024-01-02,10:34:08,2.1155,26.88,25.0,3365,15141094.0,2.358744947776824e-05
2024-01-02,10:34:08,2.1197,26.88,25.0,3365,15141095.0,2.358744947776824e-05
2024-01-02,10:34:08,2.1239,26.88,25.0,3364,15141095.0,2.362520609261339e-05
2024-01-02,10:34:08,2.1324,26.88,25.0,3364,15141094.0,2.362520609261339e-05
2024-01-02,10:34:08,2.1367,26.88,25.0,3364,15141095.0,2.362520609261339e-05
2024-01-02,10:34:08,2.141,26.88,25.0,3364,15141095.0,2.362520609261339e-05
2024-01-02,10:34:08,2.1452,26.88,25.0,3364,15141095.0,2.362520609261339e-05
2024-01-02,10:34:08,2.1494,26.88,25.0,3364,15141095.0,2.362520609261339e-05
2024-01-02,10:34:08,2.1536,26.88,25.0,3364,15141095.0,2.362520609261339e-05
2024-01-02,10:34:08,2.1579,26.88,25.0,3363,15141095.0,2.366302314476723e-05
2024-01-02,10:34:08,2.1621,26.88,25.0,3363,15141094.0,2.366302314476723e-05
2024-01-02,10:34:08,2.1705,26.88,25.0,3363,15141096.0,2.366302314476723e-05
2024-01-02,10:34:09,2.1748,26.88,25.0,3363,15141095.0,2.366302314476723e-05
2024-01-02,10:34:09,2.179,26.88,25.0,3364,15141094.0,2.362520609261339e-05
2024-01-02,10:34:09,2.1832,26.88,25.0,3364,15141095.0,2.362520609261339e-05
2024-01-02,10:34:09,2.1874,26.88,25.0,3363,15141095.0,2.366302314476723e-05
2024-01-02,10:34:09,2.1916,26.88,25.0,3363,15141095.0,2.366302314476723e-05
2024-01-02,10:34:09,2.1959,26.88,25.0,3363,15141094.0,2.366302314476723e-05
2024-01-02,10:34:09,2.2044,26.88,25.0,3362,15141096.0,2.370090073097218e-05
2024-01-02,10:34:09,2.2086,26.88,25.0,3362,15141095.0,2.370090073097218e-05
2024-01-02,10:34:09,2.2128,26.88,25.0,3363,15141095.0,2.366302314476723e-05
2024-01-02,10:34:09,2.2171,26.88,25.0,3363,15141095.0,2.366302314476723e-05
2024-01-02,10:34:09,2.2213,26.88,25.0,3363,15141095.0,2.366302314476723e-05
2024-01-02,10:34:09,2.2256,26.88,25.0,3363,15141094.0,2.366302314476723e-05
2024-01-02,10:34:09,2.2299,26.88,25.0,3364,15141094.0,2.362520609261339e-05
2024-01-02,10:34:09,2.2341,26.88,25.0,3364,15141095.0,2.362520609261339e-05
2024-01-02,10:34:09,2.2425,26.88,25.0,3362,15141094.0,2.370090073097218e-05
2024-01-02,10:34:09,2.2468,26.88,25.0,3363,15141095.0,2.366302314476723e-05
2024-01-02,10:34:09,2.251,26.88,25.0,3363,15141095.0,2.366302314476723e-05
2024-01-02,10:34:09,2.2553,26.88,25.0,3363,15141095.0,2.366302314476723e-05
2024-01-02,10:34:09,2.2594,26.88,25.0,3362,15141094.0,2.370090073097218e-05
2024-01-02,10:34:09,2.2636,26.88,25.0,3362,15141094.0,2.370090073097218e-05
2024-01-02,10:34:09,2.2679,26.88,25.0,3363,15141095.0,2.366302314476723e-05
2024-01-02,10:34:09,2.2764,26.88,25.0,3363,15141094.0,2.366302314476723e-05
2024-01-02,10:34:09,2.2806,26.88,25.0,3363,15141095.0,2.366302314476723e-05
2024-01-02,10:34:09,2.2848,26.88,25.0,3363,15141095.0,2.366302314476723e-05
2024-01-02,10:34:09,2.2891,26.88,25.0,3363,15141095.0,2.366302314476723e-05
2024-01-02,10:34:09,2.2933,26.88,25.0,3363,15141095.0,2.366302314476723e-05
2024-01-02,10:34:09,2.2976,26.88,25.0,3363,15141095.0,2.366302314476723e-05
2024-01-02,10:34:09,2.3018,26.88,25.0,3363,15141095.0,2.366302314476723e-05
2024-01-02,10:34:09,2.3102,26.88,25.0,3363,15141094.0,2.366302314476723e-05
2024-01-02,10:34:09,2.3145,26.88,25.0,3363,15141095.0,2.366302314476723e-05
2024-01-02,10:34:09,2.3188,26.88,25.0,3363,15141095.0,2.366302314476723e-05
2024-01-02,10:34:09,2.323,26.88,25.0,3363,15141095.0,2.366302314476723e-05
2024-01-02,10:34:09,2.3272,26.88,25.0,3363,15141095.0,2.366302314476723e-05
2024-01-02,10:34:09,2.3314,26.88,25.0,3363,15141095.0,2.366302314476723e-05
2024-01-02,10:34:09,2.3426,26.88,25.0,3362,15141095.0,2.370090073097218e-05
2024-01-02,10:34:09,2.3496,26.88,25.0,3362,15141095.0,2.370090073097218e-05
2024-01-02,10:34:09,2.3581,26.88,25.0,3362,15141094.0,2.370090073097218e-05
2024-01-02,10:34:09,2.3623,26.88,25.0,3363,15141095.0,2.366302314476723e-05
2024-01-02,10:34:09,2.3665,26.88,25.0,3363,15141095.0,2.366302314476723e-05
2024-01-02,10:34:09,2.3708,26.88,25.0,3363,15141095.0,2.366302314476723e-05
2024-01-02,10:34:09,2.3751,26.88,25.0,3363,15141095.0,2.366302314476723e-05
2024-01-02,10:34:09,2.3793,26.88,25.0,3363,15141095.0,2.366302314476723e-05
2024-01-02,10:34:09,2.3835,26.88,25.0,3363,15141095.0,2.366302314476723e-05
2024-01-02,10:34:09,2.392,26.88,25.0,3362,15141094.0,2.370090073097218e-05
2024-01-02,10:34:09,2.3962,26.88,25.0,3362,15141095.0,2.370090073097218e-05
2024-01-02,10:34:09,2.4004,26.88,25.0,3363,15141095.0,2.366302314476723e-05
2024-01-02,10:34:09,2.4046,26.88,25.0,3363,15141095.0,2.366302314476723e-05
2024-01-02,10:34:09,2.4089,26.88,25.0,3363,15141095.0,2.366302314476723e-05
2024-01-02,10:34:09,2.4132,26.88,25.0,3363,15141094.0,2.366302314476723e-05
2024-01-02,10:34:09,2.4174,26.88,25.0,3363,15141095.0,2.366302314476723e-05
2024-01-02,10:34:09,2.4216,26.88,25.0,3362,15141095.0,2.370090073097218e-05
2024-01-02,10:34:09,2.4301,26.88,25.0,3362,15141094.0,2.370090073097218e-05
2024-01-02,10:34:09,2.4343,26.88,25.0,3362,15141094.0,2.370090073097218e-05
2024-01-02,10:34:09,2.4386,26.88,25.0,3363,15141095.0,2.366302314476723e-05
2024-01-02,10:34:09,2.4428,26.88,25.0,3364,15141095.0,2.362520609261339e-05
2024-01-02,10:34:09,2.447,26.88,25.0,3364,15141095.0,2.362520609261339e-05
2024-01-02,10:34:09,2.4512,26.88,25.0,3364,15141095.0,2.362520609261339e-05
2024-01-02,10:34:09,2.4555,26.88,25.0,3365,15141094.0,2.358744947776824e-05
2024-01-02,10:34:09,2.4639,26.81,25.0,3363,15141096.0,2.366302314476723e-05
2024-01-02,10:34:09,2.4681,26.81,25.0,3362,15141095.0,2.370090073097218e-05
2024-01-02,10:34:09,2.4724,26.81,25.0,3363,15141095.0,2.366302314476723e-05
2024-01-02,10:34:09,2.4766,26.81,25.0,3363,15141095.0,2.366302314476723e-05
2024-01-02,10:34:09,2.4808,26.81,25.0,3364,15141095.0,2.362520609261339e-05
2024-01-02,10:34:09,2.485,26.81,25.0,3364,15141095.0,2.362520609261339e-05
2024-01-02,10:34:09,2.4892,26.81,25.0,3363,15141094.0,2.366302314476723e-05
2024-01-02,10:34:09,2.4977,26.81,25.0,3363,15141096.0,2.366302314476723e-05
2024-01-02,10:34:09,2.5019,26.81,25.0,3363,15141095.0,2.366302314476723e-05
2024-01-02,10:34:09,2.5061,26.81,25.0,3364,15141095.0,2.362520609261339e-05
2024-01-02,10:34:09,2.5104,26.81,25.0,3364,15141095.0,2.362520609261339e-05
2024-01-02,10:34:09,2.5146,26.81,25.0,3365,15141095.0,2.358744947776824e-05
2024-01-02,10:34:09,2.5188,26.81,25.0,3364,15141095.0,2.362520609261339e-05
2024-01-02,10:34:09,2.523,26.81,25.0,3363,15141095.0,2.366302314476723e-05
2024-01-02,10:34:09,2.5273,26.81,25.0,3363,15141095.0,2.366302314476723e-05
2024-01-02,10:34:09,2.5357,26.81,25.0,3363,15141095.0,2.366302314476723e-05
2024-01-02,10:34:09,2.5399,26.81,25.0,3363,15141095.0,2.366302314476723e-05
2024-01-02,10:34:09,2.5442,26.81,25.0,3363,15141095.0,2.366302314476723e-05
2024-01-02,10:34:09,2.5484,26.81,25.0,3364,15141095.0,2.362520609261339e-05
2024-01-02,10:34:09,2.5526,26.81,25.0,3365,15141095.0,2.358744947776824e-05
2024-01-02,10:34:09,2.5568,26.81,25.0,3364,15141095.0,2.362520609261339e-05
2024-01-02,10:34:09,2.5611,26.81,25.0,3363,15141095.0,2.366302314476723e-05
2024-01-02,10:34:09,2.5695,26.81,25.0,3362,15141094.0,2.370090073097218e-05
2024-01-02,10:34:09,2.5737,26.81,25.0,3363,15141095.0,2.366302314476723e-05
2024-01-02,10:34:09,2.578,26.81,25.0,3364,15141095.0,2.362520609261339e-05
2024-01-02,10:34:09,2.5822,26.81,25.0,3365,15141095.0,2.358744947776824e-05
2024-01-02,10:34:09,2.5934,26.81,25.0,3363,15141095.0,2.366302314476723e-05
2024-01-02,10:34:09,2.6004,26.81,25.0,3362,15141095.0,2.370090073097218e-05
2024-01-02,10:34:09,2.6046,26.81,25.0,3362,15141094.0,2.370090073097218e-05
2024-01-02,10:34:09,2.6132,26.81,25.0,3362,15141095.0,2.370090073097218e-05
2024-01-02,10:34:09,2.6173,26.81,25.0,3362,15141094.0,2.370090073097218e-05
2024-01-02,10:34:09,2.6215,26.81,25.0,3363,15141094.0,2.366302314476723e-05
2024-01-02,10:34:09,2.6258,26.81,25.0,3364,15141095.0,2.362520609261339e-05
2024-01-02,10:34:09,2.63,26.81,25.0,3365,15141090.0,2.358744947776824e-05
2024-01-02,10:34:09,2.6343,26.81,25.0,3365,15141090.0,2.358744947776824e-05
2024-01-02,10:34:09,2.6385,26.81,25.0,3364,15141094.0,2.362520609261339e-05
2024-01-02,10:34:09,2.6469,26.81,25.0,3363,15141095.0,2.366302314476723e-05
2024-01-02,10:34:09,2.6512,26.81,25.0,3364,15141094.0,2.362520609261339e-05
2024-01-02,10:34:09,2.6554,26.81,25.0,3364,15141094.0,2.362520609261339e-05
2024-01-02,10:34:09,2.6596,26.81,25.0,3363,15141094.0,2.366302314476723e-05
2024-01-02,10:34:09,2.6638,26.81,25.0,3364,15141094.0,2.362520609261339e-05
2024-01-02,10:34:09,2.6681,26.81,25.0,3365,15141094.0,2.358744947776824e-05
2024-01-02,10:34:09,2.6723,26.81,25.0,3364,15141094.0,2.362520609261339e-05
2024-01-02,10:34:09,2.6765,26.81,25.0,3363,15141095.0,2.366302314476723e-05
2024-01-02,10:34:09,2.685,26.81,25.0,3362,15141094.0,2.370090073097218e-05
2024-01-02,10:34:09,2.6892,26.81,25.0,3363,15141095.0,2.366302314476723e-05
2024-01-02,10:34:09,2.6934,26.81,25.0,3363,15141094.0,2.366302314476723e-05
2024-01-02,10:34:09,2.6977,26.81,25.0,3363,15141094.0,2.366302314476723e-05
2024-01-02,10:34:09,2.702,26.81,25.0,3364,15141095.0,2.362520609261339e-05
2024-01-02,10:34:09,2.7062,26.81,25.0,3364,15141095.0,2.362520609261339e-05
2024-01-02,10:34:09,2.7104,26.81,25.0,3362,15141095.0,2.370090073097218e-05
2024-01-02,10:34:09,2.7189,26.81,25.0,3364,15141094.0,2.362520609261339e-05
2024-01-02,10:34:09,2.7231,26.81,25.0,3364,15141094.0,2.362520609261339e-05
2024-01-02,10:34:09,2.7273,26.81,25.0,3363,15141094.0,2.366302314476723e-05
2024-01-02,10:34:09,2.7316,26.81,25.0,3364,15141094.0,2.362520609261339e-05
2024-01-02,10:34:09,2.7358,26.81,25.0,3364,15141094.0,2.362520609261339e-05
2024-01-02,10:34:09,2.74,26.81,25.0,3363,15141094.0,2.366302314476723e-05
2024-01-02,10:34:09,2.7442,26.81,25.0,3364,15141095.0,2.362520609261339e-05
2024-01-02,10:34:09,2.7527,26.81,25.0,3363,15141094.0,2.366302314476723e-05
2024-01-02,10:34:09,2.757,26.81,25.0,3363,15141094.0,2.366302314476723e-05
2024-01-02,10:34:09,2.7612,26.81,25.0,3364,15141094.0,2.362520609261339e-05
2024-01-02,10:34:09,2.7654,26.81,25.0,3364,15141094.0,2.362520609261339e-05
2024-01-02,10:34:09,2.7696,26.81,25.0,3364,15141094.0,2.362520609261339e-05
2024-01-02,10:34:09,2.7739,26.81,25.0,3365,15141094.0,2.358744947776824e-05
2024-01-02,10:34:09,2.7781,26.81,25.0,3365,15141094.0,2.358744947776824e-05
2024-01-02,10:34:09,2.7824,26.81,25.0,3365,15141094.0,2.358744947776824e-05
2024-01-02,10:34:09,2.7908,26.81,25.0,3364,15141096.0,2.362520609261339e-05
2024-01-02,10:34:09,2.795,26.81,25.0,3364,15141095.0,2.362520609261339e-05
2024-01-02,10:34:09,2.7993,26.81,25.0,3364,15141095.0,2.362520609261339e-05
2024-01-02,10:34:09,2.8035,26.81,25.0,3364,15141095.0,2.362520609261339e-05
2024-01-02,10:34:09,2.8077,26.81,25.0,3365,15141095.0,2.358744947776824e-05
2024-01-02,10:34:09,2.8119,26.81,25.0,3364,15141095.0,2.362520609261339e-05
2024-01-02,10:34:09,2.8162,26.81,25.0,3363,15141094.0,2.366302314476723e-05
2024-01-02,10:34:09,2.8246,26.81,25.0,3362,15141095.0,2.370090073097218e-05
2024-01-02,10:34:09,2.8288,26.81,25.0,3363,15141095.0,2.366302314476723e-05
2024-01-02,10:34:09,2.8331,26.81,25.0,3367,15141093.0,2.351211717380678e-05
2024-01-02,10:34:09,2.8374,26.81,25.0,3367,15141093.0,2.351211717380678e-05
2024-01-02,10:34:09,2.8432,26.81,25.0,3362,15141094.0,2.370090073097218e-05
2024-01-02,10:34:09,2.8532,26.81,25.0,3363,15141095.0,2.366302314476723e-05
2024-01-02,10:34:09,2.8574,26.81,25.0,3364,15141094.0,2.362520609261339e-05
2024-01-02,10:34:09,2.8616,26.81,25.0,3364,15141094.0,2.362520609261339e-05
2024-01-02,10:34:09,2.8658,26.81,25.0,3364,15141094.0,2.362520609261339e-05
2024-01-02,10:34:09,2.87,26.81,25.0,3364,15141094.0,2.362520609261339e-05
2024-01-02,10:34:09,2.8743,26.81,25.0,3364,15141095.0,2.362520609261339e-05
2024-01-02,10:34:09,2.8785,26.81,25.0,3364,15141095.0,2.362520609261339e-05
2024-01-02,10:34:09,2.8869,26.81,25.0,3364,15141095.0,2.362520609261339e-05
2024-01-02,10:34:09,2.8912,26.81,25.0,3364,15141095.0,2.362520609261339e-05
2024-01-02,10:34:09,2.8954,26.81,25.0,3364,15141095.0,2.362520609261339e-05
2024-01-02,10:34:09,2.8996,26.81,25.0,3363,15141094.0,2.366302314476723e-05
2024-01-02,10:34:09,2.9039,26.81,25.0,3363,15141094.0,2.366302314476723e-05
2024-01-02,10:34:09,2.9081,26.81,25.0,3364,15141095.0,2.362520609261339e-05
2024-01-02,10:34:09,2.9123,26.81,25.0,3364,15141095.0,2.362520609261339e-05
2024-01-02,10:34:09,2.9207,26.81,25.0,3363,15141095.0,2.366302314476723e-05
2024-01-02,10:34:09,2.925,26.81,25.0,3364,15141094.0,2.362520609261339e-05
2024-01-02,10:34:09,2.9292,26.81,25.0,3364,15141094.0,2.362520609261339e-05
2024-01-02,10:34:09,2.9334,26.81,25.0,3363,15141094.0,2.366302314476723e-05
2024-01-02,10:34:09,2.9376,26.81,25.0,3364,15141094.0,2.362520609261339e-05
2024-01-02,10:34:09,2.9419,26.81,25.0,3364,15141094.0,2.362520609261339e-05
2024-01-02,10:34:09,2.9461,26.81,25.0,3362,15141094.0,2.370090073097218e-05
2024-01-02,10:34:09,2.9545,26.81,25.0,3365,15141095.0,2.358744947776824e-05
2024-01-02,10:34:09,2.9588,26.81,25.0,3365,15141094.0,2.358744947776824e-05
2024-01-02,10:34:09,2.963,26.88,25.0,3364,15141095.0,2.362520609261339e-05
2024-01-02,10:34:09,2.9672,26.88,25.0,3364,15141095.0,2.362520609261339e-05
2024-01-02,10:34:09,2.9714,26.88,25.0,3365,15141094.0,2.358744947776824e-05
2024-01-02,10:34:09,2.9756,26.88,25.0,3365,15141094.0,2.358744947776824e-05
2024-01-02,10:34:09,2.9799,26.88,25.0,3364,15141095.0,2.362520609261339e-05
2024-01-02,10:34:09,2.9841,26.88,25.0,3364,15141095.0,2.362520609261339e-05
2024-01-02,10:34:09,2.9925,26.88,25.0,3364,15141094.0,2.362520609261339e-05
2024-01-02,10:34:09,2.9968,26.88,25.0,3364,15141095.0,2.362520609261339e-05
2024-01-02,10:34:09,3.001,26.88,25.0,3364,15141095.0,2.362520609261339e-05
2024-01-02,10:34:09,3.0052,26.88,25.0,3364,15141095.0,2.362520609261339e-05
2024-01-02,10:34:09,3.0094,26.88,25.0,3364,15141095.0,2.362520609261339e-05
2024-01-02,10:34:09,3.0137,26.88,25.0,3364,15141094.0,2.362520609261339e-05
2024-01-02,10:34:09,3.0179,26.88,25.0,3363,15141095.0,2.366302314476723e-05
2024-01-02,10:34:09,3.0263,26.88,25.0,3362,15141094.0,2.370090073097218e-05
2024-01-02,10:34:09,3.0306,26.88,25.0,3363,15141095.0,2.366302314476723e-05
2024-01-02,10:34:09,3.0348,26.88,25.0,3365,15141095.0,2.358744947776824e-05
2024-01-02,10:34:09,3.039,26.88,25.0,3365,15141095.0,2.358744947776824e-05
2024-01-02,10:34:09,3.0432,26.88,25.0,3364,15141095.0,2.362520609261339e-05
2024-01-02,10:34:09,3.0475,26.88,25.0,3364,15141095.0,2.362520609261339e-05
2024-01-02,10:34:09,3.0517,26.88,25.0,3363,15141095.0,2.366302314476723e-05
2024-01-02,10:34:09,3.0601,26.88,25.0,3364,15141094.0,2.362520609261339e-05
2024-01-02,10:34:09,3.0644,26.88,25.0,3364,15141095.0,2.362520609261339e-05
2024-01-02,10:34:09,3.0686,26.88,25.0,3364,15141095.0,2.362520609261339e-05
2024-01-02,10:34:09,3.0728,26.88,25.0,3364,15141095.0,2.362520609261339e-05
2024-01-02,10:34:09,3.077,26.88,25.0,3364,15141095.0,2.362520609261339e-05
2024-01-02,10:34:09,3.0813,26.88,25.0,3364,15141095.0,2.362520609261339e-05
2024-01-02,10:34:09,3.0925,26.88,25.0,3361,15141095.0,2.37388389481256e-05
2024-01-02,10:34:09,3.0996,26.88,25.0,3361,15141095.0,2.37388389481256e-05
2024-01-02,10:34:09,3.108,26.88,25.0,3363,15141094.0,2.366302314476723e-05
2024-01-02,10:34:09,3.1122,26.88,25.0,3364,15141095.0,2.362520609261339e-05
2024-01-02,10:34:09,3.1164,26.88,25.0,3364,15141095.0,2.362520609261339e-05
2024-01-02,10:34:09,3.1207,26.88,25.0,3364,15141095.0,2.362520609261339e-05
2024-01-02,10:34:09,3.1249,26.88,25.0,3363,15141095.0,2.366302314476723e-05
2024-01-02,10:34:09,3.1291,26.88,25.0,3363,15141094.0,2.366302314476723e-05
2024-01-02,10:34:09,3.1333,26.88,25.0,3364,15141095.0,2.362520609261339e-05
2024-01-02,10:34:09,3.1418,26.88,25.0,3364,15141094.0,2.362520609261339e-05
2024-01-02,10:34:09,3.146,26.88,25.0,3364,15141095.0,2.362520609261339e-05
2024-01-02,10:34:09,3.1502,26.88,25.0,3364,15141095.0,2.362520609261339e-05
2024-01-02,10:34:09,3.1545,26.88,25.0,3365,15141095.0,2.358744947776824e-05
2024-01-02,10:34:09,3.1587,26.88,25.0,3364,15141095.0,2.362520609261339e-05
2024-01-02,10:34:09,3.1629,26.88,25.0,3363,15141095.0,2.366302314476723e-05
2024-01-02,10:34:09,3.1671,26.88,25.0,3363,15141095.0,2.366302314476723e-05
2024-01-02,10:34:10,3.1756,26.88,25.0,3364,15141094.0,2.362520609261339e-05
2024-01-02,10:34:10,3.1798,26.88,25.0,3364,15141095.0,2.362520609261339e-05
2024-01-02,10:34:10,3.184,26.88,25.0,3363,15141095.0,2.366302314476723e-05
2024-01-02,10:34:10,3.1883,26.88,25.0,3364,15141095.0,2.362520609261339e-05
2024-01-02,10:34:10,3.1926,26.88,25.0,3365,15141095.0,2.358744947776824e-05
2024-01-02,10:34:10,3.1968,26.88,25.0,3364,15141095.0,2.362520609261339e-05
2024-01-02,10:34:10,3.2011,26.88,25.0,3365,15141095.0,2.358744947776824e-05
2024-01-02,10:34:10,3.2053,26.88,25.0,3365,15141095.0,2.358744947776824e-05
2024-01-02,10:34:10,3.2137,26.88,25.0,3363,15141095.0,2.366302314476723e-05
2024-01-02,10:34:10,3.218,26.88,25.0,3364,15141095.0,2.362520609261339e-05
2024-01-02,10:34:10,3.2222,26.88,25.0,3364,15141095.0,2.362520609261339e-05
2024-01-02,10:34:10,3.2264,26.88,25.0,3364,15141095.0,2.362520609261339e-05
2024-01-02,10:34:10,3.2306,26.88,25.0,3364,15141095.0,2.362520609261339e-05
2024-01-02,10:34:10,3.2349,26.88,25.0,3365,15141096.0,2.358744947776824e-05
2024-01-02,10:34:10,3.2392,26.88,25.0,3364,15141096.0,2.362520609261339e-05
2024-01-02,10:34:10,3.2476,26.88,25.0,3364,15141096.0,2.362520609261339e-05
2024-01-02,10:34:10,3.2518,26.88,25.0,3364,15141095.0,2.362520609261339e-05
2024-01-02,10:34:10,3.2561,26.88,25.0,3364,15141095.0,2.362520609261339e-05
2024-01-02,10:34:10,3.2603,26.88,25.0,3364,15141095.0,2.362520609261339e-05
2024-01-02,10:34:10,3.2645,26.88,25.0,3364,15141095.0,2.362520609261339e-05
2024-01-02,10:34:10,3.2688,26.88,25.0,3364,15141095.0,2.362520609261339e-05
2024-01-02,10:34:10,3.2729,26.88,25.0,3364,15141095.0,2.362520609261339e-05
2024-01-02,10:34:10,3.2814,26.88,25.0,3364,15141096.0,2.362520609261339e-05
2024-01-02,10:34:10,3.2857,26.88,25.0,3364,15141095.0,2.362520609261339e-05
2024-01-02,10:34:10,3.2899,26.88,25.0,3365,15141095.0,2.358744947776824e-05
2024-01-02,10:34:10,3.2941,26.88,25.0,3365,15141095.0,2.358744947776824e-05
2024-01-02,10:34:10,3.2983,26.88,25.0,3365,15141095.0,2.358744947776824e-05
2024-01-02,10:34:10,3.3026,26.88,25.0,3365,15141095.0,2.358744947776824e-05
2024-01-02,10:34:10,3.3068,26.88,25.0,3364,15141095.0,2.362520609261339e-05
2024-01-02,10:34:10,3.311,26.88,25.0,3363,15141096.0,2.366302314476723e-05
2024-01-02,10:34:10,3.3195,26.88,25.0,3363,15141094.0,2.366302314476723e-05
2024-01-02,10:34:10,3.3237,26.88,25.0,3364,15141095.0,2.362520609261339e-05
2024-01-02,10:34:10,3.3279,26.88,25.0,3364,15141095.0,2.362520609261339e-05
2024-01-02,10:34:10,3.3322,26.88,25.0,3365,15141095.0,2.358744947776824e-05
2024-01-02,10:34:10,3.3434,26.88,25.0,3362,15141096.0,2.370090073097218e-05
2024-01-02,10:34:10,3.3504,26.88,25.0,3362,15141096.0,2.370090073097218e-05
2024-01-02,10:34:10,3.3547,26.88,25.0,3364,15141095.0,2.362520609261339e-05
2024-01-02,10:34:10,3.3631,26.88,25.0,3363,15141096.0,2.366302314476723e-05
2024-01-02,10:34:10,3.3673,26.88,25.0,3363,15141095.0,2.366302314476723e-05
2024-01-02,10:34:10,3.3716,26.88,25.0,3364,15141095.0,2.362520609261339e-05
2024-01-02,10:34:10,3.3758,26.88,25.0,3365,15141095.0,2.358744947776824e-05
2024-01-02,10:34:10,3.3801,26.88,25.0,3364,15141096.0,2.362520609261339e-05
2024-01-02,10:34:10,3.3843,26.88,25.0,3364,15141096.0,2.362520609261339e-05
2024-01-02,10:34:10,3.3885,26.88,25.0,3364,15141096.0,2.362520609261339e-05
2024-01-02,10:34:10,3.397,26.88,25.0,3364,15141097.0,2.362520609261339e-05
2024-01-02,10:34:10,3.4012,26.88,25.0,3364,15141096.0,2.362520609261339e-05
2024-01-02,10:34:10,3.4055,26.88,25.0,3364,15141096.0,2.362520609261339e-05
2024-01-02,10:34:10,3.4097,26.88,25.0,3364,15141096.0,2.362520609261339e-05
2024-01-02,10:34:10,3.4139,26.88,25.0,3365,15141095.0,2.358744947776824e-05
2024-01-02,10:34:10,3.4181,26.88,25.0,3365,15141096.0,2.358744947776824e-05
2024-01-02,10:34:10,3.4224,26.88,25.0,3364,15141096.0,2.362520609261339e-05
2024-01-02,10:34:10,3.4266,26.88,25.0,3364,15141096.0,2.362520609261339e-05
2024-01-02,10:34:10,3.435,26.88,25.0,3364,15141097.0,2.362520609261339e-05
2024-01-02,10:34:10,3.4393,26.88,25.0,3364,15141098.0,2.362520609261339e-05
2024-01-02,10:34:10,3.4435,26.88,25.0,3364,15141096.0,2.362520609261339e-05
2024-01-02,10:34:10,3.4477,26.88,25.0,3365,15141096.0,2.358744947776824e-05
2024-01-02,10:34:10,3.4519,26.88,25.0,3366,15141096.0,2.354975320364386e-05
2024-01-02,10:34:10,3.4562,26.88,25.0,3365,15141096.0,2.358744947776824e-05
2024-01-02,10:34:10,3.4604,26.88,25.0,3363,15141096.0,2.366302314476723e-05
2024-01-02,10:34:10,3.4688,26.81,25.0,3363,15141095.0,2.366302314476723e-05
2024-01-02,10:34:10,3.4731,26.81,25.0,3364,15141096.0,2.362520609261339e-05
2024-01-02,10:34:10,3.4773,26.81,25.0,3364,15141096.0,2.362520609261339e-05
2024-01-02,10:34:10,3.4815,26.81,25.0,3364,15141096.0,2.362520609261339e-05
2024-01-02,10:34:10,3.4857,26.81,25.0,3364,15141097.0,2.362520609261339e-05
2024-01-02,10:34:10,3.49,26.81,25.0,3364,15141097.0,2.362520609261339e-05
2024-01-02,10:34:10,3.4942,26.81,25.0,3363,15141096.0,2.366302314476723e-05
2024-01-02,10:34:10,3.5026,26.81,25.0,3364,15141096.0,2.362520609261339e-05
2024-01-02,10:34:10,3.5069,26.81,25.0,3364,15141096.0,2.362520609261339e-05
2024-01-02,10:34:10,3.5111,26.81,25.0,3364,15141096.0,2.362520609261339e-05
2024-01-02,10:34:10,3.5154,26.81,25.0,3365,15141096.0,2.358744947776824e-05
2024-01-02,10:34:10,3.5196,26.81,25.0,3365,15141096.0,2.358744947776824e-05
2024-01-02,10:34:10,3.5238,26.81,25.0,3364,15141096.0,2.362520609261339e-05
2024-01-02,10:34:10,3.528,26.81,25.0,3364,15141096.0,2.362520609261339e-05
2024-01-02,10:34:10,3.5323,26.81,25.0,3364,15141096.0,2.362520609261339e-05
2024-01-02,10:34:10,3.5408,26.81,25.0,3365,15141097.0,2.358744947776824e-05
2024-01-02,10:34:10,3.545,26.81,25.0,3365,15141096.0,2.358744947776824e-05
2024-01-02,10:34:10,3.5492,26.81,25.0,3365,15141096.0,2.358744947776824e-05
2024-01-02,10:34:10,3.5534,26.81,25.0,3366,15141096.0,2.354975320364386e-05
2024-01-02,10:34:10,3.5577,26.81,25.0,3366,15141096.0,2.354975320364386e-05
2024-01-02,10:34:10,3.5619,26.81,25.0,3365,15141096.0,2.358744947776824e-05
2024-01-02,10:34:10,3.5661,26.81,25.0,3364,15141096.0,2.362520609261339e-05
2024-01-02,10:34:10,3.5746,26.81,25.0,3364,15141097.0,2.362520609261339e-05
2024-01-02,10:34:10,3.5788,26.81,25.0,3364,15141096.0,2.362520609261339e-05
2024-01-02,10:34:10,3.583,26.81,25.0,3364,15141096.0,2.362520609261339e-05
2024-01-02,10:34:10,3.5872,26.81,25.0,3364,15141096.0,2.362520609261339e-05
2024-01-02,10:34:10,3.5989,26.81,25.0,3363,15141096.0,2.366302314476723e-05
2024-01-02,10:34:10,3.6031,26.81,25.0,3364,15141096.0,2.362520609261339e-05
2024-01-02,10:34:10,3.6073,26.81,25.0,3365,15141097.0,2.358744947776824e-05
2024-01-02,10:34:10,3.6116,26.81,25.0,3365,15141097.0,2.358744947776824e-05
2024-01-02,10:34:10,3.6158,26.81,25.0,3364,15141097.0,2.362520609261339e-05
2024-01-02,10:34:10,3.62,26.81,25.0,3365,15141096.0,2.358744947776824e-05
2024-01-02,10:34:10,3.6242,26.81,25.0,3365,15141096.0,2.358744947776824e-05
2024-01-02,10:34:10,3.6284,26.81,25.0,3364,15141096.0,2.362520609261339e-05
2024-01-02,10:34:10,3.6369,26.81,25.0,3366,15141096.0,2.354975320364386e-05
2024-01-02,10:34:10,3.6411,26.81,25.0,3366,15141096.0,2.354975320364386e-05
2024-01-02,10:34:10,3.6453,26.81,25.0,3364,15141096.0,2.362520609261339e-05
2024-01-02,10:34:10,3.6496,26.81,25.0,3364,15141096.0,2.362520609261339e-05
2024-01-02,10:34:10,3.6538,26.81,25.0,3364,15141096.0,2.362520609261339e-05
2024-01-02,10:34:10,3.658,26.81,25.0,3364,15141097.0,2.362520609261339e-05
2024-01-02,10:34:10,3.6622,26.81,25.0,3364,15141096.0,2.362520609261339e-05
2024-01-02,10:34:10,3.6707,26.81,25.0,3364,15141097.0,2.362520609261339e-05
2024-01-02,10:34:10,3.6749,26.81,25.0,3364,15141097.0,2.362520609261339e-05
2024-01-02,10:34:10,3.6791,26.81,25.0,3364,15141097.0,2.362520609261339e-05
2024-01-02,10:34:10,3.6834,26.81,25.0,3364,15141096.0,2.362520609261339e-05
2024-01-02,10:34:10,3.6876,26.81,25.0,3365,15141096.0,2.358744947776824e-05
2024-01-02,10:34:10,3.6918,26.81,25.0,3365,15141096.0,2.358744947776824e-05
2024-01-02,10:34:10,3.696,26.81,25.0,3364,15141096.0,2.362520609261339e-05
2024-01-02,10:34:10,3.7045,26.81,25.0,3364,15141097.0,2.362520609261339e-05
2024-01-02,10:34:10,3.7087,26.81,25.0,3364,15141096.0,2.362520609261339e-05
2024-01-02,10:34:10,3.7129,26.81,25.0,3365,15141096.0,2.358744947776824e-05
2024-01-02,10:34:10,3.7172,26.81,25.0,3365,15141096.0,2.358744947776824e-05
2024-01-02,10:34:10,3.7214,26.81,25.0,3365,15141096.0,2.358744947776824e-05
2024-01-02,10:34:10,3.7256,26.81,25.0,3365,15141096.0,2.358744947776824e-05
2024-01-02,10:34:10,3.7298,26.81,25.0,3364,15141096.0,2.362520609261339e-05
2024-01-02,10:34:10,3.7341,26.81,25.0,3364,15141096.0,2.362520609261339e-05
2024-01-02,10:34:10,3.7426,26.81,25.0,3365,15141095.0,2.358744947776824e-05
2024-01-02,10:34:10,3.7468,26.81,25.0,3366,15141096.0,2.354975320364386e-05
2024-01-02,10:34:10,3.7511,26.81,25.0,3365,15141096.0,2.358744947776824e-05
2024-01-02,10:34:10,3.7553,26.81,25.0,3365,15141096.0,2.358744947776824e-05
2024-01-02,10:34:10,3.7595,26.81,25.0,3366,15141095.0,2.354975320364386e-05
2024-01-02,10:34:10,3.7637,26.81,25.0,3365,15141095.0,2.358744947776824e-05
2024-01-02,10:34:10,3.768,26.81,25.0,3364,15141096.0,2.362520609261339e-05
2024-01-02,10:34:10,3.7764,26.81,25.0,3365,15141095.0,2.358744947776824e-05
2024-01-02,10:34:10,3.7806,26.81,25.0,3366,15141096.0,2.354975320364386e-05
2024-01-02,10:34:10,3.7849,26.81,25.0,3366,15141096.0,2.354975320364386e-05
2024-01-02,10:34:10,3.7891,26.81,25.0,3366,15141096.0,2.354975320364386e-05
2024-01-02,10:34:10,3.7933,26.81,25.0,3365,15141096.0,2.358744947776824e-05
2024-01-02,10:34:10,3.7976,26.81,25.0,3365,15141096.0,2.358744947776824e-05
2024-01-02,10:34:10,3.8018,26.81,25.0,3365,15141096.0,2.358744947776824e-05
2024-01-02,10:34:10,3.8103,26.81,25.0,3364,15141095.0,2.362520609261339e-05
2024-01-02,10:34:10,3.8145,26.81,25.0,3365,15141095.0,2.358744947776824e-05
2024-01-02,10:34:10,3.8188,26.81,25.0,3365,15141095.0,2.358744947776824e-05
2024-01-02,10:34:10,3.823,26.81,25.0,3365,15141095.0,2.358744947776824e-05
2024-01-02,10:34:10,3.8272,26.81,25.0,3366,15141095.0,2.354975320364386e-05
2024-01-02,10:34:10,3.8315,26.81,25.0,3366,15141095.0,2.354975320364386e-05
2024-01-02,10:34:10,3.8427,26.81,25.0,3361,15141096.0,2.37388389481256e-05
2024-01-02,10:34:10,3.8498,26.81,25.0,3362,15141096.0,2.370090073097218e-05
2024-01-02,10:34:10,3.8581,26.81,25.0,3364,15141094.0,2.362520609261339e-05
2024-01-02,10:34:10,3.8624,26.81,25.0,3364,15141095.0,2.362520609261339e-05
2024-01-02,10:34:10,3.8666,26.81,25.0,3364,15141095.0,2.362520609261339e-05
2024-01-02,10:34:10,3.8708,26.81,25.0,3365,15141095.0,2.358744947776824e-05
2024-01-02,10:34:10,3.8751,26.81,25.0,3366,15141096.0,2.354975320364386e-05
2024-01-02,10:34:10,3.8793,26.81,25.0,3365,15141096.0,2.358744947776824e-05
2024-01-02,10:34:10,3.8836,26.81,25.0,3364,15141096.0,2.362520609261339e-05
2024-01-02,10:34:10,3.8919,26.81,25.0,3364,15141095.0,2.362520609261339e-05
2024-01-02,10:34:10,3.8962,26.81,25.0,3364,15141095.0,2.362520609261339e-05
2024-01-02,10:34:10,3.9004,26.81,25.0,3364,15141095.0,2.362520609261339e-05
2024-01-02,10:34:10,3.9047,26.81,25.0,3364,15141095.0,2.362520609261339e-05
2024-01-02,10:34:10,3.9089,26.81,25.0,3364,15141095.0,2.362520609261339e-05
2024-01-02,10:34:10,3.9131,26.81,25.0,3365,15141095.0,2.358744947776824e-05
2024-01-02,10:34:10,3.9173,26.81,25.0,3365,15141095.0,2.358744947776824e-05
2024-01-02,10:34:10,3.9216,26.81,25.0,3364,15141095.0,2.362520609261339e-05
2024-01-02,10:34:10,3.93,26.81,25.0,3364,15141096.0,2.362520609261339e-05
2024-01-02,10:34:10,3.9342,26.81,25.0,3364,15141095.0,2.362520609261339e-05
2024-01-02,10:34:10,3.9385,26.81,25.0,3364,15141095.0,2.362520609261339e-05
2024-01-02,10:34:10,3.9427,26.81,25.0,3365,15141095.0,2.358744947776824e-05
2024-01-02,10:34:10,3.947,26.81,25.0,3366,15141095.0,2.354975320364386e-05
2024-01-02,10:34:10,3.9512,26.81,25.0,3366,15141095.0,2.354975320364386e-05
2024-01-02,10:34:10,3.9554,26.81,25.0,3365,15141095.0,2.358744947776824e-05
2024-01-02,10:34:10,3.9638,26.81,25.0,3364,15141096.0,2.362520609261339e-05
2024-01-02,10:34:10,3.968,26.81,25.0,3365,15141095.0,2.358744947776824e-05
2024-01-02,10:34:10,3.9723,26.81,25.0,3366,15141095.0,2.354975320364386e-05
2024-01-02,10:34:10,3.9765,26.81,25.0,3366,15141095.0,2.354975320364386e-05
2024-01-02,10:34:10,3.9808,26.81,25.0,3366,15141095.0,2.354975320364386e-05
2024-01-02,10:34:10,3.9851,26.81,25.0,3366,15141096.0,2.354975320364386e-05
2024-01-02,10:34:10,3.9893,26.81,25.0,3365,15141095.0,2.358744947776824e-05
2024-01-02,10:34:10,3.9976,26.81,25.0,3364,15141096.0,2.362520609261339e-05
2024-01-02,10:34:10,4.0019,26.81,25.0,3364,15141095.0,2.362520609261339e-05
2024-01-02,10:34:10,4.0062,26.81,25.0,3364,15141095.0,2.362520609261339e-05
2024-01-02,10:34:10,4.0104,26.81,25.0,3364,15141095.0,2.362520609261339e-05
2024-01-02,10:34:10,4.0146,26.81,25.0,3365,15141095.0,2.358744947776824e-05
2024-01-02,10:34:10,4.0188,26.81,25.0,3366,15141095.0,2.354975320364386e-05
2024-01-02,10:34:10,4.0231,26.81,25.0,3366,15141095.0,2.354975320364386e-05
2024-01-02,10:34:10,4.0273,26.81,25.0,3365,15141095.0,2.358744947776824e-05
2024-01-02,10:34:10,4.0358,26.81,25.0,3365,15141094.0,2.358744947776824e-05
2024-01-02,10:34:10,4.04,26.81,25.0,3367,15141094.0,2.351211717380678e-05
2024-01-02,10:34:10,4.0443,26.81,25.0,3366,15141094.0,2.354975320364386e-05
2024-01-02,10:34:10,4.0485,26.81,25.0,3365,15141095.0,2.358744947776824e-05
2024-01-02,10:34:10,4.0528,26.81,25.0,3365,15141095.0,2.358744947776824e-05
2024-01-02,10:34:10,4.057,26.81,25.0,3364,15141095.0,2.362520609261339e-05
2024-01-02,10:34:10,4.0612,26.81,25.0,3364,15141095.0,2.362520609261339e-05
2024-01-02,10:34:10,4.0697,26.81,25.0,3364,15141093.0,2.362520609261339e-05
2024-01-02,10:34:10,4.0739,26.81,25.0,3364,15141095.0,2.362520609261339e-05
2024-01-02,10:34:10,4.0781,26.81,25.0,3364,15141095.0,2.362520609261339e-05
2024-01-02,10:34:10,4.0823,26.81,25.0,3365,15141095.0,2.358744947776824e-05
2024-01-02,10:34:10,4.0936,26.81,25.0,3364,15141095.0,2.362520609261339e-05
2024-01-02,10:34:10,4.1006,26.81,25.0,3363,15141095.0,2.366302314476723e-05
2024-01-02,10:34:10,4.1049,26.81,25.0,3365,15141094.0,2.358744947776824e-05
2024-01-02,10:34:10,4.1132,26.81,25.0,3364,15141096.0,2.362520609261339e-05
2024-01-02,10:34:10,4.1175,26.81,25.0,3364,15141095.0,2.362520609261339e-05
2024-01-02,10:34:10,4.1218,26.81,25.0,3365,15141095.0,2.358744947776824e-05
2024-01-02,10:34:10,4.126,26.81,25.0,3366,15141095.0,2.354975320364386e-05
2024-01-02,10:34:10,4.1302,26.81,25.0,3366,15141095.0,2.354975320364386e-05
2024-01-02,10:34:10,4.1344,26.81,25.0,3366,15141095.0,2.354975320364386e-05
2024-01-02,10:34:10,4.1387,26.81,25.0,3365,15141095.0,2.358744947776824e-05
2024-01-02,10:34:10,4.1471,26.81,25.0,3364,15141095.0,2.362520609261339e-05
2024-01-02,10:34:10,4.1513,26.81,25.0,3364,15141095.0,2.362520609261339e-05
2024-01-02,10:34:10,4.1556,26.81,25.0,3365,15141094.0,2.358744947776824e-05
2024-01-02,10:34:10,4.1598,26.81,25.0,3366,15141095.0,2.354975320364386e-05
2024-01-02,10:34:10,4.1641,26.81,25.0,3366,15141095.0,2.354975320364386e-05
2024-01-02,10:34:10,4.1684,26.81,25.0,3365,15141094.0,2.358744947776824e-05
2024-01-02,10:34:11,4.1726,26.81,25.0,3364,15141095.0,2.362520609261339e-05
2024-01-02,10:34:11,4.1768,26.81,25.0,3365,15141095.0,2.358744947776824e-05
2024-01-02,10:34:11,4.1852,26.81,25.0,3364,15141093.0,2.362520609261339e-05
2024-01-02,10:34:11,4.1895,26.81,25.0,3364,15141094.0,2.362520609261339e-05
2024-01-02,10:34:11,4.1937,26.81,25.0,3365,15141094.0,2.358744947776824e-05
2024-01-02,10:34:11,4.1979,26.81,25.0,3365,15141095.0,2.358744947776824e-05
2024-01-02,10:34:11,4.2021,26.81,25.0,3365,15141095.0,2.358744947776824e-05
2024-01-02,10:34:11,4.2064,26.81,25.0,3365,15141094.0,2.358744947776824e-05
2024-01-02,10:34:11,4.2107,26.81,25.0,3364,15141095.0,2.362520609261339e-05
2024-01-02,10:34:11,4.2191,26.81,25.0,3364,15141094.0,2.362520609261339e-05
2024-01-02,10:34:11,4.2233,26.81,25.0,3365,15141094.0,2.358744947776824e-05
2024-01-02,10:34:11,4.2276,26.81,25.0,3365,15141094.0,2.358744947776824e-05
2024-01-02,10:34:11,4.2318,26.81,25.0,3365,15141094.0,2.358744947776824e-05
2024-01-02,10:34:11,4.2361,26.81,25.0,3365,15141094.0,2.358744947776824e-05
2024-01-02,10:34:11,4.2403,26.81,25.0,3367,15141094.0,2.351211717380678e-05
2024-01-02,10:34:11,4.2445,26.81,25.0,3367,15141094.0,2.351211717380678e-05
2024-01-02,10:34:11,4.2487,26.81,25.0,3364,15141094.0,2.362520609261339e-05
2024-01-02,10:34:11,4.2572,26.81,25.0,3365,15141096.0,2.358744947776824e-05
2024-01-02,10:34:11,4.2614,26.81,25.0,3364,15141094.0,2.362520609261339e-05
2024-01-02,10:34:11,4.2656,26.81,25.0,3365,15141094.0,2.358744947776824e-05
2024-01-02,10:34:11,4.2699,26.81,25.0,3366,15141094.0,2.354975320364386e-05
2024-01-02,10:34:11,4.2741,26.81,25.0,3366,15141094.0,2.354975320364386e-05
2024-01-02,10:34:11,4.2783,26.81,25.0,3365,15141094.0,2.358744947776824e-05
2024-01-02,10:34:11,4.2825,26.81,25.0,3365,15141093.0,2.358744947776824e-05
2024-01-02,10:34:11,4.291,26.81,25.0,3365,15141095.0,2.358744947776824e-05
2024-01-02,10:34:11,4.2952,26.81,25.0,3364,15141094.0,2.362520609261339e-05
2024-01-02,10:34:11,4.2994,26.81,25.0,3365,15141094.0,2.358744947776824e-05
2024-01-02,10:34:11,4.3036,26.81,25.0,3366,15141094.0,2.354975320364386e-05
2024-01-02,10:34:11,4.3079,26.81,25.0,3366,15141094.0,2.354975320364386e-05
2024-01-02,10:34:11,4.3122,26.81,25.0,3365,15141094.0,2.358744947776824e-05
2024-01-02,10:34:11,4.3163,26.81,25.0,3364,15141094.0,2.362520609261339e-05
2024-01-02,10:34:11,4.3248,26.81,25.0,3364,15141095.0,2.362520609261339e-05
2024-01-02,10:34:11,4.329,26.81,25.0,3365,15141094.0,2.358744947776824e-05
2024-01-02,10:34:11,4.3332,26.81,25.0,3365,15141094.0,2.358744947776824e-05
2024-01-02,10:34:11,4.3375,26.81,25.0,3365,15141094.0,2.358744947776824e-05
2024-01-02,10:34:11,4.3433,26.81,25.0,3363,15141094.0,2.366302314476723e-05
2024-01-02,10:34:11,4.3533,26.81,25.0,3365,15141095.0,2.358744947776824e-05
2024-01-02,10:34:11,4.3575,26.81,25.0,3364,15141094.0,2.362520609261339e-05
2024-01-02,10:34:11,4.3618,26.81,25.0,3365,15141094.0,2.358744947776824e-05
2024-01-02,10:34:11,4.366,26.81,25.0,3365,15141094.0,2.358744947776824e-05
2024-01-02,10:34:11,4.3702,26.81,25.0,3365,15141094.0,2.358744947776824e-05
2024-01-02,10:34:11,4.3745,26.81,25.0,3365,15141094.0,2.358744947776824e-05
2024-01-02,10:34:11,4.3788,26.81,25.0,3364,15141094.0,2.362520609261339e-05
2024-01-02,10:34:11,4.3872,26.81,25.0,3365,15141095.0,2.358744947776824e-05
2024-01-02,10:34:11,4.3915,26.81,25.0,3364,15141093.0,2.362520609261339e-05
2024-01-02,10:34:11,4.3957,26.81,25.0,3364,15141093.0,2.362520609261339e-05
2024-01-02,10:34:11,4.3999,26.81,25.0,3365,15141094.0,2.358744947776824e-05
2024-01-02,10:34:11,4.4041,26.81,25.0,3366,15141093.0,2.354975320364386e-05
2024-01-02,10:34:11,4.4084,26.81,25.0,3366,15141093.0,2.354975320364386e-05
2024-01-02,10:34:11,4.4126,26.81,25.0,3365,15141093.0,2.358744947776824e-05
2024-01-02,10:34:11,4.421,26.81,25.0,3364,15141094.0,2.362520609261339e-05
2024-01-02,10:34:11,4.4252,26.81,25.0,3365,15141094.0,2.358744947776824e-05
2024-01-02,10:34:11,4.4295,26.81,25.0,3365,15141094.0,2.358744947776824e-05
2024-01-02,10:34:11,4.4337,26.81,25.0,3365,15141093.0,2.358744947776824e-05
2024-01-02,10:34:11,4.4379,26.81,25.0,3366,15141093.0,2.354975320364386e-05
2024-01-02,10:34:11,4.4422,26.81,25.0,3366,15141093.0,2.354975320364386e-05
2024-01-02,10:34:11,4.4465,26.81,25.0,3365,15141093.0,2.358744947776824e-05
2024-01-02,10:34:11,4.4507,26.81,25.0,3365,15141094.0,2.358744947776824e-05
2024-01-02,10:34:11,4.4591,26.81,25.0,3364,15141093.0,2.362520609261339e-05
2024-01-02,10:34:11,4.4633,26.81,25.0,3365,15141093.0,2.358744947776824e-05
2024-01-02,10:34:11,4.4676,26.81,25.0,3365,15141093.0,2.358744947776824e-05
2024-01-02,10:34:11,4.4718,26.81,25.0,3365,15141093.0,2.358744947776824e-05
2024-01-02,10:34:11,4.4761,26.81,25.0,3366,15141094.0,2.354975320364386e-05
2024-01-02,10:34:11,4.4803,26.81,25.0,3365,15141094.0,2.358744947776824e-05
2024-01-02,10:34:11,4.4845,26.81,25.0,3364,15141093.0,2.362520609261339e-05
2024-01-02,10:34:11,4.493,26.81,25.0,3365,15141092.0,2.358744947776824e-05
2024-01-02,10:34:11,4.4972,26.81,25.0,3364,15141093.0,2.362520609261339e-05
2024-01-02,10:34:11,4.5015,26.81,25.0,3365,15141093.0,2.358744947776824e-05
2024-01-02,10:34:11,4.5057,26.81,25.0,3366,15141093.0,2.354975320364386e-05
2024-01-02,10:34:11,4.51,26.81,25.0,3366,15141093.0,2.354975320364386e-05
2024-01-02,10:34:11,4.5142,26.81,25.0,3365,15141093.0,2.358744947776824e-05
2024-01-02,10:34:11,4.5184,26.81,25.0,3364,15141094.0,2.362520609261339e-05
2024-01-02,10:34:11,4.5227,26.81,25.0,3364,15141093.0,2.362520609261339e-05
2024-01-02,10:34:11,4.5311,26.81,25.0,3366,15141093.0,2.354975320364386e-05
2024-01-02,10:34:11,4.5353,26.81,25.0,3365,15141093.0,2.358744947776824e-05
2024-01-02,10:34:11,4.5396,26.81,25.0,3365,15141093.0,2.358744947776824e-05
2024-01-02,10:34:11,4.5438,26.81,25.0,3366,15141093.0,2.354975320364386e-05
2024-01-02,10:34:11,4.548,26.81,25.0,3366,15141093.0,2.354975320364386e-05
2024-01-02,10:34:11,4.5522,26.81,25.0,3366,15141093.0,2.354975320364386e-05
2024-01-02,10:34:11,4.5565,26.81,25.0,3366,15141093.0,2.354975320364386e-05
2024-01-02,10:34:11,4.565,26.81,25.0,3364,15141094.0,2.362520609261339e-05
2024-01-02,10:34:11,4.5692,26.81,25.0,3364,15141093.0,2.362520609261339e-05
2024-01-02,10:34:11,4.5734,26.81,25.0,3365,15141093.0,2.358744947776824e-05
2024-01-02,10:34:11,4.5777,26.81,25.0,3365,15141093.0,2.358744947776824e-05
2024-01-02,10:34:11,4.5819,26.81,25.0,3366,15141093.0,2.354975320364386e-05
2024-01-02,10:34:11,4.5931,26.81,25.0,3363,15141094.0,2.366302314476723e-05
2024-01-02,10:34:11,4.6001,26.81,25.0,3364,15141095.0,2.362520609261339e-05
2024-01-02,10:34:11,4.6085,26.81,25.0,3364,15141092.0,2.362520609261339e-05
2024-01-02,10:34:11,4.6128,26.81,25.0,3365,15141093.0,2.358744947776824e-05
2024-01-02,10:34:11,4.617,26.81,25.0,3366,15141093.0,2.354975320364386e-05
2024-01-02,10:34:11,4.6212,26.81,25.0,3365,15141093.0,2.358744947776824e-05
2024-01-02,10:34:11,4.6254,26.81,25.0,3364,15141093.0,2.362520609261339e-05
2024-01-02,10:34:11,4.6297,26.81,25.0,3365,15141093.0,2.358744947776824e-05
2024-01-02,10:34:11,4.634,26.81,25.0,3365,15141093.0,2.358744947776824e-05
2024-01-02,10:34:11,4.6382,26.81,25.0,3364,15141092.0,2.362520609261339e-05
2024-01-02,10:34:11,4.6467,26.81,25.0,3365,15141094.0,2.358744947776824e-05
2024-01-02,10:34:11,4.6509,26.81,25.0,3365,15141093.0,2.358744947776824e-05
2024-01-02,10:34:11,4.6551,26.81,25.0,3366,15141093.0,2.354975320364386e-05
2024-01-02,10:34:11,4.6594,26.81,25.0,3366,15141093.0,2.354975320364386e-05
2024-01-02,10:34:11,4.6636,26.81,25.0,3366,15141093.0,2.354975320364386e-05
2024-01-02,10:34:11,4.6679,26.81,25.0,3366,15141093.0,2.354975320364386e-05
2024-01-02,10:34:11,4.6722,26.81,25.0,3365,15141093.0,2.358744947776824e-05
2024-01-02,10:34:11,4.6806,26.81,25.0,3365,15141094.0,2.358744947776824e-05
2024-01-02,10:34:11,4.6848,26.81,25.0,3364,15141093.0,2.362520609261339e-05
2024-01-02,10:34:11,4.689,26.81,25.0,3364,15141093.0,2.362520609261339e-05
2024-01-02,10:34:11,4.6932,26.81,25.0,3364,15141093.0,2.362520609261339e-05
2024-01-02,10:34:11,4.6974,26.81,25.0,3365,15141093.0,2.358744947776824e-05
2024-01-02,10:34:11,4.7017,26.81,25.0,3366,15141093.0,2.354975320364386e-05
2024-01-02,10:34:11,4.706,26.81,25.0,3366,15141093.0,2.354975320364386e-05
2024-01-02,10:34:11,4.7102,26.81,25.0,3366,15141093.0,2.354975320364386e-05
2024-01-02,10:34:11,4.7186,26.81,25.0,3365,15141092.0,2.358744947776824e-05
2024-01-02,10:34:11,4.7228,26.81,25.0,3365,15141093.0,2.358744947776824e-05
2024-01-02,10:34:11,4.7271,26.81,25.0,3365,15141093.0,2.358744947776824e-05
2024-01-02,10:34:11,4.7313,26.81,25.0,3366,15141093.0,2.354975320364386e-05
2024-01-02,10:34:11,4.7355,26.81,25.0,3366,15141093.0,2.354975320364386e-05
2024-01-02,10:34:11,4.7397,26.81,25.0,3366,15141093.0,2.354975320364386e-05
2024-01-02,10:34:11,4.744,26.81,25.0,3365,15141093.0,2.358744947776824e-05
2024-01-02,10:34:11,4.7524,26.81,25.0,3365,15141092.0,2.358744947776824e-05
2024-01-02,10:34:11,4.7566,26.81,25.0,3366,15141093.0,2.354975320364386e-05
2024-01-02,10:34:11,4.7609,26.81,25.0,3365,15141093.0,2.358744947776824e-05
2024-01-02,10:34:11,4.7651,26.81,25.0,3365,15141092.0,2.358744947776824e-05
2024-01-02,10:34:11,4.7693,26.81,25.0,3365,15141093.0,2.358744947776824e-05
2024-01-02,10:34:11,4.7735,26.81,25.0,3364,15141093.0,2.362520609261339e-05
2024-01-02,10:34:11,4.7778,26.81,25.0,3364,15141093.0,2.362520609261339e-05
2024-01-02,10:34:11,4.7862,26.81,25.0,3365,15141092.0,2.358744947776824e-05
2024-01-02,10:34:11,4.7905,26.81,25.0,3366,15141093.0,2.354975320364386e-05
2024-01-02,10:34:11,4.7947,26.81,25.0,3366,15141093.0,2.354975320364386e-05
2024-01-02,10:34:11,4.7989,26.81,25.0,3366,15141093.0,2.354975320364386e-05
2024-01-02,10:34:11,4.8032,26.81,25.0,3366,15141093.0,2.354975320364386e-05
2024-01-02,10:34:11,4.8074,26.81,25.0,3365,15141093.0,2.358744947776824e-05
2024-01-02,10:34:11,4.8117,26.81,25.0,3365,15141093.0,2.358744947776824e-05
2024-01-02,10:34:11,4.8159,26.81,25.0,3365,15141093.0,2.358744947776824e-05
2024-01-02,10:34:11,4.8244,26.81,25.0,3365,15141094.0,2.358744947776824e-05
2024-01-02,10:34:11,4.8286,26.81,25.0,3365,15141093.0,2.358744947776824e-05
2024-01-02,10:34:11,4.8328,26.81,25.0,3366,15141093.0,2.354975320364386e-05
2024-01-02,10:34:11,4.837,26.81,25.0,3366,15141093.0,2.354975320364386e-05
2024-01-02,10:34:11,4.8487,26.81,25.0,3363,15141092.0,2.366302314476723e-05
2024-01-02,10:34:11,4.8529,26.81,25.0,3364,15141093.0,2.362520609261339e-05
2024-01-02,10:34:11,4.8571,26.81,25.0,3365,15141093.0,2.358744947776824e-05
2024-01-02,10:34:11,4.8613,26.81,25.0,3366,15141093.0,2.354975320364386e-05
2024-01-02,10:34:11,4.8656,26.81,25.0,3366,15141093.0,2.354975320364386e-05
2024-01-02,10:34:11,4.8699,26.81,25.0,3365,15141093.0,2.358744947776824e-05
2024-01-02,10:34:11,4.8741,26.81,25.0,3364,15141093.0,2.362520609261339e-05
2024-01-02,10:34:11,4.8825,26.81,25.0,3365,15141092.0,2.358744947776824e-05
2024-01-02,10:34:11,4.8867,26.81,25.0,3366,15141092.0,2.354975320364386e-05
2024-01-02,10:34:11,4.8909,26.81,25.0,3365,15141092.0,2.358744947776824e-05
2024-01-02,10:34:11,4.8951,26.81,25.0,3365,15141092.0,2.358744947776824e-05
2024-01-02,10:34:11,4.8994,26.81,25.0,3366,15141092.0,2.354975320364386e-05
2024-01-02,10:34:11,4.9037,26.81,25.0,3366,15141092.0,2.354975320364386e-05
2024-01-02,10:34:11,4.9079,26.81,25.0,3366,15141093.0,2.354975320364386e-05
2024-01-02,10:34:11,4.9122,26.81,25.0,3365,15141092.0,2.358744947776824e-05
2024-01-02,10:34:11,4.9206,26.81,25.0,3364,15141093.0,2.362520609261339e-05
2024-01-02,10:34:11,4.9248,26.81,25.0,3365,15141093.0,2.358744947776824e-05
2024-01-02,10:34:11,4.9291,26.81,25.0,3366,15141092.0,2.354975320364386e-05
2024-01-02,10:34:11,4.9333,26.81,25.0,3366,15141093.0,2.354975320364386e-05
2024-01-02,10:34:11,4.9375,26.81,25.0,3366,15141092.0,2.354975320364386e-05
2024-01-02,10:34:11,4.9417,26.81,25.0,3365,15141092.0,2.358744947776824e-05
2024-01-02,10:34:11,4.946,26.81,25.0,3365,15141092.0,2.358744947776824e-05
2024-01-02,10:34:11,4.9544,26.81,25.0,3364,15141094.0,2.362520609261339e-05
2024-01-02,10:34:11,4.9586,26.81,25.0,3364,15141093.0,2.362520609261339e-05
2024-01-02,10:34:11,4.9628,26.81,25.0,3364,15141093.0,2.362520609261339e-05
2024-01-02,10:34:11,4.967,26.81,25.0,3365,15141093.0,2.358744947776824e-05
2024-01-02,10:34:11,4.9713,26.81,25.0,3366,15141093.0,2.354975320364386e-05
2024-01-02,10:34:11,4.9756,26.88,25.0,3366,15141093.0,2.354975320364386e-05
2024-01-02,10:34:11,4.9798,26.88,25.0,3365,15141093.0,2.358744947776824e-05
2024-01-02,10:34:11,4.9882,26.88,25.0,3364,15141094.0,2.362520609261339e-05
2024-01-02,10:34:11,4.9924,26.88,25.0,3364,15141093.0,2.362520609261339e-05
2024-01-02,10:34:11,4.9967,26.88,25.0,3366,15141093.0,2.354975320364386e-05
2024-01-02,10:34:11,5.001,26.88,25.0,3366,15141093.0,2.354975320364386e-05
2024-01-02,10:34:11,5.0052,26.88,25.0,3366,15141093.0,2.354975320364386e-05
2024-01-02,10:34:11,5.0094,26.88,25.0,3366,15141093.0,2.354975320364386e-05
2024-01-02,10:34:11,5.0137,26.88,25.0,3365,15141093.0,2.358744947776824e-05
2024-01-02,10:34:11,5.0179,26.88,25.0,3365,15141093.0,2.358744947776824e-05
2024-01-02,10:34:11,5.0263,26.88,25.0,3364,15141091.0,2.362520609261339e-05
2024-01-02,10:34:11,5.0306,26.88,25.0,3365,15141092.0,2.358744947776824e-05
2024-01-02,10:34:11,5.0348,26.88,25.0,3366,15141093.0,2.354975320364386e-05
2024-01-02,10:34:11,5.0391,26.88,25.0,3366,15141092.0,2.354975320364386e-05
2024-01-02,10:34:11,5.0434,26.88,25.0,3366,15141094.0,2.354975320364386e-05
2024-01-02,10:34:11,5.0475,26.88,25.0,3365,15141094.0,2.358744947776824e-05
2024-01-02,10:34:11,5.0517,26.88,25.0,3364,15141093.0,2.362520609261339e-05
2024-01-02,10:34:11,5.0603,26.88,25.0,3365,15141091.0,2.358744947776824e-05
2024-01-02,10:34:11,5.0645,26.88,25.0,3365,15141092.0,2.358744947776824e-05
2024-01-02,10:34:11,5.0687,26.88,25.0,3366,15141092.0,2.354975320364386e-05
2024-01-02,10:34:11,5.0729,26.88,25.0,3366,15141092.0,2.354975320364386e-05
2024-01-02,10:34:11,5.0772,26.88,25.0,3366,15141093.0,2.354975320364386e-05
2024-01-02,10:34:11,5.0814,26.88,25.0,3366,15141092.0,2.354975320364386e-05
2024-01-02,10:34:11,5.0926,26.88,25.0,3364,15141093.0,2.362520609261339e-05
2024-01-02,10:34:11,5.0997,26.88,25.0,3364,15141093.0,2.362520609261339e-05
2024-01-02,10:34:11,5.1081,26.88,25.0,3364,15141091.0,2.362520609261339e-05
2024-01-02,10:34:11,5.1124,26.88,25.0,3365,15141092.0,2.358744947776824e-05
2024-01-02,10:34:11,5.1166,26.88,25.0,3360,15141089.0,2.377683789327991e-05
2024-01-02,10:34:11,5.1208,26.88,25.0,3352,15141084.0,2.408302736022003e-05
2024-01-02,10:34:11,5.1251,26.88,25.0,3342,15141073.0,2.447131496885164e-05
2024-01-02,10:34:11,5.1293,26.88,25.0,3330,15141063.0,2.494553256488538e-05
2024-01-02,10:34:11,5.1335,26.88,25.0,3318,15141055.0,2.542893979084601e-05
2024-01-02,10:34:11,5.1378,26.88,25.0,3312,15141050.0,2.567414503143785e-05
2024-01-02,10:34:11,5.1463,26.88,25.0,3320,15141047.0,2.534772623600419e-05
2024-01-02,10:34:11,5.1505,26.88,25.0,3322,15141046.0,2.526677205656473e-05
2024-01-02,10:34:11,5.1547,26.88,25.0,3319,15141045.0,2.538830053962255e-05
2024-01-02,10:34:11,5.1589,26.88,25.0,3315,15141040.0,2.555124827060083e-05
2024-01-02,10:34:11,5.1632,26.88,25.0,3314,15141037.0,2.559214835353161e-05
2024-01-02,10:34:11,5.1674,26.88,25.0,3317,15141037.0,2.546964409363674e-05
2024-01-02,10:34:12,5.1716,26.88,25.0,3316,15141035.0,2.551041355212326e-05
2024-01-02,10:34:12,5.1801,26.88,25.0,3319,15141029.0,2.538830053962255e-05
2024-01-02,10:34:12,5.1843,26.88,25.0,3321,15141024.0,2.530721677619496e-05
2024-01-02,10:34:12,5.1885,26.88,25.0,3316,15141023.0,2.551041355212326e-05
2024-01-02,10:34:12,5.1927,26.88,25.0,3315,15141020.0,2.555124827060083e-05
2024-01-02,10:34:12,5.197,26.88,25.0,3318,15141017.0,2.542893979084601e-05
2024-01-02,10:34:12,5.2013,26.88,25.0,3317,15141015.0,2.546964409363674e-05
2024-01-02,10:34:12,5.2055,26.88,25.0,3318,15141010.0,2.542893979084601e-05
2024-01-02,10:34:12,5.214,26.88,25.0,3316,15141003.0,2.551041355212326e-05
2024-01-02,10:34:12,5.2182,26.88,25.0,3317,15141000.0,2.546964409363674e-05
2024-01-02,10:34:12,5.2224,26.88,25.0,3322,15140996.0,2.526677205656473e-05
2024-01-02,10:34:12,5.2267,26.88,25.0,3319,15140993.0,2.538830053962255e-05
2024-01-02,10:34:12,5.2309,26.88,25.0,3318,15140988.0,2.542893979084601e-05
2024-01-02,10:34:12,5.2351,26.88,25.0,3321,15140986.0,2.530721677619496e-05
2024-01-02,10:34:12,5.2393,26.88,25.0,3317,15140985.0,2.546964409363674e-05
2024-01-02,10:34:12,5.2478,26.88,25.0,3318,15140980.0,2.542893979084601e-05
2024-01-02,10:34:12,5.252,26.88,25.0,3318,15140973.0,2.542893979084601e-05
2024-01-02,10:34:12,5.2562,26.88,25.0,3319,15140969.0,2.538830053962255e-05
2024-01-02,10:34:12,5.2604,26.88,25.0,3312,15140964.0,2.567414503143785e-05
2024-01-02,10:34:12,5.2647,26.88,25.0,3315,15140961.0,2.555124827060083e-05
2024-01-02,10:34:12,5.269,26.88,25.0,3319,15140958.0,2.538830053962255e-05
2024-01-02,10:34:12,5.2732,26.88,25.0,3316,15140955.0,2.551041355212326e-05
2024-01-02,10:34:12,5.2775,26.88,25.0,3318,15140953.0,2.542893979084601e-05
2024-01-02,10:34:12,5.2859,26.88,25.0,3320,15140943.0,2.534772623600419e-05
2024-01-02,10:34:12,5.2901,26.88,25.0,3318,15140940.0,2.542893979084601e-05
2024-01-02,10:34:12,5.2943,26.88,25.0,3316,15140937.0,2.551041355212326e-05
2024-01-02,10:34:12,5.2986,26.88,25.0,3320,15140933.0,2.534772623600419e-05
2024-01-02,10:34:12,5.3028,26.88,25.0,3319,15140929.0,2.538830053962255e-05
2024-01-02,10:34:12,5.307,26.88,25.0,3316,15140926.0,2.551041355212326e-05
2024-01-02,10:34:12,5.3113,26.88,25.0,3318,15140924.0,2.542893979084601e-05
2024-01-02,10:34:12,5.3197,26.88,25.0,3316,15140916.0,2.551041355212326e-05
2024-01-02,10:34:12,5.3239,26.88,25.0,3314,15140912.0,2.559214835353161e-05
2024-01-02,10:34:12,5.3282,26.88,25.0,3314,15140909.0,2.559214835353161e-05
2024-01-02,10:34:12,5.3324,26.88,25.0,3313,15140908.0,2.5633113905545e-05
2024-01-02,10:34:12,5.3367,26.88,25.0,3310,15140904.0,2.575640442488854e-05
2024-01-02,10:34:12,5.3486,26.88,25.0,3309,15140897.0,2.579763290287992e-05
2024-01-02,10:34:12,5.3529,26.88,25.0,3312,15140896.0,2.567414503143785e-05
2024-01-02,10:34:12,5.3572,26.88,25.0,3311,15140894.0,2.571524183617484e-05
2024-01-02,10:34:12,5.3614,26.88,25.0,3311,15140892.0,2.571524183617484e-05
2024-01-02,10:34:12,5.3657,26.88,25.0,3314,15140889.0,2.559214835353161e-05
2024-01-02,10:34:12,5.3699,26.88,25.0,3315,15140887.0,2.555124827060083e-05
2024-01-02,10:34:12,5.3741,26.88,25.0,3313,15140886.0,2.5633113905545e-05
2024-01-02,10:34:12,5.3783,26.88,25.0,3312,15140884.0,2.567414503143785e-05
2024-01-02,10:34:12,5.3868,26.88,25.0,3306,15140885.0,2.592171472805926e-05
2024-01-02,10:34:12,5.391,26.88,25.0,3306,15140883.0,2.592171472805926e-05
2024-01-02,10:34:12,5.3952,26.88,25.0,3304,15140881.0,2.600476732934825e-05
2024-01-02,10:34:12,5.3995,26.88,25.0,3304,15140880.0,2.600476732934825e-05
2024-01-02,10:34:12,5.4037,26.88,25.0,3306,15140878.0,2.592171472805926e-05
2024-01-02,10:34:12,5.408,26.88,25.0,3304,15140876.0,2.600476732934825e-05
2024-01-02,10:34:12,5.4123,26.88,25.0,3305,15140875.0,2.596320781954575e-05
2024-01-02,10:34:12,5.4207,26.88,25.0,3303,15140872.0,2.604639336378313e-05
2024-01-02,10:34:12,5.425,26.88,25.0,3309,15140874.0,2.579763290287992e-05
2024-01-02,10:34:12,5.4292,26.88,25.0,3304,15140863.0,2.600476732934825e-05
2024-01-02,10:34:12,5.4334,26.88,25.0,3247,15140830.0,2.848698393932761e-05
2024-01-02,10:34:12,5.4378,26.88,25.0,3215,15140818.0,2.99829526987228e-05
2024-01-02,10:34:12,5.4421,26.88,25.0,3228,15140824.0,2.936596680297826e-05
2024-01-02,10:34:12,5.4464,26.88,25.0,3230,15140825.0,2.927217938694547e-05
2024-01-02,10:34:12,5.4508,26.88,25.0,3231,15140825.0,2.922539806370712e-05
2024-01-02,10:34:12,5.4551,26.88,25.0,3230,15140825.0,2.927217938694547e-05
2024-01-02,10:34:12,5.4638,26.88,25.0,3223,15140822.0,2.960175210600676e-05
2024-01-02,10:34:12,5.4681,26.88,25.0,3224,15140822.0,2.95544440762428e-05
2024-01-02,10:34:12,5.4723,26.88,25.0,3221,15140824.0,2.969659546575003e-05
2024-01-02,10:34:12,5.4766,26.81,25.0,3221,15140824.0,2.969659546575003e-05
2024-01-02,10:34:12,5.4809,26.81,25.0,3220,15140823.0,2.974413103835483e-05
2024-01-02,10:34:12,5.4852,26.81,25.0,3220,15140821.0,2.974413103835483e-05
2024-01-02,10:34:12,5.4894,26.81,25.0,3221,15140819.0,2.969659546575003e-05
2024-01-02,10:34:12,5.4938,26.81,25.0,3220,15140821.0,2.974413103835483e-05
2024-01-02,10:34:12,5.5022,26.81,25.0,3220,15140813.0,2.974413103835483e-05
2024-01-02,10:34:12,5.5065,26.81,25.0,3218,15140814.0,2.983943057705171e-05
2024-01-02,10:34:12,5.5108,26.81,25.0,3217,15140813.0,2.988719478693625e-05
2024-01-02,10:34:12,5.5151,26.81,25.0,3217,15140811.0,2.988719478693625e-05
2024-01-02,10:34:12,5.5194,26.81,25.0,3218,15140812.0,2.983943057705171e-05
2024-01-02,10:34:12,5.5237,26.81,25.0,3217,15140812.0,2.988719478693625e-05
2024-01-02,10:34:12,5.528,26.81,25.0,3216,15140812.0,2.993503545336507e-05
2024-01-02,10:34:12,5.5323,26.81,25.0,3217,15140811.0,2.988719478693625e-05
2024-01-02,10:34:12,5.5408,26.81,25.0,3219,15140814.0,2.97917427015225e-05
2024-01-02,10:34:12,5.5451,26.81,25.0,3217,15140812.0,2.988719478693625e-05
2024-01-02,10:34:12,5.5493,26.81,25.0,3217,15140811.0,2.988719478693625e-05
2024-01-02,10:34:12,5.5536,26.81,25.0,3217,15140810.0,2.988719478693625e-05
2024-01-02,10:34:12,5.5579,26.81,25.0,3216,15140810.0,2.993503545336507e-05
2024-01-02,10:34:12,5.5621,26.81,25.0,3214,15140809.0,3.003094664558989e-05
2024-01-02,10:34:12,5.5665,26.81,25.0,3211,15140809.0,3.017538992399754e-05
2024-01-02,10:34:12,5.5708,26.81,25.0,3210,15140808.0,3.022369190663609e-05
2024-01-02,10:34:12,5.5751,26.81,25.0,3208,15140806.0,3.032052794775979e-05
2024-01-02,10:34:12,5.5836,26.81,25.0,3208,15140805.0,3.032052794775979e-05
2024-01-02,10:34:12,5.5879,26.81,25.0,3209,15140804.0,3.027207120663602e-05
2024-01-02,10:34:12,5.594,26.81,25.0,3210,15140802.0,3.022369190663609e-05
2024-01-02,10:34:12,5.6002,26.81,25.0,3209,15140799.0,3.027207120663602e-05
2024-01-02,10:34:12,5.6045,26.81,25.0,3211,15140797.0,3.017538992399754e-05
2024-01-02,10:34:12,5.6088,26.81,25.0,3210,15140797.0,3.022369190663609e-05
2024-01-02,10:34:12,5.6173,26.81,25.0,3209,15140796.0,3.027207120663602e-05
2024-01-02,10:34:12,5.6216,26.81,25.0,3208,15140796.0,3.032052794775979e-05
2024-01-02,10:34:12,5.626,26.81,25.0,3207,15140794.0,3.036906225396806e-05
2024-01-02,10:34:12,5.6302,26.81,25.0,3206,15140795.0,3.041767424941981e-05
2024-01-02,10:34:12,5.6344,26.81,25.0,3207,15140794.0,3.036906225396806e-05
2024-01-02,10:34:12,5.6387,26.81,25.0,3205,15140794.0,3.046636405847287e-05
2024-01-02,10:34:12,5.643,26.81,25.0,3204,15140794.0,3.051513180568405e-05
2024-01-02,10:34:12,5.6473,26.81,25.0,3205,15140793.0,3.046636405847287e-05
2024-01-02,10:34:12,5.6558,26.81,25.0,3203,15140794.0,3.056397761580959e-05
2024-01-02,10:34:12,5.6601,26.81,25.0,3203,15140792.0,3.056397761580959e-05
2024-01-02,10:34:12,5.6644,26.81,25.0,3202,15140792.0,3.061290161380538e-05
2024-01-02,10:34:12,5.6687,26.81,25.0,3201,15140792.0,3.066190392482741e-05
2024-01-02,10:34:12,5.6731,26.81,25.0,3201,15140791.0,3.066190392482741e-05
2024-01-02,10:34:12,5.6774,26.81,25.0,3200,15140790.0,3.071098467423187e-05
2024-01-02,10:34:12,5.6816,26.81,25.0,3200,15140789.0,3.071098467423187e-05
2024-01-02,10:34:12,5.6859,26.81,25.0,3201,15140789.0,3.066190392482741e-05
2024-01-02,10:34:12,5.6945,26.81,25.0,3200,15140787.0,3.071098467423187e-05
2024-01-02,10:34:12,5.6988,26.81,25.0,3200,15140788.0,3.071098467423187e-05
2024-01-02,10:34:12,5.703,26.81,25.0,3200,15140787.0,3.071098467423187e-05
2024-01-02,10:34:12,5.7073,26.81,25.0,3200,15140786.0,3.071098467423187e-05
2024-01-02,10:34:12,5.7116,26.81,25.0,3199,15140786.0,3.076014398757577e-05
2024-01-02,10:34:12,5.7159,26.81,25.0,3197,15140787.0,3.085869880931473e-05
2024-01-02,10:34:12,5.7202,26.81,25.0,3197,15140786.0,3.085869880931473e-05
2024-01-02,10:34:12,5.7244,26.81,25.0,3197,15140786.0,3.085869880931473e-05
2024-01-02,10:34:12,5.733,26.81,25.0,3195,15140785.0,3.095756939852513e-05
2024-01-02,10:34:12,5.7373,26.81,25.0,3195,15140784.0,3.095756939852513e-05
2024-01-02,10:34:12,5.7417,26.81,25.0,3196,15140783.0,3.090809456982983e-05
2024-01-02,10:34:12,5.746,26.81,25.0,3195,15140782.0,3.095756939852513e-05
2024-01-02,10:34:12,5.7503,26.81,25.0,3195,15140782.0,3.095756939852513e-05
2024-01-02,10:34:12,5.7546,26.81,25.0,3195,15140781.0,3.095756939852513e-05
2024-01-02,10:34:12,5.7589,26.81,25.0,3195,15140781.0,3.095756939852513e-05
2024-01-02,10:34:12,5.7632,26.81,25.0,3195,15140781.0,3.095756939852513e-05
2024-01-02,10:34:12,5.7674,26.81,25.0,3194,15140781.0,3.10071234219656e-05
2024-01-02,10:34:12,5.776,26.81,25.0,3193,15140782.0,3.105675676691896e-05
2024-01-02,10:34:12,5.7804,26.81,25.0,3192,15140779.0,3.110646956035572e-05
2024-01-02,10:34:12,5.7847,26.81,25.0,3192,15140779.0,3.110646956035572e-05
2024-01-02,10:34:12,5.789,26.81,25.0,3192,15140779.0,3.110646956035572e-05
2024-01-02,10:34:12,5.7933,26.81,25.0,3191,15140779.0,3.115626192944974e-05
2024-01-02,10:34:12,5.7976,26.81,25.0,3189,15140778.0,3.125608590432286e-05
2024-01-02,10:34:12,5.8019,26.81,25.0,3189,15140777.0,3.125608590432286e-05
2024-01-02,10:34:12,5.8062,26.81,25.0,3190,15140778.0,3.120613400157834e-05
2024-01-02,10:34:12,5.8148,26.81,25.0,3189,15140776.0,3.125608590432286e-05
2024-01-02,10:34:12,5.8192,26.81,25.0,3188,15140776.0,3.130611776546872e-05
2024-01-02,10:34:12,5.8235,26.81,25.0,3188,15140776.0,3.130611776546872e-05
2024-01-02,10:34:12,5.8277,26.81,25.0,3188,15140775.0,3.130611776546872e-05
2024-01-02,10:34:12,5.832,26.81,25.0,3188,15140775.0,3.130611776546872e-05
2024-01-02,10:34:12,5.8363,26.81,25.0,3188,15140775.0,3.130611776546872e-05
2024-01-02,10:34:12,5.8403,26.81,25.0,3186,15140775.0,3.14064218751296e-05
2024-01-02,10:34:12,5.8529,26.81,25.0,3186,15140775.0,3.14064218751296e-05
2024-01-02,10:34:12,5.8572,26.81,25.0,3186,15140774.0,3.14064218751296e-05
2024-01-02,10:34:12,5.8615,26.81,25.0,3186,15140774.0,3.14064218751296e-05
2024-01-02,10:34:12,5.8658,26.81,25.0,3184,15140773.0,3.150704735694179e-05
2024-01-02,10:34:12,5.8701,26.81,25.0,3184,15140772.0,3.150704735694179e-05
2024-01-02,10:34:12,5.8744,26.81,25.0,3183,15140771.0,3.155748093404753e-05
2024-01-02,10:34:12,5.8788,26.81,25.0,3183,15140770.0,3.155748093404753e-05
2024-01-02,10:34:12,5.8831,26.81,25.0,3183,15140771.0,3.155748093404753e-05
2024-01-02,10:34:12,5.8917,26.81,25.0,3183,15140769.0,3.155748093404753e-05
2024-01-02,10:34:12,5.896,26.81,25.0,3184,15140769.0,3.150704735694179e-05
2024-01-02,10:34:12,5.9003,26.81,25.0,3184,15140769.0,3.150704735694179e-05
2024-01-02,10:34:12,5.9046,26.81,25.0,3183,15140770.0,3.155748093404753e-05
2024-01-02,10:34:12,5.909,26.81,25.0,3183,15140770.0,3.155748093404753e-05
2024-01-02,10:34:12,5.9132,26.81,25.0,3183,15140769.0,3.155748093404753e-05
2024-01-02,10:34:12,5.9175,26.81,25.0,3183,15140768.0,3.155748093404753e-05
2024-01-02,10:34:12,5.9218,26.81,25.0,3181,15140769.0,3.165859040574708e-05
2024-01-02,10:34:12,5.9261,26.81,25.0,3179,15140768.0,3.176002382996009e-05
2024-01-02,10:34:12,5.9348,26.81,25.0,3179,15140766.0,3.176002382996009e-05
2024-01-02,10:34:12,5.9391,26.81,25.0,3179,15140767.0,3.176002382996009e-05
2024-01-02,10:34:12,5.9435,26.81,25.0,3179,15140767.0,3.176002382996009e-05
2024-01-02,10:34:12,5.9477,26.81,25.0,3179,15140766.0,3.176002382996009e-05
2024-01-02,10:34:12,5.952,26.81,25.0,3179,15140766.0,3.176002382996009e-05
2024-01-02,10:34:12,5.9564,26.81,25.0,3179,15140766.0,3.176002382996009e-05
2024-01-02,10:34:12,5.9607,26.81,25.0,3178,15140765.0,3.181086234848457e-05
2024-01-02,10:34:12,5.965,26.81,25.0,3177,15140765.0,3.186178224462326e-05
2024-01-02,10:34:12,5.9693,26.81,25.0,3177,15140765.0,3.186178224462326e-05
2024-01-02,10:34:12,5.978,26.81,25.0,3177,15140764.0,3.186178224462326e-05
2024-01-02,10:34:12,5.9824,26.81,25.0,3176,15140765.0,3.191278364863791e-05
2024-01-02,10:34:12,5.9867,26.81,25.0,3175,15140764.0,3.196386669099883e-05
2024-01-02,10:34:12,5.9909,26.81,25.0,3175,15140764.0,3.196386669099883e-05
2024-01-02,10:34:12,5.9953,26.81,25.0,3174,15140763.0,3.201503150238514e-05
2024-01-02,10:34:12,5.9996,26.81,25.0,3175,15140762.0,3.196386669099883e-05
2024-01-02,10:34:12,6.004,26.81,25.0,3176,15140762.0,3.191278364863791e-05
2024-01-02,10:34:12,6.0084,26.81,25.0,3175,15140762.0,3.196386669099883e-05
2024-01-02,10:34:12,6.0126,26.81,25.0,3174,15140762.0,3.201503150238514e-05
2024-01-02,10:34:12,6.0212,26.81,25.0,3174,15140761.0,3.201503150238514e-05
2024-01-02,10:34:12,6.0255,26.81,25.0,3175,15140762.0,3.196386669099883e-05
2024-01-02,10:34:12,6.0299,26.81,25.0,3173,15140760.0,3.206627821368519e-05
2024-01-02,10:34:12,6.0342,26.81,25.0,3172,15140761.0,3.211760695599677e-05
2024-01-02,10:34:12,6.0385,26.81,25.0,3173,15140760.0,3.206627821368519e-05
2024-01-02,10:34:12,6.0428,26.81,25.0,3173,15140760.0,3.206627821368519e-05
2024-01-02,10:34:12,6.0471,26.81,25.0,3171,15140763.0,3.216901786062761e-05
2024-01-02,10:34:12,6.0514,26.81,25.0,3170,15140763.0,3.222051105909553e-05
2024-01-02,10:34:12,6.0557,26.81,25.0,3171,15140760.0,3.216901786062761e-05
2024-01-02,10:34:12,6.0644,26.81,25.0,3170,15140758.0,3.222051105909553e-05
2024-01-02,10:34:12,6.0687,26.81,25.0,3169,15140759.0,3.227208668312896e-05
2024-01-02,10:34:12,6.073,26.81,25.0,3170,15140759.0,3.222051105909553e-05
2024-01-02,10:34:12,6.0772,26.81,25.0,3171,15140759.0,3.216901786062761e-05
2024-01-02,10:34:12,6.0816,26.81,25.0,3170,15140758.0,3.222051105909553e-05
2024-01-02,10:34:12,6.086,26.81,25.0,3169,15140758.0,3.227208668312896e-05
2024-01-02,10:34:12,6.0983,26.81,25.0,3167,15140757.0,3.237548573586047e-05
2024-01-02,10:34:12,6.1027,26.81,25.0,3167,15140757.0,3.237548573586047e-05
2024-01-02,10:34:12,6.107,26.81,25.0,3167,15140756.0,3.237548573586047e-05
2024-01-02,10:34:12,6.1113,26.81,25.0,3167,15140756.0,3.237548573586047e-05
2024-01-02,10:34:12,6.1157,26.81,25.0,3166,15140756.0,3.242730942907095e-05
2024-01-02,10:34:12,6.12,26.81,25.0,3166,15140756.0,3.242730942907095e-05
2024-01-02,10:34:12,6.1243,26.81,25.0,3166,15140756.0,3.242730942907095e-05
2024-01-02,10:34:12,6.1286,26.81,25.0,3166,15140755.0,3.242730942907095e-05
2024-01-02,10:34:12,6.1329,26.81,25.0,3166,15140755.0,3.242730942907095e-05
2024-01-02,10:34:12,6.1415,26.81,25.0,3164,15140754.0,3.253120581205106e-05
2024-01-02,10:34:12,6.1458,26.81,25.0,3164,15140755.0,3.253120581205106e-05
2024-01-02,10:34:12,6.1502,26.81,25.0,3165,15140755.0,3.247921607687248e-05
2024-01-02,10:34:12,6.1545,26.81,25.0,3164,15140755.0,3.253120581205106e-05
2024-01-02,10:34:12,6.1589,26.81,25.0,3163,15140755.0,3.258327876760534e-05
2024-01-02,10:34:12,6.1632,26.81,25.0,3163,15140754.0,3.258327876760534e-05
2024-01-02,10:34:12,6.1676,26.81,25.0,3162,15140754.0,3.263543507674679e-05
2024-01-02,10:34:13,6.1719,26.81,25.0,3162,15140753.0,3.263543507674679e-05
2024-01-02,10:34:13,6.1762,26.81,25.0,3162,15140753.0,3.263543507674679e-05
2024-01-02,10:34:13,6.1805,26.81,25.0,3162,15140752.0,3.263543507674679e-05
2024-01-02,10:34:13,6.1892,26.81,25.0,3162,15140752.0,3.263543507674679e-05
2024-01-02,10:34:13,6.1935,26.81,25.0,3162,15140752.0,3.263543507674679e-05
2024-01-02,10:34:13,6.1979,26.81,25.0,3161,15140752.0,3.268767487290021e-05
2024-01-02,10:34:13,6.2022,26.81,25.0,3161,15140752.0,3.268767487290021e-05
2024-01-02,10:34:13,6.2066,26.81,25.0,3161,15140752.0,3.268767487290021e-05
2024-01-02,10:34:13,6.2109,26.81,25.0,3159,15140751.0,3.279240546100996e-05
2024-01-02,10:34:13,6.2153,26.81,25.0,3158,15140751.0,3.284489652088503e-05
2024-01-02,10:34:13,6.2196,26.81,25.0,3158,15140751.0,3.284489652088503e-05
2024-01-02,10:34:13,6.2239,26.81,25.0,3159,15140749.0,3.279240546100996e-05
2024-01-02,10:34:13,6.2326,26.81,25.0,3160,15140751.0,3.273999828970383e-05
2024-01-02,10:34:13,6.2369,26.81,25.0,3159,15140749.0,3.279240546100996e-05
2024-01-02,10:34:13,6.2412,26.81,25.0,3159,15140749.0,3.279240546100996e-05
2024-01-02,10:34:13,6.2455,26.81,25.0,3159,15140749.0,3.279240546100996e-05
2024-01-02,10:34:13,6.25,26.81,25.0,3160,15140748.0,3.273999828970383e-05
2024-01-02,10:34:13,6.2543,26.81,25.0,3159,15140748.0,3.279240546100996e-05
2024-01-02,10:34:13,6.2586,26.81,25.0,3156,15140749.0,3.295013084368136e-05
2024-01-02,10:34:13,6.2629,26.81,25.0,3156,15140749.0,3.295013084368136e-05
2024-01-02,10:34:13,6.2673,26.81,25.0,3156,15140748.0,3.295013084368136e-05
2024-01-02,10:34:13,6.2759,26.81,25.0,3155,15140748.0,3.300287437581e-05
2024-01-02,10:34:13,6.2803,26.81,25.0,3155,15140747.0,3.300287437581e-05
2024-01-02,10:34:13,6.2845,26.81,25.0,3155,15140747.0,3.300287437581e-05
2024-01-02,10:34:13,6.2889,26.81,25.0,3155,15140747.0,3.300287437581e-05
2024-01-02,10:34:13,6.2932,26.81,25.0,3155,15140747.0,3.300287437581e-05
2024-01-02,10:34:13,6.2975,26.81,25.0,3155,15140746.0,3.300287437581e-05
2024-01-02,10:34:13,6.3019,26.81,25.0,3155,15140746.0,3.300287437581e-05
2024-01-02,10:34:13,6.3062,26.81,25.0,3155,15140746.0,3.300287437581e-05
2024-01-02,10:34:13,6.3106,26.81,25.0,3154,15140746.0,3.305570233492295e-05
2024-01-02,10:34:13,6.3193,26.81,25.0,3153,15140746.0,3.310861485616324e-05
2024-01-02,10:34:13,6.3236,26.81,25.0,3153,15140745.0,3.310861485616324e-05
2024-01-02,10:34:13,6.328,26.81,25.0,3152,15140745.0,3.316161207489005e-05
2024-01-02,10:34:13,6.3323,26.81,25.0,3151,15140745.0,3.321469412667937e-05
2024-01-02,10:34:13,6.3367,26.81,25.0,3152,15140744.0,3.316161207489005e-05
2024-01-02,10:34:13,6.3408,26.81,25.0,3151,15140744.0,3.321469412667937e-05
2024-01-02,10:34:13,6.3492,26.81,25.0,3151,15140745.0,3.321469412667937e-05
2024-01-02,10:34:13,6.3578,26.81,25.0,3151,15140743.0,3.321469412667937e-05
2024-01-02,10:34:13,6.3621,26.81,25.0,3150,15140744.0,3.326786114732408e-05
2024-01-02,10:34:13,6.3665,26.81,25.0,3150,15140744.0,3.326786114732408e-05
2024-01-02,10:34:13,6.3708,26.81,25.0,3149,15140744.0,3.332111327283457e-05
2024-01-02,10:34:13,6.3752,26.81,25.0,3149,15140744.0,3.332111327283457e-05
2024-01-02,10:34:13,6.3796,26.81,25.0,3149,15140744.0,3.332111327283457e-05
2024-01-02,10:34:13,6.3839,26.81,25.0,3148,15140743.0,3.337445063943879e-05
2024-01-02,10:34:13,6.3883,26.81,25.0,3148,15140743.0,3.337445063943879e-05
2024-01-02,10:34:13,6.3926,26.81,25.0,3148,15140743.0,3.337445063943879e-05
2024-01-02,10:34:13,6.397,26.81,25.0,3148,15140742.0,3.337445063943879e-05
2024-01-02,10:34:13,6.4057,26.81,25.0,3147,15140743.0,3.342787338358289e-05
2024-01-02,10:34:13,6.41,26.81,25.0,3147,15140742.0,3.342787338358289e-05
2024-01-02,10:34:13,6.4144,26.81,25.0,3147,15140743.0,3.342787338358289e-05
2024-01-02,10:34:13,6.4187,26.81,25.0,3147,15140742.0,3.342787338358289e-05
2024-01-02,10:34:13,6.423,26.81,25.0,3147,15140742.0,3.342787338358289e-05
2024-01-02,10:34:13,6.4274,26.81,25.0,3147,15140741.0,3.342787338358289e-05
2024-01-02,10:34:13,6.4317,26.81,25.0,3146,15140741.0,3.34813816419313e-05
2024-01-02,10:34:13,6.4361,26.81,25.0,3145,15140741.0,3.353497555136735e-05
2024-01-02,10:34:13,6.4404,26.81,25.0,3145,15140741.0,3.353497555136735e-05
2024-01-02,10:34:13,6.4491,26.81,25.0,3145,15140738.0,3.353497555136735e-05
2024-01-02,10:34:13,6.4535,26.81,25.0,3145,15140737.0,3.353497555136735e-05
2024-01-02,10:34:13,6.4578,26.81,25.0,3145,15140740.0,3.353497555136735e-05
2024-01-02,10:34:13,6.462,26.81,25.0,3145,15140741.0,3.353497555136735e-05
2024-01-02,10:34:13,6.4664,26.81,25.0,3145,15140741.0,3.353497555136735e-05
2024-01-02,10:34:13,6.4708,26.81,25.0,3145,15140740.0,3.353497555136735e-05
2024-01-02,10:34:13,6.475,26.81,25.0,3145,15140740.0,3.353497555136735e-05
2024-01-02,10:34:13,6.4794,26.81,25.0,3145,15140740.0,3.353497555136735e-05
2024-01-02,10:34:13,6.4837,26.81,25.0,3144,15140740.0,3.358865524899333e-05
2024-01-02,10:34:13,6.4924,26.81,25.0,3144,15140740.0,3.358865524899333e-05
2024-01-02,10:34:13,6.4968,26.81,25.0,3143,15140739.0,3.364242087213114e-05
2024-01-02,10:34:13,6.5012,26.81,25.0,3143,15140739.0,3.364242087213114e-05
2024-01-02,10:34:13,6.5054,26.81,25.0,3143,15140739.0,3.364242087213114e-05
2024-01-02,10:34:13,6.5098,26.81,25.0,3143,15140738.0,3.364242087213114e-05
2024-01-02,10:34:13,6.5141,26.81,25.0,3143,15140738.0,3.364242087213114e-05
2024-01-02,10:34:13,6.5185,26.81,25.0,3143,15140738.0,3.364242087213114e-05
2024-01-02,10:34:13,6.5228,26.81,25.0,3142,15140738.0,3.369627255832234e-05
2024-01-02,10:34:13,6.5271,26.81,25.0,3141,15140738.0,3.375021044532881e-05
2024-01-02,10:34:13,6.5315,26.81,25.0,3141,15140738.0,3.375021044532881e-05
2024-01-02,10:34:13,6.5401,26.81,25.0,3141,15140737.0,3.375021044532881e-05
2024-01-02,10:34:13,6.5445,26.81,25.0,3141,15140738.0,3.375021044532881e-05
2024-01-02,10:34:13,6.5489,26.81,25.0,3140,15140737.0,3.38042346711328e-05
2024-01-02,10:34:13,6.5532,26.81,25.0,3139,15140737.0,3.385834537393757e-05
2024-01-02,10:34:13,6.5575,26.81,25.0,3139,15140736.0,3.385834537393757e-05
2024-01-02,10:34:13,6.5619,26.81,25.0,3140,15140736.0,3.38042346711328e-05
2024-01-02,10:34:13,6.5662,26.81,25.0,3140,15140736.0,3.38042346711328e-05
2024-01-02,10:34:13,6.5705,26.81,25.0,3139,15140737.0,3.385834537393757e-05
2024-01-02,10:34:13,6.5749,26.81,25.0,3138,15140736.0,3.391254269216747e-05
2024-01-02,10:34:13,6.5836,26.81,25.0,3140,15140735.0,3.38042346711328e-05
2024-01-02,10:34:13,6.588,26.81,25.0,3139,15140736.0,3.385834537393757e-05
2024-01-02,10:34:13,6.592,26.81,25.0,3139,15140737.0,3.385834537393757e-05
2024-01-02,10:34:13,6.6005,26.81,25.0,3138,15140736.0,3.391254269216747e-05
2024-01-02,10:34:13,6.6048,26.81,25.0,3138,15140735.0,3.391254269216747e-05
2024-01-02,10:34:13,6.6092,26.81,25.0,3137,15140734.0,3.396682676446853e-05
2024-01-02,10:34:13,6.6135,26.81,25.0,3136,15140734.0,3.402119772970862e-05
2024-01-02,10:34:13,6.6179,26.81,25.0,3137,15140735.0,3.396682676446853e-05
2024-01-02,10:34:13,6.6266,26.81,25.0,3136,15140734.0,3.402119772970862e-05
2024-01-02,10:34:13,6.6309,26.81,25.0,3136,15140735.0,3.402119772970862e-05
2024-01-02,10:34:13,6.6354,26.81,25.0,3136,15140734.0,3.402119772970862e-05
2024-01-02,10:34:13,6.6398,26.81,25.0,3137,15140733.0,3.396682676446853e-05
2024-01-02,10:34:13,6.6441,26.81,25.0,3138,15140734.0,3.391254269216747e-05
2024-01-02,10:34:13,6.6485,26.81,25.0,3139,15140732.0,3.385834537393757e-05
2024-01-02,10:34:13,6.6529,26.81,25.0,3139,15140733.0,3.385834537393757e-05
2024-01-02,10:34:13,6.6572,26.81,25.0,3140,15140733.0,3.38042346711328e-05
2024-01-02,10:34:13,6.6615,26.81,25.0,3140,15140733.0,3.38042346711328e-05
2024-01-02,10:34:13,6.6702,26.81,25.0,3139,15140732.0,3.385834537393757e-05
2024-01-02,10:34:13,6.6745,26.81,25.0,3138,15140734.0,3.391254269216747e-05
2024-01-02,10:34:13,6.6788,26.81,25.0,3137,15140733.0,3.396682676446853e-05
2024-01-02,10:34:13,6.6832,26.81,25.0,3136,15140733.0,3.402119772970862e-05
2024-01-02,10:34:13,6.6875,26.81,25.0,3135,15140733.0,3.407565572697801e-05
2024-01-02,10:34:13,6.6919,26.81,25.0,3135,15140733.0,3.407565572697801e-05
2024-01-02,10:34:13,6.6962,26.81,25.0,3135,15140733.0,3.407565572697801e-05
2024-01-02,10:34:13,6.7006,26.81,25.0,3134,15140732.0,3.413020089558949e-05
2024-01-02,10:34:13,6.7049,26.81,25.0,3133,15140732.0,3.418483337507897e-05
2024-01-02,10:34:13,6.7093,26.81,25.0,3133,15140732.0,3.418483337507897e-05
2024-01-02,10:34:13,6.718,26.81,25.0,3133,15140734.0,3.418483337507897e-05
2024-01-02,10:34:13,6.7223,26.81,25.0,3132,15140732.0,3.423955330520559e-05
2024-01-02,10:34:13,6.7266,26.81,25.0,3131,15140733.0,3.429436082595234e-05
2024-01-02,10:34:13,6.731,26.81,25.0,3131,15140732.0,3.429436082595234e-05
2024-01-02,10:34:13,6.7354,26.81,25.0,3133,15140732.0,3.418483337507897e-05
2024-01-02,10:34:13,6.7397,26.81,25.0,3132,15140731.0,3.423955330520559e-05
2024-01-02,10:34:13,6.7441,26.81,25.0,3130,15140731.0,3.434925607752613e-05
2024-01-02,10:34:13,6.7484,26.81,25.0,3132,15140732.0,3.423955330520559e-05
2024-01-02,10:34:13,6.7528,26.81,25.0,3134,15140735.0,3.413020089558949e-05
2024-01-02,10:34:13,6.7572,26.81,25.0,3136,15140737.0,3.402119772970862e-05
2024-01-02,10:34:13,6.7659,26.81,25.0,3141,15140736.0,3.375021044532881e-05
2024-01-02,10:34:13,6.7703,26.81,25.0,3140,15140736.0,3.38042346711328e-05
2024-01-02,10:34:13,6.7746,26.81,25.0,3137,15140734.0,3.396682676446853e-05
2024-01-02,10:34:13,6.779,26.81,25.0,3139,15140732.0,3.385834537393757e-05
2024-01-02,10:34:13,6.7834,26.81,25.0,3138,15140731.0,3.391254269216747e-05
2024-01-02,10:34:13,6.7878,26.81,25.0,3138,15140732.0,3.391254269216747e-05
2024-01-02,10:34:13,6.7922,26.81,25.0,3137,15140731.0,3.396682676446853e-05
2024-01-02,10:34:13,6.7965,26.81,25.0,3138,15140732.0,3.391254269216747e-05
2024-01-02,10:34:13,6.8009,26.81,25.0,3136,15140731.0,3.402119772970862e-05
2024-01-02,10:34:13,6.8052,26.81,25.0,3134,15140731.0,3.413020089558949e-05
2024-01-02,10:34:13,6.814,26.81,25.0,3134,15140732.0,3.413020089558949e-05
2024-01-02,10:34:13,6.8184,26.81,25.0,3140,15140736.0,3.38042346711328e-05
2024-01-02,10:34:13,6.8228,26.81,25.0,3136,15140736.0,3.402119772970862e-05
2024-01-02,10:34:13,6.8272,26.81,25.0,3136,15140736.0,3.402119772970862e-05
2024-01-02,10:34:13,6.8316,26.81,25.0,3140,15140735.0,3.38042346711328e-05
2024-01-02,10:34:13,6.8359,26.81,25.0,3142,15140737.0,3.369627255832234e-05
2024-01-02,10:34:13,6.8421,26.81,25.0,3139,15140735.0,3.385834537393757e-05
2024-01-02,10:34:13,6.8528,26.81,25.0,3138,15140735.0,3.391254269216747e-05
2024-01-02,10:34:13,6.8571,26.81,25.0,3133,15140732.0,3.418483337507897e-05
2024-01-02,10:34:13,6.8615,26.81,25.0,3128,15140734.0,3.445931033510548e-05
2024-01-02,10:34:13,6.866,26.81,25.0,3131,15140735.0,3.429436082595234e-05
2024-01-02,10:34:13,6.8704,26.81,25.0,3134,15140734.0,3.413020089558949e-05
2024-01-02,10:34:13,6.8747,26.81,25.0,3132,15140734.0,3.423955330520559e-05
2024-01-02,10:34:13,6.8791,26.81,25.0,3129,15140734.0,3.440423920035846e-05
2024-01-02,10:34:13,6.8835,26.81,25.0,3130,15140735.0,3.434925607752613e-05
2024-01-02,10:34:13,6.8878,26.81,25.0,3131,15140732.0,3.429436082595234e-05
2024-01-02,10:34:13,6.8923,26.81,25.0,3130,15140731.0,3.434925607752613e-05
2024-01-02,10:34:13,6.8966,26.81,25.0,3129,15140731.0,3.440423920035846e-05
2024-01-02,10:34:13,6.9054,26.81,25.0,3130,15140731.0,3.434925607752613e-05
2024-01-02,10:34:13,6.9097,26.81,25.0,3129,15140730.0,3.440423920035846e-05
2024-01-02,10:34:13,6.9141,26.81,25.0,3130,15140728.0,3.434925607752613e-05
2024-01-02,10:34:13,6.9185,26.81,25.0,3131,15140729.0,3.429436082595234e-05
2024-01-02,10:34:13,6.9229,26.81,25.0,3131,15140729.0,3.429436082595234e-05
2024-01-02,10:34:13,6.9273,26.81,25.0,3130,15140729.0,3.434925607752613e-05
2024-01-02,10:34:13,6.9316,26.81,25.0,3130,15140727.0,3.434925607752613e-05
2024-01-02,10:34:13,6.936,26.81,25.0,3131,15140728.0,3.429436082595234e-05
2024-01-02,10:34:13,6.9403,26.81,25.0,3131,15140729.0,3.429436082595234e-05
2024-01-02,10:34:13,6.949,26.81,25.0,3131,15140728.0,3.429436082595234e-05
2024-01-02,10:34:13,6.9533,26.81,25.0,3131,15140728.0,3.429436082595234e-05
2024-01-02,10:34:13,6.9577,26.81,25.0,3132,15140728.0,3.423955330520559e-05
2024-01-02,10:34:13,6.9621,26.81,25.0,3133,15140729.0,3.418483337507897e-05
2024-01-02,10:34:13,6.9664,26.81,25.0,3132,15140728.0,3.423955330520559e-05
2024-01-02,10:34:13,6.9707,26.81,25.0,3131,15140727.0,3.429436082595234e-05
2024-01-02,10:34:13,6.9751,26.81,25.0,3131,15140729.0,3.429436082595234e-05
2024-01-02,10:34:13,6.9795,26.81,25.0,3131,15140728.0,3.429436082595234e-05
2024-01-02,10:34:13,6.9838,26.88,25.0,3131,15140727.0,3.429436082595234e-05
2024-01-02,10:34:13,6.9882,26.88,25.0,3130,15140727.0,3.434925607752613e-05
2024-01-02,10:34:13,6.997,26.88,25.0,3131,15140728.0,3.429436082595234e-05
2024-01-02,10:34:13,7.0014,26.88,25.0,3130,15140728.0,3.434925607752613e-05
2024-01-02,10:34:13,7.0057,26.88,25.0,3128,15140727.0,3.445931033510548e-05
2024-01-02,10:34:13,7.0101,26.88,25.0,3128,15140727.0,3.445931033510548e-05
2024-01-02,10:34:13,7.0146,26.88,25.0,3129,15140728.0,3.440423920035846e-05
2024-01-02,10:34:13,7.0189,26.88,25.0,3130,15140726.0,3.434925607752613e-05
2024-01-02,10:34:13,7.0233,26.88,25.0,3128,15140725.0,3.445931033510548e-05
2024-01-02,10:34:13,7.0276,26.88,25.0,3126,15140726.0,3.456971720409463e-05
2024-01-02,10:34:13,7.032,26.88,25.0,3127,15140727.0,3.45144696226486e-05
2024-01-02,10:34:13,7.0364,26.88,25.0,3128,15140726.0,3.445931033510548e-05
2024-01-02,10:34:13,7.0408,26.88,25.0,3126,15140726.0,3.456971720409463e-05
2024-01-02,10:34:13,7.0496,26.88,25.0,3125,15140725.0,3.462505322077639e-05
2024-01-02,10:34:13,7.054,26.88,25.0,3129,15140724.0,3.440423920035846e-05
2024-01-02,10:34:13,7.0584,26.88,25.0,3128,15140724.0,3.445931033510548e-05
2024-01-02,10:34:13,7.0629,26.88,25.0,3124,15140725.0,3.468047781425276e-05
2024-01-02,10:34:13,7.0673,26.88,25.0,3124,15140725.0,3.468047781425276e-05
2024-01-02,10:34:13,7.0716,26.88,25.0,3126,15140725.0,3.456971720409463e-05
2024-01-02,10:34:13,7.076,26.88,25.0,3126,15140725.0,3.456971720409463e-05
2024-01-02,10:34:13,7.0804,26.88,25.0,3124,15140725.0,3.468047781425276e-05
2024-01-02,10:34:13,7.0926,26.88,25.0,3126,15140723.0,3.456971720409463e-05
2024-01-02,10:34:13,7.1003,26.88,25.0,3124,15140723.0,3.468047781425276e-05
2024-01-02,10:34:13,7.1047,26.88,25.0,3124,15140724.0,3.468047781425276e-05
2024-01-02,10:34:13,7.1091,26.88,25.0,3127,15140725.0,3.45144696226486e-05
2024-01-02,10:34:13,7.1134,26.88,25.0,3126,15140724.0,3.456971720409463e-05
2024-01-02,10:34:13,7.1178,26.88,25.0,3124,15140724.0,3.468047781425276e-05
2024-01-02,10:34:13,7.1266,26.88,25.0,3126,15140723.0,3.456971720409463e-05
2024-01-02,10:34:13,7.1309,26.88,25.0,3126,15140724.0,3.456971720409463e-05
2024-01-02,10:34:13,7.1353,26.88,25.0,3124,15140724.0,3.468047781425276e-05
2024-01-02,10:34:13,7.1397,26.88,25.0,3123,15140724.0,3.47359911263094e-05
2024-01-02,10:34:13,7.1441,26.88,25.0,3125,15140724.0,3.462505322077639e-05
2024-01-02,10:34:13,7.1484,26.88,25.0,3125,15140724.0,3.462505322077639e-05
2024-01-02,10:34:13,7.1528,26.88,25.0,3123,15140723.0,3.47359911263094e-05
2024-01-02,10:34:13,7.1572,26.88,25.0,3122,15140724.0,3.479159329895876e-05
2024-01-02,10:34:13,7.1616,26.88,25.0,3123,15140724.0,3.47359911263094e-05
2024-01-02,10:34:13,7.166,26.88,25.0,3124,15140723.0,3.468047781425276e-05
2024-01-02,10:34:14,7.1747,26.88,25.0,3122,15140725.0,3.479159329895876e-05
2024-01-02,10:34:14,7.179,26.88,25.0,3123,15140724.0,3.47359911263094e-05
2024-01-02,10:34:14,7.1834,26.88,25.0,3123,15140724.0,3.47359911263094e-05
2024-01-02,10:34:14,7.1877,26.88,25.0,3122,15140723.0,3.479159329895876e-05
2024-01-02,10:34:14,7.1922,26.88,25.0,3122,15140724.0,3.479159329895876e-05
2024-01-02,10:34:14,7.1966,26.88,25.0,3123,15140724.0,3.47359911263094e-05
2024-01-02,10:34:14,7.2009,26.88,25.0,3123,15140724.0,3.47359911263094e-05
2024-01-02,10:34:14,7.2053,26.88,25.0,3122,15140723.0,3.479159329895876e-05
2024-01-02,10:34:14,7.2096,26.88,25.0,3121,15140723.0,3.484728447444074e-05
2024-01-02,10:34:14,7.214,26.88,25.0,3122,15140725.0,3.479159329895876e-05
2024-01-02,10:34:14,7.2228,26.88,25.0,3122,15140722.0,3.479159329895876e-05
2024-01-02,10:34:14,7.2271,26.88,25.0,3121,15140724.0,3.484728447444074e-05
2024-01-02,10:34:14,7.2315,26.88,25.0,3121,15140723.0,3.484728447444074e-05
2024-01-02,10:34:14,7.2358,26.88,25.0,3123,15140723.0,3.47359911263094e-05
2024-01-02,10:34:14,7.2402,26.88,25.0,3124,15140724.0,3.468047781425276e-05
2024-01-02,10:34:14,7.2446,26.88,25.0,3122,15140724.0,3.479159329895876e-05
2024-01-02,10:34:14,7.2489,26.88,25.0,3121,15140723.0,3.484728447444074e-05
2024-01-02,10:34:14,7.2533,26.88,25.0,3122,15140721.0,3.479159329895876e-05
2024-01-02,10:34:14,7.2577,26.88,25.0,3122,15140721.0,3.479159329895876e-05
2024-01-02,10:34:14,7.262,26.88,25.0,3121,15140723.0,3.484728447444074e-05
2024-01-02,10:34:14,7.2708,26.88,25.0,3121,15140724.0,3.484728447444074e-05
2024-01-02,10:34:14,7.2752,26.88,25.0,3122,15140723.0,3.479159329895876e-05
2024-01-02,10:34:14,7.2795,26.88,25.0,3122,15140724.0,3.479159329895876e-05
2024-01-02,10:34:14,7.2839,26.88,25.0,3122,15140723.0,3.479159329895876e-05
2024-01-02,10:34:14,7.2884,26.88,25.0,3123,15140723.0,3.47359911263094e-05
2024-01-02,10:34:14,7.2927,26.88,25.0,3122,15140723.0,3.479159329895876e-05
2024-01-02,10:34:14,7.2971,26.88,25.0,3120,15140723.0,3.490306479522282e-05
2024-01-02,10:34:14,7.3015,26.88,25.0,3120,15140723.0,3.490306479522282e-05
2024-01-02,10:34:14,7.3059,26.88,25.0,3121,15140723.0,3.484728447444074e-05
2024-01-02,10:34:14,7.3102,26.88,25.0,3121,15140723.0,3.484728447444074e-05
2024-01-02,10:34:14,7.319,26.88,25.0,3122,15140722.0,3.479159329895876e-05
2024-01-02,10:34:14,7.3234,26.88,25.0,3122,15140723.0,3.479159329895876e-05
2024-01-02,10:34:14,7.3278,26.88,25.0,3122,15140723.0,3.479159329895876e-05
2024-01-02,10:34:14,7.3322,26.88,25.0,3121,15140723.0,3.484728447444074e-05
2024-01-02,10:34:14,7.3366,26.88,25.0,3120,15140723.0,3.490306479522282e-05
2024-01-02,10:34:14,7.3428,26.88,25.0,3121,15140722.0,3.484728447444074e-05
2024-01-02,10:34:14,7.349,26.88,25.0,3121,15140722.0,3.484728447444074e-05
2024-01-02,10:34:14,7.3534,26.88,25.0,3122,15140721.0,3.479159329895876e-05
2024-01-02,10:34:14,7.3622,26.88,25.0,3120,15140723.0,3.490306479522282e-05
2024-01-02,10:34:14,7.3666,26.88,25.0,3120,15140722.0,3.490306479522282e-05
2024-01-02,10:34:14,7.371,26.88,25.0,3121,15140722.0,3.484728447444074e-05
2024-01-02,10:34:14,7.3753,26.88,25.0,3122,15140722.0,3.479159329895876e-05
2024-01-02,10:34:14,7.3797,26.88,25.0,3122,15140722.0,3.479159329895876e-05
2024-01-02,10:34:14,7.3841,26.88,25.0,3121,15140721.0,3.484728447444074e-05
2024-01-02,10:34:14,7.3884,26.88,25.0,3121,15140721.0,3.484728447444074e-05
2024-01-02,10:34:14,7.3928,26.88,25.0,3121,15140721.0,3.484728447444074e-05
2024-01-02,10:34:14,7.3972,26.88,25.0,3120,15140721.0,3.490306479522282e-05
2024-01-02,10:34:14,7.4016,26.88,25.0,3120,15140722.0,3.490306479522282e-05
2024-01-02,10:34:14,7.4104,26.88,25.0,3122,15140720.0,3.479159329895876e-05
2024-01-02,10:34:14,7.4148,26.88,25.0,3121,15140721.0,3.484728447444074e-05
2024-01-02,10:34:14,7.4192,26.88,25.0,3120,15140721.0,3.490306479522282e-05
2024-01-02,10:34:14,7.4236,26.88,25.0,3120,15140721.0,3.490306479522282e-05
2024-01-02,10:34:14,7.428,26.88,25.0,3120,15140721.0,3.490306479522282e-05
2024-01-02,10:34:14,7.4324,26.88,25.0,3122,15140720.0,3.479159329895876e-05
2024-01-02,10:34:14,7.4367,26.88,25.0,3121,15140720.0,3.484728447444074e-05
2024-01-02,10:34:14,7.4411,26.88,25.0,3120,15140720.0,3.490306479522282e-05
2024-01-02,10:34:14,7.4455,26.88,25.0,3121,15140720.0,3.484728447444074e-05
2024-01-02,10:34:14,7.4499,26.88,25.0,3120,15140720.0,3.490306479522282e-05
2024-01-02,10:34:14,7.4544,26.88,25.0,3120,15140723.0,3.490306479522282e-05
2024-01-02,10:34:14,7.4631,26.88,25.0,3119,15140719.0,3.495893440400065e-05
2024-01-02,10:34:14,7.4674,26.88,25.0,3120,15140720.0,3.490306479522282e-05
2024-01-02,10:34:14,7.4718,26.88,25.0,3121,15140721.0,3.484728447444074e-05
2024-01-02,10:34:14,7.4762,26.88,25.0,3120,15140721.0,3.490306479522282e-05
2024-01-02,10:34:14,7.4806,26.88,25.0,3119,15140720.0,3.495893440400065e-05
2024-01-02,10:34:14,7.485,26.88,25.0,3119,15140720.0,3.495893440400065e-05
2024-01-02,10:34:14,7.4894,26.88,25.0,3120,15140720.0,3.490306479522282e-05
2024-01-02,10:34:14,7.4938,26.88,25.0,3120,15140721.0,3.490306479522282e-05
2024-01-02,10:34:14,7.4981,26.88,25.0,3119,15140721.0,3.495893440400065e-05
2024-01-02,10:34:14,7.5026,26.88,25.0,3119,15140720.0,3.495893440400065e-05
2024-01-02,10:34:14,7.5113,26.88,25.0,3118,15140722.0,3.501489344369814e-05
2024-01-02,10:34:14,7.5157,26.88,25.0,3119,15140722.0,3.495893440400065e-05
2024-01-02,10:34:14,7.52,26.88,25.0,3120,15140722.0,3.490306479522282e-05
2024-01-02,10:34:14,7.5244,26.88,25.0,3119,15140720.0,3.495893440400065e-05
2024-01-02,10:34:14,7.5288,26.88,25.0,3118,15140721.0,3.501489344369814e-05
2024-01-02,10:34:14,7.5332,26.88,25.0,3119,15140721.0,3.495893440400065e-05
2024-01-02,10:34:14,7.5376,26.88,25.0,3119,15140721.0,3.495893440400065e-05
2024-01-02,10:34:14,7.542,26.88,25.0,3119,15140721.0,3.495893440400065e-05
2024-01-02,10:34:14,7.5464,26.88,25.0,3118,15140721.0,3.501489344369814e-05
2024-01-02,10:34:14,7.5508,26.88,25.0,3118,15140722.0,3.501489344369814e-05
2024-01-02,10:34:14,7.5552,26.88,25.0,3119,15140721.0,3.495893440400065e-05
2024-01-02,10:34:14,7.5639,26.88,25.0,3118,15140721.0,3.501489344369814e-05
2024-01-02,10:34:14,7.5684,26.88,25.0,3119,15140721.0,3.495893440400065e-05
2024-01-02,10:34:14,7.5728,26.88,25.0,3120,15140720.0,3.490306479522282e-05
2024-01-02,10:34:14,7.5771,26.88,25.0,3120,15140720.0,3.490306479522282e-05
2024-01-02,10:34:14,7.5815,26.88,25.0,3119,15140721.0,3.495893440400065e-05
2024-01-02,10:34:14,7.5858,26.88,25.0,3119,15140721.0,3.495893440400065e-05
2024-01-02,10:34:14,7.5921,26.88,25.0,3119,15140720.0,3.495893440400065e-05
2024-01-02,10:34:14,7.5984,26.88,25.0,3119,15140720.0,3.495893440400065e-05
2024-01-02,10:34:14,7.6072,26.88,25.0,3119,15140718.0,3.495893440400065e-05
2024-01-02,10:34:14,7.6116,26.88,25.0,3119,15140720.0,3.495893440400065e-05
2024-01-02,10:34:14,7.6159,26.88,25.0,3119,15140720.0,3.495893440400065e-05
2024-01-02,10:34:14,7.6204,26.88,25.0,3119,15140720.0,3.495893440400065e-05
2024-01-02,10:34:14,7.6248,26.88,25.0,3118,15140720.0,3.501489344369814e-05
2024-01-02,10:34:14,7.6292,26.88,25.0,3118,15140719.0,3.501489344369814e-05
2024-01-02,10:34:14,7.6336,26.88,25.0,3119,15140719.0,3.495893440400065e-05
2024-01-02,10:34:14,7.638,26.88,25.0,3120,15140719.0,3.490306479522282e-05
2024-01-02,10:34:14,7.6424,26.88,25.0,3120,15140720.0,3.490306479522282e-05
2024-01-02,10:34:14,7.6468,26.88,25.0,3119,15140719.0,3.495893440400065e-05
2024-01-02,10:34:14,7.6555,26.88,25.0,3120,15140720.0,3.490306479522282e-05
2024-01-02,10:34:14,7.6599,26.88,25.0,3120,15140718.0,3.490306479522282e-05
2024-01-02,10:34:14,7.6642,26.88,25.0,3119,15140719.0,3.495893440400065e-05
2024-01-02,10:34:14,7.6686,26.88,25.0,3118,15140718.0,3.501489344369814e-05
2024-01-02,10:34:14,7.6731,26.88,25.0,3119,15140719.0,3.495893440400065e-05
2024-01-02,10:34:14,7.6775,26.88,25.0,3120,15140719.0,3.490306479522282e-05
2024-01-02,10:34:14,7.6818,26.88,25.0,3120,15140719.0,3.490306479522282e-05
2024-01-02,10:34:14,7.6862,26.88,25.0,3119,15140719.0,3.495893440400065e-05
2024-01-02,10:34:14,7.6906,26.88,25.0,3119,15140719.0,3.495893440400065e-05
2024-01-02,10:34:14,7.695,26.88,25.0,3120,15140721.0,3.490306479522282e-05
2024-01-02,10:34:14,7.6994,26.88,25.0,3119,15140720.0,3.495893440400065e-05
2024-01-02,10:34:14,7.7081,26.88,25.0,3119,15140720.0,3.495893440400065e-05
2024-01-02,10:34:14,7.7125,26.88,25.0,3120,15140719.0,3.490306479522282e-05
2024-01-02,10:34:14,7.717,26.88,25.0,3120,15140719.0,3.490306479522282e-05
2024-01-02,10:34:14,7.7213,26.88,25.0,3119,15140718.0,3.495893440400065e-05
2024-01-02,10:34:14,7.7257,26.88,25.0,3119,15140718.0,3.495893440400065e-05
2024-01-02,10:34:14,7.7301,26.88,25.0,3119,15140719.0,3.495893440400065e-05
2024-01-02,10:34:14,7.7345,26.88,25.0,3119,15140720.0,3.495893440400065e-05
2024-01-02,10:34:14,7.7388,26.88,25.0,3119,15140720.0,3.495893440400065e-05
2024-01-02,10:34:14,7.7431,26.88,25.0,3119,15140720.0,3.495893440400065e-05
2024-01-02,10:34:14,7.7476,26.88,25.0,3119,15140720.0,3.495893440400065e-05
2024-01-02,10:34:14,7.7564,26.88,25.0,3118,15140718.0,3.501489344369814e-05
2024-01-02,10:34:14,7.7607,26.88,25.0,3119,15140719.0,3.495893440400065e-05
2024-01-02,10:34:14,7.7652,26.88,25.0,3119,15140719.0,3.495893440400065e-05
2024-01-02,10:34:14,7.7696,26.88,25.0,3118,15140719.0,3.501489344369814e-05
2024-01-02,10:34:14,7.774,26.88,25.0,3118,15140719.0,3.501489344369814e-05
2024-01-02,10:34:14,7.7784,26.88,25.0,3120,15140720.0,3.490306479522282e-05
2024-01-02,10:34:14,7.7828,26.88,25.0,3121,15140720.0,3.484728447444074e-05
2024-01-02,10:34:14,7.7871,26.88,25.0,3119,15140720.0,3.495893440400065e-05
2024-01-02,10:34:14,7.7915,26.88,25.0,3118,15140719.0,3.501489344369814e-05
2024-01-02,10:34:14,7.7959,26.88,25.0,3119,15140719.0,3.495893440400065e-05
2024-01-02,10:34:14,7.8004,26.88,25.0,3119,15140720.0,3.495893440400065e-05
2024-01-02,10:34:14,7.8091,26.88,25.0,3118,15140719.0,3.501489344369814e-05
2024-01-02,10:34:14,7.8134,26.88,25.0,3119,15140720.0,3.495893440400065e-05
2024-01-02,10:34:14,7.8178,26.88,25.0,3120,15140720.0,3.490306479522282e-05
2024-01-02,10:34:14,7.8222,26.88,25.0,3119,15140720.0,3.495893440400065e-05
2024-01-02,10:34:14,7.8267,26.88,25.0,3119,15140720.0,3.495893440400065e-05
2024-01-02,10:34:14,7.8311,26.88,25.0,3120,15140720.0,3.490306479522282e-05
2024-01-02,10:34:14,7.8355,26.88,25.0,3119,15140719.0,3.495893440400065e-05
2024-01-02,10:34:14,7.8417,26.88,25.0,3117,15140718.0,3.507094205746813e-05
2024-01-02,10:34:14,7.8523,26.88,25.0,3120,15140721.0,3.490306479522282e-05
2024-01-02,10:34:14,7.8567,26.88,25.0,3119,15140720.0,3.495893440400065e-05
2024-01-02,10:34:14,7.8612,26.88,25.0,3119,15140720.0,3.495893440400065e-05
2024-01-02,10:34:14,7.8656,26.88,25.0,3120,15140720.0,3.490306479522282e-05
2024-01-02,10:34:14,7.87,26.88,25.0,3121,15140719.0,3.484728447444074e-05
2024-01-02,10:34:14,7.8743,26.88,25.0,3119,15140718.0,3.495893440400065e-05
2024-01-02,10:34:14,7.8788,26.88,25.0,3119,15140718.0,3.495893440400065e-05
2024-01-02,10:34:14,7.8832,26.88,25.0,3119,15140718.0,3.495893440400065e-05
2024-01-02,10:34:14,7.8875,26.88,25.0,3119,15140718.0,3.495893440400065e-05
2024-01-02,10:34:14,7.8919,26.88,25.0,3120,15140719.0,3.490306479522282e-05
2024-01-02,10:34:14,7.9007,26.88,25.0,3119,15140717.0,3.495893440400065e-05
2024-01-02,10:34:14,7.9051,26.88,25.0,3120,15140717.0,3.490306479522282e-05
2024-01-02,10:34:14,7.9094,26.88,25.0,3119,15140717.0,3.495893440400065e-05
2024-01-02,10:34:14,7.9138,26.88,25.0,3118,15140718.0,3.501489344369814e-05
2024-01-02,10:34:14,7.9182,26.88,25.0,3118,15140718.0,3.501489344369814e-05
2024-01-02,10:34:14,7.9227,26.88,25.0,3119,15140718.0,3.495893440400065e-05
2024-01-02,10:34:14,7.9271,26.88,25.0,3120,15140719.0,3.490306479522282e-05
2024-01-02,10:34:14,7.9314,26.88,25.0,3120,15140719.0,3.490306479522282e-05
2024-01-02,10:34:14,7.9358,26.88,25.0,3120,15140719.0,3.490306479522282e-05
2024-01-02,10:34:14,7.9402,26.88,25.0,3119,15140719.0,3.495893440400065e-05
2024-01-02,10:34:14,7.9446,26.88,25.0,3119,15140719.0,3.495893440400065e-05
2024-01-02,10:34:14,7.9534,26.88,25.0,3119,15140718.0,3.495893440400065e-05
2024-01-02,10:34:14,7.9578,26.88,25.0,3120,15140718.0,3.490306479522282e-05
2024-01-02,10:34:14,7.9621,26.88,25.0,3120,15140719.0,3.490306479522282e-05
2024-01-02,10:34:14,7.9665,26.88,25.0,3119,15140720.0,3.495893440400065e-05
2024-01-02,10:34:14,7.9708,26.88,25.0,3119,15140720.0,3.495893440400065e-05
2024-01-02,10:34:14,7.9753,26.88,25.0,3119,15140720.0,3.495893440400065e-05
2024-01-02,10:34:14,7.9797,26.88,25.0,3119,15140720.0,3.495893440400065e-05
2024-01-02,10:34:14,7.984,26.88,25.0,3118,15140720.0,3.501489344369814e-05
2024-01-02,10:34:14,7.9884,26.88,25.0,3119,15140721.0,3.495893440400065e-05
2024-01-02,10:34:14,7.9928,26.88,25.0,3118,15140720.0,3.501489344369814e-05
2024-01-02,10:34:14,8.0016,26.88,25.0,3119,15140721.0,3.495893440400065e-05
2024-01-02,10:34:14,8.006,26.88,25.0,3119,15140720.0,3.495893440400065e-05
2024-01-02,10:34:14,8.0105,26.88,25.0,3119,15140721.0,3.495893440400065e-05
2024-01-02,10:34:14,8.0149,26.88,25.0,3119,15140722.0,3.495893440400065e-05
2024-01-02,10:34:14,8.0192,26.88,25.0,3118,15140722.0,3.501489344369814e-05
2024-01-02,10:34:14,8.0236,26.88,25.0,3118,15140721.0,3.501489344369814e-05
2024-01-02,10:34:14,8.028,26.88,25.0,3119,15140721.0,3.495893440400065e-05
2024-01-02,10:34:14,8.0324,26.88,25.0,3118,15140721.0,3.501489344369814e-05
2024-01-02,10:34:14,8.0368,26.88,25.0,3118,15140720.0,3.501489344369814e-05
2024-01-02,10:34:14,8.0411,26.88,25.0,3118,15140720.0,3.501489344369814e-05
2024-01-02,10:34:14,8.0455,26.88,25.0,3119,15140720.0,3.495893440400065e-05
2024-01-02,10:34:14,8.0544,26.88,25.0,3119,15140721.0,3.495893440400065e-05
2024-01-02,10:34:14,8.0588,26.88,25.0,3121,15140721.0,3.484728447444074e-05
2024-01-02,10:34:14,8.0632,26.88,25.0,3121,15140721.0,3.484728447444074e-05
2024-01-02,10:34:14,8.0676,26.88,25.0,3120,15140719.0,3.490306479522282e-05
2024-01-02,10:34:14,8.072,26.88,25.0,3119,15140719.0,3.495893440400065e-05
2024-01-02,10:34:14,8.0763,26.88,25.0,3119,15140720.0,3.495893440400065e-05
2024-01-02,10:34:14,8.0807,26.88,25.0,3120,15140719.0,3.490306479522282e-05
2024-01-02,10:34:14,8.0929,26.88,25.0,3122,15140720.0,3.479159329895876e-05
2024-01-02,10:34:14,8.1006,26.88,25.0,3120,15140719.0,3.490306479522282e-05
2024-01-02,10:34:14,8.1051,26.88,25.0,3120,15140719.0,3.490306479522282e-05
2024-01-02,10:34:14,8.1095,26.88,25.0,3119,15140718.0,3.495893440400065e-05
2024-01-02,10:34:14,8.1139,26.88,25.0,3119,15140717.0,3.495893440400065e-05
2024-01-02,10:34:14,8.1183,26.88,25.0,3120,15140719.0,3.490306479522282e-05
2024-01-02,10:34:14,8.1271,26.88,25.0,3119,15140718.0,3.495893440400065e-05
2024-01-02,10:34:14,8.1314,26.88,25.0,3119,15140719.0,3.495893440400065e-05
2024-01-02,10:34:14,8.1358,26.88,25.0,3120,15140720.0,3.490306479522282e-05
2024-01-02,10:34:14,8.1402,26.88,25.0,3121,15140720.0,3.484728447444074e-05
2024-01-02,10:34:14,8.1447,26.88,25.0,3120,15140719.0,3.490306479522282e-05
2024-01-02,10:34:14,8.149,26.88,25.0,3119,15140719.0,3.495893440400065e-05
2024-01-02,10:34:14,8.1534,26.88,25.0,3118,15140718.0,3.501489344369814e-05
2024-01-02,10:34:14,8.1577,26.88,25.0,3117,15140718.0,3.507094205746813e-05
2024-01-02,10:34:14,8.1621,26.88,25.0,3118,15140720.0,3.501489344369814e-05
2024-01-02,10:34:14,8.1666,26.88,25.0,3118,15140719.0,3.501489344369814e-05
2024-01-02,10:34:15,8.1709,26.88,25.0,3119,15140720.0,3.495893440400065e-05
2024-01-02,10:34:15,8.1797,26.88,25.0,3119,15140719.0,3.495893440400065e-05
2024-01-02,10:34:15,8.1842,26.88,25.0,3119,15140720.0,3.495893440400065e-05
2024-01-02,10:34:15,8.1885,26.88,25.0,3118,15140719.0,3.501489344369814e-05
2024-01-02,10:34:15,8.1929,26.88,25.0,3118,15140719.0,3.501489344369814e-05
2024-01-02,10:34:15,8.1973,26.88,25.0,3119,15140720.0,3.495893440400065e-05
2024-01-02,10:34:15,8.2017,26.88,25.0,3120,15140720.0,3.490306479522282e-05
2024-01-02,10:34:15,8.2061,26.88,25.0,3120,15140720.0,3.490306479522282e-05
2024-01-02,10:34:15,8.2105,26.88,25.0,3119,15140719.0,3.495893440400065e-05
2024-01-02,10:34:15,8.2149,26.88,25.0,3120,15140720.0,3.490306479522282e-05
2024-01-02,10:34:15,8.2193,26.88,25.0,3120,15140720.0,3.490306479522282e-05
2024-01-02,10:34:15,8.228,26.88,25.0,3119,15140720.0,3.495893440400065e-05
2024-01-02,10:34:15,8.2324,26.88,25.0,3120,15140719.0,3.490306479522282e-05
2024-01-02,10:34:15,8.2368,26.88,25.0,3119,15140719.0,3.495893440400065e-05
2024-01-02,10:34:15,8.2412,26.88,25.0,3117,15140718.0,3.507094205746813e-05
2024-01-02,10:34:15,8.2455,26.88,25.0,3115,15140719.0,3.518330858098268e-05
2024-01-02,10:34:15,8.2499,26.88,25.0,3116,15140721.0,3.512708038869248e-05
2024-01-02,10:34:15,8.2543,26.88,25.0,3117,15140721.0,3.507094205746813e-05
2024-01-02,10:34:15,8.2588,26.88,25.0,3118,15140721.0,3.501489344369814e-05
2024-01-02,10:34:15,8.2632,26.88,25.0,3118,15140721.0,3.501489344369814e-05
2024-01-02,10:34:15,8.2676,26.88,25.0,3118,15140721.0,3.501489344369814e-05
2024-01-02,10:34:15,8.272,26.88,25.0,3118,15140721.0,3.501489344369814e-05
2024-01-02,10:34:15,8.2807,26.88,25.0,3117,15140721.0,3.507094205746813e-05
2024-01-02,10:34:15,8.2851,26.88,25.0,3118,15140721.0,3.501489344369814e-05
2024-01-02,10:34:15,8.2894,26.88,25.0,3120,15140720.0,3.490306479522282e-05
2024-01-02,10:34:15,8.2939,26.88,25.0,3120,15140720.0,3.490306479522282e-05
2024-01-02,10:34:15,8.2983,26.88,25.0,3119,15140720.0,3.495893440400065e-05
2024-01-02,10:34:15,8.3026,26.88,25.0,3117,15140719.0,3.507094205746813e-05
2024-01-02,10:34:15,8.307,26.88,25.0,3116,15140720.0,3.512708038869248e-05
2024-01-02,10:34:15,8.3115,26.88,25.0,3117,15140720.0,3.507094205746813e-05
2024-01-02,10:34:15,8.3159,26.88,25.0,3117,15140719.0,3.507094205746813e-05
2024-01-02,10:34:15,8.3203,26.88,25.0,3117,15140720.0,3.507094205746813e-05
2024-01-02,10:34:15,8.3289,26.88,25.0,3118,15140717.0,3.501489344369814e-05
2024-01-02,10:34:15,8.3334,26.88,25.0,3118,15140718.0,3.501489344369814e-05
2024-01-02,10:34:15,8.3378,26.88,25.0,3119,15140719.0,3.495893440400065e-05
2024-01-02,10:34:15,8.344,26.88,25.0,3120,15140718.0,3.490306479522282e-05
2024-01-02,10:34:15,8.3504,26.88,25.0,3118,15140716.0,3.501489344369814e-05
2024-01-02,10:34:15,8.3547,26.88,25.0,3117,15140717.0,3.507094205746813e-05
2024-01-02,10:34:15,8.3591,26.88,25.0,3119,15140718.0,3.495893440400065e-05
2024-01-02,10:34:15,8.3635,26.88,25.0,3120,15140716.0,3.490306479522282e-05
2024-01-02,10:34:15,8.3723,26.88,25.0,3119,15140718.0,3.495893440400065e-05
2024-01-02,10:34:15,8.3766,26.88,25.0,3119,15140717.0,3.495893440400065e-05
2024-01-02,10:34:15,8.3811,26.88,25.0,3119,15140716.0,3.495893440400065e-05
2024-01-02,10:34:15,8.3855,26.88,25.0,3118,15140716.0,3.501489344369814e-05
2024-01-02,10:34:15,8.3899,26.88,25.0,3118,15140715.0,3.501489344369814e-05
2024-01-02,10:34:15,8.3942,26.88,25.0,3118,15140716.0,3.501489344369814e-05
2024-01-02,10:34:15,8.3986,26.88,25.0,3118,15140716.0,3.501489344369814e-05
2024-01-02,10:34:15,8.403,26.88,25.0,3117,15140715.0,3.507094205746813e-05
2024-01-02,10:34:15,8.4074,26.88,25.0,3116,15140715.0,3.512708038869248e-05
2024-01-02,10:34:15,8.4118,26.88,25.0,3117,15140716.0,3.507094205746813e-05
2024-01-02,10:34:15,8.4162,26.88,25.0,3117,15140716.0,3.507094205746813e-05
2024-01-02,10:34:15,8.4251,26.88,25.0,3115,15140717.0,3.518330858098268e-05
2024-01-02,10:34:15,8.4295,26.88,25.0,3115,15140716.0,3.518330858098268e-05
2024-01-02,10:34:15,8.4339,26.88,25.0,3116,15140716.0,3.512708038869248e-05
2024-01-02,10:34:15,8.4383,26.88,25.0,3116,15140716.0,3.512708038869248e-05
2024-01-02,10:34:15,8.4427,26.88,25.0,3115,15140716.0,3.518330858098268e-05
2024-01-02,10:34:15,8.447,26.88,25.0,3115,15140716.0,3.518330858098268e-05
2024-01-02,10:34:15,8.4514,26.88,25.0,3115,15140716.0,3.518330858098268e-05
2024-01-02,10:34:15,8.4557,26.88,25.0,3116,15140716.0,3.512708038869248e-05
2024-01-02,10:34:15,8.4601,26.88,25.0,3114,15140716.0,3.523962677818e-05
2024-01-02,10:34:15,8.4645,26.88,25.0,3113,15140715.0,3.529603512435602e-05
2024-01-02,10:34:15,8.469,26.88,25.0,3114,15140713.0,3.523962677818e-05
2024-01-02,10:34:15,8.4779,26.88,25.0,3113,15140714.0,3.529603512435602e-05
2024-01-02,10:34:15,8.4823,26.88,25.0,3112,15140713.0,3.535253376381289e-05
2024-01-02,10:34:15,8.4867,26.88,25.0,3112,15140712.0,3.535253376381289e-05
2024-01-02,10:34:15,8.4912,26.88,25.0,3114,15140713.0,3.523962677818e-05
2024-01-02,10:34:15,8.4956,26.88,25.0,3113,15140713.0,3.529603512435602e-05
2024-01-02,10:34:15,8.4999,26.88,25.0,3112,15140712.0,3.535253376381289e-05
2024-01-02,10:34:15,8.5043,26.88,25.0,3113,15140712.0,3.529603512435602e-05
2024-01-02,10:34:15,8.5087,26.88,25.0,3112,15140711.0,3.535253376381289e-05
2024-01-02,10:34:15,8.5131,26.88,25.0,3111,15140711.0,3.540912284108381e-05
2024-01-02,10:34:15,8.5175,26.88,25.0,3111,15140710.0,3.540912284108381e-05
2024-01-02,10:34:15,8.522,26.88,25.0,3110,15140710.0,3.546580250093324e-05
2024-01-02,10:34:15,8.5307,26.88,25.0,3111,15140711.0,3.540912284108381e-05
2024-01-02,10:34:15,8.5351,26.88,25.0,3109,15140709.0,3.55225728883575e-05
2024-01-02,10:34:15,8.5395,26.88,25.0,3110,15140708.0,3.546580250093324e-05
2024-01-02,10:34:15,8.5439,26.88,25.0,3110,15140709.0,3.546580250093324e-05
2024-01-02,10:34:15,8.5483,26.88,25.0,3108,15140710.0,3.557943414858484e-05
2024-01-02,10:34:15,8.5527,26.88,25.0,3107,15140708.0,3.563638642707614e-05
2024-01-02,10:34:15,8.5572,26.88,25.0,3109,15140708.0,3.55225728883575e-05
2024-01-02,10:34:15,8.5616,26.88,25.0,3109,15140708.0,3.55225728883575e-05
2024-01-02,10:34:15,8.566,26.88,25.0,3108,15140708.0,3.557943414858484e-05
2024-01-02,10:34:15,8.5705,26.88,25.0,3108,15140709.0,3.557943414858484e-05
2024-01-02,10:34:15,8.5749,26.88,25.0,3107,15140708.0,3.563638642707614e-05
2024-01-02,10:34:15,8.5836,26.88,25.0,3106,15140709.0,3.5693429869525e-05
2024-01-02,10:34:15,8.5881,26.88,25.0,3107,15140709.0,3.563638642707614e-05
2024-01-02,10:34:15,8.5944,26.88,25.0,3108,15140707.0,3.557943414858484e-05
2024-01-02,10:34:15,8.6006,26.88,25.0,3108,15140707.0,3.557943414858484e-05
2024-01-02,10:34:15,8.6051,26.88,25.0,3109,15140707.0,3.55225728883575e-05
2024-01-02,10:34:15,8.6096,26.88,25.0,3109,15140707.0,3.55225728883575e-05
2024-01-02,10:34:15,8.6139,26.88,25.0,3110,15140706.0,3.546580250093324e-05
2024-01-02,10:34:15,8.6183,26.88,25.0,3110,15140706.0,3.546580250093324e-05
2024-01-02,10:34:15,8.6227,26.88,25.0,3111,15140706.0,3.540912284108381e-05
2024-01-02,10:34:15,8.6315,26.88,25.0,3112,15140705.0,3.535253376381289e-05
2024-01-02,10:34:15,8.6359,26.88,25.0,3112,15140704.0,3.535253376381289e-05
2024-01-02,10:34:15,8.6404,26.88,25.0,3110,15140706.0,3.546580250093324e-05
2024-01-02,10:34:15,8.6448,26.88,25.0,3111,15140707.0,3.540912284108381e-05
2024-01-02,10:34:15,8.6492,26.88,25.0,3112,15140706.0,3.535253376381289e-05
2024-01-02,10:34:15,8.6536,26.88,25.0,3111,15140705.0,3.540912284108381e-05
2024-01-02,10:34:15,8.658,26.88,25.0,3111,15140705.0,3.540912284108381e-05
2024-01-02,10:34:15,8.6624,26.88,25.0,3111,15140705.0,3.540912284108381e-05
2024-01-02,10:34:15,8.6668,26.88,25.0,3110,15140705.0,3.546580250093324e-05
2024-01-02,10:34:15,8.6713,26.88,25.0,3110,15140706.0,3.546580250093324e-05
2024-01-02,10:34:15,8.6756,26.88,25.0,3110,15140705.0,3.546580250093324e-05
2024-01-02,10:34:15,8.6844,26.88,25.0,3108,15140708.0,3.557943414858484e-05
2024-01-02,10:34:15,8.6888,26.88,25.0,3109,15140707.0,3.55225728883575e-05
2024-01-02,10:34:15,8.6932,26.88,25.0,3109,15140707.0,3.55225728883575e-05
2024-01-02,10:34:15,8.6976,26.88,25.0,3108,15140706.0,3.557943414858484e-05
2024-01-02,10:34:15,8.702,26.88,25.0,3111,15140704.0,3.540912284108381e-05
2024-01-02,10:34:15,8.7065,26.88,25.0,3111,15140705.0,3.540912284108381e-05
2024-01-02,10:34:15,8.7109,26.88,25.0,3110,15140706.0,3.546580250093324e-05
2024-01-02,10:34:15,8.7153,26.88,25.0,3110,15140706.0,3.546580250093324e-05
2024-01-02,10:34:15,8.7197,26.88,25.0,3109,15140706.0,3.55225728883575e-05
2024-01-02,10:34:15,8.7241,26.88,25.0,3109,15140706.0,3.55225728883575e-05
2024-01-02,10:34:15,8.7285,26.88,25.0,3111,15140706.0,3.540912284108381e-05
2024-01-02,10:34:15,8.7373,26.88,25.0,3111,15140707.0,3.540912284108381e-05
2024-01-02,10:34:15,8.7417,26.88,25.0,3111,15140706.0,3.540912284108381e-05
2024-01-02,10:34:15,8.746,26.88,25.0,3110,15140707.0,3.546580250093324e-05
2024-01-02,10:34:15,8.7504,26.88,25.0,3110,15140707.0,3.546580250093324e-05
2024-01-02,10:34:15,8.7549,26.88,25.0,3109,15140708.0,3.55225728883575e-05
2024-01-02,10:34:15,8.7593,26.88,25.0,3111,15140709.0,3.540912284108381e-05
2024-01-02,10:34:15,8.7637,26.88,25.0,3110,15140709.0,3.546580250093324e-05
2024-01-02,10:34:15,8.7682,26.88,25.0,3110,15140709.0,3.546580250093324e-05
2024-01-02,10:34:15,8.7725,26.88,25.0,3109,15140709.0,3.55225728883575e-05
2024-01-02,10:34:15,8.7769,26.88,25.0,3109,15140709.0,3.55225728883575e-05
2024-01-02,10:34:15,8.7813,26.88,25.0,3108,15140708.0,3.557943414858484e-05
2024-01-02,10:34:15,8.7901,26.88,25.0,3109,15140708.0,3.55225728883575e-05
2024-01-02,10:34:15,8.7945,26.88,25.0,3109,15140707.0,3.55225728883575e-05
2024-01-02,10:34:15,8.7989,26.88,25.0,3110,15140707.0,3.546580250093324e-05
2024-01-02,10:34:15,8.8033,26.88,25.0,3111,15140707.0,3.540912284108381e-05
2024-01-02,10:34:15,8.8077,26.88,25.0,3111,15140707.0,3.540912284108381e-05
2024-01-02,10:34:15,8.8121,26.88,25.0,3110,15140707.0,3.546580250093324e-05
2024-01-02,10:34:15,8.8165,26.88,25.0,3110,15140708.0,3.546580250093324e-05
2024-01-02,10:34:15,8.8209,26.88,25.0,3110,15140708.0,3.546580250093324e-05
2024-01-02,10:34:15,8.8253,26.88,25.0,3110,15140707.0,3.546580250093324e-05
2024-01-02,10:34:15,8.8297,26.88,25.0,3109,15140707.0,3.55225728883575e-05
2024-01-02,10:34:15,8.8396,26.88,25.0,3107,15140709.0,3.563638642707614e-05
2024-01-02,10:34:15,8.8496,26.88,25.0,3108,15140708.0,3.557943414858484e-05
2024-01-02,10:34:15,8.8541,26.88,25.0,3110,15140707.0,3.546580250093324e-05
2024-01-02,10:34:15,8.8585,26.88,25.0,3110,15140709.0,3.546580250093324e-05
2024-01-02,10:34:15,8.8672,26.88,25.0,3112,15140706.0,3.535253376381289e-05
2024-01-02,10:34:15,8.8716,26.88,25.0,3110,15140708.0,3.546580250093324e-05
2024-01-02,10:34:15,8.8761,26.88,25.0,3110,15140709.0,3.546580250093324e-05
2024-01-02,10:34:15,8.8805,26.88,25.0,3111,15140708.0,3.540912284108381e-05
2024-01-02,10:34:15,8.8849,26.88,25.0,3111,15140708.0,3.540912284108381e-05
2024-01-02,10:34:15,8.8892,26.88,25.0,3111,15140708.0,3.540912284108381e-05
2024-01-02,10:34:15,8.8937,26.88,25.0,3110,15140707.0,3.546580250093324e-05
2024-01-02,10:34:15,8.8981,26.88,25.0,3111,15140708.0,3.540912284108381e-05
2024-01-02,10:34:15,8.9025,26.88,25.0,3111,15140708.0,3.540912284108381e-05
2024-01-02,10:34:15,8.9069,26.88,25.0,3111,15140707.0,3.540912284108381e-05
2024-01-02,10:34:15,8.9113,26.88,25.0,3111,15140707.0,3.540912284108381e-05
2024-01-02,10:34:15,8.9201,26.88,25.0,3111,15140707.0,3.540912284108381e-05
2024-01-02,10:34:15,8.9246,26.88,25.0,3113,15140707.0,3.529603512435602e-05
2024-01-02,10:34:15,8.9291,26.88,25.0,3112,15140706.0,3.535253376381289e-05
2024-01-02,10:34:15,8.9334,26.88,25.0,3111,15140706.0,3.540912284108381e-05
2024-01-02,10:34:15,8.9378,26.88,25.0,3111,15140706.0,3.540912284108381e-05
2024-01-02,10:34:15,8.9422,26.88,25.0,3113,15140705.0,3.529603512435602e-05
2024-01-02,10:34:15,8.9467,26.88,25.0,3113,15140706.0,3.529603512435602e-05
2024-01-02,10:34:15,8.951,26.88,25.0,3113,15140706.0,3.529603512435602e-05
2024-01-02,10:34:15,8.9554,26.88,25.0,3113,15140706.0,3.529603512435602e-05
2024-01-02,10:34:15,8.9598,26.88,25.0,3111,15140706.0,3.540912284108381e-05
2024-01-02,10:34:15,8.9642,26.88,25.0,3111,15140707.0,3.540912284108381e-05
2024-01-02,10:34:15,8.9731,26.88,25.0,3111,15140706.0,3.540912284108381e-05
2024-01-02,10:34:15,8.9775,26.88,25.0,3111,15140707.0,3.540912284108381e-05
2024-01-02,10:34:15,8.9819,26.88,25.0,3111,15140707.0,3.540912284108381e-05
2024-01-02,10:34:15,8.9863,26.88,25.0,3110,15140708.0,3.546580250093324e-05
2024-01-02,10:34:15,8.9907,26.88,25.0,3110,15140708.0,3.546580250093324e-05
2024-01-02,10:34:15,8.9951,26.88,25.0,3111,15140707.0,3.540912284108381e-05
2024-01-02,10:34:15,8.9995,26.88,25.0,3112,15140708.0,3.535253376381289e-05
2024-01-02,10:34:15,9.0039,26.88,25.0,3112,15140708.0,3.535253376381289e-05
2024-01-02,10:34:15,9.0083,26.88,25.0,3111,15140708.0,3.540912284108381e-05
2024-01-02,10:34:15,9.0127,26.88,25.0,3110,15140708.0,3.546580250093324e-05
2024-01-02,10:34:15,9.0171,26.88,25.0,3112,15140709.0,3.535253376381289e-05
2024-01-02,10:34:15,9.026,26.88,25.0,3110,15140707.0,3.546580250093324e-05
2024-01-02,10:34:15,9.0304,26.88,25.0,3111,15140708.0,3.540912284108381e-05
2024-01-02,10:34:15,9.0348,26.88,25.0,3112,15140707.0,3.535253376381289e-05
2024-01-02,10:34:15,9.0392,26.88,25.0,3112,15140707.0,3.535253376381289e-05
2024-01-02,10:34:15,9.0436,26.88,25.0,3112,15140708.0,3.535253376381289e-05
2024-01-02,10:34:15,9.048,26.88,25.0,3112,15140708.0,3.535253376381289e-05
2024-01-02,10:34:15,9.0524,26.88,25.0,3112,15140708.0,3.535253376381289e-05
2024-01-02,10:34:15,9.0569,26.88,25.0,3113,15140708.0,3.529603512435602e-05
2024-01-02,10:34:15,9.0613,26.88,25.0,3113,15140707.0,3.529603512435602e-05
2024-01-02,10:34:15,9.0657,26.88,25.0,3112,15140708.0,3.535253376381289e-05
2024-01-02,10:34:15,9.0702,26.88,25.0,3112,15140708.0,3.535253376381289e-05
2024-01-02,10:34:15,9.0746,26.88,25.0,3114,15140705.0,3.523962677818e-05
2024-01-02,10:34:15,9.0834,26.88,25.0,3112,15140708.0,3.535253376381289e-05
2024-01-02,10:34:15,9.0878,26.88,25.0,3113,15140708.0,3.529603512435602e-05
2024-01-02,10:34:15,9.094,26.88,25.0,3112,15140707.0,3.535253376381289e-05
2024-01-02,10:34:15,9.1003,26.88,25.0,3112,15140707.0,3.535253376381289e-05
2024-01-02,10:34:15,9.1047,26.88,25.0,3114,15140706.0,3.523962677818e-05
2024-01-02,10:34:15,9.1091,26.88,25.0,3114,15140707.0,3.523962677818e-05
2024-01-02,10:34:15,9.1136,26.88,25.0,3114,15140706.0,3.523962677818e-05
2024-01-02,10:34:15,9.118,26.88,25.0,3114,15140707.0,3.523962677818e-05
2024-01-02,10:34:15,9.1267,26.88,25.0,3115,15140706.0,3.518330858098268e-05
2024-01-02,10:34:15,9.1311,26.88,25.0,3115,15140707.0,3.518330858098268e-05
2024-01-02,10:34:15,9.1355,26.88,25.0,3114,15140706.0,3.523962677818e-05
2024-01-02,10:34:15,9.1399,26.88,25.0,3114,15140705.0,3.523962677818e-05
2024-01-02,10:34:15,9.1444,26.88,25.0,3115,15140706.0,3.518330858098268e-05
2024-01-02,10:34:15,9.1487,26.88,25.0,3114,15140707.0,3.523962677818e-05
2024-01-02,10:34:15,9.1531,26.88,25.0,3114,15140707.0,3.523962677818e-05
2024-01-02,10:34:15,9.1575,26.88,25.0,3114,15140707.0,3.523962677818e-05
2024-01-02,10:34:15,9.162,26.88,25.0,3113,15140707.0,3.529603512435602e-05
2024-01-02,10:34:15,9.1663,26.88,25.0,3114,15140707.0,3.523962677818e-05
2024-01-02,10:34:16,9.1707,26.88,25.0,3115,15140707.0,3.518330858098268e-05
2024-01-02,10:34:16,9.1795,26.88,25.0,3113,15140706.0,3.529603512435602e-05
2024-01-02,10:34:16,9.1838,26.88,25.0,3113,15140707.0,3.529603512435602e-05
2024-01-02,10:34:16,9.1883,26.88,25.0,3114,15140707.0,3.523962677818e-05
2024-01-02,10:34:16,9.1928,26.88,25.0,3114,15140707.0,3.523962677818e-05
2024-01-02,10:34:16,9.1972,26.88,25.0,3114,15140707.0,3.523962677818e-05
2024-01-02,10:34:16,9.2015,26.88,25.0,3115,15140707.0,3.518330858098268e-05
2024-01-02,10:34:16,9.2059,26.88,25.0,3115,15140707.0,3.518330858098268e-05
2024-01-02,10:34:16,9.2103,26.88,25.0,3113,15140708.0,3.529603512435602e-05
2024-01-02,10:34:16,9.2148,26.88,25.0,3114,15140708.0,3.523962677818e-05
2024-01-02,10:34:16,9.2192,26.88,25.0,3115,15140708.0,3.518330858098268e-05
2024-01-02,10:34:16,9.2235,26.88,25.0,3114,15140708.0,3.523962677818e-05
2024-01-02,10:34:16,9.2323,26.88,25.0,3113,15140707.0,3.529603512435602e-05
2024-01-02,10:34:16,9.2367,26.88,25.0,3113,15140708.0,3.529603512435602e-05
2024-01-02,10:34:16,9.2411,26.88,25.0,3113,15140708.0,3.529603512435602e-05
2024-01-02,10:34:16,9.2455,26.88,25.0,3112,15140708.0,3.535253376381289e-05
2024-01-02,10:34:16,9.25,26.88,25.0,3113,15140708.0,3.529603512435602e-05
2024-01-02,10:34:16,9.2544,26.88,25.0,3115,15140708.0,3.518330858098268e-05
2024-01-02,10:34:16,9.2588,26.88,25.0,3115,15140709.0,3.518330858098268e-05
2024-01-02,10:34:16,9.2631,26.88,25.0,3113,15140707.0,3.529603512435602e-05
2024-01-02,10:34:16,9.2676,26.88,25.0,3113,15140706.0,3.529603512435602e-05
2024-01-02,10:34:16,9.272,26.88,25.0,3113,15140708.0,3.529603512435602e-05
2024-01-02,10:34:16,9.2808,26.88,25.0,3114,15140708.0,3.523962677818e-05
2024-01-02,10:34:16,9.2851,26.88,25.0,3114,15140707.0,3.523962677818e-05
2024-01-02,10:34:16,9.2895,26.88,25.0,3115,15140706.0,3.518330858098268e-05
2024-01-02,10:34:16,9.2939,26.88,25.0,3114,15140707.0,3.523962677818e-05
2024-01-02,10:34:16,9.2983,26.88,25.0,3114,15140707.0,3.523962677818e-05
2024-01-02,10:34:16,9.3028,26.88,25.0,3115,15140708.0,3.518330858098268e-05
2024-01-02,10:34:16,9.3072,26.88,25.0,3116,15140707.0,3.512708038869248e-05
2024-01-02,10:34:16,9.3115,26.88,25.0,3115,15140707.0,3.518330858098268e-05
2024-01-02,10:34:16,9.3159,26.88,25.0,3113,15140708.0,3.529603512435602e-05
2024-01-02,10:34:16,9.3204,26.88,25.0,3113,15140708.0,3.529603512435602e-05
2024-01-02,10:34:16,9.3248,26.88,25.0,3114,15140706.0,3.523962677818e-05
2024-01-02,10:34:16,9.3336,26.88,25.0,3115,15140709.0,3.518330858098268e-05
2024-01-02,10:34:16,9.338,26.88,25.0,3114,15140707.0,3.523962677818e-05
2024-01-02,10:34:16,9.3442,26.88,25.0,3111,15140706.0,3.540912284108381e-05
2024-01-02,10:34:16,9.3504,26.88,25.0,3112,15140707.0,3.535253376381289e-05
2024-01-02,10:34:16,9.3549,26.88,25.0,3114,15140706.0,3.523962677818e-05
2024-01-02,10:34:16,9.3593,26.88,25.0,3115,15140705.0,3.518330858098268e-05
2024-01-02,10:34:16,9.3636,26.88,25.0,3116,15140706.0,3.512708038869248e-05
2024-01-02,10:34:16,9.368,26.88,25.0,3116,15140707.0,3.512708038869248e-05
2024-01-02,10:34:16,9.3768,26.88,25.0,3115,15140706.0,3.518330858098268e-05
2024-01-02,10:34:16,9.3812,26.88,25.0,3115,15140707.0,3.518330858098268e-05
2024-01-02,10:34:16,9.3856,26.88,25.0,3116,15140707.0,3.512708038869248e-05
2024-01-02,10:34:16,9.3899,26.88,25.0,3116,15140706.0,3.512708038869248e-05
2024-01-02,10:34:16,9.3943,26.88,25.0,3114,15140705.0,3.523962677818e-05
2024-01-02,10:34:16,9.3987,26.88,25.0,3116,15140704.0,3.512708038869248e-05
2024-01-02,10:34:16,9.4031,26.88,25.0,3116,15140705.0,3.512708038869248e-05
2024-01-02,10:34:16,9.4075,26.88,25.0,3116,15140705.0,3.512708038869248e-05
2024-01-02,10:34:16,9.4119,26.88,25.0,3116,15140705.0,3.512708038869248e-05
2024-01-02,10:34:16,9.4163,26.88,25.0,3116,15140704.0,3.512708038869248e-05
2024-01-02,10:34:16,9.425,26.88,25.0,3115,15140706.0,3.518330858098268e-05
2024-01-02,10:34:16,9.4294,26.88,25.0,3116,15140706.0,3.512708038869248e-05
2024-01-02,10:34:16,9.4338,26.88,25.0,3116,15140706.0,3.512708038869248e-05
2024-01-02,10:34:16,9.4382,26.88,25.0,3115,15140705.0,3.518330858098268e-05
2024-01-02,10:34:16,9.4425,26.88,25.0,3115,15140705.0,3.518330858098268e-05
2024-01-02,10:34:16,9.4469,26.88,25.0,3115,15140705.0,3.518330858098268e-05
2024-01-02,10:34:16,9.4514,26.88,25.0,3115,15140706.0,3.518330858098268e-05
2024-01-02,10:34:16,9.4558,26.88,25.0,3115,15140705.0,3.518330858098268e-05
2024-01-02,10:34:16,9.4602,26.88,25.0,3115,15140706.0,3.518330858098268e-05
2024-01-02,10:34:16,9.4646,26.88,25.0,3115,15140707.0,3.518330858098268e-05
2024-01-02,10:34:16,9.469,26.88,25.0,3114,15140707.0,3.523962677818e-05
2024-01-02,10:34:16,9.4778,26.88,25.0,3115,15140708.0,3.518330858098268e-05
2024-01-02,10:34:16,9.4822,26.88,25.0,3114,15140707.0,3.523962677818e-05
2024-01-02,10:34:16,9.4866,26.88,25.0,3114,15140707.0,3.523962677818e-05
2024-01-02,10:34:16,9.491,26.88,25.0,3114,15140707.0,3.523962677818e-05
2024-01-02,10:34:16,9.4954,26.88,25.0,3115,15140706.0,3.518330858098268e-05
2024-01-02,10:34:16,9.4998,26.88,25.0,3115,15140706.0,3.518330858098268e-05
2024-01-02,10:34:16,9.5042,26.88,25.0,3115,15140707.0,3.518330858098268e-05
2024-01-02,10:34:16,9.5086,26.88,25.0,3116,15140707.0,3.512708038869248e-05
2024-01-02,10:34:16,9.5131,26.88,25.0,3115,15140708.0,3.518330858098268e-05
2024-01-02,10:34:16,9.5175,26.88,25.0,3115,15140708.0,3.518330858098268e-05
2024-01-02,10:34:16,9.5219,26.88,25.0,3115,15140708.0,3.518330858098268e-05
2024-01-02,10:34:16,9.5307,26.88,25.0,3115,15140709.0,3.518330858098268e-05
2024-01-02,10:34:16,9.535,26.88,25.0,3115,15140708.0,3.518330858098268e-05
2024-01-02,10:34:16,9.5394,26.88,25.0,3114,15140709.0,3.523962677818e-05
2024-01-02,10:34:16,9.5438,26.88,25.0,3113,15140708.0,3.529603512435602e-05
2024-01-02,10:34:16,9.5483,26.88,25.0,3115,15140707.0,3.518330858098268e-05
2024-01-02,10:34:16,9.5527,26.88,25.0,3115,15140707.0,3.518330858098268e-05
2024-01-02,10:34:16,9.5572,26.88,25.0,3115,15140707.0,3.518330858098268e-05
2024-01-02,10:34:16,9.5616,26.88,25.0,3116,15140707.0,3.512708038869248e-05
2024-01-02,10:34:16,9.566,26.88,25.0,3115,15140707.0,3.518330858098268e-05
2024-01-02,10:34:16,9.5705,26.88,25.0,3114,15140708.0,3.523962677818e-05
2024-01-02,10:34:16,9.5748,26.88,25.0,3114,15140707.0,3.523962677818e-05
2024-01-02,10:34:16,9.5836,26.88,25.0,3116,15140709.0,3.512708038869248e-05
2024-01-02,10:34:16,9.588,26.88,25.0,3115,15140708.0,3.518330858098268e-05
2024-01-02,10:34:16,9.5943,26.88,25.0,3115,15140706.0,3.518330858098268e-05
2024-01-02,10:34:16,9.6005,26.88,25.0,3117,15140707.0,3.507094205746813e-05
2024-01-02,10:34:16,9.605,26.88,25.0,3116,15140708.0,3.512708038869248e-05
2024-01-02,10:34:16,9.6093,26.88,25.0,3115,15140708.0,3.518330858098268e-05
2024-01-02,10:34:16,9.6137,26.88,25.0,3116,15140707.0,3.512708038869248e-05
2024-01-02,10:34:16,9.618,26.88,25.0,3115,15140707.0,3.518330858098268e-05
2024-01-02,10:34:16,9.6269,26.88,25.0,3114,15140707.0,3.523962677818e-05
2024-01-02,10:34:16,9.6313,26.88,25.0,3115,15140707.0,3.518330858098268e-05
2024-01-02,10:34:16,9.6356,26.88,25.0,3115,15140708.0,3.518330858098268e-05
2024-01-02,10:34:16,9.64,26.88,25.0,3116,15140707.0,3.512708038869248e-05
2024-01-02,10:34:16,9.6444,26.88,25.0,3116,15140707.0,3.512708038869248e-05
2024-01-02,10:34:16,9.6487,26.88,25.0,3117,15140707.0,3.507094205746813e-05
2024-01-02,10:34:16,9.6532,26.88,25.0,3117,15140707.0,3.507094205746813e-05
2024-01-02,10:34:16,9.6575,26.88,25.0,3115,15140708.0,3.518330858098268e-05
2024-01-02,10:34:16,9.6619,26.88,25.0,3114,15140708.0,3.523962677818e-05
2024-01-02,10:34:16,9.6663,26.88,25.0,3114,15140707.0,3.523962677818e-05
2024-01-02,10:34:16,9.6707,26.88,25.0,3114,15140707.0,3.523962677818e-05
2024-01-02,10:34:16,9.6795,26.88,25.0,3115,15140707.0,3.518330858098268e-05
2024-01-02,10:34:16,9.6839,26.88,25.0,3116,15140707.0,3.512708038869248e-05
2024-01-02,10:34:16,9.6882,26.88,25.0,3116,15140707.0,3.512708038869248e-05
2024-01-02,10:34:16,9.6926,26.88,25.0,3115,15140708.0,3.518330858098268e-05
2024-01-02,10:34:16,9.6971,26.88,25.0,3115,15140708.0,3.518330858098268e-05
2024-01-02,10:34:16,9.7015,26.88,25.0,3116,15140708.0,3.512708038869248e-05
2024-01-02,10:34:16,9.7058,26.88,25.0,3116,15140708.0,3.512708038869248e-05
2024-01-02,10:34:16,9.7102,26.88,25.0,3114,15140708.0,3.523962677818e-05
2024-01-02,10:34:16,9.7146,26.88,25.0,3114,15140709.0,3.523962677818e-05
2024-01-02,10:34:16,9.7189,26.88,25.0,3114,15140708.0,3.523962677818e-05
2024-01-02,10:34:16,9.7276,26.88,25.0,3114,15140708.0,3.523962677818e-05
2024-01-02,10:34:16,9.7321,26.88,25.0,3114,15140707.0,3.523962677818e-05
2024-01-02,10:34:16,9.7365,26.88,25.0,3115,15140708.0,3.518330858098268e-05
2024-01-02,10:34:16,9.7408,26.88,25.0,3117,15140709.0,3.507094205746813e-05
2024-01-02,10:34:16,9.7452,26.88,25.0,3117,15140709.0,3.507094205746813e-05
2024-01-02,10:34:16,9.7497,26.88,25.0,3115,15140708.0,3.518330858098268e-05
2024-01-02,10:34:16,9.7541,26.88,25.0,3115,15140709.0,3.518330858098268e-05
2024-01-02,10:34:16,9.7585,26.88,25.0,3114,15140708.0,3.523962677818e-05
2024-01-02,10:34:16,9.7629,26.88,25.0,3114,15140708.0,3.523962677818e-05
2024-01-02,10:34:16,9.7673,26.88,25.0,3113,15140707.0,3.529603512435602e-05
2024-01-02,10:34:16,9.7717,26.88,25.0,3114,15140706.0,3.523962677818e-05
2024-01-02,10:34:16,9.7806,26.88,25.0,3113,15140708.0,3.529603512435602e-05
2024-01-02,10:34:16,9.785,26.88,25.0,3114,15140708.0,3.523962677818e-05
2024-01-02,10:34:16,9.7894,26.88,25.0,3114,15140709.0,3.523962677818e-05
2024-01-02,10:34:16,9.7938,26.88,25.0,3115,15140709.0,3.518330858098268e-05
2024-01-02,10:34:16,9.7982,26.88,25.0,3114,15140709.0,3.523962677818e-05
2024-01-02,10:34:16,9.8027,26.88,25.0,3114,15140709.0,3.523962677818e-05
2024-01-02,10:34:16,9.8071,26.88,25.0,3115,15140708.0,3.518330858098268e-05
2024-01-02,10:34:16,9.8115,26.88,25.0,3115,15140708.0,3.518330858098268e-05
2024-01-02,10:34:16,9.8159,26.88,25.0,3113,15140709.0,3.529603512435602e-05
2024-01-02,10:34:16,9.8203,26.88,25.0,3113,15140709.0,3.529603512435602e-05
2024-01-02,10:34:16,9.8247,26.88,25.0,3114,15140709.0,3.523962677818e-05
2024-01-02,10:34:16,9.8334,26.88,25.0,3113,15140712.0,3.529603512435602e-05
2024-01-02,10:34:16,9.8379,26.88,25.0,3113,15140711.0,3.529603512435602e-05
2024-01-02,10:34:16,9.8442,26.88,25.0,3116,15140708.0,3.512708038869248e-05
2024-01-02,10:34:16,9.8504,26.88,25.0,3115,15140707.0,3.518330858098268e-05
2024-01-02,10:34:16,9.8548,26.88,25.0,3115,15140707.0,3.518330858098268e-05
2024-01-02,10:34:16,9.8592,26.88,25.0,3116,15140707.0,3.512708038869248e-05
2024-01-02,10:34:16,9.8636,26.88,25.0,3116,15140708.0,3.512708038869248e-05
2024-01-02,10:34:16,9.868,26.88,25.0,3115,15140709.0,3.518330858098268e-05
2024-01-02,10:34:16,9.8769,26.88,25.0,3113,15140708.0,3.529603512435602e-05
2024-01-02,10:34:16,9.8812,26.88,25.0,3113,15140709.0,3.529603512435602e-05
2024-01-02,10:34:16,9.8857,26.88,25.0,3113,15140709.0,3.529603512435602e-05
2024-01-02,10:34:16,9.8901,26.88,25.0,3113,15140709.0,3.529603512435602e-05
2024-01-02,10:34:16,9.8945,26.88,25.0,3113,15140708.0,3.529603512435602e-05
2024-01-02,10:34:16,9.8989,26.88,25.0,3113,15140708.0,3.529603512435602e-05
2024-01-02,10:34:16,9.9033,26.88,25.0,3114,15140709.0,3.523962677818e-05
2024-01-02,10:34:16,9.9076,26.88,25.0,3114,15140709.0,3.523962677818e-05
2024-01-02,10:34:16,9.912,26.88,25.0,3114,15140708.0,3.523962677818e-05
2024-01-02,10:34:16,9.9164,26.88,25.0,3113,15140709.0,3.529603512435602e-05
2024-01-02,10:34:16,9.9208,26.88,25.0,3113,15140710.0,3.529603512435602e-05
2024-01-02,10:34:16,9.9296,26.88,25.0,3113,15140708.0,3.529603512435602e-05
2024-01-02,10:34:16,9.934,26.88,25.0,3112,15140709.0,3.535253376381289e-05
2024-01-02,10:34:16,9.9383,26.88,25.0,3112,15140709.0,3.535253376381289e-05
2024-01-02,10:34:16,9.9428,26.88,25.0,3113,15140709.0,3.529603512435602e-05
2024-01-02,10:34:16,9.9472,26.88,25.0,3112,15140708.0,3.535253376381289e-05
2024-01-02,10:34:16,9.9516,26.88,25.0,3113,15140708.0,3.529603512435602e-05
2024-01-02,10:34:16,9.9559,26.88,25.0,3114,15140708.0,3.523962677818e-05
2024-01-02,10:34:16,9.9603,26.88,25.0,3116,15140708.0,3.512708038869248e-05
2024-01-02,10:34:16,9.9647,26.88,25.0,3116,15140708.0,3.512708038869248e-05
2024-01-02,10:34:16,9.9691,26.88,25.0,3115,15140708.0,3.518330858098268e-05
2024-01-02,10:34:16,9.9778,26.88,25.0,3112,15140710.0,3.535253376381289e-05
2024-01-02,10:34:16,9.9822,26.88,25.0,3112,15140708.0,3.535253376381289e-05
2024-01-02,10:34:16,9.9866,26.88,25.0,3113,15140708.0,3.529603512435602e-05
2024-01-02,10:34:16,9.991,26.88,25.0,3112,15140707.0,3.535253376381289e-05
2024-01-02,10:34:16,9.9954,26.88,25.0,3114,15140707.0,3.523962677818e-05
2024-01-02,10:34:16,9.9998,26.88,25.0,3114,15140707.0,3.523962677818e-05
2024-01-02,10:34:16,10.0042,26.94,25.0,3114,15140707.0,3.523962677818e-05
2024-01-02,10:34:16,10.0086,26.94,25.0,3114,15140707.0,3.523962677818e-05
2024-01-02,10:34:16,10.013,26.94,25.0,3114,15140708.0,3.523962677818e-05
2024-01-02,10:34:16,10.0173,26.94,25.0,3115,15140708.0,3.518330858098268e-05
2024-01-02,10:34:16,10.0217,26.94,25.0,3113,15140709.0,3.529603512435602e-05
2024-01-02,10:34:16,10.0306,26.94,25.0,3113,15140709.0,3.529603512435602e-05
2024-01-02,10:34:16,10.035,26.94,25.0,3112,15140708.0,3.535253376381289e-05
2024-01-02,10:34:16,10.0393,26.94,25.0,3111,15140708.0,3.540912284108381e-05
2024-01-02,10:34:16,10.0437,26.94,25.0,3112,15140709.0,3.535253376381289e-05
2024-01-02,10:34:16,10.0482,26.94,25.0,3113,15140709.0,3.529603512435602e-05
2024-01-02,10:34:16,10.0526,26.94,25.0,3113,15140709.0,3.529603512435602e-05
2024-01-02,10:34:16,10.057,26.94,25.0,3113,15140709.0,3.529603512435602e-05
2024-01-02,10:34:16,10.0614,26.94,25.0,3113,15140709.0,3.529603512435602e-05
2024-01-02,10:34:16,10.0658,26.94,25.0,3111,15140710.0,3.540912284108381e-05
2024-01-02,10:34:16,10.0702,26.94,25.0,3111,15140710.0,3.540912284108381e-05
2024-01-02,10:34:16,10.0747,26.94,25.0,3111,15140709.0,3.540912284108381e-05
2024-01-02,10:34:16,10.0835,26.94,25.0,3113,15140709.0,3.529603512435602e-05
2024-01-02,10:34:16,10.0879,26.94,25.0,3112,15140709.0,3.535253376381289e-05
2024-01-02,10:34:16,10.0942,26.94,25.0,3109,15140709.0,3.55225728883575e-05
2024-01-02,10:34:16,10.1005,26.94,25.0,3110,15140709.0,3.546580250093324e-05
2024-01-02,10:34:16,10.1049,26.94,25.0,3112,15140708.0,3.535253376381289e-05
2024-01-02,10:34:16,10.1092,26.94,25.0,3112,15140708.0,3.535253376381289e-05
2024-01-02,10:34:16,10.1136,26.94,25.0,3111,15140708.0,3.540912284108381e-05
2024-01-02,10:34:16,10.118,26.94,25.0,3111,15140709.0,3.540912284108381e-05
2024-01-02,10:34:16,10.1268,26.94,25.0,3111,15140708.0,3.540912284108381e-05
2024-01-02,10:34:16,10.1312,26.94,25.0,3111,15140710.0,3.540912284108381e-05
2024-01-02,10:34:16,10.1356,26.94,25.0,3112,15140709.0,3.535253376381289e-05
2024-01-02,10:34:16,10.14,26.94,25.0,3111,15140710.0,3.540912284108381e-05
2024-01-02,10:34:16,10.1444,26.94,25.0,3109,15140709.0,3.55225728883575e-05
2024-01-02,10:34:16,10.1488,26.94,25.0,3110,15140709.0,3.546580250093324e-05
2024-01-02,10:34:16,10.1532,26.94,25.0,3111,15140709.0,3.540912284108381e-05
2024-01-02,10:34:16,10.1576,26.94,25.0,3112,15140709.0,3.535253376381289e-05
2024-01-02,10:34:16,10.162,26.94,25.0,3111,15140708.0,3.540912284108381e-05
2024-01-02,10:34:16,10.1664,26.94,25.0,3112,15140708.0,3.535253376381289e-05
2024-01-02,10:34:17,10.1708,26.94,25.0,3112,15140708.0,3.535253376381289e-05
2024-01-02,10:34:17,10.1797,26.94,25.0,3110,15140708.0,3.546580250093324e-05
2024-01-02,10:34:17,10.1842,26.94,25.0,3109,15140709.0,3.55225728883575e-05
2024-01-02,10:34:17,10.1886,26.94,25.0,3110,15140709.0,3.546580250093324e-05
2024-01-02,10:34:17,10.1929,26.94,25.0,3111,15140708.0,3.540912284108381e-05
2024-01-02,10:34:17,10.1973,26.94,25.0,3111,15140709.0,3.540912284108381e-05
2024-01-02,10:34:17,10.2017,26.94,25.0,3112,15140708.0,3.535253376381289e-05
2024-01-02,10:34:17,10.2061,26.94,25.0,3112,15140707.0,3.535253376381289e-05
2024-01-02,10:34:17,10.2105,26.94,25.0,3110,15140708.0,3.546580250093324e-05
2024-01-02,10:34:17,10.2149,26.94,25.0,3110,15140708.0,3.546580250093324e-05
2024-01-02,10:34:17,10.2193,26.94,25.0,3110,15140709.0,3.546580250093324e-05
2024-01-02,10:34:17,10.2236,26.94,25.0,3111,15140709.0,3.540912284108381e-05
2024-01-02,10:34:17,10.2325,26.94,25.0,3109,15140709.0,3.55225728883575e-05
2024-01-02,10:34:17,10.2368,26.94,25.0,3108,15140710.0,3.557943414858484e-05
2024-01-02,10:34:17,10.2412,26.94,25.0,3107,15140710.0,3.563638642707614e-05
2024-01-02,10:34:17,10.2457,26.94,25.0,3109,15140708.0,3.55225728883575e-05
2024-01-02,10:34:17,10.25,26.94,25.0,3110,15140709.0,3.546580250093324e-05
2024-01-02,10:34:17,10.2544,26.94,25.0,3110,15140709.0,3.546580250093324e-05
2024-01-02,10:34:17,10.2588,26.94,25.0,3109,15140708.0,3.55225728883575e-05
2024-01-02,10:34:17,10.2632,26.94,25.0,3108,15140709.0,3.557943414858484e-05
2024-01-02,10:34:17,10.2677,26.94,25.0,3109,15140713.0,3.55225728883575e-05
2024-01-02,10:34:17,10.272,26.94,25.0,3108,15140713.0,3.557943414858484e-05
2024-01-02,10:34:17,10.2764,26.94,25.0,3107,15140709.0,3.563638642707614e-05
2024-01-02,10:34:17,10.2853,26.94,25.0,3109,15140708.0,3.55225728883575e-05
2024-01-02,10:34:17,10.2897,26.94,25.0,3108,15140709.0,3.557943414858484e-05
2024-01-02,10:34:17,10.294,26.94,25.0,3107,15140708.0,3.563638642707614e-05
2024-01-02,10:34:17,10.2985,26.94,25.0,3107,15140709.0,3.563638642707614e-05
2024-01-02,10:34:17,10.3029,26.94,25.0,3108,15140709.0,3.557943414858484e-05
2024-01-02,10:34:17,10.3073,26.94,25.0,3109,15140709.0,3.55225728883575e-05
2024-01-02,10:34:17,10.3117,26.94,25.0,3109,15140709.0,3.55225728883575e-05
2024-01-02,10:34:17,10.3161,26.94,25.0,3108,15140710.0,3.557943414858484e-05
2024-01-02,10:34:17,10.3205,26.94,25.0,3107,15140709.0,3.563638642707614e-05
2024-01-02,10:34:17,10.325,26.94,25.0,3107,15140709.0,3.563638642707614e-05
2024-01-02,10:34:17,10.3294,26.94,25.0,3108,15140710.0,3.557943414858484e-05
2024-01-02,10:34:17,10.3394,26.94,25.0,3108,15140709.0,3.557943414858484e-05
2024-01-02,10:34:17,10.3494,26.94,25.0,3106,15140707.0,3.5693429869525e-05
2024-01-02,10:34:17,10.3538,26.94,25.0,3108,15140707.0,3.557943414858484e-05
2024-01-02,10:34:17,10.3582,26.94,25.0,3108,15140707.0,3.557943414858484e-05
2024-01-02,10:34:17,10.3671,26.94,25.0,3108,15140707.0,3.557943414858484e-05
2024-01-02,10:34:17,10.3715,26.94,25.0,3108,15140707.0,3.557943414858484e-05
2024-01-02,10:34:17,10.3759,26.94,25.0,3107,15140707.0,3.563638642707614e-05
2024-01-02,10:34:17,10.3804,26.94,25.0,3107,15140708.0,3.563638642707614e-05
2024-01-02,10:34:17,10.3848,26.94,25.0,3107,15140707.0,3.563638642707614e-05
2024-01-02,10:34:17,10.3892,26.94,25.0,3107,15140708.0,3.563638642707614e-05
2024-01-02,10:34:17,10.3936,26.94,25.0,3107,15140708.0,3.563638642707614e-05
2024-01-02,10:34:17,10.398,26.94,25.0,3108,15140707.0,3.557943414858484e-05
2024-01-02,10:34:17,10.4025,26.94,25.0,3108,15140707.0,3.557943414858484e-05
2024-01-02,10:34:17,10.4069,26.94,25.0,3107,15140707.0,3.563638642707614e-05
2024-01-02,10:34:17,10.4113,26.94,25.0,3108,15140708.0,3.557943414858484e-05
2024-01-02,10:34:17,10.4157,26.94,25.0,3107,15140708.0,3.563638642707614e-05
2024-01-02,10:34:17,10.4245,26.94,25.0,3106,15140709.0,3.5693429869525e-05
2024-01-02,10:34:17,10.429,26.94,25.0,3106,15140708.0,3.5693429869525e-05
2024-01-02,10:34:17,10.4333,26.94,25.0,3106,15140707.0,3.5693429869525e-05
2024-01-02,10:34:17,10.4377,26.94,25.0,3106,15140707.0,3.5693429869525e-05
2024-01-02,10:34:17,10.4422,26.94,25.0,3107,15140707.0,3.563638642707614e-05
2024-01-02,10:34:17,10.4466,26.94,25.0,3108,15140707.0,3.557943414858484e-05
2024-01-02,10:34:17,10.451,26.94,25.0,3107,15140708.0,3.563638642707614e-05
2024-01-02,10:34:17,10.4555,26.94,25.0,3107,15140708.0,3.563638642707614e-05
2024-01-02,10:34:17,10.46,26.94,25.0,3106,15140708.0,3.5693429869525e-05
2024-01-02,10:34:17,10.4644,26.94,25.0,3104,15140708.0,3.580779083023649e-05
2024-01-02,10:34:17,10.4688,26.94,25.0,3105,15140702.0,3.575056462185832e-05
2024-01-02,10:34:17,10.4775,26.94,25.0,3106,15140708.0,3.5693429869525e-05
2024-01-02,10:34:17,10.482,26.94,25.0,3107,15140707.0,3.563638642707614e-05
2024-01-02,10:34:17,10.4864,26.94,25.0,3107,15140708.0,3.563638642707614e-05
2024-01-02,10:34:17,10.4908,26.94,25.0,3107,15140708.0,3.563638642707614e-05
2024-01-02,10:34:17,10.4952,26.94,25.0,3106,15140708.0,3.5693429869525e-05
2024-01-02,10:34:17,10.4997,26.94,25.0,3106,15140708.0,3.5693429869525e-05
2024-01-02,10:34:17,10.5041,26.94,25.0,3106,15140708.0,3.5693429869525e-05
2024-01-02,10:34:17,10.5084,26.88,25.0,3105,15140707.0,3.575056462185832e-05
2024-01-02,10:34:17,10.5129,26.88,25.0,3105,15140707.0,3.575056462185832e-05
2024-01-02,10:34:17,10.5173,26.88,25.0,3105,15140707.0,3.575056462185832e-05
2024-01-02,10:34:17,10.5217,26.88,25.0,3106,15140707.0,3.5693429869525e-05
2024-01-02,10:34:17,10.5306,26.88,25.0,3104,15140708.0,3.580779083023649e-05
2024-01-02,10:34:17,10.5349,26.88,25.0,3105,15140707.0,3.575056462185832e-05
2024-01-02,10:34:17,10.5394,26.88,25.0,3104,15140708.0,3.580779083023649e-05
2024-01-02,10:34:17,10.5439,26.88,25.0,3104,15140708.0,3.580779083023649e-05
2024-01-02,10:34:17,10.5483,26.88,25.0,3104,15140708.0,3.580779083023649e-05
2024-01-02,10:34:17,10.5527,26.88,25.0,3103,15140707.0,3.586510864105399e-05
2024-01-02,10:34:17,10.5571,26.88,25.0,3105,15140706.0,3.575056462185832e-05
2024-01-02,10:34:17,10.5615,26.88,25.0,3105,15140706.0,3.575056462185832e-05
2024-01-02,10:34:17,10.566,26.88,25.0,3104,15140707.0,3.580779083023649e-05
2024-01-02,10:34:17,10.5704,26.88,25.0,3105,15140707.0,3.575056462185832e-05
2024-01-02,10:34:17,10.5748,26.88,25.0,3104,15140707.0,3.580779083023649e-05
2024-01-02,10:34:17,10.5792,26.88,25.0,3104,15140708.0,3.580779083023649e-05
2024-01-02,10:34:17,10.5892,26.88,25.0,3104,15140708.0,3.580779083023649e-05
2024-01-02,10:34:17,10.5993,26.88,25.0,3103,15140707.0,3.586510864105399e-05
2024-01-02,10:34:17,10.6037,26.88,25.0,3103,15140706.0,3.586510864105399e-05
2024-01-02,10:34:17,10.6082,26.88,25.0,3103,15140706.0,3.586510864105399e-05
2024-01-02,10:34:17,10.6169,26.88,25.0,3104,15140705.0,3.580779083023649e-05
2024-01-02,10:34:17,10.6213,26.88,25.0,3103,15140707.0,3.586510864105399e-05
2024-01-02,10:34:17,10.6258,26.88,25.0,3103,15140707.0,3.586510864105399e-05
2024-01-02,10:34:17,10.6302,26.88,25.0,3103,15140706.0,3.586510864105399e-05
2024-01-02,10:34:17,10.6347,26.88,25.0,3103,15140706.0,3.586510864105399e-05
2024-01-02,10:34:17,10.6391,26.88,25.0,3103,15140706.0,3.586510864105399e-05
2024-01-02,10:34:17,10.6435,26.88,25.0,3102,15140706.0,3.592251820093948e-05
2024-01-02,10:34:17,10.6478,26.88,25.0,3103,15140705.0,3.586510864105399e-05
2024-01-02,10:34:17,10.6523,26.88,25.0,3103,15140705.0,3.586510864105399e-05
2024-01-02,10:34:17,10.6567,26.88,25.0,3103,15140706.0,3.586510864105399e-05
2024-01-02,10:34:17,10.6612,26.88,25.0,3104,15140706.0,3.580779083023649e-05
2024-01-02,10:34:17,10.6655,26.88,25.0,3103,15140705.0,3.586510864105399e-05
2024-01-02,10:34:17,10.6743,26.88,25.0,3101,15140710.0,3.598001965675648e-05
2024-01-02,10:34:17,10.6788,26.88,25.0,3101,15140706.0,3.598001965675648e-05
2024-01-02,10:34:17,10.6832,26.88,25.0,3102,15140705.0,3.592251820093948e-05
2024-01-02,10:34:17,10.6875,26.88,25.0,3101,15140705.0,3.598001965675648e-05
2024-01-02,10:34:17,10.692,26.88,25.0,3101,15140705.0,3.598001965675648e-05
2024-01-02,10:34:17,10.6965,26.88,25.0,3101,15140704.0,3.598001965675648e-05
2024-01-02,10:34:17,10.7009,26.88,25.0,3101,15140705.0,3.598001965675648e-05
2024-01-02,10:34:17,10.7052,26.88,25.0,3102,15140705.0,3.592251820093948e-05
2024-01-02,10:34:17,10.7097,26.88,25.0,3102,15140706.0,3.592251820093948e-05
2024-01-02,10:34:17,10.7141,26.88,25.0,3101,15140705.0,3.598001965675648e-05
2024-01-02,10:34:17,10.7187,26.88,25.0,3101,15140704.0,3.598001965675648e-05
2024-01-02,10:34:17,10.7275,26.88,25.0,3101,15140707.0,3.598001965675648e-05
2024-01-02,10:34:17,10.7319,26.88,25.0,3100,15140705.0,3.603761315560348e-05
2024-01-02,10:34:17,10.7364,26.88,25.0,3100,15140705.0,3.603761315560348e-05
2024-01-02,10:34:17,10.7408,26.88,25.0,3100,15140705.0,3.603761315560348e-05
2024-01-02,10:34:17,10.7452,26.88,25.0,3101,15140706.0,3.598001965675648e-05
2024-01-02,10:34:17,10.7496,26.88,25.0,3101,15140705.0,3.598001965675648e-05
2024-01-02,10:34:17,10.754,26.88,25.0,3101,15140705.0,3.598001965675648e-05
2024-01-02,10:34:17,10.7585,26.88,25.0,3101,15140705.0,3.598001965675648e-05
2024-01-02,10:34:17,10.7629,26.88,25.0,3100,15140705.0,3.603761315560348e-05
2024-01-02,10:34:17,10.7673,26.88,25.0,3100,15140706.0,3.603761315560348e-05
2024-01-02,10:34:17,10.7717,26.88,25.0,3100,15140705.0,3.603761315560348e-05
2024-01-02,10:34:17,10.7762,26.88,25.0,3101,15140706.0,3.598001965675648e-05
2024-01-02,10:34:17,10.7851,26.88,25.0,3100,15140705.0,3.603761315560348e-05
2024-01-02,10:34:17,10.7895,26.88,25.0,3100,15140706.0,3.603761315560348e-05
2024-01-02,10:34:17,10.7938,26.88,25.0,3100,15140705.0,3.603761315560348e-05
2024-01-02,10:34:17,10.7982,26.88,25.0,3101,15140705.0,3.598001965675648e-05
2024-01-02,10:34:17,10.8027,26.88,25.0,3101,15140706.0,3.598001965675648e-05
2024-01-02,10:34:17,10.8071,26.88,25.0,3100,15140706.0,3.603761315560348e-05
2024-01-02,10:34:17,10.8116,26.88,25.0,3100,15140706.0,3.603761315560348e-05
2024-01-02,10:34:17,10.816,26.88,25.0,3100,15140705.0,3.603761315560348e-05
2024-01-02,10:34:17,10.8204,26.88,25.0,3099,15140704.0,3.609529884481451e-05
2024-01-02,10:34:17,10.8248,26.88,25.0,3099,15140704.0,3.609529884481451e-05
2024-01-02,10:34:17,10.8292,26.88,25.0,3099,15140705.0,3.609529884481451e-05
2024-01-02,10:34:17,10.8392,26.88,25.0,3098,15140706.0,3.615307687195937e-05
2024-01-02,10:34:17,10.8492,26.88,25.0,3098,15140706.0,3.615307687195937e-05
2024-01-02,10:34:17,10.8537,26.88,25.0,3099,15140705.0,3.609529884481451e-05
2024-01-02,10:34:17,10.8581,26.88,25.0,3099,15140705.0,3.609529884481451e-05
2024-01-02,10:34:17,10.8669,26.88,25.0,3098,15140703.0,3.615307687195937e-05
2024-01-02,10:34:17,10.8714,26.88,25.0,3098,15140703.0,3.615307687195937e-05
2024-01-02,10:34:17,10.8758,26.88,25.0,3098,15140703.0,3.615307687195937e-05
2024-01-02,10:34:17,10.8802,26.88,25.0,3098,15140704.0,3.615307687195937e-05
2024-01-02,10:34:17,10.8847,26.88,25.0,3098,15140704.0,3.615307687195937e-05
2024-01-02,10:34:17,10.8892,26.88,25.0,3098,15140705.0,3.615307687195937e-05
2024-01-02,10:34:17,10.8936,26.88,25.0,3097,15140704.0,3.621094738484417e-05
2024-01-02,10:34:17,10.8981,26.88,25.0,3097,15140704.0,3.621094738484417e-05
2024-01-02,10:34:17,10.9026,26.88,25.0,3097,15140704.0,3.621094738484417e-05
2024-01-02,10:34:17,10.907,26.88,25.0,3096,15140704.0,3.626891053151149e-05
2024-01-02,10:34:17,10.9114,26.88,25.0,3096,15140704.0,3.626891053151149e-05
2024-01-02,10:34:17,10.9158,26.88,25.0,3097,15140703.0,3.621094738484417e-05
2024-01-02,10:34:17,10.9202,26.88,25.0,3098,15140704.0,3.615307687195937e-05
2024-01-02,10:34:17,10.9291,26.88,25.0,3098,15140704.0,3.615307687195937e-05
2024-01-02,10:34:17,10.9335,26.88,25.0,3098,15140704.0,3.615307687195937e-05
2024-01-02,10:34:17,10.938,26.88,25.0,3098,15140705.0,3.615307687195937e-05
2024-01-02,10:34:17,10.9424,26.88,25.0,3097,15140704.0,3.621094738484417e-05
2024-01-02,10:34:17,10.9468,26.88,25.0,3098,15140705.0,3.615307687195937e-05
2024-01-02,10:34:17,10.9513,26.88,25.0,3099,15140704.0,3.609529884481451e-05
2024-01-02,10:34:17,10.9557,26.88,25.0,3099,15140705.0,3.609529884481451e-05
2024-01-02,10:34:17,10.9601,26.88,25.0,3098,15140706.0,3.615307687195937e-05
2024-01-02,10:34:17,10.9646,26.88,25.0,3097,15140704.0,3.621094738484417e-05
2024-01-02,10:34:17,10.9689,26.88,25.0,3097,15140704.0,3.621094738484417e-05
2024-01-02,10:34:17,10.9733,26.88,25.0,3097,15140705.0,3.621094738484417e-05
2024-01-02,10:34:17,10.9822,26.88,25.0,3097,15140703.0,3.621094738484417e-05
2024-01-02,10:34:17,10.9866,26.88,25.0,3097,15140703.0,3.621094738484417e-05
2024-01-02,10:34:17,10.991,26.88,25.0,3097,15140704.0,3.621094738484417e-05
2024-01-02,10:34:17,10.9954,26.88,25.0,3097,15140704.0,3.621094738484417e-05
2024-01-02,10:34:17,10.9998,26.88,25.0,3097,15140704.0,3.621094738484417e-05
2024-01-02,10:34:17,11.0042,26.88,25.0,3097,15140704.0,3.621094738484417e-05
2024-01-02,10:34:17,11.0086,26.88,25.0,3096,15140703.0,3.626891053151149e-05
2024-01-02,10:34:17,11.0131,26.88,25.0,3095,15140704.0,3.632696646024102e-05
2024-01-02,10:34:17,11.0175,26.88,25.0,3096,15140704.0,3.626891053151149e-05
2024-01-02,10:34:17,11.0219,26.88,25.0,3096,15140704.0,3.626891053151149e-05
2024-01-02,10:34:17,11.0263,26.88,25.0,3094,15140704.0,3.638511531954964e-05
2024-01-02,10:34:17,11.0352,26.88,25.0,3096,15140702.0,3.626891053151149e-05
2024-01-02,10:34:17,11.0396,26.88,25.0,3095,15140703.0,3.632696646024102e-05
2024-01-02,10:34:17,11.044,26.88,25.0,3094,15140703.0,3.638511531954964e-05
2024-01-02,10:34:17,11.0484,26.88,25.0,3094,15140704.0,3.638511531954964e-05
2024-01-02,10:34:17,11.0529,26.88,25.0,3095,15140704.0,3.632696646024102e-05
2024-01-02,10:34:17,11.0573,26.88,25.0,3095,15140703.0,3.632696646024102e-05
2024-01-02,10:34:17,11.0618,26.88,25.0,3094,15140703.0,3.638511531954964e-05
2024-01-02,10:34:17,11.0663,26.88,25.0,3094,15140703.0,3.638511531954964e-05
2024-01-02,10:34:17,11.0707,26.88,25.0,3094,15140703.0,3.638511531954964e-05
2024-01-02,10:34:17,11.0752,26.88,25.0,3094,15140703.0,3.638511531954964e-05
2024-01-02,10:34:17,11.0797,26.88,25.0,3094,15140703.0,3.638511531954964e-05
2024-01-02,10:34:17,11.0898,26.88,25.0,3093,15140702.0,3.644335725819217e-05
2024-01-02,10:34:17,11.0998,26.88,25.0,3094,15140703.0,3.638511531954964e-05
2024-01-02,10:34:17,11.1042,26.88,25.0,3095,15140703.0,3.632696646024102e-05
2024-01-02,10:34:17,11.1086,26.88,25.0,3095,15140704.0,3.632696646024102e-05
2024-01-02,10:34:17,11.1131,26.88,25.0,3095,15140703.0,3.632696646024102e-05
2024-01-02,10:34:17,11.1175,26.88,25.0,3095,15140704.0,3.632696646024102e-05
2024-01-02,10:34:17,11.1262,26.88,25.0,3094,15140701.0,3.638511531954964e-05
2024-01-02,10:34:17,11.1306,26.88,25.0,3094,15140702.0,3.638511531954964e-05
2024-01-02,10:34:17,11.135,26.88,25.0,3095,15140702.0,3.632696646024102e-05
2024-01-02,10:34:17,11.1394,26.88,25.0,3094,15140703.0,3.638511531954964e-05
2024-01-02,10:34:17,11.1438,26.88,25.0,3094,15140703.0,3.638511531954964e-05
2024-01-02,10:34:17,11.1483,26.88,25.0,3095,15140703.0,3.632696646024102e-05
2024-01-02,10:34:17,11.1527,26.88,25.0,3095,15140703.0,3.632696646024102e-05
2024-01-02,10:34:17,11.157,26.88,25.0,3095,15140703.0,3.632696646024102e-05
2024-01-02,10:34:17,11.1614,26.88,25.0,3094,15140702.0,3.638511531954964e-05
2024-01-02,10:34:17,11.1659,26.88,25.0,3093,15140702.0,3.644335725819217e-05
2024-01-02,10:34:18,11.1703,26.88,25.0,3093,15140703.0,3.644335725819217e-05
2024-01-02,10:34:18,11.179,26.88,25.0,3093,15140701.0,3.644335725819217e-05
2024-01-02,10:34:18,11.1835,26.88,25.0,3093,15140703.0,3.644335725819217e-05
2024-01-02,10:34:18,11.1879,26.88,25.0,3094,15140703.0,3.638511531954964e-05
2024-01-02,10:34:18,11.1923,26.88,25.0,3094,15140702.0,3.638511531954964e-05
2024-01-02,10:34:18,11.1968,26.88,25.0,3093,15140702.0,3.644335725819217e-05
2024-01-02,10:34:18,11.2012,26.88,25.0,3093,15140702.0,3.644335725819217e-05
2024-01-02,10:34:18,11.2056,26.88,25.0,3093,15140702.0,3.644335725819217e-05
2024-01-02,10:34:18,11.2101,26.88,25.0,3093,15140702.0,3.644335725819217e-05
2024-01-02,10:34:18,11.2144,26.88,25.0,3092,15140702.0,3.650169242516131e-05
2024-01-02,10:34:18,11.2188,26.88,25.0,3092,15140701.0,3.650169242516131e-05
2024-01-02,10:34:18,11.2233,26.88,25.0,3093,15140702.0,3.644335725819217e-05
2024-01-02,10:34:18,11.2322,26.88,25.0,3093,15140700.0,3.644335725819217e-05
2024-01-02,10:34:18,11.2365,26.88,25.0,3092,15140703.0,3.650169242516131e-05
2024-01-02,10:34:18,11.2409,26.88,25.0,3092,15140702.0,3.650169242516131e-05
2024-01-02,10:34:18,11.2453,26.88,25.0,3093,15140702.0,3.644335725819217e-05
2024-01-02,10:34:18,11.2498,26.88,25.0,3092,15140701.0,3.650169242516131e-05
2024-01-02,10:34:18,11.2541,26.88,25.0,3092,15140701.0,3.650169242516131e-05
2024-01-02,10:34:18,11.2586,26.88,25.0,3093,15140701.0,3.644335725819217e-05
2024-01-02,10:34:18,11.2631,26.88,25.0,3093,15140701.0,3.644335725819217e-05
2024-01-02,10:34:18,11.2675,26.88,25.0,3092,15140701.0,3.650169242516131e-05
2024-01-02,10:34:18,11.2719,26.88,25.0,3092,15140701.0,3.650169242516131e-05
2024-01-02,10:34:18,11.2764,26.88,25.0,3092,15140701.0,3.650169242516131e-05
2024-01-02,10:34:18,11.2808,26.88,25.0,3091,15140700.0,3.656012096968847e-05
2024-01-02,10:34:18,11.2896,26.88,25.0,3090,15140701.0,3.661864304124377e-05
2024-01-02,10:34:18,11.2941,26.88,25.0,3091,15140700.0,3.656012096968847e-05
2024-01-02,10:34:18,11.2986,26.88,25.0,3091,15140701.0,3.656012096968847e-05
2024-01-02,10:34:18,11.3031,26.88,25.0,3091,15140701.0,3.656012096968847e-05
2024-01-02,10:34:18,11.3075,26.88,25.0,3091,15140701.0,3.656012096968847e-05
2024-01-02,10:34:18,11.3119,26.88,25.0,3090,15140701.0,3.661864304124377e-05
2024-01-02,10:34:18,11.3163,26.88,25.0,3090,15140701.0,3.661864304124377e-05
2024-01-02,10:34:18,11.3207,26.88,25.0,3090,15140701.0,3.661864304124377e-05
2024-01-02,10:34:18,11.3252,26.88,25.0,3090,15140700.0,3.661864304124377e-05
2024-01-02,10:34:18,11.3297,26.88,25.0,3090,15140701.0,3.661864304124377e-05
2024-01-02,10:34:18,11.3397,26.88,25.0,3089,15140699.0,3.66772587895367e-05
2024-01-02,10:34:18,11.3499,26.88,25.0,3089,15140701.0,3.66772587895367e-05
2024-01-02,10:34:18,11.3543,26.88,25.0,3089,15140700.0,3.66772587895367e-05
2024-01-02,10:34:18,11.3586,26.88,25.0,3090,15140701.0,3.661864304124377e-05
2024-01-02,10:34:18,11.3631,26.88,25.0,3091,15140701.0,3.656012096968847e-05
2024-01-02,10:34:18,11.3675,26.88,25.0,3090,15140701.0,3.661864304124377e-05
2024-01-02,10:34:18,11.3763,26.88,25.0,3089,15140699.0,3.66772587895367e-05
2024-01-02,10:34:18,11.3807,26.88,25.0,3089,15140700.0,3.66772587895367e-05
2024-01-02,10:34:18,11.3851,26.88,25.0,3089,15140700.0,3.66772587895367e-05
2024-01-02,10:34:18,11.3895,26.88,25.0,3089,15140700.0,3.66772587895367e-05
2024-01-02,10:34:18,11.3939,26.88,25.0,3089,15140700.0,3.66772587895367e-05
2024-01-02,10:34:18,11.3984,26.88,25.0,3089,15140700.0,3.66772587895367e-05
2024-01-02,10:34:18,11.4028,26.88,25.0,3089,15140700.0,3.66772587895367e-05
2024-01-02,10:34:18,11.4071,26.88,25.0,3089,15140700.0,3.66772587895367e-05
2024-01-02,10:34:18,11.4115,26.88,25.0,3088,15140699.0,3.673596836451631e-05
2024-01-02,10:34:18,11.416,26.88,25.0,3088,15140699.0,3.673596836451631e-05
2024-01-02,10:34:18,11.4204,26.88,25.0,3089,15140700.0,3.66772587895367e-05
2024-01-02,10:34:18,11.4292,26.88,25.0,3088,15140698.0,3.673596836451631e-05
2024-01-02,10:34:18,11.4336,26.88,25.0,3088,15140699.0,3.673596836451631e-05
2024-01-02,10:34:18,11.438,26.88,25.0,3089,15140700.0,3.66772587895367e-05
2024-01-02,10:34:18,11.4424,26.88,25.0,3088,15140700.0,3.673596836451631e-05
2024-01-02,10:34:18,11.4468,26.88,25.0,3087,15140699.0,3.679477191637176e-05
2024-01-02,10:34:18,11.4512,26.88,25.0,3088,15140699.0,3.673596836451631e-05
2024-01-02,10:34:18,11.4556,26.88,25.0,3088,15140699.0,3.673596836451631e-05
2024-01-02,10:34:18,11.4601,26.88,25.0,3087,15140700.0,3.679477191637176e-05
2024-01-02,10:34:18,11.4645,26.88,25.0,3087,15140699.0,3.679477191637176e-05
2024-01-02,10:34:18,11.469,26.88,25.0,3087,15140698.0,3.679477191637176e-05
2024-01-02,10:34:18,11.4734,26.88,25.0,3087,15140699.0,3.679477191637176e-05
2024-01-02,10:34:18,11.4778,26.88,25.0,3087,15140698.0,3.679477191637176e-05
2024-01-02,10:34:18,11.4867,26.88,25.0,3087,15140700.0,3.679477191637176e-05
2024-01-02,10:34:18,11.4911,26.88,25.0,3087,15140698.0,3.679477191637176e-05
2024-01-02,10:34:18,11.4955,26.88,25.0,3088,15140698.0,3.673596836451631e-05
2024-01-02,10:34:18,11.4999,26.88,25.0,3087,15140698.0,3.679477191637176e-05
2024-01-02,10:34:18,11.5044,26.88,25.0,3087,15140698.0,3.679477191637176e-05
2024-01-02,10:34:18,11.5088,26.88,25.0,3088,15140699.0,3.673596836451631e-05
2024-01-02,10:34:18,11.5132,26.88,25.0,3088,15140699.0,3.673596836451631e-05
2024-01-02,10:34:18,11.5177,26.88,25.0,3088,15140699.0,3.673596836451631e-05
2024-01-02,10:34:18,11.5221,26.88,25.0,3086,15140699.0,3.685366959553251e-05
2024-01-02,10:34:18,11.5265,26.88,25.0,3085,15140698.0,3.691266155266892e-05
2024-01-02,10:34:18,11.531,26.88,25.0,3086,15140698.0,3.685366959553251e-05
2024-01-02,10:34:18,11.5398,26.88,25.0,3086,15140699.0,3.685366959553251e-05
2024-01-02,10:34:18,11.5442,26.88,25.0,3086,15140698.0,3.685366959553251e-05
2024-01-02,10:34:18,11.5486,26.88,25.0,3086,15140697.0,3.685366959553251e-05
2024-01-02,10:34:18,11.5531,26.88,25.0,3086,15140698.0,3.685366959553251e-05
2024-01-02,10:34:18,11.5575,26.88,25.0,3086,15140698.0,3.685366959553251e-05
2024-01-02,10:34:18,11.5619,26.88,25.0,3086,15140697.0,3.685366959553251e-05
2024-01-02,10:34:18,11.5663,26.88,25.0,3086,15140698.0,3.685366959553251e-05
2024-01-02,10:34:18,11.5708,26.88,25.0,3086,15140698.0,3.685366959553251e-05
2024-01-02,10:34:18,11.5753,26.88,25.0,3086,15140698.0,3.685366959553251e-05
2024-01-02,10:34:18,11.5797,26.88,25.0,3085,15140698.0,3.691266155266892e-05
2024-01-02,10:34:18,11.5897,26.88,25.0,3085,15140697.0,3.691266155266892e-05
2024-01-02,10:34:18,11.5998,26.88,25.0,3085,15140697.0,3.691266155266892e-05
2024-01-02,10:34:18,11.6043,26.88,25.0,3084,15140698.0,3.697174793869244e-05
2024-01-02,10:34:18,11.6087,26.88,25.0,3085,15140697.0,3.691266155266892e-05
2024-01-02,10:34:18,11.6131,26.88,25.0,3085,15140698.0,3.691266155266892e-05
2024-01-02,10:34:18,11.6175,26.88,25.0,3084,15140698.0,3.697174793869244e-05
2024-01-02,10:34:18,11.622,26.88,25.0,3084,15140697.0,3.697174793869244e-05
2024-01-02,10:34:18,11.6308,26.88,25.0,3084,15140697.0,3.697174793869244e-05
2024-01-02,10:34:18,11.6353,26.88,25.0,3084,15140697.0,3.697174793869244e-05
2024-01-02,10:34:18,11.6397,26.88,25.0,3084,15140697.0,3.697174793869244e-05
2024-01-02,10:34:18,11.6441,26.88,25.0,3084,15140697.0,3.697174793869244e-05
2024-01-02,10:34:18,11.6485,26.88,25.0,3085,15140696.0,3.691266155266892e-05
2024-01-02,10:34:18,11.6529,26.88,25.0,3084,15140696.0,3.697174793869244e-05
2024-01-02,10:34:18,11.6574,26.88,25.0,3083,15140696.0,3.703092890475619e-05
2024-01-02,10:34:18,11.6619,26.88,25.0,3083,15140696.0,3.703092890475619e-05
2024-01-02,10:34:18,11.6663,26.88,25.0,3083,15140696.0,3.703092890475619e-05
2024-01-02,10:34:18,11.6707,26.88,25.0,3084,15140697.0,3.697174793869244e-05
2024-01-02,10:34:18,11.6751,26.88,25.0,3083,15140694.0,3.703092890475619e-05
2024-01-02,10:34:18,11.6839,26.88,25.0,3083,15140696.0,3.703092890475619e-05
2024-01-02,10:34:18,11.6884,26.88,25.0,3083,15140695.0,3.703092890475619e-05
2024-01-02,10:34:18,11.6928,26.88,25.0,3083,15140696.0,3.703092890475619e-05
2024-01-02,10:34:18,11.6973,26.88,25.0,3083,15140696.0,3.703092890475619e-05
2024-01-02,10:34:18,11.7017,26.88,25.0,3082,15140696.0,3.709020460225511e-05
2024-01-02,10:34:18,11.7061,26.88,25.0,3082,15140696.0,3.709020460225511e-05
2024-01-02,10:34:18,11.7105,26.88,25.0,3083,15140695.0,3.703092890475619e-05
2024-01-02,10:34:18,11.7149,26.88,25.0,3083,15140695.0,3.703092890475619e-05
2024-01-02,10:34:18,11.7194,26.88,25.0,3082,15140696.0,3.709020460225511e-05
2024-01-02,10:34:18,11.7238,26.88,25.0,3082,15140695.0,3.709020460225511e-05
2024-01-02,10:34:18,11.7282,26.88,25.0,3082,15140695.0,3.709020460225511e-05
2024-01-02,10:34:18,11.7327,26.88,25.0,3082,15140696.0,3.709020460225511e-05
2024-01-02,10:34:18,11.7415,26.88,25.0,3082,15140694.0,3.709020460225511e-05
2024-01-02,10:34:18,11.746,26.88,25.0,3081,15140696.0,3.714957518282662e-05
2024-01-02,10:34:18,11.7504,26.88,25.0,3080,15140696.0,3.720904079835072e-05
2024-01-02,10:34:18,11.7548,26.88,25.0,3081,15140695.0,3.714957518282662e-05
2024-01-02,10:34:18,11.7593,26.88,25.0,3082,15140695.0,3.709020460225511e-05
2024-01-02,10:34:18,11.7637,26.88,25.0,3082,15140695.0,3.709020460225511e-05
2024-01-02,10:34:18,11.7682,26.88,25.0,3082,15140695.0,3.709020460225511e-05
2024-01-02,10:34:18,11.7726,26.88,25.0,3082,15140695.0,3.709020460225511e-05
2024-01-02,10:34:18,11.7771,26.88,25.0,3081,15140695.0,3.714957518282662e-05
2024-01-02,10:34:18,11.7814,26.88,25.0,3080,15140696.0,3.720904079835072e-05
2024-01-02,10:34:18,11.7858,26.88,25.0,3081,15140696.0,3.714957518282662e-05
2024-01-02,10:34:18,11.7904,26.88,25.0,3081,15140695.0,3.714957518282662e-05
2024-01-02,10:34:18,11.7992,26.88,25.0,3080,15140696.0,3.720904079835072e-05
2024-01-02,10:34:18,11.8037,26.88,25.0,3080,15140695.0,3.720904079835072e-05
2024-01-02,10:34:18,11.8081,26.88,25.0,3081,15140694.0,3.714957518282662e-05
2024-01-02,10:34:18,11.8125,26.88,25.0,3081,15140694.0,3.714957518282662e-05
2024-01-02,10:34:18,11.817,26.88,25.0,3080,15140695.0,3.720904079835072e-05
2024-01-02,10:34:18,11.8215,26.88,25.0,3080,15140694.0,3.720904079835072e-05
2024-01-02,10:34:18,11.8259,26.88,25.0,3080,15140694.0,3.720904079835072e-05
2024-01-02,10:34:18,11.8304,26.88,25.0,3080,15140694.0,3.720904079835072e-05
2024-01-02,10:34:18,11.8348,26.88,25.0,3079,15140694.0,3.726860160095068e-05
2024-01-02,10:34:18,11.8389,26.88,25.0,3080,15140692.0,3.720904079835072e-05
2024-01-02,10:34:18,11.8519,26.88,25.0,3080,15140694.0,3.720904079835072e-05
2024-01-02,10:34:18,11.8563,26.88,25.0,3080,15140694.0,3.720904079835072e-05
2024-01-02,10:34:18,11.8608,26.88,25.0,3080,15140693.0,3.720904079835072e-05
2024-01-02,10:34:18,11.8652,26.88,25.0,3080,15140693.0,3.720904079835072e-05
2024-01-02,10:34:18,11.8697,26.88,25.0,3081,15140693.0,3.714957518282662e-05
2024-01-02,10:34:18,11.8742,26.88,25.0,3080,15140692.0,3.720904079835072e-05
2024-01-02,10:34:18,11.8786,26.88,25.0,3080,15140693.0,3.720904079835072e-05
2024-01-02,10:34:18,11.8831,26.88,25.0,3080,15140693.0,3.720904079835072e-05
2024-01-02,10:34:18,11.8876,26.88,25.0,3078,15140693.0,3.732825774299313e-05
2024-01-02,10:34:18,11.8921,26.88,25.0,3078,15140694.0,3.732825774299313e-05
2024-01-02,10:34:18,11.8965,26.88,25.0,3078,15140694.0,3.732825774299313e-05
2024-01-02,10:34:18,11.901,26.88,25.0,3078,15140694.0,3.732825774299313e-05
2024-01-02,10:34:18,11.9099,26.88,25.0,3077,15140692.0,3.73880093770887e-05
2024-01-02,10:34:18,11.9142,26.88,25.0,3077,15140693.0,3.73880093770887e-05
2024-01-02,10:34:18,11.9187,26.88,25.0,3077,15140693.0,3.73880093770887e-05
2024-01-02,10:34:18,11.9231,26.88,25.0,3078,15140693.0,3.732825774299313e-05
2024-01-02,10:34:18,11.9276,26.88,25.0,3079,15140693.0,3.726860160095068e-05
2024-01-02,10:34:18,11.9321,26.88,25.0,3079,15140693.0,3.726860160095068e-05
2024-01-02,10:34:18,11.9365,26.88,25.0,3079,15140692.0,3.726860160095068e-05
2024-01-02,10:34:18,11.941,26.88,25.0,3078,15140693.0,3.732825774299313e-05
2024-01-02,10:34:18,11.9454,26.88,25.0,3077,15140692.0,3.73880093770887e-05
2024-01-02,10:34:18,11.9498,26.88,25.0,3077,15140693.0,3.73880093770887e-05
2024-01-02,10:34:18,11.9543,26.88,25.0,3078,15140692.0,3.732825774299313e-05
2024-01-02,10:34:18,11.9587,26.88,25.0,3078,15140692.0,3.732825774299313e-05
2024-01-02,10:34:18,11.9676,26.88,25.0,3076,15140694.0,3.744785665609224e-05
2024-01-02,10:34:18,11.9721,26.88,25.0,3077,15140693.0,3.73880093770887e-05
2024-01-02,10:34:18,11.9765,26.88,25.0,3078,15140693.0,3.732825774299313e-05
2024-01-02,10:34:18,11.9809,26.88,25.0,3077,15140693.0,3.73880093770887e-05
2024-01-02,10:34:18,11.9854,26.88,25.0,3076,15140693.0,3.744785665609224e-05
2024-01-02,10:34:18,11.9898,26.88,25.0,3076,15140692.0,3.744785665609224e-05
2024-01-02,10:34:18,11.9943,26.88,25.0,3077,15140692.0,3.73880093770887e-05
2024-01-02,10:34:18,11.9988,26.88,25.0,3077,15140692.0,3.73880093770887e-05
2024-01-02,10:34:18,12.0032,26.88,25.0,3076,15140692.0,3.744785665609224e-05
2024-01-02,10:34:18,12.0076,26.88,25.0,3076,15140692.0,3.744785665609224e-05
2024-01-02,10:34:18,12.0121,26.88,25.0,3077,15140691.0,3.73880093770887e-05
2024-01-02,10:34:18,12.0165,26.88,25.0,3077,15140691.0,3.73880093770887e-05
2024-01-02,10:34:18,12.021,26.88,25.0,3076,15140690.0,3.744785665609224e-05
2024-01-02,10:34:18,12.0299,26.88,25.0,3077,15140692.0,3.73880093770887e-05
2024-01-02,10:34:18,12.0343,26.88,25.0,3077,15140691.0,3.73880093770887e-05
2024-01-02,10:34:18,12.0388,26.88,25.0,3076,15140692.0,3.744785665609224e-05
2024-01-02,10:34:18,12.0432,26.88,25.0,3076,15140692.0,3.744785665609224e-05
2024-01-02,10:34:18,12.0477,26.88,25.0,3076,15140691.0,3.744785665609224e-05
2024-01-02,10:34:18,12.0521,26.88,25.0,3075,15140691.0,3.750779973310336e-05
2024-01-02,10:34:18,12.0565,26.88,25.0,3075,15140691.0,3.750779973310336e-05
2024-01-02,10:34:18,12.061,26.88,25.0,3075,15140691.0,3.750779973310336e-05
2024-01-02,10:34:18,12.0655,26.88,25.0,3075,15140691.0,3.750779973310336e-05
2024-01-02,10:34:18,12.0699,26.88,25.0,3075,15140691.0,3.750779973310336e-05
2024-01-02,10:34:18,12.0744,26.88,25.0,3075,15140691.0,3.750779973310336e-05
2024-01-02,10:34:18,12.0789,26.88,25.0,3076,15140691.0,3.744785665609224e-05
2024-01-02,10:34:18,12.089,26.88,25.0,3074,15140691.0,3.756783876146659e-05
2024-01-02,10:34:18,12.0991,26.88,25.0,3073,15140691.0,3.76279738947721e-05
2024-01-02,10:34:18,12.1035,26.88,25.0,3074,15140691.0,3.756783876146659e-05
2024-01-02,10:34:18,12.1079,26.88,25.0,3074,15140692.0,3.756783876146659e-05
2024-01-02,10:34:18,12.1124,26.88,25.0,3073,15140691.0,3.76279738947721e-05
2024-01-02,10:34:18,12.1213,26.88,25.0,3073,15140692.0,3.76279738947721e-05
2024-01-02,10:34:18,12.1257,26.88,25.0,3074,15140692.0,3.756783876146659e-05
2024-01-02,10:34:18,12.1301,26.88,25.0,3074,15140691.0,3.756783876146659e-05
2024-01-02,10:34:18,12.1346,26.88,25.0,3073,15140691.0,3.76279738947721e-05
2024-01-02,10:34:18,12.139,26.88,25.0,3073,15140690.0,3.76279738947721e-05
2024-01-02,10:34:18,12.1435,26.88,25.0,3074,15140691.0,3.756783876146659e-05
2024-01-02,10:34:18,12.1479,26.88,25.0,3074,15140691.0,3.756783876146659e-05
2024-01-02,10:34:18,12.1524,26.88,25.0,3073,15140690.0,3.76279738947721e-05
2024-01-02,10:34:18,12.1568,26.88,25.0,3072,15140691.0,3.768820528685573e-05
2024-01-02,10:34:18,12.1612,26.88,25.0,3073,15140690.0,3.76279738947721e-05
2024-01-02,10:34:18,12.1657,26.88,25.0,3073,15140690.0,3.76279738947721e-05
2024-01-02,10:34:19,12.1701,26.88,25.0,3072,15140690.0,3.768820528685573e-05
2024-01-02,10:34:19,12.1791,26.88,25.0,3072,15140689.0,3.768820528685573e-05
2024-01-02,10:34:19,12.1835,26.88,25.0,3073,15140689.0,3.76279738947721e-05
2024-01-02,10:34:19,12.1879,26.88,25.0,3073,15140690.0,3.76279738947721e-05
2024-01-02,10:34:19,12.1924,26.88,25.0,3072,15140690.0,3.768820528685573e-05
2024-01-02,10:34:19,12.1968,26.88,25.0,3072,15140690.0,3.768820528685573e-05
2024-01-02,10:34:19,12.2013,26.88,25.0,3072,15140690.0,3.768820528685573e-05
2024-01-02,10:34:19,12.2057,26.88,25.0,3072,15140689.0,3.768820528685573e-05
2024-01-02,10:34:19,12.2102,26.88,25.0,3073,15140689.0,3.76279738947721e-05
2024-01-02,10:34:19,12.2147,26.88,25.0,3073,15140689.0,3.76279738947721e-05
2024-01-02,10:34:19,12.2191,26.88,25.0,3072,15140689.0,3.768820528685573e-05
2024-01-02,10:34:19,12.2235,26.88,25.0,3072,15140689.0,3.768820528685573e-05
2024-01-02,10:34:19,12.228,26.88,25.0,3072,15140689.0,3.768820528685573e-05
2024-01-02,10:34:19,12.2325,26.88,25.0,3071,15140689.0,3.774853309179975e-05
2024-01-02,10:34:19,12.2414,26.88,25.0,3071,15140687.0,3.774853309179975e-05
2024-01-02,10:34:19,12.2459,26.88,25.0,3071,15140688.0,3.774853309179975e-05
2024-01-02,10:34:19,12.2503,26.88,25.0,3071,15140688.0,3.774853309179975e-05
2024-01-02,10:34:19,12.2547,26.88,25.0,3071,15140688.0,3.774853309179975e-05
2024-01-02,10:34:19,12.2592,26.88,25.0,3072,15140689.0,3.768820528685573e-05
2024-01-02,10:34:19,12.2637,26.88,25.0,3072,15140688.0,3.768820528685573e-05
2024-01-02,10:34:19,12.2682,26.88,25.0,3071,15140688.0,3.774853309179975e-05
2024-01-02,10:34:19,12.2726,26.88,25.0,3070,15140688.0,3.780895746393291e-05
2024-01-02,10:34:19,12.277,26.88,25.0,3069,15140687.0,3.786947855783113e-05
2024-01-02,10:34:19,12.2815,26.88,25.0,3069,15140687.0,3.786947855783113e-05
2024-01-02,10:34:19,12.286,26.88,25.0,3071,15140689.0,3.774853309179975e-05
2024-01-02,10:34:19,12.2904,26.88,25.0,3072,15140688.0,3.768820528685573e-05
2024-01-02,10:34:19,12.2948,26.88,25.0,3071,15140688.0,3.774853309179975e-05
2024-01-02,10:34:19,12.3038,26.88,25.0,3070,15140687.0,3.780895746393291e-05
2024-01-02,10:34:19,12.3083,26.88,25.0,3070,15140688.0,3.780895746393291e-05
2024-01-02,10:34:19,12.3127,26.88,25.0,3069,15140687.0,3.786947855783113e-05
2024-01-02,10:34:19,12.3172,26.88,25.0,3070,15140686.0,3.780895746393291e-05
2024-01-02,10:34:19,12.3216,26.88,25.0,3070,15140686.0,3.780895746393291e-05
2024-01-02,10:34:19,12.3261,26.88,25.0,3071,15140686.0,3.774853309179975e-05
2024-01-02,10:34:19,12.3305,26.88,25.0,3070,15140686.0,3.780895746393291e-05
2024-01-02,10:34:19,12.3349,26.88,25.0,3069,15140687.0,3.786947855783113e-05
2024-01-02,10:34:19,12.3391,26.88,25.0,3069,15140686.0,3.786947855783113e-05
2024-01-02,10:34:19,12.3477,26.88,25.0,3069,15140686.0,3.786947855783113e-05
2024-01-02,10:34:19,12.3567,26.88,25.0,3067,15140685.0,3.799081153046356e-05
2024-01-02,10:34:19,12.3611,26.88,25.0,3067,15140686.0,3.799081153046356e-05
2024-01-02,10:34:19,12.3655,26.88,25.0,3067,15140685.0,3.799081153046356e-05
2024-01-02,10:34:19,12.37,26.88,25.0,3067,15140686.0,3.799081153046356e-05
2024-01-02,10:34:19,12.3744,26.88,25.0,3067,15140686.0,3.799081153046356e-05
2024-01-02,10:34:19,12.3788,26.88,25.0,3067,15140685.0,3.799081153046356e-05
2024-01-02,10:34:19,12.3833,26.88,25.0,3068,15140686.0,3.793009652831762e-05
2024-01-02,10:34:19,12.3877,26.88,25.0,3068,15140686.0,3.793009652831762e-05
2024-01-02,10:34:19,12.3923,26.88,25.0,3068,15140686.0,3.793009652831762e-05
2024-01-02,10:34:19,12.3968,26.88,25.0,3068,15140685.0,3.793009652831762e-05
2024-01-02,10:34:19,12.4012,26.88,25.0,3068,15140685.0,3.793009652831762e-05
2024-01-02,10:34:19,12.4056,26.88,25.0,3068,15140685.0,3.793009652831762e-05
2024-01-02,10:34:19,12.4146,26.88,25.0,3068,15140687.0,3.793009652831762e-05
2024-01-02,10:34:19,12.419,26.88,25.0,3068,15140686.0,3.793009652831762e-05
2024-01-02,10:34:19,12.4234,26.88,25.0,3068,15140685.0,3.793009652831762e-05
2024-01-02,10:34:19,12.4279,26.88,25.0,3067,15140685.0,3.799081153046356e-05
2024-01-02,10:34:19,12.4324,26.88,25.0,3067,15140685.0,3.799081153046356e-05
2024-01-02,10:34:19,12.4368,26.88,25.0,3068,15140685.0,3.793009652831762e-05
2024-01-02,10:34:19,12.4412,26.88,25.0,3068,15140685.0,3.793009652831762e-05
2024-01-02,10:34:19,12.4457,26.88,25.0,3068,15140685.0,3.793009652831762e-05
2024-01-02,10:34:19,12.4502,26.88,25.0,3067,15140686.0,3.799081153046356e-05
2024-01-02,10:34:19,12.4547,26.88,25.0,3067,15140686.0,3.799081153046356e-05
2024-01-02,10:34:19,12.4591,26.88,25.0,3067,15140685.0,3.799081153046356e-05
2024-01-02,10:34:19,12.4636,26.88,25.0,3067,15140685.0,3.799081153046356e-05
2024-01-02,10:34:19,12.4681,26.88,25.0,3067,15140685.0,3.799081153046356e-05
2024-01-02,10:34:19,12.477,26.88,25.0,3066,15140686.0,3.805162371958823e-05
2024-01-02,10:34:19,12.4814,26.88,25.0,3067,15140685.0,3.799081153046356e-05
2024-01-02,10:34:19,12.4859,26.88,25.0,3067,15140685.0,3.799081153046356e-05
2024-01-02,10:34:19,12.4904,26.88,25.0,3067,15140685.0,3.799081153046356e-05
2024-01-02,10:34:19,12.4948,26.88,25.0,3067,15140685.0,3.799081153046356e-05
2024-01-02,10:34:19,12.4993,26.88,25.0,3067,15140684.0,3.799081153046356e-05
2024-01-02,10:34:19,12.5038,26.88,25.0,3067,15140684.0,3.799081153046356e-05
2024-01-02,10:34:19,12.5082,26.88,25.0,3067,15140684.0,3.799081153046356e-05
2024-01-02,10:34:19,12.5127,26.88,25.0,3066,15140685.0,3.805162371958823e-05
2024-01-02,10:34:19,12.5172,26.88,25.0,3065,15140684.0,3.811253325125966e-05
2024-01-02,10:34:19,12.5216,26.94,25.0,3066,15140684.0,3.805162371958823e-05
2024-01-02,10:34:19,12.526,26.94,25.0,3066,15140684.0,3.805162371958823e-05
2024-01-02,10:34:19,12.5305,26.94,25.0,3065,15140684.0,3.811253325125966e-05
2024-01-02,10:34:19,12.5394,26.94,25.0,3066,15140684.0,3.805162371958823e-05
2024-01-02,10:34:19,12.5438,26.94,25.0,3066,15140684.0,3.805162371958823e-05
2024-01-02,10:34:19,12.5484,26.94,25.0,3065,15140684.0,3.811253325125966e-05
2024-01-02,10:34:19,12.5529,26.94,25.0,3065,15140683.0,3.811253325125966e-05
2024-01-02,10:34:19,12.5572,26.94,25.0,3065,15140683.0,3.811253325125966e-05
2024-01-02,10:34:19,12.5616,26.94,25.0,3065,15140684.0,3.811253325125966e-05
2024-01-02,10:34:19,12.5662,26.94,25.0,3065,15140683.0,3.811253325125966e-05
2024-01-02,10:34:19,12.5707,26.94,25.0,3065,15140683.0,3.811253325125966e-05
2024-01-02,10:34:19,12.5751,26.94,25.0,3065,15140684.0,3.811253325125966e-05
2024-01-02,10:34:19,12.5796,26.94,25.0,3064,15140683.0,3.817354028129473e-05
2024-01-02,10:34:19,12.5897,26.94,25.0,3064,15140683.0,3.817354028129473e-05
2024-01-02,10:34:19,12.5998,26.94,25.0,3064,15140683.0,3.817354028129473e-05
2024-01-02,10:34:19,12.6043,26.94,25.0,3064,15140683.0,3.817354028129473e-05
2024-01-02,10:34:19,12.6088,26.94,25.0,3064,15140683.0,3.817354028129473e-05
2024-01-02,10:34:19,12.6133,26.94,25.0,3063,15140683.0,3.823464496575992e-05
2024-01-02,10:34:19,12.6178,26.94,25.0,3063,15140683.0,3.823464496575992e-05
2024-01-02,10:34:19,12.6222,26.94,25.0,3064,15140682.0,3.817354028129473e-05
2024-01-02,10:34:19,12.6267,26.94,25.0,3064,15140683.0,3.817354028129473e-05
2024-01-02,10:34:19,12.6356,26.94,25.0,3063,15140682.0,3.823464496575992e-05
2024-01-02,10:34:19,12.64,26.94,25.0,3063,15140683.0,3.823464496575992e-05
2024-01-02,10:34:19,12.6445,26.94,25.0,3062,15140682.0,3.829584746097138e-05
2024-01-02,10:34:19,12.6491,26.94,25.0,3062,15140682.0,3.829584746097138e-05
2024-01-02,10:34:19,12.6535,26.94,25.0,3064,15140683.0,3.817354028129473e-05
2024-01-02,10:34:19,12.6579,26.94,25.0,3065,15140683.0,3.811253325125966e-05
2024-01-02,10:34:19,12.6624,26.94,25.0,3064,15140682.0,3.817354028129473e-05
2024-01-02,10:34:19,12.6668,26.94,25.0,3063,15140683.0,3.823464496575992e-05
2024-01-02,10:34:19,12.6713,26.94,25.0,3063,15140682.0,3.823464496575992e-05
2024-01-02,10:34:19,12.6757,26.94,25.0,3064,15140681.0,3.817354028129473e-05
2024-01-02,10:34:19,12.6802,26.94,25.0,3064,15140683.0,3.817354028129473e-05
2024-01-02,10:34:19,12.6847,26.94,25.0,3063,15140684.0,3.823464496575992e-05
2024-01-02,10:34:19,12.6892,26.94,25.0,3063,15140683.0,3.823464496575992e-05
2024-01-02,10:34:19,12.6981,26.94,25.0,3064,15140681.0,3.817354028129473e-05
2024-01-02,10:34:19,12.7026,26.94,25.0,3063,15140682.0,3.823464496575992e-05
2024-01-02,10:34:19,12.7071,26.94,25.0,3062,15140681.0,3.829584746097138e-05
2024-01-02,10:34:19,12.7115,26.94,25.0,3062,15140681.0,3.829584746097138e-05
2024-01-02,10:34:19,12.716,26.94,25.0,3062,15140681.0,3.829584746097138e-05
2024-01-02,10:34:19,12.7205,26.94,25.0,3062,15140681.0,3.829584746097138e-05
2024-01-02,10:34:19,12.7249,26.94,25.0,3062,15140681.0,3.829584746097138e-05
2024-01-02,10:34:19,12.7294,26.94,25.0,3062,15140681.0,3.829584746097138e-05
2024-01-02,10:34:19,12.7339,26.94,25.0,3062,15140682.0,3.829584746097138e-05
2024-01-02,10:34:19,12.7384,26.94,25.0,3061,15140682.0,3.835714792349559e-05
2024-01-02,10:34:19,12.7428,26.94,25.0,3061,15140681.0,3.835714792349559e-05
2024-01-02,10:34:19,12.7473,26.94,25.0,3061,15140681.0,3.835714792349559e-05
2024-01-02,10:34:19,12.7518,26.94,25.0,3061,15140681.0,3.835714792349559e-05
2024-01-02,10:34:19,12.7563,26.94,25.0,3063,15140680.0,3.823464496575992e-05
2024-01-02,10:34:19,12.7652,26.94,25.0,3061,15140682.0,3.835714792349559e-05
2024-01-02,10:34:19,12.7697,26.94,25.0,3061,15140681.0,3.835714792349559e-05
2024-01-02,10:34:19,12.7742,26.94,25.0,3062,15140680.0,3.829584746097138e-05
2024-01-02,10:34:19,12.7787,26.94,25.0,3062,15140680.0,3.829584746097138e-05
2024-01-02,10:34:19,12.7831,26.94,25.0,3062,15140680.0,3.829584746097138e-05
2024-01-02,10:34:19,12.7875,26.94,25.0,3062,15140680.0,3.829584746097138e-05
2024-01-02,10:34:19,12.792,26.94,25.0,3062,15140680.0,3.829584746097138e-05
2024-01-02,10:34:19,12.7965,26.94,25.0,3062,15140680.0,3.829584746097138e-05
2024-01-02,10:34:19,12.801,26.94,25.0,3061,15140681.0,3.835714792349559e-05
2024-01-02,10:34:19,12.8054,26.94,25.0,3061,15140680.0,3.835714792349559e-05
2024-01-02,10:34:19,12.8099,26.94,25.0,3061,15140680.0,3.835714792349559e-05
2024-01-02,10:34:19,12.8144,26.94,25.0,3060,15140679.0,3.841854651014953e-05
2024-01-02,10:34:19,12.8188,26.94,25.0,3060,15140680.0,3.841854651014953e-05
2024-01-02,10:34:19,12.8277,26.94,25.0,3061,15140681.0,3.835714792349559e-05
2024-01-02,10:34:19,12.8322,26.94,25.0,3061,15140681.0,3.835714792349559e-05
2024-01-02,10:34:19,12.8367,26.94,25.0,3061,15140681.0,3.835714792349559e-05
2024-01-02,10:34:19,12.8409,26.94,25.0,3061,15140680.0,3.835714792349559e-05
2024-01-02,10:34:19,12.8494,26.94,25.0,3059,15140679.0,3.848004337800132e-05
2024-01-02,10:34:19,12.8539,26.94,25.0,3058,15140680.0,3.854163868437039e-05
2024-01-02,10:34:19,12.8584,26.94,25.0,3059,15140680.0,3.848004337800132e-05
2024-01-02,10:34:19,12.8629,26.94,25.0,3059,15140680.0,3.848004337800132e-05
2024-01-02,10:34:19,12.8674,26.94,25.0,3059,15140680.0,3.848004337800132e-05
2024-01-02,10:34:19,12.8718,26.94,25.0,3060,15140680.0,3.841854651014953e-05
2024-01-02,10:34:19,12.8807,26.94,25.0,3059,15140678.0,3.848004337800132e-05
2024-01-02,10:34:19,12.8852,26.94,25.0,3058,15140676.0,3.854163868437039e-05
2024-01-02,10:34:19,12.8898,26.94,25.0,3058,15140680.0,3.854163868437039e-05
2024-01-02,10:34:19,12.8942,26.94,25.0,3059,15140680.0,3.848004337800132e-05
2024-01-02,10:34:19,12.8987,26.94,25.0,3059,15140680.0,3.848004337800132e-05
2024-01-02,10:34:19,12.9031,26.94,25.0,3059,15140680.0,3.848004337800132e-05
2024-01-02,10:34:19,12.9076,26.94,25.0,3059,15140680.0,3.848004337800132e-05
2024-01-02,10:34:19,12.912,26.94,25.0,3059,15140680.0,3.848004337800132e-05
2024-01-02,10:34:19,12.9165,26.94,25.0,3058,15140680.0,3.854163868437039e-05
2024-01-02,10:34:19,12.921,26.94,25.0,3058,15140681.0,3.854163868437039e-05
2024-01-02,10:34:19,12.9255,26.94,25.0,3058,15140680.0,3.854163868437039e-05
2024-01-02,10:34:19,12.93,26.94,25.0,3057,15140679.0,3.860333258682812e-05
2024-01-02,10:34:19,12.9344,26.94,25.0,3057,15140679.0,3.860333258682812e-05
2024-01-02,10:34:19,12.9389,26.94,25.0,3058,15140680.0,3.854163868437039e-05
2024-01-02,10:34:19,12.9479,26.94,25.0,3057,15140680.0,3.860333258682812e-05
2024-01-02,10:34:19,12.9524,26.94,25.0,3058,15140680.0,3.854163868437039e-05
2024-01-02,10:34:19,12.9568,26.94,25.0,3057,15140679.0,3.860333258682812e-05
2024-01-02,10:34:19,12.9613,26.94,25.0,3057,15140678.0,3.860333258682812e-05
2024-01-02,10:34:19,12.9658,26.94,25.0,3058,15140679.0,3.854163868437039e-05
2024-01-02,10:34:19,12.9703,26.94,25.0,3059,15140679.0,3.848004337800132e-05
2024-01-02,10:34:19,12.9748,26.94,25.0,3059,15140679.0,3.848004337800132e-05
2024-01-02,10:34:19,12.9792,26.94,25.0,3058,15140679.0,3.854163868437039e-05
2024-01-02,10:34:19,12.9837,26.94,25.0,3057,15140678.0,3.860333258682812e-05
2024-01-02,10:34:19,12.9882,26.94,25.0,3057,15140679.0,3.860333258682812e-05
2024-01-02,10:34:19,12.9927,26.94,25.0,3057,15140679.0,3.860333258682812e-05
2024-01-02,10:34:19,12.9971,26.94,25.0,3057,15140678.0,3.860333258682812e-05
2024-01-02,10:34:19,13.0016,26.94,25.0,3057,15140678.0,3.860333258682812e-05
2024-01-02,10:34:19,13.0106,26.94,25.0,3057,15140678.0,3.860333258682812e-05
2024-01-02,10:34:19,13.0151,26.94,25.0,3057,15140678.0,3.860333258682812e-05
2024-01-02,10:34:19,13.0196,26.94,25.0,3056,15140678.0,3.866512524319794e-05
2024-01-02,10:34:19,13.024,26.94,25.0,3056,15140678.0,3.866512524319794e-05
2024-01-02,10:34:19,13.0285,26.94,25.0,3056,15140677.0,3.866512524319794e-05
2024-01-02,10:34:19,13.033,26.94,25.0,3057,15140677.0,3.860333258682812e-05
2024-01-02,10:34:19,13.0375,26.94,25.0,3057,15140678.0,3.860333258682812e-05
2024-01-02,10:34:19,13.0419,26.94,25.0,3057,15140677.0,3.860333258682812e-05
2024-01-02,10:34:19,13.0464,26.94,25.0,3057,15140677.0,3.860333258682812e-05
2024-01-02,10:34:19,13.0508,26.94,25.0,3056,15140678.0,3.866512524319794e-05
2024-01-02,10:34:19,13.0553,26.94,25.0,3055,15140677.0,3.872701681155609e-05
2024-01-02,10:34:19,13.0598,26.94,25.0,3055,15140676.0,3.872701681155609e-05
2024-01-02,10:34:19,13.0643,26.94,25.0,3056,15140677.0,3.866512524319794e-05
2024-01-02,10:34:19,13.0688,26.94,25.0,3056,15140677.0,3.866512524319794e-05
2024-01-02,10:34:19,13.0777,26.94,25.0,3054,15140679.0,3.878900745023173e-05
2024-01-02,10:34:19,13.0822,26.94,25.0,3054,15140679.0,3.878900745023173e-05
2024-01-02,10:34:19,13.0867,26.94,25.0,3055,15140678.0,3.872701681155609e-05
2024-01-02,10:34:19,13.0908,26.94,25.0,3054,15140678.0,3.878900745023173e-05
2024-01-02,10:34:19,13.0995,26.94,25.0,3055,15140677.0,3.872701681155609e-05
2024-01-02,10:34:19,13.104,26.94,25.0,3056,15140677.0,3.866512524319794e-05
2024-01-02,10:34:19,13.1085,26.94,25.0,3056,15140677.0,3.866512524319794e-05
2024-01-02,10:34:19,13.113,26.94,25.0,3056,15140677.0,3.866512524319794e-05
2024-01-02,10:34:19,13.1175,26.94,25.0,3056,15140677.0,3.866512524319794e-05
2024-01-02,10:34:19,13.122,26.94,25.0,3056,15140676.0,3.866512524319794e-05
2024-01-02,10:34:19,13.1264,26.94,25.0,3055,15140676.0,3.872701681155609e-05
2024-01-02,10:34:19,13.1354,26.94,25.0,3054,15140675.0,3.878900745023173e-05
2024-01-02,10:34:19,13.1399,26.94,25.0,3054,15140675.0,3.878900745023173e-05
2024-01-02,10:34:19,13.1444,26.94,25.0,3055,15140676.0,3.872701681155609e-05
2024-01-02,10:34:19,13.1488,26.94,25.0,3055,15140676.0,3.872701681155609e-05
2024-01-02,10:34:19,13.1532,26.94,25.0,3054,15140676.0,3.878900745023173e-05
2024-01-02,10:34:19,13.1577,26.94,25.0,3053,15140676.0,3.88510973178075e-05
2024-01-02,10:34:19,13.1622,26.94,25.0,3053,15140675.0,3.88510973178075e-05
2024-01-02,10:34:19,13.1668,26.94,25.0,3053,15140675.0,3.88510973178075e-05
2024-01-02,10:34:20,13.1712,26.94,25.0,3053,15140675.0,3.88510973178075e-05
2024-01-02,10:34:20,13.1757,26.94,25.0,3054,15140675.0,3.878900745023173e-05
2024-01-02,10:34:20,13.1802,26.94,25.0,3055,15140676.0,3.872701681155609e-05
2024-01-02,10:34:20,13.1847,26.94,25.0,3055,15140676.0,3.872701681155609e-05
2024-01-02,10:34:20,13.1892,26.94,25.0,3055,15140675.0,3.872701681155609e-05
2024-01-02,10:34:20,13.198,26.94,25.0,3053,15140673.0,3.88510973178075e-05
2024-01-02,10:34:20,13.2025,26.94,25.0,3053,15140675.0,3.88510973178075e-05
2024-01-02,10:34:20,13.207,26.94,25.0,3053,15140675.0,3.88510973178075e-05
2024-01-02,10:34:20,13.2115,26.94,25.0,3053,15140674.0,3.88510973178075e-05
2024-01-02,10:34:20,13.216,26.94,25.0,3053,15140676.0,3.88510973178075e-05
2024-01-02,10:34:20,13.2204,26.94,25.0,3053,15140676.0,3.88510973178075e-05
2024-01-02,10:34:20,13.2249,26.94,25.0,3054,15140675.0,3.878900745023173e-05
2024-01-02,10:34:20,13.2295,26.94,25.0,3054,15140675.0,3.878900745023173e-05
2024-01-02,10:34:20,13.234,26.94,25.0,3053,15140674.0,3.88510973178075e-05
2024-01-02,10:34:20,13.2384,26.94,25.0,3053,15140674.0,3.88510973178075e-05
2024-01-02,10:34:20,13.2429,26.94,25.0,3053,15140674.0,3.88510973178075e-05
2024-01-02,10:34:20,13.2474,26.94,25.0,3053,15140674.0,3.88510973178075e-05
2024-01-02,10:34:20,13.2519,26.94,25.0,3053,15140675.0,3.88510973178075e-05
2024-01-02,10:34:20,13.2565,26.94,25.0,3052,15140675.0,3.891328657311985e-05
2024-01-02,10:34:20,13.261,26.94,25.0,3052,15140675.0,3.891328657311985e-05
2024-01-02,10:34:20,13.2699,26.94,25.0,3053,15140673.0,3.88510973178075e-05
2024-01-02,10:34:20,13.2744,26.94,25.0,3053,15140674.0,3.88510973178075e-05
2024-01-02,10:34:20,13.2789,26.94,25.0,3053,15140674.0,3.88510973178075e-05
2024-01-02,10:34:20,13.2834,26.94,25.0,3053,15140673.0,3.88510973178075e-05
2024-01-02,10:34:20,13.2878,26.94,25.0,3053,15140673.0,3.88510973178075e-05
2024-01-02,10:34:20,13.2923,26.94,25.0,3053,15140674.0,3.88510973178075e-05
2024-01-02,10:34:20,13.2968,26.94,25.0,3052,15140673.0,3.891328657311985e-05
2024-01-02,10:34:20,13.3013,26.94,25.0,3052,15140673.0,3.891328657311985e-05
2024-01-02,10:34:20,13.3059,26.94,25.0,3052,15140673.0,3.891328657311985e-05
2024-01-02,10:34:20,13.3103,26.94,25.0,3051,15140673.0,3.897557537525958e-05
2024-01-02,10:34:20,13.3148,26.94,25.0,3052,15140674.0,3.891328657311985e-05
2024-01-02,10:34:20,13.3193,26.94,25.0,3052,15140675.0,3.891328657311985e-05
2024-01-02,10:34:20,13.3237,26.94,25.0,3051,15140673.0,3.897557537525958e-05
2024-01-02,10:34:20,13.3283,26.94,25.0,3051,15140673.0,3.897557537525958e-05
2024-01-02,10:34:20,13.3407,26.94,25.0,3052,15140675.0,3.891328657311985e-05
2024-01-02,10:34:20,13.3486,26.94,25.0,3051,15140674.0,3.897557537525958e-05
2024-01-02,10:34:20,13.3531,26.94,25.0,3051,15140673.0,3.897557537525958e-05
2024-01-02,10:34:20,13.3576,26.94,25.0,3051,15140674.0,3.897557537525958e-05
2024-01-02,10:34:20,13.362,26.94,25.0,3051,15140673.0,3.897557537525958e-05
2024-01-02,10:34:20,13.371,26.94,25.0,3050,15140675.0,3.903796388357198e-05
2024-01-02,10:34:20,13.3755,26.94,25.0,3050,15140674.0,3.903796388357198e-05
2024-01-02,10:34:20,13.38,26.94,25.0,3050,15140674.0,3.903796388357198e-05
2024-01-02,10:34:20,13.3845,26.94,25.0,3050,15140673.0,3.903796388357198e-05
2024-01-02,10:34:20,13.389,26.94,25.0,3050,15140674.0,3.903796388357198e-05
2024-01-02,10:34:20,13.3935,26.94,25.0,3050,15140674.0,3.903796388357198e-05
2024-01-02,10:34:20,13.398,26.94,25.0,3051,15140674.0,3.897557537525958e-05
2024-01-02,10:34:20,13.4025,26.94,25.0,3051,15140673.0,3.897557537525958e-05
2024-01-02,10:34:20,13.407,26.94,25.0,3050,15140674.0,3.903796388357198e-05
2024-01-02,10:34:20,13.4115,26.94,25.0,3050,15140673.0,3.903796388357198e-05
2024-01-02,10:34:20,13.416,26.94,25.0,3050,15140673.0,3.903796388357198e-05
2024-01-02,10:34:20,13.4204,26.94,25.0,3049,15140673.0,3.910045225765757e-05
2024-01-02,10:34:20,13.4249,26.94,25.0,3050,15140672.0,3.903796388357198e-05
2024-01-02,10:34:20,13.4295,26.94,25.0,3051,15140673.0,3.897557537525958e-05
2024-01-02,10:34:20,13.434,26.94,25.0,3050,15140673.0,3.903796388357198e-05
2024-01-02,10:34:20,13.4428,26.94,25.0,3049,15140674.0,3.910045225765757e-05
2024-01-02,10:34:20,13.4474,26.94,25.0,3048,15140672.0,3.916304065737224e-05
2024-01-02,10:34:20,13.4519,26.94,25.0,3049,15140672.0,3.910045225765757e-05
2024-01-02,10:34:20,13.4564,26.94,25.0,3049,15140673.0,3.910045225765757e-05
2024-01-02,10:34:20,13.4609,26.94,25.0,3049,15140673.0,3.910045225765757e-05
2024-01-02,10:34:20,13.4654,26.94,25.0,3050,15140673.0,3.903796388357198e-05
2024-01-02,10:34:20,13.4699,26.94,25.0,3050,15140673.0,3.903796388357198e-05
2024-01-02,10:34:20,13.4743,26.94,25.0,3049,15140673.0,3.910045225765757e-05
2024-01-02,10:34:20,13.4788,26.94,25.0,3048,15140673.0,3.916304065737224e-05
2024-01-02,10:34:20,13.4833,26.94,25.0,3048,15140672.0,3.916304065737224e-05
2024-01-02,10:34:20,13.4878,26.94,25.0,3049,15140671.0,3.910045225765757e-05
2024-01-02,10:34:20,13.4924,26.94,25.0,3049,15140672.0,3.910045225765757e-05
2024-01-02,10:34:20,13.4968,26.94,25.0,3049,15140672.0,3.910045225765757e-05
2024-01-02,10:34:20,13.5013,26.94,25.0,3049,15140672.0,3.910045225765757e-05
2024-01-02,10:34:20,13.5102,26.94,25.0,3048,15140671.0,3.916304065737224e-05
2024-01-02,10:34:20,13.5147,26.94,25.0,3048,15140672.0,3.916304065737224e-05
2024-01-02,10:34:20,13.5191,26.94,25.0,3047,15140671.0,3.922572924282782e-05
2024-01-02,10:34:20,13.5237,26.94,25.0,3047,15140671.0,3.922572924282782e-05
2024-01-02,10:34:20,13.5283,26.94,25.0,3048,15140673.0,3.916304065737224e-05
2024-01-02,10:34:20,13.5328,26.94,25.0,3048,15140673.0,3.916304065737224e-05
2024-01-02,10:34:20,13.5372,26.94,25.0,3048,15140672.0,3.916304065737224e-05
2024-01-02,10:34:20,13.5417,26.94,25.0,3048,15140672.0,3.916304065737224e-05
2024-01-02,10:34:20,13.5461,26.94,25.0,3048,15140672.0,3.916304065737224e-05
2024-01-02,10:34:20,13.5506,26.94,25.0,3048,15140672.0,3.916304065737224e-05
2024-01-02,10:34:20,13.5552,26.94,25.0,3048,15140672.0,3.916304065737224e-05
2024-01-02,10:34:20,13.5597,26.94,25.0,3048,15140672.0,3.916304065737224e-05
2024-01-02,10:34:20,13.5642,26.94,25.0,3048,15140673.0,3.916304065737224e-05
2024-01-02,10:34:20,13.5687,26.94,25.0,3048,15140672.0,3.916304065737224e-05
2024-01-02,10:34:20,13.5776,26.94,25.0,3047,15140672.0,3.922572924282782e-05
2024-01-02,10:34:20,13.5821,26.94,25.0,3047,15140671.0,3.922572924282782e-05
2024-01-02,10:34:20,13.5867,26.94,25.0,3047,15140671.0,3.922572924282782e-05
2024-01-02,10:34:20,13.5908,26.94,25.0,3047,15140670.0,3.922572924282782e-05
2024-01-02,10:34:20,13.5994,26.94,25.0,3047,15140671.0,3.922572924282782e-05
2024-01-02,10:34:20,13.6039,26.94,25.0,3047,15140671.0,3.922572924282782e-05
2024-01-02,10:34:20,13.6085,26.94,25.0,3047,15140670.0,3.922572924282782e-05
2024-01-02,10:34:20,13.613,26.94,25.0,3047,15140670.0,3.922572924282782e-05
2024-01-02,10:34:20,13.6174,26.94,25.0,3047,15140670.0,3.922572924282782e-05
2024-01-02,10:34:20,13.6219,26.94,25.0,3047,15140670.0,3.922572924282782e-05
2024-01-02,10:34:20,13.6265,26.94,25.0,3047,15140672.0,3.922572924282782e-05
2024-01-02,10:34:20,13.6309,26.94,25.0,3046,15140671.0,3.928851817439237e-05
2024-01-02,10:34:20,13.6399,26.94,25.0,3046,15140672.0,3.928851817439237e-05
2024-01-02,10:34:20,13.6444,26.94,25.0,3045,15140670.0,3.935140761269075e-05
2024-01-02,10:34:20,13.6489,26.94,25.0,3045,15140670.0,3.935140761269075e-05
2024-01-02,10:34:20,13.6534,26.94,25.0,3045,15140670.0,3.935140761269075e-05
2024-01-02,10:34:20,13.658,26.94,25.0,3045,15140670.0,3.935140761269075e-05
2024-01-02,10:34:20,13.6625,26.94,25.0,3045,15140670.0,3.935140761269075e-05
2024-01-02,10:34:20,13.6669,26.94,25.0,3045,15140670.0,3.935140761269075e-05
2024-01-02,10:34:20,13.6714,26.94,25.0,3046,15140670.0,3.928851817439237e-05
2024-01-02,10:34:20,13.6759,26.94,25.0,3046,15140670.0,3.928851817439237e-05
2024-01-02,10:34:20,13.6805,26.94,25.0,3045,15140669.0,3.935140761269075e-05
2024-01-02,10:34:20,13.685,26.94,25.0,3045,15140667.0,3.935140761269075e-05
2024-01-02,10:34:20,13.6895,26.94,25.0,3045,15140667.0,3.935140761269075e-05
2024-01-02,10:34:20,13.694,26.94,25.0,3045,15140669.0,3.935140761269075e-05
2024-01-02,10:34:20,13.6985,26.94,25.0,3046,15140671.0,3.928851817439237e-05
2024-01-02,10:34:20,13.7074,26.94,25.0,3045,15140669.0,3.935140761269075e-05
2024-01-02,10:34:20,13.7119,26.94,25.0,3045,15140670.0,3.935140761269075e-05
2024-01-02,10:34:20,13.7164,26.94,25.0,3044,15140669.0,3.941439771860481e-05
2024-01-02,10:34:20,13.7209,26.94,25.0,3045,15140669.0,3.935140761269075e-05
2024-01-02,10:34:20,13.7255,26.94,25.0,3046,15140670.0,3.928851817439237e-05
2024-01-02,10:34:20,13.73,26.94,25.0,3045,15140670.0,3.935140761269075e-05
2024-01-02,10:34:20,13.7344,26.94,25.0,3045,15140670.0,3.935140761269075e-05
2024-01-02,10:34:20,13.7389,26.94,25.0,3045,15140670.0,3.935140761269075e-05
2024-01-02,10:34:20,13.7435,26.94,25.0,3044,15140669.0,3.941439771860481e-05
2024-01-02,10:34:20,13.748,26.94,25.0,3043,15140669.0,3.947748865327405e-05
2024-01-02,10:34:20,13.7525,26.94,25.0,3043,15140669.0,3.947748865327405e-05
2024-01-02,10:34:20,13.757,26.94,25.0,3045,15140669.0,3.935140761269075e-05
2024-01-02,10:34:20,13.7614,26.94,25.0,3046,15140669.0,3.928851817439237e-05
2024-01-02,10:34:20,13.7659,26.94,25.0,3045,15140669.0,3.935140761269075e-05
2024-01-02,10:34:20,13.7705,26.94,25.0,3045,15140670.0,3.935140761269075e-05
2024-01-02,10:34:20,13.7795,26.94,25.0,3043,15140668.0,3.947748865327405e-05
2024-01-02,10:34:20,13.784,26.94,25.0,3044,15140669.0,3.941439771860481e-05
2024-01-02,10:34:20,13.7884,26.94,25.0,3044,15140669.0,3.941439771860481e-05
2024-01-02,10:34:20,13.7929,26.94,25.0,3043,15140670.0,3.947748865327405e-05
2024-01-02,10:34:20,13.7975,26.94,25.0,3044,15140670.0,3.941439771860481e-05
2024-01-02,10:34:20,13.802,26.94,25.0,3044,15140670.0,3.941439771860481e-05
2024-01-02,10:34:20,13.8065,26.94,25.0,3043,15140669.0,3.947748865327405e-05
2024-01-02,10:34:20,13.8109,26.94,25.0,3043,15140669.0,3.947748865327405e-05
2024-01-02,10:34:20,13.8154,26.94,25.0,3043,15140669.0,3.947748865327405e-05
2024-01-02,10:34:20,13.82,26.94,25.0,3043,15140669.0,3.947748865327405e-05
2024-01-02,10:34:20,13.8245,26.94,25.0,3044,15140670.0,3.941439771860481e-05
2024-01-02,10:34:20,13.829,26.94,25.0,3044,15140669.0,3.941439771860481e-05
2024-01-02,10:34:20,13.8414,26.94,25.0,3042,15140670.0,3.95406805780958e-05
2024-01-02,10:34:20,13.8494,26.94,25.0,3042,15140670.0,3.95406805780958e-05
2024-01-02,10:34:20,13.854,26.94,25.0,3043,15140669.0,3.947748865327405e-05
2024-01-02,10:34:20,13.8585,26.94,25.0,3042,15140668.0,3.95406805780958e-05
2024-01-02,10:34:20,13.8629,26.94,25.0,3042,15140667.0,3.95406805780958e-05
2024-01-02,10:34:20,13.8675,26.94,25.0,3042,15140667.0,3.95406805780958e-05
2024-01-02,10:34:20,13.872,26.94,25.0,3042,15140667.0,3.95406805780958e-05
2024-01-02,10:34:20,13.8766,26.94,25.0,3042,15140668.0,3.95406805780958e-05
2024-01-02,10:34:20,13.881,26.94,25.0,3041,15140669.0,3.960397365472582e-05
2024-01-02,10:34:20,13.8899,26.94,25.0,3043,15140672.0,3.947748865327405e-05
2024-01-02,10:34:20,13.8944,26.94,25.0,3042,15140668.0,3.95406805780958e-05
2024-01-02,10:34:20,13.899,26.94,25.0,3042,15140667.0,3.95406805780958e-05
2024-01-02,10:34:20,13.9035,26.94,25.0,3043,15140668.0,3.947748865327405e-05
2024-01-02,10:34:20,13.908,26.94,25.0,3043,15140669.0,3.947748865327405e-05
2024-01-02,10:34:20,13.9125,26.94,25.0,3042,15140668.0,3.95406805780958e-05
2024-01-02,10:34:20,13.917,26.94,25.0,3041,15140668.0,3.960397365472582e-05
2024-01-02,10:34:20,13.9215,26.94,25.0,3041,15140668.0,3.960397365472582e-05
2024-01-02,10:34:20,13.926,26.94,25.0,3042,15140668.0,3.95406805780958e-05
2024-01-02,10:34:20,13.9305,26.94,25.0,3042,15140668.0,3.95406805780958e-05
2024-01-02,10:34:20,13.9349,26.94,25.0,3041,15140668.0,3.960397365472582e-05
2024-01-02,10:34:20,13.9394,26.94,25.0,3041,15140668.0,3.960397365472582e-05
2024-01-02,10:34:20,13.944,26.94,25.0,3041,15140668.0,3.960397365472582e-05
2024-01-02,10:34:20,13.9486,26.94,25.0,3040,15140668.0,3.966736804507856e-05
2024-01-02,10:34:20,13.9531,26.94,25.0,3040,15140667.0,3.966736804507856e-05
2024-01-02,10:34:20,13.9621,26.94,25.0,3040,15140668.0,3.966736804507856e-05
2024-01-02,10:34:20,13.9666,26.94,25.0,3041,15140668.0,3.960397365472582e-05
2024-01-02,10:34:20,13.9711,26.94,25.0,3041,15140668.0,3.960397365472582e-05
2024-01-02,10:34:20,13.9756,26.94,25.0,3041,15140668.0,3.960397365472582e-05
2024-01-02,10:34:20,13.9801,26.94,25.0,3041,15140668.0,3.960397365472582e-05
2024-01-02,10:34:20,13.9845,26.94,25.0,3040,15140666.0,3.966736804507856e-05
2024-01-02,10:34:20,13.989,26.94,25.0,3040,15140667.0,3.966736804507856e-05
2024-01-02,10:34:20,13.9936,26.94,25.0,3040,15140668.0,3.966736804507856e-05
2024-01-02,10:34:20,13.9981,26.94,25.0,3040,15140667.0,3.966736804507856e-05
2024-01-02,10:34:20,14.0026,26.94,25.0,3040,15140668.0,3.966736804507856e-05
2024-01-02,10:34:20,14.0071,26.94,25.0,3039,15140669.0,3.973086391132776e-05
2024-01-02,10:34:20,14.0116,26.94,25.0,3038,15140667.0,3.979446141590659e-05
2024-01-02,10:34:20,14.0162,26.94,25.0,3038,15140666.0,3.979446141590659e-05
2024-01-02,10:34:20,14.0207,26.94,25.0,3039,15140667.0,3.973086391132776e-05
2024-01-02,10:34:20,14.0252,26.94,25.0,3039,15140667.0,3.973086391132776e-05
2024-01-02,10:34:20,14.0342,27.0,25.0,3040,15140669.0,3.966736804507856e-05
2024-01-02,10:34:20,14.0387,27.0,25.0,3040,15140668.0,3.966736804507856e-05
2024-01-02,10:34:20,14.0432,27.0,25.0,3040,15140667.0,3.966736804507856e-05
2024-01-02,10:34:20,14.0478,27.0,25.0,3039,15140666.0,3.973086391132776e-05
2024-01-02,10:34:20,14.0523,27.0,25.0,3040,15140666.0,3.966736804507856e-05
2024-01-02,10:34:20,14.0569,27.0,25.0,3040,15140667.0,3.966736804507856e-05
2024-01-02,10:34:20,14.0613,27.0,25.0,3039,15140667.0,3.973086391132776e-05
2024-01-02,10:34:20,14.0658,27.0,25.0,3039,15140667.0,3.973086391132776e-05
2024-01-02,10:34:20,14.0703,27.0,25.0,3039,15140667.0,3.973086391132776e-05
2024-01-02,10:34:20,14.0748,27.0,25.0,3039,15140667.0,3.973086391132776e-05
2024-01-02,10:34:20,14.0793,27.0,25.0,3040,15140666.0,3.966736804507856e-05
2024-01-02,10:34:20,14.0918,27.0,25.0,3038,15140666.0,3.979446141590659e-05
2024-01-02,10:34:20,14.0999,27.0,25.0,3038,15140666.0,3.979446141590659e-05
2024-01-02,10:34:20,14.1044,27.0,25.0,3039,15140665.0,3.973086391132776e-05
2024-01-02,10:34:20,14.1088,27.0,25.0,3039,15140666.0,3.973086391132776e-05
2024-01-02,10:34:20,14.1134,27.0,25.0,3037,15140667.0,3.985816072150841e-05
2024-01-02,10:34:20,14.1179,27.0,25.0,3037,15140667.0,3.985816072150841e-05
2024-01-02,10:34:20,14.1224,27.0,25.0,3037,15140666.0,3.985816072150841e-05
2024-01-02,10:34:20,14.1269,27.0,25.0,3037,15140666.0,3.985816072150841e-05
2024-01-02,10:34:20,14.1315,27.0,25.0,3037,15140666.0,3.985816072150841e-05
2024-01-02,10:34:20,14.136,27.0,25.0,3037,15140665.0,3.985816072150841e-05
2024-01-02,10:34:20,14.145,27.0,25.0,3038,15140665.0,3.979446141590659e-05
2024-01-02,10:34:20,14.1495,27.0,25.0,3037,15140667.0,3.985816072150841e-05
2024-01-02,10:34:20,14.154,27.0,25.0,3037,15140667.0,3.985816072150841e-05
2024-01-02,10:34:20,14.1585,27.0,25.0,3037,15140666.0,3.985816072150841e-05
2024-01-02,10:34:20,14.163,27.0,25.0,3036,15140666.0,3.992196199108682e-05
2024-01-02,10:34:20,14.1676,27.0,25.0,3036,15140666.0,3.992196199108682e-05
2024-01-02,10:34:21,14.1721,27.0,25.0,3037,15140666.0,3.985816072150841e-05
2024-01-02,10:34:21,14.1766,27.0,25.0,3037,15140666.0,3.985816072150841e-05
2024-01-02,10:34:21,14.1811,27.0,25.0,3036,15140666.0,3.992196199108682e-05
2024-01-02,10:34:21,14.1856,27.0,25.0,3036,15140666.0,3.992196199108682e-05
2024-01-02,10:34:21,14.1901,27.0,25.0,3037,15140666.0,3.985816072150841e-05
2024-01-02,10:34:21,14.1946,27.0,25.0,3038,15140665.0,3.979446141590659e-05
2024-01-02,10:34:21,14.1991,27.0,25.0,3037,15140664.0,3.985816072150841e-05
2024-01-02,10:34:21,14.2037,27.0,25.0,3036,15140665.0,3.992196199108682e-05
2024-01-02,10:34:21,14.2082,27.0,25.0,3036,15140666.0,3.992196199108682e-05
2024-01-02,10:34:21,14.2172,27.0,25.0,3036,15140665.0,3.992196199108682e-05
2024-01-02,10:34:21,14.2218,27.0,25.0,3036,15140665.0,3.992196199108682e-05
2024-01-02,10:34:21,14.2263,27.0,25.0,3036,15140664.0,3.992196199108682e-05
2024-01-02,10:34:21,14.2308,27.0,25.0,3036,15140665.0,3.992196199108682e-05
2024-01-02,10:34:21,14.2353,27.0,25.0,3036,15140665.0,3.992196199108682e-05
2024-01-02,10:34:21,14.2398,27.0,25.0,3036,15140665.0,3.992196199108682e-05
2024-01-02,10:34:21,14.2444,27.0,25.0,3037,15140665.0,3.985816072150841e-05
2024-01-02,10:34:21,14.249,27.0,25.0,3037,15140665.0,3.985816072150841e-05
2024-01-02,10:34:21,14.2535,27.0,25.0,3036,15140665.0,3.992196199108682e-05
2024-01-02,10:34:21,14.258,27.0,25.0,3035,15140664.0,3.998586538785644e-05
2024-01-02,10:34:21,14.2624,27.0,25.0,3036,15140665.0,3.992196199108682e-05
2024-01-02,10:34:21,14.2669,27.0,25.0,3036,15140666.0,3.992196199108682e-05
2024-01-02,10:34:21,14.2715,27.0,25.0,3035,15140665.0,3.998586538785644e-05
2024-01-02,10:34:21,14.2761,27.0,25.0,3034,15140665.0,4.004987107529301e-05
2024-01-02,10:34:21,14.2805,27.0,25.0,3034,15140666.0,4.004987107529301e-05
2024-01-02,10:34:21,14.285,27.0,25.0,3035,15140664.0,3.998586538785644e-05
2024-01-02,10:34:21,14.2942,27.0,25.0,3035,15140667.0,3.998586538785644e-05
2024-01-02,10:34:21,14.2987,27.0,25.0,3035,15140665.0,3.998586538785644e-05
2024-01-02,10:34:21,14.3032,27.0,25.0,3034,15140665.0,4.004987107529301e-05
2024-01-02,10:34:21,14.3077,27.0,25.0,3034,15140666.0,4.004987107529301e-05
2024-01-02,10:34:21,14.3122,27.0,25.0,3035,15140665.0,3.998586538785644e-05
2024-01-02,10:34:21,14.3168,27.0,25.0,3034,15140664.0,4.004987107529301e-05
2024-01-02,10:34:21,14.3213,27.0,25.0,3034,15140664.0,4.004987107529301e-05
2024-01-02,10:34:21,14.3258,27.0,25.0,3035,15140665.0,3.998586538785644e-05
2024-01-02,10:34:21,14.3303,27.0,25.0,3034,15140666.0,4.004987107529301e-05
2024-01-02,10:34:21,14.3348,27.0,25.0,3034,15140665.0,4.004987107529301e-05
2024-01-02,10:34:21,14.3413,27.0,25.0,3035,15140664.0,3.998586538785644e-05
2024-01-02,10:34:21,14.3477,27.0,25.0,3034,15140664.0,4.004987107529301e-05
2024-01-02,10:34:21,14.3523,27.0,25.0,3034,15140664.0,4.004987107529301e-05
2024-01-02,10:34:21,14.3612,27.0,25.0,3033,15140665.0,4.011397921713403e-05
2024-01-02,10:34:21,14.3658,27.0,25.0,3033,15140663.0,4.011397921713403e-05
2024-01-02,10:34:21,14.3704,27.0,25.0,3034,15140663.0,4.004987107529301e-05
2024-01-02,10:34:21,14.3749,27.0,25.0,3035,15140664.0,3.998586538785644e-05
2024-01-02,10:34:21,14.3794,27.0,25.0,3034,15140665.0,4.004987107529301e-05
2024-01-02,10:34:21,14.3839,27.0,25.0,3033,15140663.0,4.011397921713403e-05
2024-01-02,10:34:21,14.3884,27.0,25.0,3033,15140663.0,4.011397921713403e-05
2024-01-02,10:34:21,14.393,27.0,25.0,3033,15140662.0,4.011397921713403e-05
2024-01-02,10:34:21,14.3975,27.0,25.0,3034,15140662.0,4.004987107529301e-05
2024-01-02,10:34:21,14.402,27.0,25.0,3034,15140662.0,4.004987107529301e-05
2024-01-02,10:34:21,14.4066,27.0,25.0,3033,15140662.0,4.011397921713403e-05
2024-01-02,10:34:21,14.4111,27.0,25.0,3033,15140662.0,4.011397921713403e-05
2024-01-02,10:34:21,14.4156,27.0,25.0,3031,15140663.0,4.024250352029014e-05
2024-01-02,10:34:21,14.4201,27.0,25.0,3032,15140664.0,4.017818997737903e-05
2024-01-02,10:34:21,14.4247,27.0,25.0,3033,15140663.0,4.011397921713403e-05
2024-01-02,10:34:21,14.4292,27.0,25.0,3033,15140664.0,4.011397921713403e-05
2024-01-02,10:34:21,14.4382,27.0,25.0,3033,15140663.0,4.011397921713403e-05
2024-01-02,10:34:21,14.4428,27.0,25.0,3033,15140664.0,4.011397921713403e-05
2024-01-02,10:34:21,14.4473,27.0,25.0,3032,15140663.0,4.017818997737903e-05
2024-01-02,10:34:21,14.4518,27.0,25.0,3031,15140663.0,4.024250352029014e-05
2024-01-02,10:34:21,14.4564,27.0,25.0,3032,15140664.0,4.017818997737903e-05
2024-01-02,10:34:21,14.4608,27.0,25.0,3034,15140663.0,4.004987107529301e-05
2024-01-02,10:34:21,14.4654,27.0,25.0,3034,15140664.0,4.004987107529301e-05
2024-01-02,10:34:21,14.4699,27.0,25.0,3032,15140664.0,4.017818997737903e-05
2024-01-02,10:34:21,14.4744,27.0,25.0,3031,15140663.0,4.024250352029014e-05
2024-01-02,10:34:21,14.4789,27.0,25.0,3031,15140664.0,4.024250352029014e-05
2024-01-02,10:34:21,14.4835,27.0,25.0,3031,15140664.0,4.024250352029014e-05
2024-01-02,10:34:21,14.488,27.0,25.0,3032,15140662.0,4.017818997737903e-05
2024-01-02,10:34:21,14.4925,27.0,25.0,3032,15140663.0,4.017818997737903e-05
2024-01-02,10:34:21,14.4971,27.0,25.0,3032,15140664.0,4.017818997737903e-05
2024-01-02,10:34:21,14.5016,27.0,25.0,3033,15140665.0,4.011397921713403e-05
2024-01-02,10:34:21,14.5061,27.0,25.0,3031,15140665.0,4.024250352029014e-05
2024-01-02,10:34:21,14.5152,27.0,25.0,3031,15140663.0,4.024250352029014e-05
2024-01-02,10:34:21,14.5197,27.0,25.0,3031,15140663.0,4.024250352029014e-05
2024-01-02,10:34:21,14.5243,27.0,25.0,3030,15140663.0,4.030692001039233e-05
2024-01-02,10:34:21,14.5288,27.0,25.0,3031,15140664.0,4.024250352029014e-05
2024-01-02,10:34:21,14.5333,26.94,25.0,3031,15140664.0,4.024250352029014e-05
2024-01-02,10:34:21,14.5379,26.94,25.0,3030,15140663.0,4.030692001039233e-05
2024-01-02,10:34:21,14.5425,26.94,25.0,3030,15140662.0,4.030692001039233e-05
2024-01-02,10:34:21,14.547,26.94,25.0,3028,15140662.0,4.043606249158732e-05
2024-01-02,10:34:21,14.5516,26.94,25.0,3029,15140661.0,4.037143961247402e-05
2024-01-02,10:34:21,14.5561,26.94,25.0,3031,15140663.0,4.024250352029014e-05
2024-01-02,10:34:21,14.5606,26.94,25.0,3030,15140663.0,4.030692001039233e-05
2024-01-02,10:34:21,14.5652,26.94,25.0,3028,15140662.0,4.043606249158732e-05
2024-01-02,10:34:21,14.5697,26.94,25.0,3028,15140661.0,4.043606249158732e-05
2024-01-02,10:34:21,14.5742,26.94,25.0,3027,15140661.0,4.050078881304863e-05
2024-01-02,10:34:21,14.5787,26.94,25.0,3027,15140660.0,4.050078881304863e-05
2024-01-02,10:34:21,14.5914,26.94,25.0,3030,15140661.0,4.030692001039233e-05
2024-01-02,10:34:21,14.5995,26.94,25.0,3029,15140660.0,4.037143961247402e-05
2024-01-02,10:34:21,14.6041,26.94,25.0,3029,15140661.0,4.037143961247402e-05
2024-01-02,10:34:21,14.6085,26.94,25.0,3030,15140662.0,4.030692001039233e-05
2024-01-02,10:34:21,14.613,26.94,25.0,3028,15140662.0,4.043606249158732e-05
2024-01-02,10:34:21,14.6176,26.94,25.0,3026,15140661.0,4.056561874243887e-05
2024-01-02,10:34:21,14.6221,26.94,25.0,3027,15140660.0,4.050078881304863e-05
2024-01-02,10:34:21,14.6267,26.94,25.0,3027,15140661.0,4.050078881304863e-05
2024-01-02,10:34:21,14.6312,26.94,25.0,3027,15140661.0,4.050078881304863e-05
2024-01-02,10:34:21,14.6357,26.94,25.0,3029,15140662.0,4.037143961247402e-05
2024-01-02,10:34:21,14.6448,26.94,25.0,3027,15140659.0,4.050078881304863e-05
2024-01-02,10:34:21,14.6494,26.94,25.0,3026,15140660.0,4.056561874243887e-05
2024-01-02,10:34:21,14.654,26.94,25.0,3026,15140659.0,4.056561874243887e-05
2024-01-02,10:34:21,14.6585,26.94,25.0,3027,15140659.0,4.050078881304863e-05
2024-01-02,10:34:21,14.663,26.94,25.0,3029,15140661.0,4.037143961247402e-05
2024-01-02,10:34:21,14.6676,26.94,25.0,3028,15140662.0,4.043606249158732e-05
2024-01-02,10:34:21,14.6721,26.94,25.0,3029,15140661.0,4.037143961247402e-05
2024-01-02,10:34:21,14.6766,26.94,25.0,3029,15140660.0,4.037143961247402e-05
2024-01-02,10:34:21,14.6812,26.94,25.0,3028,15140660.0,4.043606249158732e-05
2024-01-02,10:34:21,14.6857,26.94,25.0,3028,15140660.0,4.043606249158732e-05
2024-01-02,10:34:21,14.6903,26.94,25.0,3027,15140660.0,4.050078881304863e-05
2024-01-02,10:34:21,14.6948,26.94,25.0,3026,15140661.0,4.056561874243887e-05
2024-01-02,10:34:21,14.6994,26.94,25.0,3028,15140661.0,4.043606249158732e-05
2024-01-02,10:34:21,14.7039,26.94,25.0,3028,15140661.0,4.043606249158732e-05
2024-01-02,10:34:21,14.7084,26.94,25.0,3026,15140660.0,4.056561874243887e-05
2024-01-02,10:34:21,14.7129,26.94,25.0,3026,15140660.0,4.056561874243887e-05
2024-01-02,10:34:21,14.7174,26.94,25.0,3026,15140660.0,4.056561874243887e-05
2024-01-02,10:34:21,14.7266,26.94,25.0,3027,15140661.0,4.050078881304863e-05
2024-01-02,10:34:21,14.731,26.94,25.0,3027,15140662.0,4.050078881304863e-05
2024-01-02,10:34:21,14.7356,26.94,25.0,3027,15140662.0,4.050078881304863e-05
2024-01-02,10:34:21,14.7401,26.94,25.0,3027,15140661.0,4.050078881304863e-05
2024-01-02,10:34:21,14.7447,26.94,25.0,3026,15140660.0,4.056561874243887e-05
2024-01-02,10:34:21,14.7492,26.94,25.0,3026,15140661.0,4.056561874243887e-05
2024-01-02,10:34:21,14.7538,26.94,25.0,3027,15140662.0,4.050078881304863e-05
2024-01-02,10:34:21,14.7583,26.94,25.0,3027,15140661.0,4.050078881304863e-05
2024-01-02,10:34:21,14.7628,26.94,25.0,3024,15140661.0,4.069559008865578e-05
2024-01-02,10:34:21,14.7674,26.94,25.0,3024,15140660.0,4.069559008865578e-05
2024-01-02,10:34:21,14.7719,26.94,25.0,3024,15140659.0,4.069559008865578e-05
2024-01-02,10:34:21,14.7765,26.94,25.0,3024,15140659.0,4.069559008865578e-05
2024-01-02,10:34:21,14.7811,26.94,25.0,3023,15140659.0,4.076073183797135e-05
2024-01-02,10:34:21,14.7857,26.94,25.0,3023,15140659.0,4.076073183797135e-05
2024-01-02,10:34:21,14.7903,26.94,25.0,3023,15140659.0,4.076073183797135e-05
2024-01-02,10:34:21,14.7948,26.94,25.0,3024,15140658.0,4.069559008865578e-05
2024-01-02,10:34:21,14.7993,26.94,25.0,3023,15140659.0,4.076073183797135e-05
2024-01-02,10:34:21,14.8039,26.94,25.0,3023,15140659.0,4.076073183797135e-05
2024-01-02,10:34:21,14.813,26.94,25.0,3022,15140658.0,4.082597786019447e-05
2024-01-02,10:34:21,14.8176,26.94,25.0,3022,15140658.0,4.082597786019447e-05
2024-01-02,10:34:21,14.8221,26.94,25.0,3022,15140657.0,4.082597786019447e-05
2024-01-02,10:34:21,14.8267,26.94,25.0,3024,15140659.0,4.069559008865578e-05
2024-01-02,10:34:21,14.8312,26.94,25.0,3024,15140659.0,4.069559008865578e-05
2024-01-02,10:34:21,14.8358,26.94,25.0,3022,15140658.0,4.082597786019447e-05
2024-01-02,10:34:21,14.8423,26.94,25.0,3021,15140657.0,4.089132832223565e-05
2024-01-02,10:34:21,14.8488,26.94,25.0,3025,15140659.0,4.06305524456041e-05
2024-01-02,10:34:21,14.8533,26.94,25.0,3024,15140660.0,4.069559008865578e-05
2024-01-02,10:34:21,14.858,26.94,25.0,3022,15140659.0,4.082597786019447e-05
2024-01-02,10:34:21,14.8625,26.94,25.0,3022,15140658.0,4.082597786019447e-05
2024-01-02,10:34:21,14.867,26.94,25.0,3022,15140658.0,4.082597786019447e-05
2024-01-02,10:34:21,14.8716,26.94,25.0,3022,15140657.0,4.082597786019447e-05
2024-01-02,10:34:21,14.8761,26.94,25.0,3022,15140658.0,4.082597786019447e-05
2024-01-02,10:34:21,14.8852,26.94,25.0,3022,15140657.0,4.082597786019447e-05
2024-01-02,10:34:21,14.8898,26.94,25.0,3021,15140657.0,4.089132832223565e-05
2024-01-02,10:34:21,14.8944,26.94,25.0,3021,15140658.0,4.089132832223565e-05
2024-01-02,10:34:21,14.899,26.94,25.0,3022,15140658.0,4.082597786019447e-05
2024-01-02,10:34:21,14.9035,26.94,25.0,3024,15140660.0,4.069559008865578e-05
2024-01-02,10:34:21,14.9081,26.94,25.0,3023,15140660.0,4.076073183797135e-05
2024-01-02,10:34:21,14.9125,26.94,25.0,3021,15140659.0,4.089132832223565e-05
2024-01-02,10:34:21,14.9172,26.94,25.0,3021,15140659.0,4.089132832223565e-05
2024-01-02,10:34:21,14.9218,26.94,25.0,3020,15140658.0,4.095678339127246e-05
2024-01-02,10:34:21,14.9262,26.94,25.0,3021,15140657.0,4.089132832223565e-05
2024-01-02,10:34:21,14.9308,26.94,25.0,3022,15140658.0,4.082597786019447e-05
2024-01-02,10:34:21,14.9353,26.94,25.0,3021,15140660.0,4.089132832223565e-05
2024-01-02,10:34:21,14.9399,26.94,25.0,3021,15140659.0,4.089132832223565e-05
2024-01-02,10:34:21,14.9446,26.94,25.0,3021,15140659.0,4.089132832223565e-05
2024-01-02,10:34:21,14.9492,26.94,25.0,3019,15140658.0,4.102234323475019e-05
2024-01-02,10:34:21,14.9536,26.94,25.0,3020,15140657.0,4.095678339127246e-05
2024-01-02,10:34:21,14.9582,26.94,25.0,3021,15140658.0,4.089132832223565e-05
2024-01-02,10:34:21,14.9627,26.94,25.0,3020,15140659.0,4.095678339127246e-05
2024-01-02,10:34:21,14.9673,26.94,25.0,3019,15140658.0,4.102234323475019e-05
2024-01-02,10:34:21,14.9764,26.94,25.0,3018,15140656.0,4.108800802038206e-05
2024-01-02,10:34:21,14.981,26.94,25.0,3019,15140656.0,4.102234323475019e-05
2024-01-02,10:34:21,14.9856,26.94,25.0,3019,15140657.0,4.102234323475019e-05
2024-01-02,10:34:21,14.9901,26.94,25.0,3019,15140658.0,4.102234323475019e-05
2024-01-02,10:34:21,14.9947,26.94,25.0,3020,15140657.0,4.095678339127246e-05
2024-01-02,10:34:21,14.9993,26.94,25.0,3019,15140657.0,4.102234323475019e-05
2024-01-02,10:34:21,15.0038,26.94,25.0,3018,15140655.0,4.108800802038206e-05
2024-01-02,10:34:21,15.0084,26.94,25.0,3020,15140654.0,4.095678339127246e-05
2024-01-02,10:34:21,15.013,26.94,25.0,3021,15140656.0,4.089132832223565e-05
2024-01-02,10:34:21,15.0175,26.94,25.0,3020,15140657.0,4.095678339127246e-05
2024-01-02,10:34:21,15.022,26.94,25.0,3020,15140657.0,4.095678339127246e-05
2024-01-02,10:34:21,15.0266,26.94,25.0,3019,15140657.0,4.102234323475019e-05
2024-01-02,10:34:21,15.0311,26.94,25.0,3018,15140656.0,4.108800802038206e-05
2024-01-02,10:34:21,15.0357,27.0,25.25,3019,15140655.0,4.102234323475019e-05
2024-01-02,10:34:21,15.0404,27.0,25.25,3018,15140655.0,4.108800802038206e-05
2024-01-02,10:34:21,15.0449,27.0,25.25,3018,15140655.0,4.108800802038206e-05
2024-01-02,10:34:21,15.0494,27.0,25.25,3019,15140656.0,4.102234323475019e-05
2024-01-02,10:34:21,15.054,27.0,25.25,3018,15140655.0,4.108800802038206e-05
2024-01-02,10:34:21,15.0586,27.0,25.25,3017,15140654.0,4.115377791614988e-05
2024-01-02,10:34:21,15.0677,27.0,25.25,3018,15140654.0,4.108800802038206e-05
2024-01-02,10:34:21,15.0722,27.0,25.25,3018,15140654.0,4.108800802038206e-05
2024-01-02,10:34:21,15.0768,27.0,25.25,3019,15140655.0,4.102234323475019e-05
2024-01-02,10:34:21,15.0812,27.0,25.25,3018,15140656.0,4.108800802038206e-05
2024-01-02,10:34:21,15.0859,27.0,25.25,3018,15140655.0,4.108800802038206e-05
2024-01-02,10:34:21,15.0924,27.0,25.25,3018,15140656.0,4.108800802038206e-05
2024-01-02,10:34:21,15.099,27.0,25.25,3018,15140657.0,4.108800802038206e-05
2024-01-02,10:34:21,15.1036,27.0,25.25,3018,15140657.0,4.108800802038206e-05
2024-01-02,10:34:21,15.1082,27.0,25.25,3017,15140656.0,4.115377791614988e-05
2024-01-02,10:34:21,15.1127,27.0,25.25,3017,15140655.0,4.115377791614988e-05
2024-01-02,10:34:21,15.1173,27.0,25.25,3017,15140656.0,4.115377791614988e-05
2024-01-02,10:34:21,15.1218,27.0,25.25,3018,15140656.0,4.108800802038206e-05
2024-01-02,10:34:21,15.1264,27.0,25.25,3019,15140657.0,4.102234323475019e-05
2024-01-02,10:34:21,15.131,27.0,25.25,3018,15140657.0,4.108800802038206e-05
2024-01-02,10:34:21,15.1355,27.0,25.25,3016,15140655.0,4.121965309030415e-05
2024-01-02,10:34:21,15.1447,27.0,25.25,3016,15140653.0,4.121965309030415e-05
2024-01-02,10:34:21,15.1492,27.0,25.25,3015,15140655.0,4.12856337113649e-05
2024-01-02,10:34:21,15.1538,27.0,25.25,3017,15140656.0,4.115377791614988e-05
2024-01-02,10:34:21,15.1584,27.0,25.25,3017,15140655.0,4.115377791614988e-05
2024-01-02,10:34:21,15.163,27.0,25.25,3016,15140654.0,4.121965309030415e-05
2024-01-02,10:34:21,15.1676,27.0,25.25,3016,15140653.0,4.121965309030415e-05
2024-01-02,10:34:21,15.1723,27.0,25.25,3017,15140654.0,4.115377791614988e-05
2024-01-02,10:34:22,15.1767,27.0,25.25,3018,15140654.0,4.108800802038206e-05
2024-01-02,10:34:22,15.1813,27.0,25.25,3017,15140654.0,4.115377791614988e-05
2024-01-02,10:34:22,15.186,27.0,25.25,3015,15140654.0,4.12856337113649e-05
2024-01-02,10:34:22,15.1906,27.0,25.25,3015,15140654.0,4.12856337113649e-05
2024-01-02,10:34:22,15.1951,27.0,25.25,3016,15140654.0,4.121965309030415e-05
2024-01-02,10:34:22,15.1996,27.0,25.25,3016,15140653.0,4.121965309030415e-05
2024-01-02,10:34:22,15.2043,27.0,25.25,3016,15140654.0,4.121965309030415e-05
2024-01-02,10:34:22,15.2089,27.0,25.25,3017,15140655.0,4.115377791614988e-05
2024-01-02,10:34:22,15.2134,27.0,25.25,3017,15140654.0,4.115377791614988e-05
2024-01-02,10:34:22,15.218,27.0,25.25,3016,15140654.0,4.121965309030415e-05
2024-01-02,10:34:22,15.2225,27.0,25.25,3015,15140654.0,4.12856337113649e-05
2024-01-02,10:34:22,15.2271,27.0,25.25,3015,15140654.0,4.12856337113649e-05
2024-01-02,10:34:22,15.2316,27.0,25.25,3015,15140654.0,4.12856337113649e-05
2024-01-02,10:34:22,15.2407,27.0,25.25,3016,15140656.0,4.121965309030415e-05
2024-01-02,10:34:22,15.2453,27.0,25.25,3015,15140654.0,4.12856337113649e-05
2024-01-02,10:34:22,15.25,27.0,25.25,3015,15140654.0,4.12856337113649e-05
2024-01-02,10:34:22,15.2544,27.0,25.25,3016,15140655.0,4.121965309030415e-05
2024-01-02,10:34:22,15.259,27.0,25.25,3016,15140655.0,4.121965309030415e-05
2024-01-02,10:34:22,15.2636,27.0,25.25,3016,15140655.0,4.121965309030415e-05
2024-01-02,10:34:22,15.2682,27.0,25.25,3016,15140655.0,4.121965309030415e-05
2024-01-02,10:34:22,15.2727,27.0,25.25,3016,15140654.0,4.121965309030415e-05
2024-01-02,10:34:22,15.2773,27.0,25.25,3015,15140655.0,4.12856337113649e-05
2024-01-02,10:34:22,15.2819,27.0,25.25,3015,15140655.0,4.12856337113649e-05
2024-01-02,10:34:22,15.2865,27.0,25.25,3016,15140654.0,4.121965309030415e-05
2024-01-02,10:34:22,15.291,27.0,25.25,3015,15140653.0,4.12856337113649e-05
2024-01-02,10:34:22,15.2956,27.0,25.25,3015,15140652.0,4.12856337113649e-05
2024-01-02,10:34:22,15.3002,27.0,25.25,3016,15140654.0,4.121965309030415e-05
2024-01-02,10:34:22,15.3047,27.0,25.25,3015,15140654.0,4.12856337113649e-05
2024-01-02,10:34:22,15.3093,27.0,25.25,3014,15140654.0,4.135171994812177e-05
2024-01-02,10:34:22,15.3139,27.0,25.25,3014,15140654.0,4.135171994812177e-05
2024-01-02,10:34:22,15.3184,27.0,25.25,3014,15140654.0,4.135171994812177e-05
2024-01-02,10:34:22,15.323,27.0,25.25,3015,15140652.0,4.12856337113649e-05
2024-01-02,10:34:22,15.3321,27.0,25.25,3015,15140655.0,4.12856337113649e-05
2024-01-02,10:34:22,15.3366,27.0,25.25,3016,15140655.0,4.121965309030415e-05
2024-01-02,10:34:22,15.3431,27.0,25.25,3017,15140655.0,4.115377791614988e-05
2024-01-02,10:34:22,15.3497,27.0,25.25,3014,15140653.0,4.135171994812177e-05
2024-01-02,10:34:22,15.3542,27.0,25.25,3014,15140653.0,4.135171994812177e-05
2024-01-02,10:34:22,15.3588,27.0,25.25,3015,15140653.0,4.12856337113649e-05
2024-01-02,10:34:22,15.3634,27.0,25.25,3014,15140654.0,4.135171994812177e-05
2024-01-02,10:34:22,15.368,27.0,25.25,3013,15140653.0,4.141791196963466e-05
2024-01-02,10:34:22,15.3725,27.0,25.25,3014,15140651.0,4.135171994812177e-05
2024-01-02,10:34:22,15.3771,27.0,25.25,3015,15140653.0,4.12856337113649e-05
2024-01-02,10:34:22,15.3817,27.0,25.25,3015,15140654.0,4.12856337113649e-05
2024-01-02,10:34:22,15.3863,27.0,25.25,3015,15140654.0,4.12856337113649e-05
2024-01-02,10:34:22,15.3908,27.0,25.25,3013,15140654.0,4.141791196963466e-05
2024-01-02,10:34:22,15.3954,27.0,25.25,3011,15140653.0,4.155061404452143e-05
2024-01-02,10:34:22,15.3999,27.0,25.25,3013,15140651.0,4.141791196963466e-05
2024-01-02,10:34:22,15.4091,27.0,25.25,3014,15140656.0,4.135171994812177e-05
2024-01-02,10:34:22,15.4136,27.0,25.25,3015,15140655.0,4.12856337113649e-05
2024-01-02,10:34:22,15.4181,27.0,25.25,3014,15140655.0,4.135171994812177e-05
2024-01-02,10:34:22,15.4228,27.0,25.25,3011,15140653.0,4.155061404452143e-05
2024-01-02,10:34:22,15.4274,27.0,25.25,3012,15140652.0,4.148420994523402e-05
2024-01-02,10:34:22,15.432,27.0,25.25,3013,15140653.0,4.141791196963466e-05
2024-01-02,10:34:22,15.4364,27.0,25.25,3013,15140654.0,4.141791196963466e-05
2024-01-02,10:34:22,15.4411,27.0,25.25,3014,15140654.0,4.135171994812177e-05
2024-01-02,10:34:22,15.4457,27.0,25.25,3014,15140655.0,4.135171994812177e-05
2024-01-02,10:34:22,15.4502,27.0,25.25,3013,15140653.0,4.141791196963466e-05
2024-01-02,10:34:22,15.4548,27.0,25.25,3013,15140652.0,4.141791196963466e-05
2024-01-02,10:34:22,15.4593,27.0,25.25,3013,15140653.0,4.141791196963466e-05
2024-01-02,10:34:22,15.464,27.0,25.25,3013,15140653.0,4.141791196963466e-05
2024-01-02,10:34:22,15.4686,27.0,25.25,3014,15140654.0,4.135171994812177e-05
2024-01-02,10:34:22,15.4731,27.0,25.25,3013,15140654.0,4.141791196963466e-05
2024-01-02,10:34:22,15.4777,27.0,25.25,3011,15140653.0,4.155061404452143e-05
2024-01-02,10:34:22,15.4822,27.0,25.25,3012,15140651.0,4.148420994523402e-05
2024-01-02,10:34:22,15.4868,27.0,25.25,3012,15140653.0,4.148420994523402e-05
2024-01-02,10:34:22,15.4914,27.0,25.25,3012,15140652.0,4.148420994523402e-05
2024-01-02,10:34:22,15.5004,27.0,25.25,3012,15140654.0,4.148420994523402e-05
2024-01-02,10:34:22,15.5051,27.0,25.25,3011,15140652.0,4.155061404452143e-05
2024-01-02,10:34:22,15.5097,27.0,25.25,3011,15140651.0,4.155061404452143e-05
2024-01-02,10:34:22,15.5143,27.0,25.25,3011,15140652.0,4.155061404452143e-05
2024-01-02,10:34:22,15.5188,27.0,25.25,3012,15140652.0,4.148420994523402e-05
2024-01-02,10:34:22,15.5234,27.0,25.25,3013,15140652.0,4.141791196963466e-05
2024-01-02,10:34:22,15.5279,27.0,25.25,3012,15140653.0,4.148420994523402e-05
2024-01-02,10:34:22,15.5324,27.0,25.25,3011,15140652.0,4.155061404452143e-05
2024-01-02,10:34:22,15.5371,27.06,25.25,3011,15140651.0,4.155061404452143e-05
2024-01-02,10:34:22,15.5417,27.06,25.25,3011,15140651.0,4.155061404452143e-05
2024-01-02,10:34:22,15.5461,27.06,25.25,3012,15140651.0,4.148420994523402e-05
2024-01-02,10:34:22,15.5507,27.06,25.25,3013,15140652.0,4.141791196963466e-05
2024-01-02,10:34:22,15.5553,27.06,25.25,3012,15140653.0,4.148420994523402e-05
2024-01-02,10:34:22,15.5599,27.06,25.25,3011,15140652.0,4.155061404452143e-05
2024-01-02,10:34:22,15.5644,27.06,25.25,3011,15140651.0,4.155061404452143e-05
2024-01-02,10:34:22,15.5691,27.06,25.25,3010,15140651.0,4.161712443736986e-05
2024-01-02,10:34:22,15.5737,27.06,25.25,3010,15140651.0,4.161712443736986e-05
2024-01-02,10:34:22,15.5782,27.06,25.25,3011,15140652.0,4.155061404452143e-05
2024-01-02,10:34:22,15.5886,27.06,25.25,3011,15140652.0,4.155061404452143e-05
2024-01-02,10:34:22,15.599,27.06,25.25,3011,15140651.0,4.155061404452143e-05
2024-01-02,10:34:22,15.6036,27.06,25.25,3011,15140651.0,4.155061404452143e-05
2024-01-02,10:34:22,15.6082,27.06,25.25,3010,15140650.0,4.161712443736986e-05
2024-01-02,10:34:22,15.6128,27.06,25.25,3010,15140651.0,4.161712443736986e-05
2024-01-02,10:34:22,15.6174,27.06,25.25,3011,15140652.0,4.155061404452143e-05
2024-01-02,10:34:22,15.622,27.06,25.25,3010,15140651.0,4.161712443736986e-05
2024-01-02,10:34:22,15.6265,27.06,25.25,3009,15140651.0,4.16837412939243e-05
2024-01-02,10:34:22,15.6311,27.06,25.25,3010,15140650.0,4.161712443736986e-05
2024-01-02,10:34:22,15.6356,27.06,25.25,3011,15140651.0,4.155061404452143e-05
2024-01-02,10:34:22,15.6402,27.06,25.25,3010,15140651.0,4.161712443736986e-05
2024-01-02,10:34:22,15.6494,27.06,25.25,3009,15140651.0,4.16837412939243e-05
2024-01-02,10:34:22,15.6539,27.06,25.25,3010,15140652.0,4.161712443736986e-05
2024-01-02,10:34:22,15.6584,27.06,25.25,3011,15140651.0,4.155061404452143e-05
2024-01-02,10:34:22,15.663,27.06,25.25,3010,15140651.0,4.161712443736986e-05
2024-01-02,10:34:22,15.6677,27.06,25.25,3010,15140650.0,4.161712443736986e-05
2024-01-02,10:34:22,15.6722,27.06,25.25,3011,15140651.0,4.155061404452143e-05
2024-01-02,10:34:22,15.6768,27.06,25.25,3011,15140651.0,4.155061404452143e-05
2024-01-02,10:34:22,15.6814,27.06,25.25,3010,15140651.0,4.161712443736986e-05
2024-01-02,10:34:22,15.6859,27.06,25.25,3009,15140652.0,4.16837412939243e-05
2024-01-02,10:34:22,15.6905,27.06,25.25,3009,15140651.0,4.16837412939243e-05
2024-01-02,10:34:22,15.6951,27.06,25.25,3010,15140649.0,4.161712443736986e-05
2024-01-02,10:34:22,15.6997,27.06,25.25,3010,15140648.0,4.161712443736986e-05
2024-01-02,10:34:22,15.7043,27.06,25.25,3010,15140650.0,4.161712443736986e-05
2024-01-02,10:34:22,15.7088,27.06,25.25,3011,15140652.0,4.155061404452143e-05
2024-01-02,10:34:22,15.7134,27.06,25.25,3010,15140652.0,4.161712443736986e-05
2024-01-02,10:34:22,15.7179,27.06,25.25,3009,15140650.0,4.16837412939243e-05
2024-01-02,10:34:22,15.7225,27.06,25.25,3009,15140650.0,4.16837412939243e-05
2024-01-02,10:34:22,15.7271,27.06,25.25,3009,15140651.0,4.16837412939243e-05
2024-01-02,10:34:22,15.7317,27.06,25.25,3009,15140650.0,4.16837412939243e-05
2024-01-02,10:34:22,15.7408,27.06,25.25,3008,15140653.0,4.175046478460198e-05
2024-01-02,10:34:22,15.7454,27.06,25.25,3008,15140651.0,4.175046478460198e-05
2024-01-02,10:34:22,15.75,27.06,25.25,3009,15140649.0,4.16837412939243e-05
2024-01-02,10:34:22,15.7546,27.06,25.25,3008,15140649.0,4.175046478460198e-05
2024-01-02,10:34:22,15.7592,27.06,25.25,3009,15140649.0,4.16837412939243e-05
2024-01-02,10:34:22,15.7637,27.06,25.25,3010,15140650.0,4.161712443736986e-05
2024-01-02,10:34:22,15.7683,27.06,25.25,3008,15140651.0,4.175046478460198e-05
2024-01-02,10:34:22,15.7728,27.06,25.25,3007,15140650.0,4.181729508009303e-05
2024-01-02,10:34:22,15.7774,27.06,25.25,3008,15140649.0,4.175046478460198e-05
2024-01-02,10:34:22,15.782,27.06,25.25,3008,15140649.0,4.175046478460198e-05
2024-01-02,10:34:22,15.7866,27.06,25.25,3009,15140648.0,4.16837412939243e-05
2024-01-02,10:34:22,15.7912,27.06,25.25,3010,15140649.0,4.161712443736986e-05
2024-01-02,10:34:22,15.7958,27.06,25.25,3008,15140652.0,4.175046478460198e-05
2024-01-02,10:34:22,15.8004,27.06,25.25,3007,15140650.0,4.181729508009303e-05
2024-01-02,10:34:22,15.8049,27.06,25.25,3007,15140648.0,4.181729508009303e-05
2024-01-02,10:34:22,15.8096,27.06,25.25,3007,15140649.0,4.181729508009303e-05
2024-01-02,10:34:22,15.8142,27.06,25.25,3008,15140649.0,4.175046478460198e-05
2024-01-02,10:34:22,15.8187,27.06,25.25,3009,15140650.0,4.16837412939243e-05
2024-01-02,10:34:22,15.8233,27.06,25.25,3008,15140651.0,4.175046478460198e-05
2024-01-02,10:34:22,15.8279,27.06,25.25,3007,15140650.0,4.181729508009303e-05
2024-01-02,10:34:22,15.8384,27.06,25.25,3008,15140649.0,4.175046478460198e-05
2024-01-02,10:34:22,15.8487,27.06,25.25,3009,15140651.0,4.16837412939243e-05
2024-01-02,10:34:22,15.8532,27.06,25.25,3007,15140653.0,4.181729508009303e-05
2024-01-02,10:34:22,15.8578,27.06,25.25,3006,15140651.0,4.188423235136067e-05
2024-01-02,10:34:22,15.8625,27.06,25.25,3006,15140650.0,4.188423235136067e-05
2024-01-02,10:34:22,15.867,27.06,25.25,3005,15140649.0,4.195127676964197e-05
2024-01-02,10:34:22,15.8716,27.06,25.25,3006,15140648.0,4.188423235136067e-05
2024-01-02,10:34:22,15.8762,27.06,25.25,3007,15140649.0,4.181729508009303e-05
2024-01-02,10:34:22,15.8808,27.06,25.25,3006,15140651.0,4.188423235136067e-05
2024-01-02,10:34:22,15.8853,27.06,25.25,3006,15140651.0,4.188423235136067e-05
2024-01-02,10:34:22,15.8945,27.06,25.25,3005,15140647.0,4.195127676964197e-05
2024-01-02,10:34:22,15.8992,27.06,25.25,3005,15140649.0,4.195127676964197e-05
2024-01-02,10:34:22,15.9038,27.06,25.25,3007,15140651.0,4.181729508009303e-05
2024-01-02,10:34:22,15.9083,27.06,25.25,3006,15140652.0,4.188423235136067e-05
2024-01-02,10:34:22,15.9129,27.06,25.25,3005,15140650.0,4.195127676964197e-05
2024-01-02,10:34:22,15.9175,27.06,25.25,3006,15140648.0,4.188423235136067e-05
2024-01-02,10:34:22,15.9221,27.06,25.25,3006,15140648.0,4.188423235136067e-05
2024-01-02,10:34:22,15.9268,27.06,25.25,3006,15140649.0,4.188423235136067e-05
2024-01-02,10:34:22,15.9314,27.06,25.25,3007,15140649.0,4.181729508009303e-05
2024-01-02,10:34:22,15.9359,27.06,25.25,3006,15140650.0,4.188423235136067e-05
2024-01-02,10:34:22,15.9404,27.06,25.25,3005,15140649.0,4.195127676964197e-05
2024-01-02,10:34:22,15.9451,27.06,25.25,3006,15140648.0,4.188423235136067e-05
2024-01-02,10:34:22,15.9497,27.06,25.25,3005,15140648.0,4.195127676964197e-05
2024-01-02,10:34:22,15.9543,27.06,25.25,3005,15140649.0,4.195127676964197e-05
2024-01-02,10:34:22,15.9588,27.06,25.25,3007,15140650.0,4.181729508009303e-05
2024-01-02,10:34:22,15.9635,27.06,25.25,3006,15140650.0,4.188423235136067e-05
2024-01-02,10:34:22,15.968,27.06,25.25,3004,15140648.0,4.201842850644788e-05
2024-01-02,10:34:22,15.9726,27.06,25.25,3005,15140646.0,4.195127676964197e-05
2024-01-02,10:34:22,15.9772,27.06,25.25,3006,15140647.0,4.188423235136067e-05
2024-01-02,10:34:22,15.9817,27.06,25.25,3006,15140649.0,4.188423235136067e-05
2024-01-02,10:34:22,15.9863,27.06,25.25,3006,15140649.0,4.188423235136067e-05
2024-01-02,10:34:22,15.9956,27.06,25.25,3004,15140648.0,4.201842850644788e-05
2024-01-02,10:34:22,16.0001,27.06,25.25,3006,15140647.0,4.188423235136067e-05
2024-01-02,10:34:22,16.0047,27.06,25.25,3005,15140647.0,4.195127676964197e-05
2024-01-02,10:34:22,16.0092,27.06,25.25,3004,15140649.0,4.201842850644788e-05
2024-01-02,10:34:22,16.0138,27.06,25.25,3004,15140649.0,4.201842850644788e-05
2024-01-02,10:34:22,16.0184,27.06,25.25,3004,15140649.0,4.201842850644788e-05
2024-01-02,10:34:22,16.023,27.06,25.25,3004,15140648.0,4.201842850644788e-05
2024-01-02,10:34:22,16.0276,27.06,25.25,3004,15140647.0,4.201842850644788e-05
2024-01-02,10:34:22,16.0322,27.06,25.25,3004,15140647.0,4.201842850644788e-05
2024-01-02,10:34:22,16.0367,27.06,25.25,3005,15140647.0,4.195127676964197e-05
2024-01-02,10:34:22,16.0414,27.0,25.25,3005,15140648.0,4.195127676964197e-05
2024-01-02,10:34:22,16.046,27.0,25.25,3004,15140647.0,4.201842850644788e-05
2024-01-02,10:34:22,16.0505,27.0,25.25,3004,15140647.0,4.201842850644788e-05
2024-01-02,10:34:22,16.0551,27.0,25.25,3005,15140646.0,4.195127676964197e-05
2024-01-02,10:34:22,16.0597,27.0,25.25,3004,15140645.0,4.201842850644788e-05
2024-01-02,10:34:22,16.0644,27.0,25.25,3003,15140646.0,4.20856877335641e-05
2024-01-02,10:34:22,16.0689,27.0,25.25,3004,15140646.0,4.201842850644788e-05
2024-01-02,10:34:22,16.0734,27.0,25.25,3004,15140646.0,4.201842850644788e-05
2024-01-02,10:34:22,16.078,27.0,25.25,3004,15140646.0,4.201842850644788e-05
2024-01-02,10:34:22,16.0885,27.0,25.25,3003,15140648.0,4.20856877335641e-05
2024-01-02,10:34:22,16.0989,27.0,25.25,3004,15140648.0,4.201842850644788e-05
2024-01-02,10:34:22,16.1035,27.0,25.25,3003,15140649.0,4.20856877335641e-05
2024-01-02,10:34:22,16.1081,27.0,25.25,3003,15140650.0,4.20856877335641e-05
2024-01-02,10:34:22,16.1127,27.0,25.25,3003,15140651.0,4.20856877335641e-05
2024-01-02,10:34:22,16.1172,27.0,25.25,3002,15140648.0,4.215305462305114e-05
2024-01-02,10:34:22,16.1219,27.0,25.25,3002,15140649.0,4.215305462305114e-05
2024-01-02,10:34:22,16.1265,27.0,25.25,3002,15140648.0,4.215305462305114e-05
2024-01-02,10:34:22,16.131,27.0,25.25,3003,15140647.0,4.20856877335641e-05
2024-01-02,10:34:22,16.1356,27.0,25.25,3002,15140647.0,4.215305462305114e-05
2024-01-02,10:34:22,16.1403,27.0,25.25,3002,15140647.0,4.215305462305114e-05
2024-01-02,10:34:22,16.145,27.0,25.25,3001,15140646.0,4.222052934724505e-05
2024-01-02,10:34:22,16.1496,27.0,25.25,3002,15140645.0,4.215305462305114e-05
2024-01-02,10:34:22,16.1588,27.0,25.25,3002,15140646.0,4.215305462305114e-05
2024-01-02,10:34:22,16.1634,27.0,25.25,3002,15140646.0,4.215305462305114e-05
2024-01-02,10:34:22,16.168,27.0,25.25,3002,15140646.0,4.215305462305114e-05
2024-01-02,10:34:22,16.1726,27.0,25.25,3002,15140645.0,4.215305462305114e-05
2024-01-02,10:34:23,16.1772,27.0,25.25,3002,15140644.0,4.215305462305114e-05
2024-01-02,10:34:23,16.1819,27.0,25.25,3002,15140645.0,4.215305462305114e-05
2024-01-02,10:34:23,16.1865,27.0,25.25,3002,15140645.0,4.215305462305114e-05
2024-01-02,10:34:23,16.1911,27.0,25.25,3002,15140644.0,4.215305462305114e-05
2024-01-02,10:34:23,16.1957,27.0,25.25,3002,15140644.0,4.215305462305114e-05
2024-01-02,10:34:23,16.2004,27.0,25.25,3002,15140644.0,4.215305462305114e-05
2024-01-02,10:34:23,16.2049,27.0,25.25,3002,15140642.0,4.215305462305114e-05
2024-01-02,10:34:23,16.2095,27.0,25.25,3002,15140642.0,4.215305462305114e-05
2024-01-02,10:34:23,16.2141,27.0,25.25,3001,15140644.0,4.222052934724505e-05
2024-01-02,10:34:23,16.2187,27.0,25.25,3002,15140645.0,4.215305462305114e-05
2024-01-02,10:34:23,16.2233,27.0,25.25,3001,15140646.0,4.222052934724505e-05
2024-01-02,10:34:23,16.2279,27.0,25.25,3000,15140645.0,4.228811207875762e-05
2024-01-02,10:34:23,16.2325,27.0,25.25,3001,15140643.0,4.222052934724505e-05
2024-01-02,10:34:23,16.2371,27.0,25.25,3002,15140644.0,4.215305462305114e-05
2024-01-02,10:34:23,16.2416,27.0,25.25,3001,15140646.0,4.222052934724505e-05
2024-01-02,10:34:23,16.2461,27.0,25.25,3001,15140645.0,4.222052934724505e-05
2024-01-02,10:34:23,16.2507,27.0,25.25,3000,15140645.0,4.228811207875762e-05
2024-01-02,10:34:23,16.2598,27.0,25.25,3000,15140644.0,4.228811207875762e-05
2024-01-02,10:34:23,16.2644,27.0,25.25,3000,15140644.0,4.228811207875762e-05
2024-01-02,10:34:23,16.269,27.0,25.25,3000,15140646.0,4.228811207875762e-05
2024-01-02,10:34:23,16.2736,27.0,25.25,3003,15140647.0,4.20856877335641e-05
2024-01-02,10:34:23,16.2782,27.0,25.25,3002,15140646.0,4.215305462305114e-05
2024-01-02,10:34:23,16.2827,27.0,25.25,2999,15140643.0,4.235580299047711e-05
2024-01-02,10:34:23,16.2874,27.0,25.25,3000,15140643.0,4.228811207875762e-05
2024-01-02,10:34:23,16.292,27.0,25.25,3001,15140645.0,4.222052934724505e-05
2024-01-02,10:34:23,16.2965,27.0,25.25,3001,15140646.0,4.222052934724505e-05
2024-01-02,10:34:23,16.3012,27.0,25.25,3001,15140645.0,4.222052934724505e-05
2024-01-02,10:34:23,16.3058,27.0,25.25,3001,15140645.0,4.222052934724505e-05
2024-01-02,10:34:23,16.3104,27.0,25.25,2999,15140645.0,4.235580299047711e-05
2024-01-02,10:34:23,16.315,27.0,25.25,2999,15140642.0,4.235580299047711e-05
2024-01-02,10:34:23,16.3196,27.0,25.25,3000,15140643.0,4.228811207875762e-05
2024-01-02,10:34:23,16.3241,27.0,25.25,2999,15140647.0,4.235580299047711e-05
2024-01-02,10:34:23,16.3287,27.0,25.25,2999,15140646.0,4.235580299047711e-05
2024-01-02,10:34:23,16.3392,27.0,25.25,3001,15140643.0,4.222052934724505e-05
2024-01-02,10:34:23,16.3497,27.0,25.25,3000,15140643.0,4.228811207875762e-05
2024-01-02,10:34:23,16.3543,27.0,25.25,2999,15140644.0,4.235580299047711e-05
2024-01-02,10:34:23,16.3589,27.0,25.25,2999,15140643.0,4.235580299047711e-05
2024-01-02,10:34:23,16.3636,27.0,25.25,2998,15140642.0,4.242360225556832e-05
2024-01-02,10:34:23,16.3682,27.0,25.25,2997,15140643.0,4.249151004747342e-05
2024-01-02,10:34:23,16.3727,27.0,25.25,2998,15140641.0,4.242360225556832e-05
2024-01-02,10:34:23,16.3772,27.0,25.25,2999,15140642.0,4.235580299047711e-05
2024-01-02,10:34:23,16.3819,27.0,25.25,2998,15140644.0,4.242360225556832e-05
2024-01-02,10:34:23,16.3865,27.0,25.25,2998,15140644.0,4.242360225556832e-05
2024-01-02,10:34:23,16.3911,27.0,25.25,2997,15140643.0,4.249151004747342e-05
2024-01-02,10:34:23,16.3957,27.0,25.25,2997,15140643.0,4.249151004747342e-05
2024-01-02,10:34:23,16.4004,27.0,25.25,2999,15140642.0,4.235580299047711e-05
2024-01-02,10:34:23,16.4049,27.0,25.25,2999,15140642.0,4.235580299047711e-05
2024-01-02,10:34:23,16.4094,27.0,25.25,2998,15140643.0,4.242360225556832e-05
2024-01-02,10:34:23,16.4187,27.0,25.25,2998,15140643.0,4.242360225556832e-05
2024-01-02,10:34:23,16.4233,27.0,25.25,2997,15140642.0,4.249151004747342e-05
2024-01-02,10:34:23,16.4279,27.0,25.25,2997,15140642.0,4.249151004747342e-05
2024-01-02,10:34:23,16.4325,27.0,25.25,2999,15140643.0,4.235580299047711e-05
2024-01-02,10:34:23,16.4371,27.0,25.25,2998,15140644.0,4.242360225556832e-05
2024-01-02,10:34:23,16.4417,27.0,25.25,2997,15140644.0,4.249151004747342e-05
2024-01-02,10:34:23,16.4463,27.0,25.25,2998,15140641.0,4.242360225556832e-05
2024-01-02,10:34:23,16.4508,27.0,25.25,2998,15140641.0,4.242360225556832e-05
2024-01-02,10:34:23,16.4554,27.0,25.25,2998,15140643.0,4.242360225556832e-05
2024-01-02,10:34:23,16.4601,27.0,25.25,2998,15140643.0,4.242360225556832e-05
2024-01-02,10:34:23,16.4647,27.0,25.25,2997,15140643.0,4.249151004747342e-05
2024-01-02,10:34:23,16.4693,27.0,25.25,2996,15140643.0,4.255952653991208e-05
2024-01-02,10:34:23,16.474,27.0,25.25,2997,15140641.0,4.249151004747342e-05
2024-01-02,10:34:23,16.4785,27.0,25.25,2997,15140642.0,4.249151004747342e-05
2024-01-02,10:34:23,16.483,27.0,25.25,2996,15140643.0,4.255952653991208e-05
2024-01-02,10:34:23,16.4877,27.0,25.25,2996,15140642.0,4.255952653991208e-05
2024-01-02,10:34:23,16.4924,27.0,25.25,2996,15140642.0,4.255952653991208e-05
2024-01-02,10:34:23,16.497,27.0,25.25,2996,15140642.0,4.255952653991208e-05
2024-01-02,10:34:23,16.5017,27.0,25.25,2997,15140641.0,4.249151004747342e-05
2024-01-02,10:34:23,16.5063,27.0,25.25,2996,15140640.0,4.255952653991208e-05
2024-01-02,10:34:23,16.511,27.0,25.25,2995,15140642.0,4.262765190688212e-05
2024-01-02,10:34:23,16.5156,27.0,25.25,2996,15140643.0,4.255952653991208e-05
2024-01-02,10:34:23,16.5202,27.0,25.25,2997,15140641.0,4.249151004747342e-05
2024-01-02,10:34:23,16.5248,27.0,25.25,2997,15140641.0,4.249151004747342e-05
2024-01-02,10:34:23,16.534,27.0,25.25,2996,15140639.0,4.255952653991208e-05
2024-01-02,10:34:23,16.5386,27.0,25.25,2995,15140641.0,4.262765190688212e-05
2024-01-02,10:34:23,16.5432,27.06,25.25,2996,15140642.0,4.255952653991208e-05
2024-01-02,10:34:23,16.5478,27.06,25.25,2996,15140641.0,4.255952653991208e-05
2024-01-02,10:34:23,16.5524,27.06,25.25,2996,15140641.0,4.255952653991208e-05
2024-01-02,10:34:23,16.557,27.06,25.25,2996,15140641.0,4.255952653991208e-05
2024-01-02,10:34:23,16.5616,27.06,25.25,2996,15140641.0,4.255952653991208e-05
2024-01-02,10:34:23,16.5662,27.06,25.25,2996,15140640.0,4.255952653991208e-05
2024-01-02,10:34:23,16.5708,27.06,25.25,2996,15140640.0,4.255952653991208e-05
2024-01-02,10:34:23,16.5755,27.06,25.25,2996,15140640.0,4.255952653991208e-05
2024-01-02,10:34:23,16.58,27.06,25.25,2996,15140640.0,4.255952653991208e-05
2024-01-02,10:34:23,16.5846,27.06,25.25,2996,15140640.0,4.255952653991208e-05
2024-01-02,10:34:23,16.5889,27.06,25.25,2995,15140640.0,4.262765190688212e-05
2024-01-02,10:34:23,16.5978,27.06,25.25,2995,15140640.0,4.262765190688212e-05
2024-01-02,10:34:23,16.6023,27.06,25.25,2996,15140639.0,4.255952653991208e-05
2024-01-02,10:34:23,16.6069,27.06,25.25,2997,15140640.0,4.249151004747342e-05
2024-01-02,10:34:23,16.6116,27.06,25.25,2996,15140641.0,4.255952653991208e-05
2024-01-02,10:34:23,16.6162,27.06,25.25,2995,15140641.0,4.262765190688212e-05
2024-01-02,10:34:23,16.6253,27.06,25.25,2995,15140639.0,4.262765190688212e-05
2024-01-02,10:34:23,16.6299,27.06,25.25,2994,15140640.0,4.269588632265983e-05
2024-01-02,10:34:23,16.6345,27.06,25.25,2995,15140640.0,4.262765190688212e-05
2024-01-02,10:34:23,16.6391,27.06,25.25,2995,15140641.0,4.262765190688212e-05
2024-01-02,10:34:23,16.6437,27.06,25.25,2994,15140639.0,4.269588632265983e-05
2024-01-02,10:34:23,16.6483,27.06,25.25,2994,15140639.0,4.269588632265983e-05
2024-01-02,10:34:23,16.6529,27.06,25.25,2994,15140639.0,4.269588632265983e-05
2024-01-02,10:34:23,16.6576,27.06,25.25,2995,15140639.0,4.262765190688212e-05
2024-01-02,10:34:23,16.6622,27.06,25.25,2996,15140638.0,4.255952653991208e-05
2024-01-02,10:34:23,16.6667,27.06,25.25,2995,15140640.0,4.262765190688212e-05
2024-01-02,10:34:23,16.6714,27.06,25.25,2994,15140640.0,4.269588632265983e-05
2024-01-02,10:34:23,16.6761,27.06,25.25,2995,15140638.0,4.262765190688212e-05
2024-01-02,10:34:23,16.6807,27.06,25.25,2995,15140638.0,4.262765190688212e-05
2024-01-02,10:34:23,16.6853,27.06,25.25,2994,15140640.0,4.269588632265983e-05
2024-01-02,10:34:23,16.6899,27.06,25.25,2994,15140639.0,4.269588632265983e-05
2024-01-02,10:34:23,16.6946,27.06,25.25,2994,15140638.0,4.269588632265983e-05
2024-01-02,10:34:23,16.6992,27.06,25.25,2994,15140638.0,4.269588632265983e-05
2024-01-02,10:34:23,16.7038,27.06,25.25,2995,15140637.0,4.262765190688212e-05
2024-01-02,10:34:23,16.7085,27.06,25.25,2995,15140637.0,4.262765190688212e-05
2024-01-02,10:34:23,16.7131,27.06,25.25,2994,15140640.0,4.269588632265983e-05
2024-01-02,10:34:23,16.7177,27.06,25.25,2994,15140639.0,4.269588632265983e-05
2024-01-02,10:34:23,16.7223,27.06,25.25,2994,15140637.0,4.269588632265983e-05
2024-01-02,10:34:23,16.7269,27.06,25.25,2994,15140638.0,4.269588632265983e-05
2024-01-02,10:34:23,16.7316,27.06,25.25,2995,15140638.0,4.262765190688212e-05
2024-01-02,10:34:23,16.7407,27.06,25.25,2994,15140641.0,4.269588632265983e-05
2024-01-02,10:34:23,16.7453,27.06,25.25,2993,15140639.0,4.276422996180053e-05
2024-01-02,10:34:23,16.7499,27.06,25.25,2994,15140637.0,4.269588632265983e-05
2024-01-02,10:34:23,16.7545,27.06,25.25,2994,15140638.0,4.269588632265983e-05
2024-01-02,10:34:23,16.7591,27.06,25.25,2995,15140637.0,4.262765190688212e-05
2024-01-02,10:34:23,16.7637,27.06,25.25,2995,15140637.0,4.262765190688212e-05
2024-01-02,10:34:23,16.7683,27.06,25.25,2994,15140639.0,4.269588632265983e-05
2024-01-02,10:34:23,16.773,27.06,25.25,2993,15140639.0,4.276422996180053e-05
2024-01-02,10:34:23,16.7776,27.06,25.25,2993,15140636.0,4.276422996180053e-05
2024-01-02,10:34:23,16.7821,27.06,25.25,2993,15140636.0,4.276422996180053e-05
2024-01-02,10:34:23,16.7867,27.06,25.25,2993,15140638.0,4.276422996180053e-05
2024-01-02,10:34:23,16.7913,27.06,25.25,2994,15140638.0,4.269588632265983e-05
2024-01-02,10:34:23,16.7959,27.06,25.25,2994,15140638.0,4.269588632265983e-05
2024-01-02,10:34:23,16.8005,27.06,25.25,2992,15140636.0,4.283268299913885e-05
2024-01-02,10:34:23,16.8052,27.06,25.25,2992,15140635.0,4.283268299913885e-05
2024-01-02,10:34:23,16.8098,27.06,25.25,2994,15140637.0,4.269588632265983e-05
2024-01-02,10:34:23,16.8144,27.06,25.25,2994,15140638.0,4.269588632265983e-05
2024-01-02,10:34:23,16.819,27.06,25.25,2994,15140637.0,4.269588632265983e-05
2024-01-02,10:34:23,16.8235,27.06,25.25,2994,15140636.0,4.269588632265983e-05
2024-01-02,10:34:23,16.8281,27.06,25.25,2994,15140637.0,4.269588632265983e-05
2024-01-02,10:34:23,16.8386,27.06,25.25,2994,15140640.0,4.269588632265983e-05
2024-01-02,10:34:23,16.849,27.06,25.25,2993,15140637.0,4.276422996180053e-05
2024-01-02,10:34:23,16.8536,27.06,25.25,2993,15140636.0,4.276422996180053e-05
2024-01-02,10:34:23,16.8583,27.06,25.25,2993,15140638.0,4.276422996180053e-05
2024-01-02,10:34:23,16.8629,27.06,25.25,2993,15140637.0,4.276422996180053e-05
2024-01-02,10:34:23,16.8676,27.06,25.25,2994,15140636.0,4.269588632265983e-05
2024-01-02,10:34:23,16.8722,27.06,25.25,2993,15140637.0,4.276422996180053e-05
2024-01-02,10:34:23,16.8768,27.06,25.25,2992,15140637.0,4.283268299913885e-05
2024-01-02,10:34:23,16.8814,27.06,25.25,2993,15140635.0,4.276422996180053e-05
2024-01-02,10:34:23,16.886,27.06,25.25,2993,15140635.0,4.276422996180053e-05
2024-01-02,10:34:23,16.8907,27.06,25.25,2993,15140636.0,4.276422996180053e-05
2024-01-02,10:34:23,16.8953,27.06,25.25,2993,15140635.0,4.276422996180053e-05
2024-01-02,10:34:23,16.8999,27.06,25.25,2993,15140637.0,4.276422996180053e-05
2024-01-02,10:34:23,16.9046,27.06,25.25,2993,15140637.0,4.276422996180053e-05
2024-01-02,10:34:23,16.9093,27.06,25.25,2993,15140635.0,4.276422996180053e-05
2024-01-02,10:34:23,16.9185,27.06,25.25,2994,15140638.0,4.269588632265983e-05
2024-01-02,10:34:23,16.9231,27.06,25.25,2994,15140636.0,4.269588632265983e-05
2024-01-02,10:34:23,16.9277,27.06,25.25,2993,15140634.0,4.276422996180053e-05
2024-01-02,10:34:23,16.9324,27.06,25.25,2992,15140636.0,4.283268299913885e-05
2024-01-02,10:34:23,16.937,27.06,25.25,2993,15140635.0,4.276422996180053e-05
2024-01-02,10:34:23,16.9415,27.06,25.25,2993,15140635.0,4.276422996180053e-05
2024-01-02,10:34:23,16.9462,27.06,25.25,2992,15140635.0,4.283268299913885e-05
2024-01-02,10:34:23,16.9509,27.06,25.25,2992,15140635.0,4.283268299913885e-05
2024-01-02,10:34:23,16.9555,27.06,25.25,2993,15140634.0,4.276422996180053e-05
2024-01-02,10:34:23,16.9601,27.06,25.25,2993,15140635.0,4.276422996180053e-05
2024-01-02,10:34:23,16.9647,27.06,25.25,2993,15140635.0,4.276422996180053e-05
2024-01-02,10:34:23,16.9692,27.06,25.25,2993,15140633.0,4.276422996180053e-05
2024-01-02,10:34:23,16.9739,27.06,25.25,2993,15140634.0,4.276422996180053e-05
2024-01-02,10:34:23,16.9785,27.06,25.25,2993,15140636.0,4.276422996180053e-05
2024-01-02,10:34:23,16.9831,27.06,25.25,2993,15140634.0,4.276422996180053e-05
2024-01-02,10:34:23,16.9877,27.06,25.25,2993,15140634.0,4.276422996180053e-05
2024-01-02,10:34:23,16.9924,27.06,25.25,2993,15140634.0,4.276422996180053e-05
2024-01-02,10:34:23,16.997,27.06,25.25,2993,15140634.0,4.276422996180053e-05
2024-01-02,10:34:23,17.0016,27.06,25.25,2992,15140634.0,4.283268299913885e-05
2024-01-02,10:34:23,17.0062,27.06,25.25,2992,15140635.0,4.283268299913885e-05
2024-01-02,10:34:23,17.0108,27.06,25.25,2993,15140633.0,4.276422996180053e-05
2024-01-02,10:34:23,17.0155,27.06,25.25,2994,15140634.0,4.269588632265983e-05
2024-01-02,10:34:23,17.0202,27.06,25.25,2993,15140636.0,4.276422996180053e-05
2024-01-02,10:34:23,17.0248,27.06,25.25,2992,15140634.0,4.283268299913885e-05
2024-01-02,10:34:23,17.0294,27.06,25.25,2993,15140632.0,4.276422996180053e-05
2024-01-02,10:34:23,17.0386,27.06,25.25,2993,15140635.0,4.276422996180053e-05
2024-01-02,10:34:23,17.0432,27.0,25.25,2993,15140634.0,4.276422996180053e-05
2024-01-02,10:34:23,17.048,27.0,25.25,2993,15140632.0,4.276422996180053e-05
2024-01-02,10:34:23,17.0526,27.0,25.25,2993,15140633.0,4.276422996180053e-05
2024-01-02,10:34:23,17.0572,27.0,25.25,2993,15140634.0,4.276422996180053e-05
2024-01-02,10:34:23,17.0619,27.0,25.25,2993,15140634.0,4.276422996180053e-05
2024-01-02,10:34:23,17.0665,27.0,25.25,2992,15140633.0,4.283268299913885e-05
2024-01-02,10:34:23,17.0711,27.0,25.25,2992,15140633.0,4.283268299913885e-05
2024-01-02,10:34:23,17.0757,27.0,25.25,2992,15140633.0,4.283268299913885e-05
2024-01-02,10:34:23,17.0803,27.0,25.25,2992,15140634.0,4.283268299913885e-05
2024-01-02,10:34:23,17.0849,27.0,25.25,2993,15140633.0,4.276422996180053e-05
2024-01-02,10:34:23,17.0892,27.0,25.25,2992,15140633.0,4.283268299913885e-05
2024-01-02,10:34:23,17.0981,27.0,25.25,2992,15140633.0,4.283268299913885e-05
2024-01-02,10:34:23,17.1027,27.0,25.25,2993,15140632.0,4.276422996180053e-05
2024-01-02,10:34:23,17.1074,27.0,25.25,2993,15140633.0,4.276422996180053e-05
2024-01-02,10:34:23,17.112,27.0,25.25,2993,15140633.0,4.276422996180053e-05
2024-01-02,10:34:23,17.1166,27.0,25.25,2993,15140631.0,4.276422996180053e-05
2024-01-02,10:34:23,17.1212,27.0,25.25,2992,15140633.0,4.283268299913885e-05
2024-01-02,10:34:23,17.1259,27.0,25.25,2992,15140633.0,4.283268299913885e-05
2024-01-02,10:34:23,17.1305,27.0,25.25,2993,15140631.0,4.276422996180053e-05
2024-01-02,10:34:23,17.1397,27.0,25.25,2993,15140633.0,4.276422996180053e-05
2024-01-02,10:34:23,17.1442,27.0,25.25,2993,15140632.0,4.276422996180053e-05
2024-01-02,10:34:23,17.1488,27.0,25.25,2993,15140633.0,4.276422996180053e-05
2024-01-02,10:34:23,17.1535,27.0,25.25,2993,15140633.0,4.276422996180053e-05
2024-01-02,10:34:23,17.1582,27.0,25.25,2993,15140632.0,4.276422996180053e-05
2024-01-02,10:34:23,17.1628,27.0,25.25,2993,15140633.0,4.276422996180053e-05
2024-01-02,10:34:23,17.1674,27.0,25.25,2993,15140634.0,4.276422996180053e-05
2024-01-02,10:34:23,17.172,27.0,25.25,2993,15140632.0,4.276422996180053e-05
2024-01-02,10:34:24,17.1766,27.0,25.25,2992,15140632.0,4.283268299913885e-05
2024-01-02,10:34:24,17.1812,27.0,25.25,2992,15140633.0,4.283268299913885e-05
2024-01-02,10:34:24,17.1858,27.0,25.25,2993,15140632.0,4.276422996180053e-05
2024-01-02,10:34:24,17.1904,27.0,25.25,2993,15140631.0,4.276422996180053e-05
2024-01-02,10:34:24,17.195,27.0,25.25,2992,15140633.0,4.283268299913885e-05
2024-01-02,10:34:24,17.1996,27.0,25.25,2992,15140632.0,4.283268299913885e-05
2024-01-02,10:34:24,17.2043,27.0,25.25,2992,15140631.0,4.283268299913885e-05
2024-01-02,10:34:24,17.2089,27.0,25.25,2992,15140632.0,4.283268299913885e-05
2024-01-02,10:34:24,17.2135,27.0,25.25,2993,15140632.0,4.276422996180053e-05
2024-01-02,10:34:24,17.2181,27.0,25.25,2993,15140631.0,4.276422996180053e-05
2024-01-02,10:34:24,17.2227,27.0,25.25,2993,15140632.0,4.276422996180053e-05
2024-01-02,10:34:24,17.2274,27.0,25.25,2993,15140632.0,4.276422996180053e-05
2024-01-02,10:34:24,17.232,27.0,25.25,2993,15140632.0,4.276422996180053e-05
2024-01-02,10:34:24,17.2366,27.0,25.25,2993,15140632.0,4.276422996180053e-05
2024-01-02,10:34:24,17.2412,27.0,25.25,2993,15140631.0,4.276422996180053e-05
2024-01-02,10:34:24,17.2459,27.0,25.25,2993,15140631.0,4.276422996180053e-05
2024-01-02,10:34:24,17.2505,27.0,25.25,2993,15140631.0,4.276422996180053e-05
2024-01-02,10:34:24,17.2597,27.0,25.25,2992,15140631.0,4.283268299913885e-05
2024-01-02,10:34:24,17.2643,27.0,25.25,2993,15140631.0,4.276422996180053e-05
2024-01-02,10:34:24,17.2688,27.0,25.25,2993,15140632.0,4.276422996180053e-05
2024-01-02,10:34:24,17.2734,27.0,25.25,2993,15140631.0,4.276422996180053e-05
2024-01-02,10:34:24,17.2781,27.0,25.25,2992,15140630.0,4.283268299913885e-05
2024-01-02,10:34:24,17.2827,27.0,25.25,2992,15140632.0,4.283268299913885e-05
2024-01-02,10:34:24,17.2873,27.0,25.25,2993,15140631.0,4.276422996180053e-05
2024-01-02,10:34:24,17.2919,27.0,25.25,2993,15140631.0,4.276422996180053e-05
2024-01-02,10:34:24,17.2966,27.0,25.25,2992,15140632.0,4.283268299913885e-05
2024-01-02,10:34:24,17.3012,27.0,25.25,2992,15140632.0,4.283268299913885e-05
2024-01-02,10:34:24,17.3059,27.0,25.25,2993,15140631.0,4.276422996180053e-05
2024-01-02,10:34:24,17.3106,27.0,25.25,2993,15140632.0,4.276422996180053e-05
2024-01-02,10:34:24,17.3151,27.0,25.25,2993,15140631.0,4.276422996180053e-05
2024-01-02,10:34:24,17.3197,27.0,25.25,2993,15140630.0,4.276422996180053e-05
2024-01-02,10:34:24,17.3243,27.0,25.25,2992,15140631.0,4.283268299913885e-05
2024-01-02,10:34:24,17.3289,27.0,25.25,2992,15140631.0,4.283268299913885e-05
2024-01-02,10:34:24,17.3336,27.0,25.25,2993,15140629.0,4.276422996180053e-05
2024-01-02,10:34:24,17.3378,27.0,25.25,2993,15140630.0,4.276422996180053e-05
2024-01-02,10:34:24,17.3467,27.0,25.25,2993,15140631.0,4.276422996180053e-05
2024-01-02,10:34:24,17.3514,27.0,25.25,2992,15140631.0,4.283268299913885e-05
2024-01-02,10:34:24,17.3605,27.0,25.25,2993,15140630.0,4.276422996180053e-05
2024-01-02,10:34:24,17.3652,27.0,25.25,2993,15140631.0,4.276422996180053e-05
2024-01-02,10:34:24,17.3698,27.0,25.25,2993,15140631.0,4.276422996180053e-05
2024-01-02,10:34:24,17.3744,27.0,25.25,2993,15140630.0,4.276422996180053e-05
2024-01-02,10:34:24,17.379,27.0,25.25,2992,15140631.0,4.283268299913885e-05
2024-01-02,10:34:24,17.3835,27.0,25.25,2992,15140630.0,4.283268299913885e-05
2024-01-02,10:34:24,17.3882,27.0,25.25,2993,15140628.0,4.276422996180053e-05
2024-01-02,10:34:24,17.3929,27.0,25.25,2994,15140631.0,4.269588632265983e-05
2024-01-02,10:34:24,17.3974,27.0,25.25,2994,15140631.0,4.269588632265983e-05
2024-01-02,10:34:24,17.402,27.0,25.25,2993,15140630.0,4.276422996180053e-05
2024-01-02,10:34:24,17.4066,27.0,25.25,2993,15140631.0,4.276422996180053e-05
2024-01-02,10:34:24,17.4113,27.0,25.25,2993,15140630.0,4.276422996180053e-05
2024-01-02,10:34:24,17.4159,27.0,25.25,2994,15140629.0,4.269588632265983e-05
2024-01-02,10:34:24,17.4205,27.0,25.25,2994,15140631.0,4.269588632265983e-05
2024-01-02,10:34:24,17.4251,27.0,25.25,2993,15140631.0,4.276422996180053e-05
2024-01-02,10:34:24,17.4296,27.0,25.25,2992,15140628.0,4.283268299913885e-05
2024-01-02,10:34:24,17.4343,27.0,25.25,2992,15140628.0,4.283268299913885e-05
2024-01-02,10:34:24,17.439,27.0,25.25,2993,15140629.0,4.276422996180053e-05
2024-01-02,10:34:24,17.4436,27.0,25.25,2993,15140629.0,4.276422996180053e-05
2024-01-02,10:34:24,17.4482,27.0,25.25,2993,15140630.0,4.276422996180053e-05
2024-01-02,10:34:24,17.4528,27.0,25.25,2993,15140629.0,4.276422996180053e-05
2024-01-02,10:34:24,17.4574,27.0,25.25,2993,15140629.0,4.276422996180053e-05
2024-01-02,10:34:24,17.462,27.0,25.25,2993,15140629.0,4.276422996180053e-05
2024-01-02,10:34:24,17.4712,27.0,25.25,2994,15140631.0,4.269588632265983e-05
2024-01-02,10:34:24,17.4758,27.0,25.25,2993,15140630.0,4.276422996180053e-05
2024-01-02,10:34:24,17.4804,27.0,25.25,2992,15140630.0,4.283268299913885e-05
2024-01-02,10:34:24,17.485,27.0,25.25,2992,15140630.0,4.283268299913885e-05
2024-01-02,10:34:24,17.4896,27.0,25.25,2993,15140629.0,4.276422996180053e-05
2024-01-02,10:34:24,17.4942,27.0,25.25,2993,15140630.0,4.276422996180053e-05
2024-01-02,10:34:24,17.4988,27.0,25.25,2993,15140630.0,4.276422996180053e-05
2024-01-02,10:34:24,17.5035,27.0,25.25,2993,15140633.0,4.276422996180053e-05
2024-01-02,10:34:24,17.5081,27.0,25.25,2993,15140633.0,4.276422996180053e-05
2024-01-02,10:34:24,17.5126,27.0,25.25,2992,15140628.0,4.283268299913885e-05
2024-01-02,10:34:24,17.5172,27.0,25.25,2993,15140627.0,4.276422996180053e-05
2024-01-02,10:34:24,17.5218,27.0,25.25,2994,15140629.0,4.269588632265983e-05
2024-01-02,10:34:24,17.5265,27.0,25.25,2993,15140630.0,4.276422996180053e-05
2024-01-02,10:34:24,17.5311,27.0,25.25,2993,15140629.0,4.276422996180053e-05
2024-01-02,10:34:24,17.5357,27.0,25.25,2993,15140629.0,4.276422996180053e-05
2024-01-02,10:34:24,17.5403,27.0,25.25,2993,15140629.0,4.276422996180053e-05
2024-01-02,10:34:24,17.5449,27.0,25.25,2993,15140629.0,4.276422996180053e-05
2024-01-02,10:34:24,17.5495,27.0,25.25,2992,15140629.0,4.283268299913885e-05
2024-01-02,10:34:24,17.5542,27.0,25.25,2992,15140629.0,4.283268299913885e-05
2024-01-02,10:34:24,17.5588,27.0,25.25,2993,15140628.0,4.276422996180053e-05
2024-01-02,10:34:24,17.5634,27.0,25.25,2994,15140627.0,4.269588632265983e-05
2024-01-02,10:34:24,17.568,27.0,25.25,2993,15140628.0,4.276422996180053e-05
2024-01-02,10:34:24,17.5726,27.0,25.25,2992,15140627.0,4.283268299913885e-05
2024-01-02,10:34:24,17.5772,27.0,25.25,2993,15140627.0,4.276422996180053e-05
2024-01-02,10:34:24,17.5877,27.0,25.25,2993,15140629.0,4.276422996180053e-05
2024-01-02,10:34:24,17.5981,27.0,25.25,2993,15140629.0,4.276422996180053e-05
2024-01-02,10:34:24,17.6027,27.0,25.25,2993,15140629.0,4.276422996180053e-05
2024-01-02,10:34:24,17.6073,27.0,25.25,2994,15140629.0,4.269588632265983e-05
2024-01-02,10:34:24,17.6119,27.0,25.25,2994,15140629.0,4.269588632265983e-05
2024-01-02,10:34:24,17.6165,27.0,25.25,2994,15140629.0,4.269588632265983e-05
2024-01-02,10:34:24,17.6212,27.0,25.25,2994,15140628.0,4.269588632265983e-05
2024-01-02,10:34:24,17.6258,27.0,25.25,2993,15140628.0,4.276422996180053e-05
2024-01-02,10:34:24,17.6303,27.0,25.25,2993,15140629.0,4.276422996180053e-05
2024-01-02,10:34:24,17.6349,27.0,25.25,2993,15140628.0,4.276422996180053e-05
2024-01-02,10:34:24,17.6441,27.0,25.25,2993,15140629.0,4.276422996180053e-05
2024-01-02,10:34:24,17.6487,27.0,25.25,2994,15140628.0,4.269588632265983e-05
2024-01-02,10:34:24,17.6533,27.0,25.25,2994,15140628.0,4.269588632265983e-05
2024-01-02,10:34:24,17.6579,27.0,25.25,2993,15140629.0,4.276422996180053e-05
2024-01-02,10:34:24,17.6625,27.0,25.25,2994,15140629.0,4.269588632265983e-05
2024-01-02,10:34:24,17.6671,27.0,25.25,2995,15140628.0,4.262765190688212e-05
2024-01-02,10:34:24,17.6718,27.0,25.25,2994,15140629.0,4.269588632265983e-05
2024-01-02,10:34:24,17.6764,27.0,25.25,2993,15140630.0,4.276422996180053e-05
2024-01-02,10:34:24,17.681,27.0,25.25,2994,15140628.0,4.269588632265983e-05
2024-01-02,10:34:24,17.6855,27.0,25.25,2995,15140629.0,4.262765190688212e-05
2024-01-02,10:34:24,17.6901,27.0,25.25,2994,15140629.0,4.269588632265983e-05
2024-01-02,10:34:24,17.6948,27.0,25.25,2994,15140628.0,4.269588632265983e-05
2024-01-02,10:34:24,17.6994,27.0,25.25,2994,15140629.0,4.269588632265983e-05
2024-01-02,10:34:24,17.7041,27.0,25.25,2993,15140628.0,4.276422996180053e-05
2024-01-02,10:34:24,17.7087,27.0,25.25,2993,15140627.0,4.276422996180053e-05
2024-01-02,10:34:24,17.7132,27.0,25.25,2993,15140628.0,4.276422996180053e-05
2024-01-02,10:34:24,17.7179,27.0,25.25,2993,15140628.0,4.276422996180053e-05
2024-01-02,10:34:24,17.7225,27.0,25.25,2994,15140627.0,4.269588632265983e-05
2024-01-02,10:34:24,17.7271,27.0,25.25,2994,15140628.0,4.269588632265983e-05
2024-01-02,10:34:24,17.7317,27.0,25.25,2993,15140629.0,4.276422996180053e-05
2024-01-02,10:34:24,17.7364,27.0,25.25,2994,15140628.0,4.269588632265983e-05
2024-01-02,10:34:24,17.741,27.0,25.25,2995,15140627.0,4.262765190688212e-05
2024-01-02,10:34:24,17.7456,27.0,25.25,2994,15140629.0,4.269588632265983e-05
2024-01-02,10:34:24,17.7548,27.0,25.25,2994,15140627.0,4.269588632265983e-05
2024-01-02,10:34:24,17.7594,27.0,25.25,2993,15140629.0,4.276422996180053e-05
2024-01-02,10:34:24,17.764,27.0,25.25,2993,15140628.0,4.276422996180053e-05
2024-01-02,10:34:24,17.7686,27.0,25.25,2995,15140626.0,4.262765190688212e-05
2024-01-02,10:34:24,17.7733,27.0,25.25,2995,15140627.0,4.262765190688212e-05
2024-01-02,10:34:24,17.7778,27.0,25.25,2993,15140628.0,4.276422996180053e-05
2024-01-02,10:34:24,17.7824,27.0,25.25,2994,15140629.0,4.269588632265983e-05
2024-01-02,10:34:24,17.7871,27.0,25.25,2995,15140629.0,4.262765190688212e-05
2024-01-02,10:34:24,17.7917,27.0,25.25,2994,15140628.0,4.269588632265983e-05
2024-01-02,10:34:24,17.7963,27.0,25.25,2995,15140626.0,4.262765190688212e-05
2024-01-02,10:34:24,17.8009,27.0,25.25,2995,15140628.0,4.262765190688212e-05
2024-01-02,10:34:24,17.8055,27.0,25.25,2994,15140629.0,4.269588632265983e-05
2024-01-02,10:34:24,17.8101,27.0,25.25,2994,15140627.0,4.269588632265983e-05
2024-01-02,10:34:24,17.8148,27.0,25.25,2994,15140627.0,4.269588632265983e-05
2024-01-02,10:34:24,17.8193,27.0,25.25,2994,15140627.0,4.269588632265983e-05
2024-01-02,10:34:24,17.8239,27.0,25.25,2994,15140626.0,4.269588632265983e-05
2024-01-02,10:34:24,17.8285,27.0,25.25,2995,15140627.0,4.262765190688212e-05
2024-01-02,10:34:24,17.8389,27.0,25.25,2993,15140629.0,4.276422996180053e-05
2024-01-02,10:34:24,17.8494,27.0,25.25,2993,15140629.0,4.276422996180053e-05
2024-01-02,10:34:24,17.854,27.0,25.25,2995,15140628.0,4.262765190688212e-05
2024-01-02,10:34:24,17.8587,27.0,25.25,2995,15140629.0,4.262765190688212e-05
2024-01-02,10:34:24,17.8634,27.0,25.25,2994,15140629.0,4.269588632265983e-05
2024-01-02,10:34:24,17.8679,27.0,25.25,2994,15140627.0,4.269588632265983e-05
2024-01-02,10:34:24,17.8725,27.0,25.25,2995,15140627.0,4.262765190688212e-05
2024-01-02,10:34:24,17.8772,27.0,25.25,2995,15140628.0,4.262765190688212e-05
2024-01-02,10:34:24,17.8818,27.0,25.25,2995,15140628.0,4.262765190688212e-05
2024-01-02,10:34:24,17.8864,27.0,25.25,2996,15140629.0,4.255952653991208e-05
2024-01-02,10:34:24,17.891,27.0,25.25,2995,15140629.0,4.262765190688212e-05
2024-01-02,10:34:24,17.8956,27.0,25.25,2994,15140628.0,4.269588632265983e-05
2024-01-02,10:34:24,17.9003,27.0,25.25,2994,15140628.0,4.269588632265983e-05
2024-01-02,10:34:24,17.9048,27.0,25.25,2995,15140629.0,4.262765190688212e-05
2024-01-02,10:34:24,17.9094,27.0,25.25,2995,15140629.0,4.262765190688212e-05
2024-01-02,10:34:24,17.914,27.0,25.25,2994,15140630.0,4.269588632265983e-05
2024-01-02,10:34:24,17.9232,27.0,25.25,2994,15140628.0,4.269588632265983e-05
2024-01-02,10:34:24,17.9278,27.0,25.25,2995,15140627.0,4.262765190688212e-05
2024-01-02,10:34:24,17.9324,27.0,25.25,2995,15140629.0,4.262765190688212e-05
2024-01-02,10:34:24,17.937,27.0,25.25,2995,15140629.0,4.262765190688212e-05
2024-01-02,10:34:24,17.9416,27.0,25.25,2995,15140628.0,4.262765190688212e-05
2024-01-02,10:34:24,17.9462,27.0,25.25,2995,15140628.0,4.262765190688212e-05
2024-01-02,10:34:24,17.9508,27.0,25.25,2994,15140627.0,4.269588632265983e-05
2024-01-02,10:34:24,17.9555,27.0,25.25,2994,15140627.0,4.269588632265983e-05
2024-01-02,10:34:24,17.9602,27.0,25.25,2995,15140627.0,4.262765190688212e-05
2024-01-02,10:34:24,17.9648,27.0,25.25,2995,15140627.0,4.262765190688212e-05
2024-01-02,10:34:24,17.9693,27.0,25.25,2995,15140626.0,4.262765190688212e-05
2024-01-02,10:34:24,17.9739,27.0,25.25,2995,15140627.0,4.262765190688212e-05
2024-01-02,10:34:24,17.9785,27.0,25.25,2995,15140629.0,4.262765190688212e-05
2024-01-02,10:34:24,17.9832,27.0,25.25,2995,15140628.0,4.262765190688212e-05
2024-01-02,10:34:24,17.9878,27.0,25.25,2996,15140628.0,4.255952653991208e-05
2024-01-02,10:34:24,17.9924,27.0,25.25,2996,15140628.0,4.255952653991208e-05
2024-01-02,10:34:24,17.997,27.0,25.25,2995,15140627.0,4.262765190688212e-05
2024-01-02,10:34:24,18.0016,27.0,25.25,2995,15140626.0,4.262765190688212e-05
2024-01-02,10:34:24,18.0062,27.0,25.25,2996,15140628.0,4.255952653991208e-05
2024-01-02,10:34:24,18.0108,27.0,25.25,2996,15140628.0,4.255952653991208e-05
2024-01-02,10:34:24,18.0155,27.0,25.25,2996,15140627.0,4.255952653991208e-05
2024-01-02,10:34:24,18.0201,27.0,25.25,2996,15140627.0,4.255952653991208e-05
2024-01-02,10:34:24,18.0247,27.0,25.25,2996,15140628.0,4.255952653991208e-05
2024-01-02,10:34:24,18.0338,27.0,25.25,2995,15140626.0,4.262765190688212e-05
2024-01-02,10:34:24,18.0384,27.0,25.25,2995,15140626.0,4.262765190688212e-05
2024-01-02,10:34:24,18.043,27.0,25.25,2995,15140626.0,4.262765190688212e-05
2024-01-02,10:34:24,18.0476,27.06,25.25,2995,15140627.0,4.262765190688212e-05
2024-01-02,10:34:24,18.0523,27.06,25.25,2996,15140627.0,4.255952653991208e-05
2024-01-02,10:34:24,18.0568,27.06,25.25,2997,15140626.0,4.249151004747342e-05
2024-01-02,10:34:24,18.0614,27.06,25.25,2997,15140626.0,4.249151004747342e-05
2024-01-02,10:34:24,18.0661,27.06,25.25,2996,15140627.0,4.255952653991208e-05
2024-01-02,10:34:24,18.0708,27.06,25.25,2995,15140626.0,4.262765190688212e-05
2024-01-02,10:34:24,18.0754,27.06,25.25,2996,15140626.0,4.255952653991208e-05
2024-01-02,10:34:24,18.0799,27.06,25.25,2997,15140628.0,4.249151004747342e-05
2024-01-02,10:34:24,18.0845,27.06,25.25,2996,15140627.0,4.255952653991208e-05
2024-01-02,10:34:24,18.0887,27.06,25.25,2996,15140627.0,4.255952653991208e-05
2024-01-02,10:34:24,18.0976,27.06,25.25,2995,15140626.0,4.262765190688212e-05
2024-01-02,10:34:24,18.1022,27.06,25.25,2995,15140626.0,4.262765190688212e-05
2024-01-02,10:34:24,18.1068,27.06,25.25,2995,15140627.0,4.262765190688212e-05
2024-01-02,10:34:24,18.1115,27.06,25.25,2995,15140627.0,4.262765190688212e-05
2024-01-02,10:34:24,18.1161,27.06,25.25,2996,15140628.0,4.255952653991208e-05
2024-01-02,10:34:24,18.1207,27.06,25.25,2996,15140628.0,4.255952653991208e-05
2024-01-02,10:34:24,18.13,27.06,25.25,2995,15140627.0,4.262765190688212e-05
2024-01-02,10:34:24,18.1346,27.06,25.25,2996,15140628.0,4.255952653991208e-05
2024-01-02,10:34:24,18.1391,27.06,25.25,2997,15140628.0,4.249151004747342e-05
2024-01-02,10:34:24,18.1437,27.06,25.25,2998,15140629.0,4.242360225556832e-05
2024-01-02,10:34:24,18.1483,27.06,25.25,2997,15140629.0,4.249151004747342e-05
2024-01-02,10:34:24,18.1529,27.06,25.25,2995,15140627.0,4.262765190688212e-05
2024-01-02,10:34:24,18.1575,27.06,25.25,2996,15140626.0,4.255952653991208e-05
2024-01-02,10:34:24,18.1621,27.06,25.25,2997,15140628.0,4.249151004747342e-05
2024-01-02,10:34:24,18.1668,27.06,25.25,2997,15140628.0,4.249151004747342e-05
2024-01-02,10:34:24,18.1714,27.06,25.25,2997,15140628.0,4.249151004747342e-05
2024-01-02,10:34:25,18.1759,27.06,25.25,2996,15140628.0,4.255952653991208e-05
2024-01-02,10:34:25,18.1805,27.06,25.25,2995,15140626.0,4.262765190688212e-05
2024-01-02,10:34:25,18.1852,27.06,25.25,2996,15140625.0,4.255952653991208e-05
2024-01-02,10:34:25,18.1898,27.06,25.25,2996,15140627.0,4.255952653991208e-05
2024-01-02,10:34:25,18.1944,27.06,25.25,2995,15140628.0,4.262765190688212e-05
2024-01-02,10:34:25,18.199,27.06,25.25,2996,15140628.0,4.255952653991208e-05
2024-01-02,10:34:25,18.2036,27.06,25.25,2996,15140627.0,4.255952653991208e-05
2024-01-02,10:34:25,18.2082,27.06,25.25,2994,15140625.0,4.269588632265983e-05
2024-01-02,10:34:25,18.2128,27.06,25.25,2996,15140624.0,4.255952653991208e-05
2024-01-02,10:34:25,18.2174,27.06,25.25,2998,15140626.0,4.242360225556832e-05
2024-01-02,10:34:25,18.222,27.06,25.25,2996,15140628.0,4.255952653991208e-05
2024-01-02,10:34:25,18.2266,27.06,25.25,2995,15140627.0,4.262765190688212e-05
2024-01-02,10:34:25,18.2313,27.06,25.25,2995,15140625.0,4.262765190688212e-05
2024-01-02,10:34:25,18.2405,27.06,25.25,2996,15140627.0,4.255952653991208e-05
2024-01-02,10:34:25,18.2451,27.06,25.25,2998,15140628.0,4.242360225556832e-05
2024-01-02,10:34:25,18.2496,27.06,25.25,2997,15140628.0,4.249151004747342e-05
2024-01-02,10:34:25,18.2542,27.06,25.25,2995,15140626.0,4.262765190688212e-05
2024-01-02,10:34:25,18.2588,27.06,25.25,2995,15140626.0,4.262765190688212e-05
2024-01-02,10:34:25,18.2635,27.06,25.25,2996,15140627.0,4.255952653991208e-05
2024-01-02,10:34:25,18.2681,27.06,25.25,2997,15140627.0,4.249151004747342e-05
2024-01-02,10:34:25,18.2727,27.06,25.25,2997,15140627.0,4.249151004747342e-05
2024-01-02,10:34:25,18.2773,27.06,25.25,2996,15140627.0,4.255952653991208e-05
2024-01-02,10:34:25,18.2819,27.06,25.25,2995,15140625.0,4.262765190688212e-05
2024-01-02,10:34:25,18.2865,27.06,25.25,2996,15140625.0,4.255952653991208e-05
2024-01-02,10:34:25,18.2912,27.06,25.25,2997,15140627.0,4.249151004747342e-05
2024-01-02,10:34:25,18.2958,27.06,25.25,2997,15140627.0,4.249151004747342e-05
2024-01-02,10:34:25,18.3004,27.06,25.25,2997,15140626.0,4.249151004747342e-05
2024-01-02,10:34:25,18.305,27.06,25.25,2996,15140627.0,4.255952653991208e-05
2024-01-02,10:34:25,18.3096,27.06,25.25,2995,15140626.0,4.262765190688212e-05
2024-01-02,10:34:25,18.3142,27.06,25.25,2996,15140625.0,4.255952653991208e-05
2024-01-02,10:34:25,18.3188,27.06,25.25,2997,15140626.0,4.249151004747342e-05
2024-01-02,10:34:25,18.3234,27.06,25.25,2996,15140627.0,4.255952653991208e-05
2024-01-02,10:34:25,18.328,27.06,25.25,2996,15140626.0,4.255952653991208e-05
2024-01-02,10:34:25,18.3385,27.06,25.25,2997,15140626.0,4.249151004747342e-05
2024-01-02,10:34:25,18.349,27.06,25.25,2997,15140627.0,4.249151004747342e-05
2024-01-02,10:34:25,18.3536,27.06,25.25,2997,15140627.0,4.249151004747342e-05
2024-01-02,10:34:25,18.3582,27.06,25.25,2997,15140627.0,4.249151004747342e-05
2024-01-02,10:34:25,18.3627,27.06,25.25,2996,15140627.0,4.255952653991208e-05
2024-01-02,10:34:25,18.3673,27.06,25.25,2996,15140627.0,4.255952653991208e-05
2024-01-02,10:34:25,18.3719,27.06,25.25,2997,15140626.0,4.249151004747342e-05
2024-01-02,10:34:25,18.3765,27.06,25.25,2997,15140627.0,4.249151004747342e-05
2024-01-02,10:34:25,18.3812,27.06,25.25,2996,15140628.0,4.255952653991208e-05
2024-01-02,10:34:25,18.3858,27.06,25.25,2996,15140627.0,4.255952653991208e-05
2024-01-02,10:34:25,18.3904,27.06,25.25,2997,15140626.0,4.249151004747342e-05
2024-01-02,10:34:25,18.3949,27.06,25.25,2997,15140627.0,4.249151004747342e-05
2024-01-02,10:34:25,18.3995,27.06,25.25,2997,15140627.0,4.249151004747342e-05
2024-01-02,10:34:25,18.4087,27.06,25.25,2996,15140629.0,4.255952653991208e-05
2024-01-02,10:34:25,18.4133,27.06,25.25,2996,15140626.0,4.255952653991208e-05
2024-01-02,10:34:25,18.418,27.06,25.25,2997,15140627.0,4.249151004747342e-05
2024-01-02,10:34:25,18.4226,27.06,25.25,2997,15140628.0,4.249151004747342e-05
2024-01-02,10:34:25,18.4272,27.06,25.25,2996,15140628.0,4.255952653991208e-05
2024-01-02,10:34:25,18.4318,27.06,25.25,2996,15140627.0,4.255952653991208e-05
2024-01-02,10:34:25,18.4364,27.06,25.25,2996,15140627.0,4.255952653991208e-05
2024-01-02,10:34:25,18.441,27.06,25.25,2996,15140627.0,4.255952653991208e-05
2024-01-02,10:34:25,18.4457,27.06,25.25,2997,15140627.0,4.249151004747342e-05
2024-01-02,10:34:25,18.4503,27.06,25.25,2997,15140628.0,4.249151004747342e-05
2024-01-02,10:34:25,18.4549,27.06,25.25,2997,15140627.0,4.249151004747342e-05
2024-01-02,10:34:25,18.4595,27.06,25.25,2997,15140626.0,4.249151004747342e-05
2024-01-02,10:34:25,18.4641,27.06,25.25,2998,15140626.0,4.242360225556832e-05
2024-01-02,10:34:25,18.4687,27.06,25.25,2998,15140626.0,4.242360225556832e-05
2024-01-02,10:34:25,18.4733,27.06,25.25,2997,15140627.0,4.249151004747342e-05
2024-01-02,10:34:25,18.4779,27.06,25.25,2997,15140628.0,4.249151004747342e-05
2024-01-02,10:34:25,18.4825,27.06,25.25,2997,15140628.0,4.249151004747342e-05
2024-01-02,10:34:25,18.4871,27.06,25.25,2997,15140626.0,4.249151004747342e-05
2024-01-02,10:34:25,18.4917,27.06,25.25,2998,15140625.0,4.242360225556832e-05
2024-01-02,10:34:25,18.4963,27.06,25.25,2998,15140626.0,4.242360225556832e-05
2024-01-02,10:34:25,18.5009,27.06,25.25,2998,15140627.0,4.242360225556832e-05
2024-01-02,10:34:25,18.5056,27.06,25.25,2999,15140628.0,4.235580299047711e-05
2024-01-02,10:34:25,18.5102,27.06,25.25,2998,15140627.0,4.242360225556832e-05
2024-01-02,10:34:25,18.5148,27.06,25.25,2996,15140625.0,4.255952653991208e-05
2024-01-02,10:34:25,18.524,27.06,25.25,3000,15140625.0,4.228811207875762e-05
2024-01-02,10:34:25,18.5285,27.06,25.25,2998,15140627.0,4.242360225556832e-05
2024-01-02,10:34:25,18.5332,27.06,25.25,2997,15140626.0,4.249151004747342e-05
2024-01-02,10:34:25,18.5378,27.06,25.25,2998,15140624.0,4.242360225556832e-05
2024-01-02,10:34:25,18.5424,27.06,25.25,2998,15140624.0,4.242360225556832e-05
2024-01-02,10:34:25,18.547,27.06,25.25,2998,15140624.0,4.242360225556832e-05
2024-01-02,10:34:25,18.5516,27.12,25.25,2999,15140626.0,4.235580299047711e-05
2024-01-02,10:34:25,18.5561,27.12,25.25,2999,15140626.0,4.235580299047711e-05
2024-01-02,10:34:25,18.5607,27.12,25.25,2998,15140625.0,4.242360225556832e-05
2024-01-02,10:34:25,18.5654,27.12,25.25,2997,15140624.0,4.249151004747342e-05
2024-01-02,10:34:25,18.5701,27.12,25.25,2996,15140623.0,4.255952653991208e-05
2024-01-02,10:34:25,18.5747,27.12,25.25,2999,15140622.0,4.235580299047711e-05
2024-01-02,10:34:25,18.5792,27.12,25.25,3001,15140625.0,4.222052934724505e-05
2024-01-02,10:34:25,18.5838,27.12,25.25,2998,15140627.0,4.242360225556832e-05
2024-01-02,10:34:25,18.5881,27.12,25.25,2998,15140626.0,4.242360225556832e-05
2024-01-02,10:34:25,18.5969,27.12,25.25,2996,15140624.0,4.255952653991208e-05
2024-01-02,10:34:25,18.6014,27.12,25.25,2998,15140622.0,4.242360225556832e-05
2024-01-02,10:34:25,18.6107,27.12,25.25,2998,15140626.0,4.242360225556832e-05
2024-01-02,10:34:25,18.6152,27.12,25.25,2998,15140625.0,4.242360225556832e-05
2024-01-02,10:34:25,18.6198,27.12,25.25,2997,15140626.0,4.249151004747342e-05
2024-01-02,10:34:25,18.6245,27.12,25.25,2997,15140625.0,4.249151004747342e-05
2024-01-02,10:34:25,18.6291,27.12,25.25,2999,15140624.0,4.235580299047711e-05
2024-01-02,10:34:25,18.6337,27.12,25.25,3000,15140625.0,4.228811207875762e-05
2024-01-02,10:34:25,18.6383,27.12,25.25,2999,15140626.0,4.235580299047711e-05
2024-01-02,10:34:25,18.6429,27.12,25.25,2998,15140625.0,4.242360225556832e-05
2024-01-02,10:34:25,18.6475,27.12,25.25,2997,15140624.0,4.249151004747342e-05
2024-01-02,10:34:25,18.6521,27.12,25.25,2997,15140624.0,4.249151004747342e-05
2024-01-02,10:34:25,18.6567,27.12,25.25,2999,15140623.0,4.235580299047711e-05
2024-01-02,10:34:25,18.6613,27.12,25.25,3001,15140626.0,4.222052934724505e-05
2024-01-02,10:34:25,18.6659,27.12,25.25,2999,15140627.0,4.235580299047711e-05
2024-01-02,10:34:25,18.6704,27.12,25.25,2998,15140626.0,4.242360225556832e-05
2024-01-02,10:34:25,18.6751,27.12,25.25,2998,15140625.0,4.242360225556832e-05
2024-01-02,10:34:25,18.6797,27.12,25.25,2997,15140625.0,4.249151004747342e-05
2024-01-02,10:34:25,18.6843,27.12,25.25,2998,15140625.0,4.242360225556832e-05
2024-01-02,10:34:25,18.6889,27.12,25.25,3000,15140626.0,4.228811207875762e-05
2024-01-02,10:34:25,18.6935,27.12,25.25,2998,15140628.0,4.242360225556832e-05
2024-01-02,10:34:25,18.6981,27.12,25.25,2997,15140626.0,4.249151004747342e-05
2024-01-02,10:34:25,18.7027,27.12,25.25,2998,15140625.0,4.242360225556832e-05
2024-01-02,10:34:25,18.7072,27.12,25.25,2998,15140626.0,4.242360225556832e-05
2024-01-02,10:34:25,18.7118,27.12,25.25,3000,15140625.0,4.228811207875762e-05
2024-01-02,10:34:25,18.7211,27.12,25.25,2998,15140629.0,4.242360225556832e-05
2024-01-02,10:34:25,18.7256,27.12,25.25,2997,15140627.0,4.249151004747342e-05
2024-01-02,10:34:25,18.7303,27.12,25.25,2998,15140625.0,4.242360225556832e-05
2024-01-02,10:34:25,18.7349,27.12,25.25,2998,15140626.0,4.242360225556832e-05
2024-01-02,10:34:25,18.7395,27.12,25.25,2999,15140626.0,4.235580299047711e-05
2024-01-02,10:34:25,18.7441,27.12,25.25,3000,15140627.0,4.228811207875762e-05
2024-01-02,10:34:25,18.7487,27.12,25.25,2999,15140627.0,4.235580299047711e-05
2024-01-02,10:34:25,18.7533,27.12,25.25,2998,15140626.0,4.242360225556832e-05
2024-01-02,10:34:25,18.7579,27.12,25.25,2999,15140625.0,4.235580299047711e-05
2024-01-02,10:34:25,18.7625,27.12,25.25,2999,15140626.0,4.235580299047711e-05
2024-01-02,10:34:25,18.7671,27.12,25.25,2999,15140627.0,4.235580299047711e-05
2024-01-02,10:34:25,18.7717,27.12,25.25,3000,15140627.0,4.228811207875762e-05
2024-01-02,10:34:25,18.7763,27.12,25.25,2999,15140627.0,4.235580299047711e-05
2024-01-02,10:34:25,18.7809,27.12,25.25,2998,15140625.0,4.242360225556832e-05
2024-01-02,10:34:25,18.7855,27.12,25.25,2999,15140625.0,4.235580299047711e-05
2024-01-02,10:34:25,18.7901,27.12,25.25,3000,15140627.0,4.228811207875762e-05
2024-01-02,10:34:25,18.7947,27.12,25.25,3000,15140627.0,4.228811207875762e-05
2024-01-02,10:34:25,18.7993,27.12,25.25,2999,15140626.0,4.235580299047711e-05
2024-01-02,10:34:25,18.8039,27.12,25.25,2999,15140626.0,4.235580299047711e-05
2024-01-02,10:34:25,18.8085,27.12,25.25,2999,15140626.0,4.235580299047711e-05
2024-01-02,10:34:25,18.8132,27.12,25.25,2999,15140625.0,4.235580299047711e-05
2024-01-02,10:34:25,18.8177,27.12,25.25,2999,15140626.0,4.235580299047711e-05
2024-01-02,10:34:25,18.8269,27.12,25.25,3000,15140625.0,4.228811207875762e-05
2024-01-02,10:34:25,18.8315,27.12,25.25,3000,15140625.0,4.228811207875762e-05
2024-01-02,10:34:25,18.8361,27.12,25.25,3000,15140626.0,4.228811207875762e-05
2024-01-02,10:34:25,18.8427,27.12,25.25,3000,15140626.0,4.228811207875762e-05
2024-01-02,10:34:25,18.8492,27.12,25.25,2999,15140625.0,4.235580299047711e-05
2024-01-02,10:34:25,18.8538,27.12,25.25,3000,15140625.0,4.228811207875762e-05
2024-01-02,10:34:25,18.8584,27.12,25.25,3001,15140627.0,4.222052934724505e-05
2024-01-02,10:34:25,18.8629,27.12,25.25,3000,15140627.0,4.228811207875762e-05
2024-01-02,10:34:25,18.8676,27.12,25.25,3000,15140627.0,4.228811207875762e-05
2024-01-02,10:34:25,18.8722,27.12,25.25,3000,15140626.0,4.228811207875762e-05
2024-01-02,10:34:25,18.8768,27.12,25.25,3000,15140626.0,4.228811207875762e-05
2024-01-02,10:34:25,18.8814,27.12,25.25,3000,15140626.0,4.228811207875762e-05
2024-01-02,10:34:25,18.886,27.12,25.25,3001,15140628.0,4.222052934724505e-05
2024-01-02,10:34:25,18.8906,27.12,25.25,3001,15140628.0,4.222052934724505e-05
2024-01-02,10:34:25,18.8952,27.12,25.25,3000,15140626.0,4.228811207875762e-05
2024-01-02,10:34:25,18.8998,27.12,25.25,3000,15140625.0,4.228811207875762e-05
2024-01-02,10:34:25,18.9044,27.12,25.25,3000,15140627.0,4.228811207875762e-05
2024-01-02,10:34:25,18.909,27.12,25.25,3001,15140626.0,4.222052934724505e-05
2024-01-02,10:34:25,18.9182,27.12,25.25,3001,15140629.0,4.222052934724505e-05
2024-01-02,10:34:25,18.9227,27.12,25.25,3000,15140627.0,4.228811207875762e-05
2024-01-02,10:34:25,18.9273,27.12,25.25,3000,15140627.0,4.228811207875762e-05
2024-01-02,10:34:25,18.9319,27.12,25.25,3000,15140627.0,4.228811207875762e-05
2024-01-02,10:34:25,18.9365,27.12,25.25,3000,15140628.0,4.228811207875762e-05
2024-01-02,10:34:25,18.9411,27.12,25.25,3001,15140629.0,4.222052934724505e-05
2024-01-02,10:34:25,18.9456,27.12,25.25,3001,15140627.0,4.222052934724505e-05
2024-01-02,10:34:25,18.9502,27.12,25.25,3000,15140625.0,4.228811207875762e-05
2024-01-02,10:34:25,18.9548,27.12,25.25,3001,15140625.0,4.222052934724505e-05
2024-01-02,10:34:25,18.9595,27.12,25.25,3002,15140627.0,4.215305462305114e-05
2024-01-02,10:34:25,18.9641,27.12,25.25,3003,15140627.0,4.20856877335641e-05
2024-01-02,10:34:25,18.9686,27.12,25.25,3003,15140627.0,4.20856877335641e-05
2024-01-02,10:34:25,18.9732,27.12,25.25,3000,15140627.0,4.228811207875762e-05
2024-01-02,10:34:25,18.9778,27.12,25.25,2999,15140627.0,4.235580299047711e-05
2024-01-02,10:34:25,18.9825,27.12,25.25,3001,15140626.0,4.222052934724505e-05
2024-01-02,10:34:25,18.987,27.12,25.25,3001,15140626.0,4.222052934724505e-05
2024-01-02,10:34:25,18.9916,27.12,25.25,3000,15140628.0,4.228811207875762e-05
2024-01-02,10:34:25,18.9962,27.12,25.25,3002,15140628.0,4.215305462305114e-05
2024-01-02,10:34:25,19.0008,27.12,25.25,3002,15140627.0,4.215305462305114e-05
2024-01-02,10:34:25,19.0053,27.12,25.25,2999,15140625.0,4.235580299047711e-05
2024-01-02,10:34:25,19.01,27.12,25.25,3000,15140625.0,4.228811207875762e-05
2024-01-02,10:34:25,19.0191,27.12,25.25,3002,15140629.0,4.215305462305114e-05
2024-01-02,10:34:25,19.0237,27.12,25.25,3002,15140627.0,4.215305462305114e-05
2024-01-02,10:34:25,19.0283,27.12,25.25,3001,15140626.0,4.222052934724505e-05
2024-01-02,10:34:25,19.0329,27.12,25.25,3000,15140626.0,4.228811207875762e-05
2024-01-02,10:34:25,19.0375,27.12,25.25,3001,15140625.0,4.222052934724505e-05
2024-01-02,10:34:25,19.0421,27.12,25.25,3003,15140627.0,4.20856877335641e-05
2024-01-02,10:34:25,19.0468,27.12,25.25,3002,15140629.0,4.215305462305114e-05
2024-01-02,10:34:25,19.0513,27.12,25.25,3001,15140627.0,4.222052934724505e-05
2024-01-02,10:34:25,19.0558,27.06,25.25,3001,15140626.0,4.222052934724505e-05
2024-01-02,10:34:25,19.0604,27.06,25.25,3000,15140627.0,4.228811207875762e-05
2024-01-02,10:34:25,19.0651,27.06,25.25,3001,15140627.0,4.222052934724505e-05
2024-01-02,10:34:25,19.0697,27.06,25.25,3003,15140628.0,4.20856877335641e-05
2024-01-02,10:34:25,19.0743,27.06,25.25,3002,15140629.0,4.215305462305114e-05
2024-01-02,10:34:25,19.0789,27.06,25.25,3000,15140627.0,4.228811207875762e-05
2024-01-02,10:34:25,19.0834,27.06,25.25,3001,15140625.0,4.222052934724505e-05
2024-01-02,10:34:25,19.0877,27.06,25.25,3002,15140624.0,4.215305462305114e-05
2024-01-02,10:34:25,19.0965,27.06,25.25,3002,15140626.0,4.215305462305114e-05
2024-01-02,10:34:25,19.1056,27.06,25.25,3003,15140628.0,4.20856877335641e-05
2024-01-02,10:34:25,19.1102,27.06,25.25,3002,15140628.0,4.215305462305114e-05
2024-01-02,10:34:25,19.1148,27.06,25.25,3000,15140626.0,4.228811207875762e-05
2024-01-02,10:34:25,19.1195,27.06,25.25,3001,15140625.0,4.222052934724505e-05
2024-01-02,10:34:25,19.1241,27.06,25.25,3002,15140627.0,4.215305462305114e-05
2024-01-02,10:34:25,19.1286,27.06,25.25,3003,15140628.0,4.20856877335641e-05
2024-01-02,10:34:25,19.1332,27.06,25.25,3003,15140627.0,4.20856877335641e-05
2024-01-02,10:34:25,19.1378,27.06,25.25,3001,15140626.0,4.222052934724505e-05
2024-01-02,10:34:25,19.1425,27.06,25.25,3000,15140625.0,4.228811207875762e-05
2024-01-02,10:34:25,19.1471,27.06,25.25,3002,15140624.0,4.215305462305114e-05
2024-01-02,10:34:25,19.1516,27.06,25.25,3003,15140626.0,4.20856877335641e-05
2024-01-02,10:34:25,19.1562,27.06,25.25,3001,15140627.0,4.222052934724505e-05
2024-01-02,10:34:25,19.1608,27.06,25.25,3000,15140626.0,4.228811207875762e-05
2024-01-02,10:34:25,19.1654,27.06,25.25,3000,15140625.0,4.228811207875762e-05
2024-01-02,10:34:25,19.17,27.06,25.25,2999,15140624.0,4.235580299047711e-05
2024-01-02,10:34:26,19.1746,27.06,25.25,3000,15140624.0,4.228811207875762e-05
2024-01-02,10:34:26,19.1792,27.06,25.25,3002,15140626.0,4.215305462305114e-05
2024-01-02,10:34:26,19.1838,27.06,25.25,3001,15140627.0,4.222052934724505e-05
2024-01-02,10:34:26,19.1884,27.06,25.25,3000,15140626.0,4.228811207875762e-05
2024-01-02,10:34:26,19.1931,27.06,25.25,3000,15140625.0,4.228811207875762e-05
2024-01-02,10:34:26,19.1977,27.06,25.25,2999,15140625.0,4.235580299047711e-05
2024-01-02,10:34:26,19.2023,27.06,25.25,3000,15140624.0,4.228811207875762e-05
2024-01-02,10:34:26,19.2114,27.06,25.25,3000,15140628.0,4.228811207875762e-05
2024-01-02,10:34:26,19.216,27.06,25.25,3000,15140625.0,4.228811207875762e-05
2024-01-02,10:34:26,19.2206,27.06,25.25,3001,15140624.0,4.222052934724505e-05
2024-01-02,10:34:26,19.2252,27.06,25.25,3000,15140624.0,4.228811207875762e-05
2024-01-02,10:34:26,19.2298,27.06,25.25,3000,15140626.0,4.228811207875762e-05
2024-01-02,10:34:26,19.2344,27.06,25.25,3002,15140626.0,4.215305462305114e-05
2024-01-02,10:34:26,19.2391,27.06,25.25,3002,15140626.0,4.215305462305114e-05
2024-01-02,10:34:26,19.2436,27.06,25.25,3001,15140625.0,4.222052934724505e-05
2024-01-02,10:34:26,19.2482,27.06,25.25,3001,15140624.0,4.222052934724505e-05
2024-01-02,10:34:26,19.2528,27.06,25.25,3001,15140624.0,4.222052934724505e-05
2024-01-02,10:34:26,19.2574,27.06,25.25,3001,15140625.0,4.222052934724505e-05
2024-01-02,10:34:26,19.262,27.06,25.25,3001,15140625.0,4.222052934724505e-05
2024-01-02,10:34:26,19.2667,27.06,25.25,3001,15140625.0,4.222052934724505e-05
2024-01-02,10:34:26,19.2712,27.06,25.25,3000,15140624.0,4.228811207875762e-05
2024-01-02,10:34:26,19.2758,27.06,25.25,3001,15140623.0,4.222052934724505e-05
2024-01-02,10:34:26,19.2805,27.06,25.25,3002,15140624.0,4.215305462305114e-05
2024-01-02,10:34:26,19.2851,27.06,25.25,3001,15140625.0,4.222052934724505e-05
2024-01-02,10:34:26,19.2896,27.06,25.25,3002,15140625.0,4.215305462305114e-05
2024-01-02,10:34:26,19.2942,27.06,25.25,3002,15140625.0,4.215305462305114e-05
2024-01-02,10:34:26,19.2988,27.06,25.25,3000,15140624.0,4.228811207875762e-05
2024-01-02,10:34:26,19.3034,27.06,25.25,3000,15140623.0,4.228811207875762e-05
2024-01-02,10:34:26,19.308,27.06,25.25,3001,15140624.0,4.222052934724505e-05
2024-01-02,10:34:26,19.3172,27.06,25.25,3001,15140620.0,4.222052934724505e-05
2024-01-02,10:34:26,19.3218,27.06,25.25,3001,15140624.0,4.222052934724505e-05
2024-01-02,10:34:26,19.3264,27.06,25.25,3001,15140624.0,4.222052934724505e-05
2024-01-02,10:34:26,19.3309,27.06,25.25,3002,15140623.0,4.215305462305114e-05
2024-01-02,10:34:26,19.3355,27.06,25.25,3002,15140624.0,4.215305462305114e-05
2024-01-02,10:34:26,19.3421,27.06,25.25,3000,15140624.0,4.228811207875762e-05
2024-01-02,10:34:26,19.3486,27.06,25.25,3002,15140625.0,4.215305462305114e-05
2024-01-02,10:34:26,19.3532,27.06,25.25,3002,15140625.0,4.215305462305114e-05
2024-01-02,10:34:26,19.3579,27.06,25.25,3001,15140624.0,4.222052934724505e-05
2024-01-02,10:34:26,19.3624,27.06,25.25,3000,15140624.0,4.228811207875762e-05
2024-01-02,10:34:26,19.3669,27.06,25.25,3000,15140624.0,4.228811207875762e-05
2024-01-02,10:34:26,19.3715,27.06,25.25,3000,15140624.0,4.228811207875762e-05
2024-01-02,10:34:26,19.3761,27.06,25.25,3000,15140625.0,4.228811207875762e-05
2024-01-02,10:34:26,19.3807,27.06,25.25,3000,15140626.0,4.228811207875762e-05
2024-01-02,10:34:26,19.3853,27.06,25.25,3000,15140625.0,4.228811207875762e-05
2024-01-02,10:34:26,19.3899,27.06,25.25,3000,15140625.0,4.228811207875762e-05
2024-01-02,10:34:26,19.3945,27.06,25.25,2999,15140624.0,4.235580299047711e-05
2024-01-02,10:34:26,19.3991,27.06,25.25,3000,15140624.0,4.228811207875762e-05
2024-01-02,10:34:26,19.4084,27.06,25.25,3000,15140625.0,4.228811207875762e-05
2024-01-02,10:34:26,19.413,27.06,25.25,3000,15140624.0,4.228811207875762e-05
2024-01-02,10:34:26,19.4176,27.06,25.25,3001,15140622.0,4.222052934724505e-05
2024-01-02,10:34:26,19.4221,27.06,25.25,3000,15140621.0,4.228811207875762e-05
2024-01-02,10:34:26,19.4267,27.06,25.25,3000,15140622.0,4.228811207875762e-05
2024-01-02,10:34:26,19.4313,27.06,25.25,3000,15140622.0,4.228811207875762e-05
2024-01-02,10:34:26,19.436,27.06,25.25,2999,15140622.0,4.235580299047711e-05
2024-01-02,10:34:26,19.4406,27.06,25.25,2998,15140621.0,4.242360225556832e-05
2024-01-02,10:34:26,19.4452,27.06,25.25,2999,15140620.0,4.235580299047711e-05
2024-01-02,10:34:26,19.4498,27.06,25.25,2999,15140620.0,4.235580299047711e-05
2024-01-02,10:34:26,19.4544,27.06,25.25,2999,15140620.0,4.235580299047711e-05
2024-01-02,10:34:26,19.459,27.06,25.25,3000,15140621.0,4.228811207875762e-05
2024-01-02,10:34:26,19.4636,27.06,25.25,3000,15140619.0,4.228811207875762e-05
2024-01-02,10:34:26,19.4683,27.06,25.25,2998,15140617.0,4.242360225556832e-05
2024-01-02,10:34:26,19.4729,27.06,25.25,2998,15140618.0,4.242360225556832e-05
2024-01-02,10:34:26,19.4775,27.06,25.25,2999,15140620.0,4.235580299047711e-05
2024-01-02,10:34:26,19.4822,27.06,25.25,2999,15140620.0,4.235580299047711e-05
2024-01-02,10:34:26,19.4868,27.06,25.25,2999,15140619.0,4.235580299047711e-05
2024-01-02,10:34:26,19.4914,27.06,25.25,2999,15140618.0,4.235580299047711e-05
2024-01-02,10:34:26,19.496,27.06,25.25,2999,15140618.0,4.235580299047711e-05
2024-01-02,10:34:26,19.5006,27.06,25.25,2999,15140619.0,4.235580299047711e-05
2024-01-02,10:34:26,19.5052,27.06,25.25,3000,15140620.0,4.228811207875762e-05
2024-01-02,10:34:26,19.5098,27.06,25.25,3000,15140620.0,4.228811207875762e-05
2024-01-02,10:34:26,19.5144,27.06,25.25,2999,15140620.0,4.235580299047711e-05
2024-01-02,10:34:26,19.5237,27.06,25.25,2999,15140618.0,4.235580299047711e-05
2024-01-02,10:34:26,19.5283,27.06,25.25,2999,15140619.0,4.235580299047711e-05
2024-01-02,10:34:26,19.5329,27.06,25.25,3001,15140620.0,4.222052934724505e-05
2024-01-02,10:34:26,19.5375,27.06,25.25,3001,15140620.0,4.222052934724505e-05
2024-01-02,10:34:26,19.5421,27.06,25.25,3000,15140620.0,4.228811207875762e-05
2024-01-02,10:34:26,19.5467,27.06,25.25,3000,15140619.0,4.228811207875762e-05
2024-01-02,10:34:26,19.5513,27.06,25.25,3001,15140619.0,4.222052934724505e-05
2024-01-02,10:34:26,19.5559,27.06,25.25,3001,15140621.0,4.222052934724505e-05
2024-01-02,10:34:26,19.5605,27.06,25.25,3001,15140621.0,4.222052934724505e-05
2024-01-02,10:34:26,19.565,27.06,25.25,3000,15140621.0,4.228811207875762e-05
2024-01-02,10:34:26,19.5696,27.06,25.25,2999,15140621.0,4.235580299047711e-05
2024-01-02,10:34:26,19.5743,27.06,25.25,3000,15140619.0,4.228811207875762e-05
2024-01-02,10:34:26,19.5789,27.06,25.25,3001,15140619.0,4.222052934724505e-05
2024-01-02,10:34:26,19.5835,27.06,25.25,2999,15140622.0,4.235580299047711e-05
2024-01-02,10:34:26,19.5877,27.06,25.25,3000,15140621.0,4.228811207875762e-05
2024-01-02,10:34:26,19.5966,27.06,25.25,3000,15140621.0,4.228811207875762e-05
2024-01-02,10:34:26,19.6012,27.06,25.25,3000,15140620.0,4.228811207875762e-05
2024-01-02,10:34:26,19.6058,27.06,25.25,3000,15140621.0,4.228811207875762e-05
2024-01-02,10:34:26,19.615,27.06,25.25,3002,15140622.0,4.215305462305114e-05
2024-01-02,10:34:26,19.6196,27.06,25.25,3000,15140623.0,4.228811207875762e-05
2024-01-02,10:34:26,19.6242,27.06,25.25,3000,15140622.0,4.228811207875762e-05
2024-01-02,10:34:26,19.6288,27.06,25.25,3002,15140621.0,4.215305462305114e-05
2024-01-02,10:34:26,19.6334,27.06,25.25,3001,15140620.0,4.222052934724505e-05
2024-01-02,10:34:26,19.638,27.06,25.25,3001,15140620.0,4.222052934724505e-05
2024-01-02,10:34:26,19.6426,27.06,25.25,3002,15140621.0,4.215305462305114e-05
2024-01-02,10:34:26,19.6472,27.06,25.25,3001,15140622.0,4.222052934724505e-05
2024-01-02,10:34:26,19.6518,27.06,25.25,3000,15140622.0,4.228811207875762e-05
2024-01-02,10:34:26,19.6564,27.06,25.25,3000,15140621.0,4.228811207875762e-05
2024-01-02,10:34:26,19.661,27.06,25.25,3000,15140621.0,4.228811207875762e-05
2024-01-02,10:34:26,19.6655,27.06,25.25,3000,15140622.0,4.228811207875762e-05
2024-01-02,10:34:26,19.6701,27.06,25.25,3001,15140622.0,4.222052934724505e-05
2024-01-02,10:34:26,19.6747,27.06,25.25,3001,15140622.0,4.222052934724505e-05
2024-01-02,10:34:26,19.6793,27.06,25.25,3000,15140622.0,4.228811207875762e-05
2024-01-02,10:34:26,19.684,27.06,25.25,3000,15140621.0,4.228811207875762e-05
2024-01-02,10:34:26,19.6886,27.06,25.25,3000,15140621.0,4.228811207875762e-05
2024-01-02,10:34:26,19.6931,27.06,25.25,3000,15140622.0,4.228811207875762e-05
2024-01-02,10:34:26,19.6977,27.06,25.25,3001,15140623.0,4.222052934724505e-05
2024-01-02,10:34:26,19.7024,27.06,25.25,3001,15140621.0,4.222052934724505e-05
2024-01-02,10:34:26,19.7069,27.06,25.25,3000,15140621.0,4.228811207875762e-05
2024-01-02,10:34:26,19.7115,27.06,25.25,3001,15140620.0,4.222052934724505e-05
2024-01-02,10:34:26,19.7207,27.06,25.25,3001,15140622.0,4.222052934724505e-05
2024-01-02,10:34:26,19.7253,27.06,25.25,3000,15140621.0,4.228811207875762e-05
2024-01-02,10:34:26,19.7299,27.06,25.25,3001,15140620.0,4.222052934724505e-05
2024-01-02,10:34:26,19.7345,27.06,25.25,3001,15140620.0,4.222052934724505e-05
2024-01-02,10:34:26,19.7392,27.06,25.25,3001,15140620.0,4.222052934724505e-05
2024-01-02,10:34:26,19.7438,27.06,25.25,3001,15140621.0,4.222052934724505e-05
2024-01-02,10:34:26,19.7483,27.06,25.25,3000,15140622.0,4.228811207875762e-05
2024-01-02,10:34:26,19.7529,27.06,25.25,3001,15140622.0,4.222052934724505e-05
2024-01-02,10:34:26,19.7575,27.06,25.25,3002,15140620.0,4.215305462305114e-05
2024-01-02,10:34:26,19.7621,27.06,25.25,3000,15140619.0,4.228811207875762e-05
2024-01-02,10:34:26,19.7668,27.06,25.25,3000,15140620.0,4.228811207875762e-05
2024-01-02,10:34:26,19.7714,27.06,25.25,3002,15140622.0,4.215305462305114e-05
2024-01-02,10:34:26,19.776,27.06,25.25,3001,15140622.0,4.222052934724505e-05
2024-01-02,10:34:26,19.7805,27.06,25.25,2999,15140621.0,4.235580299047711e-05
2024-01-02,10:34:26,19.7851,27.06,25.25,3000,15140620.0,4.228811207875762e-05
2024-01-02,10:34:26,19.7898,27.06,25.25,3001,15140620.0,4.222052934724505e-05
2024-01-02,10:34:26,19.7944,27.06,25.25,3001,15140620.0,4.222052934724505e-05
2024-01-02,10:34:26,19.7989,27.06,25.25,3002,15140621.0,4.215305462305114e-05
2024-01-02,10:34:26,19.8035,27.06,25.25,3002,15140621.0,4.215305462305114e-05
2024-01-02,10:34:26,19.8081,27.06,25.25,3001,15140620.0,4.222052934724505e-05
2024-01-02,10:34:26,19.8127,27.06,25.25,3001,15140620.0,4.222052934724505e-05
2024-01-02,10:34:26,19.8172,27.06,25.25,3002,15140621.0,4.215305462305114e-05
2024-01-02,10:34:26,19.8265,27.06,25.25,3001,15140622.0,4.222052934724505e-05
2024-01-02,10:34:26,19.8311,27.06,25.25,3001,15140621.0,4.222052934724505e-05
2024-01-02,10:34:26,19.8357,27.06,25.25,3000,15140621.0,4.228811207875762e-05
2024-01-02,10:34:26,19.8422,27.06,25.25,3001,15140622.0,4.222052934724505e-05
2024-01-02,10:34:26,19.8488,27.06,25.25,3001,15140621.0,4.222052934724505e-05
2024-01-02,10:34:26,19.8534,27.06,25.25,3000,15140621.0,4.228811207875762e-05
2024-01-02,10:34:26,19.858,27.06,25.25,3000,15140621.0,4.228811207875762e-05
2024-01-02,10:34:26,19.8626,27.06,25.25,3001,15140621.0,4.222052934724505e-05
2024-01-02,10:34:26,19.8672,27.06,25.25,3001,15140620.0,4.222052934724505e-05
2024-01-02,10:34:26,19.8718,27.06,25.25,3001,15140620.0,4.222052934724505e-05
2024-01-02,10:34:26,19.8764,27.06,25.25,3001,15140621.0,4.222052934724505e-05
2024-01-02,10:34:26,19.881,27.06,25.25,3001,15140620.0,4.222052934724505e-05
2024-01-02,10:34:26,19.8857,27.06,25.25,3001,15140620.0,4.222052934724505e-05
2024-01-02,10:34:26,19.8902,27.06,25.25,3001,15140621.0,4.222052934724505e-05
2024-01-02,10:34:26,19.8948,27.06,25.25,3002,15140622.0,4.215305462305114e-05
2024-01-02,10:34:26,19.8994,27.06,25.25,3002,15140621.0,4.215305462305114e-05
2024-01-02,10:34:26,19.904,27.06,25.25,3001,15140620.0,4.222052934724505e-05
2024-01-02,10:34:26,19.9086,27.06,25.25,3000,15140620.0,4.228811207875762e-05
2024-01-02,10:34:26,19.9177,27.06,25.25,3002,15140620.0,4.215305462305114e-05
2024-01-02,10:34:26,19.9224,27.06,25.25,3003,15140621.0,4.20856877335641e-05
2024-01-02,10:34:26,19.927,27.06,25.25,3002,15140622.0,4.215305462305114e-05
2024-01-02,10:34:26,19.9316,27.06,25.25,3001,15140620.0,4.222052934724505e-05
2024-01-02,10:34:26,19.9362,27.06,25.25,3001,15140621.0,4.222052934724505e-05
2024-01-02,10:34:26,19.9408,27.06,25.25,3001,15140620.0,4.222052934724505e-05
2024-01-02,10:34:26,19.9454,27.06,25.25,3000,15140621.0,4.228811207875762e-05
2024-01-02,10:34:26,19.95,27.06,25.25,3000,15140622.0,4.228811207875762e-05
2024-01-02,10:34:26,19.9546,27.06,25.25,3001,15140621.0,4.222052934724505e-05
2024-01-02,10:34:26,19.9592,27.06,25.25,3002,15140621.0,4.215305462305114e-05
2024-01-02,10:34:26,19.9637,27.06,25.25,3002,15140621.0,4.215305462305114e-05
2024-01-02,10:34:26,19.9684,27.06,25.25,3001,15140620.0,4.222052934724505e-05
2024-01-02,10:34:26,19.973,27.06,25.25,3000,15140621.0,4.228811207875762e-05
2024-01-02,10:34:26,19.9775,27.06,25.25,3001,15140622.0,4.222052934724505e-05
2024-01-02,10:34:26,19.9821,27.06,25.25,3002,15140621.0,4.215305462305114e-05
2024-01-02,10:34:26,19.9867,27.06,25.25,3002,15140620.0,4.215305462305114e-05
2024-01-02,10:34:26,19.9913,27.06,25.25,3002,15140621.0,4.215305462305114e-05
2024-01-02,10:34:26,19.9959,27.06,25.25,3002,15140621.0,4.215305462305114e-05
2024-01-02,10:34:26,20.0005,27.06,25.25,3001,15140621.0,4.222052934724505e-05
2024-01-02,10:34:26,20.0051,27.06,25.25,3001,15140622.0,4.222052934724505e-05
2024-01-02,10:34:26,20.0097,27.06,25.25,3002,15140621.0,4.215305462305114e-05
2024-01-02,10:34:26,20.0188,27.06,25.25,3001,15140622.0,4.222052934724505e-05
2024-01-02,10:34:26,20.0234,27.06,25.25,3002,15140622.0,4.215305462305114e-05
2024-01-02,10:34:26,20.028,27.06,25.25,3003,15140621.0,4.20856877335641e-05
2024-01-02,10:34:26,20.0327,27.06,25.25,3002,15140620.0,4.215305462305114e-05
2024-01-02,10:34:26,20.0373,27.06,25.25,3001,15140620.0,4.222052934724505e-05
2024-01-02,10:34:26,20.0419,27.06,25.25,3002,15140620.0,4.215305462305114e-05
2024-01-02,10:34:26,20.0464,27.06,25.25,3002,15140622.0,4.215305462305114e-05
2024-01-02,10:34:26,20.051,27.06,25.25,3002,15140621.0,4.215305462305114e-05
2024-01-02,10:34:26,20.0556,27.06,25.25,3001,15140621.0,4.222052934724505e-05
2024-01-02,10:34:26,20.0602,27.06,25.25,3000,15140622.0,4.228811207875762e-05
2024-01-02,10:34:26,20.0648,27.12,25.25,3001,15140621.0,4.222052934724505e-05
2024-01-02,10:34:26,20.0695,27.12,25.25,3002,15140621.0,4.215305462305114e-05
2024-01-02,10:34:26,20.0741,27.12,25.25,3002,15140622.0,4.215305462305114e-05
2024-01-02,10:34:26,20.0786,27.12,25.25,3002,15140622.0,4.215305462305114e-05
2024-01-02,10:34:26,20.0832,27.12,25.25,3002,15140621.0,4.215305462305114e-05
2024-01-02,10:34:26,20.0875,27.12,25.25,3002,15140620.0,4.215305462305114e-05
2024-01-02,10:34:26,20.0963,27.12,25.25,3002,15140621.0,4.215305462305114e-05
2024-01-02,10:34:26,20.1008,27.12,25.25,3002,15140622.0,4.215305462305114e-05
2024-01-02,10:34:26,20.11,27.12,25.25,3001,15140623.0,4.222052934724505e-05
2024-01-02,10:34:26,20.1147,27.12,25.25,3001,15140622.0,4.222052934724505e-05
2024-01-02,10:34:26,20.1193,27.12,25.25,3003,15140621.0,4.20856877335641e-05
2024-01-02,10:34:26,20.1239,27.12,25.25,3003,15140620.0,4.20856877335641e-05
2024-01-02,10:34:26,20.1285,27.12,25.25,3002,15140621.0,4.215305462305114e-05
2024-01-02,10:34:26,20.1331,27.12,25.25,3002,15140621.0,4.215305462305114e-05
2024-01-02,10:34:26,20.1377,27.12,25.25,3002,15140621.0,4.215305462305114e-05
2024-01-02,10:34:26,20.1423,27.12,25.25,3002,15140622.0,4.215305462305114e-05
2024-01-02,10:34:26,20.147,27.12,25.25,3002,15140622.0,4.215305462305114e-05
2024-01-02,10:34:26,20.1516,27.12,25.25,3002,15140622.0,4.215305462305114e-05
2024-01-02,10:34:26,20.1561,27.12,25.25,3001,15140623.0,4.222052934724505e-05
2024-01-02,10:34:26,20.1607,27.12,25.25,3001,15140622.0,4.222052934724505e-05
2024-01-02,10:34:26,20.1653,27.12,25.25,3001,15140622.0,4.222052934724505e-05
2024-01-02,10:34:26,20.1699,27.12,25.25,3000,15140622.0,4.228811207875762e-05
2024-01-02,10:34:27,20.1746,27.12,25.25,3001,15140621.0,4.222052934724505e-05
2024-01-02,10:34:27,20.1792,27.12,25.25,3001,15140621.0,4.222052934724505e-05
2024-01-02,10:34:27,20.1838,27.12,25.25,3001,15140622.0,4.222052934724505e-05
2024-01-02,10:34:27,20.1883,27.12,25.25,3001,15140622.0,4.222052934724505e-05
2024-01-02,10:34:27,20.1929,27.12,25.25,3001,15140621.0,4.222052934724505e-05
2024-01-02,10:34:27,20.1976,27.12,25.25,3002,15140622.0,4.215305462305114e-05
2024-01-02,10:34:27,20.2022,27.12,25.25,3002,15140621.0,4.215305462305114e-05
2024-01-02,10:34:27,20.2068,27.12,25.25,3002,15140622.0,4.215305462305114e-05
2024-01-02,10:34:27,20.2158,27.12,25.25,3002,15140620.0,4.215305462305114e-05
2024-01-02,10:34:27,20.2204,27.12,25.25,3001,15140621.0,4.222052934724505e-05
2024-01-02,10:34:27,20.2251,27.12,25.25,3001,15140622.0,4.222052934724505e-05
2024-01-02,10:34:27,20.2296,27.12,25.25,3002,15140622.0,4.215305462305114e-05
2024-01-02,10:34:27,20.2343,27.12,25.25,3003,15140623.0,4.20856877335641e-05
2024-01-02,10:34:27,20.2389,27.12,25.25,3002,15140624.0,4.215305462305114e-05
2024-01-02,10:34:27,20.2435,27.12,25.25,3000,15140622.0,4.228811207875762e-05
2024-01-02,10:34:27,20.248,27.12,25.25,3001,15140621.0,4.222052934724505e-05
2024-01-02,10:34:27,20.2526,27.12,25.25,3002,15140622.0,4.215305462305114e-05
2024-01-02,10:34:27,20.2572,27.12,25.25,3002,15140622.0,4.215305462305114e-05
2024-01-02,10:34:27,20.2619,27.12,25.25,3002,15140622.0,4.215305462305114e-05
2024-01-02,10:34:27,20.2665,27.12,25.25,3002,15140622.0,4.215305462305114e-05
2024-01-02,10:34:27,20.2711,27.12,25.25,3001,15140621.0,4.222052934724505e-05
2024-01-02,10:34:27,20.2757,27.12,25.25,3001,15140622.0,4.222052934724505e-05
2024-01-02,10:34:27,20.2803,27.12,25.25,3001,15140621.0,4.222052934724505e-05
2024-01-02,10:34:27,20.2848,27.12,25.25,3001,15140621.0,4.222052934724505e-05
2024-01-02,10:34:27,20.2894,27.12,25.25,3001,15140621.0,4.222052934724505e-05
2024-01-02,10:34:27,20.2941,27.12,25.25,3001,15140621.0,4.222052934724505e-05
2024-01-02,10:34:27,20.2987,27.12,25.25,3001,15140621.0,4.222052934724505e-05
2024-01-02,10:34:27,20.3033,27.12,25.25,3001,15140620.0,4.222052934724505e-05
2024-01-02,10:34:27,20.3079,27.12,25.25,3002,15140621.0,4.215305462305114e-05
2024-01-02,10:34:27,20.3125,27.12,25.25,3002,15140621.0,4.215305462305114e-05
2024-01-02,10:34:27,20.317,27.12,25.25,3002,15140622.0,4.215305462305114e-05
2024-01-02,10:34:27,20.3263,27.12,25.25,3001,15140620.0,4.222052934724505e-05
2024-01-02,10:34:27,20.3309,27.12,25.25,3001,15140621.0,4.222052934724505e-05
2024-01-02,10:34:27,20.3355,27.12,25.25,3002,15140622.0,4.215305462305114e-05
2024-01-02,10:34:27,20.342,27.12,25.25,3001,15140622.0,4.222052934724505e-05
2024-01-02,10:34:27,20.3486,27.12,25.25,3001,15140621.0,4.222052934724505e-05
2024-01-02,10:34:27,20.3532,27.12,25.25,3002,15140622.0,4.215305462305114e-05
2024-01-02,10:34:27,20.3579,27.12,25.25,3002,15140622.0,4.215305462305114e-05
2024-01-02,10:34:27,20.3625,27.12,25.25,3001,15140622.0,4.222052934724505e-05
2024-01-02,10:34:27,20.3671,27.12,25.25,3001,15140622.0,4.222052934724505e-05
2024-01-02,10:34:27,20.3717,27.12,25.25,3001,15140622.0,4.222052934724505e-05
2024-01-02,10:34:27,20.3762,27.12,25.25,3001,15140622.0,4.222052934724505e-05
2024-01-02,10:34:27,20.3808,27.12,25.25,3001,15140622.0,4.222052934724505e-05
2024-01-02,10:34:27,20.3854,27.12,25.25,3002,15140623.0,4.215305462305114e-05
2024-01-02,10:34:27,20.39,27.12,25.25,3003,15140622.0,4.20856877335641e-05
2024-01-02,10:34:27,20.3946,27.12,25.25,3002,15140622.0,4.215305462305114e-05
2024-01-02,10:34:27,20.3992,27.12,25.25,3002,15140622.0,4.215305462305114e-05
2024-01-02,10:34:27,20.4037,27.12,25.25,3002,15140622.0,4.215305462305114e-05
2024-01-02,10:34:27,20.413,27.12,25.25,3002,15140621.0,4.215305462305114e-05
2024-01-02,10:34:27,20.4175,27.12,25.25,3001,15140622.0,4.222052934724505e-05
2024-01-02,10:34:27,20.4221,27.12,25.25,3001,15140623.0,4.222052934724505e-05
2024-01-02,10:34:27,20.4267,27.12,25.25,3001,15140623.0,4.222052934724505e-05
2024-01-02,10:34:27,20.4313,27.12,25.25,3001,15140622.0,4.222052934724505e-05
2024-01-02,10:34:27,20.4359,27.12,25.25,3001,15140622.0,4.222052934724505e-05
2024-01-02,10:34:27,20.4405,27.12,25.25,3001,15140623.0,4.222052934724505e-05
2024-01-02,10:34:27,20.4452,27.12,25.25,3002,15140622.0,4.215305462305114e-05
2024-01-02,10:34:27,20.4498,27.12,25.25,3002,15140621.0,4.215305462305114e-05
2024-01-02,10:34:27,20.4544,27.12,25.25,3002,15140621.0,4.215305462305114e-05
2024-01-02,10:34:27,20.4589,27.12,25.25,3002,15140621.0,4.215305462305114e-05
2024-01-02,10:34:27,20.4635,27.12,25.25,3001,15140622.0,4.222052934724505e-05
2024-01-02,10:34:27,20.4682,27.12,25.25,3001,15140623.0,4.222052934724505e-05
2024-01-02,10:34:27,20.4728,27.12,25.25,3001,15140622.0,4.222052934724505e-05
2024-01-02,10:34:27,20.4773,27.12,25.25,3001,15140621.0,4.222052934724505e-05
2024-01-02,10:34:27,20.482,27.12,25.25,3001,15140623.0,4.222052934724505e-05
2024-01-02,10:34:27,20.4866,27.12,25.25,3001,15140623.0,4.222052934724505e-05
2024-01-02,10:34:27,20.4912,27.12,25.25,3001,15140622.0,4.222052934724505e-05
2024-01-02,10:34:27,20.4958,27.12,25.25,3000,15140621.0,4.228811207875762e-05
2024-01-02,10:34:27,20.5003,27.12,25.25,3001,15140622.0,4.222052934724505e-05
2024-01-02,10:34:27,20.5049,27.12,25.25,3002,15140623.0,4.215305462305114e-05
2024-01-02,10:34:27,20.5096,27.12,25.25,3002,15140622.0,4.215305462305114e-05
2024-01-02,10:34:27,20.5142,27.12,25.25,3002,15140623.0,4.215305462305114e-05
2024-01-02,10:34:27,20.5234,27.12,25.25,3002,15140619.0,4.215305462305114e-05
2024-01-02,10:34:27,20.528,27.12,25.25,3002,15140623.0,4.215305462305114e-05
2024-01-02,10:34:27,20.5326,27.12,25.25,3002,15140623.0,4.215305462305114e-05
2024-01-02,10:34:27,20.5372,27.12,25.25,3001,15140623.0,4.222052934724505e-05
2024-01-02,10:34:27,20.5418,27.12,25.25,3001,15140623.0,4.222052934724505e-05
2024-01-02,10:34:27,20.5463,27.12,25.25,3002,15140621.0,4.215305462305114e-05
2024-01-02,10:34:27,20.5509,27.12,25.25,3002,15140621.0,4.215305462305114e-05
2024-01-02,10:34:27,20.5556,27.12,25.25,3002,15140622.0,4.215305462305114e-05
2024-01-02,10:34:27,20.5601,27.12,25.25,3002,15140621.0,4.215305462305114e-05
2024-01-02,10:34:27,20.5648,27.12,25.25,3002,15140622.0,4.215305462305114e-05
2024-01-02,10:34:27,20.5694,27.12,25.25,3002,15140622.0,4.215305462305114e-05
2024-01-02,10:34:27,20.5739,27.12,25.25,3003,15140621.0,4.20856877335641e-05
2024-01-02,10:34:27,20.5785,27.12,25.25,3003,15140621.0,4.20856877335641e-05
2024-01-02,10:34:27,20.5831,27.12,25.25,3002,15140622.0,4.215305462305114e-05
2024-01-02,10:34:27,20.5874,27.12,25.25,3002,15140622.0,4.215305462305114e-05
2024-01-02,10:34:27,20.5962,27.12,25.25,3002,15140622.0,4.215305462305114e-05
2024-01-02,10:34:27,20.6008,27.12,25.25,3002,15140621.0,4.215305462305114e-05
2024-01-02,10:34:27,20.6099,27.12,25.25,3001,15140622.0,4.222052934724505e-05
2024-01-02,10:34:27,20.6145,27.12,25.25,3002,15140621.0,4.215305462305114e-05
2024-01-02,10:34:27,20.6191,27.12,25.25,3002,15140622.0,4.215305462305114e-05
2024-01-02,10:34:27,20.6237,27.12,25.25,3002,15140622.0,4.215305462305114e-05
2024-01-02,10:34:27,20.6283,27.12,25.25,3002,15140622.0,4.215305462305114e-05
2024-01-02,10:34:27,20.6329,27.12,25.25,3002,15140622.0,4.215305462305114e-05
2024-01-02,10:34:27,20.6375,27.12,25.25,3002,15140622.0,4.215305462305114e-05
2024-01-02,10:34:27,20.6421,27.12,25.25,3002,15140622.0,4.215305462305114e-05
2024-01-02,10:34:27,20.6467,27.12,25.25,3002,15140622.0,4.215305462305114e-05
2024-01-02,10:34:27,20.6513,27.12,25.25,3003,15140623.0,4.20856877335641e-05
2024-01-02,10:34:27,20.6558,27.12,25.25,3003,15140622.0,4.20856877335641e-05
2024-01-02,10:34:27,20.6604,27.12,25.25,3001,15140621.0,4.222052934724505e-05
2024-01-02,10:34:27,20.6651,27.12,25.25,3001,15140621.0,4.222052934724505e-05
2024-01-02,10:34:27,20.6697,27.12,25.25,3002,15140622.0,4.215305462305114e-05
2024-01-02,10:34:27,20.6743,27.12,25.25,3002,15140622.0,4.215305462305114e-05
2024-01-02,10:34:27,20.6789,27.12,25.25,3002,15140622.0,4.215305462305114e-05
2024-01-02,10:34:27,20.6835,27.12,25.25,3002,15140622.0,4.215305462305114e-05
2024-01-02,10:34:27,20.6881,27.12,25.25,3001,15140621.0,4.222052934724505e-05
2024-01-02,10:34:27,20.6927,27.12,25.25,3001,15140622.0,4.222052934724505e-05
2024-01-02,10:34:27,20.6973,27.12,25.25,3002,15140623.0,4.215305462305114e-05
2024-01-02,10:34:27,20.7019,27.12,25.25,3002,15140622.0,4.215305462305114e-05
2024-01-02,10:34:27,20.7065,27.12,25.25,3001,15140622.0,4.222052934724505e-05
2024-01-02,10:34:27,20.7156,27.12,25.25,3002,15140621.0,4.215305462305114e-05
2024-01-02,10:34:27,20.7202,27.12,25.25,3002,15140621.0,4.215305462305114e-05
2024-01-02,10:34:27,20.7249,27.12,25.25,3002,15140622.0,4.215305462305114e-05
2024-01-02,10:34:27,20.7294,27.12,25.25,3002,15140623.0,4.215305462305114e-05
2024-01-02,10:34:27,20.734,27.12,25.25,3002,15140623.0,4.215305462305114e-05
2024-01-02,10:34:27,20.7387,27.12,25.25,3002,15140622.0,4.215305462305114e-05
2024-01-02,10:34:27,20.7433,27.12,25.25,3002,15140621.0,4.215305462305114e-05
2024-01-02,10:34:27,20.7479,27.12,25.25,3002,15140622.0,4.215305462305114e-05
2024-01-02,10:34:27,20.7525,27.12,25.25,3002,15140622.0,4.215305462305114e-05
2024-01-02,10:34:27,20.7571,27.12,25.25,3002,15140622.0,4.215305462305114e-05
2024-01-02,10:34:27,20.7617,27.12,25.25,3002,15140621.0,4.215305462305114e-05
2024-01-02,10:34:27,20.7662,27.12,25.25,3002,15140622.0,4.215305462305114e-05
2024-01-02,10:34:27,20.7708,27.12,25.25,3002,15140622.0,4.215305462305114e-05
2024-01-02,10:34:27,20.7755,27.12,25.25,3002,15140622.0,4.215305462305114e-05
2024-01-02,10:34:27,20.7801,27.12,25.25,3002,15140622.0,4.215305462305114e-05
2024-01-02,10:34:27,20.7847,27.12,25.25,3002,15140622.0,4.215305462305114e-05
2024-01-02,10:34:27,20.7893,27.12,25.25,3002,15140622.0,4.215305462305114e-05
2024-01-02,10:34:27,20.7939,27.12,25.25,3002,15140622.0,4.215305462305114e-05
2024-01-02,10:34:27,20.7985,27.12,25.25,3002,15140622.0,4.215305462305114e-05
2024-01-02,10:34:27,20.8032,27.12,25.25,3002,15140622.0,4.215305462305114e-05
2024-01-02,10:34:27,20.8077,27.12,25.25,3002,15140622.0,4.215305462305114e-05
2024-01-02,10:34:27,20.8123,27.12,25.25,3002,15140621.0,4.215305462305114e-05
2024-01-02,10:34:27,20.8215,27.12,25.25,3001,15140624.0,4.222052934724505e-05
2024-01-02,10:34:27,20.8261,27.12,25.25,3001,15140623.0,4.222052934724505e-05
2024-01-02,10:34:27,20.8307,27.12,25.25,3002,15140622.0,4.215305462305114e-05
2024-01-02,10:34:27,20.8352,27.12,25.25,3002,15140622.0,4.215305462305114e-05
2024-01-02,10:34:27,20.8418,27.12,25.25,3002,15140622.0,4.215305462305114e-05
2024-01-02,10:34:27,20.8484,27.12,25.25,3002,15140623.0,4.215305462305114e-05
2024-01-02,10:34:27,20.853,27.12,25.25,3002,15140622.0,4.215305462305114e-05
2024-01-02,10:34:27,20.8576,27.12,25.25,3002,15140622.0,4.215305462305114e-05
2024-01-02,10:34:27,20.8621,27.12,25.25,3002,15140623.0,4.215305462305114e-05
2024-01-02,10:34:27,20.8667,27.12,25.25,3002,15140622.0,4.215305462305114e-05
2024-01-02,10:34:27,20.8713,27.12,25.25,3002,15140622.0,4.215305462305114e-05
2024-01-02,10:34:27,20.876,27.12,25.25,3002,15140622.0,4.215305462305114e-05
2024-01-02,10:34:27,20.8805,27.12,25.25,3002,15140622.0,4.215305462305114e-05
2024-01-02,10:34:27,20.8851,27.12,25.25,3001,15140621.0,4.222052934724505e-05
2024-01-02,10:34:27,20.8897,27.12,25.25,3001,15140620.0,4.222052934724505e-05
2024-01-02,10:34:27,20.8943,27.12,25.25,3002,15140622.0,4.215305462305114e-05
2024-01-02,10:34:27,20.8989,27.12,25.25,3002,15140622.0,4.215305462305114e-05
2024-01-02,10:34:27,20.9035,27.12,25.25,3002,15140622.0,4.215305462305114e-05
2024-01-02,10:34:27,20.9127,27.12,25.25,3001,15140621.0,4.222052934724505e-05
2024-01-02,10:34:27,20.9172,27.12,25.25,3002,15140622.0,4.215305462305114e-05
2024-01-02,10:34:27,20.9218,27.12,25.25,3002,15140622.0,4.215305462305114e-05
2024-01-02,10:34:27,20.9264,27.12,25.25,3001,15140622.0,4.222052934724505e-05
2024-01-02,10:34:27,20.931,27.12,25.25,3001,15140622.0,4.222052934724505e-05
2024-01-02,10:34:27,20.9356,27.12,25.25,3002,15140621.0,4.215305462305114e-05
2024-01-02,10:34:27,20.9402,27.12,25.25,3002,15140621.0,4.215305462305114e-05
2024-01-02,10:34:27,20.9447,27.12,25.25,3001,15140623.0,4.222052934724505e-05
2024-01-02,10:34:27,20.9493,27.12,25.25,3001,15140623.0,4.222052934724505e-05
2024-01-02,10:34:27,20.954,27.12,25.25,3001,15140622.0,4.222052934724505e-05
2024-01-02,10:34:27,20.9586,27.12,25.25,3001,15140622.0,4.222052934724505e-05
2024-01-02,10:34:27,20.9631,27.12,25.25,3001,15140623.0,4.222052934724505e-05
2024-01-02,10:34:27,20.9676,27.12,25.25,3001,15140622.0,4.222052934724505e-05
2024-01-02,10:34:27,20.9723,27.12,25.25,3001,15140622.0,4.222052934724505e-05
2024-01-02,10:34:27,20.977,27.12,25.25,3001,15140622.0,4.222052934724505e-05
2024-01-02,10:34:27,20.9816,27.12,25.25,3001,15140622.0,4.222052934724505e-05
2024-01-02,10:34:27,20.9862,27.12,25.25,3001,15140623.0,4.222052934724505e-05
2024-01-02,10:34:27,20.9908,27.12,25.25,3001,15140623.0,4.222052934724505e-05
2024-01-02,10:34:27,20.9954,27.12,25.25,3001,15140623.0,4.222052934724505e-05
2024-01-02,10:34:27,21.0,27.12,25.25,3002,15140623.0,4.215305462305114e-05
2024-01-02,10:34:27,21.0046,27.12,25.25,3002,15140623.0,4.215305462305114e-05
2024-01-02,10:34:27,21.0092,27.12,25.25,3003,15140621.0,4.20856877335641e-05
2024-01-02,10:34:27,21.0185,27.12,25.25,3002,15140622.0,4.215305462305114e-05
2024-01-02,10:34:27,21.023,27.12,25.25,3002,15140622.0,4.215305462305114e-05
2024-01-02,10:34:27,21.0276,27.12,25.25,3002,15140622.0,4.215305462305114e-05
2024-01-02,10:34:27,21.0323,27.12,25.25,3002,15140622.0,4.215305462305114e-05
2024-01-02,10:34:27,21.0368,27.12,25.25,3002,15140621.0,4.215305462305114e-05
2024-01-02,10:34:27,21.0414,27.12,25.25,3002,15140622.0,4.215305462305114e-05
2024-01-02,10:34:27,21.046,27.12,25.25,3002,15140622.0,4.215305462305114e-05
2024-01-02,10:34:27,21.0506,27.12,25.25,3002,15140622.0,4.215305462305114e-05
2024-01-02,10:34:27,21.0553,27.12,25.25,3002,15140622.0,4.215305462305114e-05
2024-01-02,10:34:27,21.0599,27.12,25.25,3002,15140622.0,4.215305462305114e-05
2024-01-02,10:34:27,21.0645,27.12,25.25,3003,15140621.0,4.20856877335641e-05
2024-01-02,10:34:27,21.069,27.12,25.25,3003,15140621.0,4.20856877335641e-05
2024-01-02,10:34:27,21.0737,27.12,25.25,3002,15140622.0,4.215305462305114e-05
2024-01-02,10:34:27,21.0783,27.12,25.25,3002,15140622.0,4.215305462305114e-05
2024-01-02,10:34:27,21.0828,27.12,25.25,3001,15140622.0,4.222052934724505e-05
2024-01-02,10:34:27,21.0871,27.12,25.25,3002,15140621.0,4.215305462305114e-05
2024-01-02,10:34:27,21.096,27.12,25.25,3002,15140622.0,4.215305462305114e-05
2024-01-02,10:34:27,21.1051,27.12,25.25,3001,15140621.0,4.222052934724505e-05
2024-01-02,10:34:27,21.1097,27.12,25.25,3001,15140622.0,4.222052934724505e-05
2024-01-02,10:34:27,21.1143,27.12,25.25,3002,15140622.0,4.215305462305114e-05
2024-01-02,10:34:27,21.1189,27.12,25.25,3002,15140622.0,4.215305462305114e-05
2024-01-02,10:34:27,21.1235,27.12,25.25,3001,15140622.0,4.222052934724505e-05
2024-01-02,10:34:27,21.1281,27.12,25.25,3001,15140621.0,4.222052934724505e-05
2024-01-02,10:34:27,21.1328,27.12,25.25,3002,15140622.0,4.215305462305114e-05
2024-01-02,10:34:27,21.1374,27.12,25.25,3002,15140622.0,4.215305462305114e-05
2024-01-02,10:34:27,21.1419,27.12,25.25,3002,15140622.0,4.215305462305114e-05
2024-01-02,10:34:27,21.1465,27.12,25.25,3002,15140622.0,4.215305462305114e-05
2024-01-02,10:34:27,21.1511,27.12,25.25,3002,15140622.0,4.215305462305114e-05
2024-01-02,10:34:27,21.1557,27.12,25.25,3002,15140622.0,4.215305462305114e-05
2024-01-02,10:34:27,21.1604,27.12,25.25,3002,15140622.0,4.215305462305114e-05
2024-01-02,10:34:27,21.1649,27.12,25.25,3002,15140622.0,4.215305462305114e-05
2024-01-02,10:34:27,21.1695,27.12,25.25,3001,15140622.0,4.222052934724505e-05
2024-01-02,10:34:28,21.1741,27.12,25.25,3001,15140621.0,4.222052934724505e-05
2024-01-02,10:34:28,21.1787,27.12,25.25,3002,15140622.0,4.215305462305114e-05
2024-01-02,10:34:28,21.1833,27.12,25.25,3002,15140621.0,4.215305462305114e-05
2024-01-02,10:34:28,21.1879,27.12,25.25,3002,15140622.0,4.215305462305114e-05
2024-01-02,10:34:28,21.1924,27.12,25.25,3002,15140622.0,4.215305462305114e-05
2024-01-02,10:34:28,21.197,27.12,25.25,3002,15140622.0,4.215305462305114e-05
2024-01-02,10:34:28,21.2016,27.12,25.25,3002,15140621.0,4.215305462305114e-05
2024-01-02,10:34:28,21.2108,27.12,25.25,3001,15140624.0,4.222052934724505e-05
2024-01-02,10:34:28,21.2154,27.12,25.25,3001,15140622.0,4.222052934724505e-05
2024-01-02,10:34:28,21.2199,27.12,25.25,3002,15140621.0,4.215305462305114e-05
2024-01-02,10:34:28,21.2245,27.12,25.25,3002,15140622.0,4.215305462305114e-05
2024-01-02,10:34:28,21.2292,27.12,25.25,3002,15140622.0,4.215305462305114e-05
2024-01-02,10:34:28,21.2338,27.12,25.25,3002,15140622.0,4.215305462305114e-05
2024-01-02,10:34:28,21.2384,27.12,25.25,3002,15140622.0,4.215305462305114e-05
2024-01-02,10:34:28,21.2429,27.12,25.25,3002,15140622.0,4.215305462305114e-05
2024-01-02,10:34:28,21.2475,27.12,25.25,3002,15140622.0,4.215305462305114e-05
2024-01-02,10:34:28,21.2521,27.12,25.25,3002,15140621.0,4.215305462305114e-05
2024-01-02,10:34:28,21.2567,27.12,25.25,3002,15140622.0,4.215305462305114e-05
2024-01-02,10:34:28,21.2613,27.12,25.25,3003,15140623.0,4.20856877335641e-05
2024-01-02,10:34:28,21.2659,27.12,25.25,3003,15140623.0,4.20856877335641e-05
2024-01-02,10:34:28,21.2705,27.12,25.25,3002,15140622.0,4.215305462305114e-05
2024-01-02,10:34:28,21.2751,27.12,25.25,3002,15140622.0,4.215305462305114e-05
2024-01-02,10:34:28,21.2797,27.12,25.25,3002,15140622.0,4.215305462305114e-05
2024-01-02,10:34:28,21.2843,27.12,25.25,3002,15140622.0,4.215305462305114e-05
2024-01-02,10:34:28,21.2889,27.12,25.25,3002,15140622.0,4.215305462305114e-05
2024-01-02,10:34:28,21.2935,27.12,25.25,3002,15140621.0,4.215305462305114e-05
2024-01-02,10:34:28,21.2981,27.12,25.25,3002,15140622.0,4.215305462305114e-05
2024-01-02,10:34:28,21.3026,27.12,25.25,3002,15140621.0,4.215305462305114e-05
2024-01-02,10:34:28,21.3072,27.12,25.25,3002,15140622.0,4.215305462305114e-05
2024-01-02,10:34:28,21.3164,27.12,25.25,3002,15140622.0,4.215305462305114e-05
2024-01-02,10:34:28,21.321,27.12,25.25,3002,15140622.0,4.215305462305114e-05
2024-01-02,10:34:28,21.3256,27.12,25.25,3002,15140622.0,4.215305462305114e-05
2024-01-02,10:34:28,21.3301,27.12,25.25,3001,15140623.0,4.222052934724505e-05
2024-01-02,10:34:28,21.3348,27.12,25.25,3001,15140622.0,4.222052934724505e-05
2024-01-02,10:34:28,21.3413,27.12,25.25,3002,15140621.0,4.215305462305114e-05
2024-01-02,10:34:28,21.3479,27.12,25.25,3002,15140621.0,4.215305462305114e-05
2024-01-02,10:34:28,21.3525,27.12,25.25,3002,15140622.0,4.215305462305114e-05
2024-01-02,10:34:28,21.357,27.12,25.25,3002,15140622.0,4.215305462305114e-05
2024-01-02,10:34:28,21.3617,27.12,25.25,3001,15140622.0,4.222052934724505e-05
2024-01-02,10:34:28,21.3663,27.12,25.25,3001,15140622.0,4.222052934724505e-05
2024-01-02,10:34:28,21.3708,27.12,25.25,3002,15140621.0,4.215305462305114e-05
2024-01-02,10:34:28,21.3755,27.12,25.25,3002,15140621.0,4.215305462305114e-05
2024-01-02,10:34:28,21.3801,27.12,25.25,3001,15140622.0,4.222052934724505e-05
2024-01-02,10:34:28,21.3847,27.12,25.25,3001,15140622.0,4.222052934724505e-05
2024-01-02,10:34:28,21.3893,27.12,25.25,3001,15140622.0,4.222052934724505e-05
2024-01-02,10:34:28,21.3938,27.12,25.25,3001,15140623.0,4.222052934724505e-05
2024-01-02,10:34:28,21.403,27.12,25.25,3002,15140620.0,4.215305462305114e-05
2024-01-02,10:34:28,21.4076,27.12,25.25,3001,15140622.0,4.222052934724505e-05
2024-01-02,10:34:28,21.4122,27.12,25.25,3001,15140622.0,4.222052934724505e-05
2024-01-02,10:34:28,21.4168,27.12,25.25,3002,15140622.0,4.215305462305114e-05
2024-01-02,10:34:28,21.4214,27.12,25.25,3002,15140622.0,4.215305462305114e-05
2024-01-02,10:34:28,21.426,27.12,25.25,3002,15140622.0,4.215305462305114e-05
2024-01-02,10:34:28,21.4306,27.12,25.25,3002,15140622.0,4.215305462305114e-05
2024-01-02,10:34:28,21.4352,27.12,25.25,3002,15140622.0,4.215305462305114e-05
2024-01-02,10:34:28,21.4398,27.12,25.25,3003,15140622.0,4.20856877335641e-05
2024-01-02,10:34:28,21.4444,27.12,25.25,3003,15140622.0,4.20856877335641e-05
2024-01-02,10:34:28,21.449,27.12,25.25,3002,15140622.0,4.215305462305114e-05
2024-01-02,10:34:28,21.4536,27.12,25.25,3002,15140622.0,4.215305462305114e-05
2024-01-02,10:34:28,21.4582,27.12,25.25,3002,15140622.0,4.215305462305114e-05
2024-01-02,10:34:28,21.4628,27.12,25.25,3002,15140622.0,4.215305462305114e-05
2024-01-02,10:34:28,21.4674,27.12,25.25,3002,15140622.0,4.215305462305114e-05
2024-01-02,10:34:28,21.472,27.12,25.25,3001,15140621.0,4.222052934724505e-05
2024-01-02,10:34:28,21.4766,27.12,25.25,3001,15140622.0,4.222052934724505e-05
2024-01-02,10:34:28,21.4812,27.12,25.25,3002,15140622.0,4.215305462305114e-05
2024-01-02,10:34:28,21.4858,27.12,25.25,3002,15140621.0,4.215305462305114e-05
2024-01-02,10:34:28,21.4904,27.12,25.25,3002,15140621.0,4.215305462305114e-05
2024-01-02,10:34:28,21.4949,27.12,25.25,3002,15140622.0,4.215305462305114e-05
2024-01-02,10:34:28,21.4995,27.12,25.25,3002,15140621.0,4.215305462305114e-05
2024-01-02,10:34:28,21.5086,27.12,25.25,3002,15140622.0,4.215305462305114e-05
2024-01-02,10:34:28,21.5132,27.12,25.25,3002,15140621.0,4.215305462305114e-05
2024-01-02,10:34:28,21.5179,27.12,25.25,3002,15140621.0,4.215305462305114e-05
2024-01-02,10:34:28,21.5225,27.12,25.25,3002,15140621.0,4.215305462305114e-05
2024-01-02,10:34:28,21.527,27.12,25.25,3002,15140622.0,4.215305462305114e-05
2024-01-02,10:34:28,21.5317,27.12,25.25,3001,15140622.0,4.222052934724505e-05
2024-01-02,10:34:28,21.5363,27.12,25.25,3001,15140622.0,4.222052934724505e-05
2024-01-02,10:34:28,21.5408,27.12,25.25,3002,15140621.0,4.215305462305114e-05
2024-01-02,10:34:28,21.5454,27.12,25.25,3002,15140621.0,4.215305462305114e-05
2024-01-02,10:34:28,21.55,27.12,25.25,3002,15140621.0,4.215305462305114e-05
2024-01-02,10:34:28,21.5547,27.12,25.25,3002,15140621.0,4.215305462305114e-05
2024-01-02,10:34:28,21.5593,27.12,25.25,3002,15140621.0,4.215305462305114e-05
2024-01-02,10:34:28,21.5639,27.12,25.25,3002,15140622.0,4.215305462305114e-05
2024-01-02,10:34:28,21.5685,27.12,25.25,3002,15140621.0,4.215305462305114e-05
2024-01-02,10:34:28,21.5731,27.12,25.25,3001,15140622.0,4.222052934724505e-05
2024-01-02,10:34:28,21.5776,27.19,25.25,3001,15140622.0,4.222052934724505e-05
2024-01-02,10:34:28,21.5881,27.19,25.25,3002,15140621.0,4.215305462305114e-05
2024-01-02,10:34:28,21.5985,27.19,25.25,3001,15140621.0,4.222052934724505e-05
2024-01-02,10:34:28,21.6031,27.19,25.25,3000,15140621.0,4.228811207875762e-05
2024-01-02,10:34:28,21.6078,27.19,25.25,3001,15140623.0,4.222052934724505e-05
2024-01-02,10:34:28,21.6124,27.19,25.25,3002,15140622.0,4.215305462305114e-05
2024-01-02,10:34:28,21.6169,27.19,25.25,3002,15140621.0,4.215305462305114e-05
2024-01-02,10:34:28,21.6215,27.19,25.25,3002,15140622.0,4.215305462305114e-05
2024-01-02,10:34:28,21.6261,27.19,25.25,3001,15140621.0,4.222052934724505e-05
2024-01-02,10:34:28,21.6307,27.19,25.25,3001,15140621.0,4.222052934724505e-05
2024-01-02,10:34:28,21.6353,27.19,25.25,3002,15140621.0,4.215305462305114e-05
2024-01-02,10:34:28,21.6399,27.19,25.25,3002,15140622.0,4.215305462305114e-05
2024-01-02,10:34:28,21.6445,27.19,25.25,3001,15140621.0,4.222052934724505e-05
2024-01-02,10:34:28,21.6491,27.19,25.25,3000,15140622.0,4.228811207875762e-05
2024-01-02,10:34:28,21.6536,27.19,25.25,3001,15140623.0,4.222052934724505e-05
2024-01-02,10:34:28,21.6583,27.19,25.25,3001,15140622.0,4.222052934724505e-05
2024-01-02,10:34:28,21.6676,27.19,25.25,3002,15140622.0,4.215305462305114e-05
2024-01-02,10:34:28,21.6721,27.19,25.25,3002,15140622.0,4.215305462305114e-05
2024-01-02,10:34:28,21.6766,27.19,25.25,3002,15140622.0,4.215305462305114e-05
2024-01-02,10:34:28,21.6812,27.19,25.25,3001,15140621.0,4.222052934724505e-05
2024-01-02,10:34:28,21.6859,27.19,25.25,3001,15140621.0,4.222052934724505e-05
2024-01-02,10:34:28,21.6905,27.19,25.25,3002,15140622.0,4.215305462305114e-05
2024-01-02,10:34:28,21.695,27.19,25.25,3002,15140622.0,4.215305462305114e-05
2024-01-02,10:34:28,21.6996,27.19,25.25,3002,15140622.0,4.215305462305114e-05
2024-01-02,10:34:28,21.7043,27.19,25.25,3002,15140622.0,4.215305462305114e-05
2024-01-02,10:34:28,21.7089,27.19,25.25,3002,15140622.0,4.215305462305114e-05
2024-01-02,10:34:28,21.7134,27.19,25.25,3002,15140622.0,4.215305462305114e-05
2024-01-02,10:34:28,21.718,27.19,25.25,3002,15140622.0,4.215305462305114e-05
2024-01-02,10:34:28,21.7226,27.19,25.25,3001,15140622.0,4.222052934724505e-05
2024-01-02,10:34:28,21.7273,27.19,25.25,3001,15140622.0,4.222052934724505e-05
2024-01-02,10:34:28,21.7319,27.19,25.25,3001,15140622.0,4.222052934724505e-05
2024-01-02,10:34:28,21.7364,27.19,25.25,3000,15140622.0,4.228811207875762e-05
2024-01-02,10:34:28,21.741,27.19,25.25,3001,15140622.0,4.222052934724505e-05
2024-01-02,10:34:28,21.7456,27.19,25.25,3002,15140622.0,4.215305462305114e-05
2024-01-02,10:34:28,21.7502,27.19,25.25,3001,15140622.0,4.222052934724505e-05
2024-01-02,10:34:28,21.7548,27.19,25.25,3001,15140622.0,4.222052934724505e-05
2024-01-02,10:34:28,21.7595,27.19,25.25,3002,15140622.0,4.215305462305114e-05
2024-01-02,10:34:28,21.7686,27.19,25.25,3002,15140623.0,4.215305462305114e-05
2024-01-02,10:34:28,21.7732,27.19,25.25,3002,15140621.0,4.215305462305114e-05
2024-01-02,10:34:28,21.7778,27.19,25.25,3001,15140622.0,4.222052934724505e-05
2024-01-02,10:34:28,21.7824,27.19,25.25,3001,15140622.0,4.222052934724505e-05
2024-01-02,10:34:28,21.787,27.19,25.25,3002,15140622.0,4.215305462305114e-05
2024-01-02,10:34:28,21.7916,27.19,25.25,3002,15140622.0,4.215305462305114e-05
2024-01-02,10:34:28,21.7962,27.19,25.25,3002,15140622.0,4.215305462305114e-05
2024-01-02,10:34:28,21.8007,27.19,25.25,3002,15140621.0,4.215305462305114e-05
2024-01-02,10:34:28,21.8053,27.19,25.25,3002,15140621.0,4.215305462305114e-05
2024-01-02,10:34:28,21.81,27.19,25.25,3002,15140622.0,4.215305462305114e-05
2024-01-02,10:34:28,21.8146,27.19,25.25,3002,15140621.0,4.215305462305114e-05
2024-01-02,10:34:28,21.8192,27.19,25.25,3001,15140621.0,4.222052934724505e-05
2024-01-02,10:34:28,21.8238,27.19,25.25,3000,15140622.0,4.228811207875762e-05
2024-01-02,10:34:28,21.8284,27.19,25.25,3001,15140622.0,4.222052934724505e-05
2024-01-02,10:34:28,21.8329,27.19,25.25,3001,15140622.0,4.222052934724505e-05
2024-01-02,10:34:28,21.8372,27.19,25.25,3002,15140621.0,4.215305462305114e-05
2024-01-02,10:34:28,21.846,27.19,25.25,3002,15140621.0,4.215305462305114e-05
2024-01-02,10:34:28,21.8506,27.19,25.25,3001,15140621.0,4.222052934724505e-05
2024-01-02,10:34:28,21.8598,27.19,25.25,3001,15140623.0,4.222052934724505e-05
2024-01-02,10:34:28,21.8644,27.19,25.25,3001,15140622.0,4.222052934724505e-05
2024-01-02,10:34:28,21.869,27.19,25.25,3001,15140621.0,4.222052934724505e-05
2024-01-02,10:34:28,21.8736,27.19,25.25,3001,15140622.0,4.222052934724505e-05
2024-01-02,10:34:28,21.8782,27.19,25.25,3001,15140622.0,4.222052934724505e-05
2024-01-02,10:34:28,21.8828,27.19,25.25,3001,15140622.0,4.222052934724505e-05
2024-01-02,10:34:28,21.8875,27.19,25.25,3001,15140622.0,4.222052934724505e-05
2024-01-02,10:34:28,21.892,27.19,25.25,3000,15140621.0,4.228811207875762e-05
2024-01-02,10:34:28,21.8966,27.19,25.25,3000,15140622.0,4.228811207875762e-05
2024-01-02,10:34:28,21.9013,27.19,25.25,3001,15140623.0,4.222052934724505e-05
2024-01-02,10:34:28,21.9058,27.19,25.25,3002,15140622.0,4.215305462305114e-05
2024-01-02,10:34:28,21.9104,27.19,25.25,3002,15140621.0,4.215305462305114e-05
2024-01-02,10:34:28,21.915,27.19,25.25,3001,15140622.0,4.222052934724505e-05
2024-01-02,10:34:28,21.9196,27.19,25.25,3000,15140621.0,4.228811207875762e-05
2024-01-02,10:34:28,21.9243,27.19,25.25,3001,15140621.0,4.222052934724505e-05
2024-01-02,10:34:28,21.9289,27.19,25.25,3001,15140621.0,4.222052934724505e-05
2024-01-02,10:34:28,21.9335,27.19,25.25,3000,15140622.0,4.228811207875762e-05
2024-01-02,10:34:28,21.938,27.19,25.25,3000,15140621.0,4.228811207875762e-05
2024-01-02,10:34:28,21.9427,27.19,25.25,3000,15140621.0,4.228811207875762e-05
2024-01-02,10:34:28,21.9473,27.19,25.25,3000,15140621.0,4.228811207875762e-05
2024-01-02,10:34:28,21.9519,27.19,25.25,3000,15140621.0,4.228811207875762e-05
2024-01-02,10:34:28,21.9565,27.19,25.25,3000,15140622.0,4.228811207875762e-05
2024-01-02,10:34:28,21.9657,27.19,25.25,3000,15140620.0,4.228811207875762e-05
2024-01-02,10:34:28,21.9703,27.19,25.25,3000,15140621.0,4.228811207875762e-05
2024-01-02,10:34:28,21.9749,27.19,25.25,3001,15140622.0,4.222052934724505e-05
2024-01-02,10:34:28,21.9795,27.19,25.25,3001,15140622.0,4.222052934724505e-05
2024-01-02,10:34:28,21.9841,27.19,25.25,3000,15140622.0,4.228811207875762e-05
2024-01-02,10:34:28,21.9887,27.19,25.25,3000,15140622.0,4.228811207875762e-05
2024-01-02,10:34:28,21.9933,27.19,25.25,3000,15140621.0,4.228811207875762e-05
2024-01-02,10:34:28,21.9979,27.19,25.25,3000,15140621.0,4.228811207875762e-05
2024-01-02,10:34:28,22.0025,27.19,25.25,3001,15140623.0,4.222052934724505e-05
2024-01-02,10:34:28,22.0071,27.19,25.25,3002,15140622.0,4.215305462305114e-05
2024-01-02,10:34:28,22.0117,27.19,25.25,3001,15140621.0,4.222052934724505e-05
2024-01-02,10:34:28,22.0162,27.19,25.25,3000,15140621.0,4.228811207875762e-05
2024-01-02,10:34:28,22.0209,27.19,25.25,3000,15140622.0,4.228811207875762e-05
2024-01-02,10:34:28,22.0256,27.19,25.25,3001,15140621.0,4.222052934724505e-05
2024-01-02,10:34:28,22.0302,27.19,25.25,3001,15140622.0,4.222052934724505e-05
2024-01-02,10:34:28,22.0347,27.19,25.25,3000,15140622.0,4.228811207875762e-05
2024-01-02,10:34:28,22.0393,27.19,25.25,3000,15140622.0,4.228811207875762e-05
2024-01-02,10:34:28,22.0439,27.19,25.25,3000,15140622.0,4.228811207875762e-05
2024-01-02,10:34:28,22.0484,27.19,25.25,3000,15140622.0,4.228811207875762e-05
2024-01-02,10:34:28,22.053,27.19,25.25,3000,15140622.0,4.228811207875762e-05
2024-01-02,10:34:28,22.0577,27.19,25.25,3000,15140622.0,4.228811207875762e-05
2024-01-02,10:34:28,22.0623,27.19,25.25,3000,15140622.0,4.228811207875762e-05
2024-01-02,10:34:28,22.0668,27.19,25.25,3000,15140622.0,4.228811207875762e-05
2024-01-02,10:34:28,22.076,27.19,25.25,3000,15140622.0,4.228811207875762e-05
2024-01-02,10:34:28,22.0806,27.12,25.25,3000,15140622.0,4.228811207875762e-05
2024-01-02,10:34:28,22.0852,27.12,25.25,3000,15140622.0,4.228811207875762e-05
2024-01-02,10:34:28,22.0917,27.12,25.25,3000,15140622.0,4.228811207875762e-05
2024-01-02,10:34:28,22.0983,27.12,25.25,3000,15140621.0,4.228811207875762e-05
2024-01-02,10:34:28,22.1029,27.12,25.25,3000,15140621.0,4.228811207875762e-05
2024-01-02,10:34:28,22.1076,27.12,25.25,3000,15140621.0,4.228811207875762e-05
2024-01-02,10:34:28,22.1121,27.12,25.25,3000,15140621.0,4.228811207875762e-05
2024-01-02,10:34:28,22.1166,27.12,25.25,3000,15140620.0,4.228811207875762e-05
2024-01-02,10:34:28,22.1212,27.12,25.25,3000,15140621.0,4.228811207875762e-05
2024-01-02,10:34:28,22.1259,27.12,25.25,2999,15140621.0,4.235580299047711e-05
2024-01-02,10:34:28,22.1305,27.12,25.25,2998,15140621.0,4.242360225556832e-05
2024-01-02,10:34:28,22.1351,27.12,25.25,2999,15140622.0,4.235580299047711e-05
2024-01-02,10:34:28,22.1398,27.12,25.25,3000,15140621.0,4.228811207875762e-05
2024-01-02,10:34:28,22.1444,27.12,25.25,3000,15140622.0,4.228811207875762e-05
2024-01-02,10:34:28,22.149,27.12,25.25,2999,15140622.0,4.235580299047711e-05
2024-01-02,10:34:28,22.1535,27.12,25.25,2998,15140622.0,4.242360225556832e-05
2024-01-02,10:34:28,22.1581,27.12,25.25,2998,15140621.0,4.242360225556832e-05
2024-01-02,10:34:28,22.1673,27.12,25.25,2999,15140622.0,4.235580299047711e-05
2024-01-02,10:34:28,22.1719,27.12,25.25,2999,15140622.0,4.235580299047711e-05
2024-01-02,10:34:29,22.1765,27.12,25.25,3000,15140622.0,4.228811207875762e-05
2024-01-02,10:34:29,22.1811,27.12,25.25,3000,15140621.0,4.228811207875762e-05
2024-01-02,10:34:29,22.1857,27.12,25.25,3000,15140621.0,4.228811207875762e-05
2024-01-02,10:34:29,22.1903,27.12,25.25,3000,15140622.0,4.228811207875762e-05
2024-01-02,10:34:29,22.1949,27.12,25.25,3000,15140622.0,4.228811207875762e-05
2024-01-02,10:34:29,22.1995,27.12,25.25,3000,15140622.0,4.228811207875762e-05
2024-01-02,10:34:29,22.2042,27.12,25.25,3000,15140622.0,4.228811207875762e-05
2024-01-02,10:34:29,22.2088,27.12,25.25,2999,15140621.0,4.235580299047711e-05
2024-01-02,10:34:29,22.2134,27.12,25.25,2999,15140621.0,4.235580299047711e-05
2024-01-02,10:34:29,22.218,27.12,25.25,2999,15140621.0,4.235580299047711e-05
2024-01-02,10:34:29,22.2226,27.12,25.25,2999,15140621.0,4.235580299047711e-05
2024-01-02,10:34:29,22.2272,27.12,25.25,3000,15140621.0,4.228811207875762e-05
2024-01-02,10:34:29,22.2318,27.12,25.25,3000,15140621.0,4.228811207875762e-05
2024-01-02,10:34:29,22.2364,27.12,25.25,2999,15140620.0,4.235580299047711e-05
2024-01-02,10:34:29,22.2411,27.12,25.25,2998,15140620.0,4.242360225556832e-05
2024-01-02,10:34:29,22.2457,27.12,25.25,2998,15140621.0,4.242360225556832e-05
2024-01-02,10:34:29,22.2502,27.12,25.25,2999,15140621.0,4.235580299047711e-05
2024-01-02,10:34:29,22.2548,27.12,25.25,3000,15140621.0,4.228811207875762e-05
2024-01-02,10:34:29,22.2595,27.12,25.25,2998,15140622.0,4.242360225556832e-05
2024-01-02,10:34:29,22.2641,27.12,25.25,2997,15140622.0,4.249151004747342e-05
2024-01-02,10:34:29,22.2687,27.12,25.25,2998,15140621.0,4.242360225556832e-05
2024-01-02,10:34:29,22.2779,27.12,25.25,2999,15140622.0,4.235580299047711e-05
2024-01-02,10:34:29,22.2825,27.12,25.25,2998,15140621.0,4.242360225556832e-05
2024-01-02,10:34:29,22.2871,27.12,25.25,2998,15140621.0,4.242360225556832e-05
2024-01-02,10:34:29,22.2917,27.12,25.25,2998,15140621.0,4.242360225556832e-05
2024-01-02,10:34:29,22.2963,27.12,25.25,2999,15140621.0,4.235580299047711e-05
2024-01-02,10:34:29,22.3009,27.12,25.25,3000,15140622.0,4.228811207875762e-05
2024-01-02,10:34:29,22.3056,27.12,25.25,2999,15140622.0,4.235580299047711e-05
2024-01-02,10:34:29,22.3102,27.12,25.25,2998,15140621.0,4.242360225556832e-05
2024-01-02,10:34:29,22.3147,27.12,25.25,2998,15140621.0,4.242360225556832e-05
2024-01-02,10:34:29,22.3194,27.12,25.25,2998,15140621.0,4.242360225556832e-05
2024-01-02,10:34:29,22.324,27.12,25.25,2998,15140621.0,4.242360225556832e-05
2024-01-02,10:34:29,22.3285,27.12,25.25,2998,15140621.0,4.242360225556832e-05
2024-01-02,10:34:29,22.3332,27.12,25.25,2998,15140621.0,4.242360225556832e-05
2024-01-02,10:34:29,22.3375,27.12,25.25,2998,15140621.0,4.242360225556832e-05
2024-01-02,10:34:29,22.3465,27.12,25.25,2998,15140621.0,4.242360225556832e-05
2024-01-02,10:34:29,22.3511,27.12,25.25,2998,15140620.0,4.242360225556832e-05
2024-01-02,10:34:29,22.3556,27.12,25.25,2999,15140622.0,4.235580299047711e-05
2024-01-02,10:34:29,22.3602,27.12,25.25,2999,15140621.0,4.235580299047711e-05
2024-01-02,10:34:29,22.3648,27.12,25.25,2998,15140621.0,4.242360225556832e-05
2024-01-02,10:34:29,22.374,27.12,25.25,2998,15140621.0,4.242360225556832e-05
2024-01-02,10:34:29,22.3787,27.12,25.25,2998,15140621.0,4.242360225556832e-05
2024-01-02,10:34:29,22.3833,27.12,25.25,2998,15140621.0,4.242360225556832e-05
2024-01-02,10:34:29,22.3878,27.12,25.25,2998,15140621.0,4.242360225556832e-05
2024-01-02,10:34:29,22.3924,27.12,25.25,2998,15140621.0,4.242360225556832e-05
2024-01-02,10:34:29,22.3971,27.12,25.25,2998,15140620.0,4.242360225556832e-05
2024-01-02,10:34:29,22.4017,27.12,25.25,2998,15140621.0,4.242360225556832e-05
2024-01-02,10:34:29,22.4062,27.12,25.25,2998,15140621.0,4.242360225556832e-05
2024-01-02,10:34:29,22.4108,27.12,25.25,2998,15140621.0,4.242360225556832e-05
2024-01-02,10:34:29,22.4155,27.12,25.25,2998,15140621.0,4.242360225556832e-05
2024-01-02,10:34:29,22.4201,27.12,25.25,2998,15140621.0,4.242360225556832e-05
2024-01-02,10:34:29,22.4247,27.12,25.25,2998,15140621.0,4.242360225556832e-05
2024-01-02,10:34:29,22.4293,27.12,25.25,2998,15140621.0,4.242360225556832e-05
2024-01-02,10:34:29,22.4339,27.12,25.25,2998,15140620.0,4.242360225556832e-05
2024-01-02,10:34:29,22.4384,27.12,25.25,2998,15140621.0,4.242360225556832e-05
2024-01-02,10:34:29,22.443,27.12,25.25,2997,15140621.0,4.249151004747342e-05
2024-01-02,10:34:29,22.4477,27.12,25.25,2997,15140621.0,4.249151004747342e-05
2024-01-02,10:34:29,22.4523,27.12,25.25,2999,15140620.0,4.235580299047711e-05
2024-01-02,10:34:29,22.4569,27.12,25.25,2999,15140620.0,4.235580299047711e-05
2024-01-02,10:34:29,22.4615,27.12,25.25,2998,15140620.0,4.242360225556832e-05
2024-01-02,10:34:29,22.4661,27.12,25.25,2998,15140620.0,4.242360225556832e-05
2024-01-02,10:34:29,22.4707,27.12,25.25,2998,15140619.0,4.242360225556832e-05
2024-01-02,10:34:29,22.4799,27.12,25.25,2998,15140622.0,4.242360225556832e-05
2024-01-02,10:34:29,22.4844,27.12,25.25,2998,15140621.0,4.242360225556832e-05
2024-01-02,10:34:29,22.4891,27.12,25.25,2997,15140622.0,4.249151004747342e-05
2024-01-02,10:34:29,22.4937,27.12,25.25,2997,15140621.0,4.249151004747342e-05
2024-01-02,10:34:29,22.4983,27.12,25.25,2998,15140620.0,4.242360225556832e-05
2024-01-02,10:34:29,22.503,27.12,25.25,2998,15140621.0,4.242360225556832e-05
2024-01-02,10:34:29,22.5076,27.12,25.25,2998,15140621.0,4.242360225556832e-05
2024-01-02,10:34:29,22.5121,27.12,25.25,2998,15140620.0,4.242360225556832e-05
2024-01-02,10:34:29,22.5168,27.12,25.25,2997,15140621.0,4.249151004747342e-05
2024-01-02,10:34:29,22.5214,27.12,25.25,2996,15140621.0,4.255952653991208e-05
2024-01-02,10:34:29,22.526,27.12,25.25,2997,15140620.0,4.249151004747342e-05
2024-01-02,10:34:29,22.5307,27.12,25.25,2997,15140620.0,4.249151004747342e-05
2024-01-02,10:34:29,22.5353,27.12,25.25,2997,15140621.0,4.249151004747342e-05
2024-01-02,10:34:29,22.5399,27.12,25.25,2997,15140620.0,4.249151004747342e-05
2024-01-02,10:34:29,22.5446,27.12,25.25,2997,15140620.0,4.249151004747342e-05
2024-01-02,10:34:29,22.5492,27.12,25.25,2997,15140621.0,4.249151004747342e-05
2024-01-02,10:34:29,22.5538,27.12,25.25,2997,15140621.0,4.249151004747342e-05
2024-01-02,10:34:29,22.5584,27.12,25.25,2998,15140620.0,4.242360225556832e-05
2024-01-02,10:34:29,22.563,27.12,25.25,2998,15140620.0,4.242360225556832e-05
2024-01-02,10:34:29,22.5676,27.12,25.25,2997,15140619.0,4.249151004747342e-05
2024-01-02,10:34:29,22.5723,27.12,25.25,2997,15140618.0,4.249151004747342e-05
2024-01-02,10:34:29,22.5769,27.12,25.25,2997,15140619.0,4.249151004747342e-05
2024-01-02,10:34:29,22.5873,27.19,25.25,2997,15140620.0,4.249151004747342e-05
2024-01-02,10:34:29,22.5977,27.19,25.25,2997,15140620.0,4.249151004747342e-05
2024-01-02,10:34:29,22.6023,27.19,25.25,2997,15140619.0,4.249151004747342e-05
2024-01-02,10:34:29,22.6069,27.19,25.25,2997,15140620.0,4.249151004747342e-05
2024-01-02,10:34:29,22.6116,27.19,25.25,2996,15140620.0,4.255952653991208e-05
2024-01-02,10:34:29,22.6162,27.19,25.25,2997,15140620.0,4.249151004747342e-05
2024-01-02,10:34:29,22.6208,27.19,25.25,2997,15140621.0,4.249151004747342e-05
2024-01-02,10:34:29,22.6254,27.19,25.25,2996,15140621.0,4.255952653991208e-05
2024-01-02,10:34:29,22.63,27.19,25.25,2996,15140619.0,4.255952653991208e-05
2024-01-02,10:34:29,22.6347,27.19,25.25,2997,15140620.0,4.249151004747342e-05
2024-01-02,10:34:29,22.6393,27.19,25.25,2997,15140621.0,4.249151004747342e-05
2024-01-02,10:34:29,22.6439,27.19,25.25,2996,15140620.0,4.255952653991208e-05
2024-01-02,10:34:29,22.6485,27.19,25.25,2996,15140619.0,4.255952653991208e-05
2024-01-02,10:34:29,22.6577,27.19,25.25,2997,15140620.0,4.249151004747342e-05
2024-01-02,10:34:29,22.6622,27.19,25.25,2998,15140620.0,4.242360225556832e-05
2024-01-02,10:34:29,22.6668,27.19,25.25,2997,15140621.0,4.249151004747342e-05
2024-01-02,10:34:29,22.6715,27.19,25.25,2996,15140620.0,4.255952653991208e-05
2024-01-02,10:34:29,22.6761,27.19,25.25,2996,15140620.0,4.255952653991208e-05
2024-01-02,10:34:29,22.6807,27.19,25.25,2996,15140620.0,4.255952653991208e-05
2024-01-02,10:34:29,22.6853,27.19,25.25,2997,15140619.0,4.249151004747342e-05
2024-01-02,10:34:29,22.6899,27.19,25.25,2997,15140620.0,4.249151004747342e-05
2024-01-02,10:34:29,22.6945,27.19,25.25,2996,15140620.0,4.255952653991208e-05
2024-01-02,10:34:29,22.6991,27.19,25.25,2996,15140619.0,4.255952653991208e-05
2024-01-02,10:34:29,22.7038,27.19,25.25,2997,15140618.0,4.249151004747342e-05
2024-01-02,10:34:29,22.7084,27.19,25.25,2997,15140619.0,4.249151004747342e-05
2024-01-02,10:34:29,22.713,27.19,25.25,2997,15140619.0,4.249151004747342e-05
2024-01-02,10:34:29,22.7176,27.19,25.25,2997,15140619.0,4.249151004747342e-05
2024-01-02,10:34:29,22.7221,27.19,25.25,2996,15140620.0,4.255952653991208e-05
2024-01-02,10:34:29,22.7268,27.19,25.25,2996,15140619.0,4.255952653991208e-05
2024-01-02,10:34:29,22.7314,27.19,25.25,2997,15140618.0,4.249151004747342e-05
2024-01-02,10:34:29,22.736,27.19,25.25,2997,15140619.0,4.249151004747342e-05
2024-01-02,10:34:29,22.7406,27.19,25.25,2996,15140620.0,4.255952653991208e-05
2024-01-02,10:34:29,22.7452,27.19,25.25,2996,15140619.0,4.255952653991208e-05
2024-01-02,10:34:29,22.7499,27.19,25.25,2996,15140619.0,4.255952653991208e-05
2024-01-02,10:34:29,22.7545,27.19,25.25,2996,15140619.0,4.255952653991208e-05
2024-01-02,10:34:29,22.7591,27.19,25.25,2997,15140618.0,4.249151004747342e-05
2024-01-02,10:34:29,22.7682,27.19,25.25,2997,15140622.0,4.249151004747342e-05
2024-01-02,10:34:29,22.7729,27.19,25.25,2996,15140619.0,4.255952653991208e-05
2024-01-02,10:34:29,22.7776,27.19,25.25,2996,15140619.0,4.255952653991208e-05
2024-01-02,10:34:29,22.7822,27.19,25.25,2996,15140620.0,4.255952653991208e-05
2024-01-02,10:34:29,22.7868,27.19,25.25,2996,15140620.0,4.255952653991208e-05
2024-01-02,10:34:29,22.7914,27.19,25.25,2996,15140620.0,4.255952653991208e-05
2024-01-02,10:34:29,22.796,27.19,25.25,2995,15140621.0,4.262765190688212e-05
2024-01-02,10:34:29,22.8006,27.19,25.25,2995,15140620.0,4.262765190688212e-05
2024-01-02,10:34:29,22.8052,27.19,25.25,2996,15140619.0,4.255952653991208e-05
2024-01-02,10:34:29,22.8098,27.19,25.25,2996,15140619.0,4.255952653991208e-05
2024-01-02,10:34:29,22.8144,27.19,25.25,2996,15140620.0,4.255952653991208e-05
2024-01-02,10:34:29,22.819,27.19,25.25,2997,15140620.0,4.249151004747342e-05
2024-01-02,10:34:29,22.8236,27.19,25.25,2997,15140620.0,4.249151004747342e-05
2024-01-02,10:34:29,22.8282,27.19,25.25,2995,15140618.0,4.262765190688212e-05
2024-01-02,10:34:29,22.8328,27.19,25.25,2995,15140618.0,4.262765190688212e-05
2024-01-02,10:34:29,22.8371,27.19,25.25,2994,15140619.0,4.269588632265983e-05
2024-01-02,10:34:29,22.846,27.19,25.25,2995,15140619.0,4.262765190688212e-05
2024-01-02,10:34:29,22.8506,27.19,25.25,2995,15140620.0,4.262765190688212e-05
2024-01-02,10:34:29,22.8552,27.19,25.25,2995,15140621.0,4.262765190688212e-05
2024-01-02,10:34:29,22.8644,27.19,25.25,2995,15140619.0,4.262765190688212e-05
2024-01-02,10:34:29,22.869,27.19,25.25,2994,15140620.0,4.269588632265983e-05
2024-01-02,10:34:29,22.8736,27.19,25.25,2995,15140620.0,4.262765190688212e-05
2024-01-02,10:34:29,22.8782,27.19,25.25,2996,15140620.0,4.255952653991208e-05
2024-01-02,10:34:29,22.8829,27.19,25.25,2995,15140619.0,4.262765190688212e-05
2024-01-02,10:34:29,22.8875,27.19,25.25,2995,15140618.0,4.262765190688212e-05
2024-01-02,10:34:29,22.8921,27.19,25.25,2995,15140618.0,4.262765190688212e-05
2024-01-02,10:34:29,22.8967,27.19,25.25,2995,15140618.0,4.262765190688212e-05
2024-01-02,10:34:29,22.9013,27.19,25.25,2995,15140618.0,4.262765190688212e-05
2024-01-02,10:34:29,22.906,27.19,25.25,2995,15140618.0,4.262765190688212e-05
2024-01-02,10:34:29,22.9106,27.19,25.25,2995,15140618.0,4.262765190688212e-05
2024-01-02,10:34:29,22.9152,27.19,25.25,2996,15140617.0,4.255952653991208e-05
2024-01-02,10:34:29,22.9197,27.19,25.25,2996,15140618.0,4.255952653991208e-05
2024-01-02,10:34:29,22.9243,27.19,25.25,2995,15140619.0,4.262765190688212e-05
2024-01-02,10:34:29,22.929,27.19,25.25,2995,15140619.0,4.262765190688212e-05
2024-01-02,10:34:29,22.9336,27.19,25.25,2996,15140618.0,4.255952653991208e-05
2024-01-02,10:34:29,22.9382,27.19,25.25,2996,15140618.0,4.255952653991208e-05
2024-01-02,10:34:29,22.9429,27.19,25.25,2995,15140618.0,4.262765190688212e-05
2024-01-02,10:34:29,22.9475,27.19,25.25,2995,15140617.0,4.262765190688212e-05
2024-01-02,10:34:29,22.9521,27.19,25.25,2995,15140617.0,4.262765190688212e-05
2024-01-02,10:34:29,22.9568,27.19,25.25,2995,15140618.0,4.262765190688212e-05
2024-01-02,10:34:29,22.9613,27.19,25.25,2994,15140617.0,4.269588632265983e-05
2024-01-02,10:34:29,22.9659,27.19,25.25,2995,15140618.0,4.262765190688212e-05
2024-01-02,10:34:29,22.9706,27.19,25.25,2996,15140618.0,4.255952653991208e-05
2024-01-02,10:34:29,22.9752,27.19,25.25,2995,15140618.0,4.262765190688212e-05
2024-01-02,10:34:29,22.9844,27.19,25.25,2996,15140618.0,4.255952653991208e-05
2024-01-02,10:34:29,22.989,27.19,25.25,2996,15140618.0,4.255952653991208e-05
2024-01-02,10:34:29,22.9936,27.19,25.25,2996,15140619.0,4.255952653991208e-05
2024-01-02,10:34:29,22.9982,27.19,25.25,2995,15140619.0,4.262765190688212e-05
2024-01-02,10:34:29,23.0028,27.19,25.25,2995,15140619.0,4.262765190688212e-05
2024-01-02,10:34:29,23.0075,27.19,25.25,2996,15140618.0,4.255952653991208e-05
2024-01-02,10:34:29,23.0121,27.19,25.25,2995,15140617.0,4.262765190688212e-05
2024-01-02,10:34:29,23.0167,27.19,25.25,2994,15140618.0,4.269588632265983e-05
2024-01-02,10:34:29,23.0213,27.19,25.25,2995,15140619.0,4.262765190688212e-05
2024-01-02,10:34:29,23.0259,27.19,25.25,2995,15140620.0,4.262765190688212e-05
2024-01-02,10:34:29,23.0305,27.19,25.25,2995,15140619.0,4.262765190688212e-05
2024-01-02,10:34:29,23.0351,27.19,25.25,2996,15140618.0,4.255952653991208e-05
2024-01-02,10:34:29,23.0396,27.19,25.25,2996,15140618.0,4.255952653991208e-05
2024-01-02,10:34:29,23.0443,27.19,25.25,2996,15140618.0,4.255952653991208e-05
2024-01-02,10:34:29,23.0489,27.19,25.25,2995,15140617.0,4.262765190688212e-05
2024-01-02,10:34:29,23.0534,27.19,25.25,2994,15140618.0,4.269588632265983e-05
2024-01-02,10:34:29,23.058,27.19,25.25,2994,15140618.0,4.269588632265983e-05
2024-01-02,10:34:29,23.0627,27.19,25.25,2995,15140618.0,4.262765190688212e-05
2024-01-02,10:34:29,23.0674,27.19,25.25,2995,15140618.0,4.262765190688212e-05
2024-01-02,10:34:29,23.0719,27.19,25.25,2994,15140618.0,4.269588632265983e-05
2024-01-02,10:34:29,23.0764,27.19,25.25,2994,15140618.0,4.269588632265983e-05
2024-01-02,10:34:29,23.0869,27.19,25.5,2995,15140618.0,4.262765190688212e-05
2024-01-02,10:34:29,23.0974,27.19,25.5,2995,15140618.0,4.262765190688212e-05
2024-01-02,10:34:29,23.102,27.19,25.5,2994,15140619.0,4.269588632265983e-05
2024-01-02,10:34:29,23.1067,27.19,25.5,2994,15140617.0,4.269588632265983e-05
2024-01-02,10:34:29,23.1113,27.19,25.5,2994,15140618.0,4.269588632265983e-05
2024-01-02,10:34:29,23.1159,27.19,25.5,2993,15140618.0,4.276422996180053e-05
2024-01-02,10:34:29,23.1205,27.19,25.5,2993,15140617.0,4.276422996180053e-05
2024-01-02,10:34:29,23.1252,27.19,25.5,2994,15140617.0,4.269588632265983e-05
2024-01-02,10:34:29,23.1297,27.19,25.5,2994,15140618.0,4.269588632265983e-05
2024-01-02,10:34:29,23.1344,27.19,25.5,2994,15140618.0,4.269588632265983e-05
2024-01-02,10:34:29,23.139,27.19,25.5,2995,15140617.0,4.262765190688212e-05
2024-01-02,10:34:29,23.1436,27.19,25.5,2995,15140617.0,4.262765190688212e-05
2024-01-02,10:34:29,23.1483,27.19,25.5,2995,15140617.0,4.262765190688212e-05
2024-01-02,10:34:29,23.1574,27.19,25.5,2994,15140618.0,4.269588632265983e-05
2024-01-02,10:34:29,23.1621,27.19,25.5,2994,15140618.0,4.269588632265983e-05
2024-01-02,10:34:29,23.1667,27.19,25.5,2995,15140616.0,4.262765190688212e-05
2024-01-02,10:34:29,23.1713,27.19,25.5,2995,15140616.0,4.262765190688212e-05
2024-01-02,10:34:30,23.1759,27.19,25.5,2994,15140618.0,4.269588632265983e-05
2024-01-02,10:34:30,23.1805,27.19,25.5,2994,15140618.0,4.269588632265983e-05
2024-01-02,10:34:30,23.1852,27.19,25.5,2994,15140617.0,4.269588632265983e-05
2024-01-02,10:34:30,23.1898,27.19,25.5,2994,15140618.0,4.269588632265983e-05
2024-01-02,10:34:30,23.1944,27.19,25.5,2995,15140617.0,4.262765190688212e-05
2024-01-02,10:34:30,23.199,27.19,25.5,2995,15140616.0,4.262765190688212e-05
2024-01-02,10:34:30,23.2036,27.19,25.5,2994,15140617.0,4.269588632265983e-05
2024-01-02,10:34:30,23.2082,27.19,25.5,2994,15140618.0,4.269588632265983e-05
2024-01-02,10:34:30,23.2129,27.19,25.5,2994,15140618.0,4.269588632265983e-05
2024-01-02,10:34:30,23.2174,27.19,25.5,2994,15140617.0,4.269588632265983e-05
2024-01-02,10:34:30,23.222,27.19,25.5,2994,15140617.0,4.269588632265983e-05
2024-01-02,10:34:30,23.2267,27.19,25.5,2994,15140617.0,4.269588632265983e-05
2024-01-02,10:34:30,23.2313,27.19,25.5,2994,15140618.0,4.269588632265983e-05
2024-01-02,10:34:30,23.2359,27.19,25.5,2994,15140618.0,4.269588632265983e-05
2024-01-02,10:34:30,23.2404,27.19,25.5,2994,15140618.0,4.269588632265983e-05
2024-01-02,10:34:30,23.245,27.19,25.5,2994,15140618.0,4.269588632265983e-05
2024-01-02,10:34:30,23.2497,27.19,25.5,2994,15140618.0,4.269588632265983e-05
2024-01-02,10:34:30,23.2543,27.19,25.5,2994,15140617.0,4.269588632265983e-05
2024-01-02,10:34:30,23.2589,27.19,25.5,2994,15140617.0,4.269588632265983e-05
2024-01-02,10:34:30,23.2681,27.19,25.5,2994,15140619.0,4.269588632265983e-05
2024-01-02,10:34:30,23.2727,27.19,25.5,2993,15140617.0,4.276422996180053e-05
2024-01-02,10:34:30,23.2773,27.19,25.5,2993,15140617.0,4.276422996180053e-05
2024-01-02,10:34:30,23.282,27.19,25.5,2994,15140617.0,4.269588632265983e-05
2024-01-02,10:34:30,23.2865,27.19,25.5,2994,15140617.0,4.269588632265983e-05
2024-01-02,10:34:30,23.2911,27.19,25.5,2994,15140618.0,4.269588632265983e-05
2024-01-02,10:34:30,23.2958,27.19,25.5,2994,15140617.0,4.269588632265983e-05
2024-01-02,10:34:30,23.3004,27.19,25.5,2994,15140617.0,4.269588632265983e-05
2024-01-02,10:34:30,23.3051,27.19,25.5,2994,15140618.0,4.269588632265983e-05
2024-01-02,10:34:30,23.3097,27.19,25.5,2994,15140617.0,4.269588632265983e-05
2024-01-02,10:34:30,23.3143,27.19,25.5,2994,15140617.0,4.269588632265983e-05
2024-01-02,10:34:30,23.3189,27.19,25.5,2993,15140617.0,4.276422996180053e-05
2024-01-02,10:34:30,23.3235,27.19,25.5,2993,15140617.0,4.276422996180053e-05
2024-01-02,10:34:30,23.3281,27.19,25.5,2993,15140616.0,4.276422996180053e-05
2024-01-02,10:34:30,23.3328,27.19,25.5,2993,15140613.0,4.276422996180053e-05
2024-01-02,10:34:30,23.337,27.19,25.5,2992,15140617.0,4.283268299913885e-05
2024-01-02,10:34:30,23.3459,27.19,25.5,2992,15140618.0,4.283268299913885e-05
2024-01-02,10:34:30,23.3506,27.19,25.5,2992,15140617.0,4.283268299913885e-05
2024-01-02,10:34:30,23.3552,27.19,25.5,2992,15140617.0,4.283268299913885e-05
2024-01-02,10:34:30,23.3597,27.19,25.5,2993,15140617.0,4.276422996180053e-05
2024-01-02,10:34:30,23.3689,27.19,25.5,2992,15140618.0,4.283268299913885e-05
2024-01-02,10:34:30,23.3735,27.19,25.5,2993,15140618.0,4.276422996180053e-05
2024-01-02,10:34:30,23.3782,27.19,25.5,2994,15140617.0,4.269588632265983e-05
2024-01-02,10:34:30,23.3828,27.19,25.5,2993,15140617.0,4.276422996180053e-05
2024-01-02,10:34:30,23.3874,27.19,25.5,2993,15140616.0,4.276422996180053e-05
2024-01-02,10:34:30,23.3921,27.19,25.5,2993,15140616.0,4.276422996180053e-05
2024-01-02,10:34:30,23.3967,27.19,25.5,2993,15140617.0,4.276422996180053e-05
2024-01-02,10:34:30,23.4012,27.19,25.5,2994,15140618.0,4.269588632265983e-05
2024-01-02,10:34:30,23.4059,27.19,25.5,2993,15140618.0,4.276422996180053e-05
2024-01-02,10:34:30,23.4105,27.19,25.5,2992,15140617.0,4.283268299913885e-05
2024-01-02,10:34:30,23.4151,27.19,25.5,2993,15140618.0,4.276422996180053e-05
2024-01-02,10:34:30,23.4197,27.19,25.5,2993,15140618.0,4.276422996180053e-05
2024-01-02,10:34:30,23.4244,27.19,25.5,2993,15140617.0,4.276422996180053e-05
2024-01-02,10:34:30,23.429,27.19,25.5,2993,15140617.0,4.276422996180053e-05
2024-01-02,10:34:30,23.4336,27.19,25.5,2992,15140618.0,4.283268299913885e-05
2024-01-02,10:34:30,23.4383,27.19,25.5,2992,15140617.0,4.283268299913885e-05
2024-01-02,10:34:30,23.4429,27.19,25.5,2993,15140616.0,4.276422996180053e-05
2024-01-02,10:34:30,23.4475,27.19,25.5,2993,15140617.0,4.276422996180053e-05
2024-01-02,10:34:30,23.4521,27.19,25.5,2993,15140617.0,4.276422996180053e-05
2024-01-02,10:34:30,23.4567,27.19,25.5,2993,15140616.0,4.276422996180053e-05
2024-01-02,10:34:30,23.4614,27.19,25.5,2992,15140616.0,4.283268299913885e-05
2024-01-02,10:34:30,23.466,27.19,25.5,2993,15140617.0,4.276422996180053e-05
2024-01-02,10:34:30,23.4706,27.19,25.5,2994,15140617.0,4.269588632265983e-05
2024-01-02,10:34:30,23.4752,27.19,25.5,2993,15140617.0,4.276422996180053e-05
2024-01-02,10:34:30,23.4798,27.19,25.5,2992,15140617.0,4.283268299913885e-05
2024-01-02,10:34:30,23.489,27.19,25.5,2993,15140616.0,4.276422996180053e-05
2024-01-02,10:34:30,23.4936,27.19,25.5,2993,15140616.0,4.276422996180053e-05
2024-01-02,10:34:30,23.4983,27.19,25.5,2992,15140617.0,4.283268299913885e-05
2024-01-02,10:34:30,23.5029,27.19,25.5,2992,15140617.0,4.283268299913885e-05
2024-01-02,10:34:30,23.5075,27.19,25.5,2992,15140618.0,4.283268299913885e-05
2024-01-02,10:34:30,23.5121,27.19,25.5,2992,15140617.0,4.283268299913885e-05
2024-01-02,10:34:30,23.5168,27.19,25.5,2993,15140616.0,4.276422996180053e-05
2024-01-02,10:34:30,23.5214,27.19,25.5,2993,15140616.0,4.276422996180053e-05
2024-01-02,10:34:30,23.526,27.19,25.5,2992,15140617.0,4.283268299913885e-05
2024-01-02,10:34:30,23.5305,27.19,25.5,2992,15140617.0,4.283268299913885e-05
2024-01-02,10:34:30,23.5351,27.19,25.5,2992,15140618.0,4.283268299913885e-05
2024-01-02,10:34:30,23.5398,27.19,25.5,2992,15140617.0,4.283268299913885e-05
2024-01-02,10:34:30,23.5444,27.19,25.5,2993,15140616.0,4.276422996180053e-05
2024-01-02,10:34:30,23.549,27.19,25.5,2993,15140616.0,4.276422996180053e-05
2024-01-02,10:34:30,23.5537,27.19,25.5,2992,15140616.0,4.283268299913885e-05
2024-01-02,10:34:30,23.5583,27.19,25.5,2992,15140617.0,4.283268299913885e-05
2024-01-02,10:34:30,23.5629,27.19,25.5,2992,15140616.0,4.283268299913885e-05
2024-01-02,10:34:30,23.5675,27.19,25.5,2991,15140616.0,4.290124560978941e-05
2024-01-02,10:34:30,23.5721,27.19,25.5,2992,15140616.0,4.283268299913885e-05
2024-01-02,10:34:30,23.5767,27.19,25.5,2993,15140617.0,4.276422996180053e-05
2024-01-02,10:34:30,23.5872,27.25,25.25,2992,15140617.0,4.283268299913885e-05
2024-01-02,10:34:30,23.5977,27.25,25.25,2991,15140616.0,4.290124560978941e-05
2024-01-02,10:34:30,23.6024,27.25,25.25,2992,15140615.0,4.283268299913885e-05
2024-01-02,10:34:30,23.6069,27.25,25.25,2993,15140615.0,4.276422996180053e-05
2024-01-02,10:34:30,23.6116,27.25,25.25,2992,15140617.0,4.283268299913885e-05
2024-01-02,10:34:30,23.6162,27.25,25.25,2991,15140616.0,4.290124560978941e-05
2024-01-02,10:34:30,23.6208,27.25,25.25,2991,15140616.0,4.290124560978941e-05
2024-01-02,10:34:30,23.6254,27.25,25.25,2991,15140616.0,4.290124560978941e-05
2024-01-02,10:34:30,23.6301,27.25,25.25,2992,15140615.0,4.283268299913885e-05
2024-01-02,10:34:30,23.6347,27.25,25.25,2993,15140616.0,4.276422996180053e-05
2024-01-02,10:34:30,23.6393,27.25,25.25,2992,15140617.0,4.283268299913885e-05
2024-01-02,10:34:30,23.6439,27.25,25.25,2992,15140617.0,4.283268299913885e-05
2024-01-02,10:34:30,23.6485,27.25,25.25,2992,15140616.0,4.283268299913885e-05
2024-01-02,10:34:30,23.6532,27.25,25.25,2991,15140616.0,4.290124560978941e-05
2024-01-02,10:34:30,23.6578,27.25,25.25,2992,15140616.0,4.283268299913885e-05
2024-01-02,10:34:30,23.667,27.25,25.25,2991,15140618.0,4.290124560978941e-05
2024-01-02,10:34:30,23.6715,27.25,25.25,2991,15140617.0,4.290124560978941e-05
2024-01-02,10:34:30,23.6762,27.25,25.25,2991,15140616.0,4.290124560978941e-05
2024-01-02,10:34:30,23.6809,27.25,25.25,2992,15140617.0,4.283268299913885e-05
2024-01-02,10:34:30,23.6855,27.25,25.25,2992,15140617.0,4.283268299913885e-05
2024-01-02,10:34:30,23.6901,27.25,25.25,2991,15140617.0,4.290124560978941e-05
2024-01-02,10:34:30,23.6948,27.25,25.25,2991,15140617.0,4.290124560978941e-05
2024-01-02,10:34:30,23.6994,27.25,25.25,2991,15140616.0,4.290124560978941e-05
2024-01-02,10:34:30,23.704,27.25,25.25,2991,15140615.0,4.290124560978941e-05
2024-01-02,10:34:30,23.7086,27.25,25.25,2992,15140617.0,4.283268299913885e-05
2024-01-02,10:34:30,23.7132,27.25,25.25,2992,15140617.0,4.283268299913885e-05
2024-01-02,10:34:30,23.7179,27.25,25.25,2992,15140616.0,4.283268299913885e-05
2024-01-02,10:34:30,23.7225,27.25,25.25,2992,15140616.0,4.283268299913885e-05
2024-01-02,10:34:30,23.7271,27.25,25.25,2991,15140616.0,4.290124560978941e-05
2024-01-02,10:34:30,23.7317,27.25,25.25,2991,15140616.0,4.290124560978941e-05
2024-01-02,10:34:30,23.7363,27.25,25.25,2991,15140616.0,4.290124560978941e-05
2024-01-02,10:34:30,23.741,27.25,25.25,2991,15140616.0,4.290124560978941e-05
2024-01-02,10:34:30,23.7456,27.25,25.25,2991,15140616.0,4.290124560978941e-05
2024-01-02,10:34:30,23.7502,27.25,25.25,2991,15140616.0,4.290124560978941e-05
2024-01-02,10:34:30,23.7548,27.25,25.25,2991,15140616.0,4.290124560978941e-05
2024-01-02,10:34:30,23.7595,27.25,25.25,2991,15140616.0,4.290124560978941e-05
2024-01-02,10:34:30,23.7641,27.25,25.25,2992,15140617.0,4.283268299913885e-05
2024-01-02,10:34:30,23.7687,27.25,25.25,2992,15140616.0,4.283268299913885e-05
2024-01-02,10:34:30,23.7733,27.25,25.25,2991,15140616.0,4.290124560978941e-05
2024-01-02,10:34:30,23.778,27.25,25.25,2990,15140616.0,4.296991796914701e-05
2024-01-02,10:34:30,23.7872,27.25,25.25,2991,15140616.0,4.290124560978941e-05
2024-01-02,10:34:30,23.7918,27.25,25.25,2991,15140616.0,4.290124560978941e-05
2024-01-02,10:34:30,23.7964,27.25,25.25,2990,15140617.0,4.296991796914701e-05
2024-01-02,10:34:30,23.8011,27.25,25.25,2990,15140617.0,4.296991796914701e-05
2024-01-02,10:34:30,23.8057,27.25,25.25,2991,15140616.0,4.290124560978941e-05
2024-01-02,10:34:30,23.8103,27.25,25.25,2991,15140616.0,4.290124560978941e-05
2024-01-02,10:34:30,23.8149,27.25,25.25,2991,15140616.0,4.290124560978941e-05
2024-01-02,10:34:30,23.8195,27.25,25.25,2992,15140616.0,4.283268299913885e-05
2024-01-02,10:34:30,23.8241,27.25,25.25,2991,15140617.0,4.290124560978941e-05
2024-01-02,10:34:30,23.8287,27.25,25.25,2990,15140616.0,4.296991796914701e-05
2024-01-02,10:34:30,23.8334,27.25,25.25,2991,15140615.0,4.290124560978941e-05
2024-01-02,10:34:30,23.8377,27.25,25.25,2990,15140616.0,4.296991796914701e-05
2024-01-02,10:34:30,23.8467,27.25,25.25,2990,15140616.0,4.296991796914701e-05
2024-01-02,10:34:30,23.8512,27.25,25.25,2991,15140615.0,4.290124560978941e-05
2024-01-02,10:34:30,23.8559,27.25,25.25,2991,15140615.0,4.290124560978941e-05
2024-01-02,10:34:30,23.8606,27.25,25.25,2990,15140616.0,4.296991796914701e-05
2024-01-02,10:34:30,23.8652,27.25,25.25,2990,15140616.0,4.296991796914701e-05
2024-01-02,10:34:30,23.8698,27.25,25.25,2990,15140615.0,4.296991796914701e-05
2024-01-02,10:34:30,23.8744,27.25,25.25,2990,15140616.0,4.296991796914701e-05
2024-01-02,10:34:30,23.879,27.25,25.25,2990,15140616.0,4.296991796914701e-05
2024-01-02,10:34:30,23.8836,27.25,25.25,2990,15140616.0,4.296991796914701e-05
2024-01-02,10:34:30,23.8928,27.25,25.25,2990,15140616.0,4.296991796914701e-05
2024-01-02,10:34:30,23.8974,27.25,25.25,2990,15140616.0,4.296991796914701e-05
2024-01-02,10:34:30,23.902,27.25,25.25,2989,15140616.0,4.30387002528873e-05
2024-01-02,10:34:30,23.9067,27.25,25.25,2989,15140616.0,4.30387002528873e-05
2024-01-02,10:34:30,23.9113,27.25,25.25,2990,15140615.0,4.296991796914701e-05
2024-01-02,10:34:30,23.9159,27.25,25.25,2990,15140616.0,4.296991796914701e-05
2024-01-02,10:34:30,23.9205,27.25,25.25,2990,15140616.0,4.296991796914701e-05
2024-01-02,10:34:30,23.9252,27.25,25.25,2990,15140616.0,4.296991796914701e-05
2024-01-02,10:34:30,23.9298,27.25,25.25,2989,15140615.0,4.30387002528873e-05
2024-01-02,10:34:30,23.9344,27.25,25.25,2989,15140616.0,4.30387002528873e-05
2024-01-02,10:34:30,23.939,27.25,25.25,2989,15140616.0,4.30387002528873e-05
2024-01-02,10:34:30,23.9437,27.25,25.25,2990,15140614.0,4.296991796914701e-05
2024-01-02,10:34:30,23.9483,27.25,25.25,2990,15140615.0,4.296991796914701e-05
2024-01-02,10:34:30,23.9529,27.25,25.25,2990,15140615.0,4.296991796914701e-05
2024-01-02,10:34:30,23.9576,27.25,25.25,2990,15140615.0,4.296991796914701e-05
2024-01-02,10:34:30,23.9622,27.25,25.25,2989,15140616.0,4.30387002528873e-05
2024-01-02,10:34:30,23.9668,27.25,25.25,2989,15140615.0,4.30387002528873e-05
2024-01-02,10:34:30,23.9714,27.25,25.25,2989,15140614.0,4.30387002528873e-05
2024-01-02,10:34:30,23.976,27.25,25.25,2989,15140615.0,4.30387002528873e-05
2024-01-02,10:34:30,23.9806,27.25,25.25,2989,15140616.0,4.30387002528873e-05
2024-01-02,10:34:30,23.9852,27.25,25.25,2989,15140616.0,4.30387002528873e-05
2024-01-02,10:34:30,23.9899,27.25,25.25,2989,15140615.0,4.30387002528873e-05
2024-01-02,10:34:30,23.9946,27.25,25.25,2989,15140615.0,4.30387002528873e-05
2024-01-02,10:34:30,23.9992,27.25,25.25,2989,15140614.0,4.30387002528873e-05
2024-01-02,10:34:30,24.0038,27.25,25.25,2989,15140615.0,4.30387002528873e-05
2024-01-02,10:34:30,24.013,27.25,25.25,2990,15140615.0,4.296991796914701e-05
2024-01-02,10:34:30,24.0176,27.25,25.25,2990,15140615.0,4.296991796914701e-05
2024-01-02,10:34:30,24.0222,27.25,25.25,2989,15140614.0,4.30387002528873e-05
2024-01-02,10:34:30,24.0268,27.25,25.25,2989,15140614.0,4.30387002528873e-05
2024-01-02,10:34:30,24.0315,27.25,25.25,2989,15140616.0,4.30387002528873e-05
2024-01-02,10:34:30,24.0361,27.25,25.25,2988,15140617.0,4.310759263696707e-05
2024-01-02,10:34:30,24.0407,27.25,25.25,2988,15140615.0,4.310759263696707e-05
2024-01-02,10:34:30,24.0453,27.25,25.25,2988,15140615.0,4.310759263696707e-05
2024-01-02,10:34:30,24.05,27.25,25.25,2988,15140616.0,4.310759263696707e-05
2024-01-02,10:34:30,24.0546,27.25,25.25,2989,15140615.0,4.30387002528873e-05
2024-01-02,10:34:30,24.0593,27.25,25.25,2989,15140615.0,4.30387002528873e-05
2024-01-02,10:34:30,24.064,27.25,25.25,2988,15140615.0,4.310759263696707e-05
2024-01-02,10:34:30,24.0686,27.25,25.25,2988,15140616.0,4.310759263696707e-05
2024-01-02,10:34:30,24.0732,27.25,25.25,2989,15140615.0,4.30387002528873e-05
2024-01-02,10:34:30,24.0779,27.25,25.25,2989,15140615.0,4.30387002528873e-05
2024-01-02,10:34:30,24.0824,27.25,25.25,2989,15140616.0,4.30387002528873e-05
2024-01-02,10:34:30,24.0867,27.19,25.25,2988,15140616.0,4.310759263696707e-05
2024-01-02,10:34:30,24.0956,27.19,25.25,2988,15140616.0,4.310759263696707e-05
2024-01-02,10:34:30,24.1003,27.19,25.25,2988,15140616.0,4.310759263696707e-05
2024-01-02,10:34:30,24.1049,27.19,25.25,2987,15140615.0,4.317659529762484e-05
2024-01-02,10:34:30,24.1095,27.19,25.25,2987,15140614.0,4.317659529762484e-05
2024-01-02,10:34:30,24.1188,27.19,25.25,2988,15140616.0,4.310759263696707e-05
2024-01-02,10:34:30,24.1234,27.19,25.25,2988,15140615.0,4.310759263696707e-05
2024-01-02,10:34:30,24.128,27.19,25.25,2988,15140616.0,4.310759263696707e-05
2024-01-02,10:34:30,24.1326,27.19,25.25,2987,15140615.0,4.317659529762484e-05
2024-01-02,10:34:30,24.1372,27.19,25.25,2987,15140614.0,4.317659529762484e-05
2024-01-02,10:34:30,24.1419,27.19,25.25,2987,15140614.0,4.317659529762484e-05
2024-01-02,10:34:30,24.1466,27.19,25.25,2987,15140615.0,4.317659529762484e-05
2024-01-02,10:34:30,24.1512,27.19,25.25,2987,15140614.0,4.317659529762484e-05
2024-01-02,10:34:30,24.1558,27.19,25.25,2987,15140614.0,4.317659529762484e-05
2024-01-02,10:34:30,24.1605,27.19,25.25,2987,15140615.0,4.317659529762484e-05
2024-01-02,10:34:30,24.1652,27.19,25.25,2987,15140615.0,4.317659529762484e-05
2024-01-02,10:34:30,24.1698,27.19,25.25,2987,15140615.0,4.317659529762484e-05
2024-01-02,10:34:31,24.1744,27.19,25.25,2987,15140614.0,4.317659529762484e-05
2024-01-02,10:34:31,24.179,27.19,25.25,2988,15140615.0,4.310759263696707e-05
2024-01-02,10:34:31,24.1836,27.19,25.25,2989,15140615.0,4.30387002528873e-05
2024-01-02,10:34:31,24.1883,27.19,25.25,2988,15140614.0,4.310759263696707e-05
2024-01-02,10:34:31,24.1929,27.19,25.25,2987,15140615.0,4.317659529762484e-05
2024-01-02,10:34:31,24.1975,27.19,25.25,2987,15140615.0,4.317659529762484e-05
2024-01-02,10:34:31,24.2022,27.19,25.25,2987,15140614.0,4.317659529762484e-05
2024-01-02,10:34:31,24.2068,27.19,25.25,2988,15140615.0,4.310759263696707e-05
2024-01-02,10:34:31,24.2114,27.19,25.25,2988,15140615.0,4.310759263696707e-05
2024-01-02,10:34:31,24.216,27.19,25.25,2987,15140614.0,4.317659529762484e-05
2024-01-02,10:34:31,24.2206,27.19,25.25,2987,15140614.0,4.317659529762484e-05
2024-01-02,10:34:31,24.2252,27.19,25.25,2987,15140615.0,4.317659529762484e-05
2024-01-02,10:34:31,24.2299,27.19,25.25,2987,15140614.0,4.317659529762484e-05
2024-01-02,10:34:31,24.2345,27.19,25.25,2987,15140614.0,4.317659529762484e-05
2024-01-02,10:34:31,24.2437,27.19,25.25,2987,15140614.0,4.317659529762484e-05
2024-01-02,10:34:31,24.2483,27.19,25.25,2987,15140615.0,4.317659529762484e-05
2024-01-02,10:34:31,24.2529,27.19,25.25,2986,15140613.0,4.324570841138112e-05
2024-01-02,10:34:31,24.2576,27.19,25.25,2986,15140614.0,4.324570841138112e-05
2024-01-02,10:34:31,24.2622,27.19,25.25,2987,15140614.0,4.317659529762484e-05
2024-01-02,10:34:31,24.2668,27.19,25.25,2987,15140614.0,4.317659529762484e-05
2024-01-02,10:34:31,24.2715,27.19,25.25,2987,15140614.0,4.317659529762484e-05
2024-01-02,10:34:31,24.2762,27.19,25.25,2986,15140615.0,4.324570841138112e-05
2024-01-02,10:34:31,24.2807,27.19,25.25,2986,15140614.0,4.324570841138112e-05
2024-01-02,10:34:31,24.2853,27.19,25.25,2987,15140614.0,4.317659529762484e-05
2024-01-02,10:34:31,24.29,27.19,25.25,2987,15140615.0,4.317659529762484e-05
2024-01-02,10:34:31,24.2946,27.19,25.25,2987,15140615.0,4.317659529762484e-05
2024-01-02,10:34:31,24.2992,27.19,25.25,2986,15140613.0,4.324570841138112e-05
2024-01-02,10:34:31,24.3038,27.19,25.25,2986,15140614.0,4.324570841138112e-05
2024-01-02,10:34:31,24.3085,27.19,25.25,2987,15140614.0,4.317659529762484e-05
2024-01-02,10:34:31,24.3132,27.19,25.25,2986,15140615.0,4.324570841138112e-05
2024-01-02,10:34:31,24.3178,27.19,25.25,2985,15140614.0,4.331493215503914e-05
2024-01-02,10:34:31,24.3224,27.19,25.25,2986,15140613.0,4.324570841138112e-05
2024-01-02,10:34:31,24.327,27.19,25.25,2986,15140613.0,4.324570841138112e-05
2024-01-02,10:34:31,24.3376,27.19,25.25,2986,15140613.0,4.324570841138112e-05
2024-01-02,10:34:31,24.3483,27.19,25.25,2987,15140615.0,4.317659529762484e-05
2024-01-02,10:34:31,24.3529,27.19,25.25,2986,15140615.0,4.324570841138112e-05
2024-01-02,10:34:31,24.3574,27.19,25.25,2985,15140614.0,4.331493215503914e-05
2024-01-02,10:34:31,24.362,27.19,25.25,2986,15140613.0,4.324570841138112e-05
2024-01-02,10:34:31,24.3667,27.19,25.25,2986,15140614.0,4.324570841138112e-05
2024-01-02,10:34:31,24.3714,27.19,25.25,2985,15140614.0,4.331493215503914e-05
2024-01-02,10:34:31,24.376,27.19,25.25,2985,15140614.0,4.331493215503914e-05
2024-01-02,10:34:31,24.3806,27.19,25.25,2985,15140614.0,4.331493215503914e-05
2024-01-02,10:34:31,24.3852,27.19,25.25,2985,15140614.0,4.331493215503914e-05
2024-01-02,10:34:31,24.3899,27.19,25.25,2985,15140614.0,4.331493215503914e-05
2024-01-02,10:34:31,24.3945,27.19,25.25,2985,15140615.0,4.331493215503914e-05
2024-01-02,10:34:31,24.3991,27.19,25.25,2985,15140613.0,4.331493215503914e-05
2024-01-02,10:34:31,24.4037,27.19,25.25,2985,15140612.0,4.331493215503914e-05
2024-01-02,10:34:31,24.4084,27.19,25.25,2986,15140612.0,4.324570841138112e-05
2024-01-02,10:34:31,24.413,27.19,25.25,2986,15140613.0,4.324570841138112e-05
2024-01-02,10:34:31,24.4176,27.19,25.25,2985,15140613.0,4.331493215503914e-05
2024-01-02,10:34:31,24.4222,27.19,25.25,2985,15140614.0,4.331493215503914e-05
2024-01-02,10:34:31,24.4315,27.19,25.25,2985,15140613.0,4.331493215503914e-05
2024-01-02,10:34:31,24.4361,27.19,25.25,2985,15140613.0,4.331493215503914e-05
2024-01-02,10:34:31,24.4408,27.19,25.25,2985,15140613.0,4.331493215503914e-05
2024-01-02,10:34:31,24.4454,27.19,25.25,2985,15140613.0,4.331493215503914e-05
2024-01-02,10:34:31,24.45,27.19,25.25,2985,15140614.0,4.331493215503914e-05
2024-01-02,10:34:31,24.4547,27.19,25.25,2985,15140614.0,4.331493215503914e-05
2024-01-02,10:34:31,24.4593,27.19,25.25,2985,15140613.0,4.331493215503914e-05
2024-01-02,10:34:31,24.4639,27.19,25.25,2985,15140613.0,4.331493215503914e-05
2024-01-02,10:34:31,24.4685,27.19,25.25,2985,15140612.0,4.331493215503914e-05
2024-01-02,10:34:31,24.4731,27.19,25.25,2985,15140613.0,4.331493215503914e-05
2024-01-02,10:34:31,24.4778,27.19,25.25,2985,15140614.0,4.331493215503914e-05
2024-01-02,10:34:31,24.4825,27.19,25.25,2985,15140613.0,4.331493215503914e-05
2024-01-02,10:34:31,24.4871,27.19,25.25,2985,15140613.0,4.331493215503914e-05
2024-01-02,10:34:31,24.4917,27.19,25.25,2985,15140613.0,4.331493215503914e-05
2024-01-02,10:34:31,24.4963,27.19,25.25,2984,15140613.0,4.338426670568495e-05
2024-01-02,10:34:31,24.5009,27.19,25.25,2983,15140613.0,4.345371224068825e-05
2024-01-02,10:34:31,24.5056,27.19,25.25,2983,15140614.0,4.345371224068825e-05
2024-01-02,10:34:31,24.5102,27.19,25.25,2983,15140614.0,4.345371224068825e-05
2024-01-02,10:34:31,24.5148,27.19,25.25,2984,15140613.0,4.338426670568495e-05
2024-01-02,10:34:31,24.5195,27.19,25.25,2985,15140612.0,4.331493215503914e-05
2024-01-02,10:34:31,24.5241,27.19,25.25,2984,15140612.0,4.338426670568495e-05
2024-01-02,10:34:31,24.5288,27.19,25.25,2983,15140613.0,4.345371224068825e-05
2024-01-02,10:34:31,24.5334,27.19,25.25,2983,15140612.0,4.345371224068825e-05
2024-01-02,10:34:31,24.538,27.19,25.25,2984,15140612.0,4.338426670568495e-05
2024-01-02,10:34:31,24.5427,27.19,25.25,2984,15140612.0,4.338426670568495e-05
2024-01-02,10:34:31,24.5474,27.19,25.25,2983,15140612.0,4.345371224068825e-05
2024-01-02,10:34:31,24.552,27.19,25.25,2984,15140613.0,4.338426670568495e-05
2024-01-02,10:34:31,24.5612,27.19,25.25,2983,15140612.0,4.345371224068825e-05
2024-01-02,10:34:31,24.5659,27.19,25.25,2983,15140612.0,4.345371224068825e-05
2024-01-02,10:34:31,24.5705,27.19,25.25,2983,15140612.0,4.345371224068825e-05
2024-01-02,10:34:31,24.5751,27.19,25.25,2983,15140613.0,4.345371224068825e-05
2024-01-02,10:34:31,24.5797,27.19,25.25,2983,15140613.0,4.345371224068825e-05
2024-01-02,10:34:31,24.5844,27.19,25.25,2983,15140612.0,4.345371224068825e-05
2024-01-02,10:34:31,24.5887,27.19,25.25,2983,15140612.0,4.345371224068825e-05
2024-01-02,10:34:31,24.5977,27.19,25.25,2983,15140613.0,4.345371224068825e-05
2024-01-02,10:34:31,24.6023,27.19,25.25,2983,15140612.0,4.345371224068825e-05
2024-01-02,10:34:31,24.6069,27.19,25.25,2983,15140612.0,4.345371224068825e-05
2024-01-02,10:34:31,24.6116,27.19,25.25,2983,15140613.0,4.345371224068825e-05
2024-01-02,10:34:31,24.6162,27.19,25.25,2983,15140612.0,4.345371224068825e-05
2024-01-02,10:34:31,24.6208,27.19,25.25,2983,15140612.0,4.345371224068825e-05
2024-01-02,10:34:31,24.6254,27.19,25.25,2983,15140612.0,4.345371224068825e-05
2024-01-02,10:34:31,24.6301,27.19,25.25,2983,15140612.0,4.345371224068825e-05
2024-01-02,10:34:31,24.6348,27.19,25.25,2982,15140611.0,4.352326893770249e-05
2024-01-02,10:34:31,24.6394,27.19,25.25,2982,15140611.0,4.352326893770249e-05
2024-01-02,10:34:31,24.6441,27.19,25.25,2983,15140612.0,4.345371224068825e-05
2024-01-02,10:34:31,24.6487,27.19,25.25,2983,15140612.0,4.345371224068825e-05
2024-01-02,10:34:31,24.6533,27.19,25.25,2983,15140612.0,4.345371224068825e-05
2024-01-02,10:34:31,24.6579,27.19,25.25,2983,15140612.0,4.345371224068825e-05
2024-01-02,10:34:31,24.6625,27.19,25.25,2983,15140613.0,4.345371224068825e-05
2024-01-02,10:34:31,24.6718,27.19,25.25,2983,15140611.0,4.345371224068825e-05
2024-01-02,10:34:31,24.6765,27.19,25.25,2983,15140612.0,4.345371224068825e-05
2024-01-02,10:34:31,24.6811,27.19,25.25,2982,15140611.0,4.352326893770249e-05
2024-01-02,10:34:31,24.6857,27.19,25.25,2981,15140612.0,4.359293697466567e-05
2024-01-02,10:34:31,24.6904,27.19,25.25,2981,15140612.0,4.359293697466567e-05
2024-01-02,10:34:31,24.695,27.19,25.25,2981,15140612.0,4.359293697466567e-05
2024-01-02,10:34:31,24.6996,27.19,25.25,2981,15140611.0,4.359293697466567e-05
2024-01-02,10:34:31,24.7043,27.19,25.25,2982,15140611.0,4.352326893770249e-05
2024-01-02,10:34:31,24.709,27.19,25.25,2982,15140611.0,4.352326893770249e-05
2024-01-02,10:34:31,24.7136,27.19,25.25,2981,15140611.0,4.359293697466567e-05
2024-01-02,10:34:31,24.7182,27.19,25.25,2981,15140611.0,4.359293697466567e-05
2024-01-02,10:34:31,24.7228,27.19,25.25,2981,15140610.0,4.359293697466567e-05
2024-01-02,10:34:31,24.7275,27.19,25.25,2981,15140612.0,4.359293697466567e-05
2024-01-02,10:34:31,24.7322,27.19,25.25,2981,15140612.0,4.359293697466567e-05
2024-01-02,10:34:31,24.7368,27.19,25.25,2981,15140611.0,4.359293697466567e-05
2024-01-02,10:34:31,24.7414,27.19,25.25,2982,15140610.0,4.352326893770249e-05
2024-01-02,10:34:31,24.7461,27.19,25.25,2981,15140610.0,4.359293697466567e-05
2024-01-02,10:34:31,24.7507,27.19,25.25,2981,15140610.0,4.359293697466567e-05
2024-01-02,10:34:31,24.7554,27.19,25.25,2982,15140611.0,4.352326893770249e-05
2024-01-02,10:34:31,24.76,27.19,25.25,2981,15140611.0,4.359293697466567e-05
2024-01-02,10:34:31,24.7646,27.19,25.25,2981,15140610.0,4.359293697466567e-05
2024-01-02,10:34:31,24.7693,27.19,25.25,2981,15140610.0,4.359293697466567e-05
2024-01-02,10:34:31,24.774,27.19,25.25,2980,15140610.0,4.366271652980039e-05
2024-01-02,10:34:31,24.7787,27.19,25.25,2980,15140610.0,4.366271652980039e-05
2024-01-02,10:34:31,24.7833,27.19,25.25,2981,15140611.0,4.359293697466567e-05
2024-01-02,10:34:31,24.7878,27.19,25.25,2980,15140611.0,4.366271652980039e-05
2024-01-02,10:34:31,24.7925,27.19,25.25,2979,15140611.0,4.373260778161478e-05
2024-01-02,10:34:31,24.7972,27.19,25.25,2980,15140610.0,4.366271652980039e-05
2024-01-02,10:34:31,24.8065,27.19,25.25,2980,15140611.0,4.366271652980039e-05
2024-01-02,10:34:31,24.8111,27.19,25.25,2981,15140611.0,4.359293697466567e-05
2024-01-02,10:34:31,24.8157,27.19,25.25,2980,15140611.0,4.366271652980039e-05
2024-01-02,10:34:31,24.8204,27.19,25.25,2979,15140610.0,4.373260778161478e-05
2024-01-02,10:34:31,24.8251,27.19,25.25,2979,15140611.0,4.373260778161478e-05
2024-01-02,10:34:31,24.8297,27.19,25.25,2980,15140612.0,4.366271652980039e-05
2024-01-02,10:34:31,24.8343,27.19,25.25,2980,15140611.0,4.366271652980039e-05
2024-01-02,10:34:31,24.8386,27.19,25.25,2980,15140612.0,4.366271652980039e-05
2024-01-02,10:34:31,24.8476,27.19,25.25,2979,15140610.0,4.373260778161478e-05
2024-01-02,10:34:31,24.8522,27.19,25.25,2980,15140609.0,4.366271652980039e-05
2024-01-02,10:34:31,24.8568,27.19,25.25,2980,15140610.0,4.366271652980039e-05
2024-01-02,10:34:31,24.8615,27.19,25.25,2980,15140611.0,4.366271652980039e-05
2024-01-02,10:34:31,24.8662,27.19,25.25,2980,15140610.0,4.366271652980039e-05
2024-01-02,10:34:31,24.8708,27.19,25.25,2979,15140610.0,4.373260778161478e-05
2024-01-02,10:34:31,24.8754,27.19,25.25,2978,15140609.0,4.38026109089025e-05
2024-01-02,10:34:31,24.88,27.19,25.25,2979,15140609.0,4.373260778161478e-05
2024-01-02,10:34:31,24.8847,27.19,25.25,2980,15140610.0,4.366271652980039e-05
2024-01-02,10:34:31,24.8894,27.19,25.25,2979,15140611.0,4.373260778161478e-05
2024-01-02,10:34:31,24.894,27.19,25.25,2979,15140610.0,4.373260778161478e-05
2024-01-02,10:34:31,24.8987,27.19,25.25,2980,15140609.0,4.366271652980039e-05
2024-01-02,10:34:31,24.9034,27.19,25.25,2979,15140609.0,4.373260778161478e-05
2024-01-02,10:34:31,24.908,27.19,25.25,2979,15140609.0,4.373260778161478e-05
2024-01-02,10:34:31,24.9126,27.19,25.25,2979,15140610.0,4.373260778161478e-05
2024-01-02,10:34:31,24.9173,27.19,25.25,2978,15140609.0,4.38026109089025e-05
2024-01-02,10:34:31,24.9266,27.19,25.25,2978,15140609.0,4.38026109089025e-05
2024-01-02,10:34:31,24.9312,27.19,25.25,2978,15140608.0,4.38026109089025e-05
2024-01-02,10:34:31,24.9358,27.19,25.25,2978,15140609.0,4.38026109089025e-05
2024-01-02,10:34:31,24.9405,27.19,25.25,2979,15140613.0,4.373260778161478e-05
2024-01-02,10:34:31,24.9452,27.19,25.25,2979,15140613.0,4.373260778161478e-05
2024-01-02,10:34:31,24.9498,27.19,25.25,2978,15140608.0,4.38026109089025e-05
2024-01-02,10:34:31,24.9545,27.19,25.25,2978,15140609.0,4.38026109089025e-05
2024-01-02,10:34:31,24.9591,27.19,25.25,2978,15140609.0,4.38026109089025e-05
2024-01-02,10:34:31,24.9637,27.19,25.25,2978,15140608.0,4.38026109089025e-05
2024-01-02,10:34:31,24.9684,27.19,25.25,2978,15140608.0,4.38026109089025e-05
2024-01-02,10:34:31,24.9731,27.19,25.25,2978,15140608.0,4.38026109089025e-05
2024-01-02,10:34:31,24.9778,27.19,25.25,2977,15140608.0,4.387272609074357e-05
2024-01-02,10:34:31,24.9824,27.19,25.25,2977,15140607.0,4.387272609074357e-05
2024-01-02,10:34:31,24.987,27.19,25.25,2978,15140607.0,4.38026109089025e-05
2024-01-02,10:34:31,24.9916,27.19,25.25,2978,15140608.0,4.38026109089025e-05
2024-01-02,10:34:31,24.9964,27.19,25.25,2978,15140609.0,4.38026109089025e-05
2024-01-02,10:34:31,25.0011,27.19,25.25,2978,15140608.0,4.38026109089025e-05
2024-01-02,10:34:31,25.0056,27.19,25.25,2977,15140607.0,4.387272609074357e-05
2024-01-02,10:34:31,25.0103,27.19,25.25,2976,15140608.0,4.394295350650451e-05
2024-01-02,10:34:31,25.0149,27.19,25.25,2977,15140608.0,4.387272609074357e-05
2024-01-02,10:34:31,25.0196,27.19,25.25,2977,15140608.0,4.387272609074357e-05
2024-01-02,10:34:31,25.0242,27.19,25.25,2976,15140607.0,4.394295350650451e-05
2024-01-02,10:34:31,25.0289,27.19,25.25,2976,15140608.0,4.394295350650451e-05
2024-01-02,10:34:31,25.0335,27.19,25.25,2976,15140607.0,4.394295350650451e-05
2024-01-02,10:34:31,25.0382,27.19,25.25,2976,15140606.0,4.394295350650451e-05
2024-01-02,10:34:31,25.0429,27.19,25.25,2976,15140607.0,4.394295350650451e-05
2024-01-02,10:34:31,25.0476,27.19,25.25,2977,15140606.0,4.387272609074357e-05
2024-01-02,10:34:31,25.0522,27.19,25.25,2977,15140605.0,4.387272609074357e-05
2024-01-02,10:34:31,25.0568,27.19,25.25,2976,15140607.0,4.394295350650451e-05
2024-01-02,10:34:31,25.0615,27.19,25.25,2975,15140607.0,4.40132933358391e-05
2024-01-02,10:34:31,25.0662,27.19,25.25,2976,15140605.0,4.394295350650451e-05
2024-01-02,10:34:31,25.0755,27.19,25.25,2976,15140604.0,4.394295350650451e-05
2024-01-02,10:34:31,25.0801,27.19,25.25,2977,15140604.0,4.387272609074357e-05
2024-01-02,10:34:31,25.0847,27.19,25.25,2977,15140604.0,4.387272609074357e-05
2024-01-02,10:34:31,25.0891,27.25,25.5,2977,15140605.0,4.387272609074357e-05
2024-01-02,10:34:31,25.098,27.25,25.5,2977,15140605.0,4.387272609074357e-05
2024-01-02,10:34:31,25.1026,27.25,25.5,2976,15140604.0,4.394295350650451e-05
2024-01-02,10:34:31,25.1073,27.25,25.5,2976,15140605.0,4.394295350650451e-05
2024-01-02,10:34:31,25.112,27.25,25.5,2976,15140605.0,4.394295350650451e-05
2024-01-02,10:34:31,25.1166,27.25,25.5,2977,15140607.0,4.387272609074357e-05
2024-01-02,10:34:31,25.1213,27.25,25.5,2976,15140607.0,4.394295350650451e-05
2024-01-02,10:34:31,25.1259,27.25,25.5,2976,15140606.0,4.394295350650451e-05
2024-01-02,10:34:31,25.1305,27.25,25.5,2976,15140605.0,4.394295350650451e-05
2024-01-02,10:34:31,25.1351,27.25,25.5,2975,15140606.0,4.40132933358391e-05
2024-01-02,10:34:31,25.1397,27.25,25.5,2974,15140607.0,4.408374575868857e-05
2024-01-02,10:34:31,25.1445,27.25,25.5,2975,15140607.0,4.40132933358391e-05
2024-01-02,10:34:31,25.1492,27.25,25.5,2976,15140607.0,4.394295350650451e-05
2024-01-02,10:34:31,25.1538,27.25,25.5,2976,15140607.0,4.394295350650451e-05
2024-01-02,10:34:31,25.1584,27.25,25.5,2976,15140607.0,4.394295350650451e-05
2024-01-02,10:34:31,25.163,27.25,25.5,2975,15140606.0,4.40132933358391e-05
2024-01-02,10:34:31,25.1676,27.25,25.5,2975,15140608.0,4.40132933358391e-05
2024-01-02,10:34:32,25.1723,27.25,25.5,2975,15140607.0,4.40132933358391e-05
2024-01-02,10:34:32,25.177,27.25,25.5,2975,15140606.0,4.40132933358391e-05
2024-01-02,10:34:32,25.1817,27.25,25.5,2974,15140606.0,4.408374575868857e-05
2024-01-02,10:34:32,25.1909,27.25,25.5,2974,15140604.0,4.408374575868857e-05
2024-01-02,10:34:32,25.1956,27.25,25.5,2973,15140606.0,4.41543109552823e-05
2024-01-02,10:34:32,25.2002,27.25,25.5,2973,15140606.0,4.41543109552823e-05
2024-01-02,10:34:32,25.2049,27.25,25.5,2974,15140605.0,4.408374575868857e-05
2024-01-02,10:34:32,25.2096,27.25,25.5,2973,15140605.0,4.41543109552823e-05
2024-01-02,10:34:32,25.2142,27.25,25.5,2973,15140605.0,4.41543109552823e-05
2024-01-02,10:34:32,25.2189,27.25,25.5,2974,15140605.0,4.408374575868857e-05
2024-01-02,10:34:32,25.2236,27.25,25.5,2973,15140605.0,4.41543109552823e-05
2024-01-02,10:34:32,25.2283,27.25,25.5,2972,15140605.0,4.422498910613804e-05
2024-01-02,10:34:32,25.233,27.25,25.5,2973,15140604.0,4.41543109552823e-05
2024-01-02,10:34:32,25.2377,27.25,25.5,2974,15140605.0,4.408374575868857e-05
2024-01-02,10:34:32,25.2423,27.25,25.5,2973,15140605.0,4.41543109552823e-05
2024-01-02,10:34:32,25.247,27.25,25.5,2972,15140605.0,4.422498910613804e-05
2024-01-02,10:34:32,25.2516,27.25,25.5,2973,15140603.0,4.41543109552823e-05
2024-01-02,10:34:32,25.2563,27.25,25.5,2973,15140603.0,4.41543109552823e-05
2024-01-02,10:34:32,25.261,27.25,25.5,2973,15140605.0,4.41543109552823e-05
2024-01-02,10:34:32,25.2656,27.25,25.5,2973,15140604.0,4.41543109552823e-05
2024-01-02,10:34:32,25.2703,27.25,25.5,2972,15140604.0,4.422498910613804e-05
2024-01-02,10:34:32,25.275,27.25,25.5,2972,15140604.0,4.422498910613804e-05
2024-01-02,10:34:32,25.2797,27.25,25.5,2973,15140603.0,4.41543109552823e-05
2024-01-02,10:34:32,25.2844,27.25,25.5,2973,15140603.0,4.41543109552823e-05
2024-01-02,10:34:32,25.289,27.25,25.5,2972,15140604.0,4.422498910613804e-05
2024-01-02,10:34:32,25.2936,27.25,25.5,2971,15140604.0,4.429578039206264e-05
2024-01-02,10:34:32,25.2983,27.25,25.5,2971,15140603.0,4.429578039206264e-05
2024-01-02,10:34:32,25.303,27.25,25.5,2972,15140604.0,4.422498910613804e-05
2024-01-02,10:34:32,25.3077,27.25,25.5,2972,15140604.0,4.422498910613804e-05
2024-01-02,10:34:32,25.3124,27.25,25.5,2972,15140604.0,4.422498910613804e-05
2024-01-02,10:34:32,25.317,27.25,25.5,2972,15140603.0,4.422498910613804e-05
2024-01-02,10:34:32,25.3217,27.25,25.5,2972,15140603.0,4.422498910613804e-05
2024-01-02,10:34:32,25.3264,27.25,25.5,2972,15140603.0,4.422498910613804e-05
2024-01-02,10:34:32,25.3393,27.25,25.5,2973,15140602.0,4.41543109552823e-05
2024-01-02,10:34:32,25.3476,27.25,25.5,2972,15140600.0,4.422498910613804e-05
2024-01-02,10:34:32,25.3523,27.25,25.5,2972,15140603.0,4.422498910613804e-05
2024-01-02,10:34:32,25.357,27.25,25.5,2972,15140604.0,4.422498910613804e-05
2024-01-02,10:34:32,25.3616,27.25,25.5,2972,15140603.0,4.422498910613804e-05
2024-01-02,10:34:32,25.3663,27.25,25.5,2971,15140602.0,4.429578039206264e-05
2024-01-02,10:34:32,25.371,27.25,25.5,2971,15140603.0,4.429578039206264e-05
2024-01-02,10:34:32,25.3757,27.25,25.5,2972,15140603.0,4.422498910613804e-05
2024-01-02,10:34:32,25.3803,27.25,25.5,2972,15140603.0,4.422498910613804e-05
2024-01-02,10:34:32,25.3849,27.25,25.5,2971,15140602.0,4.429578039206264e-05
2024-01-02,10:34:32,25.3896,27.25,25.5,2971,15140602.0,4.429578039206264e-05
2024-01-02,10:34:32,25.3943,27.25,25.5,2971,15140602.0,4.429578039206264e-05
2024-01-02,10:34:32,25.399,27.25,25.5,2970,15140602.0,4.43666849941522e-05
2024-01-02,10:34:32,25.4037,27.25,25.5,2970,15140602.0,4.43666849941522e-05
2024-01-02,10:34:32,25.4084,27.25,25.5,2970,15140601.0,4.43666849941522e-05
2024-01-02,10:34:32,25.413,27.25,25.5,2970,15140601.0,4.43666849941522e-05
2024-01-02,10:34:32,25.4176,27.25,25.5,2970,15140601.0,4.43666849941522e-05
2024-01-02,10:34:32,25.4223,27.25,25.5,2970,15140601.0,4.43666849941522e-05
2024-01-02,10:34:32,25.427,27.25,25.5,2970,15140602.0,4.43666849941522e-05
2024-01-02,10:34:32,25.4316,27.25,25.5,2971,15140603.0,4.429578039206264e-05
2024-01-02,10:34:32,25.4363,27.25,25.5,2971,15140602.0,4.429578039206264e-05
2024-01-02,10:34:32,25.4456,27.25,25.5,2972,15140602.0,4.422498910613804e-05
2024-01-02,10:34:32,25.4503,27.25,25.5,2971,15140601.0,4.429578039206264e-05
2024-01-02,10:34:32,25.4549,27.25,25.5,2970,15140601.0,4.43666849941522e-05
2024-01-02,10:34:32,25.4596,27.25,25.5,2970,15140601.0,4.43666849941522e-05
2024-01-02,10:34:32,25.4642,27.25,25.5,2971,15140600.0,4.429578039206264e-05
2024-01-02,10:34:32,25.4689,27.25,25.5,2971,15140601.0,4.429578039206264e-05
2024-01-02,10:34:32,25.4736,27.25,25.5,2970,15140601.0,4.43666849941522e-05
2024-01-02,10:34:32,25.4782,27.25,25.5,2970,15140600.0,4.43666849941522e-05
2024-01-02,10:34:32,25.483,27.25,25.5,2970,15140601.0,4.43666849941522e-05
2024-01-02,10:34:32,25.4876,27.25,25.5,2969,15140600.0,4.443770309379288e-05
2024-01-02,10:34:32,25.4922,27.25,25.5,2969,15140601.0,4.443770309379288e-05
2024-01-02,10:34:32,25.4969,27.25,25.5,2969,15140600.0,4.443770309379288e-05
2024-01-02,10:34:32,25.5017,27.25,25.5,2969,15140600.0,4.443770309379288e-05
2024-01-02,10:34:32,25.5063,27.25,25.5,2969,15140600.0,4.443770309379288e-05
2024-01-02,10:34:32,25.511,27.25,25.5,2969,15140599.0,4.443770309379288e-05
2024-01-02,10:34:32,25.5157,27.25,25.5,2970,15140601.0,4.43666849941522e-05
2024-01-02,10:34:32,25.5203,27.25,25.5,2970,15140601.0,4.43666849941522e-05
2024-01-02,10:34:32,25.525,27.25,25.5,2969,15140599.0,4.443770309379288e-05
2024-01-02,10:34:32,25.5296,27.25,25.5,2969,15140600.0,4.443770309379288e-05
2024-01-02,10:34:32,25.5343,27.25,25.5,2969,15140600.0,4.443770309379288e-05
2024-01-02,10:34:32,25.539,27.25,25.5,2969,15140599.0,4.443770309379288e-05
2024-01-02,10:34:32,25.5436,27.25,25.5,2969,15140601.0,4.443770309379288e-05
2024-01-02,10:34:32,25.5483,27.25,25.5,2969,15140602.0,4.443770309379288e-05
2024-01-02,10:34:32,25.5531,27.25,25.5,2969,15140599.0,4.443770309379288e-05
2024-01-02,10:34:32,25.5578,27.25,25.5,2969,15140598.0,4.443770309379288e-05
2024-01-02,10:34:32,25.5624,27.25,25.5,2969,15140599.0,4.443770309379288e-05
2024-01-02,10:34:32,25.567,27.25,25.5,2968,15140600.0,4.4508834872661e-05
2024-01-02,10:34:32,25.5717,27.25,25.5,2968,15140600.0,4.4508834872661e-05
2024-01-02,10:34:32,25.5764,27.25,25.5,2969,15140599.0,4.443770309379288e-05
2024-01-02,10:34:32,25.5895,27.25,25.5,2969,15140598.0,4.443770309379288e-05
2024-01-02,10:34:32,25.5978,27.25,25.5,2969,15140598.0,4.443770309379288e-05
2024-01-02,10:34:32,25.6024,27.25,25.5,2969,15140598.0,4.443770309379288e-05
2024-01-02,10:34:32,25.607,27.25,25.5,2969,15140598.0,4.443770309379288e-05
2024-01-02,10:34:32,25.6117,27.25,25.5,2968,15140599.0,4.4508834872661e-05
2024-01-02,10:34:32,25.6164,27.25,25.5,2968,15140599.0,4.4508834872661e-05
2024-01-02,10:34:32,25.6211,27.25,25.5,2969,15140597.0,4.443770309379288e-05
2024-01-02,10:34:32,25.6258,27.25,25.5,2969,15140597.0,4.443770309379288e-05
2024-01-02,10:34:32,25.6304,27.25,25.5,2968,15140598.0,4.4508834872661e-05
2024-01-02,10:34:32,25.6352,27.25,25.5,2969,15140599.0,4.443770309379288e-05
2024-01-02,10:34:32,25.6398,27.25,25.5,2969,15140599.0,4.443770309379288e-05
2024-01-02,10:34:32,25.6444,27.25,25.5,2968,15140598.0,4.4508834872661e-05
2024-01-02,10:34:32,25.6491,27.25,25.5,2969,15140597.0,4.443770309379288e-05
2024-01-02,10:34:32,25.6539,27.25,25.5,2969,15140598.0,4.443770309379288e-05
2024-01-02,10:34:32,25.6585,27.25,25.5,2968,15140599.0,4.4508834872661e-05
2024-01-02,10:34:32,25.6632,27.25,25.5,2968,15140598.0,4.4508834872661e-05
2024-01-02,10:34:32,25.6679,27.25,25.5,2968,15140597.0,4.4508834872661e-05
2024-01-02,10:34:32,25.6725,27.25,25.5,2968,15140597.0,4.4508834872661e-05
2024-01-02,10:34:32,25.6772,27.25,25.5,2968,15140597.0,4.4508834872661e-05
2024-01-02,10:34:32,25.6819,27.25,25.5,2969,15140599.0,4.443770309379288e-05
2024-01-02,10:34:32,25.6866,27.25,25.5,2969,15140599.0,4.443770309379288e-05
2024-01-02,10:34:32,25.6912,27.25,25.5,2968,15140597.0,4.4508834872661e-05
2024-01-02,10:34:32,25.6959,27.25,25.5,2968,15140596.0,4.4508834872661e-05
2024-01-02,10:34:32,25.7006,27.25,25.5,2968,15140598.0,4.4508834872661e-05
2024-01-02,10:34:32,25.7099,27.25,25.5,2968,15140598.0,4.4508834872661e-05
2024-01-02,10:34:32,25.7146,27.25,25.5,2968,15140597.0,4.4508834872661e-05
2024-01-02,10:34:32,25.7193,27.25,25.5,2969,15140598.0,4.443770309379288e-05
2024-01-02,10:34:32,25.7239,27.25,25.5,2970,15140598.0,4.43666849941522e-05
2024-01-02,10:34:32,25.7285,27.25,25.5,2969,15140598.0,4.443770309379288e-05
2024-01-02,10:34:32,25.7332,27.25,25.5,2968,15140598.0,4.4508834872661e-05
2024-01-02,10:34:32,25.7379,27.25,25.5,2968,15140598.0,4.4508834872661e-05
2024-01-02,10:34:32,25.7426,27.25,25.5,2968,15140598.0,4.4508834872661e-05
2024-01-02,10:34:32,25.7472,27.25,25.5,2967,15140597.0,4.458008051272389e-05
2024-01-02,10:34:32,25.752,27.25,25.5,2966,15140598.0,4.465144019623996e-05
2024-01-02,10:34:32,25.7566,27.25,25.5,2966,15140599.0,4.465144019623996e-05
2024-01-02,10:34:32,25.7612,27.25,25.5,2966,15140598.0,4.465144019623996e-05
2024-01-02,10:34:32,25.766,27.25,25.5,2966,15140597.0,4.465144019623996e-05
2024-01-02,10:34:32,25.7707,27.25,25.5,2967,15140597.0,4.458008051272389e-05
2024-01-02,10:34:32,25.7753,27.25,25.5,2967,15140597.0,4.458008051272389e-05
2024-01-02,10:34:32,25.7799,27.25,25.5,2967,15140597.0,4.458008051272389e-05
2024-01-02,10:34:32,25.7847,27.25,25.5,2967,15140597.0,4.458008051272389e-05
2024-01-02,10:34:32,25.7893,27.25,25.5,2968,15140595.0,4.4508834872661e-05
2024-01-02,10:34:32,25.794,27.25,25.5,2968,15140595.0,4.4508834872661e-05
2024-01-02,10:34:32,25.7987,27.25,25.5,2967,15140597.0,4.458008051272389e-05
2024-01-02,10:34:32,25.8034,27.25,25.5,2966,15140596.0,4.465144019623996e-05
2024-01-02,10:34:32,25.808,27.25,25.5,2966,15140595.0,4.465144019623996e-05
2024-01-02,10:34:32,25.8127,27.25,25.5,2967,15140595.0,4.458008051272389e-05
2024-01-02,10:34:32,25.8174,27.25,25.5,2968,15140595.0,4.4508834872661e-05
2024-01-02,10:34:32,25.8221,27.25,25.5,2967,15140594.0,4.458008051272389e-05
2024-01-02,10:34:32,25.8268,27.25,25.5,2966,15140595.0,4.465144019623996e-05
2024-01-02,10:34:32,25.8398,27.25,25.5,2965,15140595.0,4.472291410575956e-05
2024-01-02,10:34:32,25.8481,27.25,25.5,2966,15140595.0,4.465144019623996e-05
2024-01-02,10:34:32,25.8527,27.25,25.5,2967,15140595.0,4.458008051272389e-05
2024-01-02,10:34:32,25.8574,27.25,25.5,2967,15140595.0,4.458008051272389e-05
2024-01-02,10:34:32,25.862,27.25,25.5,2967,15140595.0,4.458008051272389e-05
2024-01-02,10:34:32,25.8667,27.25,25.5,2967,15140594.0,4.458008051272389e-05
2024-01-02,10:34:32,25.8715,27.25,25.5,2968,15140594.0,4.4508834872661e-05
2024-01-02,10:34:32,25.8762,27.25,25.5,2968,15140593.0,4.4508834872661e-05
2024-01-02,10:34:32,25.8809,27.25,25.5,2967,15140593.0,4.458008051272389e-05
2024-01-02,10:34:32,25.8855,27.25,25.5,2967,15140595.0,4.458008051272389e-05
2024-01-02,10:34:32,25.8901,27.25,25.5,2967,15140595.0,4.458008051272389e-05
2024-01-02,10:34:32,25.8949,27.25,25.5,2967,15140593.0,4.458008051272389e-05
2024-01-02,10:34:32,25.8996,27.25,25.5,2967,15140593.0,4.458008051272389e-05
2024-01-02,10:34:32,25.9043,27.25,25.5,2968,15140594.0,4.4508834872661e-05
2024-01-02,10:34:32,25.9089,27.25,25.5,2968,15140595.0,4.4508834872661e-05
2024-01-02,10:34:32,25.9136,27.25,25.5,2967,15140594.0,4.458008051272389e-05
2024-01-02,10:34:32,25.9182,27.25,25.5,2966,15140595.0,4.465144019623996e-05
2024-01-02,10:34:32,25.9229,27.25,25.5,2966,15140595.0,4.465144019623996e-05
2024-01-02,10:34:32,25.9276,27.25,25.5,2967,15140594.0,4.458008051272389e-05
2024-01-02,10:34:32,25.9323,27.25,25.5,2968,15140594.0,4.4508834872661e-05
2024-01-02,10:34:32,25.9369,27.25,25.5,2967,15140595.0,4.458008051272389e-05
2024-01-02,10:34:32,25.9417,27.25,25.5,2966,15140594.0,4.465144019623996e-05
2024-01-02,10:34:32,25.9464,27.25,25.5,2966,15140592.0,4.465144019623996e-05
2024-01-02,10:34:32,25.9511,27.25,25.5,2966,15140594.0,4.465144019623996e-05
2024-01-02,10:34:32,25.9557,27.25,25.5,2966,15140595.0,4.465144019623996e-05
2024-01-02,10:34:32,25.9604,27.25,25.5,2965,15140594.0,4.472291410575956e-05
2024-01-02,10:34:32,25.9698,27.25,25.5,2966,15140594.0,4.465144019623996e-05
2024-01-02,10:34:32,25.9744,27.25,25.5,2967,15140594.0,4.458008051272389e-05
2024-01-02,10:34:32,25.9791,27.25,25.5,2967,15140593.0,4.458008051272389e-05
2024-01-02,10:34:32,25.9838,27.25,25.5,2966,15140594.0,4.465144019623996e-05
2024-01-02,10:34:32,25.9884,27.25,25.5,2965,15140594.0,4.472291410575956e-05
2024-01-02,10:34:32,25.9932,27.25,25.5,2965,15140593.0,4.472291410575956e-05
2024-01-02,10:34:32,25.9979,27.25,25.5,2966,15140594.0,4.465144019623996e-05
2024-01-02,10:34:32,26.0025,27.25,25.5,2967,15140593.0,4.458008051272389e-05
2024-01-02,10:34:32,26.0072,27.25,25.5,2967,15140592.0,4.458008051272389e-05
2024-01-02,10:34:32,26.0119,27.25,25.5,2967,15140592.0,4.458008051272389e-05
2024-01-02,10:34:32,26.0166,27.25,25.5,2967,15140593.0,4.458008051272389e-05
2024-01-02,10:34:32,26.0213,27.25,25.5,2966,15140592.0,4.465144019623996e-05
2024-01-02,10:34:32,26.026,27.25,25.5,2966,15140593.0,4.465144019623996e-05
2024-01-02,10:34:32,26.0306,27.25,25.5,2966,15140594.0,4.465144019623996e-05
2024-01-02,10:34:32,26.0354,27.25,25.5,2966,15140594.0,4.465144019623996e-05
2024-01-02,10:34:32,26.0401,27.25,25.5,2966,15140594.0,4.465144019623996e-05
2024-01-02,10:34:32,26.0448,27.25,25.5,2966,15140594.0,4.465144019623996e-05
2024-01-02,10:34:32,26.0494,27.25,25.5,2967,15140593.0,4.458008051272389e-05
2024-01-02,10:34:32,26.0541,27.25,25.5,2967,15140592.0,4.458008051272389e-05
2024-01-02,10:34:32,26.0588,27.25,25.5,2967,15140592.0,4.458008051272389e-05
2024-01-02,10:34:32,26.0636,27.25,25.5,2966,15140593.0,4.465144019623996e-05
2024-01-02,10:34:32,26.0683,27.25,25.5,2965,15140593.0,4.472291410575956e-05
2024-01-02,10:34:32,26.0729,27.25,25.5,2965,15140591.0,4.472291410575956e-05
2024-01-02,10:34:32,26.0775,27.25,25.5,2966,15140591.0,4.465144019623996e-05
2024-01-02,10:34:32,26.0823,27.25,25.5,2966,15140592.0,4.465144019623996e-05
2024-01-02,10:34:32,26.0889,27.25,25.5,2964,15140593.0,4.479450242412504e-05
2024-01-02,10:34:32,26.0956,27.25,25.5,2965,15140594.0,4.472291410575956e-05
2024-01-02,10:34:32,26.1003,27.25,25.5,2966,15140592.0,4.465144019623996e-05
2024-01-02,10:34:32,26.1049,27.25,25.5,2967,15140594.0,4.458008051272389e-05
2024-01-02,10:34:32,26.1096,27.25,25.5,2967,15140593.0,4.458008051272389e-05
2024-01-02,10:34:32,26.1143,27.25,25.5,2966,15140593.0,4.465144019623996e-05
2024-01-02,10:34:32,26.1236,27.25,25.5,2966,15140594.0,4.465144019623996e-05
2024-01-02,10:34:32,26.1284,27.25,25.5,2966,15140593.0,4.465144019623996e-05
2024-01-02,10:34:32,26.133,27.25,25.5,2966,15140592.0,4.465144019623996e-05
2024-01-02,10:34:32,26.1377,27.25,25.5,2966,15140593.0,4.465144019623996e-05
2024-01-02,10:34:32,26.1424,27.25,25.5,2965,15140592.0,4.472291410575956e-05
2024-01-02,10:34:32,26.147,27.25,25.5,2965,15140590.0,4.472291410575956e-05
2024-01-02,10:34:32,26.1518,27.25,25.5,2965,15140590.0,4.472291410575956e-05
2024-01-02,10:34:32,26.1564,27.25,25.5,2966,15140591.0,4.465144019623996e-05
2024-01-02,10:34:32,26.1611,27.25,25.5,2965,15140590.0,4.472291410575956e-05
2024-01-02,10:34:32,26.1658,27.25,25.5,2964,15140590.0,4.479450242412504e-05
2024-01-02,10:34:32,26.1705,27.25,25.5,2965,15140592.0,4.472291410575956e-05
2024-01-02,10:34:33,26.1752,27.25,25.5,2965,15140590.0,4.472291410575956e-05
2024-01-02,10:34:33,26.1799,27.25,25.5,2966,15140590.0,4.465144019623996e-05
2024-01-02,10:34:33,26.1845,27.25,25.5,2966,15140591.0,4.465144019623996e-05
2024-01-02,10:34:33,26.1893,27.25,25.5,2965,15140592.0,4.472291410575956e-05
2024-01-02,10:34:33,26.194,27.25,25.5,2965,15140591.0,4.472291410575956e-05
2024-01-02,10:34:33,26.1986,27.25,25.5,2965,15140591.0,4.472291410575956e-05
2024-01-02,10:34:33,26.2033,27.25,25.5,2965,15140591.0,4.472291410575956e-05
2024-01-02,10:34:33,26.208,27.25,25.5,2965,15140591.0,4.472291410575956e-05
2024-01-02,10:34:33,26.2126,27.25,25.5,2965,15140591.0,4.472291410575956e-05
2024-01-02,10:34:33,26.2174,27.25,25.5,2965,15140592.0,4.472291410575956e-05
2024-01-02,10:34:33,26.2221,27.25,25.5,2965,15140591.0,4.472291410575956e-05
2024-01-02,10:34:33,26.2268,27.25,25.5,2965,15140591.0,4.472291410575956e-05
2024-01-02,10:34:33,26.2314,27.25,25.5,2965,15140591.0,4.472291410575956e-05
2024-01-02,10:34:33,26.2361,27.25,25.5,2966,15140592.0,4.465144019623996e-05
2024-01-02,10:34:33,26.2408,27.25,25.5,2966,15140592.0,4.465144019623996e-05
2024-01-02,10:34:33,26.2455,27.25,25.5,2965,15140592.0,4.472291410575956e-05
2024-01-02,10:34:33,26.2502,27.25,25.5,2965,15140593.0,4.472291410575956e-05
2024-01-02,10:34:33,26.2548,27.25,25.5,2965,15140592.0,4.472291410575956e-05
2024-01-02,10:34:33,26.2596,27.25,25.5,2965,15140592.0,4.472291410575956e-05
2024-01-02,10:34:33,26.2643,27.25,25.5,2964,15140592.0,4.479450242412504e-05
2024-01-02,10:34:33,26.269,27.25,25.5,2964,15140591.0,4.479450242412504e-05
2024-01-02,10:34:33,26.2737,27.25,25.5,2964,15140590.0,4.479450242412504e-05
2024-01-02,10:34:33,26.2784,27.25,25.5,2964,15140590.0,4.479450242412504e-05
2024-01-02,10:34:33,26.2831,27.25,25.5,2964,15140591.0,4.479450242412504e-05
2024-01-02,10:34:33,26.2878,27.25,25.5,2964,15140590.0,4.479450242412504e-05
2024-01-02,10:34:33,26.2924,27.25,25.5,2964,15140590.0,4.479450242412504e-05
2024-01-02,10:34:33,26.2972,27.25,25.5,2964,15140590.0,4.479450242412504e-05
2024-01-02,10:34:33,26.3019,27.25,25.5,2964,15140590.0,4.479450242412504e-05
2024-01-02,10:34:33,26.3065,27.25,25.5,2964,15140589.0,4.479450242412504e-05
2024-01-02,10:34:33,26.3113,27.25,25.5,2964,15140589.0,4.479450242412504e-05
2024-01-02,10:34:33,26.3205,27.25,25.5,2965,15140590.0,4.472291410575956e-05
2024-01-02,10:34:33,26.3252,27.25,25.5,2964,15140590.0,4.479450242412504e-05
2024-01-02,10:34:33,26.33,27.25,25.5,2964,15140590.0,4.479450242412504e-05
2024-01-02,10:34:33,26.3346,27.25,25.5,2964,15140591.0,4.479450242412504e-05
2024-01-02,10:34:33,26.3389,27.25,25.5,2964,15140590.0,4.479450242412504e-05
2024-01-02,10:34:33,26.3479,27.25,25.5,2964,15140591.0,4.479450242412504e-05
2024-01-02,10:34:33,26.3526,27.25,25.5,2964,15140591.0,4.479450242412504e-05
2024-01-02,10:34:33,26.3573,27.25,25.5,2964,15140591.0,4.479450242412504e-05
2024-01-02,10:34:33,26.362,27.25,25.5,2965,15140590.0,4.472291410575956e-05
2024-01-02,10:34:33,26.3667,27.25,25.5,2965,15140589.0,4.472291410575956e-05
2024-01-02,10:34:33,26.3714,27.25,25.5,2965,15140590.0,4.472291410575956e-05
2024-01-02,10:34:33,26.376,27.25,25.5,2965,15140590.0,4.472291410575956e-05
2024-01-02,10:34:33,26.3808,27.25,25.5,2965,15140589.0,4.472291410575956e-05
2024-01-02,10:34:33,26.3855,27.25,25.5,2965,15140590.0,4.472291410575956e-05
2024-01-02,10:34:33,26.3902,27.25,25.5,2965,15140591.0,4.472291410575956e-05
2024-01-02,10:34:33,26.3948,27.25,25.5,2964,15140591.0,4.479450242412504e-05
2024-01-02,10:34:33,26.3995,27.25,25.5,2964,15140590.0,4.479450242412504e-05
2024-01-02,10:34:33,26.4042,27.25,25.5,2965,15140590.0,4.472291410575956e-05
2024-01-02,10:34:33,26.4089,27.25,25.5,2965,15140590.0,4.472291410575956e-05
2024-01-02,10:34:33,26.4135,27.25,25.5,2965,15140590.0,4.472291410575956e-05
2024-01-02,10:34:33,26.4182,27.25,25.5,2965,15140590.0,4.472291410575956e-05
2024-01-02,10:34:33,26.4229,27.25,25.5,2965,15140589.0,4.472291410575956e-05
2024-01-02,10:34:33,26.4277,27.25,25.5,2964,15140589.0,4.479450242412504e-05
2024-01-02,10:34:33,26.4324,27.25,25.5,2964,15140590.0,4.479450242412504e-05
2024-01-02,10:34:33,26.437,27.25,25.5,2964,15140590.0,4.479450242412504e-05
2024-01-02,10:34:33,26.4417,27.25,25.5,2963,15140589.0,4.486620533447163e-05
2024-01-02,10:34:33,26.4464,27.25,25.5,2963,15140589.0,4.486620533447163e-05
2024-01-02,10:34:33,26.451,27.25,25.5,2964,15140589.0,4.479450242412504e-05
2024-01-02,10:34:33,26.4558,27.25,25.5,2965,15140589.0,4.472291410575956e-05
2024-01-02,10:34:33,26.4604,27.25,25.5,2965,15140590.0,4.472291410575956e-05
2024-01-02,10:34:33,26.4651,27.25,25.5,2964,15140590.0,4.479450242412504e-05
2024-01-02,10:34:33,26.4744,27.25,25.5,2964,15140591.0,4.479450242412504e-05
2024-01-02,10:34:33,26.4791,27.25,25.5,2964,15140591.0,4.479450242412504e-05
2024-01-02,10:34:33,26.4838,27.25,25.5,2964,15140590.0,4.479450242412504e-05
2024-01-02,10:34:33,26.4885,27.25,25.5,2964,15140590.0,4.479450242412504e-05
2024-01-02,10:34:33,26.4932,27.25,25.5,2963,15140591.0,4.486620533447163e-05
2024-01-02,10:34:33,26.4979,27.25,25.5,2962,15140590.0,4.493802302022752e-05
2024-01-02,10:34:33,26.5026,27.25,25.5,2963,15140589.0,4.486620533447163e-05
2024-01-02,10:34:33,26.5072,27.25,25.5,2964,15140590.0,4.479450242412504e-05
2024-01-02,10:34:33,26.512,27.25,25.5,2964,15140589.0,4.479450242412504e-05
2024-01-02,10:34:33,26.5166,27.25,25.5,2963,15140588.0,4.486620533447163e-05
2024-01-02,10:34:33,26.5213,27.25,25.5,2964,15140588.0,4.479450242412504e-05
2024-01-02,10:34:33,26.526,27.25,25.5,2965,15140590.0,4.472291410575956e-05
2024-01-02,10:34:33,26.5308,27.25,25.5,2965,15140589.0,4.472291410575956e-05
2024-01-02,10:34:33,26.5355,27.25,25.5,2965,15140589.0,4.472291410575956e-05
2024-01-02,10:34:33,26.5401,27.25,25.5,2965,15140590.0,4.472291410575956e-05
2024-01-02,10:34:33,26.5449,27.25,25.5,2964,15140589.0,4.479450242412504e-05
2024-01-02,10:34:33,26.5495,27.25,25.5,2963,15140589.0,4.486620533447163e-05
2024-01-02,10:34:33,26.5541,27.25,25.5,2963,15140589.0,4.486620533447163e-05
2024-01-02,10:34:33,26.5588,27.25,25.5,2964,15140588.0,4.479450242412504e-05
2024-01-02,10:34:33,26.5636,27.25,25.5,2964,15140587.0,4.479450242412504e-05
2024-01-02,10:34:33,26.5683,27.25,25.5,2963,15140587.0,4.486620533447163e-05
2024-01-02,10:34:33,26.573,27.25,25.5,2963,15140588.0,4.486620533447163e-05
2024-01-02,10:34:33,26.5776,27.25,25.5,2963,15140587.0,4.486620533447163e-05
2024-01-02,10:34:33,26.5823,27.25,25.5,2964,15140587.0,4.479450242412504e-05
2024-01-02,10:34:33,26.5889,27.25,25.5,2964,15140590.0,4.479450242412504e-05
2024-01-02,10:34:33,26.5956,27.25,25.5,2962,15140588.0,4.493802302022752e-05
2024-01-02,10:34:33,26.6004,27.25,25.5,2963,15140586.0,4.486620533447163e-05
2024-01-02,10:34:33,26.605,27.31,25.5,2963,15140587.0,4.486620533447163e-05
2024-01-02,10:34:33,26.6098,27.31,25.5,2963,15140587.0,4.486620533447163e-05
2024-01-02,10:34:33,26.6144,27.31,25.5,2964,15140587.0,4.479450242412504e-05
2024-01-02,10:34:33,26.6191,27.31,25.5,2964,15140587.0,4.479450242412504e-05
2024-01-02,10:34:33,26.6237,27.31,25.5,2964,15140586.0,4.479450242412504e-05
2024-01-02,10:34:33,26.6331,27.31,25.5,2962,15140585.0,4.493802302022752e-05
2024-01-02,10:34:33,26.6378,27.31,25.5,2962,15140586.0,4.493802302022752e-05
2024-01-02,10:34:33,26.6425,27.31,25.5,2963,15140586.0,4.486620533447163e-05
2024-01-02,10:34:33,26.6471,27.31,25.5,2962,15140587.0,4.493802302022752e-05
2024-01-02,10:34:33,26.6518,27.31,25.5,2962,15140588.0,4.493802302022752e-05
2024-01-02,10:34:33,26.6565,27.31,25.5,2963,15140587.0,4.486620533447163e-05
2024-01-02,10:34:33,26.6612,27.31,25.5,2963,15140588.0,4.486620533447163e-05
2024-01-02,10:34:33,26.6658,27.31,25.5,2963,15140589.0,4.486620533447163e-05
2024-01-02,10:34:33,26.6706,27.31,25.5,2962,15140587.0,4.493802302022752e-05
2024-01-02,10:34:33,26.6753,27.31,25.5,2962,15140586.0,4.493802302022752e-05
2024-01-02,10:34:33,26.68,27.31,25.5,2962,15140585.0,4.493802302022752e-05
2024-01-02,10:34:33,26.6846,27.31,25.5,2962,15140586.0,4.493802302022752e-05
2024-01-02,10:34:33,26.6893,27.31,25.5,2962,15140587.0,4.493802302022752e-05
2024-01-02,10:34:33,26.694,27.31,25.5,2962,15140586.0,4.493802302022752e-05
2024-01-02,10:34:33,26.6987,27.31,25.5,2962,15140586.0,4.493802302022752e-05
2024-01-02,10:34:33,26.7034,27.31,25.5,2963,15140584.0,4.486620533447163e-05
2024-01-02,10:34:33,26.7081,27.31,25.5,2963,15140584.0,4.486620533447163e-05
2024-01-02,10:34:33,26.7127,27.31,25.5,2962,15140585.0,4.493802302022752e-05
2024-01-02,10:34:33,26.7174,27.31,25.5,2962,15140585.0,4.493802302022752e-05
2024-01-02,10:34:33,26.7221,27.31,25.5,2962,15140585.0,4.493802302022752e-05
2024-01-02,10:34:33,26.7267,27.31,25.5,2962,15140585.0,4.493802302022752e-05
2024-01-02,10:34:33,26.7314,27.31,25.5,2962,15140585.0,4.493802302022752e-05
2024-01-02,10:34:33,26.7361,27.31,25.5,2962,15140584.0,4.493802302022752e-05
2024-01-02,10:34:33,26.7408,27.31,25.5,2961,15140585.0,4.500995566511469e-05
2024-01-02,10:34:33,26.7454,27.31,25.5,2962,15140586.0,4.493802302022752e-05
2024-01-02,10:34:33,26.7501,27.31,25.5,2962,15140585.0,4.493802302022752e-05
2024-01-02,10:34:33,26.7548,27.31,25.5,2962,15140585.0,4.493802302022752e-05
2024-01-02,10:34:33,26.7596,27.31,25.5,2961,15140587.0,4.500995566511469e-05
2024-01-02,10:34:33,26.7642,27.31,25.5,2961,15140587.0,4.500995566511469e-05
2024-01-02,10:34:33,26.7689,27.31,25.5,2961,15140587.0,4.500995566511469e-05
2024-01-02,10:34:33,26.7735,27.31,25.5,2961,15140587.0,4.500995566511469e-05
2024-01-02,10:34:33,26.7782,27.31,25.5,2962,15140587.0,4.493802302022752e-05
2024-01-02,10:34:33,26.7829,27.31,25.5,2962,15140586.0,4.493802302022752e-05
2024-01-02,10:34:33,26.7876,27.31,25.5,2961,15140587.0,4.500995566511469e-05
2024-01-02,10:34:33,26.7923,27.31,25.5,2961,15140587.0,4.500995566511469e-05
2024-01-02,10:34:33,26.797,27.31,25.5,2962,15140586.0,4.493802302022752e-05
2024-01-02,10:34:33,26.8017,27.31,25.5,2961,15140586.0,4.500995566511469e-05
2024-01-02,10:34:33,26.8064,27.31,25.5,2961,15140587.0,4.500995566511469e-05
2024-01-02,10:34:33,26.8156,27.31,25.5,2961,15140588.0,4.500995566511469e-05
2024-01-02,10:34:33,26.8203,27.31,25.5,2961,15140587.0,4.500995566511469e-05
2024-01-02,10:34:33,26.8251,27.31,25.5,2961,15140587.0,4.500995566511469e-05
2024-01-02,10:34:33,26.8298,27.31,25.5,2962,15140587.0,4.493802302022752e-05
2024-01-02,10:34:33,26.8345,27.31,25.5,2962,15140587.0,4.493802302022752e-05
2024-01-02,10:34:33,26.8388,27.31,25.5,2962,15140587.0,4.493802302022752e-05
2024-01-02,10:34:33,26.8478,27.31,25.5,2961,15140585.0,4.500995566511469e-05
2024-01-02,10:34:33,26.8525,27.31,25.5,2961,15140584.0,4.500995566511469e-05
2024-01-02,10:34:33,26.8572,27.31,25.5,2961,15140585.0,4.500995566511469e-05
2024-01-02,10:34:33,26.862,27.31,25.5,2961,15140585.0,4.500995566511469e-05
2024-01-02,10:34:33,26.8666,27.31,25.5,2961,15140584.0,4.500995566511469e-05
2024-01-02,10:34:33,26.8713,27.31,25.5,2962,15140583.0,4.493802302022752e-05
2024-01-02,10:34:33,26.8761,27.31,25.5,2963,15140585.0,4.486620533447163e-05
2024-01-02,10:34:33,26.8808,27.31,25.5,2962,15140586.0,4.493802302022752e-05
2024-01-02,10:34:33,26.8854,27.31,25.5,2961,15140586.0,4.500995566511469e-05
2024-01-02,10:34:33,26.8901,27.31,25.5,2961,15140585.0,4.500995566511469e-05
2024-01-02,10:34:33,26.8948,27.31,25.5,2961,15140585.0,4.500995566511469e-05
2024-01-02,10:34:33,26.8995,27.31,25.5,2961,15140585.0,4.500995566511469e-05
2024-01-02,10:34:33,26.9042,27.31,25.5,2961,15140585.0,4.500995566511469e-05
2024-01-02,10:34:33,26.9088,27.31,25.5,2961,15140586.0,4.500995566511469e-05
2024-01-02,10:34:33,26.9135,27.31,25.5,2960,15140584.0,4.508200345314904e-05
2024-01-02,10:34:33,26.9182,27.31,25.5,2961,15140584.0,4.500995566511469e-05
2024-01-02,10:34:33,26.9229,27.31,25.5,2963,15140585.0,4.486620533447163e-05
2024-01-02,10:34:33,26.9276,27.31,25.5,2962,15140585.0,4.493802302022752e-05
2024-01-02,10:34:33,26.9323,27.31,25.5,2960,15140584.0,4.508200345314904e-05
2024-01-02,10:34:33,26.9371,27.31,25.5,2960,15140583.0,4.508200345314904e-05
2024-01-02,10:34:33,26.9418,27.31,25.5,2961,15140584.0,4.500995566511469e-05
2024-01-02,10:34:33,26.9464,27.31,25.5,2961,15140583.0,4.500995566511469e-05
2024-01-02,10:34:33,26.951,27.31,25.5,2961,15140584.0,4.500995566511469e-05
2024-01-02,10:34:33,26.9557,27.31,25.5,2960,15140584.0,4.508200345314904e-05
2024-01-02,10:34:33,26.9605,27.31,25.5,2960,15140584.0,4.508200345314904e-05
2024-01-02,10:34:33,26.9652,27.31,25.5,2961,15140584.0,4.500995566511469e-05
2024-01-02,10:34:33,26.9698,27.31,25.5,2962,15140585.0,4.493802302022752e-05
2024-01-02,10:34:33,26.9745,27.31,25.5,2961,15140586.0,4.500995566511469e-05
2024-01-02,10:34:33,26.9838,27.31,25.5,2961,15140585.0,4.500995566511469e-05
2024-01-02,10:34:33,26.9885,27.31,25.5,2960,15140584.0,4.508200345314904e-05
2024-01-02,10:34:33,26.9932,27.31,25.5,2960,15140584.0,4.508200345314904e-05
2024-01-02,10:34:33,26.9979,27.31,25.5,2961,15140584.0,4.500995566511469e-05
2024-01-02,10:34:33,27.0027,27.31,25.5,2961,15140584.0,4.500995566511469e-05
2024-01-02,10:34:33,27.0074,27.31,25.5,2960,15140583.0,4.508200345314904e-05
2024-01-02,10:34:33,27.0121,27.31,25.5,2960,15140583.0,4.508200345314904e-05
2024-01-02,10:34:33,27.0168,27.31,25.5,2961,15140584.0,4.500995566511469e-05
2024-01-02,10:34:33,27.0215,27.31,25.5,2961,15140584.0,4.500995566511469e-05
2024-01-02,10:34:33,27.0261,27.31,25.5,2960,15140583.0,4.508200345314904e-05
2024-01-02,10:34:33,27.0309,27.31,25.5,2960,15140583.0,4.508200345314904e-05
2024-01-02,10:34:33,27.0356,27.31,25.5,2960,15140584.0,4.508200345314904e-05
2024-01-02,10:34:33,27.0403,27.31,25.5,2960,15140583.0,4.508200345314904e-05
2024-01-02,10:34:33,27.045,27.31,25.5,2960,15140582.0,4.508200345314904e-05
2024-01-02,10:34:33,27.0496,27.31,25.5,2960,15140582.0,4.508200345314904e-05
2024-01-02,10:34:33,27.0543,27.31,25.5,2961,15140583.0,4.500995566511469e-05
2024-01-02,10:34:33,27.059,27.31,25.5,2961,15140583.0,4.500995566511469e-05
2024-01-02,10:34:33,27.0637,27.31,25.5,2961,15140583.0,4.500995566511469e-05
2024-01-02,10:34:33,27.0683,27.31,25.5,2960,15140584.0,4.508200345314904e-05
2024-01-02,10:34:33,27.0731,27.31,25.5,2959,15140582.0,4.515416656864121e-05
2024-01-02,10:34:33,27.0778,27.31,25.5,2960,15140582.0,4.508200345314904e-05
2024-01-02,10:34:33,27.0825,27.31,25.5,2960,15140583.0,4.508200345314904e-05
2024-01-02,10:34:33,27.0892,27.31,25.5,2959,15140583.0,4.515416656864121e-05
2024-01-02,10:34:33,27.0959,27.31,25.5,2960,15140584.0,4.508200345314904e-05
2024-01-02,10:34:33,27.1006,27.31,25.5,2960,15140583.0,4.508200345314904e-05
2024-01-02,10:34:33,27.1052,27.31,25.5,2959,15140582.0,4.515416656864121e-05
2024-01-02,10:34:33,27.1099,27.31,25.5,2959,15140583.0,4.515416656864121e-05
2024-01-02,10:34:33,27.1146,27.31,25.5,2959,15140583.0,4.515416656864121e-05
2024-01-02,10:34:33,27.1193,27.31,25.5,2959,15140582.0,4.515416656864121e-05
2024-01-02,10:34:33,27.1241,27.31,25.5,2960,15140584.0,4.508200345314904e-05
2024-01-02,10:34:33,27.1287,27.31,25.5,2960,15140583.0,4.508200345314904e-05
2024-01-02,10:34:33,27.1334,27.31,25.5,2959,15140582.0,4.515416656864121e-05
2024-01-02,10:34:33,27.1381,27.31,25.5,2959,15140582.0,4.515416656864121e-05
2024-01-02,10:34:33,27.1428,27.31,25.5,2960,15140584.0,4.508200345314904e-05
2024-01-02,10:34:33,27.1475,27.31,25.5,2960,15140584.0,4.508200345314904e-05
2024-01-02,10:34:33,27.1569,27.31,25.5,2960,15140582.0,4.508200345314904e-05
2024-01-02,10:34:33,27.1617,27.31,25.5,2960,15140582.0,4.508200345314904e-05
2024-01-02,10:34:33,27.1664,27.31,25.5,2959,15140583.0,4.515416656864121e-05
2024-01-02,10:34:33,27.171,27.31,25.5,2959,15140583.0,4.515416656864121e-05
2024-01-02,10:34:33,27.1758,27.31,25.5,2959,15140583.0,4.515416656864121e-05
2024-01-02,10:34:34,27.1804,27.31,25.5,2959,15140582.0,4.515416656864121e-05
2024-01-02,10:34:34,27.1851,27.31,25.5,2959,15140581.0,4.515416656864121e-05
2024-01-02,10:34:34,27.1899,27.31,25.5,2959,15140582.0,4.515416656864121e-05
2024-01-02,10:34:34,27.1945,27.31,25.5,2959,15140582.0,4.515416656864121e-05
2024-01-02,10:34:34,27.1992,27.31,25.5,2959,15140581.0,4.515416656864121e-05
2024-01-02,10:34:34,27.2039,27.31,25.5,2959,15140580.0,4.515416656864121e-05
2024-01-02,10:34:34,27.2086,27.31,25.5,2958,15140580.0,4.522644519619663e-05
2024-01-02,10:34:34,27.2133,27.31,25.5,2959,15140580.0,4.515416656864121e-05
2024-01-02,10:34:34,27.2181,27.31,25.5,2960,15140581.0,4.508200345314904e-05
2024-01-02,10:34:34,27.2228,27.31,25.5,2959,15140581.0,4.515416656864121e-05
2024-01-02,10:34:34,27.2275,27.31,25.5,2959,15140581.0,4.515416656864121e-05
2024-01-02,10:34:34,27.2322,27.31,25.5,2960,15140580.0,4.508200345314904e-05
2024-01-02,10:34:34,27.2368,27.31,25.5,2959,15140580.0,4.515416656864121e-05
2024-01-02,10:34:34,27.2416,27.31,25.5,2958,15140581.0,4.522644519619663e-05
2024-01-02,10:34:34,27.2463,27.31,25.5,2959,15140582.0,4.515416656864121e-05
2024-01-02,10:34:34,27.251,27.31,25.5,2960,15140581.0,4.508200345314904e-05
2024-01-02,10:34:34,27.2556,27.31,25.5,2959,15140579.0,4.515416656864121e-05
2024-01-02,10:34:34,27.2603,27.31,25.5,2959,15140579.0,4.515416656864121e-05
2024-01-02,10:34:34,27.2651,27.31,25.5,2960,15140581.0,4.508200345314904e-05
2024-01-02,10:34:34,27.2698,27.31,25.5,2959,15140581.0,4.515416656864121e-05
2024-01-02,10:34:34,27.2745,27.31,25.5,2958,15140580.0,4.522644519619663e-05
2024-01-02,10:34:34,27.2791,27.31,25.5,2958,15140580.0,4.522644519619663e-05
2024-01-02,10:34:34,27.2838,27.31,25.5,2958,15140579.0,4.522644519619663e-05
2024-01-02,10:34:34,27.2885,27.31,25.5,2958,15140579.0,4.522644519619663e-05
2024-01-02,10:34:34,27.2933,27.31,25.5,2959,15140581.0,4.515416656864121e-05
2024-01-02,10:34:34,27.298,27.31,25.5,2959,15140580.0,4.515416656864121e-05
2024-01-02,10:34:34,27.3027,27.31,25.5,2958,15140579.0,4.522644519619663e-05
2024-01-02,10:34:34,27.3073,27.31,25.5,2958,15140580.0,4.522644519619663e-05
2024-01-02,10:34:34,27.312,27.31,25.5,2959,15140581.0,4.515416656864121e-05
2024-01-02,10:34:34,27.3168,27.31,25.5,2958,15140582.0,4.522644519619663e-05
2024-01-02,10:34:34,27.3215,27.31,25.5,2957,15140580.0,4.529883952071649e-05
2024-01-02,10:34:34,27.3263,27.31,25.5,2959,15140578.0,4.515416656864121e-05
2024-01-02,10:34:34,27.3392,27.31,25.5,2959,15140581.0,4.515416656864121e-05
2024-01-02,10:34:34,27.3475,27.31,25.5,2959,15140582.0,4.515416656864121e-05
2024-01-02,10:34:34,27.3522,27.31,25.5,2958,15140581.0,4.522644519619663e-05
2024-01-02,10:34:34,27.3569,27.31,25.5,2958,15140580.0,4.522644519619663e-05
2024-01-02,10:34:34,27.3616,27.31,25.5,2959,15140579.0,4.515416656864121e-05
2024-01-02,10:34:34,27.3664,27.31,25.5,2958,15140579.0,4.522644519619663e-05
2024-01-02,10:34:34,27.371,27.31,25.5,2958,15140580.0,4.522644519619663e-05
2024-01-02,10:34:34,27.3757,27.31,25.5,2958,15140580.0,4.522644519619663e-05
2024-01-02,10:34:34,27.3805,27.31,25.5,2958,15140579.0,4.522644519619663e-05
2024-01-02,10:34:34,27.3852,27.31,25.5,2958,15140579.0,4.522644519619663e-05
2024-01-02,10:34:34,27.3899,27.31,25.5,2959,15140579.0,4.515416656864121e-05
2024-01-02,10:34:34,27.3946,27.31,25.5,2960,15140580.0,4.508200345314904e-05
2024-01-02,10:34:34,27.3993,27.31,25.5,2958,15140581.0,4.522644519619663e-05
2024-01-02,10:34:34,27.4039,27.31,25.5,2956,15140579.0,4.537134972739774e-05
2024-01-02,10:34:34,27.4087,27.31,25.5,2957,15140577.0,4.529883952071649e-05
2024-01-02,10:34:34,27.4133,27.31,25.5,2959,15140579.0,4.515416656864121e-05
2024-01-02,10:34:34,27.418,27.31,25.5,2959,15140580.0,4.515416656864121e-05
2024-01-02,10:34:34,27.4227,27.31,25.5,2958,15140578.0,4.522644519619663e-05
2024-01-02,10:34:34,27.4274,27.31,25.5,2957,15140578.0,4.529883952071649e-05
2024-01-02,10:34:34,27.4322,27.31,25.5,2957,15140578.0,4.529883952071649e-05
2024-01-02,10:34:34,27.4368,27.31,25.5,2958,15140579.0,4.522644519619663e-05
2024-01-02,10:34:34,27.4416,27.31,25.5,2959,15140579.0,4.515416656864121e-05
2024-01-02,10:34:34,27.4464,27.31,25.5,2959,15140578.0,4.515416656864121e-05
2024-01-02,10:34:34,27.451,27.31,25.5,2958,15140578.0,4.522644519619663e-05
2024-01-02,10:34:34,27.4556,27.31,25.5,2958,15140578.0,4.522644519619663e-05
2024-01-02,10:34:34,27.4604,27.31,25.5,2959,15140579.0,4.515416656864121e-05
2024-01-02,10:34:34,27.4651,27.31,25.5,2958,15140579.0,4.522644519619663e-05
2024-01-02,10:34:34,27.4697,27.31,25.5,2958,15140579.0,4.522644519619663e-05
2024-01-02,10:34:34,27.4744,27.31,25.5,2958,15140580.0,4.522644519619663e-05
2024-01-02,10:34:34,27.4837,27.31,25.5,2959,15140580.0,4.515416656864121e-05
2024-01-02,10:34:34,27.4885,27.31,25.5,2959,15140580.0,4.515416656864121e-05
2024-01-02,10:34:34,27.4932,27.31,25.5,2958,15140580.0,4.522644519619663e-05
2024-01-02,10:34:34,27.4978,27.31,25.5,2957,15140579.0,4.529883952071649e-05
2024-01-02,10:34:34,27.5026,27.31,25.5,2958,15140578.0,4.522644519619663e-05
2024-01-02,10:34:34,27.5072,27.31,25.5,2958,15140579.0,4.522644519619663e-05
2024-01-02,10:34:34,27.5119,27.31,25.5,2957,15140579.0,4.529883952071649e-05
2024-01-02,10:34:34,27.5166,27.31,25.5,2957,15140578.0,4.529883952071649e-05
2024-01-02,10:34:34,27.5214,27.31,25.5,2958,15140577.0,4.522644519619663e-05
2024-01-02,10:34:34,27.526,27.31,25.5,2958,15140578.0,4.522644519619663e-05
2024-01-02,10:34:34,27.5308,27.31,25.5,2958,15140578.0,4.522644519619663e-05
2024-01-02,10:34:34,27.5355,27.31,25.5,2958,15140578.0,4.522644519619663e-05
2024-01-02,10:34:34,27.5402,27.31,25.5,2958,15140577.0,4.522644519619663e-05
2024-01-02,10:34:34,27.5449,27.31,25.5,2958,15140577.0,4.522644519619663e-05
2024-01-02,10:34:34,27.5496,27.31,25.5,2958,15140578.0,4.522644519619663e-05
2024-01-02,10:34:34,27.5543,27.31,25.5,2958,15140578.0,4.522644519619663e-05
2024-01-02,10:34:34,27.559,27.31,25.5,2958,15140578.0,4.522644519619663e-05
2024-01-02,10:34:34,27.5637,27.31,25.5,2958,15140578.0,4.522644519619663e-05
2024-01-02,10:34:34,27.5685,27.31,25.5,2958,15140578.0,4.522644519619663e-05
2024-01-02,10:34:34,27.5732,27.31,25.5,2959,15140579.0,4.515416656864121e-05
2024-01-02,10:34:34,27.5778,27.31,25.5,2958,15140579.0,4.522644519619663e-05
2024-01-02,10:34:34,27.5825,27.31,25.5,2957,15140577.0,4.529883952071649e-05
2024-01-02,10:34:34,27.5892,27.31,25.5,2957,15140578.0,4.529883952071649e-05
2024-01-02,10:34:34,27.5959,27.31,25.5,2957,15140578.0,4.529883952071649e-05
2024-01-02,10:34:34,27.6007,27.31,25.5,2958,15140578.0,4.522644519619663e-05
2024-01-02,10:34:34,27.6053,27.31,25.5,2958,15140578.0,4.522644519619663e-05
2024-01-02,10:34:34,27.6101,27.31,25.5,2957,15140578.0,4.529883952071649e-05
2024-01-02,10:34:34,27.6148,27.31,25.5,2957,15140579.0,4.529883952071649e-05
2024-01-02,10:34:34,27.6196,27.31,25.5,2959,15140577.0,4.515416656864121e-05
2024-01-02,10:34:34,27.6242,27.31,25.5,2958,15140576.0,4.522644519619663e-05
2024-01-02,10:34:34,27.6289,27.31,25.5,2957,15140576.0,4.529883952071649e-05
2024-01-02,10:34:34,27.6337,27.31,25.5,2958,15140578.0,4.522644519619663e-05
2024-01-02,10:34:34,27.6384,27.31,25.5,2958,15140578.0,4.522644519619663e-05
2024-01-02,10:34:34,27.643,27.31,25.5,2958,15140577.0,4.522644519619663e-05
2024-01-02,10:34:34,27.6478,27.31,25.5,2958,15140577.0,4.522644519619663e-05
2024-01-02,10:34:34,27.6524,27.31,25.5,2959,15140579.0,4.515416656864121e-05
2024-01-02,10:34:34,27.6572,27.31,25.5,2959,15140578.0,4.515416656864121e-05
2024-01-02,10:34:34,27.6619,27.31,25.5,2958,15140576.0,4.522644519619663e-05
2024-01-02,10:34:34,27.6712,27.31,25.5,2959,15140578.0,4.515416656864121e-05
2024-01-02,10:34:34,27.6759,27.31,25.5,2958,15140577.0,4.522644519619663e-05
2024-01-02,10:34:34,27.6807,27.31,25.5,2957,15140577.0,4.529883952071649e-05
2024-01-02,10:34:34,27.6853,27.31,25.5,2957,15140578.0,4.529883952071649e-05
2024-01-02,10:34:34,27.69,27.31,25.5,2957,15140578.0,4.529883952071649e-05
2024-01-02,10:34:34,27.6947,27.31,25.5,2957,15140578.0,4.529883952071649e-05
2024-01-02,10:34:34,27.6994,27.31,25.5,2958,15140578.0,4.522644519619663e-05
2024-01-02,10:34:34,27.704,27.31,25.5,2959,15140578.0,4.515416656864121e-05
2024-01-02,10:34:34,27.7088,27.31,25.5,2959,15140578.0,4.515416656864121e-05
2024-01-02,10:34:34,27.7135,27.31,25.5,2958,15140579.0,4.522644519619663e-05
2024-01-02,10:34:34,27.7182,27.31,25.5,2957,15140579.0,4.529883952071649e-05
2024-01-02,10:34:34,27.723,27.31,25.5,2958,15140578.0,4.522644519619663e-05
2024-01-02,10:34:34,27.7276,27.31,25.5,2958,15140577.0,4.522644519619663e-05
2024-01-02,10:34:34,27.7323,27.31,25.5,2958,15140577.0,4.522644519619663e-05
2024-01-02,10:34:34,27.7371,27.31,25.5,2958,15140578.0,4.522644519619663e-05
2024-01-02,10:34:34,27.7418,27.31,25.5,2958,15140577.0,4.522644519619663e-05
2024-01-02,10:34:34,27.7465,27.31,25.5,2957,15140576.0,4.529883952071649e-05
2024-01-02,10:34:34,27.7512,27.31,25.5,2958,15140576.0,4.522644519619663e-05
2024-01-02,10:34:34,27.7559,27.31,25.5,2958,15140576.0,4.522644519619663e-05
2024-01-02,10:34:34,27.7606,27.31,25.5,2957,15140576.0,4.529883952071649e-05
2024-01-02,10:34:34,27.7653,27.31,25.5,2956,15140575.0,4.537134972739774e-05
2024-01-02,10:34:34,27.7701,27.31,25.5,2957,15140574.0,4.529883952071649e-05
2024-01-02,10:34:34,27.7749,27.31,25.5,2960,15140576.0,4.508200345314904e-05
2024-01-02,10:34:34,27.7796,27.31,25.5,2959,15140576.0,4.515416656864121e-05
2024-01-02,10:34:34,27.7842,27.31,25.5,2957,15140575.0,4.529883952071649e-05
2024-01-02,10:34:34,27.789,27.31,25.5,2957,15140575.0,4.529883952071649e-05
2024-01-02,10:34:34,27.7937,27.31,25.5,2958,15140576.0,4.522644519619663e-05
2024-01-02,10:34:34,27.7983,27.31,25.5,2958,15140576.0,4.522644519619663e-05
2024-01-02,10:34:34,27.803,27.31,25.5,2959,15140577.0,4.515416656864121e-05
2024-01-02,10:34:34,27.8077,27.31,25.5,2959,15140576.0,4.515416656864121e-05
2024-01-02,10:34:34,27.8124,27.31,25.5,2958,15140574.0,4.522644519619663e-05
2024-01-02,10:34:34,27.8172,27.31,25.5,2958,15140576.0,4.522644519619663e-05
2024-01-02,10:34:34,27.8219,27.31,25.5,2959,15140577.0,4.515416656864121e-05
2024-01-02,10:34:34,27.8265,27.31,25.5,2958,15140576.0,4.522644519619663e-05
2024-01-02,10:34:34,27.8395,27.31,25.5,2958,15140576.0,4.522644519619663e-05
2024-01-02,10:34:34,27.8478,27.31,25.5,2958,15140576.0,4.522644519619663e-05
2024-01-02,10:34:34,27.8524,27.31,25.5,2958,15140575.0,4.522644519619663e-05
2024-01-02,10:34:34,27.8572,27.31,25.5,2959,15140576.0,4.515416656864121e-05
2024-01-02,10:34:34,27.862,27.31,25.5,2958,15140578.0,4.522644519619663e-05
2024-01-02,10:34:34,27.8667,27.31,25.5,2957,15140577.0,4.529883952071649e-05
2024-01-02,10:34:34,27.8713,27.31,25.5,2958,15140576.0,4.522644519619663e-05
2024-01-02,10:34:34,27.8761,27.31,25.5,2958,15140576.0,4.522644519619663e-05
2024-01-02,10:34:34,27.8808,27.31,25.5,2958,15140577.0,4.522644519619663e-05
2024-01-02,10:34:34,27.8855,27.31,25.5,2959,15140578.0,4.515416656864121e-05
2024-01-02,10:34:34,27.8901,27.31,25.5,2959,15140577.0,4.515416656864121e-05
2024-01-02,10:34:34,27.8949,27.31,25.5,2958,15140575.0,4.522644519619663e-05
2024-01-02,10:34:34,27.8996,27.31,25.5,2958,15140576.0,4.522644519619663e-05
2024-01-02,10:34:34,27.9042,27.31,25.5,2959,15140577.0,4.515416656864121e-05
2024-01-02,10:34:34,27.9089,27.31,25.5,2958,15140577.0,4.522644519619663e-05
2024-01-02,10:34:34,27.9136,27.31,25.5,2956,15140575.0,4.537134972739774e-05
2024-01-02,10:34:34,27.9184,27.31,25.5,2957,15140575.0,4.529883952071649e-05
2024-01-02,10:34:34,27.9231,27.31,25.5,2958,15140576.0,4.522644519619663e-05
2024-01-02,10:34:34,27.9278,27.31,25.5,2958,15140577.0,4.522644519619663e-05
2024-01-02,10:34:34,27.9325,27.31,25.5,2958,15140576.0,4.522644519619663e-05
2024-01-02,10:34:34,27.9372,27.31,25.5,2958,15140575.0,4.522644519619663e-05
2024-01-02,10:34:34,27.9419,27.31,25.5,2958,15140575.0,4.522644519619663e-05
2024-01-02,10:34:34,27.9466,27.31,25.5,2957,15140576.0,4.529883952071649e-05
2024-01-02,10:34:34,27.9513,27.31,25.5,2957,15140577.0,4.529883952071649e-05
2024-01-02,10:34:34,27.956,27.31,25.5,2958,15140575.0,4.522644519619663e-05
2024-01-02,10:34:34,27.9607,27.31,25.5,2958,15140575.0,4.522644519619663e-05
2024-01-02,10:34:34,27.9654,27.31,25.5,2958,15140575.0,4.522644519619663e-05
2024-01-02,10:34:34,27.9701,27.31,25.5,2958,15140575.0,4.522644519619663e-05
2024-01-02,10:34:34,27.9748,27.31,25.5,2958,15140575.0,4.522644519619663e-05
2024-01-02,10:34:34,27.9795,27.31,25.5,2959,15140576.0,4.515416656864121e-05
2024-01-02,10:34:34,27.9842,27.31,25.5,2959,15140575.0,4.515416656864121e-05
2024-01-02,10:34:34,27.9936,27.31,25.5,2958,15140577.0,4.522644519619663e-05
2024-01-02,10:34:34,27.9982,27.31,25.5,2957,15140576.0,4.529883952071649e-05
2024-01-02,10:34:34,28.0029,27.31,25.5,2957,15140575.0,4.529883952071649e-05
2024-01-02,10:34:34,28.0076,27.31,25.5,2957,15140575.0,4.529883952071649e-05
2024-01-02,10:34:34,28.0123,27.31,25.5,2958,15140575.0,4.522644519619663e-05
2024-01-02,10:34:34,28.017,27.31,25.5,2959,15140576.0,4.515416656864121e-05
2024-01-02,10:34:34,28.0217,27.31,25.5,2959,15140576.0,4.515416656864121e-05
2024-01-02,10:34:34,28.0265,27.31,25.5,2958,15140575.0,4.522644519619663e-05
2024-01-02,10:34:34,28.0312,27.31,25.5,2958,15140575.0,4.522644519619663e-05
2024-01-02,10:34:34,28.0359,27.31,25.5,2958,15140576.0,4.522644519619663e-05
2024-01-02,10:34:34,28.0405,27.31,25.5,2957,15140576.0,4.529883952071649e-05
2024-01-02,10:34:34,28.0452,27.31,25.5,2957,15140575.0,4.529883952071649e-05
2024-01-02,10:34:34,28.0499,27.31,25.5,2958,15140575.0,4.522644519619663e-05
2024-01-02,10:34:34,28.0546,27.31,25.5,2958,15140575.0,4.522644519619663e-05
2024-01-02,10:34:34,28.0593,27.31,25.5,2957,15140576.0,4.529883952071649e-05
2024-01-02,10:34:34,28.064,27.31,25.5,2958,15140576.0,4.522644519619663e-05
2024-01-02,10:34:34,28.0688,27.31,25.5,2959,15140576.0,4.515416656864121e-05
2024-01-02,10:34:34,28.0735,27.31,25.5,2959,15140576.0,4.515416656864121e-05
2024-01-02,10:34:34,28.0782,27.31,25.5,2959,15140576.0,4.515416656864121e-05
2024-01-02,10:34:34,28.0828,27.31,25.5,2958,15140575.0,4.522644519619663e-05
2024-01-02,10:34:34,28.0894,27.31,25.5,2958,15140575.0,4.522644519619663e-05
2024-01-02,10:34:34,28.0962,27.31,25.5,2958,15140575.0,4.522644519619663e-05
2024-01-02,10:34:34,28.1009,27.31,25.5,2957,15140575.0,4.529883952071649e-05
2024-01-02,10:34:34,28.1056,27.31,25.5,2958,15140575.0,4.522644519619663e-05
2024-01-02,10:34:34,28.1103,27.31,25.5,2959,15140575.0,4.515416656864121e-05
2024-01-02,10:34:34,28.115,27.31,25.5,2958,15140575.0,4.522644519619663e-05
2024-01-02,10:34:34,28.1197,27.31,25.5,2958,15140575.0,4.522644519619663e-05
2024-01-02,10:34:34,28.1244,27.31,25.5,2958,15140575.0,4.522644519619663e-05
2024-01-02,10:34:34,28.1291,27.31,25.5,2958,15140575.0,4.522644519619663e-05
2024-01-02,10:34:34,28.1339,27.31,25.5,2958,15140575.0,4.522644519619663e-05
2024-01-02,10:34:34,28.1385,27.31,25.5,2958,15140574.0,4.522644519619663e-05
2024-01-02,10:34:34,28.1432,27.31,25.5,2958,15140575.0,4.522644519619663e-05
2024-01-02,10:34:34,28.1479,27.31,25.5,2958,15140574.0,4.522644519619663e-05
2024-01-02,10:34:34,28.1526,27.31,25.5,2958,15140575.0,4.522644519619663e-05
2024-01-02,10:34:34,28.1573,27.31,25.5,2958,15140575.0,4.522644519619663e-05
2024-01-02,10:34:34,28.162,27.31,25.5,2958,15140576.0,4.522644519619663e-05
2024-01-02,10:34:35,28.1714,27.31,25.5,2959,15140574.0,4.515416656864121e-05
2024-01-02,10:34:35,28.1761,27.31,25.5,2958,15140576.0,4.522644519619663e-05
2024-01-02,10:34:35,28.1808,27.31,25.5,2958,15140576.0,4.522644519619663e-05
2024-01-02,10:34:35,28.1854,27.31,25.5,2958,15140576.0,4.522644519619663e-05
2024-01-02,10:34:35,28.1901,27.31,25.5,2957,15140575.0,4.529883952071649e-05
2024-01-02,10:34:35,28.1948,27.31,25.5,2958,15140576.0,4.522644519619663e-05
2024-01-02,10:34:35,28.1995,27.31,25.5,2958,15140575.0,4.522644519619663e-05
2024-01-02,10:34:35,28.2043,27.31,25.5,2957,15140576.0,4.529883952071649e-05
2024-01-02,10:34:35,28.209,27.31,25.5,2957,15140576.0,4.529883952071649e-05
2024-01-02,10:34:35,28.2137,27.31,25.5,2958,15140576.0,4.522644519619663e-05
2024-01-02,10:34:35,28.2183,27.31,25.5,2957,15140575.0,4.529883952071649e-05
2024-01-02,10:34:35,28.2231,27.31,25.5,2957,15140575.0,4.529883952071649e-05
2024-01-02,10:34:35,28.2279,27.31,25.5,2958,15140576.0,4.522644519619663e-05
2024-01-02,10:34:35,28.2326,27.31,25.5,2958,15140575.0,4.522644519619663e-05
2024-01-02,10:34:35,28.2373,27.31,25.5,2957,15140574.0,4.529883952071649e-05
2024-01-02,10:34:35,28.2421,27.31,25.5,2957,15140574.0,4.529883952071649e-05
2024-01-02,10:34:35,28.2468,27.31,25.5,2958,15140576.0,4.522644519619663e-05
2024-01-02,10:34:35,28.2515,27.31,25.5,2958,15140575.0,4.522644519619663e-05
2024-01-02,10:34:35,28.2562,27.31,25.5,2958,15140574.0,4.522644519619663e-05
2024-01-02,10:34:35,28.2608,27.31,25.5,2958,15140574.0,4.522644519619663e-05
2024-01-02,10:34:35,28.2656,27.31,25.5,2958,15140574.0,4.522644519619663e-05
2024-01-02,10:34:35,28.2703,27.31,25.5,2958,15140574.0,4.522644519619663e-05
2024-01-02,10:34:35,28.2751,27.31,25.5,2957,15140573.0,4.529883952071649e-05
2024-01-02,10:34:35,28.2798,27.31,25.5,2957,15140573.0,4.529883952071649e-05
2024-01-02,10:34:35,28.2845,27.31,25.5,2958,15140574.0,4.522644519619663e-05
2024-01-02,10:34:35,28.2892,27.31,25.5,2958,15140574.0,4.522644519619663e-05
2024-01-02,10:34:35,28.294,27.31,25.5,2958,15140575.0,4.522644519619663e-05
2024-01-02,10:34:35,28.2987,27.31,25.5,2958,15140574.0,4.522644519619663e-05
2024-01-02,10:34:35,28.3033,27.31,25.5,2958,15140573.0,4.522644519619663e-05
2024-01-02,10:34:35,28.3079,27.31,25.5,2958,15140574.0,4.522644519619663e-05
2024-01-02,10:34:35,28.3127,27.31,25.5,2958,15140575.0,4.522644519619663e-05
2024-01-02,10:34:35,28.3173,27.31,25.5,2958,15140574.0,4.522644519619663e-05
2024-01-02,10:34:35,28.322,27.31,25.5,2958,15140574.0,4.522644519619663e-05
2024-01-02,10:34:35,28.3268,27.31,25.5,2958,15140574.0,4.522644519619663e-05
2024-01-02,10:34:35,28.3397,27.31,25.5,2958,15140576.0,4.522644519619663e-05
2024-01-02,10:34:35,28.348,27.31,25.5,2957,15140575.0,4.529883952071649e-05
2024-01-02,10:34:35,28.3527,27.31,25.5,2957,15140574.0,4.529883952071649e-05
2024-01-02,10:34:35,28.3574,27.31,25.5,2957,15140578.0,4.529883952071649e-05
2024-01-02,10:34:35,28.362,27.31,25.5,2957,15140578.0,4.529883952071649e-05
2024-01-02,10:34:35,28.3668,27.31,25.5,2957,15140575.0,4.529883952071649e-05
2024-01-02,10:34:35,28.3715,27.31,25.5,2957,15140575.0,4.529883952071649e-05
2024-01-02,10:34:35,28.3762,27.31,25.5,2957,15140575.0,4.529883952071649e-05
2024-01-02,10:34:35,28.3809,27.31,25.5,2958,15140574.0,4.522644519619663e-05
2024-01-02,10:34:35,28.3856,27.31,25.5,2958,15140574.0,4.522644519619663e-05
2024-01-02,10:34:35,28.3903,27.31,25.5,2957,15140575.0,4.529883952071649e-05
2024-01-02,10:34:35,28.395,27.31,25.5,2957,15140575.0,4.529883952071649e-05
2024-01-02,10:34:35,28.3996,27.31,25.5,2957,15140575.0,4.529883952071649e-05
2024-01-02,10:34:35,28.4044,27.31,25.5,2957,15140575.0,4.529883952071649e-05
2024-01-02,10:34:35,28.4091,27.31,25.5,2957,15140575.0,4.529883952071649e-05
2024-01-02,10:34:35,28.4137,27.31,25.5,2957,15140576.0,4.529883952071649e-05
2024-01-02,10:34:35,28.4185,27.31,25.5,2957,15140575.0,4.529883952071649e-05
2024-01-02,10:34:35,28.4233,27.31,25.5,2956,15140574.0,4.537134972739774e-05
2024-01-02,10:34:35,28.428,27.31,25.5,2957,15140573.0,4.529883952071649e-05
2024-01-02,10:34:35,28.4327,27.31,25.5,2958,15140574.0,4.522644519619663e-05
2024-01-02,10:34:35,28.4373,27.31,25.5,2957,15140574.0,4.529883952071649e-05
2024-01-02,10:34:35,28.442,27.31,25.5,2957,15140573.0,4.529883952071649e-05
2024-01-02,10:34:35,28.4467,27.31,25.5,2958,15140573.0,4.522644519619663e-05
2024-01-02,10:34:35,28.4514,27.31,25.5,2958,15140573.0,4.522644519619663e-05
2024-01-02,10:34:35,28.4562,27.31,25.5,2957,15140574.0,4.529883952071649e-05
2024-01-02,10:34:35,28.4608,27.31,25.5,2957,15140575.0,4.529883952071649e-05
2024-01-02,10:34:35,28.4656,27.31,25.5,2957,15140574.0,4.529883952071649e-05
2024-01-02,10:34:35,28.4703,27.31,25.5,2957,15140574.0,4.529883952071649e-05
2024-01-02,10:34:35,28.4749,27.31,25.5,2957,15140574.0,4.529883952071649e-05
2024-01-02,10:34:35,28.4796,27.31,25.5,2957,15140575.0,4.529883952071649e-05
2024-01-02,10:34:35,28.4889,27.31,25.5,2957,15140573.0,4.529883952071649e-05
2024-01-02,10:34:35,28.4937,27.31,25.5,2957,15140574.0,4.529883952071649e-05
2024-01-02,10:34:35,28.4985,27.31,25.5,2957,15140575.0,4.529883952071649e-05
2024-01-02,10:34:35,28.5031,27.31,25.5,2957,15140574.0,4.529883952071649e-05
2024-01-02,10:34:35,28.5078,27.31,25.5,2957,15140574.0,4.529883952071649e-05
2024-01-02,10:34:35,28.5125,27.31,25.5,2957,15140575.0,4.529883952071649e-05
2024-01-02,10:34:35,28.5173,27.31,25.5,2956,15140574.0,4.537134972739774e-05
2024-01-02,10:34:35,28.522,27.31,25.5,2957,15140574.0,4.529883952071649e-05
2024-01-02,10:34:35,28.5266,27.31,25.5,2957,15140574.0,4.529883952071649e-05
2024-01-02,10:34:35,28.5313,27.31,25.5,2956,15140574.0,4.537134972739774e-05
2024-01-02,10:34:35,28.536,27.31,25.5,2956,15140573.0,4.537134972739774e-05
2024-01-02,10:34:35,28.5408,27.31,25.5,2957,15140573.0,4.529883952071649e-05
2024-01-02,10:34:35,28.5454,27.31,25.5,2958,15140575.0,4.522644519619663e-05
2024-01-02,10:34:35,28.5502,27.31,25.5,2957,15140575.0,4.529883952071649e-05
2024-01-02,10:34:35,28.5549,27.31,25.5,2957,15140574.0,4.529883952071649e-05
2024-01-02,10:34:35,28.5596,27.31,25.5,2958,15140573.0,4.522644519619663e-05
2024-01-02,10:34:35,28.5643,27.31,25.5,2958,15140574.0,4.522644519619663e-05
2024-01-02,10:34:35,28.5691,27.31,25.5,2958,15140574.0,4.522644519619663e-05
2024-01-02,10:34:35,28.5737,27.31,25.5,2958,15140573.0,4.522644519619663e-05
2024-01-02,10:34:35,28.5784,27.31,25.5,2957,15140574.0,4.529883952071649e-05
2024-01-02,10:34:35,28.5831,27.31,25.5,2957,15140574.0,4.529883952071649e-05
2024-01-02,10:34:35,28.5898,27.31,25.5,2957,15140575.0,4.529883952071649e-05
2024-01-02,10:34:35,28.5964,27.31,25.5,2956,15140573.0,4.537134972739774e-05
2024-01-02,10:34:35,28.6012,27.31,25.5,2957,15140573.0,4.529883952071649e-05
2024-01-02,10:34:35,28.6059,27.31,25.5,2958,15140574.0,4.522644519619663e-05
2024-01-02,10:34:35,28.6107,27.31,25.5,2957,15140574.0,4.529883952071649e-05
2024-01-02,10:34:35,28.6153,27.38,25.5,2957,15140574.0,4.529883952071649e-05
2024-01-02,10:34:35,28.6199,27.38,25.5,2957,15140573.0,4.529883952071649e-05
2024-01-02,10:34:35,28.6247,27.38,25.5,2957,15140573.0,4.529883952071649e-05
2024-01-02,10:34:35,28.6294,27.38,25.5,2956,15140573.0,4.537134972739774e-05
2024-01-02,10:34:35,28.6341,27.38,25.5,2957,15140575.0,4.529883952071649e-05
2024-01-02,10:34:35,28.6388,27.38,25.5,2957,15140574.0,4.529883952071649e-05
2024-01-02,10:34:35,28.6435,27.38,25.5,2956,15140574.0,4.537134972739774e-05
2024-01-02,10:34:35,28.6482,27.38,25.5,2956,15140575.0,4.537134972739774e-05
2024-01-02,10:34:35,28.6528,27.38,25.5,2957,15140576.0,4.529883952071649e-05
2024-01-02,10:34:35,28.6574,27.38,25.5,2957,15140575.0,4.529883952071649e-05
2024-01-02,10:34:35,28.6621,27.38,25.5,2956,15140574.0,4.537134972739774e-05
2024-01-02,10:34:35,28.6715,27.38,25.5,2957,15140576.0,4.529883952071649e-05
2024-01-02,10:34:35,28.6763,27.38,25.5,2957,15140576.0,4.529883952071649e-05
2024-01-02,10:34:35,28.6809,27.38,25.5,2956,15140575.0,4.537134972739774e-05
2024-01-02,10:34:35,28.6857,27.38,25.5,2956,15140575.0,4.537134972739774e-05
2024-01-02,10:34:35,28.6903,27.38,25.5,2956,15140574.0,4.537134972739774e-05
2024-01-02,10:34:35,28.6951,27.38,25.5,2957,15140574.0,4.529883952071649e-05
2024-01-02,10:34:35,28.6998,27.38,25.5,2957,15140574.0,4.529883952071649e-05
2024-01-02,10:34:35,28.7045,27.38,25.5,2956,15140574.0,4.537134972739774e-05
2024-01-02,10:34:35,28.7092,27.38,25.5,2956,15140574.0,4.537134972739774e-05
2024-01-02,10:34:35,28.7139,27.38,25.5,2957,15140574.0,4.529883952071649e-05
2024-01-02,10:34:35,28.7186,27.38,25.5,2956,15140574.0,4.537134972739774e-05
2024-01-02,10:34:35,28.7234,27.38,25.5,2955,15140574.0,4.544397600173391e-05
2024-01-02,10:34:35,28.7281,27.38,25.5,2955,15140574.0,4.544397600173391e-05
2024-01-02,10:34:35,28.7328,27.38,25.5,2956,15140573.0,4.537134972739774e-05
2024-01-02,10:34:35,28.7375,27.38,25.5,2957,15140574.0,4.529883952071649e-05
2024-01-02,10:34:35,28.7422,27.38,25.5,2956,15140574.0,4.537134972739774e-05
2024-01-02,10:34:35,28.7469,27.38,25.5,2955,15140574.0,4.544397600173391e-05
2024-01-02,10:34:35,28.7516,27.38,25.5,2956,15140573.0,4.537134972739774e-05
2024-01-02,10:34:35,28.7563,27.38,25.5,2956,15140573.0,4.537134972739774e-05
2024-01-02,10:34:35,28.7611,27.38,25.5,2955,15140574.0,4.544397600173391e-05
2024-01-02,10:34:35,28.7658,27.38,25.5,2956,15140573.0,4.537134972739774e-05
2024-01-02,10:34:35,28.7705,27.38,25.5,2957,15140573.0,4.529883952071649e-05
2024-01-02,10:34:35,28.7753,27.38,25.5,2957,15140574.0,4.529883952071649e-05
2024-01-02,10:34:35,28.78,27.38,25.5,2956,15140575.0,4.537134972739774e-05
2024-01-02,10:34:35,28.7847,27.38,25.5,2956,15140574.0,4.537134972739774e-05
2024-01-02,10:34:35,28.7893,27.38,25.5,2958,15140573.0,4.522644519619663e-05
2024-01-02,10:34:35,28.794,27.38,25.5,2957,15140572.0,4.529883952071649e-05
2024-01-02,10:34:35,28.7987,27.38,25.5,2955,15140573.0,4.544397600173391e-05
2024-01-02,10:34:35,28.8035,27.38,25.5,2955,15140574.0,4.544397600173391e-05
2024-01-02,10:34:35,28.8082,27.38,25.5,2955,15140574.0,4.544397600173391e-05
2024-01-02,10:34:35,28.8129,27.38,25.5,2955,15140573.0,4.544397600173391e-05
2024-01-02,10:34:35,28.8176,27.38,25.5,2955,15140573.0,4.544397600173391e-05
2024-01-02,10:34:35,28.8223,27.38,25.5,2955,15140574.0,4.544397600173391e-05
2024-01-02,10:34:35,28.827,27.38,25.5,2955,15140574.0,4.544397600173391e-05
2024-01-02,10:34:35,28.8401,27.38,25.5,2955,15140573.0,4.544397600173391e-05
2024-01-02,10:34:35,28.8484,27.38,25.5,2955,15140573.0,4.544397600173391e-05
2024-01-02,10:34:35,28.8531,27.38,25.5,2955,15140574.0,4.544397600173391e-05
2024-01-02,10:34:35,28.8578,27.38,25.5,2955,15140574.0,4.544397600173391e-05
2024-01-02,10:34:35,28.8625,27.38,25.5,2955,15140573.0,4.544397600173391e-05
2024-01-02,10:34:35,28.8672,27.38,25.5,2954,15140571.0,4.551671852951535e-05
2024-01-02,10:34:35,28.8719,27.38,25.5,2955,15140571.0,4.544397600173391e-05
2024-01-02,10:34:35,28.8766,27.38,25.5,2957,15140574.0,4.529883952071649e-05
2024-01-02,10:34:35,28.8814,27.38,25.5,2956,15140574.0,4.537134972739774e-05
2024-01-02,10:34:35,28.886,27.38,25.5,2955,15140572.0,4.544397600173391e-05
2024-01-02,10:34:35,28.8907,27.38,25.5,2956,15140572.0,4.537134972739774e-05
2024-01-02,10:34:35,28.8955,27.38,25.5,2956,15140574.0,4.537134972739774e-05
2024-01-02,10:34:35,28.9002,27.38,25.5,2955,15140573.0,4.544397600173391e-05
2024-01-02,10:34:35,28.9049,27.38,25.5,2955,15140573.0,4.544397600173391e-05
2024-01-02,10:34:35,28.9097,27.38,25.5,2956,15140572.0,4.537134972739774e-05
2024-01-02,10:34:35,28.9143,27.38,25.5,2956,15140573.0,4.537134972739774e-05
2024-01-02,10:34:35,28.919,27.38,25.5,2956,15140572.0,4.537134972739774e-05
2024-01-02,10:34:35,28.9237,27.38,25.5,2956,15140573.0,4.537134972739774e-05
2024-01-02,10:34:35,28.9283,27.38,25.5,2955,15140574.0,4.544397600173391e-05
2024-01-02,10:34:35,28.933,27.38,25.5,2955,15140573.0,4.544397600173391e-05
2024-01-02,10:34:35,28.9378,27.38,25.5,2955,15140573.0,4.544397600173391e-05
2024-01-02,10:34:35,28.9425,27.38,25.5,2956,15140574.0,4.537134972739774e-05
2024-01-02,10:34:35,28.9472,27.38,25.5,2956,15140574.0,4.537134972739774e-05
2024-01-02,10:34:35,28.9519,27.38,25.5,2955,15140573.0,4.544397600173391e-05
2024-01-02,10:34:35,28.9566,27.38,25.5,2955,15140573.0,4.544397600173391e-05
2024-01-02,10:34:35,28.9614,27.38,25.5,2955,15140574.0,4.544397600173391e-05
2024-01-02,10:34:35,28.9661,27.38,25.5,2955,15140574.0,4.544397600173391e-05
2024-01-02,10:34:35,28.9708,27.38,25.5,2955,15140573.0,4.544397600173391e-05
2024-01-02,10:34:35,28.9755,27.38,25.5,2955,15140572.0,4.544397600173391e-05
2024-01-02,10:34:35,28.9801,27.38,25.5,2954,15140572.0,4.551671852951535e-05
2024-01-02,10:34:35,28.9849,27.38,25.5,2954,15140573.0,4.551671852951535e-05
2024-01-02,10:34:35,28.9897,27.38,25.5,2955,15140574.0,4.544397600173391e-05
2024-01-02,10:34:35,28.9943,27.38,25.5,2955,15140573.0,4.544397600173391e-05
2024-01-02,10:34:35,29.0037,27.38,25.5,2954,15140573.0,4.551671852951535e-05
2024-01-02,10:34:35,29.0085,27.38,25.5,2955,15140574.0,4.544397600173391e-05
2024-01-02,10:34:35,29.0132,27.38,25.5,2955,15140574.0,4.544397600173391e-05
2024-01-02,10:34:35,29.0178,27.38,25.5,2954,15140573.0,4.551671852951535e-05
2024-01-02,10:34:35,29.0226,27.38,25.5,2955,15140572.0,4.544397600173391e-05
2024-01-02,10:34:35,29.0273,27.38,25.5,2956,15140572.0,4.537134972739774e-05
2024-01-02,10:34:35,29.032,27.38,25.5,2955,15140573.0,4.544397600173391e-05
2024-01-02,10:34:35,29.0367,27.38,25.5,2954,15140572.0,4.551671852951535e-05
2024-01-02,10:34:35,29.0414,27.38,25.5,2954,15140572.0,4.551671852951535e-05
2024-01-02,10:34:35,29.0461,27.38,25.5,2955,15140573.0,4.544397600173391e-05
2024-01-02,10:34:35,29.0508,27.38,25.5,2955,15140573.0,4.544397600173391e-05
2024-01-02,10:34:35,29.0555,27.38,25.5,2955,15140573.0,4.544397600173391e-05
2024-01-02,10:34:35,29.0603,27.38,25.5,2955,15140572.0,4.544397600173391e-05
2024-01-02,10:34:35,29.065,27.38,25.5,2954,15140571.0,4.551671852951535e-05
2024-01-02,10:34:35,29.0697,27.38,25.5,2954,15140572.0,4.551671852951535e-05
2024-01-02,10:34:35,29.0744,27.38,25.5,2955,15140573.0,4.544397600173391e-05
2024-01-02,10:34:35,29.0791,27.38,25.5,2954,15140574.0,4.551671852951535e-05
2024-01-02,10:34:35,29.0838,27.38,25.5,2953,15140573.0,4.558957749682996e-05
2024-01-02,10:34:35,29.0905,27.38,25.5,2953,15140572.0,4.558957749682996e-05
2024-01-02,10:34:35,29.0972,27.38,25.5,2954,15140573.0,4.551671852951535e-05
2024-01-02,10:34:35,29.1019,27.38,25.5,2954,15140573.0,4.551671852951535e-05
2024-01-02,10:34:35,29.1065,27.38,25.5,2953,15140572.0,4.558957749682996e-05
2024-01-02,10:34:35,29.1113,27.38,25.5,2954,15140572.0,4.551671852951535e-05
2024-01-02,10:34:35,29.116,27.38,25.5,2955,15140573.0,4.544397600173391e-05
2024-01-02,10:34:35,29.1207,27.38,25.75,2954,15140572.0,4.551671852951535e-05
2024-01-02,10:34:35,29.1253,27.38,25.75,2953,15140572.0,4.558957749682996e-05
2024-01-02,10:34:35,29.1301,27.38,25.75,2954,15140573.0,4.551671852951535e-05
2024-01-02,10:34:35,29.1349,27.38,25.75,2954,15140572.0,4.551671852951535e-05
2024-01-02,10:34:35,29.1396,27.38,25.75,2954,15140572.0,4.551671852951535e-05
2024-01-02,10:34:35,29.1443,27.38,25.75,2954,15140571.0,4.551671852951535e-05
2024-01-02,10:34:35,29.149,27.38,25.75,2954,15140571.0,4.551671852951535e-05
2024-01-02,10:34:35,29.1538,27.38,25.75,2954,15140571.0,4.551671852951535e-05
2024-01-02,10:34:35,29.1585,27.38,25.75,2953,15140571.0,4.558957749682996e-05
2024-01-02,10:34:36,29.1632,27.38,25.75,2952,15140572.0,4.566255309006328e-05
2024-01-02,10:34:36,29.168,27.38,25.75,2953,15140571.0,4.558957749682996e-05
2024-01-02,10:34:36,29.1726,27.38,25.75,2954,15140571.0,4.551671852951535e-05
2024-01-02,10:34:36,29.1773,27.38,25.75,2953,15140572.0,4.558957749682996e-05
2024-01-02,10:34:36,29.182,27.38,25.75,2953,15140571.0,4.558957749682996e-05
2024-01-02,10:34:36,29.1867,27.38,25.75,2954,15140571.0,4.551671852951535e-05
2024-01-02,10:34:36,29.1914,27.38,25.75,2954,15140571.0,4.551671852951535e-05
2024-01-02,10:34:36,29.1961,27.38,25.75,2954,15140571.0,4.551671852951535e-05
2024-01-02,10:34:36,29.2055,27.38,25.75,2954,15140572.0,4.551671852951535e-05
2024-01-02,10:34:36,29.2102,27.38,25.75,2953,15140570.0,4.558957749682996e-05
2024-01-02,10:34:36,29.2149,27.38,25.75,2952,15140571.0,4.566255309006328e-05
2024-01-02,10:34:36,29.2197,27.38,25.75,2953,15140572.0,4.558957749682996e-05
2024-01-02,10:34:36,29.2244,27.38,25.75,2954,15140571.0,4.551671852951535e-05
2024-01-02,10:34:36,29.2291,27.38,25.75,2954,15140571.0,4.551671852951535e-05
2024-01-02,10:34:36,29.2338,27.38,25.75,2953,15140572.0,4.558957749682996e-05
2024-01-02,10:34:36,29.2385,27.38,25.75,2952,15140572.0,4.566255309006328e-05
2024-01-02,10:34:36,29.2432,27.38,25.75,2952,15140571.0,4.566255309006328e-05
2024-01-02,10:34:36,29.248,27.38,25.75,2952,15140571.0,4.566255309006328e-05
2024-01-02,10:34:36,29.2526,27.38,25.75,2952,15140571.0,4.566255309006328e-05
2024-01-02,10:34:36,29.2573,27.38,25.75,2953,15140572.0,4.558957749682996e-05
2024-01-02,10:34:36,29.262,27.38,25.75,2953,15140572.0,4.558957749682996e-05
2024-01-02,10:34:36,29.2668,27.38,25.75,2953,15140571.0,4.558957749682996e-05
2024-01-02,10:34:36,29.2715,27.38,25.75,2953,15140571.0,4.558957749682996e-05
2024-01-02,10:34:36,29.2761,27.38,25.75,2953,15140571.0,4.558957749682996e-05
2024-01-02,10:34:36,29.2809,27.38,25.75,2953,15140572.0,4.558957749682996e-05
2024-01-02,10:34:36,29.2856,27.38,25.75,2953,15140572.0,4.558957749682996e-05
2024-01-02,10:34:36,29.2903,27.38,25.75,2953,15140571.0,4.558957749682996e-05
2024-01-02,10:34:36,29.295,27.38,25.75,2952,15140571.0,4.566255309006328e-05
2024-01-02,10:34:36,29.2997,27.38,25.75,2952,15140571.0,4.566255309006328e-05
2024-01-02,10:34:36,29.3045,27.38,25.75,2953,15140572.0,4.558957749682996e-05
2024-01-02,10:34:36,29.3092,27.38,25.75,2953,15140571.0,4.558957749682996e-05
2024-01-02,10:34:36,29.3139,27.38,25.75,2952,15140570.0,4.566255309006328e-05
2024-01-02,10:34:36,29.3186,27.38,25.75,2952,15140571.0,4.566255309006328e-05
2024-01-02,10:34:36,29.3233,27.38,25.75,2952,15140571.0,4.566255309006328e-05
2024-01-02,10:34:36,29.328,27.38,25.75,2951,15140571.0,4.573564549589943e-05
2024-01-02,10:34:36,29.3328,27.38,25.75,2950,15140571.0,4.580885490132121e-05
2024-01-02,10:34:36,29.3394,27.38,25.75,2951,15140570.0,4.573564549589943e-05
2024-01-02,10:34:36,29.3461,27.38,25.75,2952,15140569.0,4.566255309006328e-05
2024-01-02,10:34:36,29.3509,27.38,25.75,2952,15140569.0,4.566255309006328e-05
2024-01-02,10:34:36,29.3556,27.38,25.75,2952,15140570.0,4.566255309006328e-05
2024-01-02,10:34:36,29.3604,27.38,25.75,2951,15140571.0,4.573564549589943e-05
2024-01-02,10:34:36,29.3651,27.38,25.75,2951,15140571.0,4.573564549589943e-05
2024-01-02,10:34:36,29.3698,27.38,25.75,2952,15140570.0,4.566255309006328e-05
2024-01-02,10:34:36,29.3746,27.38,25.75,2951,15140570.0,4.573564549589943e-05
2024-01-02,10:34:36,29.3793,27.38,25.75,2951,15140570.0,4.573564549589943e-05
2024-01-02,10:34:36,29.384,27.38,25.75,2952,15140571.0,4.566255309006328e-05
2024-01-02,10:34:36,29.3886,27.38,25.75,2951,15140570.0,4.573564549589943e-05
2024-01-02,10:34:36,29.3934,27.38,25.75,2951,15140571.0,4.573564549589943e-05
2024-01-02,10:34:36,29.3981,27.38,25.75,2952,15140571.0,4.566255309006328e-05
2024-01-02,10:34:36,29.4075,27.38,25.75,2952,15140572.0,4.566255309006328e-05
2024-01-02,10:34:36,29.4121,27.38,25.75,2951,15140570.0,4.573564549589943e-05
2024-01-02,10:34:36,29.4168,27.38,25.75,2952,15140569.0,4.566255309006328e-05
2024-01-02,10:34:36,29.4215,27.38,25.75,2952,15140570.0,4.566255309006328e-05
2024-01-02,10:34:36,29.4263,27.38,25.75,2951,15140571.0,4.573564549589943e-05
2024-01-02,10:34:36,29.431,27.38,25.75,2950,15140570.0,4.580885490132121e-05
2024-01-02,10:34:36,29.4357,27.38,25.75,2951,15140569.0,4.573564549589943e-05
2024-01-02,10:34:36,29.4404,27.38,25.75,2952,15140569.0,4.566255309006328e-05
2024-01-02,10:34:36,29.4452,27.38,25.75,2951,15140570.0,4.573564549589943e-05
2024-01-02,10:34:36,29.4499,27.38,25.75,2951,15140571.0,4.573564549589943e-05
2024-01-02,10:34:36,29.4546,27.38,25.75,2951,15140571.0,4.573564549589943e-05
2024-01-02,10:34:36,29.4592,27.38,25.75,2950,15140570.0,4.580885490132121e-05
2024-01-02,10:34:36,29.4639,27.38,25.75,2951,15140569.0,4.573564549589943e-05
2024-01-02,10:34:36,29.4686,27.38,25.75,2952,15140571.0,4.566255309006328e-05
2024-01-02,10:34:36,29.4734,27.38,25.75,2951,15140572.0,4.573564549589943e-05
2024-01-02,10:34:36,29.4781,27.38,25.75,2950,15140570.0,4.580885490132121e-05
2024-01-02,10:34:36,29.4828,27.38,25.75,2950,15140569.0,4.580885490132121e-05
2024-01-02,10:34:36,29.4876,27.38,25.75,2950,15140570.0,4.580885490132121e-05
2024-01-02,10:34:36,29.4923,27.38,25.75,2950,15140570.0,4.580885490132121e-05
2024-01-02,10:34:36,29.4969,27.38,25.75,2950,15140569.0,4.580885490132121e-05
2024-01-02,10:34:36,29.5017,27.38,25.75,2950,15140569.0,4.580885490132121e-05
2024-01-02,10:34:36,29.5065,27.38,25.75,2950,15140570.0,4.580885490132121e-05
2024-01-02,10:34:36,29.5112,27.38,25.75,2950,15140570.0,4.580885490132121e-05
2024-01-02,10:34:36,29.5159,27.38,25.75,2950,15140570.0,4.580885490132121e-05
2024-01-02,10:34:36,29.5205,27.38,25.75,2950,15140569.0,4.580885490132121e-05
2024-01-02,10:34:36,29.5252,27.38,25.75,2950,15140568.0,4.580885490132121e-05
2024-01-02,10:34:36,29.53,27.38,25.75,2950,15140569.0,4.580885490132121e-05
2024-01-02,10:34:36,29.5348,27.38,25.75,2950,15140570.0,4.580885490132121e-05
2024-01-02,10:34:36,29.5394,27.38,25.75,2950,15140569.0,4.580885490132121e-05
2024-01-02,10:34:36,29.5442,27.38,25.75,2950,15140569.0,4.580885490132121e-05
2024-01-02,10:34:36,29.5488,27.38,25.75,2950,15140569.0,4.580885490132121e-05
2024-01-02,10:34:36,29.5535,27.38,25.75,2950,15140569.0,4.580885490132121e-05
2024-01-02,10:34:36,29.5582,27.38,25.75,2949,15140570.0,4.58821814936108e-05
2024-01-02,10:34:36,29.5629,27.38,25.75,2949,15140570.0,4.58821814936108e-05
2024-01-02,10:34:36,29.5678,27.38,25.75,2950,15140570.0,4.580885490132121e-05
2024-01-02,10:34:36,29.5725,27.38,25.75,2950,15140570.0,4.580885490132121e-05
2024-01-02,10:34:36,29.5772,27.38,25.75,2950,15140570.0,4.580885490132121e-05
2024-01-02,10:34:36,29.5901,27.38,25.75,2950,15140569.0,4.580885490132121e-05
2024-01-02,10:34:36,29.5984,27.38,25.75,2950,15140569.0,4.580885490132121e-05
2024-01-02,10:34:36,29.6032,27.38,25.75,2950,15140569.0,4.580885490132121e-05
2024-01-02,10:34:36,29.6079,27.38,25.75,2950,15140569.0,4.580885490132121e-05
2024-01-02,10:34:36,29.6126,27.38,25.75,2950,15140570.0,4.580885490132121e-05
2024-01-02,10:34:36,29.6174,27.38,25.75,2950,15140569.0,4.580885490132121e-05
2024-01-02,10:34:36,29.6221,27.38,25.75,2949,15140568.0,4.58821814936108e-05
2024-01-02,10:34:36,29.6268,27.38,25.75,2948,15140568.0,4.595562546035009e-05
2024-01-02,10:34:36,29.6315,27.38,25.75,2949,15140569.0,4.58821814936108e-05
2024-01-02,10:34:36,29.6362,27.38,25.75,2950,15140569.0,4.580885490132121e-05
2024-01-02,10:34:36,29.6409,27.38,25.75,2950,15140568.0,4.580885490132121e-05
2024-01-02,10:34:36,29.6457,27.38,25.75,2949,15140568.0,4.58821814936108e-05
2024-01-02,10:34:36,29.6504,27.38,25.75,2949,15140568.0,4.58821814936108e-05
2024-01-02,10:34:36,29.6551,27.38,25.75,2950,15140569.0,4.580885490132121e-05
2024-01-02,10:34:36,29.6599,27.38,25.75,2949,15140570.0,4.58821814936108e-05
2024-01-02,10:34:36,29.6647,27.38,25.75,2948,15140568.0,4.595562546035009e-05
2024-01-02,10:34:36,29.6693,27.38,25.75,2949,15140568.0,4.58821814936108e-05
2024-01-02,10:34:36,29.674,27.38,25.75,2949,15140567.0,4.58821814936108e-05
2024-01-02,10:34:36,29.6788,27.38,25.75,2948,15140568.0,4.595562546035009e-05
2024-01-02,10:34:36,29.6835,27.38,25.75,2948,15140568.0,4.595562546035009e-05
2024-01-02,10:34:36,29.6882,27.38,25.75,2948,15140568.0,4.595562546035009e-05
2024-01-02,10:34:36,29.693,27.38,25.75,2949,15140568.0,4.58821814936108e-05
2024-01-02,10:34:36,29.6978,27.38,25.75,2949,15140567.0,4.58821814936108e-05
2024-01-02,10:34:36,29.7024,27.38,25.75,2948,15140567.0,4.595562546035009e-05
2024-01-02,10:34:36,29.7072,27.38,25.75,2948,15140568.0,4.595562546035009e-05
2024-01-02,10:34:36,29.7119,27.38,25.75,2948,15140568.0,4.595562546035009e-05
2024-01-02,10:34:36,29.7166,27.38,25.75,2948,15140568.0,4.595562546035009e-05
2024-01-02,10:34:36,29.7213,27.38,25.75,2948,15140568.0,4.595562546035009e-05
2024-01-02,10:34:36,29.726,27.38,25.75,2948,15140568.0,4.595562546035009e-05
2024-01-02,10:34:36,29.7308,27.38,25.75,2949,15140568.0,4.58821814936108e-05
2024-01-02,10:34:36,29.7355,27.38,25.75,2949,15140568.0,4.58821814936108e-05
2024-01-02,10:34:36,29.7403,27.38,25.75,2948,15140567.0,4.595562546035009e-05
2024-01-02,10:34:36,29.745,27.38,25.75,2949,15140567.0,4.58821814936108e-05
2024-01-02,10:34:36,29.7497,27.38,25.75,2949,15140567.0,4.58821814936108e-05
2024-01-02,10:34:36,29.7543,27.38,25.75,2948,15140567.0,4.595562546035009e-05
2024-01-02,10:34:36,29.7591,27.38,25.75,2948,15140567.0,4.595562546035009e-05
2024-01-02,10:34:36,29.7639,27.38,25.75,2948,15140566.0,4.595562546035009e-05
2024-01-02,10:34:36,29.7687,27.38,25.75,2948,15140567.0,4.595562546035009e-05
2024-01-02,10:34:36,29.7734,27.38,25.75,2948,15140567.0,4.595562546035009e-05
2024-01-02,10:34:36,29.7781,27.38,25.75,2948,15140567.0,4.595562546035009e-05
2024-01-02,10:34:36,29.7829,27.38,25.75,2948,15140567.0,4.595562546035009e-05
2024-01-02,10:34:36,29.7922,27.38,25.75,2948,15140568.0,4.595562546035009e-05
2024-01-02,10:34:36,29.797,27.38,25.75,2948,15140568.0,4.595562546035009e-05
2024-01-02,10:34:36,29.8016,27.38,25.75,2948,15140568.0,4.595562546035009e-05
2024-01-02,10:34:36,29.8064,27.38,25.75,2948,15140568.0,4.595562546035009e-05
2024-01-02,10:34:36,29.8112,27.38,25.75,2948,15140567.0,4.595562546035009e-05
2024-01-02,10:34:36,29.8159,27.38,25.75,2948,15140567.0,4.595562546035009e-05
2024-01-02,10:34:36,29.8206,27.38,25.75,2948,15140567.0,4.595562546035009e-05
2024-01-02,10:34:36,29.8254,27.38,25.75,2948,15140567.0,4.595562546035009e-05
2024-01-02,10:34:36,29.8301,27.38,25.75,2949,15140566.0,4.58821814936108e-05
2024-01-02,10:34:36,29.8348,27.38,25.75,2949,15140566.0,4.58821814936108e-05
2024-01-02,10:34:36,29.8415,27.38,25.75,2948,15140567.0,4.595562546035009e-05
2024-01-02,10:34:36,29.8482,27.38,25.75,2948,15140568.0,4.595562546035009e-05
2024-01-02,10:34:36,29.8529,27.38,25.75,2948,15140569.0,4.595562546035009e-05
2024-01-02,10:34:36,29.8576,27.38,25.75,2948,15140567.0,4.595562546035009e-05
2024-01-02,10:34:36,29.8624,27.38,25.75,2948,15140566.0,4.595562546035009e-05
2024-01-02,10:34:36,29.8671,27.38,25.75,2947,15140566.0,4.602918698942135e-05
2024-01-02,10:34:36,29.8718,27.38,25.75,2946,15140567.0,4.610286626900744e-05
2024-01-02,10:34:36,29.8766,27.38,25.75,2947,15140568.0,4.602918698942135e-05
2024-01-02,10:34:36,29.8813,27.38,25.75,2947,15140567.0,4.602918698942135e-05
2024-01-02,10:34:36,29.886,27.38,25.75,2946,15140566.0,4.610286626900744e-05
2024-01-02,10:34:36,29.8908,27.38,25.75,2947,15140566.0,4.602918698942135e-05
2024-01-02,10:34:36,29.8955,27.38,25.75,2947,15140566.0,4.602918698942135e-05
2024-01-02,10:34:36,29.9002,27.38,25.75,2946,15140567.0,4.610286626900744e-05
2024-01-02,10:34:36,29.9049,27.38,25.75,2945,15140566.0,4.617666348759261e-05
2024-01-02,10:34:36,29.9097,27.38,25.75,2946,15140564.0,4.610286626900744e-05
2024-01-02,10:34:36,29.9145,27.38,25.75,2947,15140565.0,4.602918698942135e-05
2024-01-02,10:34:36,29.9191,27.38,25.75,2946,15140567.0,4.610286626900744e-05
2024-01-02,10:34:36,29.9238,27.38,25.75,2946,15140566.0,4.610286626900744e-05
2024-01-02,10:34:36,29.9285,27.38,25.75,2947,15140565.0,4.602918698942135e-05
2024-01-02,10:34:36,29.9333,27.38,25.75,2946,15140565.0,4.610286626900744e-05
2024-01-02,10:34:36,29.9381,27.38,25.75,2945,15140567.0,4.617666348759261e-05
2024-01-02,10:34:36,29.9428,27.38,25.75,2946,15140567.0,4.610286626900744e-05
2024-01-02,10:34:36,29.9476,27.38,25.75,2946,15140565.0,4.610286626900744e-05
2024-01-02,10:34:36,29.9523,27.38,25.75,2945,15140565.0,4.617666348759261e-05
2024-01-02,10:34:36,29.957,27.38,25.75,2945,15140566.0,4.617666348759261e-05
2024-01-02,10:34:36,29.9617,27.38,25.75,2946,15140567.0,4.610286626900744e-05
2024-01-02,10:34:36,29.9664,27.38,25.75,2946,15140566.0,4.610286626900744e-05
2024-01-02,10:34:36,29.9712,27.38,25.75,2945,15140564.0,4.617666348759261e-05
2024-01-02,10:34:36,29.976,27.38,25.75,2945,15140565.0,4.617666348759261e-05
2024-01-02,10:34:36,29.9808,27.38,25.75,2946,15140567.0,4.610286626900744e-05
2024-01-02,10:34:36,29.9855,27.38,25.75,2946,15140567.0,4.610286626900744e-05
2024-01-02,10:34:36,29.9902,27.38,25.75,2945,15140565.0,4.617666348759261e-05
2024-01-02,10:34:36,29.995,27.38,25.75,2946,15140564.0,4.610286626900744e-05
2024-01-02,10:34:36,29.9996,27.38,25.75,2947,15140565.0,4.602918698942135e-05
2024-01-02,10:34:36,30.0043,27.38,25.75,2946,15140566.0,4.610286626900744e-05
2024-01-02,10:34:36,30.0091,27.38,25.75,2945,15140565.0,4.617666348759261e-05
2024-01-02,10:34:36,30.0139,27.38,25.75,2945,15140564.0,4.617666348759261e-05
2024-01-02,10:34:36,30.0185,27.38,25.75,2946,15140566.0,4.610286626900744e-05
2024-01-02,10:34:36,30.0233,27.38,25.75,2946,15140567.0,4.610286626900744e-05
2024-01-02,10:34:36,30.028,27.38,25.75,2946,15140566.0,4.610286626900744e-05
2024-01-02,10:34:36,30.0327,27.38,25.75,2946,15140565.0,4.610286626900744e-05
2024-01-02,10:34:36,30.0421,27.38,25.75,2945,15140566.0,4.617666348759261e-05
2024-01-02,10:34:36,30.0469,27.38,25.75,2946,15140566.0,4.610286626900744e-05
2024-01-02,10:34:36,30.0517,27.38,25.75,2946,15140565.0,4.610286626900744e-05
2024-01-02,10:34:36,30.0564,27.38,25.75,2945,15140564.0,4.617666348759261e-05
2024-01-02,10:34:36,30.0612,27.38,25.75,2945,15140565.0,4.617666348759261e-05
2024-01-02,10:34:36,30.066,27.38,25.75,2945,15140565.0,4.617666348759261e-05
2024-01-02,10:34:36,30.0706,27.38,25.75,2944,15140564.0,4.625057883396267e-05
2024-01-02,10:34:36,30.0754,27.38,25.75,2944,15140564.0,4.625057883396267e-05
2024-01-02,10:34:36,30.0801,27.38,25.75,2945,15140563.0,4.617666348759261e-05
2024-01-02,10:34:36,30.0849,27.38,25.75,2945,15140564.0,4.617666348759261e-05
2024-01-02,10:34:36,30.0917,27.38,25.75,2945,15140563.0,4.617666348759261e-05
2024-01-02,10:34:36,30.0983,27.38,25.75,2945,15140564.0,4.617666348759261e-05
2024-01-02,10:34:36,30.103,27.38,25.75,2945,15140565.0,4.617666348759261e-05
2024-01-02,10:34:36,30.1077,27.38,25.75,2945,15140564.0,4.617666348759261e-05
2024-01-02,10:34:36,30.1125,27.38,25.75,2945,15140564.0,4.617666348759261e-05
2024-01-02,10:34:36,30.1172,27.38,25.75,2946,15140565.0,4.610286626900744e-05
2024-01-02,10:34:36,30.122,27.38,25.75,2946,15140564.0,4.610286626900744e-05
2024-01-02,10:34:36,30.1267,27.44,25.75,2945,15140564.0,4.617666348759261e-05
2024-01-02,10:34:36,30.1314,27.44,25.75,2945,15140565.0,4.617666348759261e-05
2024-01-02,10:34:36,30.1362,27.44,25.75,2945,15140564.0,4.617666348759261e-05
2024-01-02,10:34:36,30.1409,27.44,25.75,2945,15140563.0,4.617666348759261e-05
2024-01-02,10:34:36,30.1456,27.44,25.75,2945,15140563.0,4.617666348759261e-05
2024-01-02,10:34:36,30.1504,27.44,25.75,2945,15140563.0,4.617666348759261e-05
2024-01-02,10:34:36,30.1551,27.44,25.75,2945,15140564.0,4.617666348759261e-05
2024-01-02,10:34:36,30.1598,27.44,25.75,2944,15140565.0,4.625057883396267e-05
2024-01-02,10:34:36,30.1646,27.44,25.75,2944,15140564.0,4.625057883396267e-05
2024-01-02,10:34:37,30.1694,27.44,25.75,2945,15140563.0,4.617666348759261e-05
2024-01-02,10:34:37,30.1742,27.44,25.75,2945,15140563.0,4.617666348759261e-05
2024-01-02,10:34:37,30.1789,27.44,25.75,2944,15140564.0,4.625057883396267e-05
2024-01-02,10:34:37,30.1836,27.44,25.75,2944,15140564.0,4.625057883396267e-05
2024-01-02,10:34:37,30.1883,27.44,25.75,2944,15140564.0,4.625057883396267e-05
2024-01-02,10:34:37,30.1931,27.44,25.75,2944,15140564.0,4.625057883396267e-05
2024-01-02,10:34:37,30.1977,27.44,25.75,2944,15140564.0,4.625057883396267e-05
2024-01-02,10:34:37,30.2025,27.44,25.75,2944,15140564.0,4.625057883396267e-05
2024-01-02,10:34:37,30.2074,27.44,25.75,2944,15140564.0,4.625057883396267e-05
2024-01-02,10:34:37,30.2121,27.44,25.75,2944,15140564.0,4.625057883396267e-05
2024-01-02,10:34:37,30.2168,27.44,25.75,2945,15140563.0,4.617666348759261e-05
2024-01-02,10:34:37,30.2215,27.44,25.75,2945,15140563.0,4.617666348759261e-05
2024-01-02,10:34:37,30.2263,27.44,25.75,2944,15140563.0,4.625057883396267e-05
2024-01-02,10:34:37,30.231,27.44,25.75,2944,15140563.0,4.625057883396267e-05
2024-01-02,10:34:37,30.2357,27.44,25.75,2944,15140563.0,4.625057883396267e-05
2024-01-02,10:34:37,30.2405,27.44,25.75,2944,15140563.0,4.625057883396267e-05
2024-01-02,10:34:37,30.2452,27.44,25.75,2944,15140563.0,4.625057883396267e-05
2024-01-02,10:34:37,30.2498,27.44,25.75,2944,15140563.0,4.625057883396267e-05
2024-01-02,10:34:37,30.2546,27.44,25.75,2944,15140563.0,4.625057883396267e-05
2024-01-02,10:34:37,30.2594,27.44,25.75,2944,15140563.0,4.625057883396267e-05
2024-01-02,10:34:37,30.2642,27.44,25.75,2944,15140564.0,4.625057883396267e-05
2024-01-02,10:34:37,30.2688,27.44,25.75,2944,15140564.0,4.625057883396267e-05
2024-01-02,10:34:37,30.2736,27.44,25.75,2944,15140563.0,4.625057883396267e-05
2024-01-02,10:34:37,30.2783,27.44,25.75,2944,15140562.0,4.625057883396267e-05
2024-01-02,10:34:37,30.283,27.44,25.75,2944,15140563.0,4.625057883396267e-05
2024-01-02,10:34:37,30.2877,27.44,25.75,2943,15140564.0,4.632461249720576e-05
2024-01-02,10:34:37,30.2925,27.44,25.75,2943,15140562.0,4.632461249720576e-05
2024-01-02,10:34:37,30.2973,27.44,25.75,2943,15140562.0,4.632461249720576e-05
2024-01-02,10:34:37,30.302,27.44,25.75,2943,15140563.0,4.632461249720576e-05
2024-01-02,10:34:37,30.3068,27.44,25.75,2944,15140563.0,4.625057883396267e-05
2024-01-02,10:34:37,30.3115,27.44,25.75,2944,15140562.0,4.625057883396267e-05
2024-01-02,10:34:37,30.3209,27.44,25.75,2943,15140562.0,4.632461249720576e-05
2024-01-02,10:34:37,30.3256,27.44,25.75,2943,15140561.0,4.632461249720576e-05
2024-01-02,10:34:37,30.3303,27.44,25.75,2943,15140562.0,4.632461249720576e-05
2024-01-02,10:34:37,30.3351,27.44,25.75,2943,15140562.0,4.632461249720576e-05
2024-01-02,10:34:37,30.3418,27.44,25.75,2942,15140562.0,4.639876466671254e-05
2024-01-02,10:34:37,30.3485,27.44,25.75,2942,15140562.0,4.639876466671254e-05
2024-01-02,10:34:37,30.3533,27.44,25.75,2943,15140562.0,4.632461249720576e-05
2024-01-02,10:34:37,30.358,27.44,25.75,2943,15140562.0,4.632461249720576e-05
2024-01-02,10:34:37,30.3628,27.44,25.75,2942,15140563.0,4.639876466671254e-05
2024-01-02,10:34:37,30.3675,27.44,25.75,2942,15140565.0,4.639876466671254e-05
2024-01-02,10:34:37,30.3722,27.44,25.75,2944,15140564.0,4.625057883396267e-05
2024-01-02,10:34:37,30.3769,27.44,25.75,2944,15140560.0,4.625057883396267e-05
2024-01-02,10:34:37,30.3817,27.44,25.75,2942,15140562.0,4.639876466671254e-05
2024-01-02,10:34:37,30.3865,27.44,25.75,2942,15140563.0,4.639876466671254e-05
2024-01-02,10:34:37,30.3913,27.44,25.75,2943,15140561.0,4.632461249720576e-05
2024-01-02,10:34:37,30.396,27.44,25.75,2943,15140560.0,4.632461249720576e-05
2024-01-02,10:34:37,30.4007,27.44,25.75,2942,15140562.0,4.639876466671254e-05
2024-01-02,10:34:37,30.4055,27.44,25.75,2942,15140562.0,4.639876466671254e-05
2024-01-02,10:34:37,30.4102,27.44,25.75,2942,15140562.0,4.639876466671254e-05
2024-01-02,10:34:37,30.4149,27.44,25.75,2941,15140561.0,4.647303553217701e-05
2024-01-02,10:34:37,30.4197,27.44,25.75,2941,15140562.0,4.647303553217701e-05
2024-01-02,10:34:37,30.4245,27.44,25.75,2942,15140562.0,4.639876466671254e-05
2024-01-02,10:34:37,30.4293,27.44,25.75,2942,15140562.0,4.639876466671254e-05
2024-01-02,10:34:37,30.434,27.44,25.75,2942,15140562.0,4.639876466671254e-05
2024-01-02,10:34:37,30.4388,27.44,25.75,2943,15140562.0,4.632461249720576e-05
2024-01-02,10:34:37,30.4435,27.44,25.75,2943,15140562.0,4.632461249720576e-05
2024-01-02,10:34:37,30.4482,27.44,25.75,2942,15140562.0,4.639876466671254e-05
2024-01-02,10:34:37,30.453,27.44,25.75,2942,15140561.0,4.639876466671254e-05
2024-01-02,10:34:37,30.4577,27.44,25.75,2942,15140561.0,4.639876466671254e-05
2024-01-02,10:34:37,30.4624,27.44,25.75,2942,15140561.0,4.639876466671254e-05
2024-01-02,10:34:37,30.4672,27.44,25.75,2943,15140561.0,4.632461249720576e-05
2024-01-02,10:34:37,30.4719,27.44,25.75,2943,15140561.0,4.632461249720576e-05
2024-01-02,10:34:37,30.4767,27.44,25.75,2943,15140560.0,4.632461249720576e-05
2024-01-02,10:34:37,30.4814,27.44,25.75,2943,15140561.0,4.632461249720576e-05
2024-01-02,10:34:37,30.4862,27.44,25.75,2942,15140562.0,4.639876466671254e-05
2024-01-02,10:34:37,30.4909,27.44,25.75,2942,15140562.0,4.639876466671254e-05
2024-01-02,10:34:37,30.4956,27.44,25.75,2942,15140561.0,4.639876466671254e-05
2024-01-02,10:34:37,30.5004,27.44,25.75,2942,15140561.0,4.639876466671254e-05
2024-01-02,10:34:37,30.5051,27.44,25.75,2942,15140561.0,4.639876466671254e-05
2024-01-02,10:34:37,30.5099,27.44,25.75,2941,15140560.0,4.647303553217701e-05
2024-01-02,10:34:37,30.5147,27.44,25.75,2941,15140561.0,4.647303553217701e-05
2024-01-02,10:34:37,30.5193,27.44,25.75,2942,15140562.0,4.639876466671254e-05
2024-01-02,10:34:37,30.524,27.44,25.75,2942,15140562.0,4.639876466671254e-05
2024-01-02,10:34:37,30.5287,27.44,25.75,2942,15140561.0,4.639876466671254e-05
2024-01-02,10:34:37,30.5335,27.44,25.75,2942,15140561.0,4.639876466671254e-05
2024-01-02,10:34:37,30.5383,27.44,25.75,2941,15140560.0,4.647303553217701e-05
2024-01-02,10:34:37,30.543,27.44,25.75,2941,15140560.0,4.647303553217701e-05
2024-01-02,10:34:37,30.5477,27.44,25.75,2941,15140560.0,4.647303553217701e-05
2024-01-02,10:34:37,30.5525,27.44,25.75,2941,15140560.0,4.647303553217701e-05
2024-01-02,10:34:37,30.5572,27.44,25.75,2941,15140561.0,4.647303553217701e-05
2024-01-02,10:34:37,30.562,27.44,25.75,2941,15140560.0,4.647303553217701e-05
2024-01-02,10:34:37,30.5668,27.44,25.75,2941,15140560.0,4.647303553217701e-05
2024-01-02,10:34:37,30.5716,27.44,25.75,2941,15140560.0,4.647303553217701e-05
2024-01-02,10:34:37,30.5763,27.44,25.75,2941,15140560.0,4.647303553217701e-05
2024-01-02,10:34:37,30.5869,27.44,25.75,2941,15140560.0,4.647303553217701e-05
2024-01-02,10:34:37,30.5976,27.44,25.75,2941,15140559.0,4.647303553217701e-05
2024-01-02,10:34:37,30.6024,27.44,25.75,2941,15140559.0,4.647303553217701e-05
2024-01-02,10:34:37,30.6071,27.44,25.75,2942,15140559.0,4.639876466671254e-05
2024-01-02,10:34:37,30.6119,27.44,25.75,2942,15140559.0,4.639876466671254e-05
2024-01-02,10:34:37,30.6166,27.44,25.75,2941,15140559.0,4.647303553217701e-05
2024-01-02,10:34:37,30.6213,27.44,25.75,2941,15140559.0,4.647303553217701e-05
2024-01-02,10:34:37,30.6261,27.44,25.75,2942,15140560.0,4.639876466671254e-05
2024-01-02,10:34:37,30.6309,27.44,25.75,2941,15140561.0,4.647303553217701e-05
2024-01-02,10:34:37,30.6356,27.44,25.75,2941,15140562.0,4.647303553217701e-05
2024-01-02,10:34:37,30.6404,27.44,25.75,2942,15140561.0,4.639876466671254e-05
2024-01-02,10:34:37,30.6452,27.44,25.75,2941,15140561.0,4.647303553217701e-05
2024-01-02,10:34:37,30.6498,27.44,25.75,2940,15140561.0,4.654742528359661e-05
2024-01-02,10:34:37,30.6546,27.44,25.75,2940,15140561.0,4.654742528359661e-05
2024-01-02,10:34:37,30.6594,27.44,25.75,2941,15140561.0,4.647303553217701e-05
2024-01-02,10:34:37,30.6641,27.44,25.75,2941,15140560.0,4.647303553217701e-05
2024-01-02,10:34:37,30.6688,27.44,25.75,2940,15140561.0,4.654742528359661e-05
2024-01-02,10:34:37,30.6735,27.44,25.75,2940,15140560.0,4.654742528359661e-05
2024-01-02,10:34:37,30.6783,27.44,25.75,2941,15140559.0,4.647303553217701e-05
2024-01-02,10:34:37,30.683,27.44,25.75,2941,15140559.0,4.647303553217701e-05
2024-01-02,10:34:37,30.6877,27.44,25.75,2941,15140559.0,4.647303553217701e-05
2024-01-02,10:34:37,30.6924,27.44,25.75,2941,15140560.0,4.647303553217701e-05
2024-01-02,10:34:37,30.6972,27.44,25.75,2941,15140559.0,4.647303553217701e-05
2024-01-02,10:34:37,30.702,27.44,25.75,2940,15140559.0,4.654742528359661e-05
2024-01-02,10:34:37,30.7068,27.44,25.75,2940,15140559.0,4.654742528359661e-05
2024-01-02,10:34:37,30.7116,27.44,25.75,2940,15140557.0,4.654742528359661e-05
2024-01-02,10:34:37,30.7163,27.44,25.75,2940,15140557.0,4.654742528359661e-05
2024-01-02,10:34:37,30.7211,27.44,25.75,2940,15140558.0,4.654742528359661e-05
2024-01-02,10:34:37,30.7258,27.44,25.75,2940,15140558.0,4.654742528359661e-05
2024-01-02,10:34:37,30.7305,27.44,25.75,2941,15140558.0,4.647303553217701e-05
2024-01-02,10:34:37,30.7353,27.44,25.75,2941,15140558.0,4.647303553217701e-05
2024-01-02,10:34:37,30.74,27.44,25.75,2940,15140557.0,4.654742528359661e-05
2024-01-02,10:34:37,30.7447,27.44,25.75,2940,15140557.0,4.654742528359661e-05
2024-01-02,10:34:37,30.7495,27.44,25.75,2941,15140558.0,4.647303553217701e-05
2024-01-02,10:34:37,30.7542,27.44,25.75,2940,15140559.0,4.654742528359661e-05
2024-01-02,10:34:37,30.7589,27.44,25.75,2940,15140558.0,4.654742528359661e-05
2024-01-02,10:34:37,30.7638,27.44,25.75,2941,15140557.0,4.647303553217701e-05
2024-01-02,10:34:37,30.7685,27.44,25.75,2941,15140559.0,4.647303553217701e-05
2024-01-02,10:34:37,30.7733,27.44,25.75,2941,15140559.0,4.647303553217701e-05
2024-01-02,10:34:37,30.778,27.44,25.75,2941,15140558.0,4.647303553217701e-05
2024-01-02,10:34:37,30.7828,27.44,25.75,2941,15140557.0,4.647303553217701e-05
2024-01-02,10:34:37,30.7922,27.44,25.75,2941,15140561.0,4.647303553217701e-05
2024-01-02,10:34:37,30.7969,27.44,25.75,2940,15140558.0,4.654742528359661e-05
2024-01-02,10:34:37,30.8017,27.44,25.75,2939,15140557.0,4.662193411127311e-05
2024-01-02,10:34:37,30.8065,27.44,25.75,2940,15140559.0,4.654742528359661e-05
2024-01-02,10:34:37,30.8112,27.44,25.75,2940,15140560.0,4.654742528359661e-05
2024-01-02,10:34:37,30.816,27.44,25.75,2940,15140559.0,4.654742528359661e-05
2024-01-02,10:34:37,30.8207,27.44,25.75,2940,15140558.0,4.654742528359661e-05
2024-01-02,10:34:37,30.8254,27.44,25.75,2939,15140559.0,4.662193411127311e-05
2024-01-02,10:34:37,30.8302,27.44,25.75,2940,15140558.0,4.654742528359661e-05
2024-01-02,10:34:37,30.8349,27.44,25.75,2941,15140558.0,4.647303553217701e-05
2024-01-02,10:34:37,30.8417,27.44,25.75,2940,15140558.0,4.654742528359661e-05
2024-01-02,10:34:37,30.8484,27.44,25.75,2940,15140558.0,4.654742528359661e-05
2024-01-02,10:34:37,30.8532,27.44,25.75,2940,15140559.0,4.654742528359661e-05
2024-01-02,10:34:37,30.858,27.44,25.75,2940,15140559.0,4.654742528359661e-05
2024-01-02,10:34:37,30.8627,27.44,25.75,2940,15140559.0,4.654742528359661e-05
2024-01-02,10:34:37,30.8674,27.44,25.75,2939,15140558.0,4.662193411127311e-05
2024-01-02,10:34:37,30.8722,27.44,25.75,2939,15140559.0,4.662193411127311e-05
2024-01-02,10:34:37,30.8769,27.44,25.75,2940,15140560.0,4.654742528359661e-05
2024-01-02,10:34:37,30.8817,27.44,25.75,2940,15140558.0,4.654742528359661e-05
2024-01-02,10:34:37,30.8864,27.44,25.75,2939,15140558.0,4.662193411127311e-05
2024-01-02,10:34:37,30.8912,27.44,25.75,2939,15140559.0,4.662193411127311e-05
2024-01-02,10:34:37,30.896,27.44,25.75,2939,15140558.0,4.662193411127311e-05
2024-01-02,10:34:37,30.9007,27.44,25.75,2939,15140557.0,4.662193411127311e-05
2024-01-02,10:34:37,30.9054,27.44,25.75,2940,15140558.0,4.654742528359661e-05
2024-01-02,10:34:37,30.9102,27.44,25.75,2941,15140558.0,4.647303553217701e-05
2024-01-02,10:34:37,30.915,27.44,25.75,2940,15140558.0,4.654742528359661e-05
2024-01-02,10:34:37,30.9198,27.44,25.75,2939,15140558.0,4.662193411127311e-05
2024-01-02,10:34:37,30.9245,27.44,25.75,2939,15140557.0,4.662193411127311e-05
2024-01-02,10:34:37,30.9293,27.44,25.75,2940,15140557.0,4.654742528359661e-05
2024-01-02,10:34:37,30.934,27.44,25.75,2940,15140557.0,4.654742528359661e-05
2024-01-02,10:34:37,30.9388,27.44,25.75,2939,15140557.0,4.662193411127311e-05
2024-01-02,10:34:37,30.9436,27.44,25.75,2939,15140557.0,4.662193411127311e-05
2024-01-02,10:34:37,30.9483,27.44,25.75,2940,15140557.0,4.654742528359661e-05
2024-01-02,10:34:37,30.9531,27.44,25.75,2940,15140557.0,4.654742528359661e-05
2024-01-02,10:34:37,30.9578,27.44,25.75,2939,15140557.0,4.662193411127311e-05
2024-01-02,10:34:37,30.9625,27.44,25.75,2939,15140557.0,4.662193411127311e-05
2024-01-02,10:34:37,30.9673,27.44,25.75,2939,15140558.0,4.662193411127311e-05
2024-01-02,10:34:37,30.9721,27.44,25.75,2939,15140557.0,4.662193411127311e-05
2024-01-02,10:34:37,30.9768,27.44,25.75,2939,15140557.0,4.662193411127311e-05
2024-01-02,10:34:37,30.9816,27.44,25.75,2939,15140558.0,4.662193411127311e-05
2024-01-02,10:34:37,30.9864,27.44,25.75,2939,15140558.0,4.662193411127311e-05
2024-01-02,10:34:37,30.9911,27.44,25.75,2939,15140557.0,4.662193411127311e-05
2024-01-02,10:34:37,30.9959,27.44,25.75,2939,15140557.0,4.662193411127311e-05
2024-01-02,10:34:37,31.0007,27.44,25.75,2939,15140557.0,4.662193411127311e-05
2024-01-02,10:34:37,31.0054,27.44,25.75,2939,15140557.0,4.662193411127311e-05
2024-01-02,10:34:37,31.0101,27.44,25.75,2939,15140557.0,4.662193411127311e-05
2024-01-02,10:34:37,31.015,27.44,25.75,2939,15140556.0,4.662193411127311e-05
2024-01-02,10:34:37,31.0197,27.44,25.75,2939,15140556.0,4.662193411127311e-05
2024-01-02,10:34:37,31.0244,27.44,25.75,2940,15140557.0,4.654742528359661e-05
2024-01-02,10:34:37,31.0292,27.44,25.75,2940,15140557.0,4.654742528359661e-05
2024-01-02,10:34:37,31.034,27.44,25.75,2939,15140557.0,4.662193411127311e-05
2024-01-02,10:34:37,31.0388,27.44,25.75,2940,15140558.0,4.654742528359661e-05
2024-01-02,10:34:37,31.0436,27.44,25.75,2940,15140558.0,4.654742528359661e-05
2024-01-02,10:34:37,31.0483,27.44,25.75,2939,15140556.0,4.662193411127311e-05
2024-01-02,10:34:37,31.0531,27.44,25.75,2939,15140555.0,4.662193411127311e-05
2024-01-02,10:34:37,31.0578,27.44,25.75,2939,15140556.0,4.662193411127311e-05
2024-01-02,10:34:37,31.0626,27.44,25.75,2939,15140556.0,4.662193411127311e-05
2024-01-02,10:34:37,31.0673,27.44,25.75,2939,15140556.0,4.662193411127311e-05
2024-01-02,10:34:37,31.072,27.44,25.75,2939,15140556.0,4.662193411127311e-05
2024-01-02,10:34:37,31.0768,27.44,25.75,2940,15140557.0,4.654742528359661e-05
2024-01-02,10:34:37,31.0875,27.44,25.75,2939,15140559.0,4.662193411127311e-05
2024-01-02,10:34:37,31.0982,27.44,25.75,2938,15140558.0,4.669656220581276e-05
2024-01-02,10:34:37,31.1029,27.44,25.75,2939,15140556.0,4.662193411127311e-05
2024-01-02,10:34:37,31.1077,27.44,25.75,2939,15140556.0,4.662193411127311e-05
2024-01-02,10:34:37,31.1125,27.44,25.75,2939,15140557.0,4.662193411127311e-05
2024-01-02,10:34:37,31.1172,27.44,25.75,2939,15140558.0,4.662193411127311e-05
2024-01-02,10:34:37,31.122,27.44,25.75,2939,15140556.0,4.662193411127311e-05
2024-01-02,10:34:37,31.1267,27.44,25.75,2939,15140555.0,4.662193411127311e-05
2024-01-02,10:34:37,31.1314,27.38,25.75,2939,15140556.0,4.662193411127311e-05
2024-01-02,10:34:37,31.1362,27.38,25.75,2939,15140556.0,4.662193411127311e-05
2024-01-02,10:34:37,31.141,27.38,25.75,2939,15140555.0,4.662193411127311e-05
2024-01-02,10:34:37,31.1457,27.38,25.75,2938,15140556.0,4.669656220581276e-05
2024-01-02,10:34:37,31.1504,27.38,25.75,2938,15140556.0,4.669656220581276e-05
2024-01-02,10:34:37,31.1552,27.38,25.75,2939,15140557.0,4.662193411127311e-05
2024-01-02,10:34:37,31.1599,27.38,25.75,2938,15140557.0,4.669656220581276e-05
2024-01-02,10:34:37,31.1646,27.38,25.75,2938,15140556.0,4.669656220581276e-05
2024-01-02,10:34:38,31.1694,27.38,25.75,2939,15140556.0,4.662193411127311e-05
2024-01-02,10:34:38,31.1743,27.38,25.75,2939,15140557.0,4.662193411127311e-05
2024-01-02,10:34:38,31.1791,27.38,25.75,2938,15140558.0,4.669656220581276e-05
2024-01-02,10:34:38,31.1838,27.38,25.75,2938,15140557.0,4.669656220581276e-05
2024-01-02,10:34:38,31.1885,27.38,25.75,2939,15140556.0,4.662193411127311e-05
2024-01-02,10:34:38,31.1932,27.38,25.75,2939,15140556.0,4.662193411127311e-05
2024-01-02,10:34:38,31.198,27.38,25.75,2938,15140558.0,4.669656220581276e-05
2024-01-02,10:34:38,31.2028,27.38,25.75,2938,15140558.0,4.669656220581276e-05
2024-01-02,10:34:38,31.2076,27.38,25.75,2939,15140557.0,4.662193411127311e-05
2024-01-02,10:34:38,31.2123,27.38,25.75,2939,15140556.0,4.662193411127311e-05
2024-01-02,10:34:38,31.2171,27.38,25.75,2938,15140557.0,4.669656220581276e-05
2024-01-02,10:34:38,31.2219,27.38,25.75,2938,15140557.0,4.669656220581276e-05
2024-01-02,10:34:38,31.2266,27.38,25.75,2939,15140555.0,4.662193411127311e-05
2024-01-02,10:34:38,31.2313,27.38,25.75,2939,15140556.0,4.662193411127311e-05
2024-01-02,10:34:38,31.2361,27.38,25.75,2939,15140556.0,4.662193411127311e-05
2024-01-02,10:34:38,31.2409,27.38,25.75,2939,15140556.0,4.662193411127311e-05
2024-01-02,10:34:38,31.2456,27.38,25.75,2939,15140555.0,4.662193411127311e-05
2024-01-02,10:34:38,31.2504,27.38,25.75,2939,15140555.0,4.662193411127311e-05
2024-01-02,10:34:38,31.2552,27.38,25.75,2938,15140556.0,4.669656220581276e-05
2024-01-02,10:34:38,31.2599,27.38,25.75,2938,15140557.0,4.669656220581276e-05
2024-01-02,10:34:38,31.2647,27.38,25.75,2939,15140554.0,4.662193411127311e-05
2024-01-02,10:34:38,31.2695,27.38,25.75,2939,15140555.0,4.662193411127311e-05
2024-01-02,10:34:38,31.2742,27.38,25.75,2939,15140557.0,4.662193411127311e-05
2024-01-02,10:34:38,31.2789,27.38,25.75,2939,15140556.0,4.662193411127311e-05
2024-01-02,10:34:38,31.2837,27.38,25.75,2938,15140555.0,4.669656220581276e-05
2024-01-02,10:34:38,31.2884,27.38,25.75,2938,15140556.0,4.669656220581276e-05
2024-01-02,10:34:38,31.2932,27.38,25.75,2939,15140557.0,4.662193411127311e-05
2024-01-02,10:34:38,31.2979,27.38,25.75,2939,15140556.0,4.662193411127311e-05
2024-01-02,10:34:38,31.3027,27.38,25.75,2938,15140556.0,4.669656220581276e-05
2024-01-02,10:34:38,31.3075,27.38,25.75,2938,15140556.0,4.669656220581276e-05
2024-01-02,10:34:38,31.3122,27.38,25.75,2939,15140555.0,4.662193411127311e-05
2024-01-02,10:34:38,31.3169,27.38,25.75,2939,15140555.0,4.662193411127311e-05
2024-01-02,10:34:38,31.3216,27.38,25.75,2938,15140555.0,4.669656220581276e-05
2024-01-02,10:34:38,31.3264,27.38,25.75,2937,15140556.0,4.677130975812698e-05
2024-01-02,10:34:38,31.3372,27.38,25.75,2937,15140556.0,4.677130975812698e-05
2024-01-02,10:34:38,31.3479,27.38,25.75,2938,15140556.0,4.669656220581276e-05
2024-01-02,10:34:38,31.3527,27.38,25.75,2939,15140556.0,4.662193411127311e-05
2024-01-02,10:34:38,31.3575,27.38,25.75,2939,15140556.0,4.662193411127311e-05
2024-01-02,10:34:38,31.3621,27.38,25.75,2938,15140556.0,4.669656220581276e-05
2024-01-02,10:34:38,31.3669,27.38,25.75,2939,15140557.0,4.662193411127311e-05
2024-01-02,10:34:38,31.3717,27.38,25.75,2939,15140557.0,4.662193411127311e-05
2024-01-02,10:34:38,31.3765,27.38,25.75,2938,15140556.0,4.669656220581276e-05
2024-01-02,10:34:38,31.3813,27.38,25.75,2938,15140556.0,4.669656220581276e-05
2024-01-02,10:34:38,31.386,27.38,25.75,2938,15140556.0,4.669656220581276e-05
2024-01-02,10:34:38,31.3908,27.38,25.75,2938,15140556.0,4.669656220581276e-05
2024-01-02,10:34:38,31.3956,27.38,25.75,2938,15140556.0,4.669656220581276e-05
2024-01-02,10:34:38,31.4003,27.38,25.75,2939,15140556.0,4.662193411127311e-05
2024-01-02,10:34:38,31.405,27.38,25.75,2939,15140556.0,4.662193411127311e-05
2024-01-02,10:34:38,31.4098,27.38,25.75,2939,15140556.0,4.662193411127311e-05
2024-01-02,10:34:38,31.4146,27.38,25.75,2938,15140555.0,4.669656220581276e-05
2024-01-02,10:34:38,31.4193,27.38,25.75,2938,15140555.0,4.669656220581276e-05
2024-01-02,10:34:38,31.4241,27.38,25.75,2939,15140556.0,4.662193411127311e-05
2024-01-02,10:34:38,31.4289,27.38,25.75,2939,15140555.0,4.662193411127311e-05
2024-01-02,10:34:38,31.4336,27.38,25.75,2939,15140554.0,4.662193411127311e-05
2024-01-02,10:34:38,31.4384,27.38,25.75,2939,15140554.0,4.662193411127311e-05
2024-01-02,10:34:38,31.4432,27.38,25.75,2938,15140554.0,4.669656220581276e-05
2024-01-02,10:34:38,31.4479,27.38,25.75,2938,15140555.0,4.669656220581276e-05
2024-01-02,10:34:38,31.4526,27.38,25.75,2939,15140555.0,4.662193411127311e-05
2024-01-02,10:34:38,31.4574,27.38,25.75,2938,15140554.0,4.669656220581276e-05
2024-01-02,10:34:38,31.4621,27.38,25.75,2937,15140555.0,4.677130975812698e-05
2024-01-02,10:34:38,31.4669,27.38,25.75,2938,15140555.0,4.669656220581276e-05
2024-01-02,10:34:38,31.4716,27.38,25.75,2939,15140555.0,4.662193411127311e-05
2024-01-02,10:34:38,31.4764,27.38,25.75,2938,15140555.0,4.669656220581276e-05
2024-01-02,10:34:38,31.4812,27.38,25.75,2938,15140555.0,4.669656220581276e-05
2024-01-02,10:34:38,31.4859,27.38,25.75,2938,15140556.0,4.669656220581276e-05
2024-01-02,10:34:38,31.4907,27.38,25.75,2938,15140556.0,4.669656220581276e-05
2024-01-02,10:34:38,31.4955,27.38,25.75,2938,15140557.0,4.669656220581276e-05
2024-01-02,10:34:38,31.5003,27.38,25.75,2938,15140557.0,4.669656220581276e-05
2024-01-02,10:34:38,31.505,27.38,25.75,2939,15140555.0,4.662193411127311e-05
2024-01-02,10:34:38,31.5097,27.38,25.75,2939,15140555.0,4.662193411127311e-05
2024-01-02,10:34:38,31.5145,27.38,25.75,2938,15140556.0,4.669656220581276e-05
2024-01-02,10:34:38,31.5193,27.38,25.75,2938,15140555.0,4.669656220581276e-05
2024-01-02,10:34:38,31.5241,27.38,25.75,2939,15140554.0,4.662193411127311e-05
2024-01-02,10:34:38,31.5287,27.38,25.75,2939,15140555.0,4.662193411127311e-05
2024-01-02,10:34:38,31.5335,27.38,25.75,2938,15140556.0,4.669656220581276e-05
2024-01-02,10:34:38,31.5383,27.38,25.75,2937,15140554.0,4.677130975812698e-05
2024-01-02,10:34:38,31.5431,27.38,25.75,2937,15140554.0,4.677130975812698e-05
2024-01-02,10:34:38,31.5479,27.38,25.75,2937,15140555.0,4.677130975812698e-05
2024-01-02,10:34:38,31.5526,27.38,25.75,2937,15140555.0,4.677130975812698e-05
2024-01-02,10:34:38,31.5573,27.38,25.75,2938,15140554.0,4.669656220581276e-05
2024-01-02,10:34:38,31.5621,27.38,25.75,2938,15140554.0,4.669656220581276e-05
2024-01-02,10:34:38,31.5668,27.38,25.75,2937,15140555.0,4.677130975812698e-05
2024-01-02,10:34:38,31.5716,27.38,25.75,2937,15140555.0,4.677130975812698e-05
2024-01-02,10:34:38,31.5764,27.38,25.75,2938,15140555.0,4.669656220581276e-05
2024-01-02,10:34:38,31.5871,27.38,25.75,2939,15140554.0,4.662193411127311e-05
2024-01-02,10:34:38,31.5978,27.38,25.75,2938,15140553.0,4.669656220581276e-05
2024-01-02,10:34:38,31.6025,27.38,25.75,2937,15140555.0,4.677130975812698e-05
2024-01-02,10:34:38,31.6073,27.38,25.75,2938,15140555.0,4.669656220581276e-05
2024-01-02,10:34:38,31.6121,27.38,25.75,2939,15140553.0,4.662193411127311e-05
2024-01-02,10:34:38,31.6169,27.38,25.75,2938,15140553.0,4.669656220581276e-05
2024-01-02,10:34:38,31.6216,27.38,25.75,2937,15140555.0,4.677130975812698e-05
2024-01-02,10:34:38,31.6263,27.38,25.75,2937,15140555.0,4.677130975812698e-05
2024-01-02,10:34:38,31.6311,27.38,25.75,2938,15140553.0,4.669656220581276e-05
2024-01-02,10:34:38,31.6359,27.44,25.75,2938,15140554.0,4.669656220581276e-05
2024-01-02,10:34:38,31.6405,27.44,25.75,2938,15140554.0,4.669656220581276e-05
2024-01-02,10:34:38,31.6452,27.44,25.75,2939,15140554.0,4.662193411127311e-05
2024-01-02,10:34:38,31.65,27.44,25.75,2938,15140555.0,4.669656220581276e-05
2024-01-02,10:34:38,31.6548,27.44,25.75,2937,15140556.0,4.677130975812698e-05
2024-01-02,10:34:38,31.6596,27.44,25.75,2937,15140555.0,4.677130975812698e-05
2024-01-02,10:34:38,31.6644,27.44,25.75,2937,15140554.0,4.677130975812698e-05
2024-01-02,10:34:38,31.6691,27.44,25.75,2937,15140554.0,4.677130975812698e-05
2024-01-02,10:34:38,31.6738,27.44,25.75,2937,15140555.0,4.677130975812698e-05
2024-01-02,10:34:38,31.6786,27.44,25.75,2938,15140554.0,4.669656220581276e-05
2024-01-02,10:34:38,31.6833,27.44,25.75,2938,15140554.0,4.669656220581276e-05
2024-01-02,10:34:38,31.688,27.44,25.75,2937,15140556.0,4.677130975812698e-05
2024-01-02,10:34:38,31.6928,27.44,25.75,2937,15140555.0,4.677130975812698e-05
2024-01-02,10:34:38,31.6976,27.44,25.75,2938,15140553.0,4.669656220581276e-05
2024-01-02,10:34:38,31.7024,27.44,25.75,2939,15140554.0,4.662193411127311e-05
2024-01-02,10:34:38,31.7071,27.44,25.75,2938,15140556.0,4.669656220581276e-05
2024-01-02,10:34:38,31.7118,27.44,25.75,2937,15140555.0,4.677130975812698e-05
2024-01-02,10:34:38,31.7166,27.44,25.75,2937,15140554.0,4.677130975812698e-05
2024-01-02,10:34:38,31.7214,27.44,25.75,2938,15140554.0,4.669656220581276e-05
2024-01-02,10:34:38,31.7262,27.44,25.75,2938,15140555.0,4.669656220581276e-05
2024-01-02,10:34:38,31.7309,27.44,25.75,2938,15140555.0,4.669656220581276e-05
2024-01-02,10:34:38,31.7356,27.44,25.75,2938,15140554.0,4.669656220581276e-05
2024-01-02,10:34:38,31.7404,27.44,25.75,2937,15140554.0,4.677130975812698e-05
2024-01-02,10:34:38,31.7452,27.44,25.75,2937,15140555.0,4.677130975812698e-05
2024-01-02,10:34:38,31.7499,27.44,25.75,2938,15140555.0,4.669656220581276e-05
2024-01-02,10:34:38,31.7547,27.44,25.75,2938,15140555.0,4.669656220581276e-05
2024-01-02,10:34:38,31.7595,27.44,25.75,2937,15140555.0,4.677130975812698e-05
2024-01-02,10:34:38,31.7642,27.44,25.75,2937,15140555.0,4.677130975812698e-05
2024-01-02,10:34:38,31.7689,27.44,25.75,2937,15140554.0,4.677130975812698e-05
2024-01-02,10:34:38,31.7737,27.44,25.75,2937,15140554.0,4.677130975812698e-05
2024-01-02,10:34:38,31.7785,27.44,25.75,2937,15140554.0,4.677130975812698e-05
2024-01-02,10:34:38,31.7833,27.44,25.75,2938,15140553.0,4.669656220581276e-05
2024-01-02,10:34:38,31.788,27.44,25.75,2938,15140554.0,4.669656220581276e-05
2024-01-02,10:34:38,31.7927,27.44,25.75,2938,15140554.0,4.669656220581276e-05
2024-01-02,10:34:38,31.7975,27.44,25.75,2938,15140554.0,4.669656220581276e-05
2024-01-02,10:34:38,31.8023,27.44,25.75,2937,15140554.0,4.677130975812698e-05
2024-01-02,10:34:38,31.807,27.44,25.75,2937,15140554.0,4.677130975812698e-05
2024-01-02,10:34:38,31.8117,27.44,25.75,2938,15140553.0,4.669656220581276e-05
2024-01-02,10:34:38,31.8165,27.44,25.75,2939,15140554.0,4.662193411127311e-05
2024-01-02,10:34:38,31.8213,27.44,25.75,2938,15140554.0,4.669656220581276e-05
2024-01-02,10:34:38,31.826,27.44,25.75,2937,15140554.0,4.677130975812698e-05
2024-01-02,10:34:38,31.8366,27.44,25.75,2937,15140555.0,4.677130975812698e-05
2024-01-02,10:34:38,31.8473,27.44,25.75,2937,15140554.0,4.677130975812698e-05
2024-01-02,10:34:38,31.8521,27.44,25.75,2937,15140554.0,4.677130975812698e-05
2024-01-02,10:34:38,31.8569,27.44,25.75,2938,15140555.0,4.669656220581276e-05
2024-01-02,10:34:38,31.8617,27.44,25.75,2938,15140555.0,4.669656220581276e-05
2024-01-02,10:34:38,31.8664,27.44,25.75,2938,15140555.0,4.669656220581276e-05
2024-01-02,10:34:38,31.8711,27.44,25.75,2939,15140553.0,4.662193411127311e-05
2024-01-02,10:34:38,31.8759,27.44,25.75,2938,15140553.0,4.669656220581276e-05
2024-01-02,10:34:38,31.8806,27.44,25.75,2937,15140554.0,4.677130975812698e-05
2024-01-02,10:34:38,31.8854,27.44,25.75,2937,15140555.0,4.677130975812698e-05
2024-01-02,10:34:38,31.8902,27.44,25.75,2937,15140554.0,4.677130975812698e-05
2024-01-02,10:34:38,31.8949,27.44,25.75,2937,15140554.0,4.677130975812698e-05
2024-01-02,10:34:38,31.8997,27.44,25.75,2937,15140554.0,4.677130975812698e-05
2024-01-02,10:34:38,31.9044,27.44,25.75,2938,15140555.0,4.669656220581276e-05
2024-01-02,10:34:38,31.9092,27.44,25.75,2938,15140555.0,4.669656220581276e-05
2024-01-02,10:34:38,31.9139,27.44,25.75,2937,15140553.0,4.677130975812698e-05
2024-01-02,10:34:38,31.9186,27.44,25.75,2938,15140552.0,4.669656220581276e-05
2024-01-02,10:34:38,31.9234,27.44,25.75,2939,15140554.0,4.662193411127311e-05
2024-01-02,10:34:38,31.9282,27.44,25.75,2938,15140554.0,4.669656220581276e-05
2024-01-02,10:34:38,31.9328,27.44,25.75,2937,15140553.0,4.677130975812698e-05
2024-01-02,10:34:38,31.9376,27.44,25.75,2938,15140553.0,4.669656220581276e-05
2024-01-02,10:34:38,31.9424,27.44,25.75,2939,15140554.0,4.662193411127311e-05
2024-01-02,10:34:38,31.9471,27.44,25.75,2939,15140554.0,4.662193411127311e-05
2024-01-02,10:34:38,31.9518,27.44,25.75,2939,15140553.0,4.662193411127311e-05
2024-01-02,10:34:38,31.9566,27.44,25.75,2939,15140553.0,4.662193411127311e-05
2024-01-02,10:34:38,31.9614,27.44,25.75,2938,15140553.0,4.669656220581276e-05
2024-01-02,10:34:38,31.9661,27.44,25.75,2937,15140555.0,4.677130975812698e-05
2024-01-02,10:34:38,31.9709,27.44,25.75,2938,15140555.0,4.669656220581276e-05
2024-01-02,10:34:38,31.9757,27.44,25.75,2938,15140551.0,4.669656220581276e-05
2024-01-02,10:34:38,31.9804,27.44,25.75,2937,15140551.0,4.677130975812698e-05
2024-01-02,10:34:38,31.9852,27.44,25.75,2938,15140553.0,4.669656220581276e-05
2024-01-02,10:34:38,31.9899,27.44,25.75,2938,15140552.0,4.669656220581276e-05
2024-01-02,10:34:38,31.9947,27.44,25.75,2937,15140554.0,4.677130975812698e-05
2024-01-02,10:34:38,31.9995,27.44,25.75,2937,15140555.0,4.677130975812698e-05
2024-01-02,10:34:38,32.0042,27.44,25.75,2937,15140554.0,4.677130975812698e-05
2024-01-02,10:34:38,32.0089,27.44,25.75,2937,15140552.0,4.677130975812698e-05
2024-01-02,10:34:38,32.0136,27.44,25.75,2937,15140553.0,4.677130975812698e-05
2024-01-02,10:34:38,32.0184,27.44,25.75,2937,15140555.0,4.677130975812698e-05
2024-01-02,10:34:38,32.0232,27.44,25.75,2938,15140553.0,4.669656220581276e-05
2024-01-02,10:34:38,32.0279,27.44,25.75,2938,15140552.0,4.669656220581276e-05
2024-01-02,10:34:38,32.0326,27.44,25.75,2937,15140553.0,4.677130975812698e-05
2024-01-02,10:34:38,32.0373,27.44,25.75,2937,15140554.0,4.677130975812698e-05
2024-01-02,10:34:38,32.0421,27.44,25.75,2938,15140553.0,4.669656220581276e-05
2024-01-02,10:34:38,32.0469,27.44,25.75,2938,15140553.0,4.669656220581276e-05
2024-01-02,10:34:38,32.0517,27.44,25.75,2937,15140555.0,4.677130975812698e-05
2024-01-02,10:34:38,32.0564,27.44,25.75,2937,15140555.0,4.677130975812698e-05
2024-01-02,10:34:38,32.0612,27.44,25.75,2937,15140553.0,4.677130975812698e-05
2024-01-02,10:34:38,32.0659,27.44,25.75,2937,15140554.0,4.677130975812698e-05
2024-01-02,10:34:38,32.0754,27.44,25.75,2937,15140556.0,4.677130975812698e-05
2024-01-02,10:34:38,32.0801,27.44,25.75,2938,15140555.0,4.669656220581276e-05
2024-01-02,10:34:38,32.0849,27.44,25.75,2937,15140556.0,4.677130975812698e-05
2024-01-02,10:34:38,32.0917,27.44,25.75,2937,15140556.0,4.677130975812698e-05
2024-01-02,10:34:38,32.0984,27.44,25.75,2937,15140554.0,4.677130975812698e-05
2024-01-02,10:34:38,32.1032,27.44,25.75,2937,15140554.0,4.677130975812698e-05
2024-01-02,10:34:38,32.1079,27.44,25.75,2937,15140553.0,4.677130975812698e-05
2024-01-02,10:34:38,32.1127,27.44,25.75,2936,15140554.0,4.684617695943272e-05
2024-01-02,10:34:38,32.1175,27.44,25.75,2936,15140556.0,4.684617695943272e-05
2024-01-02,10:34:38,32.1223,27.44,25.75,2937,15140555.0,4.677130975812698e-05
2024-01-02,10:34:38,32.127,27.44,25.75,2937,15140554.0,4.677130975812698e-05
2024-01-02,10:34:38,32.1317,27.44,25.75,2937,15140555.0,4.677130975812698e-05
2024-01-02,10:34:38,32.1364,27.44,25.75,2937,15140556.0,4.677130975812698e-05
2024-01-02,10:34:38,32.1412,27.44,25.75,2938,15140554.0,4.669656220581276e-05
2024-01-02,10:34:38,32.1459,27.44,25.75,2938,15140553.0,4.669656220581276e-05
2024-01-02,10:34:38,32.1506,27.44,25.75,2937,15140555.0,4.677130975812698e-05
2024-01-02,10:34:38,32.1554,27.44,25.75,2936,15140554.0,4.684617695943272e-05
2024-01-02,10:34:38,32.1602,27.44,25.75,2937,15140552.0,4.677130975812698e-05
2024-01-02,10:34:38,32.1649,27.44,25.75,2937,15140551.0,4.677130975812698e-05
2024-01-02,10:34:39,32.1696,27.44,25.75,2937,15140553.0,4.677130975812698e-05
2024-01-02,10:34:39,32.1744,27.44,25.75,2937,15140553.0,4.677130975812698e-05
2024-01-02,10:34:39,32.1792,27.44,25.75,2937,15140552.0,4.677130975812698e-05
2024-01-02,10:34:39,32.1839,27.44,25.75,2938,15140551.0,4.669656220581276e-05
2024-01-02,10:34:39,32.1887,27.44,25.75,2938,15140552.0,4.669656220581276e-05
2024-01-02,10:34:39,32.1934,27.44,25.75,2939,15140554.0,4.662193411127311e-05
2024-01-02,10:34:39,32.1982,27.44,25.75,2938,15140554.0,4.669656220581276e-05
2024-01-02,10:34:39,32.203,27.44,25.75,2936,15140553.0,4.684617695943272e-05
2024-01-02,10:34:39,32.2076,27.44,25.75,2935,15140554.0,4.692116400125314e-05
2024-01-02,10:34:39,32.2124,27.44,25.75,2936,15140556.0,4.684617695943272e-05
2024-01-02,10:34:39,32.2172,27.44,25.75,2937,15140555.0,4.677130975812698e-05
2024-01-02,10:34:39,32.222,27.44,25.75,2937,15140556.0,4.677130975812698e-05
2024-01-02,10:34:39,32.2268,27.44,25.75,2937,15140555.0,4.677130975812698e-05
2024-01-02,10:34:39,32.2316,27.44,25.75,2937,15140553.0,4.677130975812698e-05
2024-01-02,10:34:39,32.2363,27.44,25.75,2937,15140554.0,4.677130975812698e-05
2024-01-02,10:34:39,32.2411,27.44,25.75,2936,15140555.0,4.684617695943272e-05
2024-01-02,10:34:39,32.2458,27.44,25.75,2936,15140554.0,4.684617695943272e-05
2024-01-02,10:34:39,32.2506,27.44,25.75,2937,15140553.0,4.677130975812698e-05
2024-01-02,10:34:39,32.2553,27.44,25.75,2937,15140554.0,4.677130975812698e-05
2024-01-02,10:34:39,32.2601,27.44,25.75,2937,15140553.0,4.677130975812698e-05
2024-01-02,10:34:39,32.2648,27.44,25.75,2937,15140553.0,4.677130975812698e-05
2024-01-02,10:34:39,32.2695,27.44,25.75,2937,15140553.0,4.677130975812698e-05
2024-01-02,10:34:39,32.2743,27.44,25.75,2938,15140553.0,4.669656220581276e-05
2024-01-02,10:34:39,32.2791,27.44,25.75,2939,15140553.0,4.662193411127311e-05
2024-01-02,10:34:39,32.2839,27.44,25.75,2937,15140554.0,4.677130975812698e-05
2024-01-02,10:34:39,32.2887,27.44,25.75,2936,15140554.0,4.684617695943272e-05
2024-01-02,10:34:39,32.2934,27.44,25.75,2937,15140554.0,4.677130975812698e-05
2024-01-02,10:34:39,32.2982,27.44,25.75,2938,15140555.0,4.669656220581276e-05
2024-01-02,10:34:39,32.303,27.44,25.75,2937,15140556.0,4.677130975812698e-05
2024-01-02,10:34:39,32.3077,27.44,25.75,2936,15140555.0,4.684617695943272e-05
2024-01-02,10:34:39,32.3124,27.44,25.75,2937,15140554.0,4.677130975812698e-05
2024-01-02,10:34:39,32.3172,27.44,25.75,2938,15140555.0,4.669656220581276e-05
2024-01-02,10:34:39,32.3219,27.44,25.75,2937,15140556.0,4.677130975812698e-05
2024-01-02,10:34:39,32.3266,27.44,25.75,2936,15140556.0,4.684617695943272e-05
2024-01-02,10:34:39,32.3374,27.44,25.75,2937,15140555.0,4.677130975812698e-05
2024-01-02,10:34:39,32.3481,27.44,25.75,2937,15140554.0,4.677130975812698e-05
2024-01-02,10:34:39,32.3528,27.44,25.75,2937,15140553.0,4.677130975812698e-05
2024-01-02,10:34:39,32.3576,27.44,25.75,2937,15140554.0,4.677130975812698e-05
2024-01-02,10:34:39,32.3623,27.44,25.75,2937,15140555.0,4.677130975812698e-05
2024-01-02,10:34:39,32.3671,27.44,25.75,2937,15140555.0,4.677130975812698e-05
2024-01-02,10:34:39,32.3719,27.44,25.75,2937,15140555.0,4.677130975812698e-05
2024-01-02,10:34:39,32.3767,27.44,25.75,2937,15140555.0,4.677130975812698e-05
2024-01-02,10:34:39,32.3815,27.44,25.75,2937,15140555.0,4.677130975812698e-05
2024-01-02,10:34:39,32.3862,27.44,25.75,2937,15140554.0,4.677130975812698e-05
2024-01-02,10:34:39,32.3909,27.44,25.75,2937,15140555.0,4.677130975812698e-05
2024-01-02,10:34:39,32.3957,27.44,25.75,2937,15140554.0,4.677130975812698e-05
2024-01-02,10:34:39,32.4005,27.44,25.75,2937,15140553.0,4.677130975812698e-05
2024-01-02,10:34:39,32.4053,27.44,25.75,2937,15140554.0,4.677130975812698e-05
2024-01-02,10:34:39,32.41,27.44,25.75,2937,15140554.0,4.677130975812698e-05
2024-01-02,10:34:39,32.4148,27.44,25.75,2937,15140554.0,4.677130975812698e-05
2024-01-02,10:34:39,32.4194,27.44,25.75,2937,15140554.0,4.677130975812698e-05
2024-01-02,10:34:39,32.4242,27.44,25.75,2937,15140555.0,4.677130975812698e-05
2024-01-02,10:34:39,32.429,27.44,25.75,2937,15140556.0,4.677130975812698e-05
2024-01-02,10:34:39,32.4337,27.44,25.75,2937,15140555.0,4.677130975812698e-05
2024-01-02,10:34:39,32.4384,27.44,25.75,2937,15140554.0,4.677130975812698e-05
2024-01-02,10:34:39,32.4432,27.44,25.75,2937,15140554.0,4.677130975812698e-05
2024-01-02,10:34:39,32.448,27.44,25.75,2937,15140555.0,4.677130975812698e-05
2024-01-02,10:34:39,32.4526,27.44,25.75,2936,15140553.0,4.684617695943272e-05
2024-01-02,10:34:39,32.4574,27.44,25.75,2936,15140554.0,4.684617695943272e-05
2024-01-02,10:34:39,32.4622,27.44,25.75,2936,15140555.0,4.684617695943272e-05
2024-01-02,10:34:39,32.4669,27.44,25.75,2936,15140555.0,4.684617695943272e-05
2024-01-02,10:34:39,32.4716,27.44,25.75,2936,15140552.0,4.684617695943272e-05
2024-01-02,10:34:39,32.4764,27.44,25.75,2936,15140552.0,4.684617695943272e-05
2024-01-02,10:34:39,32.4812,27.44,25.75,2935,15140553.0,4.692116400125314e-05
2024-01-02,10:34:39,32.486,27.44,25.75,2935,15140553.0,4.692116400125314e-05
2024-01-02,10:34:39,32.4908,27.44,25.75,2936,15140553.0,4.684617695943272e-05
2024-01-02,10:34:39,32.4955,27.44,25.75,2935,15140553.0,4.692116400125314e-05
2024-01-02,10:34:39,32.5003,27.44,25.75,2935,15140554.0,4.692116400125314e-05
2024-01-02,10:34:39,32.5051,27.44,25.75,2936,15140552.0,4.684617695943272e-05
2024-01-02,10:34:39,32.5099,27.44,25.75,2937,15140553.0,4.677130975812698e-05
2024-01-02,10:34:39,32.5146,27.44,25.75,2936,15140555.0,4.684617695943272e-05
2024-01-02,10:34:39,32.5194,27.44,25.75,2936,15140557.0,4.684617695943272e-05
2024-01-02,10:34:39,32.5241,27.44,25.75,2936,15140556.0,4.684617695943272e-05
2024-01-02,10:34:39,32.5289,27.44,25.75,2936,15140555.0,4.684617695943272e-05
2024-01-02,10:34:39,32.5336,27.44,25.75,2936,15140556.0,4.684617695943272e-05
2024-01-02,10:34:39,32.5383,27.44,25.75,2936,15140556.0,4.684617695943272e-05
2024-01-02,10:34:39,32.5431,27.44,25.75,2937,15140555.0,4.677130975812698e-05
2024-01-02,10:34:39,32.5478,27.44,25.75,2937,15140556.0,4.677130975812698e-05
2024-01-02,10:34:39,32.5525,27.44,25.75,2936,15140557.0,4.684617695943272e-05
2024-01-02,10:34:39,32.5573,27.44,25.75,2935,15140554.0,4.692116400125314e-05
2024-01-02,10:34:39,32.5621,27.44,25.75,2936,15140553.0,4.684617695943272e-05
2024-01-02,10:34:39,32.5669,27.44,25.75,2936,15140554.0,4.684617695943272e-05
2024-01-02,10:34:39,32.5717,27.44,25.75,2935,15140554.0,4.692116400125314e-05
2024-01-02,10:34:39,32.5764,27.44,25.75,2934,15140551.0,4.699627107541779e-05
2024-01-02,10:34:39,32.5872,27.44,25.75,2933,15140552.0,4.707149837406347e-05
2024-01-02,10:34:39,32.598,27.44,25.75,2935,15140556.0,4.692116400125314e-05
2024-01-02,10:34:39,32.6028,27.44,25.75,2935,15140556.0,4.692116400125314e-05
2024-01-02,10:34:39,32.6075,27.44,25.75,2935,15140557.0,4.692116400125314e-05
2024-01-02,10:34:39,32.6122,27.44,25.75,2935,15140557.0,4.692116400125314e-05
2024-01-02,10:34:39,32.6169,27.44,25.75,2934,15140555.0,4.699627107541779e-05
2024-01-02,10:34:39,32.6217,27.44,25.75,2935,15140555.0,4.692116400125314e-05
2024-01-02,10:34:39,32.6265,27.44,25.75,2935,15140556.0,4.692116400125314e-05
2024-01-02,10:34:39,32.6312,27.44,25.75,2935,15140555.0,4.692116400125314e-05
2024-01-02,10:34:39,32.6359,27.44,25.75,2935,15140555.0,4.692116400125314e-05
2024-01-02,10:34:39,32.6407,27.5,25.75,2935,15140555.0,4.692116400125314e-05
2024-01-02,10:34:39,32.6455,27.5,25.75,2934,15140554.0,4.699627107541779e-05
2024-01-02,10:34:39,32.6503,27.5,25.75,2934,15140554.0,4.699627107541779e-05
2024-01-02,10:34:39,32.655,27.5,25.75,2934,15140555.0,4.699627107541779e-05
2024-01-02,10:34:39,32.6597,27.5,25.75,2935,15140554.0,4.692116400125314e-05
2024-01-02,10:34:39,32.6644,27.5,25.75,2935,15140553.0,4.692116400125314e-05
2024-01-02,10:34:39,32.6693,27.5,25.75,2934,15140553.0,4.699627107541779e-05
2024-01-02,10:34:39,32.6741,27.5,25.75,2934,15140554.0,4.699627107541779e-05
2024-01-02,10:34:39,32.6788,27.5,25.75,2934,15140554.0,4.699627107541779e-05
2024-01-02,10:34:39,32.6836,27.5,25.75,2934,15140553.0,4.699627107541779e-05
2024-01-02,10:34:39,32.6883,27.5,25.75,2934,15140553.0,4.699627107541779e-05
2024-01-02,10:34:39,32.693,27.5,25.75,2934,15140554.0,4.699627107541779e-05
2024-01-02,10:34:39,32.6978,27.5,25.75,2934,15140553.0,4.699627107541779e-05
2024-01-02,10:34:39,32.7026,27.5,25.75,2935,15140553.0,4.692116400125314e-05
2024-01-02,10:34:39,32.7074,27.5,25.75,2935,15140554.0,4.692116400125314e-05
2024-01-02,10:34:39,32.7121,27.5,25.75,2935,15140554.0,4.692116400125314e-05
2024-01-02,10:34:39,32.7168,27.5,25.75,2935,15140554.0,4.692116400125314e-05
2024-01-02,10:34:39,32.7216,27.5,25.75,2935,15140554.0,4.692116400125314e-05
2024-01-02,10:34:39,32.7264,27.5,25.75,2935,15140554.0,4.692116400125314e-05
2024-01-02,10:34:39,32.7311,27.5,25.75,2935,15140553.0,4.692116400125314e-05
2024-01-02,10:34:39,32.7359,27.5,25.75,2934,15140554.0,4.699627107541779e-05
2024-01-02,10:34:39,32.7407,27.5,25.75,2934,15140554.0,4.699627107541779e-05
2024-01-02,10:34:39,32.7454,27.5,25.75,2935,15140553.0,4.692116400125314e-05
2024-01-02,10:34:39,32.7502,27.5,25.75,2935,15140553.0,4.692116400125314e-05
2024-01-02,10:34:39,32.755,27.5,25.75,2934,15140553.0,4.699627107541779e-05
2024-01-02,10:34:39,32.7597,27.5,25.75,2934,15140554.0,4.699627107541779e-05
2024-01-02,10:34:39,32.7644,27.5,25.75,2934,15140554.0,4.699627107541779e-05
2024-01-02,10:34:39,32.7692,27.5,25.75,2934,15140554.0,4.699627107541779e-05
2024-01-02,10:34:39,32.774,27.5,25.75,2934,15140554.0,4.699627107541779e-05
2024-01-02,10:34:39,32.7787,27.5,25.75,2934,15140555.0,4.699627107541779e-05
2024-01-02,10:34:39,32.7835,27.5,25.75,2935,15140554.0,4.692116400125314e-05
2024-01-02,10:34:39,32.7883,27.5,25.75,2935,15140555.0,4.692116400125314e-05
2024-01-02,10:34:39,32.7931,27.5,25.75,2934,15140556.0,4.699627107541779e-05
2024-01-02,10:34:39,32.7978,27.5,25.75,2934,15140554.0,4.699627107541779e-05
2024-01-02,10:34:39,32.8025,27.5,25.75,2934,15140553.0,4.699627107541779e-05
2024-01-02,10:34:39,32.8073,27.5,25.75,2933,15140553.0,4.707149837406347e-05
2024-01-02,10:34:39,32.8121,27.5,25.75,2933,15140553.0,4.707149837406347e-05
2024-01-02,10:34:39,32.8169,27.5,25.75,2934,15140554.0,4.699627107541779e-05
2024-01-02,10:34:39,32.8216,27.5,25.75,2934,15140555.0,4.699627107541779e-05
2024-01-02,10:34:39,32.8263,27.5,25.75,2933,15140555.0,4.707149837406347e-05
2024-01-02,10:34:39,32.8371,27.5,25.75,2933,15140556.0,4.707149837406347e-05
2024-01-02,10:34:39,32.8478,27.5,25.75,2933,15140555.0,4.707149837406347e-05
2024-01-02,10:34:39,32.8526,27.5,25.75,2933,15140554.0,4.707149837406347e-05
2024-01-02,10:34:39,32.8574,27.5,25.75,2933,15140554.0,4.707149837406347e-05
2024-01-02,10:34:39,32.8621,27.5,25.75,2933,15140555.0,4.707149837406347e-05
2024-01-02,10:34:39,32.8668,27.5,25.75,2933,15140555.0,4.707149837406347e-05
2024-01-02,10:34:39,32.8715,27.5,25.75,2933,15140554.0,4.707149837406347e-05
2024-01-02,10:34:39,32.8763,27.5,25.75,2933,15140555.0,4.707149837406347e-05
2024-01-02,10:34:39,32.8812,27.5,25.75,2933,15140556.0,4.707149837406347e-05
2024-01-02,10:34:39,32.8859,27.5,25.75,2932,15140554.0,4.714684608963439e-05
2024-01-02,10:34:39,32.8907,27.5,25.75,2932,15140553.0,4.714684608963439e-05
2024-01-02,10:34:39,32.8955,27.5,25.75,2933,15140555.0,4.707149837406347e-05
2024-01-02,10:34:39,32.9001,27.5,25.75,2932,15140555.0,4.714684608963439e-05
2024-01-02,10:34:39,32.9048,27.5,25.75,2932,15140554.0,4.714684608963439e-05
2024-01-02,10:34:39,32.9096,27.5,25.75,2933,15140554.0,4.707149837406347e-05
2024-01-02,10:34:39,32.9145,27.5,25.75,2933,15140555.0,4.707149837406347e-05
2024-01-02,10:34:39,32.9192,27.5,25.75,2932,15140556.0,4.714684608963439e-05
2024-01-02,10:34:39,32.9239,27.5,25.75,2931,15140554.0,4.72223144148829e-05
2024-01-02,10:34:39,32.9288,27.5,25.75,2932,15140552.0,4.714684608963439e-05
2024-01-02,10:34:39,32.9336,27.5,25.75,2932,15140554.0,4.714684608963439e-05
2024-01-02,10:34:39,32.9383,27.5,25.75,2931,15140555.0,4.72223144148829e-05
2024-01-02,10:34:39,32.9431,27.5,25.75,2932,15140553.0,4.714684608963439e-05
2024-01-02,10:34:39,32.9478,27.5,25.75,2932,15140554.0,4.714684608963439e-05
2024-01-02,10:34:39,32.9526,27.5,25.75,2931,15140556.0,4.72223144148829e-05
2024-01-02,10:34:39,32.9574,27.5,25.75,2931,15140555.0,4.72223144148829e-05
2024-01-02,10:34:39,32.9621,27.5,25.75,2931,15140553.0,4.72223144148829e-05
2024-01-02,10:34:39,32.9669,27.5,25.75,2933,15140552.0,4.707149837406347e-05
2024-01-02,10:34:39,32.9717,27.5,25.75,2932,15140552.0,4.714684608963439e-05
2024-01-02,10:34:39,32.9764,27.5,25.75,2931,15140553.0,4.72223144148829e-05
2024-01-02,10:34:39,32.9813,27.5,25.75,2933,15140554.0,4.707149837406347e-05
2024-01-02,10:34:39,32.9861,27.5,25.75,2933,15140554.0,4.707149837406347e-05
2024-01-02,10:34:39,32.9908,27.5,25.75,2932,15140553.0,4.714684608963439e-05
2024-01-02,10:34:39,32.9956,27.5,25.75,2931,15140553.0,4.72223144148829e-05
2024-01-02,10:34:39,33.0004,27.5,25.75,2931,15140554.0,4.72223144148829e-05
2024-01-02,10:34:39,33.0051,27.5,25.75,2931,15140554.0,4.72223144148829e-05
2024-01-02,10:34:39,33.0099,27.5,25.75,2930,15140553.0,4.72979035428698e-05
2024-01-02,10:34:39,33.0147,27.5,25.75,2931,15140553.0,4.72223144148829e-05
2024-01-02,10:34:39,33.0195,27.5,25.75,2932,15140554.0,4.714684608963439e-05
2024-01-02,10:34:39,33.0242,27.5,25.75,2932,15140553.0,4.714684608963439e-05
2024-01-02,10:34:39,33.029,27.5,25.75,2931,15140552.0,4.72223144148829e-05
2024-01-02,10:34:39,33.0338,27.5,25.75,2931,15140551.0,4.72223144148829e-05
2024-01-02,10:34:39,33.0386,27.5,25.75,2931,15140552.0,4.72223144148829e-05
2024-01-02,10:34:39,33.0434,27.5,25.75,2930,15140551.0,4.72979035428698e-05
2024-01-02,10:34:39,33.0481,27.5,25.75,2932,15140553.0,4.714684608963439e-05
2024-01-02,10:34:39,33.0528,27.5,25.75,2931,15140554.0,4.72223144148829e-05
2024-01-02,10:34:39,33.0576,27.5,25.75,2931,15140555.0,4.72223144148829e-05
2024-01-02,10:34:39,33.0624,27.5,25.75,2931,15140555.0,4.72223144148829e-05
2024-01-02,10:34:39,33.0671,27.5,25.75,2930,15140553.0,4.72979035428698e-05
2024-01-02,10:34:39,33.0719,27.5,25.75,2931,15140553.0,4.72223144148829e-05
2024-01-02,10:34:39,33.0766,27.5,25.75,2931,15140554.0,4.72223144148829e-05
2024-01-02,10:34:39,33.0874,27.5,25.75,2931,15140553.0,4.72223144148829e-05
2024-01-02,10:34:39,33.0981,27.5,25.75,2930,15140551.0,4.72979035428698e-05
2024-01-02,10:34:39,33.1028,27.5,25.75,2930,15140551.0,4.72979035428698e-05
2024-01-02,10:34:39,33.1076,27.5,25.75,2931,15140552.0,4.72223144148829e-05
2024-01-02,10:34:39,33.1124,27.5,25.75,2931,15140551.0,4.72223144148829e-05
2024-01-02,10:34:39,33.1172,27.5,25.75,2931,15140551.0,4.72223144148829e-05
2024-01-02,10:34:39,33.122,27.5,25.75,2930,15140551.0,4.72979035428698e-05
2024-01-02,10:34:39,33.1267,27.5,25.75,2931,15140552.0,4.72223144148829e-05
2024-01-02,10:34:39,33.1314,27.5,25.75,2931,15140552.0,4.72223144148829e-05
2024-01-02,10:34:39,33.1361,27.5,25.75,2931,15140553.0,4.72223144148829e-05
2024-01-02,10:34:39,33.1409,27.5,25.75,2931,15140554.0,4.72223144148829e-05
2024-01-02,10:34:39,33.1456,27.5,25.75,2932,15140554.0,4.714684608963439e-05
2024-01-02,10:34:39,33.1503,27.5,25.75,2931,15140556.0,4.72223144148829e-05
2024-01-02,10:34:39,33.1551,27.5,25.75,2930,15140556.0,4.72979035428698e-05
2024-01-02,10:34:39,33.1599,27.5,25.75,2930,15140557.0,4.72979035428698e-05
2024-01-02,10:34:39,33.1646,27.5,25.75,2928,15140555.0,4.744944498084801e-05
2024-01-02,10:34:40,33.1695,27.5,25.75,2929,15140553.0,4.737361366696506e-05
2024-01-02,10:34:40,33.1743,27.5,25.75,2929,15140553.0,4.737361366696506e-05
2024-01-02,10:34:40,33.179,27.5,25.75,2930,15140554.0,4.72979035428698e-05
2024-01-02,10:34:40,33.1838,27.5,25.75,2928,15140552.0,4.744944498084801e-05
2024-01-02,10:34:40,33.1887,27.5,25.75,2929,15140551.0,4.737361366696506e-05
2024-01-02,10:34:40,33.1935,27.5,25.75,2930,15140552.0,4.72979035428698e-05
2024-01-02,10:34:40,33.1982,27.5,25.75,2930,15140550.0,4.72979035428698e-05
2024-01-02,10:34:40,33.203,27.5,25.75,2930,15140549.0,4.72979035428698e-05
2024-01-02,10:34:40,33.2078,27.5,25.75,2929,15140548.0,4.737361366696506e-05
2024-01-02,10:34:40,33.2126,27.5,25.75,2930,15140551.0,4.72979035428698e-05
2024-01-02,10:34:40,33.2174,27.5,25.75,2930,15140553.0,4.72979035428698e-05
2024-01-02,10:34:40,33.2222,27.5,25.75,2929,15140551.0,4.737361366696506e-05
2024-01-02,10:34:40,33.227,27.5,25.75,2929,15140550.0,4.737361366696506e-05
2024-01-02,10:34:40,33.2318,27.5,25.75,2929,15140551.0,4.737361366696506e-05
2024-01-02,10:34:40,33.2365,27.5,25.75,2929,15140550.0,4.737361366696506e-05
2024-01-02,10:34:40,33.2413,27.5,25.75,2929,15140550.0,4.737361366696506e-05
2024-01-02,10:34:40,33.2461,27.5,25.75,2928,15140550.0,4.744944498084801e-05
2024-01-02,10:34:40,33.2509,27.5,25.75,2929,15140552.0,4.737361366696506e-05
2024-01-02,10:34:40,33.2556,27.5,25.75,2928,15140553.0,4.744944498084801e-05
2024-01-02,10:34:40,33.2604,27.5,25.75,2929,15140552.0,4.737361366696506e-05
2024-01-02,10:34:40,33.2651,27.5,25.75,2929,15140552.0,4.737361366696506e-05
2024-01-02,10:34:40,33.2699,27.5,25.75,2928,15140553.0,4.744944498084801e-05
2024-01-02,10:34:40,33.2747,27.5,25.75,2928,15140554.0,4.744944498084801e-05
2024-01-02,10:34:40,33.2795,27.5,25.75,2928,15140553.0,4.744944498084801e-05
2024-01-02,10:34:40,33.2843,27.5,25.75,2929,15140552.0,4.737361366696506e-05
2024-01-02,10:34:40,33.2891,27.5,25.75,2928,15140551.0,4.744944498084801e-05
2024-01-02,10:34:40,33.2939,27.5,25.75,2928,15140551.0,4.744944498084801e-05
2024-01-02,10:34:40,33.2987,27.5,25.75,2929,15140552.0,4.737361366696506e-05
2024-01-02,10:34:40,33.3035,27.5,25.75,2928,15140552.0,4.744944498084801e-05
2024-01-02,10:34:40,33.3083,27.5,25.75,2928,15140553.0,4.744944498084801e-05
2024-01-02,10:34:40,33.3131,27.5,25.75,2928,15140554.0,4.744944498084801e-05
2024-01-02,10:34:40,33.3178,27.5,25.75,2928,15140552.0,4.744944498084801e-05
2024-01-02,10:34:40,33.3225,27.5,25.75,2928,15140553.0,4.744944498084801e-05
2024-01-02,10:34:40,33.3273,27.5,25.75,2927,15140554.0,4.752539767850818e-05
2024-01-02,10:34:40,33.3321,27.5,25.75,2928,15140552.0,4.744944498084801e-05
2024-01-02,10:34:40,33.3365,27.5,25.75,2928,15140552.0,4.744944498084801e-05
2024-01-02,10:34:40,33.3457,27.5,25.75,2928,15140551.0,4.744944498084801e-05
2024-01-02,10:34:40,33.3505,27.5,25.75,2928,15140550.0,4.744944498084801e-05
2024-01-02,10:34:40,33.3552,27.5,25.75,2928,15140551.0,4.744944498084801e-05
2024-01-02,10:34:40,33.3601,27.5,25.75,2928,15140551.0,4.744944498084801e-05
2024-01-02,10:34:40,33.3649,27.5,25.75,2928,15140551.0,4.744944498084801e-05
2024-01-02,10:34:40,33.3697,27.5,25.75,2928,15140549.0,4.744944498084801e-05
2024-01-02,10:34:40,33.3745,27.5,25.75,2927,15140548.0,4.752539767850818e-05
2024-01-02,10:34:40,33.3792,27.5,25.75,2927,15140549.0,4.752539767850818e-05
2024-01-02,10:34:40,33.384,27.5,25.75,2927,15140548.0,4.752539767850818e-05
2024-01-02,10:34:40,33.3888,27.5,25.75,2927,15140548.0,4.752539767850818e-05
2024-01-02,10:34:40,33.3936,27.5,25.75,2927,15140549.0,4.752539767850818e-05
2024-01-02,10:34:40,33.3984,27.5,25.75,2926,15140550.0,4.760147195424543e-05
2024-01-02,10:34:40,33.4031,27.5,25.75,2927,15140550.0,4.752539767850818e-05
2024-01-02,10:34:40,33.408,27.5,25.75,2927,15140550.0,4.752539767850818e-05
2024-01-02,10:34:40,33.4128,27.5,25.75,2927,15140551.0,4.752539767850818e-05
2024-01-02,10:34:40,33.4175,27.5,25.75,2927,15140551.0,4.752539767850818e-05
2024-01-02,10:34:40,33.4223,27.5,25.75,2928,15140551.0,4.744944498084801e-05
2024-01-02,10:34:40,33.4271,27.5,25.75,2928,15140551.0,4.744944498084801e-05
2024-01-02,10:34:40,33.4318,27.5,25.75,2927,15140550.0,4.752539767850818e-05
2024-01-02,10:34:40,33.4365,27.5,25.75,2927,15140550.0,4.752539767850818e-05
2024-01-02,10:34:40,33.4412,27.5,25.75,2928,15140552.0,4.744944498084801e-05
2024-01-02,10:34:40,33.4461,27.5,25.75,2927,15140552.0,4.752539767850818e-05
2024-01-02,10:34:40,33.4508,27.5,25.75,2926,15140551.0,4.760147195424543e-05
2024-01-02,10:34:40,33.4556,27.5,25.75,2927,15140551.0,4.752539767850818e-05
2024-01-02,10:34:40,33.4604,27.5,25.75,2927,15140550.0,4.752539767850818e-05
2024-01-02,10:34:40,33.4652,27.5,25.75,2927,15140550.0,4.752539767850818e-05
2024-01-02,10:34:40,33.47,27.5,25.75,2926,15140549.0,4.760147195424543e-05
2024-01-02,10:34:40,33.4748,27.5,25.75,2927,15140548.0,4.752539767850818e-05
2024-01-02,10:34:40,33.4795,27.5,25.75,2927,15140550.0,4.752539767850818e-05
2024-01-02,10:34:40,33.4843,27.5,25.75,2926,15140550.0,4.760147195424543e-05
2024-01-02,10:34:40,33.4891,27.5,25.75,2926,15140549.0,4.760147195424543e-05
2024-01-02,10:34:40,33.4939,27.5,25.75,2926,15140549.0,4.760147195424543e-05
2024-01-02,10:34:40,33.4987,27.5,25.75,2926,15140551.0,4.760147195424543e-05
2024-01-02,10:34:40,33.5034,27.5,25.75,2925,15140550.0,4.767766800267084e-05
2024-01-02,10:34:40,33.5082,27.5,25.75,2925,15140549.0,4.767766800267084e-05
2024-01-02,10:34:40,33.513,27.5,25.75,2927,15140548.0,4.752539767850818e-05
2024-01-02,10:34:40,33.5177,27.5,25.75,2927,15140547.0,4.752539767850818e-05
2024-01-02,10:34:40,33.5273,27.5,25.75,2925,15140549.0,4.767766800267084e-05
2024-01-02,10:34:40,33.5321,27.5,25.75,2925,15140549.0,4.767766800267084e-05
2024-01-02,10:34:40,33.5368,27.5,25.75,2927,15140551.0,4.752539767850818e-05
2024-01-02,10:34:40,33.5416,27.5,25.75,2927,15140551.0,4.752539767850818e-05
2024-01-02,10:34:40,33.5464,27.5,25.75,2927,15140551.0,4.752539767850818e-05
2024-01-02,10:34:40,33.5511,27.5,25.75,2927,15140552.0,4.752539767850818e-05
2024-01-02,10:34:40,33.5559,27.5,25.75,2925,15140550.0,4.767766800267084e-05
2024-01-02,10:34:40,33.5607,27.5,25.75,2925,15140551.0,4.767766800267084e-05
2024-01-02,10:34:40,33.5655,27.5,25.75,2925,15140550.0,4.767766800267084e-05
2024-01-02,10:34:40,33.5703,27.5,25.75,2926,15140549.0,4.760147195424543e-05
2024-01-02,10:34:40,33.5753,27.5,25.75,2925,15140549.0,4.767766800267084e-05
2024-01-02,10:34:40,33.5801,27.5,25.75,2925,15140548.0,4.767766800267084e-05
2024-01-02,10:34:40,33.5849,27.5,25.75,2925,15140548.0,4.767766800267084e-05
2024-01-02,10:34:40,33.5917,27.5,25.75,2924,15140545.0,4.775398601870682e-05
2024-01-02,10:34:40,33.5986,27.5,25.75,2926,15140548.0,4.760147195424543e-05
2024-01-02,10:34:40,33.6033,27.5,25.75,2926,15140550.0,4.760147195424543e-05
2024-01-02,10:34:40,33.608,27.5,25.75,2925,15140549.0,4.767766800267084e-05
2024-01-02,10:34:40,33.6128,27.5,25.75,2925,15140550.0,4.767766800267084e-05
2024-01-02,10:34:40,33.6176,27.5,25.75,2925,15140549.0,4.767766800267084e-05
2024-01-02,10:34:40,33.6224,27.5,25.75,2926,15140550.0,4.760147195424543e-05
2024-01-02,10:34:40,33.6272,27.5,25.75,2925,15140549.0,4.767766800267084e-05
2024-01-02,10:34:40,33.6321,27.5,25.75,2926,15140546.0,4.760147195424543e-05
2024-01-02,10:34:40,33.6369,27.5,25.75,2926,15140547.0,4.760147195424543e-05
2024-01-02,10:34:40,33.6416,27.5,25.75,2925,15140546.0,4.767766800267084e-05
2024-01-02,10:34:40,33.6464,27.5,25.75,2925,15140547.0,4.767766800267084e-05
2024-01-02,10:34:40,33.6512,27.5,25.75,2924,15140546.0,4.775398601870682e-05
2024-01-02,10:34:40,33.656,27.5,25.75,2925,15140547.0,4.767766800267084e-05
2024-01-02,10:34:40,33.6607,27.5,25.75,2925,15140548.0,4.767766800267084e-05
2024-01-02,10:34:40,33.6654,27.5,25.75,2926,15140548.0,4.760147195424543e-05
2024-01-02,10:34:40,33.6702,27.5,25.75,2926,15140547.0,4.760147195424543e-05
2024-01-02,10:34:40,33.675,27.5,25.75,2925,15140547.0,4.767766800267084e-05
2024-01-02,10:34:40,33.6798,27.5,25.75,2925,15140549.0,4.767766800267084e-05
2024-01-02,10:34:40,33.6845,27.5,25.75,2925,15140547.0,4.767766800267084e-05
2024-01-02,10:34:40,33.6892,27.5,25.75,2925,15140547.0,4.767766800267084e-05
2024-01-02,10:34:40,33.694,27.5,25.75,2925,15140548.0,4.767766800267084e-05
2024-01-02,10:34:40,33.6988,27.5,25.75,2925,15140550.0,4.767766800267084e-05
2024-01-02,10:34:40,33.7035,27.5,25.75,2924,15140548.0,4.775398601870682e-05
2024-01-02,10:34:40,33.7084,27.5,25.75,2924,15140547.0,4.775398601870682e-05
2024-01-02,10:34:40,33.7132,27.5,25.75,2924,15140548.0,4.775398601870682e-05
2024-01-02,10:34:40,33.718,27.5,25.75,2924,15140548.0,4.775398601870682e-05
2024-01-02,10:34:40,33.7228,27.5,25.75,2924,15140546.0,4.775398601870682e-05
2024-01-02,10:34:40,33.7277,27.5,25.75,2924,15140545.0,4.775398601870682e-05
2024-01-02,10:34:40,33.7326,27.5,25.75,2924,15140548.0,4.775398601870682e-05
2024-01-02,10:34:40,33.7374,27.5,25.75,2924,15140547.0,4.775398601870682e-05
2024-01-02,10:34:40,33.7421,27.5,25.75,2924,15140546.0,4.775398601870682e-05
2024-01-02,10:34:40,33.7468,27.5,25.75,2923,15140546.0,4.783042619758796e-05
2024-01-02,10:34:40,33.7516,27.5,25.75,2923,15140547.0,4.783042619758796e-05
2024-01-02,10:34:40,33.7564,27.5,25.75,2923,15140548.0,4.783042619758796e-05
2024-01-02,10:34:40,33.7612,27.5,25.75,2923,15140546.0,4.783042619758796e-05
2024-01-02,10:34:40,33.7661,27.5,25.75,2924,15140545.0,4.775398601870682e-05
2024-01-02,10:34:40,33.7709,27.5,25.75,2924,15140546.0,4.775398601870682e-05
2024-01-02,10:34:40,33.7757,27.5,25.75,2924,15140546.0,4.775398601870682e-05
2024-01-02,10:34:40,33.7805,27.5,25.75,2923,15140545.0,4.783042619758796e-05
2024-01-02,10:34:40,33.7852,27.5,25.75,2922,15140545.0,4.790698873486118e-05
2024-01-02,10:34:40,33.7901,27.5,25.75,2923,15140546.0,4.783042619758796e-05
2024-01-02,10:34:40,33.7949,27.5,25.75,2924,15140546.0,4.775398601870682e-05
2024-01-02,10:34:40,33.7996,27.5,25.75,2924,15140546.0,4.775398601870682e-05
2024-01-02,10:34:40,33.8044,27.5,25.75,2924,15140545.0,4.775398601870682e-05
2024-01-02,10:34:40,33.8092,27.5,25.75,2924,15140546.0,4.775398601870682e-05
2024-01-02,10:34:40,33.814,27.5,25.75,2924,15140547.0,4.775398601870682e-05
2024-01-02,10:34:40,33.8188,27.5,25.75,2924,15140547.0,4.775398601870682e-05
2024-01-02,10:34:40,33.8236,27.5,25.75,2923,15140546.0,4.783042619758796e-05
2024-01-02,10:34:40,33.8284,27.5,25.75,2923,15140545.0,4.783042619758796e-05
2024-01-02,10:34:40,33.8331,27.5,25.75,2924,15140545.0,4.775398601870682e-05
2024-01-02,10:34:40,33.8375,27.5,25.75,2923,15140546.0,4.783042619758796e-05
2024-01-02,10:34:40,33.8466,27.5,25.75,2923,15140546.0,4.783042619758796e-05
2024-01-02,10:34:40,33.8514,27.5,25.75,2924,15140545.0,4.775398601870682e-05
2024-01-02,10:34:40,33.8562,27.5,25.75,2923,15140544.0,4.783042619758796e-05
2024-01-02,10:34:40,33.861,27.5,25.75,2922,15140546.0,4.790698873486118e-05
2024-01-02,10:34:40,33.8658,27.5,25.75,2922,15140544.0,4.790698873486118e-05
2024-01-02,10:34:40,33.8706,27.5,25.75,2922,15140543.0,4.790698873486118e-05
2024-01-02,10:34:40,33.8754,27.5,25.75,2923,15140546.0,4.783042619758796e-05
2024-01-02,10:34:40,33.8802,27.5,25.75,2923,15140545.0,4.783042619758796e-05
2024-01-02,10:34:40,33.8849,27.5,25.75,2923,15140545.0,4.783042619758796e-05
2024-01-02,10:34:40,33.8897,27.5,25.75,2924,15140545.0,4.775398601870682e-05
2024-01-02,10:34:40,33.8945,27.5,25.75,2923,15140543.0,4.783042619758796e-05
2024-01-02,10:34:40,33.8993,27.5,25.75,2923,15140544.0,4.783042619758796e-05
2024-01-02,10:34:40,33.9041,27.5,25.75,2923,15140543.0,4.783042619758796e-05
2024-01-02,10:34:40,33.9089,27.5,25.75,2922,15140545.0,4.790698873486118e-05
2024-01-02,10:34:40,33.9137,27.5,25.75,2922,15140545.0,4.790698873486118e-05
2024-01-02,10:34:40,33.9186,27.5,25.75,2922,15140545.0,4.790698873486118e-05
2024-01-02,10:34:40,33.9234,27.5,25.75,2922,15140545.0,4.790698873486118e-05
2024-01-02,10:34:40,33.9282,27.5,25.75,2922,15140543.0,4.790698873486118e-05
2024-01-02,10:34:40,33.933,27.5,25.75,2922,15140543.0,4.790698873486118e-05
2024-01-02,10:34:40,33.9378,27.5,25.75,2923,15140543.0,4.783042619758796e-05
2024-01-02,10:34:40,33.9426,27.5,25.75,2923,15140543.0,4.783042619758796e-05
2024-01-02,10:34:40,33.9474,27.5,25.75,2922,15140544.0,4.790698873486118e-05
2024-01-02,10:34:40,33.9522,27.5,25.75,2922,15140544.0,4.790698873486118e-05
2024-01-02,10:34:40,33.957,27.5,25.75,2922,15140544.0,4.790698873486118e-05
2024-01-02,10:34:40,33.9618,27.5,25.75,2923,15140544.0,4.783042619758796e-05
2024-01-02,10:34:40,33.9666,27.5,25.75,2923,15140543.0,4.783042619758796e-05
2024-01-02,10:34:40,33.9714,27.5,25.75,2921,15140543.0,4.798367382638663e-05
2024-01-02,10:34:40,33.9762,27.5,25.75,2921,15140543.0,4.798367382638663e-05
2024-01-02,10:34:40,33.981,27.5,25.75,2922,15140544.0,4.790698873486118e-05
2024-01-02,10:34:40,33.9858,27.5,25.75,2922,15140542.0,4.790698873486118e-05
2024-01-02,10:34:40,33.9906,27.5,25.75,2922,15140542.0,4.790698873486118e-05
2024-01-02,10:34:40,33.9954,27.5,25.75,2922,15140544.0,4.790698873486118e-05
2024-01-02,10:34:40,34.0002,27.5,25.75,2922,15140544.0,4.790698873486118e-05
2024-01-02,10:34:40,34.0049,27.5,25.75,2921,15140544.0,4.798367382638663e-05
2024-01-02,10:34:40,34.0097,27.5,25.75,2921,15140543.0,4.798367382638663e-05
2024-01-02,10:34:40,34.0145,27.5,25.75,2922,15140543.0,4.790698873486118e-05
2024-01-02,10:34:40,34.0193,27.5,25.75,2922,15140545.0,4.790698873486118e-05
2024-01-02,10:34:40,34.0242,27.5,25.75,2922,15140545.0,4.790698873486118e-05
2024-01-02,10:34:40,34.029,27.5,25.75,2921,15140543.0,4.798367382638663e-05
2024-01-02,10:34:40,34.0338,27.5,25.75,2921,15140542.0,4.798367382638663e-05
2024-01-02,10:34:40,34.0386,27.5,25.75,2922,15140543.0,4.790698873486118e-05
2024-01-02,10:34:40,34.0434,27.5,25.75,2922,15140544.0,4.790698873486118e-05
2024-01-02,10:34:40,34.0482,27.5,25.75,2921,15140542.0,4.798367382638663e-05
2024-01-02,10:34:40,34.053,27.5,25.75,2921,15140543.0,4.798367382638663e-05
2024-01-02,10:34:40,34.0578,27.5,25.75,2922,15140544.0,4.790698873486118e-05
2024-01-02,10:34:40,34.0627,27.5,25.75,2921,15140542.0,4.798367382638663e-05
2024-01-02,10:34:40,34.0675,27.5,25.75,2920,15140541.0,4.806048166833774e-05
2024-01-02,10:34:40,34.0723,27.5,25.75,2921,15140541.0,4.798367382638663e-05
2024-01-02,10:34:40,34.0771,27.5,25.75,2921,15140542.0,4.798367382638663e-05
2024-01-02,10:34:40,34.0878,27.5,25.75,2921,15140541.0,4.798367382638663e-05
2024-01-02,10:34:40,34.0986,27.5,25.75,2921,15140541.0,4.798367382638663e-05
2024-01-02,10:34:40,34.1034,27.5,25.75,2920,15140541.0,4.806048166833774e-05
2024-01-02,10:34:40,34.1082,27.5,25.75,2920,15140540.0,4.806048166833774e-05
2024-01-02,10:34:40,34.113,27.5,25.75,2920,15140541.0,4.806048166833774e-05
2024-01-02,10:34:40,34.1178,27.5,25.75,2920,15140540.0,4.806048166833774e-05
2024-01-02,10:34:40,34.1226,27.5,25.75,2920,15140540.0,4.806048166833774e-05
2024-01-02,10:34:40,34.1274,27.5,25.75,2920,15140539.0,4.806048166833774e-05
2024-01-02,10:34:40,34.1322,27.5,25.75,2920,15140539.0,4.806048166833774e-05
2024-01-02,10:34:40,34.1371,27.5,25.75,2919,15140538.0,4.81374124572022e-05
2024-01-02,10:34:40,34.1419,27.5,25.75,2918,15140537.0,4.821446638978198e-05
2024-01-02,10:34:40,34.1467,27.5,25.75,2918,15140536.0,4.821446638978198e-05
2024-01-02,10:34:40,34.1515,27.56,25.75,2918,15140535.0,4.821446638978198e-05
2024-01-02,10:34:40,34.1563,27.56,25.75,2917,15140535.0,4.82916436631943e-05
2024-01-02,10:34:40,34.1611,27.56,25.75,2916,15140535.0,4.836894447487169e-05
2024-01-02,10:34:40,34.1659,27.56,25.75,2916,15140534.0,4.836894447487169e-05
2024-01-02,10:34:41,34.1707,27.56,25.75,2916,15140534.0,4.836894447487169e-05
2024-01-02,10:34:41,34.1755,27.56,25.75,2915,15140534.0,4.84463690225629e-05
2024-01-02,10:34:41,34.1803,27.56,25.75,2915,15140533.0,4.84463690225629e-05
2024-01-02,10:34:41,34.1852,27.56,25.75,2915,15140532.0,4.84463690225629e-05
2024-01-02,10:34:41,34.19,27.56,25.75,2915,15140532.0,4.84463690225629e-05
2024-01-02,10:34:41,34.1948,27.56,25.75,2915,15140531.0,4.84463690225629e-05
2024-01-02,10:34:41,34.1996,27.56,25.75,2915,15140531.0,4.84463690225629e-05
2024-01-02,10:34:41,34.2044,27.56,25.75,2915,15140531.0,4.84463690225629e-05
2024-01-02,10:34:41,34.2093,27.56,25.75,2914,15140530.0,4.852391750433305e-05
2024-01-02,10:34:41,34.2142,27.56,25.75,2913,15140528.0,4.86015901185645e-05
2024-01-02,10:34:41,34.219,27.56,25.75,2913,15140528.0,4.86015901185645e-05
2024-01-02,10:34:41,34.2238,27.56,25.75,2913,15140527.0,4.86015901185645e-05
2024-01-02,10:34:41,34.2286,27.56,25.75,2913,15140525.0,4.86015901185645e-05
2024-01-02,10:34:41,34.2334,27.56,25.75,2911,15140523.0,4.875730853952832e-05
2024-01-02,10:34:41,34.2382,27.56,25.75,2910,15140523.0,4.883535474461499e-05
2024-01-02,10:34:41,34.243,27.56,25.75,2911,15140524.0,4.875730853952832e-05
2024-01-02,10:34:41,34.2479,27.56,25.75,2910,15140524.0,4.883535474461499e-05
2024-01-02,10:34:41,34.2528,27.56,25.75,2909,15140525.0,4.891352587887254e-05
2024-01-02,10:34:41,34.2576,27.56,25.75,2908,15140526.0,4.8991822142276e-05
2024-01-02,10:34:41,34.2625,27.56,25.75,2909,15140525.0,4.891352587887254e-05
2024-01-02,10:34:41,34.2674,27.56,25.75,2910,15140523.0,4.883535474461499e-05
2024-01-02,10:34:41,34.2722,27.56,25.75,2909,15140523.0,4.891352587887254e-05
2024-01-02,10:34:41,34.277,27.56,25.75,2909,15140524.0,4.891352587887254e-05
2024-01-02,10:34:41,34.2818,27.56,25.75,2909,15140522.0,4.891352587887254e-05
2024-01-02,10:34:41,34.2867,27.56,25.75,2910,15140520.0,4.883535474461499e-05
2024-01-02,10:34:41,34.2915,27.56,25.75,2910,15140520.0,4.883535474461499e-05
2024-01-02,10:34:41,34.2963,27.56,25.75,2909,15140521.0,4.891352587887254e-05
2024-01-02,10:34:41,34.3012,27.56,25.75,2909,15140519.0,4.891352587887254e-05
2024-01-02,10:34:41,34.306,27.56,25.75,2909,15140518.0,4.891352587887254e-05
2024-01-02,10:34:41,34.3109,27.56,25.75,2908,15140518.0,4.8991822142276e-05
2024-01-02,10:34:41,34.3157,27.56,25.75,2908,15140517.0,4.8991822142276e-05
2024-01-02,10:34:41,34.3205,27.56,25.75,2908,15140516.0,4.8991822142276e-05
2024-01-02,10:34:41,34.3253,27.56,25.75,2908,15140514.0,4.8991822142276e-05
2024-01-02,10:34:41,34.3301,27.56,25.75,2908,15140514.0,4.8991822142276e-05
2024-01-02,10:34:41,34.335,27.56,25.75,2907,15140515.0,4.907024373512066e-05
2024-01-02,10:34:41,34.3394,27.56,25.75,2906,15140515.0,4.914879085802224e-05
2024-01-02,10:34:41,34.3486,27.56,25.75,2904,15140512.0,4.930626249806574e-05
2024-01-02,10:34:41,34.3535,27.56,25.75,2905,15140512.0,4.922746371191775e-05
2024-01-02,10:34:41,34.3584,27.56,25.75,2906,15140513.0,4.914879085802224e-05
2024-01-02,10:34:41,34.3632,27.56,25.75,2905,15140513.0,4.922746371191775e-05
2024-01-02,10:34:41,34.368,27.56,25.75,2904,15140511.0,4.930626249806574e-05
2024-01-02,10:34:41,34.3729,27.56,25.75,2904,15140511.0,4.930626249806574e-05
2024-01-02,10:34:41,34.3778,27.56,25.75,2906,15140512.0,4.914879085802224e-05
2024-01-02,10:34:41,34.3826,27.56,25.75,2907,15140509.0,4.907024373512066e-05
2024-01-02,10:34:41,34.3874,27.56,25.75,2905,15140510.0,4.922746371191775e-05
2024-01-02,10:34:41,34.3922,27.56,25.75,2904,15140511.0,4.930626249806574e-05
2024-01-02,10:34:41,34.3971,27.56,25.75,2905,15140509.0,4.922746371191775e-05
2024-01-02,10:34:41,34.402,27.56,25.75,2906,15140507.0,4.914879085802224e-05
2024-01-02,10:34:41,34.4068,27.56,25.75,2905,15140506.0,4.922746371191775e-05
2024-01-02,10:34:41,34.4116,27.56,25.75,2903,15140507.0,4.938518741804698e-05
2024-01-02,10:34:41,34.4165,27.56,25.75,2904,15140508.0,4.930626249806574e-05
2024-01-02,10:34:41,34.4213,27.56,25.75,2904,15140505.0,4.930626249806574e-05
2024-01-02,10:34:41,34.4261,27.56,25.75,2902,15140503.0,4.946423867376484e-05
2024-01-02,10:34:41,34.4309,27.56,25.75,2901,15140506.0,4.954341646744599e-05
2024-01-02,10:34:41,34.4358,27.56,25.75,2901,15140505.0,4.954341646744599e-05
2024-01-02,10:34:41,34.4407,27.56,25.75,2902,15140501.0,4.946423867376484e-05
2024-01-02,10:34:41,34.4455,27.56,25.75,2901,15140501.0,4.954341646744599e-05
2024-01-02,10:34:41,34.4503,27.56,25.75,2901,15140503.0,4.954341646744599e-05
2024-01-02,10:34:41,34.4552,27.56,25.75,2901,15140501.0,4.954341646744599e-05
2024-01-02,10:34:41,34.4601,27.56,25.75,2902,15140499.0,4.946423867376484e-05
2024-01-02,10:34:41,34.4649,27.56,25.75,2903,15140498.0,4.938518741804698e-05
2024-01-02,10:34:41,34.4697,27.56,25.75,2903,15140499.0,4.938518741804698e-05
2024-01-02,10:34:41,34.4745,27.56,25.75,2902,15140497.0,4.946423867376484e-05
2024-01-02,10:34:41,34.4795,27.56,25.75,2902,15140498.0,4.946423867376484e-05
2024-01-02,10:34:41,34.4843,27.56,25.75,2903,15140499.0,4.938518741804698e-05
2024-01-02,10:34:41,34.4891,27.56,25.75,2902,15140499.0,4.946423867376484e-05
2024-01-02,10:34:41,34.494,27.56,25.75,2902,15140499.0,4.946423867376484e-05
2024-01-02,10:34:41,34.4989,27.56,25.75,2901,15140500.0,4.954341646744599e-05
2024-01-02,10:34:41,34.5038,27.56,25.75,2902,15140502.0,4.946423867376484e-05
2024-01-02,10:34:41,34.5086,27.56,25.75,2902,15140499.0,4.946423867376484e-05
2024-01-02,10:34:41,34.5134,27.56,25.75,2902,15140499.0,4.946423867376484e-05
2024-01-02,10:34:41,34.5182,27.56,25.75,2902,15140498.0,4.946423867376484e-05
2024-01-02,10:34:41,34.523,27.56,25.75,2901,15140497.0,4.954341646744599e-05
2024-01-02,10:34:41,34.5279,27.56,25.75,2900,15140498.0,4.962272100164065e-05
2024-01-02,10:34:41,34.5328,27.56,25.75,2899,15140496.0,4.970215247922345e-05
2024-01-02,10:34:41,34.5376,27.56,25.75,2900,15140494.0,4.962272100164065e-05
2024-01-02,10:34:41,34.5425,27.56,25.75,2899,15140491.0,4.970215247922345e-05
2024-01-02,10:34:41,34.5474,27.56,25.75,2899,15140490.0,4.970215247922345e-05
2024-01-02,10:34:41,34.5522,27.56,25.75,2898,15140488.0,4.978171110339357e-05
2024-01-02,10:34:41,34.557,27.56,25.75,2898,15140488.0,4.978171110339357e-05
2024-01-02,10:34:41,34.562,27.56,25.75,2900,15140489.0,4.962272100164065e-05
2024-01-02,10:34:41,34.5668,27.56,25.75,2899,15140490.0,4.970215247922345e-05
2024-01-02,10:34:41,34.5717,27.56,25.75,2899,15140490.0,4.970215247922345e-05
2024-01-02,10:34:41,34.5765,27.56,25.75,2898,15140491.0,4.978171110339357e-05
2024-01-02,10:34:41,34.5814,27.56,25.75,2898,15140491.0,4.978171110339357e-05
2024-01-02,10:34:41,34.5862,27.56,25.75,2899,15140489.0,4.970215247922345e-05
2024-01-02,10:34:41,34.5906,27.56,25.75,2898,15140489.0,4.978171110339357e-05
2024-01-02,10:34:41,34.5999,27.56,25.75,2897,15140487.0,4.986139707767562e-05
2024-01-02,10:34:41,34.6048,27.56,25.75,2898,15140486.0,4.978171110339357e-05
2024-01-02,10:34:41,34.6096,27.56,25.75,2897,15140484.0,4.986139707767562e-05
2024-01-02,10:34:41,34.6144,27.56,25.75,2897,15140482.0,4.986139707767562e-05
2024-01-02,10:34:41,34.6193,27.56,25.75,2895,15140480.0,5.002115189230297e-05
2024-01-02,10:34:41,34.6242,27.56,25.75,2895,15140479.0,5.002115189230297e-05
2024-01-02,10:34:41,34.629,27.56,25.75,2895,15140478.0,5.002115189230297e-05
2024-01-02,10:34:41,34.634,27.56,25.75,2894,15140478.0,5.010122114132834e-05
2024-01-02,10:34:41,34.6388,27.56,25.75,2895,15140480.0,5.002115189230297e-05
2024-01-02,10:34:41,34.6437,27.56,25.75,2895,15140479.0,5.002115189230297e-05
2024-01-02,10:34:41,34.6486,27.56,25.75,2895,15140478.0,5.002115189230297e-05
2024-01-02,10:34:41,34.6534,27.56,25.75,2895,15140478.0,5.002115189230297e-05
2024-01-02,10:34:41,34.6583,27.56,25.75,2896,15140481.0,4.994121060591984e-05
2024-01-02,10:34:41,34.6631,27.56,25.75,2895,15140482.0,5.002115189230297e-05
2024-01-02,10:34:41,34.668,27.56,25.75,2894,15140479.0,5.010122114132834e-05
2024-01-02,10:34:41,34.6729,27.56,25.75,2894,15140478.0,5.010122114132834e-05
2024-01-02,10:34:41,34.6778,27.56,25.75,2894,15140480.0,5.010122114132834e-05
2024-01-02,10:34:41,34.6827,27.56,25.75,2894,15140479.0,5.010122114132834e-05
2024-01-02,10:34:41,34.6875,27.56,25.75,2893,15140476.0,5.018141855782685e-05
2024-01-02,10:34:41,34.6924,27.56,25.75,2894,15140475.0,5.010122114132834e-05
2024-01-02,10:34:41,34.6973,27.56,25.75,2894,15140475.0,5.010122114132834e-05
2024-01-02,10:34:41,34.7022,27.56,25.75,2893,15140473.0,5.018141855782685e-05
2024-01-02,10:34:41,34.7071,27.56,25.75,2892,15140472.0,5.02617443469571e-05
2024-01-02,10:34:41,34.7119,27.56,25.75,2893,15140471.0,5.018141855782685e-05
2024-01-02,10:34:41,34.7168,27.56,25.75,2894,15140472.0,5.010122114132834e-05
2024-01-02,10:34:41,34.7217,27.56,25.75,2892,15140471.0,5.02617443469571e-05
2024-01-02,10:34:41,34.7266,27.56,25.75,2891,15140470.0,5.034219871420623e-05
2024-01-02,10:34:41,34.7314,27.56,25.75,2891,15140472.0,5.034219871420623e-05
2024-01-02,10:34:41,34.7363,27.56,25.75,2892,15140472.0,5.02617443469571e-05
2024-01-02,10:34:41,34.7412,27.56,25.75,2892,15140471.0,5.02617443469571e-05
2024-01-02,10:34:41,34.7461,27.56,25.75,2892,15140473.0,5.02617443469571e-05
2024-01-02,10:34:41,34.751,27.56,25.75,2891,15140474.0,5.034219871420623e-05
2024-01-02,10:34:41,34.7558,27.56,25.75,2891,15140472.0,5.034219871420623e-05
2024-01-02,10:34:41,34.7606,27.56,25.75,2893,15140469.0,5.018141855782685e-05
2024-01-02,10:34:41,34.7655,27.56,25.75,2892,15140469.0,5.02617443469571e-05
2024-01-02,10:34:41,34.7703,27.56,25.75,2891,15140470.0,5.034219871420623e-05
2024-01-02,10:34:41,34.7751,27.56,25.75,2891,15140468.0,5.034219871420623e-05
2024-01-02,10:34:41,34.7801,27.56,25.75,2892,15140467.0,5.02617443469571e-05
2024-01-02,10:34:41,34.785,27.56,25.75,2892,15140466.0,5.02617443469571e-05
2024-01-02,10:34:41,34.7898,27.56,25.75,2890,15140466.0,5.042278186539017e-05
2024-01-02,10:34:41,34.7947,27.56,25.75,2889,15140464.0,5.050349400665447e-05
2024-01-02,10:34:41,34.7996,27.56,25.75,2891,15140463.0,5.034219871420623e-05
2024-01-02,10:34:41,34.8045,27.56,25.75,2892,15140464.0,5.02617443469571e-05
2024-01-02,10:34:41,34.8094,27.56,25.75,2890,15140464.0,5.042278186539017e-05
2024-01-02,10:34:41,34.8142,27.56,25.75,2889,15140462.0,5.050349400665447e-05
2024-01-02,10:34:41,34.819,27.56,25.75,2889,15140462.0,5.050349400665447e-05
2024-01-02,10:34:41,34.8238,27.56,25.75,2890,15140463.0,5.042278186539017e-05
2024-01-02,10:34:41,34.8288,27.56,25.75,2889,15140464.0,5.050349400665447e-05
2024-01-02,10:34:41,34.8336,27.56,25.75,2888,15140462.0,5.058433534447444e-05
2024-01-02,10:34:41,34.8384,27.56,25.75,2889,15140462.0,5.050349400665447e-05
2024-01-02,10:34:41,34.8429,27.56,25.75,2888,15140464.0,5.058433534447444e-05
2024-01-02,10:34:41,34.8523,27.56,25.75,2888,15140463.0,5.058433534447444e-05
2024-01-02,10:34:41,34.8571,27.56,25.75,2889,15140461.0,5.050349400665447e-05
2024-01-02,10:34:41,34.862,27.56,25.75,2889,15140460.0,5.050349400665447e-05
2024-01-02,10:34:41,34.867,27.56,25.75,2889,15140460.0,5.050349400665447e-05
2024-01-02,10:34:41,34.8718,27.56,25.75,2888,15140459.0,5.058433534447444e-05
2024-01-02,10:34:41,34.8767,27.56,25.75,2888,15140458.0,5.058433534447444e-05
2024-01-02,10:34:41,34.8816,27.56,25.75,2889,15140459.0,5.050349400665447e-05
2024-01-02,10:34:41,34.8864,27.56,25.75,2889,15140459.0,5.050349400665447e-05
2024-01-02,10:34:41,34.8913,27.56,25.75,2888,15140457.0,5.058433534447444e-05
2024-01-02,10:34:41,34.8962,27.56,25.75,2888,15140456.0,5.058433534447444e-05
2024-01-02,10:34:41,34.9011,27.56,25.75,2889,15140457.0,5.050349400665447e-05
2024-01-02,10:34:41,34.906,27.56,25.75,2888,15140457.0,5.058433534447444e-05
2024-01-02,10:34:41,34.9108,27.56,25.75,2887,15140455.0,5.066530608565613e-05
2024-01-02,10:34:41,34.9157,27.56,25.75,2886,15140457.0,5.074640643733643e-05
2024-01-02,10:34:41,34.9206,27.56,25.75,2887,15140458.0,5.066530608565613e-05
2024-01-02,10:34:41,34.9255,27.56,25.75,2888,15140456.0,5.058433534447444e-05
2024-01-02,10:34:41,34.9305,27.56,25.75,2887,15140455.0,5.066530608565613e-05
2024-01-02,10:34:41,34.9353,27.56,25.75,2887,15140455.0,5.066530608565613e-05
2024-01-02,10:34:41,34.9402,27.56,25.75,2887,15140456.0,5.066530608565613e-05
2024-01-02,10:34:41,34.9451,27.56,25.75,2887,15140455.0,5.066530608565613e-05
2024-01-02,10:34:41,34.9499,27.56,25.75,2887,15140454.0,5.066530608565613e-05
2024-01-02,10:34:41,34.9548,27.56,25.75,2886,15140454.0,5.074640643733643e-05
2024-01-02,10:34:41,34.9596,27.56,25.75,2885,15140452.0,5.082763660698395e-05
2024-01-02,10:34:41,34.9646,27.56,25.75,2886,15140451.0,5.074640643733643e-05
2024-01-02,10:34:41,34.9696,27.56,25.75,2887,15140453.0,5.066530608565613e-05
2024-01-02,10:34:41,34.9744,27.56,25.75,2886,15140452.0,5.074640643733643e-05
2024-01-02,10:34:41,34.9794,27.56,25.75,2885,15140450.0,5.082763660698395e-05
2024-01-02,10:34:41,34.9842,27.56,25.75,2886,15140449.0,5.074640643733643e-05
2024-01-02,10:34:41,34.9891,27.56,25.75,2887,15140450.0,5.066530608565613e-05
2024-01-02,10:34:41,34.994,27.56,25.75,2886,15140450.0,5.074640643733643e-05
2024-01-02,10:34:41,34.9989,27.56,25.75,2885,15140449.0,5.082763660698395e-05
2024-01-02,10:34:41,35.0037,27.56,25.75,2884,15140450.0,5.090899680239923e-05
2024-01-02,10:34:41,35.0087,27.56,25.75,2884,15140450.0,5.090899680239923e-05
2024-01-02,10:34:41,35.0135,27.56,25.75,2884,15140449.0,5.090899680239923e-05
2024-01-02,10:34:41,35.0185,27.56,25.75,2882,15140447.0,5.107210810339952e-05
2024-01-02,10:34:41,35.0234,27.56,25.75,2883,15140446.0,5.099048723171566e-05
2024-01-02,10:34:41,35.0283,27.56,25.75,2884,15140446.0,5.090899680239923e-05
2024-01-02,10:34:41,35.0332,27.56,25.75,2884,15140444.0,5.090899680239923e-05
2024-01-02,10:34:41,35.038,27.56,25.75,2883,15140443.0,5.099048723171566e-05
2024-01-02,10:34:41,35.043,27.56,25.75,2882,15140442.0,5.107210810339952e-05
2024-01-02,10:34:41,35.0479,27.56,25.75,2882,15140442.0,5.107210810339952e-05
2024-01-02,10:34:41,35.0528,27.56,25.75,2882,15140440.0,5.107210810339952e-05
2024-01-02,10:34:41,35.0577,27.56,25.75,2882,15140441.0,5.107210810339952e-05
2024-01-02,10:34:41,35.0625,27.56,25.75,2882,15140442.0,5.107210810339952e-05
2024-01-02,10:34:41,35.0674,27.56,25.75,2883,15140442.0,5.099048723171566e-05
2024-01-02,10:34:41,35.0724,27.56,25.75,2883,15140441.0,5.099048723171566e-05
2024-01-02,10:34:41,35.0772,27.56,25.75,2883,15140441.0,5.099048723171566e-05
2024-01-02,10:34:41,35.082,27.56,25.75,2881,15140444.0,5.115385962625106e-05
2024-01-02,10:34:41,35.0869,27.56,25.75,2881,15140443.0,5.115385962625106e-05
2024-01-02,10:34:41,35.0919,27.56,25.75,2882,15140442.0,5.107210810339952e-05
2024-01-02,10:34:41,35.0964,27.56,25.75,2882,15140443.0,5.107210810339952e-05
2024-01-02,10:34:41,35.1056,27.56,25.75,2882,15140443.0,5.107210810339952e-05
2024-01-02,10:34:41,35.1104,27.56,25.75,2883,15140440.0,5.099048723171566e-05
2024-01-02,10:34:41,35.1153,27.56,25.75,2881,15140438.0,5.115385962625106e-05
2024-01-02,10:34:41,35.1202,27.56,25.75,2880,15140438.0,5.123574200940454e-05
2024-01-02,10:34:41,35.1252,27.56,25.75,2880,15140437.0,5.123574200940454e-05
2024-01-02,10:34:41,35.1301,27.56,25.75,2881,15140435.0,5.115385962625106e-05
2024-01-02,10:34:41,35.135,27.56,25.75,2881,15140438.0,5.115385962625106e-05
2024-01-02,10:34:41,35.1399,27.56,25.75,2880,15140438.0,5.123574200940454e-05
2024-01-02,10:34:41,35.1448,27.56,25.75,2880,15140435.0,5.123574200940454e-05
2024-01-02,10:34:41,35.1496,27.56,25.75,2880,15140434.0,5.123574200940454e-05
2024-01-02,10:34:41,35.1545,27.62,26.0,2881,15140436.0,5.115385962625106e-05
2024-01-02,10:34:41,35.1594,27.62,26.0,2880,15140437.0,5.123574200940454e-05
2024-01-02,10:34:41,35.1643,27.62,26.0,2879,15140434.0,5.131775546232911e-05
2024-01-02,10:34:42,35.1692,27.62,26.0,2879,15140435.0,5.131775546232911e-05
2024-01-02,10:34:42,35.1741,27.62,26.0,2880,15140437.0,5.123574200940454e-05
2024-01-02,10:34:42,35.1791,27.62,26.0,2880,15140436.0,5.123574200940454e-05
2024-01-02,10:34:42,35.184,27.62,26.0,2878,15140433.0,5.139990019482913e-05
2024-01-02,10:34:42,35.1888,27.62,26.0,2879,15140433.0,5.131775546232911e-05
2024-01-02,10:34:42,35.1938,27.62,26.0,2879,15140433.0,5.131775546232911e-05
2024-01-02,10:34:42,35.1987,27.62,26.0,2878,15140431.0,5.139990019482913e-05
2024-01-02,10:34:42,35.2036,27.62,26.0,2878,15140431.0,5.139990019482913e-05
2024-01-02,10:34:42,35.2085,27.62,26.0,2877,15140432.0,5.148217641704494e-05
2024-01-02,10:34:42,35.2134,27.62,26.0,2876,15140429.0,5.156458433945303e-05
2024-01-02,10:34:42,35.2183,27.62,26.0,2877,15140427.0,5.148217641704494e-05
2024-01-02,10:34:42,35.2233,27.62,26.0,2878,15140431.0,5.139990019482913e-05
2024-01-02,10:34:42,35.2281,27.62,26.0,2877,15140431.0,5.148217641704494e-05
2024-01-02,10:34:42,35.2331,27.62,26.0,2876,15140428.0,5.156458433945303e-05
2024-01-02,10:34:42,35.238,27.62,26.0,2876,15140429.0,5.156458433945303e-05
2024-01-02,10:34:42,35.2428,27.62,26.0,2877,15140431.0,5.148217641704494e-05
2024-01-02,10:34:42,35.2476,27.62,26.0,2876,15140430.0,5.156458433945303e-05
2024-01-02,10:34:42,35.2526,27.62,26.0,2875,15140428.0,5.164712417286703e-05
2024-01-02,10:34:42,35.2576,27.62,26.0,2876,15140430.0,5.156458433945303e-05
2024-01-02,10:34:42,35.2624,27.62,26.0,2876,15140429.0,5.156458433945303e-05
2024-01-02,10:34:42,35.2673,27.62,26.0,2876,15140427.0,5.156458433945303e-05
2024-01-02,10:34:42,35.2722,27.62,26.0,2876,15140427.0,5.156458433945303e-05
2024-01-02,10:34:42,35.2771,27.62,26.0,2875,15140428.0,5.164712417286703e-05
2024-01-02,10:34:42,35.282,27.62,26.0,2875,15140427.0,5.164712417286703e-05
2024-01-02,10:34:42,35.2869,27.62,26.0,2876,15140425.0,5.156458433945303e-05
2024-01-02,10:34:42,35.2918,27.62,26.0,2876,15140424.0,5.156458433945303e-05
2024-01-02,10:34:42,35.2967,27.62,26.0,2875,15140427.0,5.164712417286703e-05
2024-01-02,10:34:42,35.3016,27.62,26.0,2874,15140426.0,5.172979612843785e-05
2024-01-02,10:34:42,35.3065,27.62,26.0,2875,15140425.0,5.164712417286703e-05
2024-01-02,10:34:42,35.3115,27.62,26.0,2876,15140426.0,5.156458433945303e-05
2024-01-02,10:34:42,35.3163,27.62,26.0,2875,15140425.0,5.164712417286703e-05
2024-01-02,10:34:42,35.3212,27.62,26.0,2874,15140424.0,5.172979612843785e-05
2024-01-02,10:34:42,35.3262,27.62,26.0,2874,15140423.0,5.172979612843785e-05
2024-01-02,10:34:42,35.3311,27.62,26.0,2874,15140422.0,5.172979612843785e-05
2024-01-02,10:34:42,35.336,27.62,26.0,2875,15140419.0,5.164712417286703e-05
2024-01-02,10:34:42,35.3409,27.62,26.0,2875,15140419.0,5.164712417286703e-05
2024-01-02,10:34:42,35.3457,27.62,26.0,2874,15140421.0,5.172979612843785e-05
2024-01-02,10:34:42,35.3502,27.62,26.0,2874,15140421.0,5.172979612843785e-05
2024-01-02,10:34:42,35.3595,27.62,26.0,2874,15140421.0,5.172979612843785e-05
2024-01-02,10:34:42,35.3644,27.62,26.0,2873,15140421.0,5.181260041765453e-05
2024-01-02,10:34:42,35.3692,27.62,26.0,2874,15140423.0,5.172979612843785e-05
2024-01-02,10:34:42,35.3742,27.62,26.0,2874,15140423.0,5.172979612843785e-05
2024-01-02,10:34:42,35.3791,27.62,26.0,2872,15140420.0,5.189553725234449e-05
2024-01-02,10:34:42,35.384,27.62,26.0,2872,15140420.0,5.189553725234449e-05
2024-01-02,10:34:42,35.389,27.62,26.0,2873,15140421.0,5.181260041765453e-05
2024-01-02,10:34:42,35.3939,27.62,26.0,2873,15140418.0,5.181260041765453e-05
2024-01-02,10:34:42,35.3988,27.62,26.0,2873,15140418.0,5.181260041765453e-05
2024-01-02,10:34:42,35.4037,27.62,26.0,2873,15140419.0,5.181260041765453e-05
2024-01-02,10:34:42,35.4086,27.62,26.0,2872,15140418.0,5.189553725234449e-05
2024-01-02,10:34:42,35.4135,27.62,26.0,2872,15140417.0,5.189553725234449e-05
2024-01-02,10:34:42,35.4185,27.62,26.0,2871,15140415.0,5.19786068446744e-05
2024-01-02,10:34:42,35.4233,27.62,26.0,2871,15140415.0,5.19786068446744e-05
2024-01-02,10:34:42,35.4283,27.62,26.0,2871,15140414.0,5.19786068446744e-05
2024-01-02,10:34:42,35.4332,27.62,26.0,2871,15140413.0,5.19786068446744e-05
2024-01-02,10:34:42,35.4382,27.62,26.0,2871,15140414.0,5.19786068446744e-05
2024-01-02,10:34:42,35.443,27.62,26.0,2871,15140413.0,5.19786068446744e-05
2024-01-02,10:34:42,35.4479,27.62,26.0,2872,15140413.0,5.189553725234449e-05
2024-01-02,10:34:42,35.4528,27.62,26.0,2871,15140414.0,5.19786068446744e-05
2024-01-02,10:34:42,35.4577,27.62,26.0,2870,15140413.0,5.206180940715033e-05
2024-01-02,10:34:42,35.4626,27.62,26.0,2869,15140414.0,5.214514515261877e-05
2024-01-02,10:34:42,35.4676,27.62,26.0,2869,15140412.0,5.214514515261877e-05
2024-01-02,10:34:42,35.4725,27.62,26.0,2870,15140413.0,5.206180940715033e-05
2024-01-02,10:34:42,35.4774,27.62,26.0,2870,15140414.0,5.206180940715033e-05
2024-01-02,10:34:42,35.4823,27.62,26.0,2870,15140412.0,5.206180940715033e-05
2024-01-02,10:34:42,35.4872,27.62,26.0,2869,15140410.0,5.214514515261877e-05
2024-01-02,10:34:42,35.4921,27.62,26.0,2869,15140410.0,5.214514515261877e-05
2024-01-02,10:34:42,35.4971,27.62,26.0,2869,15140411.0,5.214514515261877e-05
2024-01-02,10:34:42,35.502,27.62,26.0,2869,15140409.0,5.214514515261877e-05
2024-01-02,10:34:42,35.507,27.62,26.0,2869,15140409.0,5.214514515261877e-05
2024-01-02,10:34:42,35.5119,27.62,26.0,2868,15140410.0,5.222861429426665e-05
2024-01-02,10:34:42,35.5168,27.62,26.0,2868,15140409.0,5.222861429426665e-05
2024-01-02,10:34:42,35.5218,27.62,26.0,2869,15140407.0,5.214514515261877e-05
2024-01-02,10:34:42,35.5267,27.62,26.0,2869,15140408.0,5.214514515261877e-05
2024-01-02,10:34:42,35.5316,27.62,26.0,2868,15140410.0,5.222861429426665e-05
2024-01-02,10:34:42,35.5365,27.62,26.0,2868,15140410.0,5.222861429426665e-05
2024-01-02,10:34:42,35.5415,27.62,26.0,2869,15140408.0,5.214514515261877e-05
2024-01-02,10:34:42,35.5464,27.62,26.0,2869,15140407.0,5.214514515261877e-05
2024-01-02,10:34:42,35.5513,27.62,26.0,2868,15140406.0,5.222861429426665e-05
2024-01-02,10:34:42,35.5562,27.62,26.0,2867,15140405.0,5.23122170456224e-05
2024-01-02,10:34:42,35.5611,27.62,26.0,2867,15140407.0,5.23122170456224e-05
2024-01-02,10:34:42,35.566,27.62,26.0,2869,15140408.0,5.214514515261877e-05
2024-01-02,10:34:42,35.571,27.62,26.0,2870,15140405.0,5.206180940715033e-05
2024-01-02,10:34:42,35.576,27.62,26.0,2868,15140403.0,5.222861429426665e-05
2024-01-02,10:34:42,35.5809,27.62,26.0,2866,15140407.0,5.2395953620556e-05
2024-01-02,10:34:42,35.5858,27.62,26.0,2866,15140405.0,5.2395953620556e-05
2024-01-02,10:34:42,35.5907,27.62,26.0,2867,15140402.0,5.23122170456224e-05
2024-01-02,10:34:42,35.5956,27.62,26.0,2867,15140403.0,5.23122170456224e-05
2024-01-02,10:34:42,35.6005,27.62,26.0,2866,15140403.0,5.2395953620556e-05
2024-01-02,10:34:42,35.605,27.62,26.0,2867,15140400.0,5.23122170456224e-05
2024-01-02,10:34:42,35.6143,27.62,26.0,2866,15140398.0,5.2395953620556e-05
2024-01-02,10:34:42,35.6192,27.62,26.0,2864,15140404.0,5.256382909834969e-05
2024-01-02,10:34:42,35.6241,27.62,26.0,2864,15140402.0,5.256382909834969e-05
2024-01-02,10:34:42,35.6291,27.62,26.0,2866,15140398.0,5.2395953620556e-05
