Date,Time,Relative_time,Ambient,Temperature,Peak Magnitude (RAW),Resonance_Frequency,Dissipation
2024-10-02,10:59:35,0.0542,25.94,24.75,3180,15044444.0,3.170926655899616e-05
2024-10-02,10:59:35,0.0822,25.94,24.75,3153,15044793.0,3.310861485616324e-05
2024-10-02,10:59:35,0.1129,25.94,24.75,3176,15044694.0,3.191278364863791e-05
2024-10-02,10:59:35,0.1174,25.94,24.75,3170,15044696.0,3.222051105909553e-05
2024-10-02,10:59:35,0.1219,25.94,24.75,3170,15044696.0,3.222051105909553e-05
2024-10-02,10:59:35,0.1265,25.94,24.75,3170,15044696.0,3.222051105909553e-05
2024-10-02,10:59:35,0.1312,25.94,24.75,3170,15044696.0,3.222051105909553e-05
2024-10-02,10:59:35,0.1357,25.94,24.75,3170,15044696.0,3.222051105909553e-05
2024-10-02,10:59:35,0.1402,25.94,24.75,3170,15044696.0,3.222051105909553e-05
2024-10-02,10:59:35,0.1449,25.94,24.75,3170,15044696.0,3.222051105909553e-05
2024-10-02,10:59:35,0.1495,25.94,24.75,3171,15044696.0,3.216901786062761e-05
2024-10-02,10:59:35,0.154,25.94,24.75,3171,15044696.0,3.216901786062761e-05
2024-10-02,10:59:35,0.1586,25.94,24.75,3170,15044696.0,3.222051105909553e-05
2024-10-02,10:59:35,0.1632,25.94,24.75,3170,15044696.0,3.222051105909553e-05
2024-10-02,10:59:35,0.1678,25.94,24.75,3170,15044696.0,3.222051105909553e-05
2024-10-02,10:59:35,0.1723,25.94,24.75,3170,15044696.0,3.222051105909553e-05
2024-10-02,10:59:35,0.1769,25.94,24.75,3170,15044696.0,3.222051105909553e-05
2024-10-02,10:59:35,0.1815,25.94,24.75,3170,15044696.0,3.222051105909553e-05
2024-10-02,10:59:35,0.1861,25.94,24.75,3170,15044696.0,3.222051105909553e-05
2024-10-02,10:59:35,0.1907,25.94,24.75,3170,15044696.0,3.222051105909553e-05
2024-10-02,10:59:35,0.1953,25.94,24.75,3171,15044696.0,3.216901786062761e-05
2024-10-02,10:59:35,0.1998,25.94,24.75,3171,15044696.0,3.216901786062761e-05
2024-10-02,10:59:35,0.2044,25.94,24.75,3170,15044696.0,3.222051105909553e-05
2024-10-02,10:59:35,0.209,25.94,24.75,3169,15044697.0,3.227208668312896e-05
2024-10-02,10:59:35,0.2137,25.94,24.75,3169,15044697.0,3.227208668312896e-05
2024-10-02,10:59:35,0.2182,25.94,24.75,3170,15044696.0,3.222051105909553e-05
2024-10-02,10:59:35,0.2227,25.94,24.75,3170,15044696.0,3.222051105909553e-05
2024-10-02,10:59:35,0.2274,25.94,24.75,3170,15044696.0,3.222051105909553e-05
2024-10-02,10:59:35,0.232,25.94,24.75,3170,15044696.0,3.222051105909553e-05
2024-10-02,10:59:35,0.2366,25.94,24.75,3170,15044696.0,3.222051105909553e-05
2024-10-02,10:59:35,0.2412,25.94,24.75,3170,15044696.0,3.222051105909553e-05
2024-10-02,10:59:35,0.2458,25.94,24.75,3170,15044696.0,3.222051105909553e-05
2024-10-02,10:59:35,0.2503,25.94,24.75,3170,15044696.0,3.222051105909553e-05
2024-10-02,10:59:35,0.2549,25.94,24.75,3170,15044696.0,3.222051105909553e-05
2024-10-02,10:59:35,0.2594,25.94,24.75,3170,15044696.0,3.222051105909553e-05
2024-10-02,10:59:35,0.264,25.94,24.75,3170,15044696.0,3.222051105909553e-05
2024-10-02,10:59:35,0.2686,25.94,24.75,3171,15044696.0,3.216901786062761e-05
2024-10-02,10:59:35,0.2732,25.94,24.75,3170,15044696.0,3.222051105909553e-05
2024-10-02,10:59:35,0.2778,25.94,24.75,3169,15044696.0,3.227208668312896e-05
2024-10-02,10:59:35,0.2824,25.94,24.75,3170,15044696.0,3.222051105909553e-05
2024-10-02,10:59:35,0.287,25.94,24.75,3170,15044696.0,3.222051105909553e-05
2024-10-02,10:59:35,0.2915,25.94,24.75,3170,15044696.0,3.222051105909553e-05
2024-10-02,10:59:35,0.2961,25.94,24.75,3170,15044696.0,3.222051105909553e-05
2024-10-02,10:59:35,0.3007,25.94,24.75,3170,15044696.0,3.222051105909553e-05
2024-10-02,10:59:35,0.3053,25.94,24.75,3170,15044696.0,3.222051105909553e-05
2024-10-02,10:59:35,0.3099,25.94,24.75,3170,15044696.0,3.222051105909553e-05
2024-10-02,10:59:35,0.3145,25.94,24.75,3170,15044696.0,3.222051105909553e-05
2024-10-02,10:59:35,0.3191,25.94,24.75,3170,15044696.0,3.222051105909553e-05
2024-10-02,10:59:35,0.3237,25.94,24.75,3170,15044696.0,3.222051105909553e-05
2024-10-02,10:59:35,0.3282,25.94,24.75,3170,15044696.0,3.222051105909553e-05
2024-10-02,10:59:35,0.3328,25.94,24.75,3170,15044696.0,3.222051105909553e-05
2024-10-02,10:59:35,0.3374,25.94,24.75,3170,15044696.0,3.222051105909553e-05
2024-10-02,10:59:35,0.342,25.94,24.75,3171,15044696.0,3.216901786062761e-05
2024-10-02,10:59:35,0.3466,25.94,24.75,3171,15044696.0,3.216901786062761e-05
2024-10-02,10:59:35,0.3511,25.94,24.75,3170,15044696.0,3.222051105909553e-05
2024-10-02,10:59:35,0.3557,25.94,24.75,3170,15044696.0,3.222051105909553e-05
2024-10-02,10:59:35,0.3603,25.94,24.75,3171,15044696.0,3.216901786062761e-05
2024-10-02,10:59:35,0.3649,25.94,24.75,3171,15044696.0,3.216901786062761e-05
2024-10-02,10:59:35,0.3695,25.94,24.75,3171,15044697.0,3.216901786062761e-05
2024-10-02,10:59:35,0.374,25.94,24.75,3171,15044697.0,3.216901786062761e-05
2024-10-02,10:59:35,0.3786,25.94,24.75,3170,15044696.0,3.222051105909553e-05
2024-10-02,10:59:35,0.3833,25.94,24.75,3170,15044696.0,3.222051105909553e-05
2024-10-02,10:59:35,0.3879,25.94,24.75,3171,15044697.0,3.216901786062761e-05
2024-10-02,10:59:35,0.3924,25.94,24.75,3171,15044696.0,3.216901786062761e-05
2024-10-02,10:59:35,0.3969,25.94,24.75,3171,15044696.0,3.216901786062761e-05
2024-10-02,10:59:35,0.4016,25.94,24.75,3171,15044696.0,3.216901786062761e-05
2024-10-02,10:59:35,0.4062,25.94,24.75,3171,15044697.0,3.216901786062761e-05
2024-10-02,10:59:35,0.4108,25.94,24.75,3171,15044697.0,3.216901786062761e-05
2024-10-02,10:59:35,0.4154,25.94,24.75,3171,15044697.0,3.216901786062761e-05
2024-10-02,10:59:35,0.42,25.94,24.75,3171,15044696.0,3.216901786062761e-05
2024-10-02,10:59:35,0.4245,25.94,24.75,3171,15044697.0,3.216901786062761e-05
2024-10-02,10:59:35,0.4291,25.94,24.75,3171,15044697.0,3.216901786062761e-05
2024-10-02,10:59:35,0.4337,25.94,24.75,3171,15044697.0,3.216901786062761e-05
2024-10-02,10:59:35,0.4383,25.94,24.75,3171,15044697.0,3.216901786062761e-05
2024-10-02,10:59:35,0.4429,25.94,24.75,3171,15044697.0,3.216901786062761e-05
2024-10-02,10:59:35,0.4475,25.94,24.75,3171,15044697.0,3.216901786062761e-05
2024-10-02,10:59:35,0.4521,25.94,24.75,3171,15044696.0,3.216901786062761e-05
2024-10-02,10:59:35,0.4566,25.94,24.75,3171,15044697.0,3.216901786062761e-05
2024-10-02,10:59:35,0.4612,25.94,24.75,3171,15044697.0,3.216901786062761e-05
2024-10-02,10:59:35,0.4658,25.94,24.75,3171,15044697.0,3.216901786062761e-05
2024-10-02,10:59:35,0.4704,25.94,24.75,3171,15044697.0,3.216901786062761e-05
2024-10-02,10:59:35,0.475,25.94,24.75,3171,15044697.0,3.216901786062761e-05
2024-10-02,10:59:35,0.4796,25.94,24.75,3171,15044697.0,3.216901786062761e-05
2024-10-02,10:59:35,0.4842,25.94,24.75,3171,15044697.0,3.216901786062761e-05
2024-10-02,10:59:35,0.4888,25.94,24.75,3171,15044696.0,3.216901786062761e-05
2024-10-02,10:59:35,0.4933,25.94,24.75,3171,15044697.0,3.216901786062761e-05
2024-10-02,10:59:35,0.4979,25.94,24.75,3171,15044697.0,3.216901786062761e-05
2024-10-02,10:59:35,0.5025,25.94,24.75,3171,15044697.0,3.216901786062761e-05
2024-10-02,10:59:35,0.507,25.94,24.75,3171,15044697.0,3.216901786062761e-05
2024-10-02,10:59:35,0.5117,25.94,24.75,3171,15044697.0,3.216901786062761e-05
2024-10-02,10:59:35,0.5163,25.94,24.75,3171,15044696.0,3.216901786062761e-05
2024-10-02,10:59:35,0.5209,25.94,24.75,3172,15044696.0,3.211760695599677e-05
2024-10-02,10:59:35,0.5255,25.94,24.75,3172,15044696.0,3.211760695599677e-05
2024-10-02,10:59:35,0.5301,25.94,24.75,3171,15044697.0,3.216901786062761e-05
2024-10-02,10:59:35,0.5346,25.94,24.75,3171,15044697.0,3.216901786062761e-05
2024-10-02,10:59:35,0.5392,25.94,24.75,3171,15044697.0,3.216901786062761e-05
2024-10-02,10:59:35,0.5438,25.94,24.75,3172,15044697.0,3.211760695599677e-05
2024-10-02,10:59:35,0.5484,25.94,24.75,3172,15044697.0,3.211760695599677e-05
2024-10-02,10:59:35,0.553,25.94,24.75,3171,15044697.0,3.216901786062761e-05
2024-10-02,10:59:35,0.5576,25.94,24.75,3171,15044697.0,3.216901786062761e-05
2024-10-02,10:59:35,0.5621,25.94,24.75,3171,15044697.0,3.216901786062761e-05
2024-10-02,10:59:35,0.5667,25.94,24.75,3171,15044697.0,3.216901786062761e-05
2024-10-02,10:59:35,0.5713,25.94,24.75,3171,15044697.0,3.216901786062761e-05
2024-10-02,10:59:35,0.5759,25.94,24.75,3171,15044697.0,3.216901786062761e-05
2024-10-02,10:59:35,0.5805,25.94,24.75,3171,15044697.0,3.216901786062761e-05
2024-10-02,10:59:35,0.5851,25.94,24.75,3171,15044697.0,3.216901786062761e-05
2024-10-02,10:59:35,0.5897,25.94,24.75,3171,15044697.0,3.216901786062761e-05
2024-10-02,10:59:35,0.5942,25.94,24.75,3171,15044697.0,3.216901786062761e-05
2024-10-02,10:59:35,0.5988,25.94,24.75,3171,15044697.0,3.216901786062761e-05
2024-10-02,10:59:35,0.6034,25.94,24.75,3171,15044697.0,3.216901786062761e-05
2024-10-02,10:59:35,0.608,25.94,24.75,3171,15044697.0,3.216901786062761e-05
2024-10-02,10:59:35,0.6126,25.94,24.75,3171,15044697.0,3.216901786062761e-05
2024-10-02,10:59:35,0.6172,25.94,24.75,3171,15044696.0,3.216901786062761e-05
2024-10-02,10:59:35,0.6218,25.94,24.75,3171,15044697.0,3.216901786062761e-05
2024-10-02,10:59:35,0.6263,25.94,24.75,3171,15044697.0,3.216901786062761e-05
2024-10-02,10:59:35,0.6309,25.94,24.75,3171,15044697.0,3.216901786062761e-05
2024-10-02,10:59:35,0.6355,25.94,24.75,3171,15044697.0,3.216901786062761e-05
2024-10-02,10:59:35,0.6401,25.94,24.75,3171,15044697.0,3.216901786062761e-05
2024-10-02,10:59:35,0.6447,25.94,24.75,3171,15044697.0,3.216901786062761e-05
2024-10-02,10:59:35,0.6492,25.94,24.75,3171,15044697.0,3.216901786062761e-05
2024-10-02,10:59:35,0.6538,25.94,24.75,3171,15044697.0,3.216901786062761e-05
2024-10-02,10:59:35,0.6585,25.94,24.75,3171,15044697.0,3.216901786062761e-05
2024-10-02,10:59:35,0.6631,25.94,24.75,3171,15044697.0,3.216901786062761e-05
2024-10-02,10:59:35,0.6677,25.94,24.75,3171,15044697.0,3.216901786062761e-05
2024-10-02,10:59:35,0.6723,25.94,24.75,3171,15044697.0,3.216901786062761e-05
2024-10-02,10:59:36,0.6769,25.94,24.75,3171,15044697.0,3.216901786062761e-05
2024-10-02,10:59:36,0.6814,25.94,24.75,3171,15044697.0,3.216901786062761e-05
2024-10-02,10:59:36,0.686,25.94,24.75,3172,15044697.0,3.211760695599677e-05
2024-10-02,10:59:36,0.6906,25.94,24.75,3172,15044697.0,3.211760695599677e-05
2024-10-02,10:59:36,0.6952,25.94,24.75,3171,15044697.0,3.216901786062761e-05
2024-10-02,10:59:36,0.6998,25.94,24.75,3171,15044697.0,3.216901786062761e-05
2024-10-02,10:59:36,0.7044,25.94,24.75,3171,15044697.0,3.216901786062761e-05
2024-10-02,10:59:36,0.7089,25.94,24.75,3171,15044697.0,3.216901786062761e-05
2024-10-02,10:59:36,0.7135,25.94,24.75,3171,15044697.0,3.216901786062761e-05
2024-10-02,10:59:36,0.7181,25.94,24.75,3171,15044697.0,3.216901786062761e-05
2024-10-02,10:59:36,0.7227,25.94,24.75,3171,15044697.0,3.216901786062761e-05
2024-10-02,10:59:36,0.7273,25.94,24.75,3171,15044697.0,3.216901786062761e-05
2024-10-02,10:59:36,0.7319,25.94,24.75,3171,15044697.0,3.216901786062761e-05
2024-10-02,10:59:36,0.7365,25.94,24.75,3172,15044697.0,3.211760695599677e-05
2024-10-02,10:59:36,0.741,25.94,24.75,3172,15044697.0,3.211760695599677e-05
2024-10-02,10:59:36,0.7456,25.94,24.75,3171,15044697.0,3.216901786062761e-05
2024-10-02,10:59:36,0.7502,25.94,24.75,3171,15044697.0,3.216901786062761e-05
2024-10-02,10:59:36,0.7548,25.94,24.75,3171,15044697.0,3.216901786062761e-05
2024-10-02,10:59:36,0.7594,25.94,24.75,3171,15044697.0,3.216901786062761e-05
2024-10-02,10:59:36,0.764,25.94,24.75,3171,15044697.0,3.216901786062761e-05
2024-10-02,10:59:36,0.7685,25.94,24.75,3171,15044697.0,3.216901786062761e-05
2024-10-02,10:59:36,0.7731,25.94,24.75,3172,15044698.0,3.211760695599677e-05
2024-10-02,10:59:36,0.7777,25.94,24.75,3172,15044698.0,3.211760695599677e-05
2024-10-02,10:59:36,0.7822,25.94,24.75,3172,15044698.0,3.211760695599677e-05
2024-10-02,10:59:36,0.7868,25.94,24.75,3172,15044697.0,3.211760695599677e-05
2024-10-02,10:59:36,0.7914,25.94,24.75,3171,15044697.0,3.216901786062761e-05
2024-10-02,10:59:36,0.7961,25.94,24.75,3171,15044697.0,3.216901786062761e-05
2024-10-02,10:59:36,0.8006,25.94,24.75,3171,15044697.0,3.216901786062761e-05
2024-10-02,10:59:36,0.8051,25.94,24.75,3172,15044697.0,3.211760695599677e-05
2024-10-02,10:59:36,0.8097,25.94,24.75,3172,15044697.0,3.211760695599677e-05
2024-10-02,10:59:36,0.8144,25.94,24.75,3171,15044697.0,3.216901786062761e-05
2024-10-02,10:59:36,0.8189,25.94,24.75,3171,15044697.0,3.216901786062761e-05
2024-10-02,10:59:36,0.8235,25.94,24.75,3171,15044697.0,3.216901786062761e-05
2024-10-02,10:59:36,0.8281,25.94,24.75,3171,15044697.0,3.216901786062761e-05
2024-10-02,10:59:36,0.8327,25.94,24.75,3171,15044697.0,3.216901786062761e-05
2024-10-02,10:59:36,0.8372,25.94,24.75,3171,15044697.0,3.216901786062761e-05
2024-10-02,10:59:36,0.8418,25.94,24.75,3172,15044697.0,3.211760695599677e-05
2024-10-02,10:59:36,0.8464,25.94,24.75,3173,15044697.0,3.206627821368519e-05
2024-10-02,10:59:36,0.851,25.94,24.75,3172,15044698.0,3.211760695599677e-05
2024-10-02,10:59:36,0.8556,25.94,24.75,3171,15044697.0,3.216901786062761e-05
2024-10-02,10:59:36,0.8602,25.94,24.75,3172,15044697.0,3.211760695599677e-05
2024-10-02,10:59:36,0.8647,25.94,24.75,3172,15044697.0,3.211760695599677e-05
2024-10-02,10:59:36,0.8693,25.94,24.75,3171,15044697.0,3.216901786062761e-05
2024-10-02,10:59:36,0.8739,25.94,24.75,3171,15044697.0,3.216901786062761e-05
2024-10-02,10:59:36,0.8785,25.94,24.75,3172,15044697.0,3.211760695599677e-05
2024-10-02,10:59:36,0.8831,25.94,24.75,3172,15044697.0,3.211760695599677e-05
2024-10-02,10:59:36,0.8877,25.94,24.75,3171,15044697.0,3.216901786062761e-05
2024-10-02,10:59:36,0.8923,25.94,24.75,3171,15044697.0,3.216901786062761e-05
2024-10-02,10:59:36,0.8969,25.94,24.75,3171,15044697.0,3.216901786062761e-05
2024-10-02,10:59:36,0.9014,25.94,24.75,3171,15044697.0,3.216901786062761e-05
2024-10-02,10:59:36,0.906,25.94,24.75,3172,15044697.0,3.211760695599677e-05
2024-10-02,10:59:36,0.9106,25.94,24.75,3172,15044697.0,3.211760695599677e-05
2024-10-02,10:59:36,0.9152,25.94,24.75,3172,15044697.0,3.211760695599677e-05
2024-10-02,10:59:36,0.9198,25.94,24.75,3172,15044697.0,3.211760695599677e-05
2024-10-02,10:59:36,0.9243,25.94,24.75,3171,15044697.0,3.216901786062761e-05
2024-10-02,10:59:36,0.9289,25.94,24.75,3171,15044697.0,3.216901786062761e-05
2024-10-02,10:59:36,0.9335,25.94,24.75,3172,15044697.0,3.211760695599677e-05
2024-10-02,10:59:36,0.9381,25.94,24.75,3173,15044697.0,3.206627821368519e-05
2024-10-02,10:59:36,0.9427,25.94,24.75,3172,15044698.0,3.211760695599677e-05
2024-10-02,10:59:36,0.9473,25.94,24.75,3172,15044697.0,3.211760695599677e-05
2024-10-02,10:59:36,0.9518,25.88,24.75,3173,15044697.0,3.206627821368519e-05
2024-10-02,10:59:36,0.9564,25.88,24.75,3173,15044697.0,3.206627821368519e-05
2024-10-02,10:59:36,0.961,25.88,24.75,3173,15044697.0,3.206627821368519e-05
2024-10-02,10:59:36,0.9657,25.88,24.75,3172,15044697.0,3.211760695599677e-05
2024-10-02,10:59:36,0.9703,25.88,24.75,3172,15044697.0,3.211760695599677e-05
2024-10-02,10:59:36,0.9748,25.88,24.75,3172,15044697.0,3.211760695599677e-05
2024-10-02,10:59:36,0.9793,25.88,24.75,3171,15044697.0,3.216901786062761e-05
2024-10-02,10:59:36,0.984,25.88,24.75,3171,15044697.0,3.216901786062761e-05
2024-10-02,10:59:36,0.9886,25.88,24.75,3172,15044697.0,3.211760695599677e-05
2024-10-02,10:59:36,0.9932,25.88,24.75,3172,15044697.0,3.211760695599677e-05
2024-10-02,10:59:36,0.9978,25.88,24.75,3172,15044697.0,3.211760695599677e-05
2024-10-02,10:59:36,1.0024,25.88,24.75,3173,15044698.0,3.206627821368519e-05
2024-10-02,10:59:36,1.0069,25.88,24.75,3172,15044698.0,3.211760695599677e-05
2024-10-02,10:59:36,1.0115,25.88,24.75,3172,15044698.0,3.211760695599677e-05
2024-10-02,10:59:36,1.0161,25.88,24.75,3173,15044697.0,3.206627821368519e-05
2024-10-02,10:59:36,1.0206,25.88,24.75,3173,15044697.0,3.206627821368519e-05
2024-10-02,10:59:36,1.0252,25.88,24.75,3173,15044698.0,3.206627821368519e-05
2024-10-02,10:59:36,1.0297,25.88,24.75,3173,15044698.0,3.206627821368519e-05
2024-10-02,10:59:36,1.0343,25.88,24.75,3173,15044697.0,3.206627821368519e-05
2024-10-02,10:59:36,1.0389,25.88,24.75,3172,15044697.0,3.211760695599677e-05
2024-10-02,10:59:36,1.0435,25.88,24.75,3172,15044697.0,3.211760695599677e-05
2024-10-02,10:59:36,1.0481,25.88,24.75,3173,15044698.0,3.206627821368519e-05
2024-10-02,10:59:36,1.0527,25.88,24.75,3173,15044697.0,3.206627821368519e-05
2024-10-02,10:59:36,1.0572,25.88,24.75,3172,15044697.0,3.211760695599677e-05
2024-10-02,10:59:36,1.0618,25.88,24.75,3172,15044697.0,3.211760695599677e-05
2024-10-02,10:59:36,1.0664,25.88,24.75,3173,15044698.0,3.206627821368519e-05
2024-10-02,10:59:36,1.071,25.88,24.75,3172,15044698.0,3.211760695599677e-05
2024-10-02,10:59:36,1.0756,25.88,24.75,3172,15044698.0,3.211760695599677e-05
2024-10-02,10:59:36,1.0802,25.88,24.75,3173,15044698.0,3.206627821368519e-05
2024-10-02,10:59:36,1.0848,25.88,24.75,3173,15044698.0,3.206627821368519e-05
2024-10-02,10:59:36,1.0893,25.88,24.75,3173,15044698.0,3.206627821368519e-05
2024-10-02,10:59:36,1.0938,25.88,24.75,3172,15044697.0,3.211760695599677e-05
2024-10-02,10:59:36,1.0985,25.88,24.75,3172,15044697.0,3.211760695599677e-05
2024-10-02,10:59:36,1.1031,25.88,24.75,3173,15044698.0,3.206627821368519e-05
2024-10-02,10:59:36,1.1076,25.88,24.75,3173,15044698.0,3.206627821368519e-05
2024-10-02,10:59:36,1.1122,25.88,24.75,3173,15044697.0,3.206627821368519e-05
2024-10-02,10:59:36,1.1168,25.88,24.75,3172,15044698.0,3.211760695599677e-05
2024-10-02,10:59:36,1.1213,25.88,24.75,3171,15044698.0,3.216901786062761e-05
2024-10-02,10:59:36,1.1259,25.88,24.75,3172,15044697.0,3.211760695599677e-05
2024-10-02,10:59:36,1.1305,25.88,24.75,3173,15044698.0,3.206627821368519e-05
2024-10-02,10:59:36,1.1351,25.88,24.75,3173,15044698.0,3.206627821368519e-05
2024-10-02,10:59:36,1.1397,25.88,24.75,3173,15044698.0,3.206627821368519e-05
2024-10-02,10:59:36,1.1443,25.88,24.75,3173,15044698.0,3.206627821368519e-05
2024-10-02,10:59:36,1.1488,25.88,24.75,3173,15044698.0,3.206627821368519e-05
2024-10-02,10:59:36,1.1534,25.88,24.75,3172,15044698.0,3.211760695599677e-05
2024-10-02,10:59:36,1.158,25.88,24.75,3172,15044698.0,3.211760695599677e-05
2024-10-02,10:59:36,1.1626,25.88,24.75,3172,15044698.0,3.211760695599677e-05
2024-10-02,10:59:36,1.1671,25.88,24.75,3172,15044698.0,3.211760695599677e-05
2024-10-02,10:59:36,1.1717,25.88,24.75,3173,15044698.0,3.206627821368519e-05
2024-10-02,10:59:36,1.1762,25.88,24.75,3173,15044698.0,3.206627821368519e-05
2024-10-02,10:59:36,1.1808,25.88,24.75,3172,15044698.0,3.211760695599677e-05
2024-10-02,10:59:36,1.1854,25.88,24.75,3171,15044698.0,3.216901786062761e-05
2024-10-02,10:59:36,1.19,25.88,24.75,3171,15044698.0,3.216901786062761e-05
2024-10-02,10:59:36,1.1946,25.88,24.75,3172,15044698.0,3.211760695599677e-05
2024-10-02,10:59:36,1.1991,25.88,24.75,3172,15044698.0,3.211760695599677e-05
2024-10-02,10:59:36,1.2037,25.88,24.75,3172,15044698.0,3.211760695599677e-05
2024-10-02,10:59:36,1.2083,25.88,24.75,3173,15044698.0,3.206627821368519e-05
2024-10-02,10:59:36,1.2129,25.88,24.75,3173,15044698.0,3.206627821368519e-05
2024-10-02,10:59:36,1.2175,25.88,24.75,3173,15044698.0,3.206627821368519e-05
2024-10-02,10:59:36,1.222,25.88,24.75,3173,15044698.0,3.206627821368519e-05
2024-10-02,10:59:36,1.2266,25.88,24.75,3173,15044698.0,3.206627821368519e-05
2024-10-02,10:59:36,1.2312,25.88,24.75,3173,15044698.0,3.206627821368519e-05
2024-10-02,10:59:36,1.2357,25.88,24.75,3173,15044698.0,3.206627821368519e-05
2024-10-02,10:59:36,1.2403,25.88,24.75,3173,15044698.0,3.206627821368519e-05
2024-10-02,10:59:36,1.2449,25.88,24.75,3173,15044698.0,3.206627821368519e-05
2024-10-02,10:59:36,1.2494,25.88,24.75,3173,15044698.0,3.206627821368519e-05
2024-10-02,10:59:36,1.254,25.88,24.75,3173,15044698.0,3.206627821368519e-05
2024-10-02,10:59:36,1.2586,25.88,24.75,3173,15044698.0,3.206627821368519e-05
2024-10-02,10:59:36,1.2633,25.88,24.75,3173,15044698.0,3.206627821368519e-05
2024-10-02,10:59:36,1.2678,25.88,24.75,3173,15044698.0,3.206627821368519e-05
2024-10-02,10:59:36,1.2723,25.88,24.75,3173,15044698.0,3.206627821368519e-05
2024-10-02,10:59:36,1.2769,25.88,24.75,3173,15044698.0,3.206627821368519e-05
2024-10-02,10:59:36,1.2814,25.88,24.75,3174,15044698.0,3.201503150238514e-05
2024-10-02,10:59:36,1.286,25.88,24.75,3174,15044698.0,3.201503150238514e-05
2024-10-02,10:59:36,1.2906,25.88,24.75,3172,15044698.0,3.211760695599677e-05
2024-10-02,10:59:36,1.2952,25.88,24.75,3172,15044698.0,3.211760695599677e-05
2024-10-02,10:59:36,1.2997,25.88,24.75,3173,15044698.0,3.206627821368519e-05
2024-10-02,10:59:36,1.3043,25.88,24.75,3173,15044698.0,3.206627821368519e-05
2024-10-02,10:59:36,1.3089,25.88,24.75,3173,15044698.0,3.206627821368519e-05
2024-10-02,10:59:36,1.3134,25.88,24.75,3173,15044697.0,3.206627821368519e-05
2024-10-02,10:59:36,1.318,25.88,24.75,3173,15044697.0,3.206627821368519e-05
2024-10-02,10:59:36,1.3226,25.88,24.75,3173,15044698.0,3.206627821368519e-05
2024-10-02,10:59:36,1.3273,25.88,24.75,3173,15044698.0,3.206627821368519e-05
2024-10-02,10:59:36,1.3318,25.88,24.75,3173,15044698.0,3.206627821368519e-05
2024-10-02,10:59:36,1.3363,25.88,24.75,3172,15044698.0,3.211760695599677e-05
2024-10-02,10:59:36,1.3409,25.88,24.75,3172,15044698.0,3.211760695599677e-05
2024-10-02,10:59:36,1.3454,25.88,24.75,3173,15044698.0,3.206627821368519e-05
2024-10-02,10:59:36,1.35,25.88,24.75,3173,15044698.0,3.206627821368519e-05
2024-10-02,10:59:36,1.3546,25.88,24.75,3173,15044698.0,3.206627821368519e-05
2024-10-02,10:59:36,1.3592,25.88,24.75,3173,15044698.0,3.206627821368519e-05
2024-10-02,10:59:36,1.3637,25.88,24.75,3173,15044698.0,3.206627821368519e-05
2024-10-02,10:59:36,1.3683,25.88,24.75,3173,15044698.0,3.206627821368519e-05
2024-10-02,10:59:36,1.3729,25.88,24.75,3173,15044698.0,3.206627821368519e-05
2024-10-02,10:59:36,1.3774,25.88,24.75,3173,15044698.0,3.206627821368519e-05
2024-10-02,10:59:36,1.382,25.88,24.75,3173,15044698.0,3.206627821368519e-05
2024-10-02,10:59:36,1.3866,25.88,24.75,3173,15044698.0,3.206627821368519e-05
2024-10-02,10:59:36,1.3913,25.88,24.75,3173,15044698.0,3.206627821368519e-05
2024-10-02,10:59:36,1.3958,25.88,24.75,3173,15044698.0,3.206627821368519e-05
2024-10-02,10:59:36,1.4003,25.88,24.75,3173,15044698.0,3.206627821368519e-05
2024-10-02,10:59:36,1.4049,25.88,24.75,3173,15044698.0,3.206627821368519e-05
2024-10-02,10:59:36,1.4095,25.88,24.75,3173,15044698.0,3.206627821368519e-05
2024-10-02,10:59:36,1.414,25.88,24.75,3173,15044698.0,3.206627821368519e-05
2024-10-02,10:59:36,1.4186,25.88,24.75,3173,15044698.0,3.206627821368519e-05
2024-10-02,10:59:36,1.4277,25.88,24.75,3173,15044698.0,3.206627821368519e-05
2024-10-02,10:59:36,1.4323,25.88,24.75,3174,15044698.0,3.201503150238514e-05
2024-10-02,10:59:36,1.4369,25.88,24.75,3174,15044698.0,3.201503150238514e-05
2024-10-02,10:59:36,1.4415,25.88,24.75,3173,15044698.0,3.206627821368519e-05
2024-10-02,10:59:36,1.446,25.88,24.75,3173,15044698.0,3.206627821368519e-05
2024-10-02,10:59:36,1.4506,25.88,24.75,3173,15044698.0,3.206627821368519e-05
2024-10-02,10:59:36,1.4553,25.94,24.75,3173,15044698.0,3.206627821368519e-05
2024-10-02,10:59:36,1.4598,25.94,24.75,3173,15044698.0,3.206627821368519e-05
2024-10-02,10:59:36,1.4644,25.94,24.75,3173,15044698.0,3.206627821368519e-05
2024-10-02,10:59:36,1.4691,25.94,24.75,3174,15044698.0,3.201503150238514e-05
2024-10-02,10:59:36,1.4737,25.94,24.75,3174,15044698.0,3.201503150238514e-05
2024-10-02,10:59:36,1.4782,25.94,24.75,3173,15044698.0,3.206627821368519e-05
2024-10-02,10:59:36,1.4828,25.94,24.75,3173,15044698.0,3.206627821368519e-05
2024-10-02,10:59:36,1.4873,25.94,24.75,3173,15044698.0,3.206627821368519e-05
2024-10-02,10:59:36,1.4919,25.94,24.75,3173,15044697.0,3.206627821368519e-05
2024-10-02,10:59:36,1.4965,25.94,24.75,3173,15044698.0,3.206627821368519e-05
2024-10-02,10:59:36,1.5011,25.94,24.75,3173,15044698.0,3.206627821368519e-05
2024-10-02,10:59:36,1.5056,25.94,24.75,3174,15044698.0,3.201503150238514e-05
2024-10-02,10:59:36,1.5102,25.94,24.75,3174,15044698.0,3.201503150238514e-05
2024-10-02,10:59:36,1.5148,25.94,24.75,3173,15044698.0,3.206627821368519e-05
2024-10-02,10:59:36,1.5194,25.94,24.75,3173,15044698.0,3.206627821368519e-05
2024-10-02,10:59:36,1.5239,25.94,24.75,3173,15044698.0,3.206627821368519e-05
2024-10-02,10:59:36,1.5285,25.94,24.75,3173,15044698.0,3.206627821368519e-05
2024-10-02,10:59:36,1.5331,25.94,24.75,3174,15044698.0,3.201503150238514e-05
2024-10-02,10:59:36,1.5377,25.94,24.75,3174,15044698.0,3.201503150238514e-05
2024-10-02,10:59:36,1.5423,25.94,24.75,3173,15044698.0,3.206627821368519e-05
2024-10-02,10:59:36,1.5468,25.94,24.75,3172,15044698.0,3.211760695599677e-05
2024-10-02,10:59:36,1.5514,25.94,24.75,3173,15044698.0,3.206627821368519e-05
2024-10-02,10:59:36,1.556,25.94,24.75,3174,15044698.0,3.201503150238514e-05
2024-10-02,10:59:36,1.5606,25.94,24.75,3173,15044698.0,3.206627821368519e-05
2024-10-02,10:59:36,1.5651,25.94,24.75,3173,15044698.0,3.206627821368519e-05
2024-10-02,10:59:36,1.5697,25.94,24.75,3174,15044698.0,3.201503150238514e-05
2024-10-02,10:59:36,1.5743,25.94,24.75,3174,15044698.0,3.201503150238514e-05
2024-10-02,10:59:36,1.5788,25.94,24.75,3173,15044698.0,3.206627821368519e-05
2024-10-02,10:59:36,1.5834,25.94,24.75,3173,15044698.0,3.206627821368519e-05
2024-10-02,10:59:36,1.588,25.94,24.75,3173,15044698.0,3.206627821368519e-05
2024-10-02,10:59:36,1.5926,25.94,24.75,3173,15044698.0,3.206627821368519e-05
2024-10-02,10:59:36,1.5971,25.94,24.75,3174,15044698.0,3.201503150238514e-05
2024-10-02,10:59:36,1.6017,25.94,24.75,3175,15044698.0,3.196386669099883e-05
2024-10-02,10:59:36,1.6063,25.94,24.75,3174,15044698.0,3.201503150238514e-05
2024-10-02,10:59:36,1.6109,25.94,24.75,3173,15044698.0,3.206627821368519e-05
2024-10-02,10:59:36,1.6154,25.94,24.75,3173,15044698.0,3.206627821368519e-05
2024-10-02,10:59:36,1.62,25.94,24.75,3173,15044698.0,3.206627821368519e-05
2024-10-02,10:59:36,1.6246,25.94,24.75,3173,15044698.0,3.206627821368519e-05
2024-10-02,10:59:36,1.6292,25.94,24.75,3174,15044698.0,3.201503150238514e-05
2024-10-02,10:59:36,1.6338,25.94,24.75,3175,15044698.0,3.196386669099883e-05
2024-10-02,10:59:36,1.6384,25.94,24.75,3174,15044698.0,3.201503150238514e-05
2024-10-02,10:59:36,1.643,25.94,24.75,3174,15044698.0,3.201503150238514e-05
2024-10-02,10:59:36,1.6475,25.94,24.75,3174,15044698.0,3.201503150238514e-05
2024-10-02,10:59:36,1.6521,25.94,24.75,3173,15044698.0,3.206627821368519e-05
2024-10-02,10:59:36,1.6567,25.94,24.75,3173,15044698.0,3.206627821368519e-05
2024-10-02,10:59:36,1.6613,25.94,24.75,3173,15044698.0,3.206627821368519e-05
2024-10-02,10:59:36,1.6659,25.94,24.75,3173,15044698.0,3.206627821368519e-05
2024-10-02,10:59:36,1.6705,25.94,24.75,3173,15044698.0,3.206627821368519e-05
2024-10-02,10:59:37,1.675,25.94,24.75,3173,15044698.0,3.206627821368519e-05
2024-10-02,10:59:37,1.6796,25.94,24.75,3173,15044698.0,3.206627821368519e-05
2024-10-02,10:59:37,1.6841,25.94,24.75,3173,15044698.0,3.206627821368519e-05
2024-10-02,10:59:37,1.6887,25.94,24.75,3173,15044698.0,3.206627821368519e-05
2024-10-02,10:59:37,1.6933,25.94,24.75,3173,15044698.0,3.206627821368519e-05
2024-10-02,10:59:37,1.6979,25.94,24.75,3174,15044698.0,3.201503150238514e-05
2024-10-02,10:59:37,1.7025,25.94,24.75,3175,15044698.0,3.196386669099883e-05
2024-10-02,10:59:37,1.707,25.94,24.75,3175,15044698.0,3.196386669099883e-05
2024-10-02,10:59:37,1.7116,25.94,24.75,3175,15044698.0,3.196386669099883e-05
2024-10-02,10:59:37,1.7162,25.94,24.75,3174,15044698.0,3.201503150238514e-05
2024-10-02,10:59:37,1.7208,25.94,24.75,3174,15044698.0,3.201503150238514e-05
2024-10-02,10:59:37,1.7253,25.94,24.75,3175,15044698.0,3.196386669099883e-05
2024-10-02,10:59:37,1.7299,25.94,24.75,3174,15044698.0,3.201503150238514e-05
2024-10-02,10:59:37,1.7344,25.94,24.75,3174,15044698.0,3.201503150238514e-05
2024-10-02,10:59:37,1.7391,25.94,24.75,3174,15044698.0,3.201503150238514e-05
2024-10-02,10:59:37,1.7437,25.94,24.75,3173,15044698.0,3.206627821368519e-05
2024-10-02,10:59:37,1.7482,25.94,24.75,3173,15044698.0,3.206627821368519e-05
2024-10-02,10:59:37,1.7529,25.94,24.75,3174,15044698.0,3.201503150238514e-05
2024-10-02,10:59:37,1.7574,25.94,24.75,3174,15044698.0,3.201503150238514e-05
2024-10-02,10:59:37,1.7619,25.94,24.75,3174,15044698.0,3.201503150238514e-05
2024-10-02,10:59:37,1.7665,25.94,24.75,3174,15044698.0,3.201503150238514e-05
2024-10-02,10:59:37,1.7712,25.94,24.75,3174,15044698.0,3.201503150238514e-05
2024-10-02,10:59:37,1.7757,25.94,24.75,3175,15044698.0,3.196386669099883e-05
2024-10-02,10:59:37,1.7802,25.94,24.75,3174,15044698.0,3.201503150238514e-05
2024-10-02,10:59:37,1.7849,25.94,24.75,3173,15044698.0,3.206627821368519e-05
2024-10-02,10:59:37,1.7895,25.94,24.75,3174,15044698.0,3.201503150238514e-05
2024-10-02,10:59:37,1.794,25.94,24.75,3174,15044698.0,3.201503150238514e-05
2024-10-02,10:59:37,1.7985,25.94,24.75,3173,15044698.0,3.206627821368519e-05
2024-10-02,10:59:37,1.8032,25.94,24.75,3173,15044698.0,3.206627821368519e-05
2024-10-02,10:59:37,1.8077,25.94,24.75,3174,15044698.0,3.201503150238514e-05
2024-10-02,10:59:37,1.8122,25.94,24.75,3174,15044698.0,3.201503150238514e-05
2024-10-02,10:59:37,1.8169,25.94,24.75,3174,15044699.0,3.201503150238514e-05
2024-10-02,10:59:37,1.8215,25.94,24.75,3174,15044698.0,3.201503150238514e-05
2024-10-02,10:59:37,1.826,25.94,24.75,3174,15044698.0,3.201503150238514e-05
2024-10-02,10:59:37,1.8306,25.94,24.75,3174,15044699.0,3.201503150238514e-05
2024-10-02,10:59:37,1.8352,25.94,24.75,3173,15044698.0,3.206627821368519e-05
2024-10-02,10:59:37,1.8398,25.94,24.75,3173,15044698.0,3.206627821368519e-05
2024-10-02,10:59:37,1.8444,25.94,24.75,3174,15044698.0,3.201503150238514e-05
2024-10-02,10:59:37,1.8489,25.94,24.75,3174,15044698.0,3.201503150238514e-05
2024-10-02,10:59:37,1.8535,25.94,24.75,3174,15044698.0,3.201503150238514e-05
2024-10-02,10:59:37,1.8582,25.94,24.75,3174,15044698.0,3.201503150238514e-05
2024-10-02,10:59:37,1.8627,25.94,24.75,3174,15044698.0,3.201503150238514e-05
2024-10-02,10:59:37,1.8673,25.94,24.75,3174,15044699.0,3.201503150238514e-05
2024-10-02,10:59:37,1.8719,25.94,24.75,3174,15044699.0,3.201503150238514e-05
2024-10-02,10:59:37,1.8765,25.94,24.75,3174,15044699.0,3.201503150238514e-05
2024-10-02,10:59:37,1.881,25.94,24.75,3174,15044699.0,3.201503150238514e-05
2024-10-02,10:59:37,1.8856,25.94,24.75,3174,15044698.0,3.201503150238514e-05
2024-10-02,10:59:37,1.8902,25.94,24.75,3174,15044698.0,3.201503150238514e-05
2024-10-02,10:59:37,1.8948,25.94,24.75,3174,15044698.0,3.201503150238514e-05
2024-10-02,10:59:37,1.8993,25.94,24.75,3174,15044698.0,3.201503150238514e-05
2024-10-02,10:59:37,1.9039,25.94,24.75,3174,15044698.0,3.201503150238514e-05
2024-10-02,10:59:37,1.9085,25.94,24.75,3174,15044698.0,3.201503150238514e-05
2024-10-02,10:59:37,1.913,25.94,24.75,3174,15044699.0,3.201503150238514e-05
2024-10-02,10:59:37,1.9176,25.94,24.75,3174,15044699.0,3.201503150238514e-05
2024-10-02,10:59:37,1.9222,25.94,24.75,3174,15044699.0,3.201503150238514e-05
2024-10-02,10:59:37,1.9268,25.94,24.75,3174,15044699.0,3.201503150238514e-05
2024-10-02,10:59:37,1.9314,25.94,24.75,3174,15044698.0,3.201503150238514e-05
2024-10-02,10:59:37,1.936,25.94,24.75,3174,15044698.0,3.201503150238514e-05
2024-10-02,10:59:37,1.9405,25.94,24.75,3174,15044699.0,3.201503150238514e-05
2024-10-02,10:59:37,1.9451,25.94,24.75,3174,15044698.0,3.201503150238514e-05
2024-10-02,10:59:37,1.9497,25.94,24.75,3174,15044698.0,3.201503150238514e-05
2024-10-02,10:59:37,1.9543,25.94,24.75,3174,15044699.0,3.201503150238514e-05
2024-10-02,10:59:37,1.9589,25.94,24.75,3175,15044698.0,3.196386669099883e-05
2024-10-02,10:59:37,1.9634,25.94,24.75,3174,15044698.0,3.201503150238514e-05
2024-10-02,10:59:37,1.968,25.94,24.75,3173,15044698.0,3.206627821368519e-05
2024-10-02,10:59:37,1.9726,25.94,24.75,3173,15044698.0,3.206627821368519e-05
2024-10-02,10:59:37,1.9771,25.94,24.75,3173,15044698.0,3.206627821368519e-05
2024-10-02,10:59:37,1.9817,25.94,24.75,3174,15044698.0,3.201503150238514e-05
2024-10-02,10:59:37,1.9863,25.94,24.75,3174,15044698.0,3.201503150238514e-05
2024-10-02,10:59:37,1.9909,25.94,24.75,3174,15044698.0,3.201503150238514e-05
2024-10-02,10:59:37,1.9954,25.94,24.75,3174,15044698.0,3.201503150238514e-05
2024-10-02,10:59:37,2.0,25.94,24.75,3174,15044698.0,3.201503150238514e-05
2024-10-02,10:59:37,2.0045,25.94,24.75,3174,15044698.0,3.201503150238514e-05
2024-10-02,10:59:37,2.0091,25.94,24.75,3174,15044699.0,3.201503150238514e-05
2024-10-02,10:59:37,2.0137,25.94,24.75,3174,15044699.0,3.201503150238514e-05
2024-10-02,10:59:37,2.0182,25.94,24.75,3173,15044698.0,3.206627821368519e-05
2024-10-02,10:59:37,2.0228,25.94,24.75,3173,15044698.0,3.206627821368519e-05
2024-10-02,10:59:37,2.0274,25.94,24.75,3174,15044699.0,3.201503150238514e-05
2024-10-02,10:59:37,2.032,25.94,24.75,3174,15044699.0,3.201503150238514e-05
2024-10-02,10:59:37,2.0366,25.94,24.75,3174,15044699.0,3.201503150238514e-05
2024-10-02,10:59:37,2.0411,25.94,24.75,3174,15044698.0,3.201503150238514e-05
2024-10-02,10:59:37,2.0457,25.94,24.75,3173,15044698.0,3.206627821368519e-05
2024-10-02,10:59:37,2.0503,25.94,24.75,3173,15044699.0,3.206627821368519e-05
2024-10-02,10:59:37,2.0548,25.94,24.75,3173,15044698.0,3.206627821368519e-05
2024-10-02,10:59:37,2.0594,25.94,24.75,3173,15044698.0,3.206627821368519e-05
2024-10-02,10:59:37,2.064,25.94,24.75,3174,15044699.0,3.201503150238514e-05
2024-10-02,10:59:37,2.0686,25.94,24.75,3174,15044699.0,3.201503150238514e-05
2024-10-02,10:59:37,2.0731,25.94,24.75,3174,15044698.0,3.201503150238514e-05
2024-10-02,10:59:37,2.0777,25.94,24.75,3174,15044698.0,3.201503150238514e-05
2024-10-02,10:59:37,2.0823,25.94,24.75,3174,15044698.0,3.201503150238514e-05
2024-10-02,10:59:37,2.0868,25.94,24.75,3174,15044698.0,3.201503150238514e-05
2024-10-02,10:59:37,2.0914,25.94,24.75,3174,15044698.0,3.201503150238514e-05
2024-10-02,10:59:37,2.096,25.94,24.75,3174,15044699.0,3.201503150238514e-05
2024-10-02,10:59:37,2.1006,25.94,24.75,3174,15044698.0,3.201503150238514e-05
2024-10-02,10:59:37,2.1051,25.94,24.75,3174,15044699.0,3.201503150238514e-05
2024-10-02,10:59:37,2.1097,25.94,24.75,3173,15044698.0,3.206627821368519e-05
2024-10-02,10:59:37,2.1188,25.94,24.75,3174,15044699.0,3.201503150238514e-05
2024-10-02,10:59:37,2.1235,25.94,24.75,3174,15044699.0,3.201503150238514e-05
2024-10-02,10:59:37,2.1281,25.94,24.75,3174,15044699.0,3.201503150238514e-05
2024-10-02,10:59:37,2.1326,25.94,24.75,3175,15044699.0,3.196386669099883e-05
2024-10-02,10:59:37,2.1372,25.94,24.75,3176,15044699.0,3.191278364863791e-05
2024-10-02,10:59:37,2.1418,25.94,24.75,3175,15044699.0,3.196386669099883e-05
2024-10-02,10:59:37,2.1464,25.94,24.75,3174,15044699.0,3.201503150238514e-05
2024-10-02,10:59:37,2.1509,25.94,24.75,3174,15044699.0,3.201503150238514e-05
2024-10-02,10:59:37,2.1555,25.94,24.75,3174,15044699.0,3.201503150238514e-05
2024-10-02,10:59:37,2.1601,25.94,24.75,3174,15044699.0,3.201503150238514e-05
2024-10-02,10:59:37,2.1648,25.94,24.75,3174,15044699.0,3.201503150238514e-05
2024-10-02,10:59:37,2.1694,25.94,24.75,3174,15044699.0,3.201503150238514e-05
2024-10-02,10:59:37,2.1739,25.94,24.75,3174,15044699.0,3.201503150238514e-05
2024-10-02,10:59:37,2.1785,25.94,24.75,3175,15044698.0,3.196386669099883e-05
2024-10-02,10:59:37,2.1831,25.94,24.75,3174,15044698.0,3.201503150238514e-05
2024-10-02,10:59:37,2.1876,25.94,24.75,3173,15044699.0,3.206627821368519e-05
2024-10-02,10:59:37,2.1921,25.94,24.75,3174,15044699.0,3.201503150238514e-05
2024-10-02,10:59:37,2.1968,25.94,24.75,3174,15044699.0,3.201503150238514e-05
2024-10-02,10:59:37,2.2014,25.94,24.75,3174,15044699.0,3.201503150238514e-05
2024-10-02,10:59:37,2.206,25.94,24.75,3174,15044699.0,3.201503150238514e-05
2024-10-02,10:59:37,2.2105,25.94,24.75,3174,15044699.0,3.201503150238514e-05
2024-10-02,10:59:37,2.2151,25.94,24.75,3174,15044699.0,3.201503150238514e-05
2024-10-02,10:59:37,2.2197,25.94,24.75,3174,15044699.0,3.201503150238514e-05
2024-10-02,10:59:37,2.2243,25.94,24.75,3174,15044699.0,3.201503150238514e-05
2024-10-02,10:59:37,2.2289,25.94,24.75,3174,15044699.0,3.201503150238514e-05
2024-10-02,10:59:37,2.2335,25.94,24.75,3174,15044699.0,3.201503150238514e-05
2024-10-02,10:59:37,2.2381,25.94,24.75,3174,15044699.0,3.201503150238514e-05
2024-10-02,10:59:37,2.2427,25.94,24.75,3174,15044699.0,3.201503150238514e-05
2024-10-02,10:59:37,2.2473,25.94,24.75,3174,15044699.0,3.201503150238514e-05
2024-10-02,10:59:37,2.2519,25.94,24.75,3174,15044699.0,3.201503150238514e-05
2024-10-02,10:59:37,2.2565,25.94,24.75,3174,15044699.0,3.201503150238514e-05
2024-10-02,10:59:37,2.261,25.94,24.75,3174,15044699.0,3.201503150238514e-05
2024-10-02,10:59:37,2.2656,25.94,24.75,3173,15044699.0,3.206627821368519e-05
2024-10-02,10:59:37,2.2702,25.94,24.75,3173,15044698.0,3.206627821368519e-05
2024-10-02,10:59:37,2.2748,25.94,24.75,3173,15044698.0,3.206627821368519e-05
2024-10-02,10:59:37,2.2794,25.94,24.75,3173,15044699.0,3.206627821368519e-05
2024-10-02,10:59:37,2.284,25.94,24.75,3174,15044699.0,3.201503150238514e-05
2024-10-02,10:59:37,2.2885,25.94,24.75,3175,15044699.0,3.196386669099883e-05
2024-10-02,10:59:37,2.2931,25.94,24.75,3175,15044698.0,3.196386669099883e-05
2024-10-02,10:59:37,2.2977,25.94,24.75,3175,15044699.0,3.196386669099883e-05
2024-10-02,10:59:37,2.3023,25.94,24.75,3174,15044699.0,3.201503150238514e-05
2024-10-02,10:59:37,2.3068,25.94,24.75,3173,15044699.0,3.206627821368519e-05
2024-10-02,10:59:37,2.3114,25.94,24.75,3174,15044699.0,3.201503150238514e-05
2024-10-02,10:59:37,2.3161,25.94,24.75,3174,15044699.0,3.201503150238514e-05
2024-10-02,10:59:37,2.3207,25.94,24.75,3174,15044699.0,3.201503150238514e-05
2024-10-02,10:59:37,2.3252,25.94,24.75,3174,15044699.0,3.201503150238514e-05
2024-10-02,10:59:37,2.3297,25.94,24.75,3174,15044699.0,3.201503150238514e-05
2024-10-02,10:59:37,2.3344,25.94,24.75,3174,15044699.0,3.201503150238514e-05
2024-10-02,10:59:37,2.339,25.94,24.75,3174,15044699.0,3.201503150238514e-05
2024-10-02,10:59:37,2.3435,25.94,24.75,3174,15044699.0,3.201503150238514e-05
2024-10-02,10:59:37,2.3481,25.94,24.75,3174,15044699.0,3.201503150238514e-05
2024-10-02,10:59:37,2.3527,25.94,24.75,3174,15044699.0,3.201503150238514e-05
2024-10-02,10:59:37,2.3573,25.94,24.75,3174,15044699.0,3.201503150238514e-05
2024-10-02,10:59:37,2.3619,25.94,24.75,3174,15044699.0,3.201503150238514e-05
2024-10-02,10:59:37,2.3665,25.94,24.75,3174,15044698.0,3.201503150238514e-05
2024-10-02,10:59:37,2.3711,25.94,24.75,3174,15044699.0,3.201503150238514e-05
2024-10-02,10:59:37,2.3756,25.94,24.75,3174,15044699.0,3.201503150238514e-05
2024-10-02,10:59:37,2.3802,25.94,24.75,3174,15044699.0,3.201503150238514e-05
2024-10-02,10:59:37,2.3848,25.94,24.75,3174,15044699.0,3.201503150238514e-05
2024-10-02,10:59:37,2.3894,25.94,24.75,3174,15044699.0,3.201503150238514e-05
2024-10-02,10:59:37,2.394,25.94,24.75,3174,15044699.0,3.201503150238514e-05
2024-10-02,10:59:37,2.3986,25.94,24.75,3174,15044699.0,3.201503150238514e-05
2024-10-02,10:59:37,2.4032,25.94,24.75,3174,15044699.0,3.201503150238514e-05
2024-10-02,10:59:37,2.4078,25.94,24.75,3174,15044699.0,3.201503150238514e-05
2024-10-02,10:59:37,2.4123,25.94,24.75,3173,15044698.0,3.206627821368519e-05
2024-10-02,10:59:37,2.4169,25.94,24.75,3173,15044699.0,3.206627821368519e-05
2024-10-02,10:59:37,2.4215,25.94,24.75,3174,15044699.0,3.201503150238514e-05
2024-10-02,10:59:37,2.4261,25.94,24.75,3174,15044699.0,3.201503150238514e-05
2024-10-02,10:59:37,2.4307,25.94,24.75,3174,15044699.0,3.201503150238514e-05
2024-10-02,10:59:37,2.4353,25.94,24.75,3174,15044699.0,3.201503150238514e-05
2024-10-02,10:59:37,2.4398,25.94,24.75,3174,15044699.0,3.201503150238514e-05
2024-10-02,10:59:37,2.4444,25.94,24.75,3174,15044699.0,3.201503150238514e-05
2024-10-02,10:59:37,2.449,25.94,24.75,3174,15044699.0,3.201503150238514e-05
2024-10-02,10:59:37,2.4537,25.94,24.75,3175,15044698.0,3.196386669099883e-05
2024-10-02,10:59:37,2.4583,25.94,24.75,3175,15044698.0,3.196386669099883e-05
2024-10-02,10:59:37,2.4629,25.88,24.75,3175,15044699.0,3.196386669099883e-05
2024-10-02,10:59:37,2.4674,25.88,24.75,3175,15044699.0,3.196386669099883e-05
2024-10-02,10:59:37,2.472,25.88,24.75,3174,15044699.0,3.201503150238514e-05
2024-10-02,10:59:37,2.4766,25.88,24.75,3173,15044699.0,3.206627821368519e-05
2024-10-02,10:59:37,2.4811,25.88,24.75,3173,15044699.0,3.206627821368519e-05
2024-10-02,10:59:37,2.4857,25.88,24.75,3175,15044699.0,3.196386669099883e-05
2024-10-02,10:59:37,2.4903,25.88,24.75,3176,15044699.0,3.191278364863791e-05
2024-10-02,10:59:37,2.4949,25.88,24.75,3175,15044699.0,3.196386669099883e-05
2024-10-02,10:59:37,2.4995,25.88,24.75,3175,15044699.0,3.196386669099883e-05
2024-10-02,10:59:37,2.5041,25.88,24.75,3176,15044699.0,3.191278364863791e-05
2024-10-02,10:59:37,2.5087,25.88,24.75,3176,15044699.0,3.191278364863791e-05
2024-10-02,10:59:37,2.5133,25.88,24.75,3175,15044698.0,3.196386669099883e-05
2024-10-02,10:59:37,2.5178,25.88,24.75,3175,15044698.0,3.196386669099883e-05
2024-10-02,10:59:37,2.5224,25.88,24.75,3175,15044699.0,3.196386669099883e-05
2024-10-02,10:59:37,2.527,25.88,24.75,3175,15044699.0,3.196386669099883e-05
2024-10-02,10:59:37,2.5316,25.88,24.75,3176,15044699.0,3.191278364863791e-05
2024-10-02,10:59:37,2.5362,25.88,24.75,3176,15044699.0,3.191278364863791e-05
2024-10-02,10:59:37,2.5408,25.88,24.75,3175,15044699.0,3.196386669099883e-05
2024-10-02,10:59:37,2.5454,25.88,24.75,3175,15044699.0,3.196386669099883e-05
2024-10-02,10:59:37,2.55,25.88,24.75,3175,15044699.0,3.196386669099883e-05
2024-10-02,10:59:37,2.5545,25.88,24.75,3175,15044699.0,3.196386669099883e-05
2024-10-02,10:59:37,2.5591,25.88,24.75,3175,15044699.0,3.196386669099883e-05
2024-10-02,10:59:37,2.5637,25.88,24.75,3175,15044698.0,3.196386669099883e-05
2024-10-02,10:59:37,2.5683,25.88,24.75,3175,15044699.0,3.196386669099883e-05
2024-10-02,10:59:37,2.5729,25.88,24.75,3175,15044699.0,3.196386669099883e-05
2024-10-02,10:59:37,2.5775,25.88,24.75,3176,15044699.0,3.191278364863791e-05
2024-10-02,10:59:37,2.582,25.88,24.75,3176,15044699.0,3.191278364863791e-05
2024-10-02,10:59:37,2.5866,25.88,24.75,3175,15044699.0,3.196386669099883e-05
2024-10-02,10:59:37,2.5912,25.88,24.75,3175,15044699.0,3.196386669099883e-05
2024-10-02,10:59:37,2.5958,25.88,24.75,3175,15044699.0,3.196386669099883e-05
2024-10-02,10:59:37,2.6004,25.88,24.75,3175,15044699.0,3.196386669099883e-05
2024-10-02,10:59:37,2.6049,25.88,24.75,3175,15044699.0,3.196386669099883e-05
2024-10-02,10:59:37,2.6096,25.88,24.75,3175,15044699.0,3.196386669099883e-05
2024-10-02,10:59:37,2.6142,25.88,24.75,3175,15044699.0,3.196386669099883e-05
2024-10-02,10:59:37,2.6188,25.88,24.75,3175,15044699.0,3.196386669099883e-05
2024-10-02,10:59:37,2.6234,25.88,24.75,3175,15044699.0,3.196386669099883e-05
2024-10-02,10:59:37,2.628,25.88,24.75,3175,15044699.0,3.196386669099883e-05
2024-10-02,10:59:37,2.6325,25.88,24.75,3175,15044699.0,3.196386669099883e-05
2024-10-02,10:59:37,2.6371,25.88,24.75,3175,15044699.0,3.196386669099883e-05
2024-10-02,10:59:37,2.6417,25.88,24.75,3175,15044699.0,3.196386669099883e-05
2024-10-02,10:59:37,2.6463,25.88,24.75,3175,15044699.0,3.196386669099883e-05
2024-10-02,10:59:37,2.6509,25.88,24.75,3175,15044699.0,3.196386669099883e-05
2024-10-02,10:59:37,2.6555,25.88,24.75,3175,15044699.0,3.196386669099883e-05
2024-10-02,10:59:37,2.6601,25.88,24.75,3175,15044699.0,3.196386669099883e-05
2024-10-02,10:59:37,2.6647,25.88,24.75,3175,15044699.0,3.196386669099883e-05
2024-10-02,10:59:37,2.6693,25.88,24.75,3175,15044699.0,3.196386669099883e-05
2024-10-02,10:59:38,2.6739,25.88,24.75,3175,15044699.0,3.196386669099883e-05
2024-10-02,10:59:38,2.6784,25.88,24.75,3175,15044699.0,3.196386669099883e-05
2024-10-02,10:59:38,2.683,25.88,24.75,3175,15044699.0,3.196386669099883e-05
2024-10-02,10:59:38,2.6876,25.88,24.75,3175,15044699.0,3.196386669099883e-05
2024-10-02,10:59:38,2.6922,25.88,24.75,3175,15044699.0,3.196386669099883e-05
2024-10-02,10:59:38,2.6967,25.88,24.75,3175,15044699.0,3.196386669099883e-05
2024-10-02,10:59:38,2.7014,25.88,24.75,3175,15044699.0,3.196386669099883e-05
2024-10-02,10:59:38,2.706,25.88,24.75,3176,15044699.0,3.191278364863791e-05
2024-10-02,10:59:38,2.7105,25.88,24.75,3176,15044699.0,3.191278364863791e-05
2024-10-02,10:59:38,2.7152,25.88,24.75,3175,15044699.0,3.196386669099883e-05
2024-10-02,10:59:38,2.7198,25.88,24.75,3174,15044699.0,3.201503150238514e-05
2024-10-02,10:59:38,2.7243,25.88,24.75,3175,15044699.0,3.196386669099883e-05
2024-10-02,10:59:38,2.7289,25.88,24.75,3175,15044699.0,3.196386669099883e-05
2024-10-02,10:59:38,2.7335,25.88,24.75,3175,15044699.0,3.196386669099883e-05
2024-10-02,10:59:38,2.7381,25.88,24.75,3175,15044699.0,3.196386669099883e-05
2024-10-02,10:59:38,2.7427,25.88,24.75,3174,15044699.0,3.201503150238514e-05
2024-10-02,10:59:38,2.7473,25.88,24.75,3174,15044699.0,3.201503150238514e-05
2024-10-02,10:59:38,2.7519,25.88,24.75,3174,15044699.0,3.201503150238514e-05
2024-10-02,10:59:38,2.7564,25.88,24.75,3174,15044699.0,3.201503150238514e-05
2024-10-02,10:59:38,2.761,25.88,24.75,3174,15044699.0,3.201503150238514e-05
2024-10-02,10:59:38,2.7656,25.88,24.75,3175,15044699.0,3.196386669099883e-05
2024-10-02,10:59:38,2.7702,25.88,24.75,3175,15044699.0,3.196386669099883e-05
2024-10-02,10:59:38,2.7748,25.88,24.75,3175,15044699.0,3.196386669099883e-05
2024-10-02,10:59:38,2.7794,25.88,24.75,3175,15044699.0,3.196386669099883e-05
2024-10-02,10:59:38,2.784,25.88,24.75,3174,15044699.0,3.201503150238514e-05
2024-10-02,10:59:38,2.7885,25.88,24.75,3174,15044699.0,3.201503150238514e-05
2024-10-02,10:59:38,2.7931,25.88,24.75,3174,15044699.0,3.201503150238514e-05
2024-10-02,10:59:38,2.7977,25.88,24.75,3174,15044699.0,3.201503150238514e-05
2024-10-02,10:59:38,2.8023,25.88,24.75,3175,15044699.0,3.196386669099883e-05
2024-10-02,10:59:38,2.8069,25.88,24.75,3175,15044698.0,3.196386669099883e-05
2024-10-02,10:59:38,2.8115,25.88,24.75,3174,15044698.0,3.201503150238514e-05
2024-10-02,10:59:38,2.8161,25.88,24.75,3174,15044699.0,3.201503150238514e-05
2024-10-02,10:59:38,2.8206,25.88,24.75,3175,15044699.0,3.196386669099883e-05
2024-10-02,10:59:38,2.8252,25.88,24.75,3175,15044699.0,3.196386669099883e-05
2024-10-02,10:59:38,2.8298,25.88,24.75,3175,15044698.0,3.196386669099883e-05
2024-10-02,10:59:38,2.8345,25.88,24.75,3175,15044699.0,3.196386669099883e-05
2024-10-02,10:59:38,2.8391,25.88,24.75,3174,15044699.0,3.201503150238514e-05
2024-10-02,10:59:38,2.8436,25.88,24.75,3174,15044698.0,3.201503150238514e-05
2024-10-02,10:59:38,2.8481,25.88,24.75,3175,15044698.0,3.196386669099883e-05
2024-10-02,10:59:38,2.8528,25.88,24.75,3175,15044698.0,3.196386669099883e-05
2024-10-02,10:59:38,2.8574,25.88,24.75,3175,15044698.0,3.196386669099883e-05
2024-10-02,10:59:38,2.8619,25.88,24.75,3175,15044699.0,3.196386669099883e-05
2024-10-02,10:59:38,2.8665,25.88,24.75,3174,15044699.0,3.201503150238514e-05
2024-10-02,10:59:38,2.8711,25.88,24.75,3174,15044699.0,3.201503150238514e-05
2024-10-02,10:59:38,2.8757,25.88,24.75,3175,15044699.0,3.196386669099883e-05
2024-10-02,10:59:38,2.8803,25.88,24.75,3175,15044699.0,3.196386669099883e-05
2024-10-02,10:59:38,2.8848,25.88,24.75,3174,15044699.0,3.201503150238514e-05
2024-10-02,10:59:38,2.8894,25.88,24.75,3174,15044698.0,3.201503150238514e-05
2024-10-02,10:59:38,2.894,25.88,24.75,3175,15044698.0,3.196386669099883e-05
2024-10-02,10:59:38,2.8986,25.88,24.75,3175,15044698.0,3.196386669099883e-05
2024-10-02,10:59:38,2.9032,25.88,24.75,3175,15044698.0,3.196386669099883e-05
2024-10-02,10:59:38,2.9077,25.88,24.75,3176,15044698.0,3.191278364863791e-05
2024-10-02,10:59:38,2.9123,25.88,24.75,3175,15044699.0,3.196386669099883e-05
2024-10-02,10:59:38,2.9169,25.88,24.75,3174,15044698.0,3.201503150238514e-05
2024-10-02,10:59:38,2.9215,25.88,24.75,3175,15044698.0,3.196386669099883e-05
2024-10-02,10:59:38,2.926,25.88,24.75,3175,15044699.0,3.196386669099883e-05
2024-10-02,10:59:38,2.9306,25.88,24.75,3175,15044699.0,3.196386669099883e-05
2024-10-02,10:59:38,2.9352,25.88,24.75,3175,15044699.0,3.196386669099883e-05
2024-10-02,10:59:38,2.9398,25.88,24.75,3174,15044699.0,3.201503150238514e-05
2024-10-02,10:59:38,2.9443,25.88,24.75,3174,15044699.0,3.201503150238514e-05
2024-10-02,10:59:38,2.9489,25.88,24.75,3174,15044699.0,3.201503150238514e-05
2024-10-02,10:59:38,2.9535,25.88,24.75,3174,15044698.0,3.201503150238514e-05
2024-10-02,10:59:38,2.958,25.88,24.75,3175,15044698.0,3.196386669099883e-05
2024-10-02,10:59:38,2.9626,25.88,24.75,3175,15044699.0,3.196386669099883e-05
2024-10-02,10:59:38,2.9672,25.94,24.75,3174,15044699.0,3.201503150238514e-05
2024-10-02,10:59:38,2.9717,25.94,24.75,3175,15044699.0,3.196386669099883e-05
2024-10-02,10:59:38,2.9763,25.94,24.75,3175,15044699.0,3.196386669099883e-05
2024-10-02,10:59:38,2.9809,25.94,24.75,3174,15044699.0,3.201503150238514e-05
2024-10-02,10:59:38,2.9854,25.94,24.75,3175,15044698.0,3.196386669099883e-05
2024-10-02,10:59:38,2.99,25.94,24.75,3175,15044698.0,3.196386669099883e-05
2024-10-02,10:59:38,2.9946,25.94,24.75,3175,15044698.0,3.196386669099883e-05
2024-10-02,10:59:38,2.9992,25.94,24.75,3175,15044698.0,3.196386669099883e-05
2024-10-02,10:59:38,3.0038,25.94,24.75,3175,15044698.0,3.196386669099883e-05
2024-10-02,10:59:38,3.0083,25.94,24.75,3175,15044698.0,3.196386669099883e-05
2024-10-02,10:59:38,3.0129,25.94,24.75,3174,15044699.0,3.201503150238514e-05
2024-10-02,10:59:38,3.0174,25.94,24.75,3174,15044699.0,3.201503150238514e-05
2024-10-02,10:59:38,3.022,25.94,24.75,3174,15044698.0,3.201503150238514e-05
2024-10-02,10:59:38,3.0266,25.94,24.75,3174,15044698.0,3.201503150238514e-05
2024-10-02,10:59:38,3.0312,25.94,24.75,3174,15044699.0,3.201503150238514e-05
2024-10-02,10:59:38,3.0358,25.94,24.75,3174,15044699.0,3.201503150238514e-05
2024-10-02,10:59:38,3.0403,25.94,24.75,3175,15044698.0,3.196386669099883e-05
2024-10-02,10:59:38,3.0449,25.94,24.75,3175,15044699.0,3.196386669099883e-05
2024-10-02,10:59:38,3.0495,25.94,24.75,3174,15044699.0,3.201503150238514e-05
2024-10-02,10:59:38,3.054,25.94,24.75,3174,15044699.0,3.201503150238514e-05
2024-10-02,10:59:38,3.0586,25.94,24.75,3174,15044699.0,3.201503150238514e-05
2024-10-02,10:59:38,3.0632,25.94,24.75,3174,15044699.0,3.201503150238514e-05
2024-10-02,10:59:38,3.0724,25.94,24.75,3175,15044698.0,3.196386669099883e-05
2024-10-02,10:59:38,3.0769,25.94,24.75,3175,15044698.0,3.196386669099883e-05
2024-10-02,10:59:38,3.0815,25.94,24.75,3175,15044698.0,3.196386669099883e-05
2024-10-02,10:59:38,3.0861,25.94,24.75,3174,15044698.0,3.201503150238514e-05
2024-10-02,10:59:38,3.0907,25.94,24.75,3175,15044699.0,3.196386669099883e-05
2024-10-02,10:59:38,3.0953,25.94,24.75,3176,15044699.0,3.191278364863791e-05
2024-10-02,10:59:38,3.0999,25.94,24.75,3175,15044698.0,3.196386669099883e-05
2024-10-02,10:59:38,3.1045,25.94,24.75,3175,15044698.0,3.196386669099883e-05
2024-10-02,10:59:38,3.1091,25.94,24.75,3175,15044698.0,3.196386669099883e-05
2024-10-02,10:59:38,3.1136,25.94,24.75,3174,15044698.0,3.201503150238514e-05
2024-10-02,10:59:38,3.1182,25.94,24.75,3174,15044699.0,3.201503150238514e-05
2024-10-02,10:59:38,3.1228,25.94,24.75,3174,15044699.0,3.201503150238514e-05
2024-10-02,10:59:38,3.1274,25.94,24.75,3174,15044698.0,3.201503150238514e-05
2024-10-02,10:59:38,3.1321,25.94,24.75,3174,15044699.0,3.201503150238514e-05
2024-10-02,10:59:38,3.1366,25.94,24.75,3174,15044698.0,3.201503150238514e-05
2024-10-02,10:59:38,3.1411,25.94,24.75,3174,15044699.0,3.201503150238514e-05
2024-10-02,10:59:38,3.1457,25.94,24.75,3174,15044699.0,3.201503150238514e-05
2024-10-02,10:59:38,3.1504,25.94,24.75,3174,15044698.0,3.201503150238514e-05
2024-10-02,10:59:38,3.155,25.94,24.75,3174,15044699.0,3.201503150238514e-05
2024-10-02,10:59:38,3.1596,25.94,24.75,3174,15044699.0,3.201503150238514e-05
2024-10-02,10:59:38,3.1642,25.94,24.75,3174,15044699.0,3.201503150238514e-05
2024-10-02,10:59:38,3.1687,25.94,24.75,3175,15044698.0,3.196386669099883e-05
2024-10-02,10:59:38,3.1733,25.94,24.75,3175,15044698.0,3.196386669099883e-05
2024-10-02,10:59:38,3.1779,25.94,24.75,3174,15044699.0,3.201503150238514e-05
2024-10-02,10:59:38,3.1825,25.94,24.75,3175,15044699.0,3.196386669099883e-05
2024-10-02,10:59:38,3.1871,25.94,24.75,3175,15044699.0,3.196386669099883e-05
2024-10-02,10:59:38,3.1916,25.94,24.75,3174,15044698.0,3.201503150238514e-05
2024-10-02,10:59:38,3.1962,25.94,24.75,3175,15044698.0,3.196386669099883e-05
2024-10-02,10:59:38,3.2008,25.94,24.75,3175,15044698.0,3.196386669099883e-05
2024-10-02,10:59:38,3.2054,25.94,24.75,3175,15044698.0,3.196386669099883e-05
2024-10-02,10:59:38,3.21,25.94,24.75,3176,15044699.0,3.191278364863791e-05
2024-10-02,10:59:38,3.2146,25.94,24.75,3176,15044699.0,3.191278364863791e-05
2024-10-02,10:59:38,3.2192,25.94,24.75,3175,15044698.0,3.196386669099883e-05
2024-10-02,10:59:38,3.2238,25.94,24.75,3175,15044698.0,3.196386669099883e-05
2024-10-02,10:59:38,3.2283,25.94,24.75,3176,15044699.0,3.191278364863791e-05
2024-10-02,10:59:38,3.2329,25.94,24.75,3175,15044699.0,3.196386669099883e-05
2024-10-02,10:59:38,3.2375,25.94,24.75,3174,15044699.0,3.201503150238514e-05
2024-10-02,10:59:38,3.2421,25.94,24.75,3175,15044698.0,3.196386669099883e-05
2024-10-02,10:59:38,3.2467,25.94,24.75,3175,15044699.0,3.196386669099883e-05
2024-10-02,10:59:38,3.2512,25.94,24.75,3175,15044699.0,3.196386669099883e-05
2024-10-02,10:59:38,3.2558,25.94,24.75,3175,15044699.0,3.196386669099883e-05
2024-10-02,10:59:38,3.2604,25.94,24.75,3174,15044699.0,3.201503150238514e-05
2024-10-02,10:59:38,3.265,25.94,24.75,3175,15044699.0,3.196386669099883e-05
2024-10-02,10:59:38,3.2697,25.94,24.75,3175,15044699.0,3.196386669099883e-05
2024-10-02,10:59:38,3.2743,25.94,24.75,3174,15044699.0,3.201503150238514e-05
2024-10-02,10:59:38,3.2789,25.94,24.75,3175,15044698.0,3.196386669099883e-05
2024-10-02,10:59:38,3.2834,25.94,24.75,3175,15044698.0,3.196386669099883e-05
2024-10-02,10:59:38,3.288,25.94,24.75,3175,15044698.0,3.196386669099883e-05
2024-10-02,10:59:38,3.2926,25.94,24.75,3175,15044699.0,3.196386669099883e-05
2024-10-02,10:59:38,3.2972,25.94,24.75,3174,15044699.0,3.201503150238514e-05
2024-10-02,10:59:38,3.3018,25.94,24.75,3174,15044699.0,3.201503150238514e-05
2024-10-02,10:59:38,3.3064,25.94,24.75,3175,15044699.0,3.196386669099883e-05
2024-10-02,10:59:38,3.3109,25.94,24.75,3175,15044699.0,3.196386669099883e-05
2024-10-02,10:59:38,3.3155,25.94,24.75,3174,15044699.0,3.201503150238514e-05
2024-10-02,10:59:38,3.3201,25.94,24.75,3175,15044699.0,3.196386669099883e-05
2024-10-02,10:59:38,3.3247,25.94,24.75,3176,15044699.0,3.191278364863791e-05
2024-10-02,10:59:38,3.3293,25.94,24.75,3175,15044699.0,3.196386669099883e-05
2024-10-02,10:59:38,3.3338,25.94,24.75,3175,15044699.0,3.196386669099883e-05
2024-10-02,10:59:38,3.3384,25.94,24.75,3176,15044699.0,3.191278364863791e-05
2024-10-02,10:59:38,3.343,25.94,24.75,3176,15044699.0,3.191278364863791e-05
2024-10-02,10:59:38,3.3476,25.94,24.75,3175,15044699.0,3.196386669099883e-05
2024-10-02,10:59:38,3.3521,25.94,24.75,3175,15044698.0,3.196386669099883e-05
2024-10-02,10:59:38,3.3567,25.94,24.75,3176,15044699.0,3.191278364863791e-05
2024-10-02,10:59:38,3.3613,25.94,24.75,3176,15044699.0,3.191278364863791e-05
2024-10-02,10:59:38,3.3659,25.94,24.75,3176,15044699.0,3.191278364863791e-05
2024-10-02,10:59:38,3.3705,25.94,24.75,3175,15044699.0,3.196386669099883e-05
2024-10-02,10:59:38,3.3751,25.94,24.75,3174,15044699.0,3.201503150238514e-05
2024-10-02,10:59:38,3.3797,25.94,24.75,3175,15044699.0,3.196386669099883e-05
2024-10-02,10:59:38,3.3843,25.94,24.75,3175,15044699.0,3.196386669099883e-05
2024-10-02,10:59:38,3.3889,25.94,24.75,3175,15044698.0,3.196386669099883e-05
2024-10-02,10:59:38,3.3934,25.94,24.75,3175,15044698.0,3.196386669099883e-05
2024-10-02,10:59:38,3.398,25.94,24.75,3175,15044699.0,3.196386669099883e-05
2024-10-02,10:59:38,3.4026,25.94,24.75,3175,15044699.0,3.196386669099883e-05
2024-10-02,10:59:38,3.4072,25.94,24.75,3175,15044699.0,3.196386669099883e-05
2024-10-02,10:59:38,3.4117,25.94,24.75,3175,15044699.0,3.196386669099883e-05
2024-10-02,10:59:38,3.4164,25.94,24.75,3174,15044699.0,3.201503150238514e-05
2024-10-02,10:59:38,3.421,25.94,24.75,3175,15044699.0,3.196386669099883e-05
2024-10-02,10:59:38,3.4256,25.94,24.75,3176,15044699.0,3.191278364863791e-05
2024-10-02,10:59:38,3.4302,25.94,24.75,3175,15044699.0,3.196386669099883e-05
2024-10-02,10:59:38,3.4347,25.94,24.75,3174,15044699.0,3.201503150238514e-05
2024-10-02,10:59:38,3.4393,25.94,24.75,3174,15044699.0,3.201503150238514e-05
2024-10-02,10:59:38,3.4439,25.94,24.75,3175,15044699.0,3.196386669099883e-05
2024-10-02,10:59:38,3.4485,25.94,24.75,3176,15044699.0,3.191278364863791e-05
2024-10-02,10:59:38,3.4531,25.94,24.75,3176,15044698.0,3.191278364863791e-05
2024-10-02,10:59:38,3.4577,25.94,24.75,3176,15044698.0,3.191278364863791e-05
2024-10-02,10:59:38,3.4622,25.94,24.75,3176,15044699.0,3.191278364863791e-05
2024-10-02,10:59:38,3.4668,25.94,24.75,3176,15044699.0,3.191278364863791e-05
2024-10-02,10:59:38,3.4714,25.88,24.75,3176,15044699.0,3.191278364863791e-05
2024-10-02,10:59:38,3.476,25.88,24.75,3176,15044699.0,3.191278364863791e-05
2024-10-02,10:59:38,3.4806,25.88,24.75,3176,15044699.0,3.191278364863791e-05
2024-10-02,10:59:38,3.4852,25.88,24.75,3176,15044699.0,3.191278364863791e-05
2024-10-02,10:59:38,3.4898,25.88,24.75,3176,15044699.0,3.191278364863791e-05
2024-10-02,10:59:38,3.4944,25.88,24.75,3175,15044699.0,3.196386669099883e-05
2024-10-02,10:59:38,3.4989,25.88,24.75,3175,15044699.0,3.196386669099883e-05
2024-10-02,10:59:38,3.5035,25.88,24.75,3176,15044699.0,3.191278364863791e-05
2024-10-02,10:59:38,3.5081,25.88,24.75,3176,15044699.0,3.191278364863791e-05
2024-10-02,10:59:38,3.5127,25.88,24.75,3175,15044698.0,3.196386669099883e-05
2024-10-02,10:59:38,3.5173,25.88,24.75,3175,15044698.0,3.196386669099883e-05
2024-10-02,10:59:38,3.5219,25.88,24.75,3176,15044699.0,3.191278364863791e-05
2024-10-02,10:59:38,3.5265,25.88,24.75,3176,15044699.0,3.191278364863791e-05
2024-10-02,10:59:38,3.5311,25.88,24.75,3176,15044699.0,3.191278364863791e-05
2024-10-02,10:59:38,3.5356,25.88,24.75,3176,15044699.0,3.191278364863791e-05
2024-10-02,10:59:38,3.5402,25.88,24.75,3176,15044699.0,3.191278364863791e-05
2024-10-02,10:59:38,3.5449,25.88,24.75,3176,15044699.0,3.191278364863791e-05
2024-10-02,10:59:38,3.5494,25.88,24.75,3176,15044699.0,3.191278364863791e-05
2024-10-02,10:59:38,3.5539,25.88,24.75,3176,15044699.0,3.191278364863791e-05
2024-10-02,10:59:38,3.5585,25.88,24.75,3176,15044699.0,3.191278364863791e-05
2024-10-02,10:59:38,3.5632,25.88,24.75,3176,15044699.0,3.191278364863791e-05
2024-10-02,10:59:38,3.5678,25.88,24.75,3176,15044699.0,3.191278364863791e-05
2024-10-02,10:59:38,3.5724,25.88,24.75,3176,15044699.0,3.191278364863791e-05
2024-10-02,10:59:38,3.577,25.88,24.75,3176,15044699.0,3.191278364863791e-05
2024-10-02,10:59:38,3.5816,25.88,24.75,3176,15044699.0,3.191278364863791e-05
2024-10-02,10:59:38,3.5861,25.88,24.75,3176,15044699.0,3.191278364863791e-05
2024-10-02,10:59:38,3.5907,25.88,24.75,3176,15044699.0,3.191278364863791e-05
2024-10-02,10:59:38,3.5953,25.88,24.75,3176,15044699.0,3.191278364863791e-05
2024-10-02,10:59:38,3.5999,25.88,24.75,3176,15044699.0,3.191278364863791e-05
2024-10-02,10:59:38,3.6045,25.88,24.75,3176,15044699.0,3.191278364863791e-05
2024-10-02,10:59:38,3.6091,25.88,24.75,3176,15044699.0,3.191278364863791e-05
2024-10-02,10:59:38,3.6137,25.88,24.75,3175,15044699.0,3.196386669099883e-05
2024-10-02,10:59:38,3.6183,25.88,24.75,3175,15044699.0,3.196386669099883e-05
2024-10-02,10:59:38,3.6228,25.88,24.75,3175,15044699.0,3.196386669099883e-05
2024-10-02,10:59:38,3.6274,25.88,24.75,3175,15044699.0,3.196386669099883e-05
2024-10-02,10:59:38,3.632,25.88,24.75,3176,15044699.0,3.191278364863791e-05
2024-10-02,10:59:38,3.6366,25.88,24.75,3176,15044699.0,3.191278364863791e-05
2024-10-02,10:59:38,3.6412,25.88,24.75,3176,15044699.0,3.191278364863791e-05
2024-10-02,10:59:38,3.6457,25.88,24.75,3176,15044699.0,3.191278364863791e-05
2024-10-02,10:59:38,3.6503,25.88,24.75,3176,15044699.0,3.191278364863791e-05
2024-10-02,10:59:38,3.6549,25.88,24.75,3176,15044699.0,3.191278364863791e-05
2024-10-02,10:59:38,3.6595,25.88,24.75,3176,15044699.0,3.191278364863791e-05
2024-10-02,10:59:38,3.6641,25.88,24.75,3176,15044699.0,3.191278364863791e-05
2024-10-02,10:59:38,3.6688,25.88,24.75,3176,15044699.0,3.191278364863791e-05
2024-10-02,10:59:38,3.6733,25.88,24.75,3176,15044699.0,3.191278364863791e-05
2024-10-02,10:59:39,3.6778,25.88,24.75,3176,15044699.0,3.191278364863791e-05
2024-10-02,10:59:39,3.6825,25.88,24.75,3176,15044699.0,3.191278364863791e-05
2024-10-02,10:59:39,3.6871,25.88,24.75,3176,15044699.0,3.191278364863791e-05
2024-10-02,10:59:39,3.6917,25.88,24.75,3176,15044699.0,3.191278364863791e-05
2024-10-02,10:59:39,3.6963,25.88,24.75,3176,15044699.0,3.191278364863791e-05
2024-10-02,10:59:39,3.7009,25.88,24.75,3176,15044699.0,3.191278364863791e-05
2024-10-02,10:59:39,3.7054,25.88,24.75,3176,15044699.0,3.191278364863791e-05
2024-10-02,10:59:39,3.71,25.88,24.75,3176,15044699.0,3.191278364863791e-05
2024-10-02,10:59:39,3.7146,25.88,24.75,3176,15044699.0,3.191278364863791e-05
2024-10-02,10:59:39,3.7192,25.88,24.75,3176,15044699.0,3.191278364863791e-05
2024-10-02,10:59:39,3.7238,25.88,24.75,3176,15044699.0,3.191278364863791e-05
2024-10-02,10:59:39,3.7283,25.88,24.75,3176,15044699.0,3.191278364863791e-05
2024-10-02,10:59:39,3.7329,25.88,24.75,3176,15044699.0,3.191278364863791e-05
2024-10-02,10:59:39,3.7375,25.88,24.75,3176,15044699.0,3.191278364863791e-05
2024-10-02,10:59:39,3.7421,25.88,24.75,3176,15044699.0,3.191278364863791e-05
2024-10-02,10:59:39,3.7467,25.88,24.75,3176,15044699.0,3.191278364863791e-05
2024-10-02,10:59:39,3.7513,25.88,24.75,3176,15044699.0,3.191278364863791e-05
2024-10-02,10:59:39,3.7559,25.88,24.75,3176,15044700.0,3.191278364863791e-05
2024-10-02,10:59:39,3.7605,25.88,24.75,3176,15044700.0,3.191278364863791e-05
2024-10-02,10:59:39,3.7651,25.88,24.75,3176,15044700.0,3.191278364863791e-05
2024-10-02,10:59:39,3.7696,25.88,24.75,3176,15044699.0,3.191278364863791e-05
2024-10-02,10:59:39,3.7742,25.88,24.75,3176,15044699.0,3.191278364863791e-05
2024-10-02,10:59:39,3.7788,25.88,24.75,3176,15044699.0,3.191278364863791e-05
2024-10-02,10:59:39,3.7834,25.88,24.75,3176,15044699.0,3.191278364863791e-05
2024-10-02,10:59:39,3.788,25.88,24.75,3176,15044699.0,3.191278364863791e-05
2024-10-02,10:59:39,3.7925,25.88,24.75,3176,15044700.0,3.191278364863791e-05
2024-10-02,10:59:39,3.7971,25.88,24.75,3176,15044699.0,3.191278364863791e-05
2024-10-02,10:59:39,3.8017,25.88,24.75,3176,15044699.0,3.191278364863791e-05
2024-10-02,10:59:39,3.8064,25.88,24.75,3175,15044699.0,3.196386669099883e-05
2024-10-02,10:59:39,3.811,25.88,24.75,3175,15044699.0,3.196386669099883e-05
2024-10-02,10:59:39,3.8155,25.88,24.75,3175,15044699.0,3.196386669099883e-05
2024-10-02,10:59:39,3.8201,25.88,24.75,3174,15044699.0,3.201503150238514e-05
2024-10-02,10:59:39,3.8247,25.88,24.75,3175,15044700.0,3.196386669099883e-05
2024-10-02,10:59:39,3.8293,25.88,24.75,3175,15044700.0,3.196386669099883e-05
2024-10-02,10:59:39,3.8339,25.88,24.75,3174,15044699.0,3.201503150238514e-05
2024-10-02,10:59:39,3.8385,25.88,24.75,3175,15044699.0,3.196386669099883e-05
2024-10-02,10:59:39,3.8431,25.88,24.75,3175,15044699.0,3.196386669099883e-05
2024-10-02,10:59:39,3.8476,25.88,24.75,3175,15044699.0,3.196386669099883e-05
2024-10-02,10:59:39,3.8522,25.88,24.75,3175,15044699.0,3.196386669099883e-05
2024-10-02,10:59:39,3.8568,25.88,24.75,3175,15044699.0,3.196386669099883e-05
2024-10-02,10:59:39,3.8614,25.88,24.75,3176,15044699.0,3.191278364863791e-05
2024-10-02,10:59:39,3.8659,25.88,24.75,3175,15044700.0,3.196386669099883e-05
2024-10-02,10:59:39,3.8705,25.88,24.75,3174,15044700.0,3.201503150238514e-05
2024-10-02,10:59:39,3.8751,25.88,24.75,3175,15044699.0,3.196386669099883e-05
2024-10-02,10:59:39,3.8797,25.88,24.75,3175,15044699.0,3.196386669099883e-05
2024-10-02,10:59:39,3.8843,25.88,24.75,3175,15044699.0,3.196386669099883e-05
2024-10-02,10:59:39,3.8889,25.88,24.75,3176,15044699.0,3.191278364863791e-05
2024-10-02,10:59:39,3.8935,25.88,24.75,3176,15044700.0,3.191278364863791e-05
2024-10-02,10:59:39,3.898,25.88,24.75,3176,15044699.0,3.191278364863791e-05
2024-10-02,10:59:39,3.9026,25.88,24.75,3176,15044700.0,3.191278364863791e-05
2024-10-02,10:59:39,3.9072,25.88,24.75,3176,15044700.0,3.191278364863791e-05
2024-10-02,10:59:39,3.9118,25.88,24.75,3176,15044700.0,3.191278364863791e-05
2024-10-02,10:59:39,3.9164,25.88,24.75,3175,15044699.0,3.196386669099883e-05
2024-10-02,10:59:39,3.921,25.88,24.75,3175,15044699.0,3.196386669099883e-05
2024-10-02,10:59:39,3.9255,25.88,24.75,3176,15044700.0,3.191278364863791e-05
2024-10-02,10:59:39,3.9301,25.88,24.75,3176,15044700.0,3.191278364863791e-05
2024-10-02,10:59:39,3.9347,25.88,24.75,3177,15044700.0,3.186178224462326e-05
2024-10-02,10:59:39,3.9393,25.88,24.75,3177,15044700.0,3.186178224462326e-05
2024-10-02,10:59:39,3.944,25.88,24.75,3176,15044699.0,3.191278364863791e-05
2024-10-02,10:59:39,3.9486,25.88,24.75,3176,15044700.0,3.191278364863791e-05
2024-10-02,10:59:39,3.9531,25.88,24.75,3176,15044700.0,3.191278364863791e-05
2024-10-02,10:59:39,3.9577,25.88,24.75,3176,15044699.0,3.191278364863791e-05
2024-10-02,10:59:39,3.9623,25.88,24.75,3176,15044699.0,3.191278364863791e-05
2024-10-02,10:59:39,3.9669,25.88,24.75,3176,15044699.0,3.191278364863791e-05
2024-10-02,10:59:39,3.9715,25.88,24.75,3176,15044700.0,3.191278364863791e-05
2024-10-02,10:59:39,3.9761,25.88,24.75,3176,15044700.0,3.191278364863791e-05
2024-10-02,10:59:39,3.9807,25.88,24.75,3175,15044700.0,3.196386669099883e-05
2024-10-02,10:59:39,3.9852,25.88,24.75,3174,15044700.0,3.201503150238514e-05
2024-10-02,10:59:39,3.9898,25.88,24.75,3175,15044700.0,3.196386669099883e-05
2024-10-02,10:59:39,3.9944,25.88,24.75,3176,15044700.0,3.191278364863791e-05
2024-10-02,10:59:39,3.999,25.88,24.75,3176,15044700.0,3.191278364863791e-05
2024-10-02,10:59:39,4.0036,25.88,24.75,3176,15044700.0,3.191278364863791e-05
2024-10-02,10:59:39,4.0081,25.88,24.75,3176,15044699.0,3.191278364863791e-05
2024-10-02,10:59:39,4.0127,25.88,24.75,3176,15044699.0,3.191278364863791e-05
2024-10-02,10:59:39,4.0173,25.88,24.75,3176,15044700.0,3.191278364863791e-05
2024-10-02,10:59:39,4.0219,25.88,24.75,3176,15044700.0,3.191278364863791e-05
2024-10-02,10:59:39,4.0265,25.88,24.75,3175,15044699.0,3.196386669099883e-05
2024-10-02,10:59:39,4.0311,25.88,24.75,3175,15044699.0,3.196386669099883e-05
2024-10-02,10:59:39,4.0357,25.88,24.75,3175,15044699.0,3.196386669099883e-05
2024-10-02,10:59:39,4.0403,25.88,24.75,3174,15044700.0,3.201503150238514e-05
2024-10-02,10:59:39,4.0449,25.88,24.75,3175,15044700.0,3.196386669099883e-05
2024-10-02,10:59:39,4.0494,25.88,24.75,3175,15044700.0,3.196386669099883e-05
2024-10-02,10:59:39,4.054,25.88,24.75,3174,15044700.0,3.201503150238514e-05
2024-10-02,10:59:39,4.0586,25.88,24.75,3175,15044700.0,3.196386669099883e-05
2024-10-02,10:59:39,4.0633,25.88,24.75,3176,15044700.0,3.191278364863791e-05
2024-10-02,10:59:39,4.0679,25.88,24.75,3176,15044700.0,3.191278364863791e-05
2024-10-02,10:59:39,4.0724,25.88,24.75,3176,15044700.0,3.191278364863791e-05
2024-10-02,10:59:39,4.0769,25.88,24.75,3176,15044699.0,3.191278364863791e-05
2024-10-02,10:59:39,4.0816,25.88,24.75,3175,15044699.0,3.196386669099883e-05
2024-10-02,10:59:39,4.0861,25.88,24.75,3174,15044700.0,3.201503150238514e-05
2024-10-02,10:59:39,4.0906,25.88,24.75,3175,15044700.0,3.196386669099883e-05
2024-10-02,10:59:39,4.0953,25.88,24.75,3175,15044700.0,3.196386669099883e-05
2024-10-02,10:59:39,4.0998,25.88,24.75,3174,15044699.0,3.201503150238514e-05
2024-10-02,10:59:39,4.1043,25.88,24.75,3175,15044699.0,3.196386669099883e-05
2024-10-02,10:59:39,4.1089,25.88,24.75,3175,15044699.0,3.196386669099883e-05
2024-10-02,10:59:39,4.1135,25.88,24.75,3175,15044700.0,3.196386669099883e-05
2024-10-02,10:59:39,4.118,25.88,24.75,3175,15044699.0,3.196386669099883e-05
2024-10-02,10:59:39,4.1226,25.88,24.75,3175,15044700.0,3.196386669099883e-05
2024-10-02,10:59:39,4.1272,25.88,24.75,3176,15044700.0,3.191278364863791e-05
2024-10-02,10:59:39,4.1318,25.88,24.75,3176,15044700.0,3.191278364863791e-05
2024-10-02,10:59:39,4.1363,25.88,24.75,3175,15044699.0,3.196386669099883e-05
2024-10-02,10:59:39,4.1409,25.88,24.75,3175,15044699.0,3.196386669099883e-05
2024-10-02,10:59:39,4.1501,25.88,24.75,3176,15044700.0,3.191278364863791e-05
2024-10-02,10:59:39,4.1546,25.88,24.75,3176,15044700.0,3.191278364863791e-05
2024-10-02,10:59:39,4.1593,25.88,24.75,3176,15044700.0,3.191278364863791e-05
2024-10-02,10:59:39,4.1639,25.88,24.75,3176,15044699.0,3.191278364863791e-05
2024-10-02,10:59:39,4.1685,25.88,24.75,3176,15044699.0,3.191278364863791e-05
2024-10-02,10:59:39,4.1731,25.88,24.75,3176,15044699.0,3.191278364863791e-05
2024-10-02,10:59:39,4.1777,25.88,24.75,3176,15044699.0,3.191278364863791e-05
2024-10-02,10:59:39,4.1823,25.88,24.75,3176,15044699.0,3.191278364863791e-05
2024-10-02,10:59:39,4.1869,25.88,24.75,3176,15044699.0,3.191278364863791e-05
2024-10-02,10:59:39,4.1914,25.88,24.75,3175,15044699.0,3.196386669099883e-05
2024-10-02,10:59:39,4.196,25.88,24.75,3175,15044699.0,3.196386669099883e-05
2024-10-02,10:59:39,4.2006,25.88,24.75,3176,15044699.0,3.191278364863791e-05
2024-10-02,10:59:39,4.2052,25.88,24.75,3175,15044700.0,3.196386669099883e-05
2024-10-02,10:59:39,4.2098,25.88,24.75,3174,15044699.0,3.201503150238514e-05
2024-10-02,10:59:39,4.2144,25.88,24.75,3175,15044699.0,3.196386669099883e-05
2024-10-02,10:59:39,4.219,25.88,24.75,3176,15044699.0,3.191278364863791e-05
2024-10-02,10:59:39,4.2235,25.88,24.75,3176,15044700.0,3.191278364863791e-05
2024-10-02,10:59:39,4.2281,25.88,24.75,3176,15044699.0,3.191278364863791e-05
2024-10-02,10:59:39,4.2327,25.88,24.75,3176,15044700.0,3.191278364863791e-05
2024-10-02,10:59:39,4.2373,25.88,24.75,3176,15044700.0,3.191278364863791e-05
2024-10-02,10:59:39,4.2419,25.88,24.75,3176,15044699.0,3.191278364863791e-05
2024-10-02,10:59:39,4.2465,25.88,24.75,3175,15044699.0,3.196386669099883e-05
2024-10-02,10:59:39,4.2511,25.88,24.75,3175,15044699.0,3.196386669099883e-05
2024-10-02,10:59:39,4.2556,25.88,24.75,3176,15044699.0,3.191278364863791e-05
2024-10-02,10:59:39,4.2602,25.88,24.75,3176,15044699.0,3.191278364863791e-05
2024-10-02,10:59:39,4.2649,25.88,24.75,3176,15044699.0,3.191278364863791e-05
2024-10-02,10:59:39,4.2694,25.88,24.75,3176,15044699.0,3.191278364863791e-05
2024-10-02,10:59:39,4.2739,25.88,24.75,3175,15044699.0,3.196386669099883e-05
2024-10-02,10:59:39,4.2786,25.88,24.75,3175,15044699.0,3.196386669099883e-05
2024-10-02,10:59:39,4.2832,25.88,24.75,3176,15044700.0,3.191278364863791e-05
2024-10-02,10:59:39,4.2878,25.88,24.75,3176,15044699.0,3.191278364863791e-05
2024-10-02,10:59:39,4.2924,25.88,24.75,3176,15044699.0,3.191278364863791e-05
2024-10-02,10:59:39,4.297,25.88,24.75,3176,15044699.0,3.191278364863791e-05
2024-10-02,10:59:39,4.3016,25.88,24.75,3175,15044699.0,3.196386669099883e-05
2024-10-02,10:59:39,4.3061,25.88,24.75,3174,15044700.0,3.201503150238514e-05
2024-10-02,10:59:39,4.3107,25.88,24.75,3175,15044699.0,3.196386669099883e-05
2024-10-02,10:59:39,4.3153,25.88,24.75,3176,15044699.0,3.191278364863791e-05
2024-10-02,10:59:39,4.3199,25.88,24.75,3176,15044700.0,3.191278364863791e-05
2024-10-02,10:59:39,4.3245,25.88,24.75,3176,15044699.0,3.191278364863791e-05
2024-10-02,10:59:39,4.3291,25.88,24.75,3175,15044699.0,3.196386669099883e-05
2024-10-02,10:59:39,4.3337,25.88,24.75,3175,15044699.0,3.196386669099883e-05
2024-10-02,10:59:39,4.3383,25.88,24.75,3176,15044699.0,3.191278364863791e-05
2024-10-02,10:59:39,4.3428,25.88,24.75,3176,15044699.0,3.191278364863791e-05
2024-10-02,10:59:39,4.3474,25.88,24.75,3176,15044699.0,3.191278364863791e-05
2024-10-02,10:59:39,4.352,25.88,24.75,3176,15044699.0,3.191278364863791e-05
2024-10-02,10:59:39,4.3566,25.88,24.75,3176,15044699.0,3.191278364863791e-05
2024-10-02,10:59:39,4.3612,25.88,24.75,3176,15044699.0,3.191278364863791e-05
2024-10-02,10:59:39,4.3657,25.88,24.75,3176,15044700.0,3.191278364863791e-05
2024-10-02,10:59:39,4.3703,25.88,24.75,3176,15044699.0,3.191278364863791e-05
2024-10-02,10:59:39,4.3749,25.88,24.75,3177,15044700.0,3.186178224462326e-05
2024-10-02,10:59:39,4.3795,25.88,24.75,3177,15044700.0,3.186178224462326e-05
2024-10-02,10:59:39,4.3841,25.88,24.75,3176,15044699.0,3.191278364863791e-05
2024-10-02,10:59:39,4.3888,25.88,24.75,3176,15044699.0,3.191278364863791e-05
2024-10-02,10:59:39,4.3933,25.88,24.75,3176,15044699.0,3.191278364863791e-05
2024-10-02,10:59:39,4.3979,25.88,24.75,3176,15044699.0,3.191278364863791e-05
2024-10-02,10:59:39,4.4025,25.88,24.75,3176,15044699.0,3.191278364863791e-05
2024-10-02,10:59:39,4.4071,25.88,24.75,3176,15044699.0,3.191278364863791e-05
2024-10-02,10:59:39,4.4117,25.88,24.75,3176,15044699.0,3.191278364863791e-05
2024-10-02,10:59:39,4.4162,25.88,24.75,3176,15044699.0,3.191278364863791e-05
2024-10-02,10:59:39,4.4208,25.88,24.75,3176,15044699.0,3.191278364863791e-05
2024-10-02,10:59:39,4.4254,25.88,24.75,3176,15044699.0,3.191278364863791e-05
2024-10-02,10:59:39,4.43,25.88,24.75,3176,15044699.0,3.191278364863791e-05
2024-10-02,10:59:39,4.4346,25.88,24.75,3176,15044700.0,3.191278364863791e-05
2024-10-02,10:59:39,4.4392,25.88,24.75,3176,15044699.0,3.191278364863791e-05
2024-10-02,10:59:39,4.4438,25.88,24.75,3176,15044699.0,3.191278364863791e-05
2024-10-02,10:59:39,4.4484,25.88,24.75,3176,15044699.0,3.191278364863791e-05
2024-10-02,10:59:39,4.453,25.88,24.75,3176,15044699.0,3.191278364863791e-05
2024-10-02,10:59:39,4.4576,25.88,24.75,3176,15044699.0,3.191278364863791e-05
2024-10-02,10:59:39,4.4621,25.88,24.75,3176,15044699.0,3.191278364863791e-05
2024-10-02,10:59:39,4.4667,25.88,24.75,3176,15044699.0,3.191278364863791e-05
2024-10-02,10:59:39,4.4713,25.88,24.75,3176,15044699.0,3.191278364863791e-05
2024-10-02,10:59:39,4.4759,25.88,24.75,3176,15044699.0,3.191278364863791e-05
2024-10-02,10:59:39,4.4805,25.94,24.75,3176,15044699.0,3.191278364863791e-05
2024-10-02,10:59:39,4.485,25.94,24.75,3176,15044699.0,3.191278364863791e-05
2024-10-02,10:59:39,4.4896,25.94,24.75,3176,15044699.0,3.191278364863791e-05
2024-10-02,10:59:39,4.4942,25.94,24.75,3176,15044699.0,3.191278364863791e-05
2024-10-02,10:59:39,4.4988,25.94,24.75,3177,15044699.0,3.186178224462326e-05
2024-10-02,10:59:39,4.5034,25.94,24.75,3177,15044699.0,3.186178224462326e-05
2024-10-02,10:59:39,4.508,25.94,24.75,3176,15044699.0,3.191278364863791e-05
2024-10-02,10:59:39,4.5125,25.94,24.75,3176,15044699.0,3.191278364863791e-05
2024-10-02,10:59:39,4.5171,25.94,24.75,3176,15044699.0,3.191278364863791e-05
2024-10-02,10:59:39,4.5217,25.94,24.75,3176,15044699.0,3.191278364863791e-05
2024-10-02,10:59:39,4.5264,25.94,24.75,3176,15044699.0,3.191278364863791e-05
2024-10-02,10:59:39,4.531,25.94,24.75,3176,15044699.0,3.191278364863791e-05
2024-10-02,10:59:39,4.5355,25.94,24.75,3176,15044699.0,3.191278364863791e-05
2024-10-02,10:59:39,4.5401,25.94,24.75,3176,15044699.0,3.191278364863791e-05
2024-10-02,10:59:39,4.5447,25.94,24.75,3176,15044699.0,3.191278364863791e-05
2024-10-02,10:59:39,4.5493,25.94,24.75,3176,15044699.0,3.191278364863791e-05
2024-10-02,10:59:39,4.5539,25.94,24.75,3176,15044699.0,3.191278364863791e-05
2024-10-02,10:59:39,4.5584,25.94,24.75,3176,15044699.0,3.191278364863791e-05
2024-10-02,10:59:39,4.563,25.94,24.75,3176,15044699.0,3.191278364863791e-05
2024-10-02,10:59:39,4.5676,25.94,24.75,3176,15044699.0,3.191278364863791e-05
2024-10-02,10:59:39,4.5722,25.94,24.75,3176,15044699.0,3.191278364863791e-05
2024-10-02,10:59:39,4.5768,25.94,24.75,3176,15044699.0,3.191278364863791e-05
2024-10-02,10:59:39,4.5814,25.94,24.75,3176,15044699.0,3.191278364863791e-05
2024-10-02,10:59:39,4.586,25.94,24.75,3176,15044699.0,3.191278364863791e-05
2024-10-02,10:59:39,4.5906,25.94,24.75,3176,15044699.0,3.191278364863791e-05
2024-10-02,10:59:39,4.5952,25.94,24.75,3176,15044699.0,3.191278364863791e-05
2024-10-02,10:59:39,4.5998,25.94,24.75,3176,15044698.0,3.191278364863791e-05
2024-10-02,10:59:39,4.6043,25.94,24.75,3176,15044699.0,3.191278364863791e-05
2024-10-02,10:59:39,4.6089,25.94,24.75,3176,15044699.0,3.191278364863791e-05
2024-10-02,10:59:39,4.6135,25.94,24.75,3176,15044699.0,3.191278364863791e-05
2024-10-02,10:59:39,4.6181,25.94,24.75,3176,15044699.0,3.191278364863791e-05
2024-10-02,10:59:39,4.6227,25.94,24.75,3176,15044699.0,3.191278364863791e-05
2024-10-02,10:59:39,4.6272,25.94,24.75,3176,15044699.0,3.191278364863791e-05
2024-10-02,10:59:39,4.6318,25.94,24.75,3176,15044699.0,3.191278364863791e-05
2024-10-02,10:59:39,4.6363,25.94,24.75,3176,15044699.0,3.191278364863791e-05
2024-10-02,10:59:39,4.6409,25.94,24.75,3176,15044699.0,3.191278364863791e-05
2024-10-02,10:59:39,4.6456,25.94,24.75,3176,15044699.0,3.191278364863791e-05
2024-10-02,10:59:39,4.6502,25.94,24.75,3176,15044699.0,3.191278364863791e-05
2024-10-02,10:59:39,4.6547,25.94,24.75,3177,15044699.0,3.186178224462326e-05
2024-10-02,10:59:39,4.6593,25.94,24.75,3177,15044699.0,3.186178224462326e-05
2024-10-02,10:59:39,4.664,25.94,24.75,3177,15044699.0,3.186178224462326e-05
2024-10-02,10:59:39,4.6686,25.94,24.75,3177,15044699.0,3.186178224462326e-05
2024-10-02,10:59:39,4.6731,25.94,24.75,3176,15044699.0,3.191278364863791e-05
2024-10-02,10:59:40,4.6777,25.94,24.75,3176,15044699.0,3.191278364863791e-05
2024-10-02,10:59:40,4.6824,25.94,24.75,3176,15044699.0,3.191278364863791e-05
2024-10-02,10:59:40,4.6869,25.94,24.75,3176,15044699.0,3.191278364863791e-05
2024-10-02,10:59:40,4.6915,25.94,24.75,3176,15044699.0,3.191278364863791e-05
2024-10-02,10:59:40,4.6961,25.94,24.75,3176,15044699.0,3.191278364863791e-05
2024-10-02,10:59:40,4.7006,25.94,24.75,3177,15044699.0,3.186178224462326e-05
2024-10-02,10:59:40,4.7052,25.94,24.75,3177,15044699.0,3.186178224462326e-05
2024-10-02,10:59:40,4.7098,25.94,24.75,3176,15044699.0,3.191278364863791e-05
2024-10-02,10:59:40,4.7144,25.94,24.75,3176,15044699.0,3.191278364863791e-05
2024-10-02,10:59:40,4.719,25.94,24.75,3176,15044699.0,3.191278364863791e-05
2024-10-02,10:59:40,4.7236,25.94,24.75,3176,15044699.0,3.191278364863791e-05
2024-10-02,10:59:40,4.7281,25.94,24.75,3176,15044699.0,3.191278364863791e-05
2024-10-02,10:59:40,4.7327,25.94,24.75,3176,15044699.0,3.191278364863791e-05
2024-10-02,10:59:40,4.7373,25.94,24.75,3177,15044699.0,3.186178224462326e-05
2024-10-02,10:59:40,4.7419,25.94,24.75,3177,15044699.0,3.186178224462326e-05
2024-10-02,10:59:40,4.7465,25.94,24.75,3176,15044699.0,3.191278364863791e-05
2024-10-02,10:59:40,4.7511,25.94,24.75,3176,15044699.0,3.191278364863791e-05
2024-10-02,10:59:40,4.7557,25.94,24.75,3177,15044699.0,3.186178224462326e-05
2024-10-02,10:59:40,4.7603,25.94,24.75,3177,15044699.0,3.186178224462326e-05
2024-10-02,10:59:40,4.7649,25.94,24.75,3176,15044699.0,3.191278364863791e-05
2024-10-02,10:59:40,4.7694,25.94,24.75,3176,15044699.0,3.191278364863791e-05
2024-10-02,10:59:40,4.774,25.94,24.75,3176,15044699.0,3.191278364863791e-05
2024-10-02,10:59:40,4.7786,25.94,24.75,3176,15044699.0,3.191278364863791e-05
2024-10-02,10:59:40,4.7833,25.94,24.75,3176,15044699.0,3.191278364863791e-05
2024-10-02,10:59:40,4.7878,25.94,24.75,3176,15044699.0,3.191278364863791e-05
2024-10-02,10:59:40,4.7924,25.94,24.75,3176,15044699.0,3.191278364863791e-05
2024-10-02,10:59:40,4.797,25.94,24.75,3176,15044699.0,3.191278364863791e-05
2024-10-02,10:59:40,4.8016,25.94,24.75,3176,15044699.0,3.191278364863791e-05
2024-10-02,10:59:40,4.8062,25.94,24.75,3176,15044699.0,3.191278364863791e-05
2024-10-02,10:59:40,4.8108,25.94,24.75,3176,15044699.0,3.191278364863791e-05
2024-10-02,10:59:40,4.8153,25.94,24.75,3177,15044699.0,3.186178224462326e-05
2024-10-02,10:59:40,4.8199,25.94,24.75,3177,15044699.0,3.186178224462326e-05
2024-10-02,10:59:40,4.8245,25.94,24.75,3176,15044699.0,3.191278364863791e-05
2024-10-02,10:59:40,4.8291,25.94,24.75,3176,15044699.0,3.191278364863791e-05
2024-10-02,10:59:40,4.8336,25.94,24.75,3176,15044699.0,3.191278364863791e-05
2024-10-02,10:59:40,4.8382,25.94,24.75,3176,15044699.0,3.191278364863791e-05
2024-10-02,10:59:40,4.8428,25.94,24.75,3176,15044699.0,3.191278364863791e-05
2024-10-02,10:59:40,4.8474,25.94,24.75,3176,15044699.0,3.191278364863791e-05
2024-10-02,10:59:40,4.852,25.94,24.75,3176,15044699.0,3.191278364863791e-05
2024-10-02,10:59:40,4.8566,25.94,24.75,3176,15044699.0,3.191278364863791e-05
2024-10-02,10:59:40,4.8612,25.94,24.75,3176,15044699.0,3.191278364863791e-05
2024-10-02,10:59:40,4.8658,25.94,24.75,3176,15044699.0,3.191278364863791e-05
2024-10-02,10:59:40,4.8704,25.94,24.75,3176,15044699.0,3.191278364863791e-05
2024-10-02,10:59:40,4.8749,25.94,24.75,3176,15044699.0,3.191278364863791e-05
2024-10-02,10:59:40,4.8795,25.94,24.75,3176,15044699.0,3.191278364863791e-05
2024-10-02,10:59:40,4.8841,25.94,24.75,3177,15044699.0,3.186178224462326e-05
2024-10-02,10:59:40,4.8887,25.94,24.75,3177,15044699.0,3.186178224462326e-05
2024-10-02,10:59:40,4.8933,25.94,24.75,3176,15044699.0,3.191278364863791e-05
2024-10-02,10:59:40,4.8979,25.94,24.75,3176,15044699.0,3.191278364863791e-05
2024-10-02,10:59:40,4.9024,25.94,24.75,3176,15044699.0,3.191278364863791e-05
2024-10-02,10:59:40,4.907,25.94,24.75,3176,15044699.0,3.191278364863791e-05
2024-10-02,10:59:40,4.9116,25.94,24.75,3176,15044699.0,3.191278364863791e-05
2024-10-02,10:59:40,4.9162,25.94,24.75,3176,15044699.0,3.191278364863791e-05
2024-10-02,10:59:40,4.9209,25.94,24.75,3176,15044699.0,3.191278364863791e-05
2024-10-02,10:59:40,4.9254,25.94,24.75,3176,15044699.0,3.191278364863791e-05
2024-10-02,10:59:40,4.9299,25.94,24.75,3176,15044699.0,3.191278364863791e-05
2024-10-02,10:59:40,4.9345,25.94,24.75,3176,15044699.0,3.191278364863791e-05
2024-10-02,10:59:40,4.9392,25.94,24.75,3176,15044699.0,3.191278364863791e-05
2024-10-02,10:59:40,4.9437,25.94,24.75,3176,15044699.0,3.191278364863791e-05
2024-10-02,10:59:40,4.9483,25.94,24.75,3176,15044699.0,3.191278364863791e-05
2024-10-02,10:59:40,4.9529,25.94,24.75,3176,15044699.0,3.191278364863791e-05
2024-10-02,10:59:40,4.9575,25.94,24.75,3176,15044699.0,3.191278364863791e-05
2024-10-02,10:59:40,4.9621,25.94,24.75,3176,15044699.0,3.191278364863791e-05
2024-10-02,10:59:40,4.9666,25.94,24.75,3176,15044699.0,3.191278364863791e-05
2024-10-02,10:59:40,4.9712,25.94,24.75,3176,15044699.0,3.191278364863791e-05
2024-10-02,10:59:40,4.9758,25.94,24.75,3176,15044699.0,3.191278364863791e-05
2024-10-02,10:59:40,4.9804,25.94,24.75,3176,15044699.0,3.191278364863791e-05
2024-10-02,10:59:40,4.9849,25.94,24.75,3176,15044699.0,3.191278364863791e-05
2024-10-02,10:59:40,4.9895,25.94,24.75,3176,15044699.0,3.191278364863791e-05
2024-10-02,10:59:40,4.9942,25.94,24.75,3176,15044699.0,3.191278364863791e-05
2024-10-02,10:59:40,4.9988,25.94,24.75,3176,15044699.0,3.191278364863791e-05
2024-10-02,10:59:40,5.0034,25.94,24.75,3176,15044699.0,3.191278364863791e-05
2024-10-02,10:59:40,5.008,25.94,24.75,3176,15044699.0,3.191278364863791e-05
2024-10-02,10:59:40,5.0125,25.94,24.75,3176,15044699.0,3.191278364863791e-05
2024-10-02,10:59:40,5.0171,25.94,24.75,3176,15044700.0,3.191278364863791e-05
2024-10-02,10:59:40,5.0217,25.94,24.75,3176,15044700.0,3.191278364863791e-05
2024-10-02,10:59:40,5.0262,25.94,24.75,3176,15044700.0,3.191278364863791e-05
2024-10-02,10:59:40,5.0308,25.94,24.75,3176,15044699.0,3.191278364863791e-05
2024-10-02,10:59:40,5.0354,25.94,24.75,3176,15044699.0,3.191278364863791e-05
2024-10-02,10:59:40,5.04,25.94,24.75,3176,15044699.0,3.191278364863791e-05
2024-10-02,10:59:40,5.0446,25.94,24.75,3176,15044699.0,3.191278364863791e-05
2024-10-02,10:59:40,5.0492,25.94,24.75,3176,15044699.0,3.191278364863791e-05
2024-10-02,10:59:40,5.0538,25.94,24.75,3176,15044700.0,3.191278364863791e-05
2024-10-02,10:59:40,5.0584,25.94,24.75,3176,15044700.0,3.191278364863791e-05
2024-10-02,10:59:40,5.0629,25.94,24.75,3176,15044700.0,3.191278364863791e-05
2024-10-02,10:59:40,5.0675,25.94,24.75,3176,15044700.0,3.191278364863791e-05
2024-10-02,10:59:40,5.0721,25.94,24.75,3177,15044700.0,3.186178224462326e-05
2024-10-02,10:59:40,5.0766,25.94,24.75,3177,15044699.0,3.186178224462326e-05
2024-10-02,10:59:40,5.0812,25.94,24.75,3176,15044699.0,3.191278364863791e-05
2024-10-02,10:59:40,5.0858,25.94,24.75,3176,15044699.0,3.191278364863791e-05
2024-10-02,10:59:40,5.0905,25.94,24.75,3176,15044699.0,3.191278364863791e-05
2024-10-02,10:59:40,5.0951,25.94,24.75,3176,15044700.0,3.191278364863791e-05
2024-10-02,10:59:40,5.0997,25.94,24.75,3176,15044700.0,3.191278364863791e-05
2024-10-02,10:59:40,5.1042,25.94,24.75,3176,15044700.0,3.191278364863791e-05
2024-10-02,10:59:40,5.1088,25.94,24.75,3176,15044700.0,3.191278364863791e-05
2024-10-02,10:59:40,5.1134,25.94,24.75,3176,15044699.0,3.191278364863791e-05
2024-10-02,10:59:40,5.118,25.94,24.75,3176,15044700.0,3.191278364863791e-05
2024-10-02,10:59:40,5.1225,25.94,24.75,3176,15044700.0,3.191278364863791e-05
2024-10-02,10:59:40,5.1271,25.94,24.75,3176,15044699.0,3.191278364863791e-05
2024-10-02,10:59:40,5.1317,25.94,24.75,3176,15044699.0,3.191278364863791e-05
2024-10-02,10:59:40,5.1363,25.94,24.75,3176,15044700.0,3.191278364863791e-05
2024-10-02,10:59:40,5.1409,25.94,24.75,3176,15044700.0,3.191278364863791e-05
2024-10-02,10:59:40,5.1455,25.94,24.75,3177,15044700.0,3.186178224462326e-05
2024-10-02,10:59:40,5.1501,25.94,24.75,3178,15044700.0,3.181086234848457e-05
2024-10-02,10:59:40,5.1546,25.94,24.75,3177,15044700.0,3.186178224462326e-05
2024-10-02,10:59:40,5.1592,25.94,24.75,3176,15044700.0,3.191278364863791e-05
2024-10-02,10:59:40,5.1638,25.94,24.75,3176,15044699.0,3.191278364863791e-05
2024-10-02,10:59:40,5.1684,25.94,24.75,3176,15044699.0,3.191278364863791e-05
2024-10-02,10:59:40,5.173,25.94,24.75,3176,15044699.0,3.191278364863791e-05
2024-10-02,10:59:40,5.1776,25.94,24.75,3176,15044699.0,3.191278364863791e-05
2024-10-02,10:59:40,5.1821,25.94,24.75,3176,15044700.0,3.191278364863791e-05
2024-10-02,10:59:40,5.1867,25.94,24.75,3176,15044700.0,3.191278364863791e-05
2024-10-02,10:59:40,5.1913,25.94,24.75,3176,15044699.0,3.191278364863791e-05
2024-10-02,10:59:40,5.1959,25.94,24.75,3176,15044699.0,3.191278364863791e-05
2024-10-02,10:59:40,5.2005,25.94,24.75,3175,15044699.0,3.196386669099883e-05
2024-10-02,10:59:40,5.205,25.94,24.75,3175,15044699.0,3.196386669099883e-05
2024-10-02,10:59:40,5.2096,25.94,24.75,3176,15044699.0,3.191278364863791e-05
2024-10-02,10:59:40,5.2142,25.94,24.75,3176,15044700.0,3.191278364863791e-05
2024-10-02,10:59:40,5.2188,25.94,24.75,3176,15044700.0,3.191278364863791e-05
2024-10-02,10:59:40,5.2233,25.94,24.75,3176,15044700.0,3.191278364863791e-05
2024-10-02,10:59:40,5.2279,25.94,24.75,3176,15044700.0,3.191278364863791e-05
2024-10-02,10:59:40,5.237,25.94,24.75,3176,15044700.0,3.191278364863791e-05
2024-10-02,10:59:40,5.2416,25.94,24.75,3176,15044700.0,3.191278364863791e-05
2024-10-02,10:59:40,5.2462,25.94,24.75,3176,15044700.0,3.191278364863791e-05
2024-10-02,10:59:40,5.2508,25.94,24.75,3176,15044699.0,3.191278364863791e-05
2024-10-02,10:59:40,5.2554,25.94,24.75,3176,15044699.0,3.191278364863791e-05
2024-10-02,10:59:40,5.26,25.94,24.75,3176,15044700.0,3.191278364863791e-05
2024-10-02,10:59:40,5.2645,25.94,24.75,3176,15044700.0,3.191278364863791e-05
2024-10-02,10:59:40,5.2691,25.94,24.75,3176,15044699.0,3.191278364863791e-05
2024-10-02,10:59:40,5.2737,25.94,24.75,3176,15044699.0,3.191278364863791e-05
2024-10-02,10:59:40,5.2784,25.94,24.75,3176,15044700.0,3.191278364863791e-05
2024-10-02,10:59:40,5.283,25.94,24.75,3176,15044700.0,3.191278364863791e-05
2024-10-02,10:59:40,5.2876,25.94,24.75,3176,15044699.0,3.191278364863791e-05
2024-10-02,10:59:40,5.2921,25.94,24.75,3176,15044699.0,3.191278364863791e-05
2024-10-02,10:59:40,5.2967,25.94,24.75,3176,15044699.0,3.191278364863791e-05
2024-10-02,10:59:40,5.3013,25.94,24.75,3176,15044699.0,3.191278364863791e-05
2024-10-02,10:59:40,5.3059,25.94,24.75,3176,15044700.0,3.191278364863791e-05
2024-10-02,10:59:40,5.3105,25.94,24.75,3176,15044700.0,3.191278364863791e-05
2024-10-02,10:59:40,5.3151,25.94,24.75,3176,15044700.0,3.191278364863791e-05
2024-10-02,10:59:40,5.3197,25.94,24.75,3176,15044700.0,3.191278364863791e-05
2024-10-02,10:59:40,5.3243,25.94,24.75,3176,15044700.0,3.191278364863791e-05
2024-10-02,10:59:40,5.3289,25.94,24.75,3176,15044700.0,3.191278364863791e-05
2024-10-02,10:59:40,5.3334,25.94,24.75,3176,15044700.0,3.191278364863791e-05
2024-10-02,10:59:40,5.3379,25.94,24.75,3176,15044700.0,3.191278364863791e-05
2024-10-02,10:59:40,5.3425,25.94,24.75,3176,15044700.0,3.191278364863791e-05
2024-10-02,10:59:40,5.3472,25.94,24.75,3176,15044700.0,3.191278364863791e-05
2024-10-02,10:59:40,5.3517,25.94,24.75,3176,15044700.0,3.191278364863791e-05
2024-10-02,10:59:40,5.3563,25.94,24.75,3176,15044700.0,3.191278364863791e-05
2024-10-02,10:59:40,5.3609,25.94,24.75,3176,15044700.0,3.191278364863791e-05
2024-10-02,10:59:40,5.3655,25.94,24.75,3176,15044700.0,3.191278364863791e-05
2024-10-02,10:59:40,5.37,25.94,24.75,3176,15044700.0,3.191278364863791e-05
2024-10-02,10:59:40,5.3746,25.94,24.75,3176,15044700.0,3.191278364863791e-05
2024-10-02,10:59:40,5.3792,25.94,24.75,3176,15044700.0,3.191278364863791e-05
2024-10-02,10:59:40,5.3838,25.94,24.75,3176,15044700.0,3.191278364863791e-05
2024-10-02,10:59:40,5.3884,25.94,24.75,3176,15044700.0,3.191278364863791e-05
2024-10-02,10:59:40,5.393,25.94,24.75,3176,15044700.0,3.191278364863791e-05
2024-10-02,10:59:40,5.3975,25.94,24.75,3176,15044700.0,3.191278364863791e-05
2024-10-02,10:59:40,5.4021,25.94,24.75,3176,15044700.0,3.191278364863791e-05
2024-10-02,10:59:40,5.4067,25.94,24.75,3177,15044699.0,3.186178224462326e-05
2024-10-02,10:59:40,5.4113,25.94,24.75,3177,15044699.0,3.186178224462326e-05
2024-10-02,10:59:40,5.416,25.94,24.75,3176,15044700.0,3.191278364863791e-05
2024-10-02,10:59:40,5.4205,25.94,24.75,3176,15044700.0,3.191278364863791e-05
2024-10-02,10:59:40,5.4251,25.94,24.75,3177,15044699.0,3.186178224462326e-05
2024-10-02,10:59:40,5.4297,25.94,24.75,3177,15044699.0,3.186178224462326e-05
2024-10-02,10:59:40,5.4343,25.94,24.75,3176,15044699.0,3.191278364863791e-05
2024-10-02,10:59:40,5.4389,25.94,24.75,3176,15044700.0,3.191278364863791e-05
2024-10-02,10:59:40,5.4435,25.94,24.75,3176,15044700.0,3.191278364863791e-05
2024-10-02,10:59:40,5.448,25.94,24.75,3176,15044699.0,3.191278364863791e-05
2024-10-02,10:59:40,5.4526,25.94,24.75,3176,15044699.0,3.191278364863791e-05
2024-10-02,10:59:40,5.4572,25.94,24.75,3176,15044699.0,3.191278364863791e-05
2024-10-02,10:59:40,5.4618,25.94,24.75,3176,15044700.0,3.191278364863791e-05
2024-10-02,10:59:40,5.4664,25.94,24.75,3177,15044700.0,3.186178224462326e-05
2024-10-02,10:59:40,5.471,25.94,24.75,3177,15044700.0,3.186178224462326e-05
2024-10-02,10:59:40,5.4756,25.94,24.75,3176,15044700.0,3.191278364863791e-05
2024-10-02,10:59:40,5.4802,25.94,24.75,3177,15044700.0,3.186178224462326e-05
2024-10-02,10:59:40,5.4848,25.94,24.75,3177,15044700.0,3.186178224462326e-05
2024-10-02,10:59:40,5.4893,26.0,24.75,3176,15044700.0,3.191278364863791e-05
2024-10-02,10:59:40,5.4939,26.0,24.75,3176,15044699.0,3.191278364863791e-05
2024-10-02,10:59:40,5.4985,26.0,24.75,3176,15044699.0,3.191278364863791e-05
2024-10-02,10:59:40,5.5031,26.0,24.75,3176,15044699.0,3.191278364863791e-05
2024-10-02,10:59:40,5.5077,26.0,24.75,3177,15044700.0,3.186178224462326e-05
2024-10-02,10:59:40,5.5123,26.0,24.75,3178,15044700.0,3.181086234848457e-05
2024-10-02,10:59:40,5.5168,26.0,24.75,3177,15044700.0,3.186178224462326e-05
2024-10-02,10:59:40,5.5214,26.0,24.75,3176,15044699.0,3.191278364863791e-05
2024-10-02,10:59:40,5.526,26.0,24.75,3177,15044699.0,3.186178224462326e-05
2024-10-02,10:59:40,5.5306,26.0,24.75,3178,15044700.0,3.181086234848457e-05
2024-10-02,10:59:40,5.5352,26.0,24.75,3177,15044700.0,3.186178224462326e-05
2024-10-02,10:59:40,5.5397,26.0,24.75,3176,15044699.0,3.191278364863791e-05
2024-10-02,10:59:40,5.5443,26.0,24.75,3177,15044699.0,3.186178224462326e-05
2024-10-02,10:59:40,5.5489,26.0,24.75,3178,15044699.0,3.181086234848457e-05
2024-10-02,10:59:40,5.5536,26.0,24.75,3178,15044699.0,3.181086234848457e-05
2024-10-02,10:59:40,5.5581,26.0,24.75,3178,15044699.0,3.181086234848457e-05
2024-10-02,10:59:40,5.5626,26.0,24.75,3178,15044699.0,3.181086234848457e-05
2024-10-02,10:59:40,5.5673,26.0,24.75,3177,15044699.0,3.186178224462326e-05
2024-10-02,10:59:40,5.5719,26.0,24.75,3177,15044699.0,3.186178224462326e-05
2024-10-02,10:59:40,5.5765,26.0,24.75,3177,15044699.0,3.186178224462326e-05
2024-10-02,10:59:40,5.5811,26.0,24.75,3177,15044699.0,3.186178224462326e-05
2024-10-02,10:59:40,5.5856,26.0,24.75,3177,15044699.0,3.186178224462326e-05
2024-10-02,10:59:40,5.5902,26.0,24.75,3177,15044699.0,3.186178224462326e-05
2024-10-02,10:59:40,5.5948,26.0,24.75,3177,15044699.0,3.186178224462326e-05
2024-10-02,10:59:40,5.5994,26.0,24.75,3176,15044700.0,3.191278364863791e-05
2024-10-02,10:59:40,5.604,26.0,24.75,3176,15044699.0,3.191278364863791e-05
2024-10-02,10:59:40,5.6086,26.0,24.75,3176,15044700.0,3.191278364863791e-05
2024-10-02,10:59:40,5.6131,26.0,24.75,3177,15044700.0,3.186178224462326e-05
2024-10-02,10:59:40,5.6177,26.0,24.75,3178,15044700.0,3.181086234848457e-05
2024-10-02,10:59:40,5.6224,26.0,24.75,3177,15044699.0,3.186178224462326e-05
2024-10-02,10:59:40,5.6269,26.0,24.75,3176,15044700.0,3.191278364863791e-05
2024-10-02,10:59:40,5.6315,26.0,24.75,3176,15044700.0,3.191278364863791e-05
2024-10-02,10:59:40,5.6361,26.0,24.75,3176,15044700.0,3.191278364863791e-05
2024-10-02,10:59:40,5.6407,26.0,24.75,3176,15044700.0,3.191278364863791e-05
2024-10-02,10:59:40,5.6452,26.0,24.75,3177,15044700.0,3.186178224462326e-05
2024-10-02,10:59:40,5.6498,26.0,24.75,3177,15044699.0,3.186178224462326e-05
2024-10-02,10:59:40,5.6544,26.0,24.75,3177,15044699.0,3.186178224462326e-05
2024-10-02,10:59:40,5.659,26.0,24.75,3177,15044699.0,3.186178224462326e-05
2024-10-02,10:59:40,5.6636,26.0,24.75,3177,15044699.0,3.186178224462326e-05
2024-10-02,10:59:40,5.6681,26.0,24.75,3178,15044699.0,3.181086234848457e-05
2024-10-02,10:59:40,5.6727,26.0,24.75,3178,15044699.0,3.181086234848457e-05
2024-10-02,10:59:41,5.6773,26.0,24.75,3177,15044699.0,3.186178224462326e-05
2024-10-02,10:59:41,5.6819,26.0,24.75,3177,15044699.0,3.186178224462326e-05
2024-10-02,10:59:41,5.6865,26.0,24.75,3178,15044700.0,3.181086234848457e-05
2024-10-02,10:59:41,5.6912,26.0,24.75,3177,15044700.0,3.186178224462326e-05
2024-10-02,10:59:41,5.6957,26.0,24.75,3177,15044699.0,3.186178224462326e-05
2024-10-02,10:59:41,5.7002,26.0,24.75,3178,15044699.0,3.181086234848457e-05
2024-10-02,10:59:41,5.7049,26.0,24.75,3178,15044700.0,3.181086234848457e-05
2024-10-02,10:59:41,5.7095,26.0,24.75,3178,15044700.0,3.181086234848457e-05
2024-10-02,10:59:41,5.7141,26.0,24.75,3178,15044699.0,3.181086234848457e-05
2024-10-02,10:59:41,5.7187,26.0,24.75,3178,15044700.0,3.181086234848457e-05
2024-10-02,10:59:41,5.7233,26.0,24.75,3178,15044700.0,3.181086234848457e-05
2024-10-02,10:59:41,5.7279,26.0,24.75,3178,15044700.0,3.181086234848457e-05
2024-10-02,10:59:41,5.7324,26.0,24.75,3178,15044700.0,3.181086234848457e-05
2024-10-02,10:59:41,5.737,26.0,24.75,3178,15044700.0,3.181086234848457e-05
2024-10-02,10:59:41,5.7416,26.0,24.75,3177,15044700.0,3.186178224462326e-05
2024-10-02,10:59:41,5.7462,26.0,24.75,3177,15044700.0,3.186178224462326e-05
2024-10-02,10:59:41,5.7507,26.0,24.75,3177,15044700.0,3.186178224462326e-05
2024-10-02,10:59:41,5.7553,26.0,24.75,3177,15044699.0,3.186178224462326e-05
2024-10-02,10:59:41,5.76,26.0,24.75,3178,15044699.0,3.181086234848457e-05
2024-10-02,10:59:41,5.7646,26.0,24.75,3178,15044700.0,3.181086234848457e-05
2024-10-02,10:59:41,5.7691,26.0,24.75,3178,15044700.0,3.181086234848457e-05
2024-10-02,10:59:41,5.7737,26.0,24.75,3178,15044700.0,3.181086234848457e-05
2024-10-02,10:59:41,5.7783,26.0,24.75,3178,15044699.0,3.181086234848457e-05
2024-10-02,10:59:41,5.7829,26.0,24.75,3178,15044700.0,3.181086234848457e-05
2024-10-02,10:59:41,5.7875,26.0,24.75,3178,15044700.0,3.181086234848457e-05
2024-10-02,10:59:41,5.792,26.0,24.75,3178,15044700.0,3.181086234848457e-05
2024-10-02,10:59:41,5.7966,26.0,24.75,3178,15044700.0,3.181086234848457e-05
2024-10-02,10:59:41,5.8012,26.0,24.75,3178,15044699.0,3.181086234848457e-05
2024-10-02,10:59:41,5.8058,26.0,24.75,3177,15044699.0,3.186178224462326e-05
2024-10-02,10:59:41,5.8105,26.0,24.75,3177,15044700.0,3.186178224462326e-05
2024-10-02,10:59:41,5.815,26.0,24.75,3178,15044700.0,3.181086234848457e-05
2024-10-02,10:59:41,5.8195,26.0,24.75,3178,15044699.0,3.181086234848457e-05
2024-10-02,10:59:41,5.8241,26.0,24.75,3178,15044699.0,3.181086234848457e-05
2024-10-02,10:59:41,5.8288,26.0,24.75,3177,15044700.0,3.186178224462326e-05
2024-10-02,10:59:41,5.8334,26.0,24.75,3177,15044700.0,3.186178224462326e-05
2024-10-02,10:59:41,5.838,26.0,24.75,3178,15044700.0,3.181086234848457e-05
2024-10-02,10:59:41,5.8425,26.0,24.75,3178,15044700.0,3.181086234848457e-05
2024-10-02,10:59:41,5.8471,26.0,24.75,3178,15044700.0,3.181086234848457e-05
2024-10-02,10:59:41,5.8517,26.0,24.75,3178,15044699.0,3.181086234848457e-05
2024-10-02,10:59:41,5.8563,26.0,24.75,3178,15044699.0,3.181086234848457e-05
2024-10-02,10:59:41,5.8608,26.0,24.75,3178,15044699.0,3.181086234848457e-05
2024-10-02,10:59:41,5.8654,26.0,24.75,3177,15044699.0,3.186178224462326e-05
2024-10-02,10:59:41,5.87,26.0,24.75,3177,15044700.0,3.186178224462326e-05
2024-10-02,10:59:41,5.8746,26.0,24.75,3177,15044700.0,3.186178224462326e-05
2024-10-02,10:59:41,5.8792,26.0,24.75,3177,15044700.0,3.186178224462326e-05
2024-10-02,10:59:41,5.8838,26.0,24.75,3178,15044700.0,3.181086234848457e-05
2024-10-02,10:59:41,5.8883,26.0,24.75,3178,15044699.0,3.181086234848457e-05
2024-10-02,10:59:41,5.8929,26.0,24.75,3177,15044699.0,3.186178224462326e-05
2024-10-02,10:59:41,5.8975,26.0,24.75,3177,15044699.0,3.186178224462326e-05
2024-10-02,10:59:41,5.9021,26.0,24.75,3178,15044699.0,3.181086234848457e-05
2024-10-02,10:59:41,5.9067,26.0,24.75,3178,15044699.0,3.181086234848457e-05
2024-10-02,10:59:41,5.9113,26.0,24.75,3178,15044699.0,3.181086234848457e-05
2024-10-02,10:59:41,5.9158,26.0,24.75,3178,15044699.0,3.181086234848457e-05
2024-10-02,10:59:41,5.9204,26.0,24.75,3177,15044700.0,3.186178224462326e-05
2024-10-02,10:59:41,5.925,26.0,24.75,3177,15044700.0,3.186178224462326e-05
2024-10-02,10:59:41,5.9296,26.0,24.75,3177,15044699.0,3.186178224462326e-05
2024-10-02,10:59:41,5.9342,26.0,24.75,3177,15044699.0,3.186178224462326e-05
2024-10-02,10:59:41,5.9388,26.0,24.75,3178,15044699.0,3.181086234848457e-05
2024-10-02,10:59:41,5.9434,26.0,24.75,3178,15044699.0,3.181086234848457e-05
2024-10-02,10:59:41,5.9479,26.0,24.75,3177,15044699.0,3.186178224462326e-05
2024-10-02,10:59:41,5.9525,26.0,24.75,3177,15044699.0,3.186178224462326e-05
2024-10-02,10:59:41,5.9571,26.0,24.75,3178,15044699.0,3.181086234848457e-05
2024-10-02,10:59:41,5.9617,26.0,24.75,3178,15044699.0,3.181086234848457e-05
2024-10-02,10:59:41,5.9664,26.0,24.75,3178,15044699.0,3.181086234848457e-05
2024-10-02,10:59:41,5.9709,26.0,24.75,3177,15044699.0,3.186178224462326e-05
2024-10-02,10:59:41,5.9754,26.0,24.75,3176,15044700.0,3.191278364863791e-05
2024-10-02,10:59:41,5.9801,26.0,24.75,3177,15044700.0,3.186178224462326e-05
2024-10-02,10:59:41,5.9847,26.0,24.75,3178,15044699.0,3.181086234848457e-05
2024-10-02,10:59:41,5.9892,26.0,24.75,3178,15044700.0,3.181086234848457e-05
2024-10-02,10:59:41,5.9938,25.94,24.75,3178,15044699.0,3.181086234848457e-05
2024-10-02,10:59:41,5.9985,25.94,24.75,3178,15044699.0,3.181086234848457e-05
2024-10-02,10:59:41,6.003,25.94,24.75,3177,15044699.0,3.186178224462326e-05
2024-10-02,10:59:41,6.0076,25.94,24.75,3177,15044699.0,3.186178224462326e-05
2024-10-02,10:59:41,6.0122,25.94,24.75,3178,15044699.0,3.181086234848457e-05
2024-10-02,10:59:41,6.0168,25.94,24.75,3178,15044699.0,3.181086234848457e-05
2024-10-02,10:59:41,6.0214,25.94,24.75,3178,15044699.0,3.181086234848457e-05
2024-10-02,10:59:41,6.0259,25.94,24.75,3178,15044699.0,3.181086234848457e-05
2024-10-02,10:59:41,6.0305,25.94,24.75,3178,15044699.0,3.181086234848457e-05
2024-10-02,10:59:41,6.0351,25.94,24.75,3179,15044699.0,3.176002382996009e-05
2024-10-02,10:59:41,6.0396,25.94,24.75,3179,15044699.0,3.176002382996009e-05
2024-10-02,10:59:41,6.0442,25.94,24.75,3177,15044699.0,3.186178224462326e-05
2024-10-02,10:59:41,6.0489,25.94,24.75,3177,15044699.0,3.186178224462326e-05
2024-10-02,10:59:41,6.0535,25.94,24.75,3178,15044699.0,3.181086234848457e-05
2024-10-02,10:59:41,6.058,25.94,24.75,3178,15044699.0,3.181086234848457e-05
2024-10-02,10:59:41,6.0626,25.94,24.75,3178,15044699.0,3.181086234848457e-05
2024-10-02,10:59:41,6.0672,25.94,24.75,3178,15044699.0,3.181086234848457e-05
2024-10-02,10:59:41,6.0718,25.94,24.75,3177,15044699.0,3.186178224462326e-05
2024-10-02,10:59:41,6.0764,25.94,24.75,3177,15044699.0,3.186178224462326e-05
2024-10-02,10:59:41,6.0809,25.94,24.75,3178,15044699.0,3.181086234848457e-05
2024-10-02,10:59:41,6.0855,25.94,24.75,3178,15044699.0,3.181086234848457e-05
2024-10-02,10:59:41,6.0901,25.94,24.75,3177,15044699.0,3.186178224462326e-05
2024-10-02,10:59:41,6.0947,25.94,24.75,3177,15044699.0,3.186178224462326e-05
2024-10-02,10:59:41,6.0993,25.94,24.75,3178,15044699.0,3.181086234848457e-05
2024-10-02,10:59:41,6.1038,25.94,24.75,3178,15044699.0,3.181086234848457e-05
2024-10-02,10:59:41,6.1084,25.94,24.75,3178,15044699.0,3.181086234848457e-05
2024-10-02,10:59:41,6.113,25.94,24.75,3178,15044699.0,3.181086234848457e-05
2024-10-02,10:59:41,6.1177,25.94,24.75,3178,15044699.0,3.181086234848457e-05
2024-10-02,10:59:41,6.1222,25.94,24.75,3178,15044699.0,3.181086234848457e-05
2024-10-02,10:59:41,6.1267,25.94,24.75,3178,15044699.0,3.181086234848457e-05
2024-10-02,10:59:41,6.1313,25.94,24.75,3178,15044699.0,3.181086234848457e-05
2024-10-02,10:59:41,6.136,25.94,24.75,3179,15044699.0,3.176002382996009e-05
2024-10-02,10:59:41,6.1405,25.94,24.75,3179,15044699.0,3.176002382996009e-05
2024-10-02,10:59:41,6.145,25.94,24.75,3178,15044699.0,3.181086234848457e-05
2024-10-02,10:59:41,6.1497,25.94,24.75,3177,15044699.0,3.186178224462326e-05
2024-10-02,10:59:41,6.1543,25.94,24.75,3177,15044699.0,3.186178224462326e-05
2024-10-02,10:59:41,6.1588,25.94,24.75,3178,15044699.0,3.181086234848457e-05
2024-10-02,10:59:41,6.1633,25.94,24.75,3178,15044699.0,3.181086234848457e-05
2024-10-02,10:59:41,6.168,25.94,24.75,3177,15044699.0,3.186178224462326e-05
2024-10-02,10:59:41,6.1726,25.94,24.75,3177,15044699.0,3.186178224462326e-05
2024-10-02,10:59:41,6.1771,25.94,24.75,3177,15044699.0,3.186178224462326e-05
2024-10-02,10:59:41,6.1817,25.94,24.75,3177,15044699.0,3.186178224462326e-05
2024-10-02,10:59:41,6.1862,25.94,24.75,3178,15044699.0,3.181086234848457e-05
2024-10-02,10:59:41,6.1907,25.94,24.75,3178,15044699.0,3.181086234848457e-05
2024-10-02,10:59:41,6.1953,25.94,24.75,3178,15044699.0,3.181086234848457e-05
2024-10-02,10:59:41,6.2,25.94,24.75,3178,15044699.0,3.181086234848457e-05
2024-10-02,10:59:41,6.2046,25.94,24.75,3179,15044699.0,3.176002382996009e-05
2024-10-02,10:59:41,6.2092,25.94,24.75,3179,15044698.0,3.176002382996009e-05
2024-10-02,10:59:41,6.2137,25.94,24.75,3178,15044699.0,3.181086234848457e-05
2024-10-02,10:59:41,6.2183,25.94,24.75,3178,15044699.0,3.181086234848457e-05
2024-10-02,10:59:41,6.2275,25.94,24.75,3178,15044699.0,3.181086234848457e-05
2024-10-02,10:59:41,6.232,25.94,24.75,3178,15044699.0,3.181086234848457e-05
2024-10-02,10:59:41,6.2366,25.94,24.75,3178,15044699.0,3.181086234848457e-05
2024-10-02,10:59:41,6.2412,25.94,24.75,3178,15044700.0,3.181086234848457e-05
2024-10-02,10:59:41,6.2458,25.94,24.75,3178,15044699.0,3.181086234848457e-05
2024-10-02,10:59:41,6.2504,25.94,24.75,3178,15044699.0,3.181086234848457e-05
2024-10-02,10:59:41,6.255,25.94,24.75,3178,15044699.0,3.181086234848457e-05
2024-10-02,10:59:41,6.2596,25.94,24.75,3178,15044699.0,3.181086234848457e-05
2024-10-02,10:59:41,6.2641,25.94,24.75,3178,15044699.0,3.181086234848457e-05
2024-10-02,10:59:41,6.2687,25.94,24.75,3178,15044699.0,3.181086234848457e-05
2024-10-02,10:59:41,6.2733,25.94,24.75,3178,15044699.0,3.181086234848457e-05
2024-10-02,10:59:41,6.2779,25.94,24.75,3178,15044700.0,3.181086234848457e-05
2024-10-02,10:59:41,6.2825,25.94,24.75,3178,15044700.0,3.181086234848457e-05
2024-10-02,10:59:41,6.2871,25.94,24.75,3178,15044700.0,3.181086234848457e-05
2024-10-02,10:59:41,6.2916,25.94,24.75,3178,15044699.0,3.181086234848457e-05
2024-10-02,10:59:41,6.2962,25.94,24.75,3178,15044699.0,3.181086234848457e-05
2024-10-02,10:59:41,6.3008,25.94,24.75,3178,15044699.0,3.181086234848457e-05
2024-10-02,10:59:41,6.3054,25.94,24.75,3178,15044699.0,3.181086234848457e-05
2024-10-02,10:59:41,6.31,25.94,24.75,3178,15044699.0,3.181086234848457e-05
2024-10-02,10:59:41,6.3146,25.94,24.75,3178,15044699.0,3.181086234848457e-05
2024-10-02,10:59:41,6.3192,25.94,24.75,3178,15044699.0,3.181086234848457e-05
2024-10-02,10:59:41,6.3239,25.94,24.75,3178,15044699.0,3.181086234848457e-05
2024-10-02,10:59:41,6.3284,25.94,24.75,3178,15044699.0,3.181086234848457e-05
2024-10-02,10:59:41,6.3329,25.94,24.75,3178,15044699.0,3.181086234848457e-05
2024-10-02,10:59:41,6.3376,25.94,24.75,3178,15044699.0,3.181086234848457e-05
2024-10-02,10:59:41,6.3422,25.94,24.75,3178,15044699.0,3.181086234848457e-05
2024-10-02,10:59:41,6.3467,25.94,24.75,3178,15044700.0,3.181086234848457e-05
2024-10-02,10:59:41,6.3513,25.94,24.75,3178,15044699.0,3.181086234848457e-05
2024-10-02,10:59:41,6.3559,25.94,24.75,3178,15044699.0,3.181086234848457e-05
2024-10-02,10:59:41,6.3605,25.94,24.75,3178,15044699.0,3.181086234848457e-05
2024-10-02,10:59:41,6.3651,25.94,24.75,3178,15044700.0,3.181086234848457e-05
2024-10-02,10:59:41,6.3696,25.94,24.75,3177,15044700.0,3.186178224462326e-05
2024-10-02,10:59:41,6.3742,25.94,24.75,3177,15044700.0,3.186178224462326e-05
2024-10-02,10:59:41,6.3788,25.94,24.75,3178,15044700.0,3.181086234848457e-05
2024-10-02,10:59:41,6.3834,25.94,24.75,3178,15044700.0,3.181086234848457e-05
2024-10-02,10:59:41,6.388,25.94,24.75,3178,15044699.0,3.181086234848457e-05
2024-10-02,10:59:41,6.3926,25.94,24.75,3178,15044699.0,3.181086234848457e-05
2024-10-02,10:59:41,6.3972,25.94,24.75,3178,15044699.0,3.181086234848457e-05
2024-10-02,10:59:41,6.4018,25.94,24.75,3178,15044699.0,3.181086234848457e-05
2024-10-02,10:59:41,6.4064,25.94,24.75,3178,15044699.0,3.181086234848457e-05
2024-10-02,10:59:41,6.4109,25.94,24.75,3178,15044700.0,3.181086234848457e-05
2024-10-02,10:59:41,6.4155,25.94,24.75,3178,15044700.0,3.181086234848457e-05
2024-10-02,10:59:41,6.4201,25.94,24.75,3179,15044700.0,3.176002382996009e-05
2024-10-02,10:59:41,6.4247,25.94,24.75,3179,15044700.0,3.176002382996009e-05
2024-10-02,10:59:41,6.4293,25.94,24.75,3178,15044700.0,3.181086234848457e-05
2024-10-02,10:59:41,6.4337,25.94,24.75,3178,15044699.0,3.181086234848457e-05
2024-10-02,10:59:41,6.4384,25.94,24.75,3178,15044699.0,3.181086234848457e-05
2024-10-02,10:59:41,6.443,25.94,24.75,3178,15044699.0,3.181086234848457e-05
2024-10-02,10:59:41,6.4476,25.94,24.75,3178,15044699.0,3.181086234848457e-05
2024-10-02,10:59:41,6.4522,25.94,24.75,3178,15044700.0,3.181086234848457e-05
2024-10-02,10:59:41,6.4567,25.94,24.75,3178,15044699.0,3.181086234848457e-05
2024-10-02,10:59:41,6.4613,25.94,24.75,3178,15044699.0,3.181086234848457e-05
2024-10-02,10:59:41,6.4659,25.94,24.75,3178,15044699.0,3.181086234848457e-05
2024-10-02,10:59:41,6.4705,25.94,24.75,3179,15044699.0,3.176002382996009e-05
2024-10-02,10:59:41,6.4752,25.94,24.75,3179,15044700.0,3.176002382996009e-05
2024-10-02,10:59:41,6.4797,25.94,24.75,3178,15044700.0,3.181086234848457e-05
2024-10-02,10:59:41,6.4842,25.94,24.75,3179,15044700.0,3.176002382996009e-05
2024-10-02,10:59:41,6.4889,25.94,24.75,3179,15044700.0,3.176002382996009e-05
2024-10-02,10:59:41,6.4935,25.94,24.75,3178,15044700.0,3.181086234848457e-05
2024-10-02,10:59:41,6.4981,25.94,25.0,3178,15044699.0,3.181086234848457e-05
2024-10-02,10:59:41,6.5027,25.94,25.0,3178,15044700.0,3.181086234848457e-05
2024-10-02,10:59:41,6.5073,25.94,25.0,3178,15044699.0,3.181086234848457e-05
2024-10-02,10:59:41,6.5119,25.94,25.0,3179,15044700.0,3.176002382996009e-05
2024-10-02,10:59:41,6.5164,25.94,25.0,3179,15044700.0,3.176002382996009e-05
2024-10-02,10:59:41,6.521,25.94,25.0,3179,15044700.0,3.176002382996009e-05
2024-10-02,10:59:41,6.5256,25.94,25.0,3179,15044700.0,3.176002382996009e-05
2024-10-02,10:59:41,6.5302,25.94,25.0,3179,15044700.0,3.176002382996009e-05
2024-10-02,10:59:41,6.5347,25.94,25.0,3179,15044700.0,3.176002382996009e-05
2024-10-02,10:59:41,6.5393,25.94,25.0,3178,15044700.0,3.181086234848457e-05
2024-10-02,10:59:41,6.5439,25.94,25.0,3178,15044700.0,3.181086234848457e-05
2024-10-02,10:59:41,6.5485,25.94,25.0,3178,15044699.0,3.181086234848457e-05
2024-10-02,10:59:41,6.5531,25.94,25.0,3179,15044699.0,3.176002382996009e-05
2024-10-02,10:59:41,6.5577,25.94,25.0,3179,15044699.0,3.176002382996009e-05
2024-10-02,10:59:41,6.5623,25.94,25.0,3178,15044700.0,3.181086234848457e-05
2024-10-02,10:59:41,6.5668,25.94,25.0,3178,15044700.0,3.181086234848457e-05
2024-10-02,10:59:41,6.5714,25.94,25.0,3178,15044700.0,3.181086234848457e-05
2024-10-02,10:59:41,6.576,25.94,25.0,3178,15044700.0,3.181086234848457e-05
2024-10-02,10:59:41,6.5806,25.94,25.0,3178,15044700.0,3.181086234848457e-05
2024-10-02,10:59:41,6.5852,25.94,25.0,3178,15044700.0,3.181086234848457e-05
2024-10-02,10:59:41,6.5898,25.94,25.0,3178,15044700.0,3.181086234848457e-05
2024-10-02,10:59:41,6.5944,25.94,25.0,3178,15044700.0,3.181086234848457e-05
2024-10-02,10:59:41,6.5989,25.94,25.0,3179,15044700.0,3.176002382996009e-05
2024-10-02,10:59:41,6.6035,25.94,25.0,3180,15044700.0,3.170926655899616e-05
2024-10-02,10:59:41,6.6081,25.94,25.0,3180,15044700.0,3.170926655899616e-05
2024-10-02,10:59:41,6.6128,25.94,25.0,3179,15044699.0,3.176002382996009e-05
2024-10-02,10:59:41,6.6174,25.94,25.0,3179,15044699.0,3.176002382996009e-05
2024-10-02,10:59:41,6.6219,25.94,25.0,3179,15044699.0,3.176002382996009e-05
2024-10-02,10:59:41,6.6265,25.94,25.0,3178,15044699.0,3.181086234848457e-05
2024-10-02,10:59:41,6.6311,25.94,25.0,3178,15044699.0,3.181086234848457e-05
2024-10-02,10:59:41,6.6357,25.94,25.0,3178,15044700.0,3.181086234848457e-05
2024-10-02,10:59:41,6.6403,25.94,25.0,3179,15044700.0,3.176002382996009e-05
2024-10-02,10:59:41,6.6449,25.94,25.0,3180,15044700.0,3.170926655899616e-05
2024-10-02,10:59:41,6.6495,25.94,25.0,3179,15044699.0,3.176002382996009e-05
2024-10-02,10:59:41,6.654,25.94,25.0,3178,15044699.0,3.181086234848457e-05
2024-10-02,10:59:41,6.6586,25.94,25.0,3178,15044700.0,3.181086234848457e-05
2024-10-02,10:59:41,6.6632,25.94,25.0,3178,15044700.0,3.181086234848457e-05
2024-10-02,10:59:41,6.6678,25.94,25.0,3178,15044700.0,3.181086234848457e-05
2024-10-02,10:59:41,6.6724,25.94,25.0,3179,15044700.0,3.176002382996009e-05
2024-10-02,10:59:42,6.6769,25.94,25.0,3180,15044700.0,3.170926655899616e-05
2024-10-02,10:59:42,6.6816,25.94,25.0,3180,15044700.0,3.170926655899616e-05
2024-10-02,10:59:42,6.6862,25.94,25.0,3179,15044699.0,3.176002382996009e-05
2024-10-02,10:59:42,6.6907,25.94,25.0,3179,15044699.0,3.176002382996009e-05
2024-10-02,10:59:42,6.6953,25.94,25.0,3180,15044700.0,3.170926655899616e-05
2024-10-02,10:59:42,6.6999,25.94,25.0,3180,15044700.0,3.170926655899616e-05
2024-10-02,10:59:42,6.7045,25.94,25.0,3179,15044700.0,3.176002382996009e-05
2024-10-02,10:59:42,6.7091,25.94,25.0,3179,15044700.0,3.176002382996009e-05
2024-10-02,10:59:42,6.7136,25.94,25.0,3179,15044700.0,3.176002382996009e-05
2024-10-02,10:59:42,6.7182,25.94,25.0,3178,15044700.0,3.181086234848457e-05
2024-10-02,10:59:42,6.7228,25.94,25.0,3178,15044699.0,3.181086234848457e-05
2024-10-02,10:59:42,6.7274,25.94,25.0,3179,15044699.0,3.176002382996009e-05
2024-10-02,10:59:42,6.7321,25.94,25.0,3179,15044700.0,3.176002382996009e-05
2024-10-02,10:59:42,6.7366,25.94,25.0,3178,15044700.0,3.181086234848457e-05
2024-10-02,10:59:42,6.7411,25.94,25.0,3178,15044700.0,3.181086234848457e-05
2024-10-02,10:59:42,6.7457,25.94,25.0,3178,15044700.0,3.181086234848457e-05
2024-10-02,10:59:42,6.7504,25.94,25.0,3178,15044700.0,3.181086234848457e-05
2024-10-02,10:59:42,6.755,25.94,25.0,3179,15044700.0,3.176002382996009e-05
2024-10-02,10:59:42,6.7596,25.94,25.0,3180,15044700.0,3.170926655899616e-05
2024-10-02,10:59:42,6.7641,25.94,25.0,3180,15044700.0,3.170926655899616e-05
2024-10-02,10:59:42,6.7687,25.94,25.0,3179,15044699.0,3.176002382996009e-05
2024-10-02,10:59:42,6.7733,25.94,25.0,3178,15044700.0,3.181086234848457e-05
2024-10-02,10:59:42,6.7779,25.94,25.0,3178,15044700.0,3.181086234848457e-05
2024-10-02,10:59:42,6.7825,25.94,25.0,3178,15044700.0,3.181086234848457e-05
2024-10-02,10:59:42,6.7871,25.94,25.0,3178,15044700.0,3.181086234848457e-05
2024-10-02,10:59:42,6.7916,25.94,25.0,3178,15044700.0,3.181086234848457e-05
2024-10-02,10:59:42,6.7962,25.94,25.0,3178,15044700.0,3.181086234848457e-05
2024-10-02,10:59:42,6.8008,25.94,25.0,3178,15044700.0,3.181086234848457e-05
2024-10-02,10:59:42,6.8054,25.94,25.0,3179,15044700.0,3.176002382996009e-05
2024-10-02,10:59:42,6.81,25.94,25.0,3179,15044700.0,3.176002382996009e-05
2024-10-02,10:59:42,6.8146,25.94,25.0,3178,15044700.0,3.181086234848457e-05
2024-10-02,10:59:42,6.8192,25.94,25.0,3178,15044700.0,3.181086234848457e-05
2024-10-02,10:59:42,6.8237,25.94,25.0,3178,15044700.0,3.181086234848457e-05
2024-10-02,10:59:42,6.8283,25.94,25.0,3178,15044700.0,3.181086234848457e-05
2024-10-02,10:59:42,6.8329,25.94,25.0,3178,15044700.0,3.181086234848457e-05
2024-10-02,10:59:42,6.8375,25.94,25.0,3178,15044700.0,3.181086234848457e-05
2024-10-02,10:59:42,6.8421,25.94,25.0,3178,15044700.0,3.181086234848457e-05
2024-10-02,10:59:42,6.8466,25.94,25.0,3178,15044700.0,3.181086234848457e-05
2024-10-02,10:59:42,6.8512,25.94,25.0,3178,15044700.0,3.181086234848457e-05
2024-10-02,10:59:42,6.8558,25.94,25.0,3178,15044700.0,3.181086234848457e-05
2024-10-02,10:59:42,6.8604,25.94,25.0,3179,15044700.0,3.176002382996009e-05
2024-10-02,10:59:42,6.865,25.94,25.0,3179,15044700.0,3.176002382996009e-05
2024-10-02,10:59:42,6.8696,25.94,25.0,3178,15044700.0,3.181086234848457e-05
2024-10-02,10:59:42,6.8742,25.94,25.0,3178,15044700.0,3.181086234848457e-05
2024-10-02,10:59:42,6.8787,25.94,25.0,3179,15044700.0,3.176002382996009e-05
2024-10-02,10:59:42,6.8833,25.94,25.0,3179,15044700.0,3.176002382996009e-05
2024-10-02,10:59:42,6.888,25.94,25.0,3178,15044700.0,3.181086234848457e-05
2024-10-02,10:59:42,6.8925,25.94,25.0,3178,15044700.0,3.181086234848457e-05
2024-10-02,10:59:42,6.8971,25.94,25.0,3178,15044700.0,3.181086234848457e-05
2024-10-02,10:59:42,6.9017,25.94,25.0,3178,15044700.0,3.181086234848457e-05
2024-10-02,10:59:42,6.9063,25.94,25.0,3178,15044700.0,3.181086234848457e-05
2024-10-02,10:59:42,6.9109,25.94,25.0,3178,15044700.0,3.181086234848457e-05
2024-10-02,10:59:42,6.9154,25.94,25.0,3178,15044700.0,3.181086234848457e-05
2024-10-02,10:59:42,6.92,25.94,25.0,3178,15044700.0,3.181086234848457e-05
2024-10-02,10:59:42,6.9246,25.94,25.0,3178,15044700.0,3.181086234848457e-05
2024-10-02,10:59:42,6.9292,25.94,25.0,3178,15044699.0,3.181086234848457e-05
2024-10-02,10:59:42,6.9338,25.94,25.0,3179,15044700.0,3.176002382996009e-05
2024-10-02,10:59:42,6.9384,25.94,25.0,3180,15044700.0,3.170926655899616e-05
2024-10-02,10:59:42,6.943,25.94,25.0,3180,15044700.0,3.170926655899616e-05
2024-10-02,10:59:42,6.9475,25.94,25.0,3179,15044700.0,3.176002382996009e-05
2024-10-02,10:59:42,6.9521,25.94,25.0,3178,15044700.0,3.181086234848457e-05
2024-10-02,10:59:42,6.9567,25.94,25.0,3178,15044700.0,3.181086234848457e-05
2024-10-02,10:59:42,6.9613,25.94,25.0,3179,15044700.0,3.176002382996009e-05
2024-10-02,10:59:42,6.9659,25.94,25.0,3178,15044700.0,3.181086234848457e-05
2024-10-02,10:59:42,6.9705,25.94,25.0,3178,15044700.0,3.181086234848457e-05
2024-10-02,10:59:42,6.9751,25.94,25.0,3179,15044700.0,3.176002382996009e-05
2024-10-02,10:59:42,6.9796,25.94,25.0,3178,15044700.0,3.181086234848457e-05
2024-10-02,10:59:42,6.9842,25.94,25.0,3178,15044700.0,3.181086234848457e-05
2024-10-02,10:59:42,6.9888,25.94,25.0,3178,15044699.0,3.181086234848457e-05
2024-10-02,10:59:42,6.9934,25.94,25.0,3178,15044699.0,3.181086234848457e-05
2024-10-02,10:59:42,6.998,25.94,25.0,3178,15044700.0,3.181086234848457e-05
2024-10-02,10:59:42,7.0026,25.94,25.0,3178,15044699.0,3.181086234848457e-05
2024-10-02,10:59:42,7.0071,25.94,25.0,3178,15044699.0,3.181086234848457e-05
2024-10-02,10:59:42,7.0117,25.94,25.0,3178,15044699.0,3.181086234848457e-05
2024-10-02,10:59:42,7.0163,25.94,25.0,3178,15044699.0,3.181086234848457e-05
2024-10-02,10:59:42,7.0209,25.94,25.0,3178,15044699.0,3.181086234848457e-05
2024-10-02,10:59:42,7.0256,25.94,25.0,3178,15044699.0,3.181086234848457e-05
2024-10-02,10:59:42,7.0301,25.94,25.0,3178,15044700.0,3.181086234848457e-05
2024-10-02,10:59:42,7.0346,25.94,25.0,3178,15044700.0,3.181086234848457e-05
2024-10-02,10:59:42,7.0393,25.94,25.0,3179,15044698.0,3.176002382996009e-05
2024-10-02,10:59:42,7.0439,25.94,25.0,3174,15044695.0,3.201503150238514e-05
2024-10-02,10:59:42,7.0483,25.94,25.0,3150,15044670.0,3.326786114732408e-05
2024-10-02,10:59:42,7.0528,25.94,25.0,3087,15044626.0,3.679477191637176e-05
2024-10-02,10:59:42,7.0574,25.94,25.0,3043,15044611.0,3.947748865327405e-05
2024-10-02,10:59:42,7.0621,25.94,25.0,3037,15044607.0,3.985816072150841e-05
2024-10-02,10:59:42,7.0668,25.94,25.0,3038,15044602.0,3.979446141590659e-05
2024-10-02,10:59:42,7.0714,25.94,25.0,3036,15044600.0,3.992196199108682e-05
2024-10-02,10:59:42,7.0761,25.94,25.0,3033,15044601.0,4.011397921713403e-05
2024-10-02,10:59:42,7.0807,25.94,25.0,3035,15044600.0,3.998586538785644e-05
2024-10-02,10:59:42,7.0854,25.94,25.0,3032,15044599.0,4.017818997737903e-05
2024-10-02,10:59:42,7.0901,25.94,25.0,3031,15044599.0,4.024250352029014e-05
2024-10-02,10:59:42,7.0947,25.94,25.0,3034,15044598.0,4.004987107529301e-05
2024-10-02,10:59:42,7.0995,25.94,25.0,3032,15044595.0,4.017818997737903e-05
2024-10-02,10:59:42,7.1041,25.94,25.0,3032,15044593.0,4.017818997737903e-05
2024-10-02,10:59:42,7.1088,25.94,25.0,3031,15044589.0,4.024250352029014e-05
2024-10-02,10:59:42,7.1136,25.94,25.0,3032,15044587.0,4.017818997737903e-05
2024-10-02,10:59:42,7.1183,25.94,25.0,3032,15044585.0,4.017818997737903e-05
2024-10-02,10:59:42,7.123,25.94,25.0,3032,15044583.0,4.017818997737903e-05
2024-10-02,10:59:42,7.1276,25.94,25.0,3035,15044583.0,3.998586538785644e-05
2024-10-02,10:59:42,7.1323,25.94,25.0,3035,15044581.0,3.998586538785644e-05
2024-10-02,10:59:42,7.137,25.94,25.0,3034,15044579.0,4.004987107529301e-05
2024-10-02,10:59:42,7.1417,25.94,25.0,3033,15044578.0,4.011397921713403e-05
2024-10-02,10:59:42,7.1465,25.94,25.0,3033,15044576.0,4.011397921713403e-05
2024-10-02,10:59:42,7.1511,25.94,25.0,3033,15044573.0,4.011397921713403e-05
2024-10-02,10:59:42,7.1558,25.94,25.0,3032,15044570.0,4.017818997737903e-05
2024-10-02,10:59:42,7.1605,25.94,25.0,3033,15044568.0,4.011397921713403e-05
2024-10-02,10:59:42,7.1651,25.94,25.0,3033,15044566.0,4.011397921713403e-05
2024-10-02,10:59:42,7.1699,25.94,25.0,3032,15044564.0,4.017818997737903e-05
2024-10-02,10:59:42,7.1746,25.94,25.0,3033,15044563.0,4.011397921713403e-05
2024-10-02,10:59:42,7.1793,25.94,25.0,3033,15044562.0,4.011397921713403e-05
2024-10-02,10:59:42,7.184,25.94,25.0,3032,15044559.0,4.017818997737903e-05
2024-10-02,10:59:42,7.1887,25.94,25.0,3031,15044558.0,4.024250352029014e-05
2024-10-02,10:59:42,7.1934,25.94,25.0,3030,15044555.0,4.030692001039233e-05
2024-10-02,10:59:42,7.198,25.94,25.0,3030,15044553.0,4.030692001039233e-05
2024-10-02,10:59:42,7.2028,25.94,25.0,3030,15044552.0,4.030692001039233e-05
2024-10-02,10:59:42,7.2074,25.94,25.0,3030,15044550.0,4.030692001039233e-05
2024-10-02,10:59:42,7.2121,25.94,25.0,3030,15044548.0,4.030692001039233e-05
2024-10-02,10:59:42,7.2169,25.94,25.0,3030,15044546.0,4.030692001039233e-05
2024-10-02,10:59:42,7.2215,25.94,25.0,3029,15044544.0,4.037143961247402e-05
2024-10-02,10:59:42,7.2262,25.94,25.0,3028,15044543.0,4.043606249158732e-05
2024-10-02,10:59:42,7.2309,25.94,25.0,3028,15044541.0,4.043606249158732e-05
2024-10-02,10:59:42,7.2356,25.94,25.0,3028,15044539.0,4.043606249158732e-05
2024-10-02,10:59:42,7.2403,25.94,25.0,3028,15044537.0,4.043606249158732e-05
2024-10-02,10:59:42,7.245,25.94,25.0,3029,15044535.0,4.037143961247402e-05
2024-10-02,10:59:42,7.2497,25.94,25.0,3030,15044535.0,4.030692001039233e-05
2024-10-02,10:59:42,7.2544,25.94,25.0,3029,15044533.0,4.037143961247402e-05
2024-10-02,10:59:42,7.2592,25.94,25.0,3028,15044531.0,4.043606249158732e-05
2024-10-02,10:59:42,7.2638,25.94,25.0,3028,15044529.0,4.043606249158732e-05
2024-10-02,10:59:42,7.2685,25.94,25.0,3028,15044527.0,4.043606249158732e-05
2024-10-02,10:59:42,7.2732,25.94,25.0,3028,15044525.0,4.043606249158732e-05
2024-10-02,10:59:42,7.2778,25.94,25.0,3029,15044524.0,4.037143961247402e-05
2024-10-02,10:59:42,7.2825,25.94,25.0,3030,15044522.0,4.030692001039233e-05
2024-10-02,10:59:42,7.2873,25.94,25.0,3029,15044520.0,4.037143961247402e-05
2024-10-02,10:59:42,7.2919,25.94,25.0,3029,15044518.0,4.037143961247402e-05
2024-10-02,10:59:42,7.2966,25.94,25.0,3030,15044518.0,4.030692001039233e-05
2024-10-02,10:59:42,7.3013,25.94,25.0,3029,15044517.0,4.037143961247402e-05
2024-10-02,10:59:42,7.306,25.94,25.0,3028,15044515.0,4.043606249158732e-05
2024-10-02,10:59:42,7.3107,25.94,25.0,3029,15044513.0,4.037143961247402e-05
2024-10-02,10:59:42,7.3154,25.94,25.0,3029,15044510.0,4.037143961247402e-05
2024-10-02,10:59:42,7.3201,25.94,25.0,3029,15044509.0,4.037143961247402e-05
2024-10-02,10:59:42,7.3248,25.94,25.0,3029,15044508.0,4.037143961247402e-05
2024-10-02,10:59:42,7.3295,25.94,25.0,3028,15044507.0,4.043606249158732e-05
2024-10-02,10:59:42,7.3342,25.94,25.0,3028,15044505.0,4.043606249158732e-05
2024-10-02,10:59:42,7.3388,25.94,25.0,3028,15044504.0,4.043606249158732e-05
2024-10-02,10:59:42,7.3436,25.94,25.0,3028,15044502.0,4.043606249158732e-05
2024-10-02,10:59:42,7.3483,25.94,25.0,3028,15044500.0,4.043606249158732e-05
2024-10-02,10:59:42,7.353,25.94,25.0,3028,15044498.0,4.043606249158732e-05
2024-10-02,10:59:42,7.3577,25.94,25.0,3029,15044497.0,4.037143961247402e-05
2024-10-02,10:59:42,7.3624,25.94,25.0,3029,15044496.0,4.037143961247402e-05
2024-10-02,10:59:42,7.3671,25.94,25.0,3029,15044494.0,4.037143961247402e-05
2024-10-02,10:59:42,7.3717,25.94,25.0,3030,15044493.0,4.030692001039233e-05
2024-10-02,10:59:42,7.3765,25.94,25.0,3029,15044492.0,4.037143961247402e-05
2024-10-02,10:59:42,7.3811,25.94,25.0,3028,15044490.0,4.043606249158732e-05
2024-10-02,10:59:42,7.3859,25.94,25.0,3028,15044488.0,4.043606249158732e-05
2024-10-02,10:59:42,7.3906,25.94,25.0,3028,15044486.0,4.043606249158732e-05
2024-10-02,10:59:42,7.3953,25.94,25.0,3028,15044485.0,4.043606249158732e-05
2024-10-02,10:59:42,7.4,25.94,25.0,3028,15044483.0,4.043606249158732e-05
2024-10-02,10:59:42,7.4046,25.94,25.0,3028,15044482.0,4.043606249158732e-05
2024-10-02,10:59:42,7.4094,25.94,25.0,3028,15044481.0,4.043606249158732e-05
2024-10-02,10:59:42,7.4141,25.94,25.0,3028,15044479.0,4.043606249158732e-05
2024-10-02,10:59:42,7.4188,25.94,25.0,3028,15044478.0,4.043606249158732e-05
2024-10-02,10:59:42,7.4234,25.94,25.0,3028,15044476.0,4.043606249158732e-05
2024-10-02,10:59:42,7.4282,25.94,25.0,3028,15044474.0,4.043606249158732e-05
2024-10-02,10:59:42,7.4329,25.94,25.0,3029,15044472.0,4.037143961247402e-05
2024-10-02,10:59:42,7.4377,25.94,25.0,3029,15044472.0,4.037143961247402e-05
2024-10-02,10:59:42,7.4423,25.94,25.0,3028,15044470.0,4.043606249158732e-05
2024-10-02,10:59:42,7.4469,25.94,25.0,3028,15044469.0,4.043606249158732e-05
2024-10-02,10:59:42,7.4516,25.94,25.0,3028,15044468.0,4.043606249158732e-05
2024-10-02,10:59:42,7.4563,25.94,25.0,3027,15044465.0,4.050078881304863e-05
2024-10-02,10:59:42,7.4611,25.94,25.0,3027,15044464.0,4.050078881304863e-05
2024-10-02,10:59:42,7.4657,25.94,25.0,3028,15044463.0,4.043606249158732e-05
2024-10-02,10:59:42,7.4704,25.94,25.0,3028,15044461.0,4.043606249158732e-05
2024-10-02,10:59:42,7.4752,25.94,25.0,3027,15044460.0,4.050078881304863e-05
2024-10-02,10:59:42,7.4799,25.94,25.0,3028,15044458.0,4.043606249158732e-05
2024-10-02,10:59:42,7.4846,25.94,25.0,3029,15044458.0,4.037143961247402e-05
2024-10-02,10:59:42,7.4892,25.94,25.0,3028,15044457.0,4.043606249158732e-05
2024-10-02,10:59:42,7.4939,25.94,25.0,3028,15044456.0,4.043606249158732e-05
2024-10-02,10:59:42,7.4986,25.94,25.0,3027,15044454.0,4.050078881304863e-05
2024-10-02,10:59:42,7.5033,25.94,25.0,3026,15044452.0,4.056561874243887e-05
2024-10-02,10:59:42,7.5081,25.94,25.0,3027,15044450.0,4.050078881304863e-05
2024-10-02,10:59:42,7.5128,25.94,25.0,3028,15044450.0,4.043606249158732e-05
2024-10-02,10:59:42,7.5175,25.94,25.0,3028,15044448.0,4.043606249158732e-05
2024-10-02,10:59:42,7.5222,25.94,25.0,3027,15044447.0,4.050078881304863e-05
2024-10-02,10:59:42,7.5269,25.94,25.0,3027,15044446.0,4.050078881304863e-05
2024-10-02,10:59:42,7.5316,25.94,25.0,3027,15044445.0,4.050078881304863e-05
2024-10-02,10:59:42,7.5363,25.94,25.0,3026,15044444.0,4.056561874243887e-05
2024-10-02,10:59:42,7.541,25.94,25.0,3026,15044442.0,4.056561874243887e-05
2024-10-02,10:59:42,7.5457,25.94,25.0,3026,15044441.0,4.056561874243887e-05
2024-10-02,10:59:42,7.5505,25.94,25.0,3026,15044439.0,4.056561874243887e-05
2024-10-02,10:59:42,7.5552,25.94,25.0,3027,15044437.0,4.050078881304863e-05
2024-10-02,10:59:42,7.5598,25.94,25.0,3027,15044437.0,4.050078881304863e-05
2024-10-02,10:59:42,7.5645,25.94,25.0,3026,15044436.0,4.056561874243887e-05
2024-10-02,10:59:42,7.5692,25.94,25.0,3026,15044434.0,4.056561874243887e-05
2024-10-02,10:59:42,7.5739,25.94,25.0,3026,15044433.0,4.056561874243887e-05
2024-10-02,10:59:42,7.5786,25.94,25.0,3025,15044431.0,4.06305524456041e-05
2024-10-02,10:59:42,7.5833,25.94,25.0,3025,15044430.0,4.06305524456041e-05
2024-10-02,10:59:42,7.5881,25.94,25.0,3025,15044429.0,4.06305524456041e-05
2024-10-02,10:59:42,7.5927,25.94,25.0,3025,15044428.0,4.06305524456041e-05
2024-10-02,10:59:42,7.5974,25.94,25.0,3025,15044427.0,4.06305524456041e-05
2024-10-02,10:59:42,7.6021,25.94,25.0,3025,15044425.0,4.06305524456041e-05
2024-10-02,10:59:42,7.6069,25.94,25.0,3025,15044425.0,4.06305524456041e-05
2024-10-02,10:59:42,7.6115,25.94,25.0,3025,15044424.0,4.06305524456041e-05
2024-10-02,10:59:42,7.6162,25.94,25.0,3025,15044421.0,4.06305524456041e-05
2024-10-02,10:59:42,7.6209,25.94,25.0,3025,15044420.0,4.06305524456041e-05
2024-10-02,10:59:42,7.6256,25.94,25.0,3025,15044420.0,4.06305524456041e-05
2024-10-02,10:59:42,7.6303,25.94,25.0,3025,15044419.0,4.06305524456041e-05
2024-10-02,10:59:42,7.635,25.94,25.0,3025,15044418.0,4.06305524456041e-05
2024-10-02,10:59:42,7.6398,25.94,25.0,3025,15044417.0,4.06305524456041e-05
2024-10-02,10:59:42,7.6445,25.94,25.0,3025,15044416.0,4.06305524456041e-05
2024-10-02,10:59:42,7.6492,25.94,25.0,3025,15044416.0,4.06305524456041e-05
2024-10-02,10:59:42,7.6539,25.94,25.0,3026,15044415.0,4.056561874243887e-05
2024-10-02,10:59:42,7.6586,25.94,25.0,3027,15044414.0,4.050078881304863e-05
2024-10-02,10:59:42,7.6633,25.94,25.0,3027,15044412.0,4.050078881304863e-05
2024-10-02,10:59:42,7.6681,25.94,25.0,3027,15044411.0,4.050078881304863e-05
2024-10-02,10:59:42,7.6727,25.94,25.0,3027,15044411.0,4.050078881304863e-05
2024-10-02,10:59:43,7.6774,25.94,25.0,3026,15044410.0,4.056561874243887e-05
2024-10-02,10:59:43,7.6821,25.94,25.0,3025,15044409.0,4.06305524456041e-05
2024-10-02,10:59:43,7.6869,25.94,25.0,3024,15044409.0,4.069559008865578e-05
2024-10-02,10:59:43,7.6915,25.94,25.0,3023,15044408.0,4.076073183797135e-05
2024-10-02,10:59:43,7.6962,25.94,25.0,3024,15044407.0,4.069559008865578e-05
2024-10-02,10:59:43,7.7009,25.94,25.0,3024,15044407.0,4.069559008865578e-05
2024-10-02,10:59:43,7.7056,25.94,25.0,3023,15044406.0,4.076073183797135e-05
2024-10-02,10:59:43,7.7103,25.94,25.0,3022,15044406.0,4.082597786019447e-05
2024-10-02,10:59:43,7.715,25.94,25.0,3022,15044405.0,4.082597786019447e-05
2024-10-02,10:59:43,7.7198,25.94,25.0,3022,15044405.0,4.082597786019447e-05
2024-10-02,10:59:43,7.7244,25.94,25.0,3021,15044405.0,4.089132832223565e-05
2024-10-02,10:59:43,7.7291,25.94,25.0,3020,15044404.0,4.095678339127246e-05
2024-10-02,10:59:43,7.7339,25.94,25.0,3020,15044404.0,4.095678339127246e-05
2024-10-02,10:59:43,7.7386,25.94,25.0,3019,15044402.0,4.102234323475019e-05
2024-10-02,10:59:43,7.7433,25.94,25.0,3018,15044402.0,4.108800802038206e-05
2024-10-02,10:59:43,7.7481,25.94,25.0,3017,15044402.0,4.115377791614988e-05
2024-10-02,10:59:43,7.7528,25.94,25.0,3017,15044401.0,4.115377791614988e-05
2024-10-02,10:59:43,7.7575,25.94,25.0,3017,15044401.0,4.115377791614988e-05
2024-10-02,10:59:43,7.7623,25.94,25.0,3017,15044401.0,4.115377791614988e-05
2024-10-02,10:59:43,7.7669,25.94,25.0,3017,15044401.0,4.115377791614988e-05
2024-10-02,10:59:43,7.7716,25.94,25.0,3017,15044401.0,4.115377791614988e-05
2024-10-02,10:59:43,7.7763,25.94,25.0,3016,15044400.0,4.121965309030415e-05
2024-10-02,10:59:43,7.7811,25.94,25.0,3016,15044399.0,4.121965309030415e-05
2024-10-02,10:59:43,7.7859,25.94,25.0,3016,15044399.0,4.121965309030415e-05
2024-10-02,10:59:43,7.7906,25.94,25.0,3015,15044399.0,4.12856337113649e-05
2024-10-02,10:59:43,7.7953,25.94,25.0,3013,15044398.0,4.141791196963466e-05
2024-10-02,10:59:43,7.8001,25.94,25.0,3013,15044397.0,4.141791196963466e-05
2024-10-02,10:59:43,7.8048,25.94,25.0,3013,15044397.0,4.141791196963466e-05
2024-10-02,10:59:43,7.8096,25.94,25.0,3013,15044397.0,4.141791196963466e-05
2024-10-02,10:59:43,7.8143,25.94,25.0,3013,15044397.0,4.141791196963466e-05
2024-10-02,10:59:43,7.819,25.94,25.0,3013,15044396.0,4.141791196963466e-05
2024-10-02,10:59:43,7.8237,25.94,25.0,3013,15044396.0,4.141791196963466e-05
2024-10-02,10:59:43,7.8285,25.94,25.0,3012,15044396.0,4.148420994523402e-05
2024-10-02,10:59:43,7.8332,25.94,25.0,3010,15044395.0,4.161712443736986e-05
2024-10-02,10:59:43,7.838,25.94,25.0,3010,15044395.0,4.161712443736986e-05
2024-10-02,10:59:43,7.8428,25.94,25.0,3010,15044395.0,4.161712443736986e-05
2024-10-02,10:59:43,7.8475,25.94,25.0,3010,15044395.0,4.161712443736986e-05
2024-10-02,10:59:43,7.8522,25.94,25.0,3010,15044395.0,4.161712443736986e-05
2024-10-02,10:59:43,7.857,25.94,25.0,3010,15044395.0,4.161712443736986e-05
2024-10-02,10:59:43,7.8617,25.94,25.0,3010,15044395.0,4.161712443736986e-05
2024-10-02,10:59:43,7.8665,25.94,25.0,3009,15044394.0,4.16837412939243e-05
2024-10-02,10:59:43,7.8713,25.94,25.0,3009,15044393.0,4.16837412939243e-05
2024-10-02,10:59:43,7.8761,25.94,25.0,3009,15044393.0,4.16837412939243e-05
2024-10-02,10:59:43,7.8808,25.94,25.0,3009,15044394.0,4.16837412939243e-05
2024-10-02,10:59:43,7.8855,25.94,25.0,3009,15044392.0,4.16837412939243e-05
2024-10-02,10:59:43,7.8903,25.94,25.0,3008,15044392.0,4.175046478460198e-05
2024-10-02,10:59:43,7.895,25.94,25.0,3008,15044392.0,4.175046478460198e-05
2024-10-02,10:59:43,7.8997,25.94,25.0,3008,15044392.0,4.175046478460198e-05
2024-10-02,10:59:43,7.9045,25.94,25.0,3007,15044392.0,4.181729508009303e-05
2024-10-02,10:59:43,7.9092,25.94,25.0,3007,15044392.0,4.181729508009303e-05
2024-10-02,10:59:43,7.9139,25.94,25.0,3007,15044392.0,4.181729508009303e-05
2024-10-02,10:59:43,7.9187,25.94,25.0,3006,15044391.0,4.188423235136067e-05
2024-10-02,10:59:43,7.9235,25.94,25.0,3006,15044390.0,4.188423235136067e-05
2024-10-02,10:59:43,7.9282,25.94,25.0,3007,15044392.0,4.181729508009303e-05
2024-10-02,10:59:43,7.9329,25.94,25.0,3007,15044391.0,4.181729508009303e-05
2024-10-02,10:59:43,7.9377,25.94,25.0,3006,15044389.0,4.188423235136067e-05
2024-10-02,10:59:43,7.9425,25.94,25.0,3006,15044390.0,4.188423235136067e-05
2024-10-02,10:59:43,7.9472,25.94,25.0,3006,15044390.0,4.188423235136067e-05
2024-10-02,10:59:43,7.952,25.94,25.0,3005,15044390.0,4.195127676964197e-05
2024-10-02,10:59:43,7.9568,25.94,25.0,3004,15044390.0,4.201842850644788e-05
2024-10-02,10:59:43,7.9615,25.94,25.0,3004,15044389.0,4.201842850644788e-05
2024-10-02,10:59:43,7.9662,25.94,25.0,3004,15044389.0,4.201842850644788e-05
2024-10-02,10:59:43,7.971,25.94,25.0,3004,15044389.0,4.201842850644788e-05
2024-10-02,10:59:43,7.9758,25.94,25.0,3003,15044388.0,4.20856877335641e-05
2024-10-02,10:59:43,7.9805,25.94,25.0,3002,15044388.0,4.215305462305114e-05
2024-10-02,10:59:43,7.9852,25.94,25.0,3003,15044389.0,4.20856877335641e-05
2024-10-02,10:59:43,7.99,25.94,25.0,3004,15044388.0,4.201842850644788e-05
2024-10-02,10:59:43,7.9947,25.94,25.0,3004,15044388.0,4.201842850644788e-05
2024-10-02,10:59:43,7.9995,25.94,25.0,3004,15044388.0,4.201842850644788e-05
2024-10-02,10:59:43,8.0043,25.94,25.0,3003,15044386.0,4.20856877335641e-05
2024-10-02,10:59:43,8.0091,25.94,25.0,3002,15044387.0,4.215305462305114e-05
2024-10-02,10:59:43,8.0138,25.94,25.0,3002,15044387.0,4.215305462305114e-05
2024-10-02,10:59:43,8.0186,25.94,25.0,3002,15044386.0,4.215305462305114e-05
2024-10-02,10:59:43,8.0233,25.94,25.0,3002,15044386.0,4.215305462305114e-05
2024-10-02,10:59:43,8.0281,25.94,25.0,3002,15044387.0,4.215305462305114e-05
2024-10-02,10:59:43,8.0329,25.94,25.0,3001,15044386.0,4.222052934724505e-05
2024-10-02,10:59:43,8.0377,25.94,25.0,3000,15044386.0,4.228811207875762e-05
2024-10-02,10:59:43,8.0424,25.94,25.0,3000,15044385.0,4.228811207875762e-05
2024-10-02,10:59:43,8.0471,25.94,25.0,3000,15044385.0,4.228811207875762e-05
2024-10-02,10:59:43,8.0519,25.94,25.0,3000,15044386.0,4.228811207875762e-05
2024-10-02,10:59:43,8.0567,25.94,25.0,3000,15044385.0,4.228811207875762e-05
2024-10-02,10:59:43,8.0615,25.94,25.0,3000,15044385.0,4.228811207875762e-05
2024-10-02,10:59:43,8.0662,25.94,25.0,3000,15044385.0,4.228811207875762e-05
2024-10-02,10:59:43,8.0709,25.94,25.0,3000,15044384.0,4.228811207875762e-05
2024-10-02,10:59:43,8.0757,25.94,25.0,3000,15044384.0,4.228811207875762e-05
2024-10-02,10:59:43,8.0804,25.94,25.0,2999,15044384.0,4.235580299047711e-05
2024-10-02,10:59:43,8.0851,25.94,25.0,2999,15044383.0,4.235580299047711e-05
2024-10-02,10:59:43,8.0899,25.94,25.0,2999,15044383.0,4.235580299047711e-05
2024-10-02,10:59:43,8.0947,25.94,25.0,2998,15044383.0,4.242360225556832e-05
2024-10-02,10:59:43,8.0995,25.94,25.0,2998,15044383.0,4.242360225556832e-05
2024-10-02,10:59:43,8.1042,25.94,25.0,2998,15044383.0,4.242360225556832e-05
2024-10-02,10:59:43,8.1089,25.94,25.0,2998,15044382.0,4.242360225556832e-05
2024-10-02,10:59:43,8.1137,25.94,25.0,2998,15044383.0,4.242360225556832e-05
2024-10-02,10:59:43,8.1185,25.94,25.0,2997,15044382.0,4.249151004747342e-05
2024-10-02,10:59:43,8.1233,25.94,25.0,2997,15044381.0,4.249151004747342e-05
2024-10-02,10:59:43,8.128,25.94,25.0,2997,15044382.0,4.249151004747342e-05
2024-10-02,10:59:43,8.1328,25.94,25.0,2997,15044382.0,4.249151004747342e-05
2024-10-02,10:59:43,8.1376,25.94,25.0,2997,15044381.0,4.249151004747342e-05
2024-10-02,10:59:43,8.1424,25.94,25.0,2996,15044382.0,4.255952653991208e-05
2024-10-02,10:59:43,8.1472,25.94,25.0,2995,15044381.0,4.262765190688212e-05
2024-10-02,10:59:43,8.1519,25.94,25.0,2995,15044380.0,4.262765190688212e-05
2024-10-02,10:59:43,8.1566,25.94,25.0,2995,15044381.0,4.262765190688212e-05
2024-10-02,10:59:43,8.1614,25.94,25.0,2995,15044380.0,4.262765190688212e-05
2024-10-02,10:59:43,8.1662,25.94,25.0,2995,15044380.0,4.262765190688212e-05
2024-10-02,10:59:43,8.1709,25.94,25.0,2995,15044380.0,4.262765190688212e-05
2024-10-02,10:59:43,8.1757,25.94,25.0,2995,15044380.0,4.262765190688212e-05
2024-10-02,10:59:43,8.1805,25.94,25.0,2994,15044380.0,4.269588632265983e-05
2024-10-02,10:59:43,8.1853,25.94,25.0,2993,15044380.0,4.276422996180053e-05
2024-10-02,10:59:43,8.1901,25.94,25.0,2994,15044379.0,4.269588632265983e-05
2024-10-02,10:59:43,8.1948,25.94,25.0,2994,15044378.0,4.269588632265983e-05
2024-10-02,10:59:43,8.1996,25.94,25.0,2993,15044379.0,4.276422996180053e-05
2024-10-02,10:59:43,8.2044,25.94,25.0,2993,15044378.0,4.276422996180053e-05
2024-10-02,10:59:43,8.2092,25.94,25.0,2993,15044378.0,4.276422996180053e-05
2024-10-02,10:59:43,8.2139,25.94,25.0,2993,15044378.0,4.276422996180053e-05
2024-10-02,10:59:43,8.2187,25.94,25.0,2993,15044378.0,4.276422996180053e-05
2024-10-02,10:59:43,8.2235,25.94,25.0,2992,15044377.0,4.283268299913885e-05
2024-10-02,10:59:43,8.2282,25.94,25.0,2992,15044377.0,4.283268299913885e-05
2024-10-02,10:59:43,8.233,25.94,25.0,2992,15044377.0,4.283268299913885e-05
2024-10-02,10:59:43,8.2378,25.94,25.0,2992,15044377.0,4.283268299913885e-05
2024-10-02,10:59:43,8.2426,25.94,25.0,2992,15044377.0,4.283268299913885e-05
2024-10-02,10:59:43,8.2474,25.94,25.0,2991,15044377.0,4.290124560978941e-05
2024-10-02,10:59:43,8.2522,25.94,25.0,2991,15044378.0,4.290124560978941e-05
2024-10-02,10:59:43,8.2569,25.94,25.0,2991,15044377.0,4.290124560978941e-05
2024-10-02,10:59:43,8.2617,25.94,25.0,2991,15044376.0,4.290124560978941e-05
2024-10-02,10:59:43,8.2665,25.94,25.0,2991,15044377.0,4.290124560978941e-05
2024-10-02,10:59:43,8.2713,25.94,25.0,2991,15044376.0,4.290124560978941e-05
2024-10-02,10:59:43,8.2761,25.94,25.0,2991,15044376.0,4.290124560978941e-05
2024-10-02,10:59:43,8.2808,25.94,25.0,2990,15044376.0,4.296991796914701e-05
2024-10-02,10:59:43,8.2856,25.94,25.0,2990,15044376.0,4.296991796914701e-05
2024-10-02,10:59:43,8.2904,25.94,25.0,2990,15044376.0,4.296991796914701e-05
2024-10-02,10:59:43,8.2952,25.94,25.0,2990,15044375.0,4.296991796914701e-05
2024-10-02,10:59:43,8.2999,25.94,25.0,2990,15044375.0,4.296991796914701e-05
2024-10-02,10:59:43,8.3047,25.94,25.0,2990,15044375.0,4.296991796914701e-05
2024-10-02,10:59:43,8.3095,25.94,25.0,2990,15044375.0,4.296991796914701e-05
2024-10-02,10:59:43,8.3143,25.94,25.0,2990,15044374.0,4.296991796914701e-05
2024-10-02,10:59:43,8.3191,25.94,25.0,2990,15044374.0,4.296991796914701e-05
2024-10-02,10:59:43,8.3239,25.94,25.0,2989,15044374.0,4.30387002528873e-05
2024-10-02,10:59:43,8.3287,25.94,25.0,2988,15044373.0,4.310759263696707e-05
2024-10-02,10:59:43,8.3334,25.94,25.0,2988,15044374.0,4.310759263696707e-05
2024-10-02,10:59:43,8.3381,25.94,25.0,2988,15044374.0,4.310759263696707e-05
2024-10-02,10:59:43,8.3429,25.94,25.0,2988,15044373.0,4.310759263696707e-05
2024-10-02,10:59:43,8.3477,25.94,25.0,2988,15044373.0,4.310759263696707e-05
2024-10-02,10:59:43,8.3525,25.94,25.0,2988,15044373.0,4.310759263696707e-05
2024-10-02,10:59:43,8.3573,25.94,25.0,2988,15044373.0,4.310759263696707e-05
2024-10-02,10:59:43,8.3621,25.94,25.0,2987,15044373.0,4.317659529762484e-05
2024-10-02,10:59:43,8.3669,25.94,25.0,2987,15044372.0,4.317659529762484e-05
2024-10-02,10:59:43,8.3717,25.94,25.0,2988,15044372.0,4.310759263696707e-05
2024-10-02,10:59:43,8.3765,25.94,25.0,2987,15044372.0,4.317659529762484e-05
2024-10-02,10:59:43,8.3813,25.94,25.0,2986,15044371.0,4.324570841138112e-05
2024-10-02,10:59:43,8.3861,25.94,25.0,2986,15044371.0,4.324570841138112e-05
2024-10-02,10:59:43,8.3909,25.94,25.0,2986,15044372.0,4.324570841138112e-05
2024-10-02,10:59:43,8.3957,25.94,25.0,2986,15044371.0,4.324570841138112e-05
2024-10-02,10:59:43,8.4004,25.94,25.0,2986,15044371.0,4.324570841138112e-05
2024-10-02,10:59:43,8.4052,25.94,25.0,2986,15044372.0,4.324570841138112e-05
2024-10-02,10:59:43,8.41,25.94,25.0,2985,15044371.0,4.331493215503914e-05
2024-10-02,10:59:43,8.4148,25.94,25.0,2985,15044371.0,4.331493215503914e-05
2024-10-02,10:59:43,8.4196,25.94,25.0,2985,15044370.0,4.331493215503914e-05
2024-10-02,10:59:43,8.4244,25.94,25.0,2984,15044370.0,4.338426670568495e-05
2024-10-02,10:59:43,8.4292,25.94,25.0,2984,15044370.0,4.338426670568495e-05
2024-10-02,10:59:43,8.434,25.94,25.0,2984,15044370.0,4.338426670568495e-05
2024-10-02,10:59:43,8.4388,25.94,25.0,2984,15044369.0,4.338426670568495e-05
2024-10-02,10:59:43,8.4436,25.94,25.0,2984,15044369.0,4.338426670568495e-05
2024-10-02,10:59:43,8.4484,25.94,25.0,2984,15044369.0,4.338426670568495e-05
2024-10-02,10:59:43,8.4532,25.94,25.0,2984,15044368.0,4.338426670568495e-05
2024-10-02,10:59:43,8.458,25.94,25.0,2983,15044369.0,4.345371224068825e-05
2024-10-02,10:59:43,8.4627,25.94,25.0,2983,15044369.0,4.345371224068825e-05
2024-10-02,10:59:43,8.4675,25.94,25.0,2983,15044368.0,4.345371224068825e-05
2024-10-02,10:59:43,8.4723,25.94,25.0,2982,15044368.0,4.352326893770249e-05
2024-10-02,10:59:43,8.4771,25.94,25.0,2982,15044368.0,4.352326893770249e-05
2024-10-02,10:59:43,8.4819,25.94,25.0,2982,15044368.0,4.352326893770249e-05
2024-10-02,10:59:43,8.4867,25.94,25.0,2982,15044368.0,4.352326893770249e-05
2024-10-02,10:59:43,8.4915,25.94,25.0,2982,15044367.0,4.352326893770249e-05
2024-10-02,10:59:43,8.4963,25.94,25.0,2981,15044368.0,4.359293697466567e-05
2024-10-02,10:59:43,8.5011,25.94,25.0,2981,15044368.0,4.359293697466567e-05
2024-10-02,10:59:43,8.506,25.94,25.0,2982,15044367.0,4.352326893770249e-05
2024-10-02,10:59:43,8.5108,25.94,25.0,2982,15044367.0,4.352326893770249e-05
2024-10-02,10:59:43,8.5156,25.94,25.0,2982,15044367.0,4.352326893770249e-05
2024-10-02,10:59:43,8.5203,25.94,25.0,2981,15044366.0,4.359293697466567e-05
2024-10-02,10:59:43,8.5251,25.94,25.0,2980,15044366.0,4.366271652980039e-05
2024-10-02,10:59:43,8.53,25.94,25.0,2979,15044366.0,4.373260778161478e-05
2024-10-02,10:59:43,8.5349,25.94,25.0,2979,15044365.0,4.373260778161478e-05
2024-10-02,10:59:43,8.5396,25.94,25.0,2979,15044365.0,4.373260778161478e-05
2024-10-02,10:59:43,8.5443,25.94,25.0,2980,15044365.0,4.366271652980039e-05
2024-10-02,10:59:43,8.5492,25.94,25.0,2980,15044365.0,4.366271652980039e-05
2024-10-02,10:59:43,8.554,25.94,25.0,2979,15044365.0,4.373260778161478e-05
2024-10-02,10:59:43,8.5588,25.94,25.0,2979,15044365.0,4.373260778161478e-05
2024-10-02,10:59:43,8.5637,25.94,25.0,2979,15044364.0,4.373260778161478e-05
2024-10-02,10:59:43,8.5685,25.94,25.0,2979,15044365.0,4.373260778161478e-05
2024-10-02,10:59:43,8.5733,25.94,25.0,2979,15044365.0,4.373260778161478e-05
2024-10-02,10:59:43,8.5781,25.94,25.0,2979,15044364.0,4.373260778161478e-05
2024-10-02,10:59:43,8.5829,25.94,25.0,2978,15044364.0,4.38026109089025e-05
2024-10-02,10:59:43,8.5877,25.94,25.0,2978,15044365.0,4.38026109089025e-05
2024-10-02,10:59:43,8.5925,25.94,25.0,2978,15044364.0,4.38026109089025e-05
2024-10-02,10:59:43,8.5973,25.94,25.0,2977,15044363.0,4.387272609074357e-05
2024-10-02,10:59:43,8.6021,25.94,25.0,2977,15044363.0,4.387272609074357e-05
2024-10-02,10:59:43,8.6069,25.94,25.0,2977,15044363.0,4.387272609074357e-05
2024-10-02,10:59:43,8.6117,25.94,25.0,2977,15044363.0,4.387272609074357e-05
2024-10-02,10:59:43,8.6165,25.94,25.0,2977,15044363.0,4.387272609074357e-05
2024-10-02,10:59:43,8.6214,25.94,25.0,2976,15044363.0,4.394295350650451e-05
2024-10-02,10:59:43,8.6262,25.94,25.0,2976,15044363.0,4.394295350650451e-05
2024-10-02,10:59:43,8.6309,25.94,25.0,2976,15044363.0,4.394295350650451e-05
2024-10-02,10:59:43,8.6357,25.94,25.0,2976,15044362.0,4.394295350650451e-05
2024-10-02,10:59:43,8.6406,25.94,25.0,2976,15044362.0,4.394295350650451e-05
2024-10-02,10:59:43,8.6454,25.94,25.0,2976,15044363.0,4.394295350650451e-05
2024-10-02,10:59:43,8.6502,25.94,25.0,2976,15044362.0,4.394295350650451e-05
2024-10-02,10:59:43,8.6551,25.94,25.0,2975,15044362.0,4.40132933358391e-05
2024-10-02,10:59:43,8.6599,25.94,25.0,2975,15044362.0,4.40132933358391e-05
2024-10-02,10:59:43,8.6647,25.94,25.0,2975,15044362.0,4.40132933358391e-05
2024-10-02,10:59:43,8.6695,25.94,25.0,2975,15044362.0,4.40132933358391e-05
2024-10-02,10:59:43,8.6743,25.94,25.0,2975,15044361.0,4.40132933358391e-05
2024-10-02,10:59:44,8.6791,25.94,25.0,2975,15044360.0,4.40132933358391e-05
2024-10-02,10:59:44,8.6839,25.94,25.0,2975,15044360.0,4.40132933358391e-05
2024-10-02,10:59:44,8.6887,25.94,25.0,2974,15044360.0,4.408374575868857e-05
2024-10-02,10:59:44,8.6935,25.94,25.0,2974,15044360.0,4.408374575868857e-05
2024-10-02,10:59:44,8.6983,25.94,25.0,2974,15044361.0,4.408374575868857e-05
2024-10-02,10:59:44,8.7031,25.94,25.0,2974,15044361.0,4.408374575868857e-05
2024-10-02,10:59:44,8.7079,25.94,25.0,2974,15044360.0,4.408374575868857e-05
2024-10-02,10:59:44,8.7127,25.94,25.0,2973,15044359.0,4.41543109552823e-05
2024-10-02,10:59:44,8.7175,25.94,25.0,2974,15044359.0,4.408374575868857e-05
2024-10-02,10:59:44,8.7224,25.94,25.0,2974,15044359.0,4.408374575868857e-05
2024-10-02,10:59:44,8.7272,25.94,25.0,2972,15044360.0,4.422498910613804e-05
2024-10-02,10:59:44,8.732,25.94,25.0,2972,15044360.0,4.422498910613804e-05
2024-10-02,10:59:44,8.7369,25.94,25.0,2972,15044359.0,4.422498910613804e-05
2024-10-02,10:59:44,8.7417,25.94,25.0,2972,15044360.0,4.422498910613804e-05
2024-10-02,10:59:44,8.7464,25.94,25.0,2972,15044359.0,4.422498910613804e-05
2024-10-02,10:59:44,8.7512,25.94,25.0,2971,15044359.0,4.429578039206264e-05
2024-10-02,10:59:44,8.7561,25.94,25.0,2971,15044359.0,4.429578039206264e-05
2024-10-02,10:59:44,8.7609,25.94,25.0,2971,15044358.0,4.429578039206264e-05
2024-10-02,10:59:44,8.7657,25.94,25.0,2971,15044358.0,4.429578039206264e-05
2024-10-02,10:59:44,8.7705,25.94,25.0,2971,15044358.0,4.429578039206264e-05
2024-10-02,10:59:44,8.7754,25.94,25.0,2971,15044358.0,4.429578039206264e-05
2024-10-02,10:59:44,8.7802,25.94,25.0,2971,15044357.0,4.429578039206264e-05
2024-10-02,10:59:44,8.785,25.94,25.0,2971,15044358.0,4.429578039206264e-05
2024-10-02,10:59:44,8.7898,25.94,25.0,2971,15044358.0,4.429578039206264e-05
2024-10-02,10:59:44,8.7947,25.94,25.0,2971,15044356.0,4.429578039206264e-05
2024-10-02,10:59:44,8.7995,25.94,25.0,2971,15044357.0,4.429578039206264e-05
2024-10-02,10:59:44,8.8043,25.94,25.0,2970,15044358.0,4.43666849941522e-05
2024-10-02,10:59:44,8.8091,25.94,25.0,2969,15044357.0,4.443770309379288e-05
2024-10-02,10:59:44,8.8139,25.94,25.0,2969,15044357.0,4.443770309379288e-05
2024-10-02,10:59:44,8.8188,25.94,25.0,2970,15044357.0,4.43666849941522e-05
2024-10-02,10:59:44,8.8236,25.94,25.0,2970,15044357.0,4.43666849941522e-05
2024-10-02,10:59:44,8.8284,25.94,25.0,2969,15044356.0,4.443770309379288e-05
2024-10-02,10:59:44,8.8332,25.94,25.0,2969,15044355.0,4.443770309379288e-05
2024-10-02,10:59:44,8.8381,25.94,25.0,2969,15044355.0,4.443770309379288e-05
2024-10-02,10:59:44,8.8429,25.94,25.0,2968,15044356.0,4.4508834872661e-05
2024-10-02,10:59:44,8.8478,25.94,25.0,2968,15044356.0,4.4508834872661e-05
2024-10-02,10:59:44,8.8526,25.94,25.0,2969,15044355.0,4.443770309379288e-05
2024-10-02,10:59:44,8.8574,25.94,25.0,2969,15044355.0,4.443770309379288e-05
2024-10-02,10:59:44,8.8622,25.94,25.0,2969,15044355.0,4.443770309379288e-05
2024-10-02,10:59:44,8.867,25.94,25.0,2968,15044354.0,4.4508834872661e-05
2024-10-02,10:59:44,8.8719,25.94,25.0,2968,15044354.0,4.4508834872661e-05
2024-10-02,10:59:44,8.8768,25.94,25.0,2968,15044354.0,4.4508834872661e-05
2024-10-02,10:59:44,8.8816,25.94,25.0,2968,15044354.0,4.4508834872661e-05
2024-10-02,10:59:44,8.8864,25.94,25.0,2968,15044354.0,4.4508834872661e-05
2024-10-02,10:59:44,8.8912,25.94,25.0,2967,15044354.0,4.458008051272389e-05
2024-10-02,10:59:44,8.896,25.94,25.0,2966,15044353.0,4.465144019623996e-05
2024-10-02,10:59:44,8.9008,25.94,25.0,2966,15044354.0,4.465144019623996e-05
2024-10-02,10:59:44,8.9057,25.94,25.0,2967,15044354.0,4.458008051272389e-05
2024-10-02,10:59:44,8.9105,25.94,25.0,2966,15044353.0,4.465144019623996e-05
2024-10-02,10:59:44,8.9153,25.94,25.0,2965,15044353.0,4.472291410575956e-05
2024-10-02,10:59:44,8.9201,25.94,25.0,2966,15044353.0,4.465144019623996e-05
2024-10-02,10:59:44,8.925,25.94,25.0,2967,15044353.0,4.458008051272389e-05
2024-10-02,10:59:44,8.9299,25.94,25.0,2966,15044353.0,4.465144019623996e-05
2024-10-02,10:59:44,8.9347,25.94,25.0,2965,15044353.0,4.472291410575956e-05
2024-10-02,10:59:44,8.9395,25.94,25.0,2965,15044353.0,4.472291410575956e-05
2024-10-02,10:59:44,8.9443,25.94,25.0,2964,15044352.0,4.479450242412504e-05
2024-10-02,10:59:44,8.9491,25.94,25.0,2964,15044351.0,4.479450242412504e-05
2024-10-02,10:59:44,8.954,25.94,25.0,2965,15044351.0,4.472291410575956e-05
2024-10-02,10:59:44,8.9588,25.94,25.0,2965,15044352.0,4.472291410575956e-05
2024-10-02,10:59:44,8.9637,25.94,25.0,2964,15044351.0,4.479450242412504e-05
2024-10-02,10:59:44,8.9685,25.94,25.0,2964,15044350.0,4.479450242412504e-05
2024-10-02,10:59:44,8.9733,25.94,25.0,2964,15044351.0,4.479450242412504e-05
2024-10-02,10:59:44,8.9782,25.94,25.0,2964,15044351.0,4.479450242412504e-05
2024-10-02,10:59:44,8.9831,25.94,25.0,2965,15044351.0,4.472291410575956e-05
2024-10-02,10:59:44,8.9879,25.94,25.0,2964,15044352.0,4.479450242412504e-05
2024-10-02,10:59:44,8.9927,25.94,25.0,2963,15044351.0,4.486620533447163e-05
2024-10-02,10:59:44,8.9975,25.94,25.0,2963,15044350.0,4.486620533447163e-05
2024-10-02,10:59:44,9.0023,25.94,25.0,2962,15044349.0,4.493802302022752e-05
2024-10-02,10:59:44,9.0072,25.94,25.0,2962,15044349.0,4.493802302022752e-05
2024-10-02,10:59:44,9.0121,25.94,25.0,2962,15044349.0,4.493802302022752e-05
2024-10-02,10:59:44,9.017,25.94,25.0,2961,15044350.0,4.500995566511469e-05
2024-10-02,10:59:44,9.0218,25.94,25.0,2961,15044350.0,4.500995566511469e-05
2024-10-02,10:59:44,9.0266,25.94,25.0,2962,15044348.0,4.493802302022752e-05
2024-10-02,10:59:44,9.0314,25.94,25.0,2962,15044349.0,4.493802302022752e-05
2024-10-02,10:59:44,9.0362,25.94,25.0,2962,15044349.0,4.493802302022752e-05
2024-10-02,10:59:44,9.0411,25.94,25.0,2962,15044349.0,4.493802302022752e-05
2024-10-02,10:59:44,9.046,25.94,25.0,2961,15044349.0,4.500995566511469e-05
2024-10-02,10:59:44,9.0508,25.94,25.0,2960,15044348.0,4.508200345314904e-05
2024-10-02,10:59:44,9.0556,25.94,25.0,2960,15044348.0,4.508200345314904e-05
2024-10-02,10:59:44,9.0604,25.94,25.0,2961,15044348.0,4.500995566511469e-05
2024-10-02,10:59:44,9.0653,25.94,25.0,2961,15044348.0,4.500995566511469e-05
2024-10-02,10:59:44,9.0702,25.94,25.0,2960,15044348.0,4.508200345314904e-05
2024-10-02,10:59:44,9.075,25.94,25.0,2959,15044348.0,4.515416656864121e-05
2024-10-02,10:59:44,9.0799,25.94,25.0,2959,15044348.0,4.515416656864121e-05
2024-10-02,10:59:44,9.0848,25.94,25.0,2960,15044347.0,4.508200345314904e-05
2024-10-02,10:59:44,9.0896,25.94,25.0,2960,15044347.0,4.508200345314904e-05
2024-10-02,10:59:44,9.0944,25.94,25.0,2960,15044347.0,4.508200345314904e-05
2024-10-02,10:59:44,9.0993,25.94,25.0,2960,15044347.0,4.508200345314904e-05
2024-10-02,10:59:44,9.1041,25.94,25.0,2960,15044346.0,4.508200345314904e-05
2024-10-02,10:59:44,9.1089,25.94,25.0,2959,15044346.0,4.515416656864121e-05
2024-10-02,10:59:44,9.1138,25.94,25.0,2959,15044346.0,4.515416656864121e-05
2024-10-02,10:59:44,9.1187,25.94,25.0,2959,15044346.0,4.515416656864121e-05
2024-10-02,10:59:44,9.1235,25.94,25.0,2958,15044346.0,4.522644519619663e-05
2024-10-02,10:59:44,9.1284,25.94,25.0,2958,15044346.0,4.522644519619663e-05
2024-10-02,10:59:44,9.1333,25.94,25.0,2958,15044346.0,4.522644519619663e-05
2024-10-02,10:59:44,9.1381,25.94,25.0,2957,15044345.0,4.529883952071649e-05
2024-10-02,10:59:44,9.143,25.94,25.0,2957,15044344.0,4.529883952071649e-05
2024-10-02,10:59:44,9.1478,25.94,25.0,2957,15044344.0,4.529883952071649e-05
2024-10-02,10:59:44,9.1526,25.94,25.0,2957,15044345.0,4.529883952071649e-05
2024-10-02,10:59:44,9.1575,25.94,25.0,2958,15044346.0,4.522644519619663e-05
2024-10-02,10:59:44,9.1624,25.94,25.0,2958,15044345.0,4.522644519619663e-05
2024-10-02,10:59:44,9.1672,25.94,25.0,2957,15044344.0,4.529883952071649e-05
2024-10-02,10:59:44,9.1721,25.94,25.0,2957,15044345.0,4.529883952071649e-05
2024-10-02,10:59:44,9.1769,25.94,25.0,2957,15044344.0,4.529883952071649e-05
2024-10-02,10:59:44,9.1818,25.94,25.0,2956,15044345.0,4.537134972739774e-05
2024-10-02,10:59:44,9.1866,25.94,25.0,2956,15044345.0,4.537134972739774e-05
2024-10-02,10:59:44,9.1915,25.94,25.0,2956,15044344.0,4.537134972739774e-05
2024-10-02,10:59:44,9.1964,25.94,25.0,2955,15044343.0,4.544397600173391e-05
2024-10-02,10:59:44,9.2012,25.94,25.0,2955,15044343.0,4.544397600173391e-05
2024-10-02,10:59:44,9.2061,25.94,25.0,2955,15044343.0,4.544397600173391e-05
2024-10-02,10:59:44,9.211,25.94,25.0,2954,15044344.0,4.551671852951535e-05
2024-10-02,10:59:44,9.2158,25.94,25.0,2954,15044343.0,4.551671852951535e-05
2024-10-02,10:59:44,9.2207,25.94,25.0,2955,15044342.0,4.544397600173391e-05
2024-10-02,10:59:44,9.2256,25.94,25.0,2955,15044342.0,4.544397600173391e-05
2024-10-02,10:59:44,9.2304,25.94,25.0,2955,15044343.0,4.544397600173391e-05
2024-10-02,10:59:44,9.2353,25.94,25.0,2956,15044343.0,4.537134972739774e-05
2024-10-02,10:59:44,9.2401,25.94,25.0,2955,15044342.0,4.544397600173391e-05
2024-10-02,10:59:44,9.245,25.94,25.0,2953,15044342.0,4.558957749682996e-05
2024-10-02,10:59:44,9.2499,25.94,25.0,2954,15044342.0,4.551671852951535e-05
2024-10-02,10:59:44,9.2547,25.94,25.0,2955,15044342.0,4.544397600173391e-05
2024-10-02,10:59:44,9.2596,25.94,25.0,2954,15044342.0,4.551671852951535e-05
2024-10-02,10:59:44,9.2645,25.94,25.0,2953,15044342.0,4.558957749682996e-05
2024-10-02,10:59:44,9.2693,25.94,25.0,2953,15044341.0,4.558957749682996e-05
2024-10-02,10:59:44,9.2742,25.94,25.0,2953,15044341.0,4.558957749682996e-05
2024-10-02,10:59:44,9.2791,25.94,25.0,2953,15044340.0,4.558957749682996e-05
2024-10-02,10:59:44,9.284,25.94,25.0,2953,15044341.0,4.558957749682996e-05
2024-10-02,10:59:44,9.2888,25.94,25.0,2953,15044342.0,4.558957749682996e-05
2024-10-02,10:59:44,9.2937,25.94,25.0,2953,15044341.0,4.558957749682996e-05
2024-10-02,10:59:44,9.2985,25.94,25.0,2953,15044340.0,4.558957749682996e-05
2024-10-02,10:59:44,9.3034,25.94,25.0,2952,15044339.0,4.566255309006328e-05
2024-10-02,10:59:44,9.3083,25.94,25.0,2952,15044340.0,4.566255309006328e-05
2024-10-02,10:59:44,9.3132,25.94,25.0,2953,15044341.0,4.558957749682996e-05
2024-10-02,10:59:44,9.318,25.94,25.0,2952,15044340.0,4.566255309006328e-05
2024-10-02,10:59:44,9.3229,25.94,25.0,2951,15044339.0,4.573564549589943e-05
2024-10-02,10:59:44,9.3277,25.94,25.0,2951,15044339.0,4.573564549589943e-05
2024-10-02,10:59:44,9.3326,25.94,25.0,2951,15044339.0,4.573564549589943e-05
2024-10-02,10:59:44,9.3375,25.94,25.0,2952,15044339.0,4.566255309006328e-05
2024-10-02,10:59:44,9.3424,25.94,25.0,2953,15044339.0,4.558957749682996e-05
2024-10-02,10:59:44,9.3472,25.94,25.0,2952,15044339.0,4.566255309006328e-05
2024-10-02,10:59:44,9.352,25.94,25.0,2951,15044339.0,4.573564549589943e-05
2024-10-02,10:59:44,9.3569,25.94,25.0,2951,15044338.0,4.573564549589943e-05
2024-10-02,10:59:44,9.3617,25.94,25.0,2951,15044339.0,4.573564549589943e-05
2024-10-02,10:59:44,9.3666,25.94,25.0,2950,15044340.0,4.580885490132121e-05
2024-10-02,10:59:44,9.3715,25.94,25.0,2950,15044340.0,4.580885490132121e-05
2024-10-02,10:59:44,9.3765,25.94,25.0,2950,15044339.0,4.580885490132121e-05
2024-10-02,10:59:44,9.3813,25.94,25.0,2949,15044338.0,4.58821814936108e-05
2024-10-02,10:59:44,9.3861,25.94,25.0,2950,15044338.0,4.580885490132121e-05
2024-10-02,10:59:44,9.3911,25.94,25.0,2950,15044338.0,4.580885490132121e-05
2024-10-02,10:59:44,9.3959,25.94,25.0,2949,15044338.0,4.58821814936108e-05
2024-10-02,10:59:44,9.4008,25.94,25.0,2949,15044338.0,4.58821814936108e-05
2024-10-02,10:59:44,9.4057,25.94,25.0,2949,15044337.0,4.58821814936108e-05
2024-10-02,10:59:44,9.4106,25.94,25.0,2949,15044337.0,4.58821814936108e-05
2024-10-02,10:59:44,9.4154,25.94,25.0,2949,15044337.0,4.58821814936108e-05
2024-10-02,10:59:44,9.4202,25.94,25.0,2949,15044337.0,4.58821814936108e-05
2024-10-02,10:59:44,9.4252,25.94,25.0,2949,15044336.0,4.58821814936108e-05
2024-10-02,10:59:44,9.43,25.94,25.0,2949,15044336.0,4.58821814936108e-05
2024-10-02,10:59:44,9.4349,25.94,25.0,2949,15044336.0,4.58821814936108e-05
2024-10-02,10:59:44,9.4398,25.94,25.0,2949,15044336.0,4.58821814936108e-05
2024-10-02,10:59:44,9.4446,25.94,25.0,2949,15044336.0,4.58821814936108e-05
2024-10-02,10:59:44,9.4495,25.94,25.0,2948,15044335.0,4.595562546035009e-05
2024-10-02,10:59:44,9.4544,25.94,25.0,2947,15044335.0,4.602918698942135e-05
2024-10-02,10:59:44,9.4593,25.94,25.0,2947,15044335.0,4.602918698942135e-05
2024-10-02,10:59:44,9.4641,25.94,25.0,2947,15044335.0,4.602918698942135e-05
2024-10-02,10:59:44,9.469,25.94,25.0,2947,15044335.0,4.602918698942135e-05
2024-10-02,10:59:44,9.4739,25.94,25.0,2947,15044336.0,4.602918698942135e-05
2024-10-02,10:59:44,9.4787,25.94,25.0,2947,15044336.0,4.602918698942135e-05
2024-10-02,10:59:44,9.4836,25.94,25.0,2947,15044335.0,4.602918698942135e-05
2024-10-02,10:59:44,9.4885,25.94,25.0,2946,15044335.0,4.610286626900744e-05
2024-10-02,10:59:44,9.4934,25.94,25.0,2946,15044335.0,4.610286626900744e-05
2024-10-02,10:59:44,9.4983,25.94,25.0,2947,15044335.0,4.602918698942135e-05
2024-10-02,10:59:44,9.5031,25.94,25.0,2946,15044335.0,4.610286626900744e-05
2024-10-02,10:59:44,9.5079,26.0,25.0,2945,15044335.0,4.617666348759261e-05
2024-10-02,10:59:44,9.5129,26.0,25.0,2945,15044334.0,4.617666348759261e-05
2024-10-02,10:59:44,9.5178,26.0,25.0,2945,15044334.0,4.617666348759261e-05
2024-10-02,10:59:44,9.5226,26.0,25.0,2945,15044334.0,4.617666348759261e-05
2024-10-02,10:59:44,9.5275,26.0,25.0,2945,15044334.0,4.617666348759261e-05
2024-10-02,10:59:44,9.5324,26.0,25.0,2945,15044334.0,4.617666348759261e-05
2024-10-02,10:59:44,9.5374,26.0,25.0,2945,15044333.0,4.617666348759261e-05
2024-10-02,10:59:44,9.5422,26.0,25.0,2946,15044332.0,4.610286626900744e-05
2024-10-02,10:59:44,9.547,26.0,25.0,2946,15044332.0,4.610286626900744e-05
2024-10-02,10:59:44,9.5519,26.0,25.0,2945,15044334.0,4.617666348759261e-05
2024-10-02,10:59:44,9.5568,26.0,25.0,2944,15044333.0,4.625057883396267e-05
2024-10-02,10:59:44,9.5617,26.0,25.0,2943,15044332.0,4.632461249720576e-05
2024-10-02,10:59:44,9.5666,26.0,25.0,2943,15044333.0,4.632461249720576e-05
2024-10-02,10:59:44,9.5715,26.0,25.0,2944,15044333.0,4.625057883396267e-05
2024-10-02,10:59:44,9.5764,26.0,25.0,2944,15044332.0,4.625057883396267e-05
2024-10-02,10:59:44,9.5813,26.0,25.0,2944,15044333.0,4.625057883396267e-05
2024-10-02,10:59:44,9.5861,26.0,25.0,2944,15044332.0,4.625057883396267e-05
2024-10-02,10:59:44,9.591,26.0,25.0,2943,15044331.0,4.632461249720576e-05
2024-10-02,10:59:44,9.5959,26.0,25.0,2943,15044332.0,4.632461249720576e-05
2024-10-02,10:59:44,9.6009,26.0,25.0,2944,15044332.0,4.625057883396267e-05
2024-10-02,10:59:44,9.6057,26.0,25.0,2944,15044332.0,4.625057883396267e-05
2024-10-02,10:59:44,9.6106,26.0,25.0,2943,15044332.0,4.632461249720576e-05
2024-10-02,10:59:44,9.6156,26.0,25.0,2942,15044331.0,4.639876466671254e-05
2024-10-02,10:59:44,9.6204,26.0,25.0,2942,15044331.0,4.639876466671254e-05
2024-10-02,10:59:44,9.6253,26.0,25.0,2943,15044331.0,4.632461249720576e-05
2024-10-02,10:59:44,9.6302,26.0,25.0,2943,15044331.0,4.632461249720576e-05
2024-10-02,10:59:44,9.6351,26.0,25.0,2942,15044331.0,4.639876466671254e-05
2024-10-02,10:59:44,9.64,26.0,25.0,2942,15044330.0,4.639876466671254e-05
2024-10-02,10:59:44,9.6449,26.0,25.0,2942,15044330.0,4.639876466671254e-05
2024-10-02,10:59:44,9.6498,26.0,25.0,2942,15044329.0,4.639876466671254e-05
2024-10-02,10:59:44,9.6547,26.0,25.0,2942,15044330.0,4.639876466671254e-05
2024-10-02,10:59:44,9.6595,26.0,25.0,2941,15044331.0,4.647303553217701e-05
2024-10-02,10:59:44,9.6645,26.0,25.0,2941,15044331.0,4.647303553217701e-05
2024-10-02,10:59:44,9.6694,26.0,25.0,2942,15044329.0,4.639876466671254e-05
2024-10-02,10:59:45,9.6743,26.0,25.0,2941,15044329.0,4.647303553217701e-05
2024-10-02,10:59:45,9.6791,26.0,25.0,2940,15044330.0,4.654742528359661e-05
2024-10-02,10:59:45,9.6841,26.0,25.0,2941,15044330.0,4.647303553217701e-05
2024-10-02,10:59:45,9.689,26.0,25.0,2941,15044330.0,4.647303553217701e-05
2024-10-02,10:59:45,9.6938,26.0,25.0,2940,15044329.0,4.654742528359661e-05
2024-10-02,10:59:45,9.6988,26.0,25.0,2940,15044329.0,4.654742528359661e-05
2024-10-02,10:59:45,9.7037,26.0,25.0,2940,15044329.0,4.654742528359661e-05
2024-10-02,10:59:45,9.7086,26.0,25.0,2940,15044329.0,4.654742528359661e-05
2024-10-02,10:59:45,9.7135,26.0,25.0,2940,15044329.0,4.654742528359661e-05
2024-10-02,10:59:45,9.7184,26.0,25.0,2940,15044328.0,4.654742528359661e-05
2024-10-02,10:59:45,9.7233,26.0,25.0,2940,15044328.0,4.654742528359661e-05
2024-10-02,10:59:45,9.7281,26.0,25.0,2940,15044328.0,4.654742528359661e-05
2024-10-02,10:59:45,9.7331,26.0,25.0,2940,15044329.0,4.654742528359661e-05
2024-10-02,10:59:45,9.738,26.0,25.0,2939,15044329.0,4.662193411127311e-05
2024-10-02,10:59:45,9.7429,26.0,25.0,2938,15044327.0,4.669656220581276e-05
2024-10-02,10:59:45,9.7478,26.0,25.0,2938,15044327.0,4.669656220581276e-05
2024-10-02,10:59:45,9.7527,26.0,25.0,2939,15044327.0,4.662193411127311e-05
2024-10-02,10:59:45,9.7576,26.0,25.0,2939,15044328.0,4.662193411127311e-05
2024-10-02,10:59:45,9.7625,26.0,25.0,2938,15044327.0,4.669656220581276e-05
2024-10-02,10:59:45,9.7674,26.0,25.0,2938,15044327.0,4.669656220581276e-05
2024-10-02,10:59:45,9.7723,26.0,25.0,2938,15044327.0,4.669656220581276e-05
2024-10-02,10:59:45,9.7772,26.0,25.0,2938,15044326.0,4.669656220581276e-05
2024-10-02,10:59:45,9.7821,26.0,25.0,2937,15044325.0,4.677130975812698e-05
2024-10-02,10:59:45,9.787,26.0,25.0,2937,15044326.0,4.677130975812698e-05
2024-10-02,10:59:45,9.792,26.0,25.0,2938,15044326.0,4.669656220581276e-05
2024-10-02,10:59:45,9.7968,26.0,25.0,2938,15044325.0,4.669656220581276e-05
2024-10-02,10:59:45,9.8017,26.0,25.0,2938,15044326.0,4.669656220581276e-05
2024-10-02,10:59:45,9.8067,26.0,25.0,2938,15044327.0,4.669656220581276e-05
2024-10-02,10:59:45,9.8115,26.0,25.0,2938,15044326.0,4.669656220581276e-05
2024-10-02,10:59:45,9.8164,26.0,25.0,2937,15044326.0,4.677130975812698e-05
2024-10-02,10:59:45,9.8214,26.0,25.0,2936,15044325.0,4.684617695943272e-05
2024-10-02,10:59:45,9.8263,26.0,25.0,2936,15044326.0,4.684617695943272e-05
2024-10-02,10:59:45,9.8312,26.0,25.0,2936,15044326.0,4.684617695943272e-05
2024-10-02,10:59:45,9.8361,26.0,25.0,2936,15044325.0,4.684617695943272e-05
2024-10-02,10:59:45,9.841,26.0,25.0,2936,15044325.0,4.684617695943272e-05
2024-10-02,10:59:45,9.8459,26.0,25.0,2936,15044324.0,4.684617695943272e-05
2024-10-02,10:59:45,9.8508,26.0,25.0,2935,15044324.0,4.692116400125314e-05
2024-10-02,10:59:45,9.8558,26.0,25.0,2935,15044325.0,4.692116400125314e-05
2024-10-02,10:59:45,9.8607,26.0,25.0,2936,15044326.0,4.684617695943272e-05
2024-10-02,10:59:45,9.8656,26.0,25.0,2936,15044325.0,4.684617695943272e-05
2024-10-02,10:59:45,9.8705,26.0,25.0,2936,15044324.0,4.684617695943272e-05
2024-10-02,10:59:45,9.8755,26.0,25.0,2936,15044324.0,4.684617695943272e-05
2024-10-02,10:59:45,9.8803,26.0,25.0,2935,15044324.0,4.692116400125314e-05
2024-10-02,10:59:45,9.8852,26.0,25.0,2934,15044324.0,4.699627107541779e-05
2024-10-02,10:59:45,9.8901,26.0,25.0,2934,15044324.0,4.699627107541779e-05
2024-10-02,10:59:45,9.8951,26.0,25.0,2934,15044324.0,4.699627107541779e-05
2024-10-02,10:59:45,9.9,26.0,25.0,2934,15044323.0,4.699627107541779e-05
2024-10-02,10:59:45,9.9049,26.0,25.0,2935,15044323.0,4.692116400125314e-05
2024-10-02,10:59:45,9.9098,26.0,25.0,2935,15044323.0,4.692116400125314e-05
2024-10-02,10:59:45,9.9147,26.0,25.0,2934,15044323.0,4.699627107541779e-05
2024-10-02,10:59:45,9.9196,26.0,25.0,2933,15044323.0,4.707149837406347e-05
2024-10-02,10:59:45,9.9246,26.0,25.0,2934,15044321.0,4.699627107541779e-05
2024-10-02,10:59:45,9.9295,26.0,25.0,2934,15044321.0,4.699627107541779e-05
2024-10-02,10:59:45,9.9344,26.0,25.0,2933,15044322.0,4.707149837406347e-05
2024-10-02,10:59:45,9.9393,26.0,25.0,2933,15044322.0,4.707149837406347e-05
2024-10-02,10:59:45,9.9443,26.0,25.0,2933,15044322.0,4.707149837406347e-05
2024-10-02,10:59:45,9.9493,26.0,25.0,2932,15044321.0,4.714684608963439e-05
2024-10-02,10:59:45,9.9541,26.0,25.0,2931,15044321.0,4.72223144148829e-05
2024-10-02,10:59:45,9.959,26.0,25.0,2932,15044322.0,4.714684608963439e-05
2024-10-02,10:59:45,9.9639,26.0,25.0,2932,15044322.0,4.714684608963439e-05
2024-10-02,10:59:45,9.9689,26.0,25.0,2932,15044322.0,4.714684608963439e-05
2024-10-02,10:59:45,9.9738,26.0,25.0,2932,15044320.0,4.714684608963439e-05
2024-10-02,10:59:45,9.9787,26.0,25.0,2932,15044321.0,4.714684608963439e-05
2024-10-02,10:59:45,9.9836,26.0,25.0,2932,15044322.0,4.714684608963439e-05
2024-10-02,10:59:45,9.9885,26.0,25.0,2932,15044322.0,4.714684608963439e-05
2024-10-02,10:59:45,9.9934,26.0,25.0,2932,15044321.0,4.714684608963439e-05
2024-10-02,10:59:45,9.9984,26.0,25.0,2931,15044320.0,4.72223144148829e-05
2024-10-02,10:59:45,10.0033,26.0,25.0,2931,15044320.0,4.72223144148829e-05
2024-10-02,10:59:45,10.0083,26.0,25.0,2932,15044322.0,4.714684608963439e-05
2024-10-02,10:59:45,10.0132,25.94,25.0,2932,15044321.0,4.714684608963439e-05
2024-10-02,10:59:45,10.0181,25.94,25.0,2931,15044320.0,4.72223144148829e-05
2024-10-02,10:59:45,10.023,25.94,25.0,2931,15044320.0,4.72223144148829e-05
2024-10-02,10:59:45,10.028,25.94,25.0,2930,15044320.0,4.72979035428698e-05
2024-10-02,10:59:45,10.0329,25.94,25.0,2930,15044320.0,4.72979035428698e-05
2024-10-02,10:59:45,10.0378,25.94,25.0,2931,15044320.0,4.72223144148829e-05
2024-10-02,10:59:45,10.0428,25.94,25.0,2930,15044319.0,4.72979035428698e-05
2024-10-02,10:59:45,10.0477,25.94,25.0,2929,15044318.0,4.737361366696506e-05
2024-10-02,10:59:45,10.0526,25.94,25.0,2930,15044319.0,4.72979035428698e-05
2024-10-02,10:59:45,10.0576,25.94,25.0,2931,15044320.0,4.72223144148829e-05
2024-10-02,10:59:45,10.0625,25.94,25.0,2930,15044319.0,4.72979035428698e-05
2024-10-02,10:59:45,10.0675,25.94,25.0,2929,15044319.0,4.737361366696506e-05
2024-10-02,10:59:45,10.0723,25.94,25.0,2929,15044319.0,4.737361366696506e-05
2024-10-02,10:59:45,10.0773,25.94,25.0,2929,15044319.0,4.737361366696506e-05
2024-10-02,10:59:45,10.0822,25.94,25.0,2929,15044319.0,4.737361366696506e-05
2024-10-02,10:59:45,10.0871,25.94,25.0,2929,15044318.0,4.737361366696506e-05
2024-10-02,10:59:45,10.0921,25.94,25.0,2928,15044318.0,4.744944498084801e-05
2024-10-02,10:59:45,10.097,25.94,25.0,2928,15044319.0,4.744944498084801e-05
2024-10-02,10:59:45,10.1019,25.94,25.0,2929,15044318.0,4.737361366696506e-05
2024-10-02,10:59:45,10.1068,25.94,25.0,2929,15044318.0,4.737361366696506e-05
2024-10-02,10:59:45,10.1118,25.94,25.0,2928,15044318.0,4.744944498084801e-05
2024-10-02,10:59:45,10.1167,25.94,25.0,2927,15044317.0,4.752539767850818e-05
2024-10-02,10:59:45,10.1216,25.94,25.0,2928,15044317.0,4.744944498084801e-05
2024-10-02,10:59:45,10.1265,25.94,25.0,2929,15044318.0,4.737361366696506e-05
2024-10-02,10:59:45,10.1315,25.94,25.0,2928,15044318.0,4.744944498084801e-05
2024-10-02,10:59:45,10.1364,25.94,25.0,2927,15044317.0,4.752539767850818e-05
2024-10-02,10:59:45,10.1413,25.94,25.0,2927,15044317.0,4.752539767850818e-05
2024-10-02,10:59:45,10.1463,25.94,25.0,2927,15044317.0,4.752539767850818e-05
2024-10-02,10:59:45,10.1512,25.94,25.0,2927,15044317.0,4.752539767850818e-05
2024-10-02,10:59:45,10.1561,25.94,25.0,2927,15044317.0,4.752539767850818e-05
2024-10-02,10:59:45,10.1611,25.94,25.0,2927,15044317.0,4.752539767850818e-05
2024-10-02,10:59:45,10.166,25.94,25.0,2927,15044317.0,4.752539767850818e-05
2024-10-02,10:59:45,10.171,25.94,25.0,2927,15044316.0,4.752539767850818e-05
2024-10-02,10:59:45,10.1759,25.94,25.0,2927,15044316.0,4.752539767850818e-05
2024-10-02,10:59:45,10.1808,25.94,25.0,2927,15044317.0,4.752539767850818e-05
2024-10-02,10:59:45,10.1857,25.94,25.0,2927,15044316.0,4.752539767850818e-05
2024-10-02,10:59:45,10.1907,25.94,25.0,2927,15044315.0,4.752539767850818e-05
2024-10-02,10:59:45,10.1957,25.94,25.0,2927,15044315.0,4.752539767850818e-05
2024-10-02,10:59:45,10.2006,25.94,25.0,2927,15044316.0,4.752539767850818e-05
2024-10-02,10:59:45,10.2055,25.94,25.0,2927,15044316.0,4.752539767850818e-05
2024-10-02,10:59:45,10.2104,25.94,25.0,2926,15044316.0,4.760147195424543e-05
2024-10-02,10:59:45,10.2154,25.94,25.0,2925,15044315.0,4.767766800267084e-05
2024-10-02,10:59:45,10.2203,25.94,25.0,2925,15044315.0,4.767766800267084e-05
2024-10-02,10:59:45,10.2252,25.94,25.0,2925,15044315.0,4.767766800267084e-05
2024-10-02,10:59:45,10.2302,25.94,25.0,2925,15044316.0,4.767766800267084e-05
2024-10-02,10:59:45,10.2352,25.94,25.0,2925,15044315.0,4.767766800267084e-05
2024-10-02,10:59:45,10.2401,25.94,25.0,2925,15044314.0,4.767766800267084e-05
2024-10-02,10:59:45,10.2451,25.94,25.0,2925,15044315.0,4.767766800267084e-05
2024-10-02,10:59:45,10.2499,25.94,25.0,2925,15044316.0,4.767766800267084e-05
2024-10-02,10:59:45,10.2549,25.94,25.0,2925,15044315.0,4.767766800267084e-05
2024-10-02,10:59:45,10.2599,25.94,25.0,2925,15044313.0,4.767766800267084e-05
2024-10-02,10:59:45,10.2648,25.94,25.0,2924,15044312.0,4.775398601870682e-05
2024-10-02,10:59:45,10.2698,25.94,25.0,2924,15044314.0,4.775398601870682e-05
2024-10-02,10:59:45,10.2747,25.94,25.0,2924,15044313.0,4.775398601870682e-05
2024-10-02,10:59:45,10.2796,25.94,25.0,2924,15044313.0,4.775398601870682e-05
2024-10-02,10:59:45,10.2846,25.94,25.0,2924,15044313.0,4.775398601870682e-05
2024-10-02,10:59:45,10.2896,25.94,25.0,2924,15044313.0,4.775398601870682e-05
2024-10-02,10:59:45,10.2945,25.94,25.0,2924,15044313.0,4.775398601870682e-05
2024-10-02,10:59:45,10.2995,25.94,25.0,2924,15044313.0,4.775398601870682e-05
2024-10-02,10:59:45,10.3044,25.94,25.0,2925,15044314.0,4.767766800267084e-05
2024-10-02,10:59:45,10.3093,25.94,25.0,2925,15044313.0,4.767766800267084e-05
2024-10-02,10:59:45,10.3142,25.94,25.0,2924,15044312.0,4.775398601870682e-05
2024-10-02,10:59:45,10.3191,25.94,25.0,2923,15044313.0,4.783042619758796e-05
2024-10-02,10:59:45,10.3241,25.94,25.0,2923,15044313.0,4.783042619758796e-05
2024-10-02,10:59:45,10.3291,25.94,25.0,2923,15044312.0,4.783042619758796e-05
2024-10-02,10:59:45,10.334,25.94,25.0,2923,15044312.0,4.783042619758796e-05
2024-10-02,10:59:45,10.3389,25.94,25.0,2923,15044312.0,4.783042619758796e-05
2024-10-02,10:59:45,10.3438,25.94,25.0,2923,15044311.0,4.783042619758796e-05
2024-10-02,10:59:45,10.3488,25.94,25.0,2923,15044312.0,4.783042619758796e-05
2024-10-02,10:59:45,10.3537,25.94,25.0,2922,15044312.0,4.790698873486118e-05
2024-10-02,10:59:45,10.3587,25.94,25.0,2922,15044310.0,4.790698873486118e-05
2024-10-02,10:59:45,10.3637,25.94,25.0,2922,15044311.0,4.790698873486118e-05
2024-10-02,10:59:45,10.3687,25.94,25.0,2922,15044312.0,4.790698873486118e-05
2024-10-02,10:59:45,10.3736,25.94,25.0,2923,15044312.0,4.783042619758796e-05
2024-10-02,10:59:45,10.3785,25.94,25.0,2923,15044311.0,4.783042619758796e-05
2024-10-02,10:59:45,10.3834,25.94,25.0,2922,15044310.0,4.790698873486118e-05
2024-10-02,10:59:45,10.3884,25.94,25.0,2922,15044311.0,4.790698873486118e-05
2024-10-02,10:59:45,10.3934,25.94,25.0,2922,15044311.0,4.790698873486118e-05
2024-10-02,10:59:45,10.3983,25.94,25.0,2922,15044310.0,4.790698873486118e-05
2024-10-02,10:59:45,10.4033,25.94,25.0,2921,15044310.0,4.798367382638663e-05
2024-10-02,10:59:45,10.4083,25.94,25.0,2921,15044310.0,4.798367382638663e-05
2024-10-02,10:59:45,10.4132,25.94,25.0,2922,15044311.0,4.790698873486118e-05
2024-10-02,10:59:45,10.4181,25.94,25.0,2922,15044310.0,4.790698873486118e-05
2024-10-02,10:59:45,10.4231,25.94,25.0,2922,15044310.0,4.790698873486118e-05
2024-10-02,10:59:45,10.4281,25.94,25.0,2922,15044309.0,4.790698873486118e-05
2024-10-02,10:59:45,10.433,25.94,25.0,2921,15044309.0,4.798367382638663e-05
2024-10-02,10:59:45,10.438,25.94,25.0,2920,15044310.0,4.806048166833774e-05
2024-10-02,10:59:45,10.443,25.94,25.0,2921,15044310.0,4.798367382638663e-05
2024-10-02,10:59:45,10.4479,25.94,25.0,2921,15044308.0,4.798367382638663e-05
2024-10-02,10:59:45,10.4528,25.94,25.0,2920,15044309.0,4.806048166833774e-05
2024-10-02,10:59:45,10.4577,25.94,25.0,2920,15044310.0,4.806048166833774e-05
2024-10-02,10:59:45,10.4627,25.94,25.0,2921,15044311.0,4.798367382638663e-05
2024-10-02,10:59:45,10.4677,25.94,25.0,2921,15044309.0,4.798367382638663e-05
2024-10-02,10:59:45,10.4726,25.94,25.0,2919,15044308.0,4.81374124572022e-05
2024-10-02,10:59:45,10.4775,25.94,25.0,2919,15044307.0,4.81374124572022e-05
2024-10-02,10:59:45,10.4825,25.94,25.0,2919,15044307.0,4.81374124572022e-05
2024-10-02,10:59:45,10.4875,25.94,25.0,2918,15044309.0,4.821446638978198e-05
2024-10-02,10:59:45,10.4925,25.94,25.0,2919,15044309.0,4.81374124572022e-05
2024-10-02,10:59:45,10.4975,25.94,25.0,2920,15044307.0,4.806048166833774e-05
2024-10-02,10:59:45,10.5024,25.94,25.0,2919,15044306.0,4.81374124572022e-05
2024-10-02,10:59:45,10.5073,25.94,25.0,2918,15044308.0,4.821446638978198e-05
2024-10-02,10:59:45,10.5123,25.94,25.0,2919,15044309.0,4.81374124572022e-05
2024-10-02,10:59:45,10.5173,26.0,25.0,2919,15044307.0,4.81374124572022e-05
2024-10-02,10:59:45,10.5223,26.0,25.0,2918,15044306.0,4.821446638978198e-05
2024-10-02,10:59:45,10.5272,26.0,25.0,2918,15044307.0,4.821446638978198e-05
2024-10-02,10:59:45,10.5322,26.0,25.0,2918,15044307.0,4.821446638978198e-05
2024-10-02,10:59:45,10.5371,26.0,25.0,2918,15044307.0,4.821446638978198e-05
2024-10-02,10:59:45,10.542,26.0,25.0,2918,15044307.0,4.821446638978198e-05
2024-10-02,10:59:45,10.5471,26.0,25.0,2918,15044306.0,4.821446638978198e-05
2024-10-02,10:59:45,10.5521,26.0,25.0,2918,15044306.0,4.821446638978198e-05
2024-10-02,10:59:45,10.557,26.0,25.0,2918,15044307.0,4.821446638978198e-05
2024-10-02,10:59:45,10.5619,26.0,25.0,2918,15044307.0,4.821446638978198e-05
2024-10-02,10:59:45,10.5669,26.0,25.0,2918,15044306.0,4.821446638978198e-05
2024-10-02,10:59:45,10.5719,26.0,25.0,2917,15044305.0,4.82916436631943e-05
2024-10-02,10:59:45,10.5768,26.0,25.0,2917,15044306.0,4.82916436631943e-05
2024-10-02,10:59:45,10.5817,26.0,25.0,2918,15044307.0,4.821446638978198e-05
2024-10-02,10:59:45,10.5868,26.0,25.0,2917,15044305.0,4.82916436631943e-05
2024-10-02,10:59:45,10.5918,26.0,25.0,2916,15044305.0,4.836894447487169e-05
2024-10-02,10:59:45,10.5967,26.0,25.0,2916,15044306.0,4.836894447487169e-05
2024-10-02,10:59:45,10.6016,26.0,25.0,2916,15044306.0,4.836894447487169e-05
2024-10-02,10:59:45,10.6065,26.0,25.0,2916,15044305.0,4.836894447487169e-05
2024-10-02,10:59:45,10.6115,26.0,25.0,2916,15044305.0,4.836894447487169e-05
2024-10-02,10:59:45,10.6165,26.0,25.0,2916,15044305.0,4.836894447487169e-05
2024-10-02,10:59:45,10.6215,26.0,25.0,2916,15044304.0,4.836894447487169e-05
2024-10-02,10:59:45,10.6265,26.0,25.0,2916,15044306.0,4.836894447487169e-05
2024-10-02,10:59:45,10.6315,26.0,25.0,2916,15044305.0,4.836894447487169e-05
2024-10-02,10:59:45,10.6365,26.0,25.0,2917,15044303.0,4.82916436631943e-05
2024-10-02,10:59:45,10.6414,26.0,25.0,2917,15044303.0,4.82916436631943e-05
2024-10-02,10:59:45,10.6464,26.0,25.0,2916,15044305.0,4.836894447487169e-05
2024-10-02,10:59:45,10.6513,26.0,25.0,2915,15044304.0,4.84463690225629e-05
2024-10-02,10:59:45,10.6563,26.0,25.0,2915,15044303.0,4.84463690225629e-05
2024-10-02,10:59:45,10.6613,26.0,25.0,2916,15044304.0,4.836894447487169e-05
2024-10-02,10:59:45,10.6662,26.0,25.0,2916,15044304.0,4.836894447487169e-05
2024-10-02,10:59:45,10.6712,26.0,25.0,2916,15044304.0,4.836894447487169e-05
2024-10-02,10:59:46,10.6762,26.0,25.0,2916,15044304.0,4.836894447487169e-05
2024-10-02,10:59:46,10.6812,26.0,25.0,2915,15044303.0,4.84463690225629e-05
2024-10-02,10:59:46,10.6862,26.0,25.0,2915,15044303.0,4.84463690225629e-05
2024-10-02,10:59:46,10.6912,26.0,25.0,2915,15044302.0,4.84463690225629e-05
2024-10-02,10:59:46,10.6961,26.0,25.0,2914,15044303.0,4.852391750433305e-05
2024-10-02,10:59:46,10.701,26.0,25.0,2914,15044303.0,4.852391750433305e-05
2024-10-02,10:59:46,10.7061,26.0,25.0,2915,15044302.0,4.84463690225629e-05
2024-10-02,10:59:46,10.7111,26.0,25.0,2916,15044303.0,4.836894447487169e-05
2024-10-02,10:59:46,10.716,26.0,25.0,2915,15044303.0,4.84463690225629e-05
2024-10-02,10:59:46,10.721,26.0,25.0,2914,15044303.0,4.852391750433305e-05
2024-10-02,10:59:46,10.726,26.0,25.0,2914,15044303.0,4.852391750433305e-05
2024-10-02,10:59:46,10.7309,26.0,25.0,2914,15044303.0,4.852391750433305e-05
2024-10-02,10:59:46,10.7358,26.0,25.0,2914,15044303.0,4.852391750433305e-05
2024-10-02,10:59:46,10.7408,26.0,25.0,2914,15044302.0,4.852391750433305e-05
2024-10-02,10:59:46,10.7458,26.0,25.0,2914,15044302.0,4.852391750433305e-05
2024-10-02,10:59:46,10.7507,26.0,25.0,2914,15044302.0,4.852391750433305e-05
2024-10-02,10:59:46,10.7557,26.0,25.0,2914,15044301.0,4.852391750433305e-05
2024-10-02,10:59:46,10.7607,26.0,25.0,2914,15044302.0,4.852391750433305e-05
2024-10-02,10:59:46,10.7657,26.0,25.0,2913,15044302.0,4.86015901185645e-05
2024-10-02,10:59:46,10.7706,26.0,25.0,2912,15044301.0,4.867938706395693e-05
2024-10-02,10:59:46,10.7756,26.0,25.0,2913,15044300.0,4.86015901185645e-05
2024-10-02,10:59:46,10.7806,26.0,25.0,2913,15044300.0,4.86015901185645e-05
2024-10-02,10:59:46,10.7856,26.0,25.0,2912,15044301.0,4.867938706395693e-05
2024-10-02,10:59:46,10.7905,26.0,25.0,2912,15044300.0,4.867938706395693e-05
2024-10-02,10:59:46,10.7955,26.0,25.0,2912,15044300.0,4.867938706395693e-05
2024-10-02,10:59:46,10.8005,26.0,25.0,2912,15044300.0,4.867938706395693e-05
2024-10-02,10:59:46,10.8055,26.0,25.0,2913,15044300.0,4.86015901185645e-05
2024-10-02,10:59:46,10.8105,26.0,25.0,2913,15044300.0,4.86015901185645e-05
2024-10-02,10:59:46,10.8154,26.0,25.0,2912,15044301.0,4.867938706395693e-05
2024-10-02,10:59:46,10.8204,26.0,25.0,2912,15044300.0,4.867938706395693e-05
2024-10-02,10:59:46,10.8253,26.0,25.0,2913,15044300.0,4.86015901185645e-05
2024-10-02,10:59:46,10.8303,26.0,25.0,2913,15044300.0,4.86015901185645e-05
2024-10-02,10:59:46,10.8353,26.0,25.0,2912,15044300.0,4.867938706395693e-05
2024-10-02,10:59:46,10.8403,26.0,25.0,2911,15044299.0,4.875730853952832e-05
2024-10-02,10:59:46,10.8453,26.0,25.0,2912,15044299.0,4.867938706395693e-05
2024-10-02,10:59:46,10.8503,26.0,25.0,2913,15044299.0,4.86015901185645e-05
2024-10-02,10:59:46,10.8553,26.0,25.0,2911,15044300.0,4.875730853952832e-05
2024-10-02,10:59:46,10.8602,26.0,25.0,2910,15044299.0,4.883535474461499e-05
2024-10-02,10:59:46,10.8651,26.0,25.0,2911,15044299.0,4.875730853952832e-05
2024-10-02,10:59:46,10.8701,26.0,25.0,2911,15044299.0,4.875730853952832e-05
2024-10-02,10:59:46,10.8752,26.0,25.0,2911,15044299.0,4.875730853952832e-05
2024-10-02,10:59:46,10.8801,26.0,25.0,2911,15044299.0,4.875730853952832e-05
2024-10-02,10:59:46,10.8851,26.0,25.0,2911,15044298.0,4.875730853952832e-05
2024-10-02,10:59:46,10.8901,26.0,25.0,2911,15044298.0,4.875730853952832e-05
2024-10-02,10:59:46,10.8951,26.0,25.0,2911,15044299.0,4.875730853952832e-05
2024-10-02,10:59:46,10.9001,26.0,25.0,2912,15044299.0,4.867938706395693e-05
2024-10-02,10:59:46,10.9051,26.0,25.0,2911,15044298.0,4.875730853952832e-05
2024-10-02,10:59:46,10.9101,26.0,25.0,2910,15044298.0,4.883535474461499e-05
2024-10-02,10:59:46,10.915,26.0,25.0,2910,15044298.0,4.883535474461499e-05
2024-10-02,10:59:46,10.92,26.0,25.0,2910,15044298.0,4.883535474461499e-05
2024-10-02,10:59:46,10.9249,26.0,25.0,2910,15044298.0,4.883535474461499e-05
2024-10-02,10:59:46,10.93,26.0,25.0,2909,15044298.0,4.891352587887254e-05
2024-10-02,10:59:46,10.935,26.0,25.0,2909,15044297.0,4.891352587887254e-05
2024-10-02,10:59:46,10.94,26.0,25.0,2910,15044297.0,4.883535474461499e-05
2024-10-02,10:59:46,10.945,26.0,25.0,2910,15044299.0,4.883535474461499e-05
2024-10-02,10:59:46,10.95,26.0,25.0,2910,15044299.0,4.883535474461499e-05
2024-10-02,10:59:46,10.955,26.0,25.0,2910,15044297.0,4.883535474461499e-05
2024-10-02,10:59:46,10.9599,26.0,25.0,2909,15044297.0,4.891352587887254e-05
2024-10-02,10:59:46,10.9649,26.0,25.0,2909,15044298.0,4.891352587887254e-05
2024-10-02,10:59:46,10.9699,26.0,25.0,2910,15044298.0,4.883535474461499e-05
2024-10-02,10:59:46,10.9748,26.0,25.0,2910,15044297.0,4.883535474461499e-05
2024-10-02,10:59:46,10.9798,26.0,25.0,2910,15044297.0,4.883535474461499e-05
2024-10-02,10:59:46,10.9848,26.0,25.0,2910,15044298.0,4.883535474461499e-05
2024-10-02,10:59:46,10.9898,26.0,25.0,2910,15044298.0,4.883535474461499e-05
2024-10-02,10:59:46,10.9948,26.0,25.0,2910,15044297.0,4.883535474461499e-05
2024-10-02,10:59:46,10.9997,26.0,25.0,2909,15044296.0,4.891352587887254e-05
2024-10-02,10:59:46,11.0047,26.0,25.0,2909,15044296.0,4.891352587887254e-05
2024-10-02,10:59:46,11.0097,26.0,25.0,2909,15044295.0,4.891352587887254e-05
2024-10-02,10:59:46,11.0146,26.0,25.0,2908,15044296.0,4.8991822142276e-05
2024-10-02,10:59:46,11.0196,25.94,25.0,2907,15044296.0,4.907024373512066e-05
2024-10-02,10:59:46,11.0247,25.94,25.0,2908,15044295.0,4.8991822142276e-05
2024-10-02,10:59:46,11.0297,25.94,25.0,2909,15044295.0,4.891352587887254e-05
2024-10-02,10:59:46,11.0346,25.94,25.0,2909,15044296.0,4.891352587887254e-05
2024-10-02,10:59:46,11.0396,25.94,25.0,2908,15044296.0,4.8991822142276e-05
2024-10-02,10:59:46,11.0446,25.94,25.0,2907,15044293.0,4.907024373512066e-05
2024-10-02,10:59:46,11.0496,25.94,25.0,2910,15044295.0,4.883535474461499e-05
2024-10-02,10:59:46,11.0545,25.94,25.0,2907,15044301.0,4.907024373512066e-05
2024-10-02,10:59:46,11.0594,25.94,25.0,2906,15044299.0,4.914879085802224e-05
2024-10-02,10:59:46,11.0644,25.94,25.0,2909,15044298.0,4.891352587887254e-05
2024-10-02,10:59:46,11.0694,25.94,25.0,2905,15044293.0,4.922746371191775e-05
2024-10-02,10:59:46,11.0745,25.94,25.0,2908,15044290.0,4.8991822142276e-05
2024-10-02,10:59:46,11.0795,25.94,25.0,2910,15044292.0,4.883535474461499e-05
2024-10-02,10:59:46,11.0845,25.94,25.0,2906,15044293.0,4.914879085802224e-05
2024-10-02,10:59:46,11.0895,25.94,25.0,2907,15044295.0,4.907024373512066e-05
2024-10-02,10:59:46,11.0945,25.94,25.0,2906,15044299.0,4.914879085802224e-05
2024-10-02,10:59:46,11.0995,25.94,25.0,2905,15044298.0,4.922746371191775e-05
2024-10-02,10:59:46,11.1045,25.94,25.0,2907,15044296.0,4.907024373512066e-05
2024-10-02,10:59:46,11.1095,25.94,25.0,2906,15044294.0,4.914879085802224e-05
2024-10-02,10:59:46,11.1145,25.94,25.0,2906,15044292.0,4.914879085802224e-05
2024-10-02,10:59:46,11.1195,25.94,25.0,2907,15044294.0,4.907024373512066e-05
2024-10-02,10:59:46,11.1244,25.94,25.0,2906,15044296.0,4.914879085802224e-05
2024-10-02,10:59:46,11.1294,25.94,25.0,2907,15044296.0,4.907024373512066e-05
2024-10-02,10:59:46,11.1345,25.94,25.0,2908,15044295.0,4.8991822142276e-05
2024-10-02,10:59:46,11.1395,25.94,25.0,2906,15044294.0,4.914879085802224e-05
2024-10-02,10:59:46,11.1444,25.94,25.0,2906,15044295.0,4.914879085802224e-05
2024-10-02,10:59:46,11.1494,25.94,25.0,2907,15044295.0,4.907024373512066e-05
2024-10-02,10:59:46,11.1544,25.94,25.0,2907,15044293.0,4.907024373512066e-05
2024-10-02,10:59:46,11.1594,25.94,25.0,2907,15044293.0,4.907024373512066e-05
2024-10-02,10:59:46,11.1644,25.94,25.0,2906,15044295.0,4.914879085802224e-05
2024-10-02,10:59:46,11.1694,25.94,25.0,2905,15044294.0,4.922746371191775e-05
2024-10-02,10:59:46,11.1744,25.94,25.0,2906,15044294.0,4.914879085802224e-05
2024-10-02,10:59:46,11.1793,25.94,25.0,2906,15044293.0,4.914879085802224e-05
2024-10-02,10:59:46,11.1843,25.94,25.0,2905,15044292.0,4.922746371191775e-05
2024-10-02,10:59:46,11.1893,25.94,25.0,2905,15044293.0,4.922746371191775e-05
2024-10-02,10:59:46,11.1943,25.94,25.0,2905,15044294.0,4.922746371191775e-05
2024-10-02,10:59:46,11.1993,25.94,25.0,2905,15044293.0,4.922746371191775e-05
2024-10-02,10:59:46,11.2044,25.94,25.0,2905,15044292.0,4.922746371191775e-05
2024-10-02,10:59:46,11.2094,25.94,25.0,2905,15044293.0,4.922746371191775e-05
2024-10-02,10:59:46,11.2144,25.94,25.0,2905,15044294.0,4.922746371191775e-05
2024-10-02,10:59:46,11.2193,25.94,25.0,2905,15044293.0,4.922746371191775e-05
2024-10-02,10:59:46,11.2243,25.94,25.0,2906,15044292.0,4.914879085802224e-05
2024-10-02,10:59:46,11.2293,25.94,25.0,2906,15044293.0,4.914879085802224e-05
2024-10-02,10:59:46,11.2343,25.94,25.0,2905,15044293.0,4.922746371191775e-05
2024-10-02,10:59:46,11.2394,25.94,25.0,2904,15044293.0,4.930626249806574e-05
2024-10-02,10:59:46,11.2444,25.94,25.0,2904,15044292.0,4.930626249806574e-05
2024-10-02,10:59:46,11.2494,25.94,25.0,2904,15044291.0,4.930626249806574e-05
2024-10-02,10:59:46,11.2544,25.94,25.0,2904,15044292.0,4.930626249806574e-05
2024-10-02,10:59:46,11.2593,25.94,25.0,2905,15044292.0,4.922746371191775e-05
2024-10-02,10:59:46,11.2643,25.94,25.0,2905,15044292.0,4.922746371191775e-05
2024-10-02,10:59:46,11.2693,25.94,25.0,2904,15044291.0,4.930626249806574e-05
2024-10-02,10:59:46,11.2743,25.94,25.0,2904,15044292.0,4.930626249806574e-05
2024-10-02,10:59:46,11.2793,25.94,25.0,2905,15044294.0,4.922746371191775e-05
2024-10-02,10:59:46,11.2844,25.94,25.0,2905,15044292.0,4.922746371191775e-05
2024-10-02,10:59:46,11.2894,25.94,25.0,2904,15044291.0,4.930626249806574e-05
2024-10-02,10:59:46,11.2943,25.94,25.0,2904,15044292.0,4.930626249806574e-05
2024-10-02,10:59:46,11.2993,25.94,25.0,2904,15044292.0,4.930626249806574e-05
2024-10-02,10:59:46,11.3043,25.94,25.0,2903,15044292.0,4.938518741804698e-05
2024-10-02,10:59:46,11.3094,25.94,25.0,2903,15044291.0,4.938518741804698e-05
2024-10-02,10:59:46,11.3145,25.94,25.0,2904,15044291.0,4.930626249806574e-05
2024-10-02,10:59:46,11.3194,25.94,25.0,2904,15044291.0,4.930626249806574e-05
2024-10-02,10:59:46,11.3244,25.94,25.0,2903,15044291.0,4.938518741804698e-05
2024-10-02,10:59:46,11.3294,25.94,25.0,2903,15044292.0,4.938518741804698e-05
2024-10-02,10:59:46,11.3344,25.94,25.0,2903,15044291.0,4.938518741804698e-05
2024-10-02,10:59:46,11.3394,25.94,25.0,2903,15044291.0,4.938518741804698e-05
2024-10-02,10:59:46,11.3444,25.94,25.0,2903,15044292.0,4.938518741804698e-05
2024-10-02,10:59:46,11.3495,25.94,25.0,2902,15044291.0,4.946423867376484e-05
2024-10-02,10:59:46,11.3545,25.94,25.0,2902,15044290.0,4.946423867376484e-05
2024-10-02,10:59:46,11.3594,25.94,25.0,2902,15044290.0,4.946423867376484e-05
2024-10-02,10:59:46,11.3645,25.94,25.0,2902,15044290.0,4.946423867376484e-05
2024-10-02,10:59:46,11.3696,25.94,25.0,2902,15044290.0,4.946423867376484e-05
2024-10-02,10:59:46,11.3745,25.94,25.0,2902,15044290.0,4.946423867376484e-05
2024-10-02,10:59:46,11.3795,25.94,25.0,2902,15044290.0,4.946423867376484e-05
2024-10-02,10:59:46,11.3846,25.94,25.0,2902,15044290.0,4.946423867376484e-05
2024-10-02,10:59:46,11.3896,25.94,25.0,2903,15044291.0,4.938518741804698e-05
2024-10-02,10:59:46,11.3946,25.94,25.0,2903,15044290.0,4.938518741804698e-05
2024-10-02,10:59:46,11.3996,25.94,25.0,2902,15044289.0,4.946423867376484e-05
2024-10-02,10:59:46,11.4046,25.94,25.0,2902,15044290.0,4.946423867376484e-05
2024-10-02,10:59:46,11.4096,25.94,25.0,2903,15044291.0,4.938518741804698e-05
2024-10-02,10:59:46,11.4147,25.94,25.0,2902,15044290.0,4.946423867376484e-05
2024-10-02,10:59:46,11.4197,25.94,25.0,2901,15044290.0,4.954341646744599e-05
2024-10-02,10:59:46,11.4247,25.94,25.0,2901,15044290.0,4.954341646744599e-05
2024-10-02,10:59:46,11.4297,25.94,25.0,2901,15044290.0,4.954341646744599e-05
2024-10-02,10:59:46,11.4347,25.94,25.0,2902,15044290.0,4.946423867376484e-05
2024-10-02,10:59:46,11.4397,25.94,25.0,2902,15044289.0,4.946423867376484e-05
2024-10-02,10:59:46,11.4448,25.94,25.0,2902,15044289.0,4.946423867376484e-05
2024-10-02,10:59:46,11.4498,25.94,25.0,2902,15044289.0,4.946423867376484e-05
2024-10-02,10:59:46,11.4548,25.94,25.0,2901,15044289.0,4.954341646744599e-05
2024-10-02,10:59:46,11.4598,25.94,25.0,2900,15044289.0,4.962272100164065e-05
2024-10-02,10:59:46,11.4649,25.94,25.0,2901,15044288.0,4.954341646744599e-05
2024-10-02,10:59:46,11.4698,25.94,25.0,2902,15044289.0,4.946423867376484e-05
2024-10-02,10:59:46,11.4748,25.94,25.0,2901,15044290.0,4.954341646744599e-05
2024-10-02,10:59:46,11.4798,25.94,25.0,2900,15044289.0,4.962272100164065e-05
2024-10-02,10:59:46,11.4849,25.94,25.0,2900,15044289.0,4.962272100164065e-05
2024-10-02,10:59:46,11.4899,25.94,25.0,2901,15044289.0,4.954341646744599e-05
2024-10-02,10:59:46,11.4949,25.94,25.0,2901,15044289.0,4.954341646744599e-05
2024-10-02,10:59:46,11.4999,25.94,25.0,2901,15044289.0,4.954341646744599e-05
2024-10-02,10:59:46,11.5049,25.94,25.0,2901,15044288.0,4.954341646744599e-05
2024-10-02,10:59:46,11.5099,25.94,25.0,2900,15044288.0,4.962272100164065e-05
2024-10-02,10:59:46,11.5149,25.94,25.0,2900,15044289.0,4.962272100164065e-05
2024-10-02,10:59:46,11.5199,25.94,25.0,2901,15044289.0,4.954341646744599e-05
2024-10-02,10:59:46,11.5249,25.94,25.0,2901,15044288.0,4.954341646744599e-05
2024-10-02,10:59:46,11.5299,25.94,25.0,2900,15044288.0,4.962272100164065e-05
2024-10-02,10:59:46,11.535,25.94,25.0,2900,15044289.0,4.962272100164065e-05
2024-10-02,10:59:46,11.54,25.94,25.0,2901,15044289.0,4.954341646744599e-05
2024-10-02,10:59:46,11.545,25.94,25.0,2901,15044288.0,4.954341646744599e-05
2024-10-02,10:59:46,11.55,25.94,25.0,2900,15044288.0,4.962272100164065e-05
2024-10-02,10:59:46,11.555,25.94,25.0,2900,15044288.0,4.962272100164065e-05
2024-10-02,10:59:46,11.56,25.94,25.0,2900,15044288.0,4.962272100164065e-05
2024-10-02,10:59:46,11.565,25.94,25.0,2900,15044288.0,4.962272100164065e-05
2024-10-02,10:59:46,11.57,25.94,25.0,2900,15044289.0,4.962272100164065e-05
2024-10-02,10:59:46,11.575,25.94,25.0,2900,15044288.0,4.962272100164065e-05
2024-10-02,10:59:46,11.58,25.94,25.0,2900,15044286.0,4.962272100164065e-05
2024-10-02,10:59:46,11.585,25.94,25.0,2899,15044288.0,4.970215247922345e-05
2024-10-02,10:59:46,11.59,25.94,25.0,2899,15044288.0,4.970215247922345e-05
2024-10-02,10:59:46,11.595,25.94,25.0,2900,15044287.0,4.962272100164065e-05
2024-10-02,10:59:46,11.6001,25.94,25.0,2900,15044287.0,4.962272100164065e-05
2024-10-02,10:59:46,11.6051,25.94,25.0,2899,15044288.0,4.970215247922345e-05
2024-10-02,10:59:46,11.6101,25.94,25.0,2899,15044288.0,4.970215247922345e-05
2024-10-02,10:59:46,11.6151,25.94,25.0,2899,15044288.0,4.970215247922345e-05
2024-10-02,10:59:46,11.6201,25.94,25.0,2899,15044288.0,4.970215247922345e-05
2024-10-02,10:59:46,11.6251,25.94,25.0,2899,15044288.0,4.970215247922345e-05
2024-10-02,10:59:46,11.6302,25.94,25.0,2900,15044288.0,4.962272100164065e-05
2024-10-02,10:59:46,11.6352,25.94,25.0,2900,15044288.0,4.962272100164065e-05
2024-10-02,10:59:46,11.6401,25.94,25.0,2898,15044287.0,4.978171110339357e-05
2024-10-02,10:59:46,11.6452,25.94,25.0,2898,15044288.0,4.978171110339357e-05
2024-10-02,10:59:46,11.6502,25.94,25.0,2899,15044288.0,4.970215247922345e-05
2024-10-02,10:59:46,11.6552,25.94,25.0,2899,15044287.0,4.970215247922345e-05
2024-10-02,10:59:46,11.6602,25.94,25.0,2898,15044286.0,4.978171110339357e-05
2024-10-02,10:59:46,11.6652,25.94,25.0,2898,15044286.0,4.978171110339357e-05
2024-10-02,10:59:46,11.6702,25.94,25.0,2899,15044287.0,4.970215247922345e-05
2024-10-02,10:59:47,11.6753,25.94,25.0,2899,15044287.0,4.970215247922345e-05
2024-10-02,10:59:47,11.6803,25.94,25.0,2898,15044286.0,4.978171110339357e-05
2024-10-02,10:59:47,11.6853,25.94,25.0,2898,15044286.0,4.978171110339357e-05
2024-10-02,10:59:47,11.6903,25.94,25.0,2898,15044286.0,4.978171110339357e-05
2024-10-02,10:59:47,11.6953,25.94,25.0,2898,15044286.0,4.978171110339357e-05
2024-10-02,10:59:47,11.7003,25.94,25.0,2898,15044286.0,4.978171110339357e-05
2024-10-02,10:59:47,11.7054,25.94,25.0,2898,15044285.0,4.978171110339357e-05
2024-10-02,10:59:47,11.7104,25.94,25.0,2898,15044285.0,4.978171110339357e-05
2024-10-02,10:59:47,11.7153,25.94,25.0,2898,15044287.0,4.978171110339357e-05
2024-10-02,10:59:47,11.7204,25.94,25.0,2898,15044286.0,4.978171110339357e-05
2024-10-02,10:59:47,11.7255,25.94,25.0,2898,15044286.0,4.978171110339357e-05
2024-10-02,10:59:47,11.7305,25.94,25.0,2898,15044285.0,4.978171110339357e-05
2024-10-02,10:59:47,11.7354,25.94,25.0,2898,15044285.0,4.978171110339357e-05
2024-10-02,10:59:47,11.7404,25.94,25.0,2897,15044285.0,4.986139707767562e-05
2024-10-02,10:59:47,11.7455,25.94,25.0,2896,15044285.0,4.994121060591984e-05
2024-10-02,10:59:47,11.7505,25.94,25.0,2897,15044286.0,4.986139707767562e-05
2024-10-02,10:59:47,11.7556,25.94,25.0,2897,15044286.0,4.986139707767562e-05
2024-10-02,10:59:47,11.7607,25.94,25.0,2897,15044286.0,4.986139707767562e-05
2024-10-02,10:59:47,11.7657,25.94,25.0,2897,15044285.0,4.986139707767562e-05
2024-10-02,10:59:47,11.7706,25.94,25.0,2896,15044284.0,4.994121060591984e-05
2024-10-02,10:59:47,11.7757,25.94,25.0,2896,15044285.0,4.994121060591984e-05
