Date,Time,Relative_time,Ambient,Temperature,Peak Magnitude (RAW),Resonance_Frequency,Dissipation
2024-07-25,09:43:29,0.0542,26.56,25.0,3265,15257468.0,2.767854527049332e-05
2024-07-25,09:43:29,0.0822,26.56,25.0,3234,15257827.0,2.908550219758169e-05
2024-07-25,09:43:29,0.1129,26.56,25.0,3259,15257738.0,2.794544292364388e-05
2024-07-25,09:43:29,0.1176,26.56,25.0,3254,15257739.0,2.816982255235571e-05
2024-07-25,09:43:29,0.1222,26.56,25.0,3252,15257738.0,2.826007804144532e-05
2024-07-25,09:43:29,0.1268,26.56,25.0,3253,15257738.0,2.821491420761792e-05
2024-07-25,09:43:29,0.1313,26.56,25.0,3253,15257738.0,2.821491420761792e-05
2024-07-25,09:43:29,0.1359,26.56,25.0,3251,15257739.0,2.830531416937475e-05
2024-07-25,09:43:29,0.1405,26.56,25.0,3252,15257739.0,2.826007804144532e-05
2024-07-25,09:43:29,0.1449,26.56,25.0,3253,15257739.0,2.821491420761792e-05
2024-07-25,09:43:29,0.1496,26.56,25.0,3254,15257739.0,2.816982255235571e-05
2024-07-25,09:43:29,0.1542,26.56,25.0,3254,15257739.0,2.816982255235571e-05
2024-07-25,09:43:29,0.1586,26.56,25.0,3253,15257739.0,2.821491420761792e-05
2024-07-25,09:43:29,0.1631,26.56,25.0,3253,15257739.0,2.821491420761792e-05
2024-07-25,09:43:29,0.1677,26.56,25.0,3254,15257740.0,2.816982255235571e-05
2024-07-25,09:43:29,0.1723,26.56,25.0,3254,15257740.0,2.816982255235571e-05
2024-07-25,09:43:29,0.1769,26.56,25.0,3253,15257739.0,2.821491420761792e-05
2024-07-25,09:43:29,0.1816,26.56,25.0,3254,15257739.0,2.816982255235571e-05
2024-07-25,09:43:29,0.1862,26.56,25.0,3254,15257739.0,2.816982255235571e-05
2024-07-25,09:43:29,0.1906,26.56,25.0,3253,15257739.0,2.821491420761792e-05
2024-07-25,09:43:29,0.1951,26.56,25.0,3253,15257739.0,2.821491420761792e-05
2024-07-25,09:43:29,0.1997,26.56,25.0,3253,15257739.0,2.821491420761792e-05
2024-07-25,09:43:29,0.2043,26.56,25.0,3254,15257739.0,2.816982255235571e-05
2024-07-25,09:43:29,0.2089,26.56,25.0,3254,15257739.0,2.816982255235571e-05
2024-07-25,09:43:29,0.2136,26.56,25.0,3254,15257739.0,2.816982255235571e-05
2024-07-25,09:43:29,0.2182,26.56,25.0,3254,15257740.0,2.816982255235571e-05
2024-07-25,09:43:29,0.2226,26.56,25.0,3253,15257740.0,2.821491420761792e-05
2024-07-25,09:43:29,0.2271,26.56,25.0,3253,15257740.0,2.821491420761792e-05
2024-07-25,09:43:29,0.2317,26.56,25.0,3253,15257740.0,2.821491420761792e-05
2024-07-25,09:43:29,0.2363,26.56,25.0,3253,15257739.0,2.821491420761792e-05
2024-07-25,09:43:29,0.2409,26.56,25.0,3254,15257740.0,2.816982255235571e-05
2024-07-25,09:43:29,0.25,26.56,25.0,3254,15257739.0,2.816982255235571e-05
2024-07-25,09:43:29,0.2545,26.56,25.0,3253,15257740.0,2.821491420761792e-05
2024-07-25,09:43:29,0.2591,26.56,25.0,3252,15257739.0,2.826007804144532e-05
2024-07-25,09:43:29,0.2637,26.56,25.0,3253,15257739.0,2.821491420761792e-05
2024-07-25,09:43:29,0.2683,26.56,25.0,3254,15257739.0,2.816982255235571e-05
2024-07-25,09:43:29,0.2728,26.56,25.0,3255,15257739.0,2.812480296030659e-05
2024-07-25,09:43:29,0.2773,26.56,25.0,3254,15257739.0,2.816982255235571e-05
2024-07-25,09:43:29,0.2819,26.56,25.0,3253,15257740.0,2.821491420761792e-05
2024-07-25,09:43:29,0.2865,26.56,25.0,3254,15257740.0,2.816982255235571e-05
2024-07-25,09:43:29,0.2911,26.56,25.0,3255,15257739.0,2.812480296030659e-05
2024-07-25,09:43:29,0.3001,26.56,25.0,3254,15257740.0,2.816982255235571e-05
2024-07-25,09:43:29,0.3047,26.56,25.0,3254,15257740.0,2.816982255235571e-05
2024-07-25,09:43:29,0.3093,26.56,25.0,3254,15257740.0,2.816982255235571e-05
2024-07-25,09:43:29,0.3139,26.56,25.0,3254,15257740.0,2.816982255235571e-05
2024-07-25,09:43:29,0.3185,26.56,25.0,3254,15257740.0,2.816982255235571e-05
2024-07-25,09:43:29,0.3231,26.56,25.0,3253,15257739.0,2.821491420761792e-05
2024-07-25,09:43:29,0.3276,26.56,25.0,3253,15257740.0,2.821491420761792e-05
2024-07-25,09:43:29,0.3321,26.56,25.0,3254,15257740.0,2.816982255235571e-05
2024-07-25,09:43:29,0.3367,26.56,25.0,3254,15257740.0,2.816982255235571e-05
2024-07-25,09:43:29,0.3413,26.56,25.0,3254,15257740.0,2.816982255235571e-05
2024-07-25,09:43:29,0.3504,26.56,25.0,3254,15257738.0,2.816982255235571e-05
2024-07-25,09:43:29,0.3549,26.56,25.0,3254,15257740.0,2.816982255235571e-05
2024-07-25,09:43:29,0.3595,26.56,25.0,3253,15257740.0,2.821491420761792e-05
2024-07-25,09:43:29,0.3641,26.56,25.0,3253,15257740.0,2.821491420761792e-05
2024-07-25,09:43:29,0.3687,26.56,25.0,3254,15257740.0,2.816982255235571e-05
2024-07-25,09:43:29,0.3733,26.56,25.0,3254,15257740.0,2.816982255235571e-05
2024-07-25,09:43:29,0.3778,26.56,25.0,3254,15257740.0,2.816982255235571e-05
2024-07-25,09:43:29,0.3823,26.56,25.0,3254,15257740.0,2.816982255235571e-05
2024-07-25,09:43:29,0.3869,26.56,25.0,3255,15257740.0,2.812480296030659e-05
2024-07-25,09:43:29,0.3915,26.56,25.0,3255,15257740.0,2.812480296030659e-05
2024-07-25,09:43:29,0.3961,26.56,25.0,3254,15257740.0,2.816982255235571e-05
2024-07-25,09:43:29,0.405,26.56,25.0,3254,15257738.0,2.816982255235571e-05
2024-07-25,09:43:29,0.4097,26.56,25.0,3254,15257740.0,2.816982255235571e-05
2024-07-25,09:43:29,0.4143,26.56,25.0,3254,15257740.0,2.816982255235571e-05
2024-07-25,09:43:29,0.4189,26.56,25.0,3254,15257740.0,2.816982255235571e-05
2024-07-25,09:43:29,0.4235,26.56,25.0,3254,15257740.0,2.816982255235571e-05
2024-07-25,09:43:29,0.428,26.56,25.0,3254,15257740.0,2.816982255235571e-05
2024-07-25,09:43:29,0.4324,26.56,25.0,3254,15257740.0,2.816982255235571e-05
2024-07-25,09:43:29,0.437,26.56,25.0,3254,15257740.0,2.816982255235571e-05
2024-07-25,09:43:29,0.4417,26.56,25.0,3253,15257740.0,2.821491420761792e-05
2024-07-25,09:43:29,0.4463,26.56,25.0,3253,15257739.0,2.821491420761792e-05
2024-07-25,09:43:29,0.4553,26.56,25.0,3254,15257741.0,2.816982255235571e-05
2024-07-25,09:43:29,0.46,26.56,25.0,3254,15257740.0,2.816982255235571e-05
2024-07-25,09:43:29,0.4644,26.56,25.0,3254,15257740.0,2.816982255235571e-05
2024-07-25,09:43:29,0.469,26.56,25.0,3255,15257740.0,2.812480296030659e-05
2024-07-25,09:43:29,0.4737,26.56,25.0,3256,15257740.0,2.807985531630272e-05
2024-07-25,09:43:29,0.4781,26.56,25.0,3255,15257739.0,2.812480296030659e-05
2024-07-25,09:43:29,0.4827,26.56,25.0,3255,15257739.0,2.812480296030659e-05
2024-07-25,09:43:29,0.4873,26.56,25.0,3256,15257740.0,2.807985531630272e-05
2024-07-25,09:43:29,0.4918,26.56,25.0,3255,15257740.0,2.812480296030659e-05
2024-07-25,09:43:29,0.4964,26.56,25.0,3253,15257740.0,2.821491420761792e-05
2024-07-25,09:43:29,0.5057,26.56,25.0,3253,15257739.0,2.821491420761792e-05
2024-07-25,09:43:29,0.5103,26.56,25.0,3254,15257740.0,2.816982255235571e-05
2024-07-25,09:43:29,0.5147,26.56,25.0,3254,15257739.0,2.816982255235571e-05
2024-07-25,09:43:29,0.5192,26.56,25.0,3254,15257740.0,2.816982255235571e-05
2024-07-25,09:43:29,0.5238,26.56,25.0,3255,15257740.0,2.812480296030659e-05
2024-07-25,09:43:29,0.5284,26.56,25.0,3255,15257740.0,2.812480296030659e-05
2024-07-25,09:43:29,0.533,26.56,25.0,3256,15257740.0,2.807985531630272e-05
2024-07-25,09:43:29,0.5375,26.56,25.0,3255,15257740.0,2.812480296030659e-05
2024-07-25,09:43:29,0.542,26.56,25.0,3254,15257740.0,2.816982255235571e-05
2024-07-25,09:43:29,0.5466,26.56,25.0,3254,15257740.0,2.816982255235571e-05
2024-07-25,09:43:29,0.5512,26.56,25.0,3254,15257741.0,2.816982255235571e-05
2024-07-25,09:43:29,0.5604,26.56,25.0,3254,15257739.0,2.816982255235571e-05
2024-07-25,09:43:29,0.5649,26.56,25.0,3254,15257740.0,2.816982255235571e-05
2024-07-25,09:43:29,0.5694,26.56,25.0,3254,15257740.0,2.816982255235571e-05
2024-07-25,09:43:29,0.574,26.56,25.0,3254,15257740.0,2.816982255235571e-05
2024-07-25,09:43:29,0.5786,26.56,25.0,3254,15257740.0,2.816982255235571e-05
2024-07-25,09:43:29,0.5832,26.56,25.0,3254,15257740.0,2.816982255235571e-05
2024-07-25,09:43:29,0.5877,26.56,25.0,3255,15257740.0,2.812480296030659e-05
2024-07-25,09:43:29,0.5922,26.56,25.0,3255,15257740.0,2.812480296030659e-05
2024-07-25,09:43:29,0.5968,26.56,25.0,3254,15257740.0,2.816982255235571e-05
2024-07-25,09:43:29,0.6014,26.56,25.0,3254,15257740.0,2.816982255235571e-05
2024-07-25,09:43:29,0.6106,26.56,25.0,3254,15257741.0,2.816982255235571e-05
2024-07-25,09:43:29,0.6151,26.56,25.0,3254,15257740.0,2.816982255235571e-05
2024-07-25,09:43:29,0.6196,26.56,25.0,3254,15257740.0,2.816982255235571e-05
2024-07-25,09:43:29,0.6242,26.56,25.0,3254,15257740.0,2.816982255235571e-05
2024-07-25,09:43:29,0.6288,26.56,25.0,3254,15257740.0,2.816982255235571e-05
2024-07-25,09:43:29,0.6334,26.56,25.0,3255,15257740.0,2.812480296030659e-05
2024-07-25,09:43:29,0.638,26.56,25.0,3256,15257740.0,2.807985531630272e-05
2024-07-25,09:43:29,0.6425,26.56,25.0,3255,15257740.0,2.812480296030659e-05
2024-07-25,09:43:29,0.6471,26.56,25.0,3255,15257740.0,2.812480296030659e-05
2024-07-25,09:43:29,0.6517,26.56,25.0,3257,15257741.0,2.803497950536041e-05
2024-07-25,09:43:29,0.6608,26.56,25.0,3253,15257739.0,2.821491420761792e-05
2024-07-25,09:43:29,0.6654,26.56,25.0,3253,15257740.0,2.821491420761792e-05
2024-07-25,09:43:29,0.6699,26.56,25.0,3255,15257740.0,2.812480296030659e-05
2024-07-25,09:43:29,0.6744,26.56,25.0,3255,15257740.0,2.812480296030659e-05
2024-07-25,09:43:29,0.679,26.56,25.0,3253,15257740.0,2.821491420761792e-05
2024-07-25,09:43:29,0.6836,26.56,25.0,3253,15257740.0,2.821491420761792e-05
2024-07-25,09:43:29,0.6882,26.56,25.0,3255,15257740.0,2.812480296030659e-05
2024-07-25,09:43:29,0.6928,26.56,25.0,3255,15257740.0,2.812480296030659e-05
2024-07-25,09:43:29,0.6973,26.56,25.0,3255,15257740.0,2.812480296030659e-05
2024-07-25,09:43:29,0.7017,26.56,25.0,3255,15257740.0,2.812480296030659e-05
2024-07-25,09:43:29,0.7064,26.56,25.0,3255,15257741.0,2.812480296030659e-05
2024-07-25,09:43:29,0.7154,26.56,25.0,3254,15257739.0,2.816982255235571e-05
2024-07-25,09:43:30,0.7201,26.56,25.0,3254,15257740.0,2.816982255235571e-05
2024-07-25,09:43:30,0.7247,26.56,25.0,3254,15257740.0,2.816982255235571e-05
2024-07-25,09:43:30,0.7291,26.56,25.0,3255,15257740.0,2.812480296030659e-05
2024-07-25,09:43:30,0.7337,26.56,25.0,3255,15257740.0,2.812480296030659e-05
2024-07-25,09:43:30,0.7384,26.56,25.0,3255,15257740.0,2.812480296030659e-05
2024-07-25,09:43:30,0.743,26.56,25.0,3255,15257740.0,2.812480296030659e-05
2024-07-25,09:43:30,0.7474,26.56,25.0,3253,15257740.0,2.821491420761792e-05
2024-07-25,09:43:30,0.7519,26.56,25.0,3253,15257741.0,2.821491420761792e-05
2024-07-25,09:43:30,0.7565,26.56,25.0,3254,15257740.0,2.816982255235571e-05
2024-07-25,09:43:30,0.7657,26.56,25.0,3254,15257741.0,2.816982255235571e-05
2024-07-25,09:43:30,0.7704,26.56,25.0,3255,15257740.0,2.812480296030659e-05
2024-07-25,09:43:30,0.7748,26.56,25.0,3255,15257740.0,2.812480296030659e-05
2024-07-25,09:43:30,0.7793,26.56,25.0,3253,15257740.0,2.821491420761792e-05
2024-07-25,09:43:30,0.7839,26.56,25.0,3253,15257740.0,2.821491420761792e-05
2024-07-25,09:43:30,0.7885,26.56,25.0,3255,15257741.0,2.812480296030659e-05
2024-07-25,09:43:30,0.7931,26.56,25.0,3255,15257741.0,2.812480296030659e-05
2024-07-25,09:43:30,0.7977,26.56,25.0,3255,15257741.0,2.812480296030659e-05
2024-07-25,09:43:30,0.8022,26.56,25.0,3255,15257741.0,2.812480296030659e-05
2024-07-25,09:43:30,0.8067,26.56,25.0,3253,15257740.0,2.821491420761792e-05
2024-07-25,09:43:30,0.8159,26.56,25.0,3254,15257739.0,2.816982255235571e-05
2024-07-25,09:43:30,0.8205,26.56,25.0,3254,15257740.0,2.816982255235571e-05
2024-07-25,09:43:30,0.8251,26.56,25.0,3254,15257741.0,2.816982255235571e-05
2024-07-25,09:43:30,0.8297,26.56,25.0,3254,15257740.0,2.816982255235571e-05
2024-07-25,09:43:30,0.8342,26.56,25.0,3256,15257741.0,2.807985531630272e-05
2024-07-25,09:43:30,0.8387,26.56,25.0,3256,15257741.0,2.807985531630272e-05
2024-07-25,09:43:30,0.8433,26.56,25.0,3256,15257741.0,2.807985531630272e-05
2024-07-25,09:43:30,0.8479,26.56,25.0,3256,15257741.0,2.807985531630272e-05
2024-07-25,09:43:30,0.8524,26.56,25.0,3255,15257741.0,2.812480296030659e-05
2024-07-25,09:43:30,0.8569,26.56,25.0,3255,15257741.0,2.812480296030659e-05
2024-07-25,09:43:30,0.8615,26.56,25.0,3254,15257741.0,2.816982255235571e-05
2024-07-25,09:43:30,0.8707,26.56,25.0,3253,15257740.0,2.821491420761792e-05
2024-07-25,09:43:30,0.8753,26.56,25.0,3253,15257740.0,2.821491420761792e-05
2024-07-25,09:43:30,0.8798,26.56,25.0,3255,15257741.0,2.812480296030659e-05
2024-07-25,09:43:30,0.8843,26.56,25.0,3255,15257741.0,2.812480296030659e-05
2024-07-25,09:43:30,0.8889,26.56,25.0,3255,15257741.0,2.812480296030659e-05
2024-07-25,09:43:30,0.8935,26.56,25.0,3256,15257740.0,2.807985531630272e-05
2024-07-25,09:43:30,0.8981,26.56,25.0,3255,15257740.0,2.812480296030659e-05
2024-07-25,09:43:30,0.9027,26.56,25.0,3254,15257740.0,2.816982255235571e-05
2024-07-25,09:43:30,0.9072,26.56,25.0,3253,15257741.0,2.821491420761792e-05
2024-07-25,09:43:30,0.9117,26.56,25.0,3253,15257740.0,2.821491420761792e-05
2024-07-25,09:43:30,0.9209,26.56,25.0,3256,15257742.0,2.807985531630272e-05
2024-07-25,09:43:30,0.9254,26.56,25.0,3255,15257740.0,2.812480296030659e-05
2024-07-25,09:43:30,0.9298,26.56,25.0,3254,15257740.0,2.816982255235571e-05
2024-07-25,09:43:30,0.9345,26.56,25.0,3255,15257741.0,2.812480296030659e-05
2024-07-25,09:43:30,0.9391,26.56,25.0,3256,15257741.0,2.807985531630272e-05
2024-07-25,09:43:30,0.9437,26.56,25.0,3256,15257741.0,2.807985531630272e-05
2024-07-25,09:43:30,0.9483,26.56,25.0,3255,15257741.0,2.812480296030659e-05
2024-07-25,09:43:30,0.9528,26.56,25.0,3255,15257741.0,2.812480296030659e-05
2024-07-25,09:43:30,0.9574,26.56,25.0,3256,15257740.0,2.807985531630272e-05
2024-07-25,09:43:30,0.962,26.56,25.0,3255,15257741.0,2.812480296030659e-05
2024-07-25,09:43:30,0.9711,26.56,25.0,3255,15257740.0,2.812480296030659e-05
2024-07-25,09:43:30,0.9757,26.56,25.0,3254,15257740.0,2.816982255235571e-05
2024-07-25,09:43:30,0.9801,26.56,25.0,3254,15257740.0,2.816982255235571e-05
2024-07-25,09:43:30,0.9848,26.56,25.0,3254,15257740.0,2.816982255235571e-05
2024-07-25,09:43:30,0.9894,26.56,25.0,3255,15257741.0,2.812480296030659e-05
2024-07-25,09:43:30,0.9938,26.56,25.0,3256,15257741.0,2.807985531630272e-05
2024-07-25,09:43:30,0.9985,26.56,25.0,3255,15257740.0,2.812480296030659e-05
2024-07-25,09:43:30,1.0031,26.56,25.0,3255,15257740.0,2.812480296030659e-05
2024-07-25,09:43:30,1.0075,26.56,25.0,3257,15257741.0,2.803497950536041e-05
2024-07-25,09:43:30,1.012,26.56,25.0,3256,15257741.0,2.807985531630272e-05
2024-07-25,09:43:30,1.0166,26.56,25.0,3254,15257741.0,2.816982255235571e-05
2024-07-25,09:43:30,1.0257,26.56,25.0,3254,15257740.0,2.816982255235571e-05
2024-07-25,09:43:30,1.0303,26.56,25.0,3255,15257741.0,2.812480296030659e-05
2024-07-25,09:43:30,1.0349,26.56,25.0,3255,15257741.0,2.812480296030659e-05
2024-07-25,09:43:30,1.0394,26.56,25.0,3254,15257741.0,2.816982255235571e-05
2024-07-25,09:43:30,1.044,26.56,25.0,3255,15257741.0,2.812480296030659e-05
2024-07-25,09:43:30,1.0486,26.56,25.0,3256,15257741.0,2.807985531630272e-05
2024-07-25,09:43:30,1.0532,26.56,25.0,3256,15257741.0,2.807985531630272e-05
2024-07-25,09:43:30,1.0578,26.56,25.0,3255,15257741.0,2.812480296030659e-05
2024-07-25,09:43:30,1.0623,26.56,25.0,3255,15257741.0,2.812480296030659e-05
2024-07-25,09:43:30,1.0668,26.56,25.0,3255,15257741.0,2.812480296030659e-05
2024-07-25,09:43:30,1.076,26.56,25.0,3255,15257742.0,2.812480296030659e-05
2024-07-25,09:43:30,1.0806,26.56,25.0,3254,15257741.0,2.816982255235571e-05
2024-07-25,09:43:30,1.0852,26.56,25.0,3255,15257741.0,2.812480296030659e-05
2024-07-25,09:43:30,1.0897,26.56,25.0,3255,15257741.0,2.812480296030659e-05
2024-07-25,09:43:30,1.0942,26.56,25.0,3255,15257741.0,2.812480296030659e-05
2024-07-25,09:43:30,1.0988,26.56,25.0,3256,15257741.0,2.807985531630272e-05
2024-07-25,09:43:30,1.1034,26.56,25.0,3255,15257741.0,2.812480296030659e-05
2024-07-25,09:43:30,1.108,26.56,25.0,3254,15257741.0,2.816982255235571e-05
2024-07-25,09:43:30,1.1126,26.56,25.0,3254,15257740.0,2.816982255235571e-05
2024-07-25,09:43:30,1.1172,26.56,25.0,3254,15257741.0,2.816982255235571e-05
2024-07-25,09:43:30,1.1218,26.56,25.0,3254,15257740.0,2.816982255235571e-05
2024-07-25,09:43:30,1.1308,26.56,25.0,3255,15257741.0,2.812480296030659e-05
2024-07-25,09:43:30,1.1354,26.56,25.0,3256,15257741.0,2.807985531630272e-05
2024-07-25,09:43:30,1.14,26.56,25.0,3255,15257741.0,2.812480296030659e-05
2024-07-25,09:43:30,1.1445,26.56,25.0,3254,15257741.0,2.816982255235571e-05
2024-07-25,09:43:30,1.149,26.56,25.0,3255,15257740.0,2.812480296030659e-05
2024-07-25,09:43:30,1.1536,26.56,25.0,3255,15257741.0,2.812480296030659e-05
2024-07-25,09:43:30,1.1582,26.56,25.0,3254,15257741.0,2.816982255235571e-05
2024-07-25,09:43:30,1.1628,26.56,25.0,3255,15257741.0,2.812480296030659e-05
2024-07-25,09:43:30,1.1674,26.56,25.0,3256,15257741.0,2.807985531630272e-05
2024-07-25,09:43:30,1.1719,26.56,25.0,3256,15257742.0,2.807985531630272e-05
2024-07-25,09:43:30,1.181,26.56,25.0,3255,15257740.0,2.812480296030659e-05
2024-07-25,09:43:30,1.1856,26.56,25.0,3254,15257741.0,2.816982255235571e-05
2024-07-25,09:43:30,1.1902,26.56,25.0,3256,15257742.0,2.807985531630272e-05
2024-07-25,09:43:30,1.1948,26.56,25.0,3256,15257742.0,2.807985531630272e-05
2024-07-25,09:43:30,1.1993,26.56,25.0,3256,15257742.0,2.807985531630272e-05
2024-07-25,09:43:30,1.2038,26.56,25.0,3257,15257742.0,2.803497950536041e-05
2024-07-25,09:43:30,1.2084,26.56,25.0,3255,15257741.0,2.812480296030659e-05
2024-07-25,09:43:30,1.213,26.56,25.0,3254,15257741.0,2.816982255235571e-05
2024-07-25,09:43:30,1.2176,26.56,25.0,3255,15257741.0,2.812480296030659e-05
2024-07-25,09:43:30,1.2221,26.56,25.0,3255,15257741.0,2.812480296030659e-05
2024-07-25,09:43:30,1.2312,26.56,25.0,3255,15257742.0,2.812480296030659e-05
2024-07-25,09:43:30,1.2358,26.56,25.0,3254,15257741.0,2.816982255235571e-05
2024-07-25,09:43:30,1.2404,26.56,25.0,3254,15257741.0,2.816982255235571e-05
2024-07-25,09:43:30,1.245,26.56,25.0,3254,15257741.0,2.816982255235571e-05
2024-07-25,09:43:30,1.2496,26.56,25.0,3254,15257741.0,2.816982255235571e-05
2024-07-25,09:43:30,1.2542,26.56,25.0,3254,15257741.0,2.816982255235571e-05
2024-07-25,09:43:30,1.2588,26.56,25.0,3255,15257741.0,2.812480296030659e-05
2024-07-25,09:43:30,1.2633,26.56,25.0,3255,15257741.0,2.812480296030659e-05
2024-07-25,09:43:30,1.2678,26.56,25.0,3255,15257741.0,2.812480296030659e-05
2024-07-25,09:43:30,1.2724,26.56,25.0,3255,15257741.0,2.812480296030659e-05
2024-07-25,09:43:30,1.277,26.56,25.0,3254,15257741.0,2.816982255235571e-05
2024-07-25,09:43:30,1.2861,26.56,25.0,3255,15257742.0,2.812480296030659e-05
2024-07-25,09:43:30,1.2907,26.56,25.0,3255,15257742.0,2.812480296030659e-05
2024-07-25,09:43:30,1.2952,26.56,25.0,3254,15257742.0,2.816982255235571e-05
2024-07-25,09:43:30,1.2998,26.56,25.0,3253,15257741.0,2.821491420761792e-05
2024-07-25,09:43:30,1.3044,26.56,25.0,3255,15257741.0,2.812480296030659e-05
2024-07-25,09:43:30,1.3089,26.56,25.0,3256,15257741.0,2.807985531630272e-05
2024-07-25,09:43:30,1.3135,26.56,25.0,3255,15257742.0,2.812480296030659e-05
2024-07-25,09:43:30,1.3181,26.56,25.0,3256,15257742.0,2.807985531630272e-05
2024-07-25,09:43:30,1.3225,26.56,25.0,3256,15257742.0,2.807985531630272e-05
2024-07-25,09:43:30,1.3272,26.56,25.0,3254,15257742.0,2.816982255235571e-05
2024-07-25,09:43:30,1.3362,26.56,25.0,3255,15257741.0,2.812480296030659e-05
2024-07-25,09:43:30,1.3407,26.56,25.0,3255,15257742.0,2.812480296030659e-05
2024-07-25,09:43:30,1.3453,26.56,25.0,3255,15257742.0,2.812480296030659e-05
2024-07-25,09:43:30,1.3499,26.56,25.0,3255,15257741.0,2.812480296030659e-05
2024-07-25,09:43:30,1.3545,26.56,25.0,3255,15257741.0,2.812480296030659e-05
2024-07-25,09:43:30,1.3592,26.56,25.0,3255,15257742.0,2.812480296030659e-05
2024-07-25,09:43:30,1.3636,26.56,25.0,3253,15257741.0,2.821491420761792e-05
2024-07-25,09:43:30,1.3682,26.56,25.0,3253,15257741.0,2.821491420761792e-05
2024-07-25,09:43:30,1.3729,26.56,25.0,3255,15257742.0,2.812480296030659e-05
2024-07-25,09:43:30,1.3773,26.56,25.0,3255,15257741.0,2.812480296030659e-05
2024-07-25,09:43:30,1.3865,26.56,25.0,3256,15257743.0,2.807985531630272e-05
2024-07-25,09:43:30,1.391,26.56,25.0,3255,15257741.0,2.812480296030659e-05
2024-07-25,09:43:30,1.3955,26.56,25.0,3255,15257741.0,2.812480296030659e-05
2024-07-25,09:43:30,1.4001,26.56,25.0,3255,15257741.0,2.812480296030659e-05
2024-07-25,09:43:30,1.4047,26.56,25.0,3254,15257742.0,2.816982255235571e-05
2024-07-25,09:43:30,1.4093,26.56,25.0,3255,15257742.0,2.812480296030659e-05
2024-07-25,09:43:30,1.4139,26.56,25.0,3255,15257742.0,2.812480296030659e-05
2024-07-25,09:43:30,1.4184,26.56,25.0,3255,15257742.0,2.812480296030659e-05
2024-07-25,09:43:30,1.423,26.56,25.0,3255,15257742.0,2.812480296030659e-05
2024-07-25,09:43:30,1.4276,26.56,25.0,3254,15257742.0,2.816982255235571e-05
2024-07-25,09:43:30,1.4321,26.56,25.0,3254,15257741.0,2.816982255235571e-05
2024-07-25,09:43:30,1.4413,26.56,25.0,3255,15257742.0,2.812480296030659e-05
2024-07-25,09:43:30,1.4458,26.56,25.0,3255,15257742.0,2.812480296030659e-05
2024-07-25,09:43:30,1.4504,26.56,25.0,3255,15257742.0,2.812480296030659e-05
2024-07-25,09:43:30,1.455,26.62,25.0,3255,15257742.0,2.812480296030659e-05
2024-07-25,09:43:30,1.4595,26.62,25.0,3255,15257742.0,2.812480296030659e-05
2024-07-25,09:43:30,1.4641,26.62,25.0,3255,15257742.0,2.812480296030659e-05
2024-07-25,09:43:30,1.4687,26.62,25.0,3255,15257742.0,2.812480296030659e-05
2024-07-25,09:43:30,1.4733,26.62,25.0,3254,15257742.0,2.816982255235571e-05
2024-07-25,09:43:30,1.4778,26.62,25.0,3254,15257742.0,2.816982255235571e-05
2024-07-25,09:43:30,1.4823,26.62,25.0,3255,15257742.0,2.812480296030659e-05
2024-07-25,09:43:30,1.4914,26.62,25.0,3255,15257741.0,2.812480296030659e-05
2024-07-25,09:43:30,1.4959,26.62,25.0,3255,15257742.0,2.812480296030659e-05
2024-07-25,09:43:30,1.5005,26.62,25.0,3253,15257741.0,2.821491420761792e-05
2024-07-25,09:43:30,1.5051,26.62,25.0,3253,15257741.0,2.821491420761792e-05
2024-07-25,09:43:30,1.5097,26.62,25.0,3255,15257742.0,2.812480296030659e-05
2024-07-25,09:43:30,1.5143,26.62,25.0,3256,15257742.0,2.807985531630272e-05
2024-07-25,09:43:30,1.5189,26.62,25.0,3257,15257742.0,2.803497950536041e-05
2024-07-25,09:43:30,1.5235,26.62,25.0,3256,15257742.0,2.807985531630272e-05
2024-07-25,09:43:30,1.528,26.62,25.0,3254,15257741.0,2.816982255235571e-05
2024-07-25,09:43:30,1.5325,26.62,25.0,3255,15257741.0,2.812480296030659e-05
2024-07-25,09:43:30,1.5417,26.62,25.0,3254,15257743.0,2.816982255235571e-05
2024-07-25,09:43:30,1.5463,26.62,25.0,3254,15257742.0,2.816982255235571e-05
2024-07-25,09:43:30,1.5509,26.62,25.0,3254,15257742.0,2.816982255235571e-05
2024-07-25,09:43:30,1.5555,26.62,25.0,3254,15257741.0,2.816982255235571e-05
2024-07-25,09:43:30,1.5601,26.62,25.0,3255,15257741.0,2.812480296030659e-05
2024-07-25,09:43:30,1.5646,26.62,25.0,3256,15257742.0,2.807985531630272e-05
2024-07-25,09:43:30,1.5691,26.62,25.0,3256,15257742.0,2.807985531630272e-05
2024-07-25,09:43:30,1.5737,26.62,25.0,3257,15257742.0,2.803497950536041e-05
2024-07-25,09:43:30,1.5783,26.62,25.0,3257,15257742.0,2.803497950536041e-05
2024-07-25,09:43:30,1.5829,26.62,25.0,3256,15257742.0,2.807985531630272e-05
2024-07-25,09:43:30,1.5875,26.62,25.0,3255,15257741.0,2.812480296030659e-05
2024-07-25,09:43:30,1.5965,26.62,25.0,3254,15257742.0,2.816982255235571e-05
2024-07-25,09:43:30,1.6011,26.62,25.0,3255,15257741.0,2.812480296030659e-05
2024-07-25,09:43:30,1.6057,26.62,25.0,3255,15257742.0,2.812480296030659e-05
2024-07-25,09:43:30,1.6103,26.62,25.0,3254,15257742.0,2.816982255235571e-05
2024-07-25,09:43:30,1.6149,26.62,25.0,3254,15257742.0,2.816982255235571e-05
2024-07-25,09:43:30,1.6195,26.62,25.0,3255,15257741.0,2.812480296030659e-05
2024-07-25,09:43:30,1.6241,26.62,25.0,3256,15257741.0,2.807985531630272e-05
2024-07-25,09:43:30,1.6286,26.62,25.0,3256,15257741.0,2.807985531630272e-05
2024-07-25,09:43:30,1.6331,26.62,25.0,3255,15257741.0,2.812480296030659e-05
2024-07-25,09:43:30,1.6377,26.62,25.0,3255,15257742.0,2.812480296030659e-05
2024-07-25,09:43:30,1.6469,26.62,25.0,3255,15257741.0,2.812480296030659e-05
2024-07-25,09:43:30,1.6515,26.62,25.0,3255,15257742.0,2.812480296030659e-05
2024-07-25,09:43:30,1.656,26.62,25.0,3255,15257742.0,2.812480296030659e-05
2024-07-25,09:43:30,1.6605,26.62,25.0,3256,15257742.0,2.807985531630272e-05
2024-07-25,09:43:30,1.6651,26.62,25.0,3255,15257742.0,2.812480296030659e-05
2024-07-25,09:43:30,1.6697,26.62,25.0,3254,15257742.0,2.816982255235571e-05
2024-07-25,09:43:30,1.6743,26.62,25.0,3255,15257742.0,2.812480296030659e-05
2024-07-25,09:43:30,1.6788,26.62,25.0,3255,15257742.0,2.812480296030659e-05
2024-07-25,09:43:30,1.6833,26.62,25.0,3254,15257742.0,2.816982255235571e-05
2024-07-25,09:43:30,1.6879,26.62,25.0,3254,15257741.0,2.816982255235571e-05
2024-07-25,09:43:30,1.6925,26.62,25.0,3253,15257741.0,2.821491420761792e-05
2024-07-25,09:43:30,1.7016,26.62,25.0,3256,15257741.0,2.807985531630272e-05
2024-07-25,09:43:30,1.706,26.62,25.0,3257,15257742.0,2.803497950536041e-05
2024-07-25,09:43:30,1.7106,26.62,25.0,3255,15257742.0,2.812480296030659e-05
2024-07-25,09:43:30,1.7153,26.62,25.0,3254,15257742.0,2.816982255235571e-05
2024-07-25,09:43:31,1.7199,26.62,25.0,3254,15257741.0,2.816982255235571e-05
2024-07-25,09:43:31,1.7245,26.62,25.0,3254,15257742.0,2.816982255235571e-05
2024-07-25,09:43:31,1.7289,26.62,25.0,3254,15257741.0,2.816982255235571e-05
2024-07-25,09:43:31,1.7334,26.62,25.0,3254,15257741.0,2.816982255235571e-05
2024-07-25,09:43:31,1.738,26.62,25.0,3254,15257742.0,2.816982255235571e-05
2024-07-25,09:43:31,1.7426,26.62,25.0,3254,15257741.0,2.816982255235571e-05
2024-07-25,09:43:31,1.7517,26.62,25.0,3255,15257742.0,2.812480296030659e-05
2024-07-25,09:43:31,1.7565,26.62,25.0,3254,15257741.0,2.816982255235571e-05
2024-07-25,09:43:31,1.7609,26.62,25.0,3254,15257741.0,2.816982255235571e-05
2024-07-25,09:43:31,1.7654,26.62,25.0,3255,15257742.0,2.812480296030659e-05
2024-07-25,09:43:31,1.77,26.62,25.0,3256,15257741.0,2.807985531630272e-05
2024-07-25,09:43:31,1.7746,26.62,25.0,3257,15257742.0,2.803497950536041e-05
2024-07-25,09:43:31,1.7793,26.62,25.0,3256,15257742.0,2.807985531630272e-05
2024-07-25,09:43:31,1.7839,26.62,25.0,3255,15257741.0,2.812480296030659e-05
2024-07-25,09:43:31,1.7885,26.62,25.0,3256,15257741.0,2.807985531630272e-05
2024-07-25,09:43:31,1.7929,26.62,25.0,3255,15257741.0,2.812480296030659e-05
2024-07-25,09:43:31,1.802,26.62,25.0,3255,15257741.0,2.812480296030659e-05
2024-07-25,09:43:31,1.8066,26.62,25.0,3256,15257741.0,2.807985531630272e-05
2024-07-25,09:43:31,1.8113,26.62,25.0,3256,15257741.0,2.807985531630272e-05
2024-07-25,09:43:31,1.8159,26.62,25.0,3255,15257741.0,2.812480296030659e-05
2024-07-25,09:43:31,1.8203,26.62,25.0,3255,15257742.0,2.812480296030659e-05
2024-07-25,09:43:31,1.8248,26.62,25.0,3256,15257742.0,2.807985531630272e-05
2024-07-25,09:43:31,1.8294,26.62,25.0,3256,15257741.0,2.807985531630272e-05
2024-07-25,09:43:31,1.834,26.62,25.0,3255,15257741.0,2.812480296030659e-05
2024-07-25,09:43:31,1.8386,26.62,25.0,3254,15257741.0,2.816982255235571e-05
2024-07-25,09:43:31,1.8433,26.62,25.0,3254,15257741.0,2.816982255235571e-05
2024-07-25,09:43:31,1.8477,26.62,25.0,3254,15257741.0,2.816982255235571e-05
2024-07-25,09:43:31,1.8568,26.62,25.0,3255,15257741.0,2.812480296030659e-05
2024-07-25,09:43:31,1.8614,26.62,25.0,3255,15257742.0,2.812480296030659e-05
2024-07-25,09:43:31,1.866,26.62,25.0,3254,15257741.0,2.816982255235571e-05
2024-07-25,09:43:31,1.8706,26.62,25.0,3254,15257742.0,2.816982255235571e-05
2024-07-25,09:43:31,1.8753,26.62,25.0,3255,15257742.0,2.812480296030659e-05
2024-07-25,09:43:31,1.8799,26.62,25.0,3255,15257741.0,2.812480296030659e-05
2024-07-25,09:43:31,1.8843,26.62,25.0,3255,15257742.0,2.812480296030659e-05
2024-07-25,09:43:31,1.8888,26.62,25.0,3256,15257741.0,2.807985531630272e-05
2024-07-25,09:43:31,1.8934,26.62,25.0,3256,15257741.0,2.807985531630272e-05
2024-07-25,09:43:31,1.898,26.62,25.0,3255,15257741.0,2.812480296030659e-05
2024-07-25,09:43:31,1.9073,26.62,25.0,3255,15257743.0,2.812480296030659e-05
2024-07-25,09:43:31,1.9117,26.62,25.0,3253,15257741.0,2.821491420761792e-05
2024-07-25,09:43:31,1.9162,26.62,25.0,3253,15257741.0,2.821491420761792e-05
2024-07-25,09:43:31,1.9208,26.62,25.0,3254,15257741.0,2.816982255235571e-05
2024-07-25,09:43:31,1.9254,26.62,25.0,3254,15257741.0,2.816982255235571e-05
2024-07-25,09:43:31,1.93,26.62,25.0,3255,15257742.0,2.812480296030659e-05
2024-07-25,09:43:31,1.9346,26.62,25.0,3256,15257741.0,2.807985531630272e-05
2024-07-25,09:43:31,1.9393,26.62,25.0,3256,15257741.0,2.807985531630272e-05
2024-07-25,09:43:31,1.9439,26.62,25.0,3255,15257741.0,2.812480296030659e-05
2024-07-25,09:43:31,1.9483,26.62,25.0,3254,15257741.0,2.816982255235571e-05
2024-07-25,09:43:31,1.9528,26.62,25.0,3254,15257741.0,2.816982255235571e-05
2024-07-25,09:43:31,1.962,26.62,25.0,3255,15257742.0,2.812480296030659e-05
2024-07-25,09:43:31,1.9665,26.62,25.0,3255,15257741.0,2.812480296030659e-05
2024-07-25,09:43:31,1.9711,26.62,25.0,3255,15257741.0,2.812480296030659e-05
2024-07-25,09:43:31,1.9757,26.62,25.0,3254,15257741.0,2.816982255235571e-05
2024-07-25,09:43:31,1.9802,26.62,25.0,3255,15257741.0,2.812480296030659e-05
2024-07-25,09:43:31,1.9848,26.62,25.0,3256,15257741.0,2.807985531630272e-05
2024-07-25,09:43:31,1.9894,26.62,25.0,3255,15257742.0,2.812480296030659e-05
2024-07-25,09:43:31,1.994,26.62,25.0,3255,15257741.0,2.812480296030659e-05
2024-07-25,09:43:31,1.9986,26.62,25.0,3255,15257741.0,2.812480296030659e-05
2024-07-25,09:43:31,2.0031,26.62,25.0,3254,15257742.0,2.816982255235571e-05
2024-07-25,09:43:31,2.0122,26.62,25.0,3254,15257740.0,2.816982255235571e-05
2024-07-25,09:43:31,2.0168,26.62,25.0,3254,15257742.0,2.816982255235571e-05
2024-07-25,09:43:31,2.0214,26.62,25.0,3255,15257742.0,2.812480296030659e-05
2024-07-25,09:43:31,2.026,26.62,25.0,3255,15257742.0,2.812480296030659e-05
2024-07-25,09:43:31,2.0306,26.62,25.0,3254,15257741.0,2.816982255235571e-05
2024-07-25,09:43:31,2.0353,26.62,25.0,3255,15257741.0,2.812480296030659e-05
2024-07-25,09:43:31,2.0397,26.62,25.0,3256,15257741.0,2.807985531630272e-05
2024-07-25,09:43:31,2.0442,26.62,25.0,3255,15257741.0,2.812480296030659e-05
2024-07-25,09:43:31,2.0488,26.62,25.0,3254,15257742.0,2.816982255235571e-05
2024-07-25,09:43:31,2.0534,26.62,25.0,3255,15257741.0,2.812480296030659e-05
2024-07-25,09:43:31,2.058,26.62,25.0,3256,15257742.0,2.807985531630272e-05
2024-07-25,09:43:31,2.0671,26.62,25.0,3255,15257740.0,2.812480296030659e-05
2024-07-25,09:43:31,2.0716,26.62,25.0,3255,15257741.0,2.812480296030659e-05
2024-07-25,09:43:31,2.0762,26.62,25.0,3255,15257741.0,2.812480296030659e-05
2024-07-25,09:43:31,2.0808,26.62,25.0,3255,15257742.0,2.812480296030659e-05
2024-07-25,09:43:31,2.0854,26.62,25.0,3254,15257742.0,2.816982255235571e-05
2024-07-25,09:43:31,2.09,26.62,25.0,3255,15257741.0,2.812480296030659e-05
2024-07-25,09:43:31,2.0946,26.62,25.0,3257,15257742.0,2.803497950536041e-05
2024-07-25,09:43:31,2.0993,26.62,25.0,3256,15257742.0,2.807985531630272e-05
2024-07-25,09:43:31,2.1037,26.62,25.0,3255,15257742.0,2.812480296030659e-05
2024-07-25,09:43:31,2.1082,26.62,25.0,3255,15257742.0,2.812480296030659e-05
2024-07-25,09:43:31,2.1174,26.62,25.0,3254,15257742.0,2.816982255235571e-05
2024-07-25,09:43:31,2.122,26.62,25.0,3255,15257742.0,2.812480296030659e-05
2024-07-25,09:43:31,2.1266,26.62,25.0,3255,15257742.0,2.812480296030659e-05
2024-07-25,09:43:31,2.1311,26.62,25.0,3255,15257742.0,2.812480296030659e-05
2024-07-25,09:43:31,2.1356,26.62,25.0,3255,15257742.0,2.812480296030659e-05
2024-07-25,09:43:31,2.1402,26.62,25.0,3254,15257742.0,2.816982255235571e-05
2024-07-25,09:43:31,2.1448,26.62,25.0,3254,15257742.0,2.816982255235571e-05
2024-07-25,09:43:31,2.1494,26.62,25.0,3256,15257742.0,2.807985531630272e-05
2024-07-25,09:43:31,2.154,26.62,25.0,3256,15257742.0,2.807985531630272e-05
2024-07-25,09:43:31,2.1586,26.62,25.0,3254,15257742.0,2.816982255235571e-05
2024-07-25,09:43:31,2.1633,26.62,25.0,3255,15257741.0,2.812480296030659e-05
2024-07-25,09:43:31,2.1722,26.62,25.0,3254,15257743.0,2.816982255235571e-05
2024-07-25,09:43:31,2.1768,26.62,25.0,3256,15257742.0,2.807985531630272e-05
2024-07-25,09:43:31,2.1814,26.62,25.0,3256,15257742.0,2.807985531630272e-05
2024-07-25,09:43:31,2.186,26.62,25.0,3255,15257741.0,2.812480296030659e-05
2024-07-25,09:43:31,2.1906,26.62,25.0,3256,15257741.0,2.807985531630272e-05
2024-07-25,09:43:31,2.1951,26.62,25.0,3256,15257742.0,2.807985531630272e-05
2024-07-25,09:43:31,2.1997,26.62,25.0,3256,15257741.0,2.807985531630272e-05
2024-07-25,09:43:31,2.2043,26.62,25.0,3255,15257741.0,2.812480296030659e-05
2024-07-25,09:43:31,2.2088,26.62,25.0,3254,15257742.0,2.816982255235571e-05
2024-07-25,09:43:31,2.2134,26.62,25.0,3256,15257743.0,2.807985531630272e-05
2024-07-25,09:43:31,2.2225,26.62,25.0,3255,15257740.0,2.812480296030659e-05
2024-07-25,09:43:31,2.2271,26.62,25.0,3255,15257742.0,2.812480296030659e-05
2024-07-25,09:43:31,2.2317,26.62,25.0,3255,15257742.0,2.812480296030659e-05
2024-07-25,09:43:31,2.2362,26.62,25.0,3255,15257742.0,2.812480296030659e-05
2024-07-25,09:43:31,2.2408,26.62,25.0,3255,15257742.0,2.812480296030659e-05
2024-07-25,09:43:31,2.2454,26.62,25.0,3256,15257741.0,2.807985531630272e-05
2024-07-25,09:43:31,2.25,26.62,25.0,3256,15257742.0,2.807985531630272e-05
2024-07-25,09:43:31,2.2546,26.62,25.0,3255,15257742.0,2.812480296030659e-05
2024-07-25,09:43:31,2.2591,26.62,25.0,3255,15257742.0,2.812480296030659e-05
2024-07-25,09:43:31,2.2637,26.62,25.0,3255,15257742.0,2.812480296030659e-05
2024-07-25,09:43:31,2.2683,26.62,25.0,3255,15257742.0,2.812480296030659e-05
2024-07-25,09:43:31,2.2774,26.62,25.0,3254,15257740.0,2.816982255235571e-05
2024-07-25,09:43:31,2.282,26.62,25.0,3254,15257742.0,2.816982255235571e-05
2024-07-25,09:43:31,2.2865,26.62,25.0,3255,15257742.0,2.812480296030659e-05
2024-07-25,09:43:31,2.2911,26.62,25.0,3255,15257742.0,2.812480296030659e-05
2024-07-25,09:43:31,2.2957,26.62,25.0,3254,15257741.0,2.816982255235571e-05
2024-07-25,09:43:31,2.3002,26.62,25.0,3255,15257741.0,2.812480296030659e-05
2024-07-25,09:43:31,2.3048,26.62,25.0,3256,15257742.0,2.807985531630272e-05
2024-07-25,09:43:31,2.3094,26.62,25.0,3256,15257742.0,2.807985531630272e-05
2024-07-25,09:43:31,2.314,26.62,25.0,3256,15257742.0,2.807985531630272e-05
2024-07-25,09:43:31,2.3186,26.62,25.0,3255,15257742.0,2.812480296030659e-05
2024-07-25,09:43:31,2.3276,26.62,25.0,3255,15257742.0,2.812480296030659e-05
2024-07-25,09:43:31,2.3322,26.62,25.0,3254,15257742.0,2.816982255235571e-05
2024-07-25,09:43:31,2.3368,26.62,25.0,3254,15257742.0,2.816982255235571e-05
2024-07-25,09:43:31,2.3414,26.62,25.0,3255,15257742.0,2.812480296030659e-05
2024-07-25,09:43:31,2.346,26.62,25.0,3256,15257741.0,2.807985531630272e-05
2024-07-25,09:43:31,2.3506,26.62,25.0,3256,15257742.0,2.807985531630272e-05
2024-07-25,09:43:31,2.3553,26.62,25.0,3256,15257742.0,2.807985531630272e-05
2024-07-25,09:43:31,2.3597,26.62,25.0,3256,15257742.0,2.807985531630272e-05
2024-07-25,09:43:31,2.3642,26.62,25.0,3255,15257742.0,2.812480296030659e-05
2024-07-25,09:43:31,2.3688,26.62,25.0,3259,15257743.0,2.794544292364388e-05
2024-07-25,09:43:31,2.3734,26.62,25.0,3259,15257742.0,2.794544292364388e-05
2024-07-25,09:43:31,2.3825,26.62,25.0,3255,15257743.0,2.812480296030659e-05
2024-07-25,09:43:31,2.3871,26.62,25.0,3255,15257742.0,2.812480296030659e-05
2024-07-25,09:43:31,2.3916,26.62,25.0,3255,15257742.0,2.812480296030659e-05
2024-07-25,09:43:31,2.3962,26.62,25.0,3256,15257742.0,2.807985531630272e-05
2024-07-25,09:43:31,2.4008,26.62,25.0,3256,15257742.0,2.807985531630272e-05
2024-07-25,09:43:31,2.4054,26.62,25.0,3256,15257742.0,2.807985531630272e-05
2024-07-25,09:43:31,2.41,26.62,25.0,3256,15257742.0,2.807985531630272e-05
2024-07-25,09:43:31,2.4145,26.62,25.0,3256,15257742.0,2.807985531630272e-05
2024-07-25,09:43:31,2.419,26.62,25.0,3256,15257742.0,2.807985531630272e-05
2024-07-25,09:43:31,2.4236,26.62,25.0,3255,15257742.0,2.812480296030659e-05
2024-07-25,09:43:31,2.4328,26.62,25.0,3255,15257740.0,2.812480296030659e-05
2024-07-25,09:43:31,2.4373,26.62,25.0,3256,15257742.0,2.807985531630272e-05
2024-07-25,09:43:31,2.4418,26.62,25.0,3256,15257742.0,2.807985531630272e-05
2024-07-25,09:43:31,2.4464,26.62,25.0,3255,15257742.0,2.812480296030659e-05
2024-07-25,09:43:31,2.451,26.62,25.0,3255,15257742.0,2.812480296030659e-05
2024-07-25,09:43:31,2.4556,26.62,25.0,3255,15257742.0,2.812480296030659e-05
2024-07-25,09:43:31,2.4602,26.56,25.0,3254,15257741.0,2.816982255235571e-05
2024-07-25,09:43:31,2.4648,26.56,25.0,3254,15257742.0,2.816982255235571e-05
2024-07-25,09:43:31,2.4694,26.56,25.0,3255,15257742.0,2.812480296030659e-05
2024-07-25,09:43:31,2.474,26.56,25.0,3255,15257742.0,2.812480296030659e-05
2024-07-25,09:43:31,2.4785,26.56,25.0,3255,15257742.0,2.812480296030659e-05
2024-07-25,09:43:31,2.4876,26.56,25.0,3254,15257741.0,2.816982255235571e-05
2024-07-25,09:43:31,2.4922,26.56,25.0,3255,15257742.0,2.812480296030659e-05
2024-07-25,09:43:31,2.4967,26.56,25.0,3255,15257742.0,2.812480296030659e-05
2024-07-25,09:43:31,2.5012,26.56,25.0,3256,15257742.0,2.807985531630272e-05
2024-07-25,09:43:31,2.5058,26.56,25.0,3255,15257742.0,2.812480296030659e-05
2024-07-25,09:43:31,2.5104,26.56,25.0,3255,15257742.0,2.812480296030659e-05
2024-07-25,09:43:31,2.515,26.56,25.0,3256,15257742.0,2.807985531630272e-05
2024-07-25,09:43:31,2.5196,26.56,25.0,3255,15257742.0,2.812480296030659e-05
2024-07-25,09:43:31,2.5241,26.56,25.0,3256,15257742.0,2.807985531630272e-05
2024-07-25,09:43:31,2.5286,26.56,25.0,3256,15257742.0,2.807985531630272e-05
2024-07-25,09:43:31,2.5378,26.56,25.0,3256,15257743.0,2.807985531630272e-05
2024-07-25,09:43:31,2.5424,26.56,25.0,3255,15257742.0,2.812480296030659e-05
2024-07-25,09:43:31,2.547,26.56,25.0,3255,15257742.0,2.812480296030659e-05
2024-07-25,09:43:31,2.5516,26.56,25.0,3255,15257743.0,2.812480296030659e-05
2024-07-25,09:43:31,2.5562,26.56,25.0,3256,15257742.0,2.807985531630272e-05
2024-07-25,09:43:31,2.5607,26.56,25.0,3255,15257741.0,2.812480296030659e-05
2024-07-25,09:43:31,2.5653,26.56,25.0,3254,15257742.0,2.816982255235571e-05
2024-07-25,09:43:31,2.5699,26.56,25.0,3255,15257742.0,2.812480296030659e-05
2024-07-25,09:43:31,2.5744,26.56,25.0,3255,15257742.0,2.812480296030659e-05
2024-07-25,09:43:31,2.579,26.56,25.0,3253,15257742.0,2.821491420761792e-05
2024-07-25,09:43:31,2.5835,26.56,25.0,3253,15257741.0,2.821491420761792e-05
2024-07-25,09:43:31,2.5926,26.56,25.0,3254,15257742.0,2.816982255235571e-05
2024-07-25,09:43:31,2.5972,26.56,25.0,3254,15257741.0,2.816982255235571e-05
2024-07-25,09:43:31,2.6018,26.56,25.0,3254,15257742.0,2.816982255235571e-05
2024-07-25,09:43:31,2.6064,26.56,25.0,3255,15257742.0,2.812480296030659e-05
2024-07-25,09:43:31,2.611,26.56,25.0,3255,15257742.0,2.812480296030659e-05
2024-07-25,09:43:31,2.6155,26.56,25.0,3256,15257742.0,2.807985531630272e-05
2024-07-25,09:43:31,2.62,26.56,25.0,3257,15257742.0,2.803497950536041e-05
2024-07-25,09:43:31,2.6246,26.56,25.0,3256,15257742.0,2.807985531630272e-05
2024-07-25,09:43:31,2.6292,26.56,25.0,3255,15257742.0,2.812480296030659e-05
2024-07-25,09:43:31,2.6338,26.56,25.0,3255,15257742.0,2.812480296030659e-05
2024-07-25,09:43:31,2.6429,26.56,25.0,3255,15257741.0,2.812480296030659e-05
2024-07-25,09:43:31,2.6473,26.56,25.0,3255,15257742.0,2.812480296030659e-05
2024-07-25,09:43:31,2.652,26.56,25.0,3254,15257742.0,2.816982255235571e-05
2024-07-25,09:43:31,2.6566,26.56,25.0,3254,15257742.0,2.816982255235571e-05
2024-07-25,09:43:31,2.6612,26.56,25.0,3255,15257742.0,2.812480296030659e-05
2024-07-25,09:43:31,2.6658,26.56,25.0,3256,15257742.0,2.807985531630272e-05
2024-07-25,09:43:31,2.6704,26.56,25.0,3257,15257742.0,2.803497950536041e-05
2024-07-25,09:43:31,2.6749,26.56,25.0,3256,15257742.0,2.807985531630272e-05
2024-07-25,09:43:31,2.6793,26.56,25.0,3255,15257742.0,2.812480296030659e-05
2024-07-25,09:43:31,2.684,26.56,25.0,3255,15257742.0,2.812480296030659e-05
2024-07-25,09:43:31,2.6886,26.56,25.0,3254,15257742.0,2.816982255235571e-05
2024-07-25,09:43:31,2.6978,26.56,25.0,3255,15257742.0,2.812480296030659e-05
2024-07-25,09:43:31,2.7023,26.56,25.0,3255,15257742.0,2.812480296030659e-05
2024-07-25,09:43:31,2.7067,26.56,25.0,3254,15257742.0,2.816982255235571e-05
2024-07-25,09:43:31,2.7113,26.56,25.0,3254,15257742.0,2.816982255235571e-05
2024-07-25,09:43:31,2.716,26.56,25.0,3256,15257742.0,2.807985531630272e-05
2024-07-25,09:43:32,2.7206,26.56,25.0,3257,15257742.0,2.803497950536041e-05
2024-07-25,09:43:32,2.7252,26.56,25.0,3257,15257743.0,2.803497950536041e-05
2024-07-25,09:43:32,2.7298,26.56,25.0,3256,15257743.0,2.807985531630272e-05
2024-07-25,09:43:32,2.7343,26.56,25.0,3255,15257743.0,2.812480296030659e-05
2024-07-25,09:43:32,2.7387,26.56,25.0,3255,15257742.0,2.812480296030659e-05
2024-07-25,09:43:32,2.748,26.56,25.0,3255,15257743.0,2.812480296030659e-05
2024-07-25,09:43:32,2.7526,26.56,25.0,3255,15257742.0,2.812480296030659e-05
2024-07-25,09:43:32,2.7572,26.56,25.0,3255,15257742.0,2.812480296030659e-05
2024-07-25,09:43:32,2.7617,26.56,25.0,3254,15257742.0,2.816982255235571e-05
2024-07-25,09:43:32,2.7661,26.56,25.0,3255,15257742.0,2.812480296030659e-05
2024-07-25,09:43:32,2.7707,26.56,25.0,3256,15257742.0,2.807985531630272e-05
2024-07-25,09:43:32,2.7753,26.56,25.0,3256,15257742.0,2.807985531630272e-05
2024-07-25,09:43:32,2.78,26.56,25.0,3257,15257743.0,2.803497950536041e-05
2024-07-25,09:43:32,2.7844,26.56,25.0,3257,15257742.0,2.803497950536041e-05
2024-07-25,09:43:32,2.7889,26.56,25.0,3255,15257742.0,2.812480296030659e-05
2024-07-25,09:43:32,2.7981,26.56,25.0,3254,15257741.0,2.816982255235571e-05
2024-07-25,09:43:32,2.8027,26.56,25.0,3254,15257742.0,2.816982255235571e-05
2024-07-25,09:43:32,2.8073,26.56,25.0,3255,15257742.0,2.812480296030659e-05
2024-07-25,09:43:32,2.812,26.56,25.0,3255,15257742.0,2.812480296030659e-05
2024-07-25,09:43:32,2.8164,26.56,25.0,3256,15257743.0,2.807985531630272e-05
2024-07-25,09:43:32,2.821,26.56,25.0,3256,15257742.0,2.807985531630272e-05
2024-07-25,09:43:32,2.8257,26.56,25.0,3255,15257743.0,2.812480296030659e-05
2024-07-25,09:43:32,2.8301,26.56,25.0,3255,15257743.0,2.812480296030659e-05
2024-07-25,09:43:32,2.8347,26.56,25.0,3255,15257742.0,2.812480296030659e-05
2024-07-25,09:43:32,2.8393,26.56,25.0,3255,15257742.0,2.812480296030659e-05
2024-07-25,09:43:32,2.8438,26.56,25.0,3256,15257743.0,2.807985531630272e-05
2024-07-25,09:43:32,2.8529,26.56,25.0,3255,15257741.0,2.812480296030659e-05
2024-07-25,09:43:32,2.8575,26.56,25.0,3255,15257742.0,2.812480296030659e-05
2024-07-25,09:43:32,2.8621,26.56,25.0,3255,15257742.0,2.812480296030659e-05
2024-07-25,09:43:32,2.8667,26.56,25.0,3256,15257742.0,2.807985531630272e-05
2024-07-25,09:43:32,2.8712,26.56,25.0,3257,15257742.0,2.803497950536041e-05
2024-07-25,09:43:32,2.8758,26.56,25.0,3256,15257742.0,2.807985531630272e-05
2024-07-25,09:43:32,2.8804,26.56,25.0,3256,15257742.0,2.807985531630272e-05
2024-07-25,09:43:32,2.8849,26.56,25.0,3256,15257742.0,2.807985531630272e-05
2024-07-25,09:43:32,2.8895,26.56,25.0,3255,15257742.0,2.812480296030659e-05
2024-07-25,09:43:32,2.8941,26.56,25.0,3256,15257742.0,2.807985531630272e-05
2024-07-25,09:43:32,2.9032,26.56,25.0,3255,15257743.0,2.812480296030659e-05
2024-07-25,09:43:32,2.9077,26.56,25.0,3255,15257743.0,2.812480296030659e-05
2024-07-25,09:43:32,2.9123,26.56,25.0,3256,15257743.0,2.807985531630272e-05
2024-07-25,09:43:32,2.9169,26.56,25.0,3256,15257743.0,2.807985531630272e-05
2024-07-25,09:43:32,2.9215,26.56,25.0,3255,15257743.0,2.812480296030659e-05
2024-07-25,09:43:32,2.9261,26.56,25.0,3255,15257743.0,2.812480296030659e-05
2024-07-25,09:43:32,2.9306,26.56,25.0,3255,15257742.0,2.812480296030659e-05
2024-07-25,09:43:32,2.9351,26.56,25.0,3255,15257743.0,2.812480296030659e-05
2024-07-25,09:43:32,2.9397,26.56,25.0,3255,15257743.0,2.812480296030659e-05
2024-07-25,09:43:32,2.9443,26.56,25.0,3255,15257743.0,2.812480296030659e-05
2024-07-25,09:43:32,2.9489,26.56,25.0,3255,15257742.0,2.812480296030659e-05
2024-07-25,09:43:32,2.9579,26.56,25.0,3255,15257743.0,2.812480296030659e-05
2024-07-25,09:43:32,2.9625,26.62,25.0,3256,15257743.0,2.807985531630272e-05
2024-07-25,09:43:32,2.9671,26.62,25.0,3256,15257743.0,2.807985531630272e-05
2024-07-25,09:43:32,2.9717,26.62,25.0,3255,15257743.0,2.812480296030659e-05
2024-07-25,09:43:32,2.9763,26.62,25.0,3256,15257742.0,2.807985531630272e-05
2024-07-25,09:43:32,2.9808,26.62,25.0,3256,15257743.0,2.807985531630272e-05
2024-07-25,09:43:32,2.9854,26.62,25.0,3255,15257743.0,2.812480296030659e-05
2024-07-25,09:43:32,2.99,26.62,25.0,3255,15257743.0,2.812480296030659e-05
2024-07-25,09:43:32,2.9945,26.62,25.0,3255,15257742.0,2.812480296030659e-05
2024-07-25,09:43:32,2.9991,26.62,25.0,3255,15257743.0,2.812480296030659e-05
2024-07-25,09:43:32,3.0082,26.62,25.0,3254,15257741.0,2.816982255235571e-05
2024-07-25,09:43:32,3.0128,26.62,25.0,3254,15257742.0,2.816982255235571e-05
2024-07-25,09:43:32,3.0174,26.62,25.0,3255,15257742.0,2.812480296030659e-05
2024-07-25,09:43:32,3.0219,26.62,25.0,3255,15257742.0,2.812480296030659e-05
2024-07-25,09:43:32,3.0265,26.62,25.0,3256,15257743.0,2.807985531630272e-05
2024-07-25,09:43:32,3.0311,26.62,25.0,3257,15257743.0,2.803497950536041e-05
2024-07-25,09:43:32,3.0357,26.62,25.0,3257,15257743.0,2.803497950536041e-05
2024-07-25,09:43:32,3.0402,26.62,25.0,3257,15257743.0,2.803497950536041e-05
2024-07-25,09:43:32,3.0447,26.62,25.0,3257,15257743.0,2.803497950536041e-05
2024-07-25,09:43:32,3.0493,26.62,25.0,3256,15257742.0,2.807985531630272e-05
2024-07-25,09:43:32,3.0585,26.62,25.0,3255,15257744.0,2.812480296030659e-05
2024-07-25,09:43:32,3.0631,26.62,25.0,3256,15257743.0,2.807985531630272e-05
2024-07-25,09:43:32,3.0676,26.62,25.0,3256,15257743.0,2.807985531630272e-05
2024-07-25,09:43:32,3.0721,26.62,25.0,3256,15257743.0,2.807985531630272e-05
2024-07-25,09:43:32,3.0767,26.62,25.0,3256,15257743.0,2.807985531630272e-05
2024-07-25,09:43:32,3.0813,26.62,25.0,3255,15257743.0,2.812480296030659e-05
2024-07-25,09:43:32,3.0859,26.62,25.0,3256,15257743.0,2.807985531630272e-05
2024-07-25,09:43:32,3.0905,26.62,25.0,3256,15257742.0,2.807985531630272e-05
2024-07-25,09:43:32,3.0951,26.62,25.0,3255,15257743.0,2.812480296030659e-05
2024-07-25,09:43:32,3.0996,26.62,25.0,3255,15257743.0,2.812480296030659e-05
2024-07-25,09:43:32,3.1041,26.62,25.0,3255,15257742.0,2.812480296030659e-05
2024-07-25,09:43:32,3.1133,26.62,25.0,3255,15257744.0,2.812480296030659e-05
2024-07-25,09:43:32,3.1179,26.62,25.0,3256,15257743.0,2.807985531630272e-05
2024-07-25,09:43:32,3.1225,26.62,25.0,3256,15257743.0,2.807985531630272e-05
2024-07-25,09:43:32,3.127,26.62,25.0,3256,15257743.0,2.807985531630272e-05
2024-07-25,09:43:32,3.1314,26.62,25.0,3257,15257743.0,2.803497950536041e-05
2024-07-25,09:43:32,3.1361,26.62,25.0,3257,15257743.0,2.803497950536041e-05
2024-07-25,09:43:32,3.1407,26.62,25.0,3256,15257743.0,2.807985531630272e-05
2024-07-25,09:43:32,3.1453,26.62,25.0,3256,15257743.0,2.807985531630272e-05
2024-07-25,09:43:32,3.1499,26.62,25.0,3256,15257743.0,2.807985531630272e-05
2024-07-25,09:43:32,3.1544,26.62,25.0,3255,15257744.0,2.812480296030659e-05
2024-07-25,09:43:32,3.1636,26.62,25.0,3255,15257742.0,2.812480296030659e-05
2024-07-25,09:43:32,3.1681,26.62,25.0,3255,15257743.0,2.812480296030659e-05
2024-07-25,09:43:32,3.1727,26.62,25.0,3255,15257743.0,2.812480296030659e-05
2024-07-25,09:43:32,3.1773,26.62,25.0,3255,15257743.0,2.812480296030659e-05
2024-07-25,09:43:32,3.1819,26.62,25.0,3255,15257743.0,2.812480296030659e-05
2024-07-25,09:43:32,3.1865,26.62,25.0,3256,15257743.0,2.807985531630272e-05
2024-07-25,09:43:32,3.191,26.62,25.0,3256,15257743.0,2.807985531630272e-05
2024-07-25,09:43:32,3.1954,26.62,25.0,3255,15257743.0,2.812480296030659e-05
2024-07-25,09:43:32,3.2001,26.62,25.0,3255,15257743.0,2.812480296030659e-05
2024-07-25,09:43:32,3.2047,26.62,25.0,3255,15257743.0,2.812480296030659e-05
2024-07-25,09:43:32,3.2093,26.62,25.0,3256,15257744.0,2.807985531630272e-05
2024-07-25,09:43:32,3.2182,26.62,25.0,3255,15257742.0,2.812480296030659e-05
2024-07-25,09:43:32,3.2228,26.62,25.0,3255,15257744.0,2.812480296030659e-05
2024-07-25,09:43:32,3.2274,26.62,25.0,3256,15257744.0,2.807985531630272e-05
2024-07-25,09:43:32,3.2321,26.62,25.0,3256,15257743.0,2.807985531630272e-05
2024-07-25,09:43:32,3.2367,26.62,25.0,3255,15257743.0,2.812480296030659e-05
2024-07-25,09:43:32,3.2413,26.62,25.0,3255,15257743.0,2.812480296030659e-05
2024-07-25,09:43:32,3.2459,26.62,25.0,3255,15257743.0,2.812480296030659e-05
2024-07-25,09:43:32,3.2504,26.62,25.0,3256,15257743.0,2.807985531630272e-05
2024-07-25,09:43:32,3.2548,26.62,25.0,3256,15257743.0,2.807985531630272e-05
2024-07-25,09:43:32,3.2594,26.62,25.0,3255,15257743.0,2.812480296030659e-05
2024-07-25,09:43:32,3.2687,26.62,25.0,3254,15257744.0,2.816982255235571e-05
2024-07-25,09:43:32,3.2731,26.62,25.0,3256,15257743.0,2.807985531630272e-05
2024-07-25,09:43:32,3.2776,26.62,25.0,3256,15257743.0,2.807985531630272e-05
2024-07-25,09:43:32,3.2822,26.62,25.0,3256,15257744.0,2.807985531630272e-05
2024-07-25,09:43:32,3.2868,26.62,25.0,3256,15257744.0,2.807985531630272e-05
2024-07-25,09:43:32,3.2914,26.62,25.0,3255,15257743.0,2.812480296030659e-05
2024-07-25,09:43:32,3.2961,26.62,25.0,3255,15257743.0,2.812480296030659e-05
2024-07-25,09:43:32,3.3007,26.62,25.0,3255,15257744.0,2.812480296030659e-05
2024-07-25,09:43:32,3.3053,26.62,25.0,3256,15257743.0,2.807985531630272e-05
2024-07-25,09:43:32,3.3097,26.62,25.0,3256,15257744.0,2.807985531630272e-05
2024-07-25,09:43:32,3.3142,26.62,25.0,3255,15257743.0,2.812480296030659e-05
2024-07-25,09:43:32,3.3234,26.62,25.0,3256,15257744.0,2.807985531630272e-05
2024-07-25,09:43:32,3.3279,26.62,25.0,3255,15257743.0,2.812480296030659e-05
2024-07-25,09:43:32,3.3324,26.62,25.0,3255,15257744.0,2.812480296030659e-05
2024-07-25,09:43:32,3.337,26.62,25.0,3255,15257744.0,2.812480296030659e-05
2024-07-25,09:43:32,3.3416,26.62,25.0,3256,15257743.0,2.807985531630272e-05
2024-07-25,09:43:32,3.3462,26.62,25.0,3256,15257744.0,2.807985531630272e-05
2024-07-25,09:43:32,3.3508,26.62,25.0,3255,15257744.0,2.812480296030659e-05
2024-07-25,09:43:32,3.3554,26.62,25.0,3254,15257744.0,2.816982255235571e-05
2024-07-25,09:43:32,3.3599,26.62,25.0,3254,15257743.0,2.816982255235571e-05
2024-07-25,09:43:32,3.3644,26.62,25.0,3256,15257744.0,2.807985531630272e-05
2024-07-25,09:43:32,3.3736,26.62,25.0,3255,15257743.0,2.812480296030659e-05
2024-07-25,09:43:32,3.3782,26.62,25.0,3255,15257744.0,2.812480296030659e-05
2024-07-25,09:43:32,3.3827,26.62,25.0,3256,15257744.0,2.807985531630272e-05
2024-07-25,09:43:32,3.3872,26.62,25.0,3256,15257744.0,2.807985531630272e-05
2024-07-25,09:43:32,3.3918,26.62,25.0,3257,15257744.0,2.803497950536041e-05
2024-07-25,09:43:32,3.3964,26.62,25.0,3258,15257744.0,2.799017541267961e-05
2024-07-25,09:43:32,3.401,26.62,25.0,3258,15257744.0,2.799017541267961e-05
2024-07-25,09:43:32,3.4056,26.62,25.0,3257,15257745.0,2.803497950536041e-05
2024-07-25,09:43:32,3.4102,26.62,25.0,3256,15257745.0,2.807985531630272e-05
2024-07-25,09:43:32,3.4148,26.62,25.0,3256,15257744.0,2.807985531630272e-05
2024-07-25,09:43:32,3.4238,26.62,25.0,3255,15257745.0,2.812480296030659e-05
2024-07-25,09:43:32,3.4284,26.62,25.0,3255,15257744.0,2.812480296030659e-05
2024-07-25,09:43:32,3.433,26.62,25.0,3256,15257743.0,2.807985531630272e-05
2024-07-25,09:43:32,3.4375,26.62,25.0,3256,15257743.0,2.807985531630272e-05
2024-07-25,09:43:32,3.442,26.62,25.0,3255,15257744.0,2.812480296030659e-05
2024-07-25,09:43:32,3.4466,26.62,25.0,3255,15257744.0,2.812480296030659e-05
2024-07-25,09:43:32,3.4512,26.62,25.0,3256,15257744.0,2.807985531630272e-05
2024-07-25,09:43:32,3.4558,26.62,25.0,3256,15257744.0,2.807985531630272e-05
2024-07-25,09:43:32,3.4604,26.62,25.0,3255,15257744.0,2.812480296030659e-05
2024-07-25,09:43:32,3.465,26.62,25.0,3255,15257744.0,2.812480296030659e-05
2024-07-25,09:43:32,3.4696,26.62,25.0,3255,15257743.0,2.812480296030659e-05
2024-07-25,09:43:32,3.4786,26.62,25.0,3254,15257745.0,2.816982255235571e-05
2024-07-25,09:43:32,3.4832,26.62,25.0,3254,15257744.0,2.816982255235571e-05
2024-07-25,09:43:32,3.4878,26.62,25.0,3255,15257744.0,2.812480296030659e-05
2024-07-25,09:43:32,3.4924,26.62,25.0,3255,15257744.0,2.812480296030659e-05
2024-07-25,09:43:32,3.497,26.62,25.0,3256,15257743.0,2.807985531630272e-05
2024-07-25,09:43:32,3.5015,26.62,25.0,3258,15257744.0,2.799017541267961e-05
2024-07-25,09:43:32,3.506,26.62,25.0,3257,15257744.0,2.803497950536041e-05
2024-07-25,09:43:32,3.5106,26.62,25.0,3255,15257744.0,2.812480296030659e-05
2024-07-25,09:43:32,3.5152,26.62,25.0,3255,15257744.0,2.812480296030659e-05
2024-07-25,09:43:32,3.5198,26.62,25.0,3255,15257744.0,2.812480296030659e-05
2024-07-25,09:43:32,3.529,26.62,25.0,3255,15257743.0,2.812480296030659e-05
2024-07-25,09:43:32,3.5336,26.62,25.0,3255,15257744.0,2.812480296030659e-05
2024-07-25,09:43:32,3.5381,26.62,25.0,3256,15257744.0,2.807985531630272e-05
2024-07-25,09:43:32,3.5426,26.62,25.0,3256,15257744.0,2.807985531630272e-05
2024-07-25,09:43:32,3.5472,26.62,25.0,3255,15257744.0,2.812480296030659e-05
2024-07-25,09:43:32,3.5518,26.62,25.0,3256,15257744.0,2.807985531630272e-05
2024-07-25,09:43:32,3.5564,26.62,25.0,3257,15257744.0,2.803497950536041e-05
2024-07-25,09:43:32,3.561,26.62,25.0,3256,15257744.0,2.807985531630272e-05
2024-07-25,09:43:32,3.5655,26.62,25.0,3254,15257743.0,2.816982255235571e-05
2024-07-25,09:43:32,3.5701,26.62,25.0,3254,15257743.0,2.816982255235571e-05
2024-07-25,09:43:32,3.5747,26.62,25.0,3255,15257744.0,2.812480296030659e-05
2024-07-25,09:43:32,3.5838,26.62,25.0,3256,15257743.0,2.807985531630272e-05
2024-07-25,09:43:32,3.5884,26.62,25.0,3256,15257744.0,2.807985531630272e-05
2024-07-25,09:43:32,3.593,26.62,25.0,3255,15257744.0,2.812480296030659e-05
2024-07-25,09:43:32,3.5976,26.62,25.0,3256,15257744.0,2.807985531630272e-05
2024-07-25,09:43:32,3.6021,26.62,25.0,3256,15257744.0,2.807985531630272e-05
2024-07-25,09:43:32,3.6066,26.62,25.0,3255,15257744.0,2.812480296030659e-05
2024-07-25,09:43:32,3.6112,26.62,25.0,3256,15257744.0,2.807985531630272e-05
2024-07-25,09:43:32,3.6158,26.62,25.0,3256,15257744.0,2.807985531630272e-05
2024-07-25,09:43:32,3.6204,26.62,25.0,3255,15257744.0,2.812480296030659e-05
2024-07-25,09:43:32,3.625,26.62,25.0,3255,15257744.0,2.812480296030659e-05
2024-07-25,09:43:32,3.6341,26.62,25.0,3255,15257745.0,2.812480296030659e-05
2024-07-25,09:43:32,3.6386,26.62,25.0,3255,15257744.0,2.812480296030659e-05
2024-07-25,09:43:32,3.6432,26.62,25.0,3255,15257743.0,2.812480296030659e-05
2024-07-25,09:43:32,3.6478,26.62,25.0,3254,15257743.0,2.816982255235571e-05
2024-07-25,09:43:32,3.6524,26.62,25.0,3255,15257743.0,2.812480296030659e-05
2024-07-25,09:43:32,3.657,26.62,25.0,3256,15257744.0,2.807985531630272e-05
2024-07-25,09:43:32,3.6615,26.62,25.0,3255,15257744.0,2.812480296030659e-05
2024-07-25,09:43:32,3.666,26.62,25.0,3255,15257744.0,2.812480296030659e-05
2024-07-25,09:43:32,3.6706,26.62,25.0,3255,15257744.0,2.812480296030659e-05
2024-07-25,09:43:32,3.6752,26.62,25.0,3256,15257745.0,2.807985531630272e-05
2024-07-25,09:43:32,3.6798,26.62,25.0,3256,15257744.0,2.807985531630272e-05
2024-07-25,09:43:32,3.6889,26.62,25.0,3256,15257745.0,2.807985531630272e-05
2024-07-25,09:43:32,3.6934,26.62,25.0,3254,15257743.0,2.816982255235571e-05
2024-07-25,09:43:32,3.698,26.62,25.0,3254,15257744.0,2.816982255235571e-05
2024-07-25,09:43:32,3.7026,26.62,25.0,3256,15257744.0,2.807985531630272e-05
2024-07-25,09:43:32,3.7072,26.62,25.0,3257,15257744.0,2.803497950536041e-05
2024-07-25,09:43:32,3.7117,26.62,25.0,3257,15257744.0,2.803497950536041e-05
2024-07-25,09:43:32,3.7163,26.62,25.0,3256,15257744.0,2.807985531630272e-05
2024-07-25,09:43:33,3.7209,26.62,25.0,3256,15257744.0,2.807985531630272e-05
2024-07-25,09:43:33,3.7254,26.62,25.0,3256,15257744.0,2.807985531630272e-05
2024-07-25,09:43:33,3.73,26.62,25.0,3255,15257744.0,2.812480296030659e-05
2024-07-25,09:43:33,3.7392,26.62,25.0,3255,15257743.0,2.812480296030659e-05
2024-07-25,09:43:33,3.7438,26.62,25.0,3255,15257744.0,2.812480296030659e-05
2024-07-25,09:43:33,3.7483,26.62,25.0,3254,15257743.0,2.816982255235571e-05
2024-07-25,09:43:33,3.7528,26.62,25.0,3254,15257743.0,2.816982255235571e-05
2024-07-25,09:43:33,3.7574,26.62,25.0,3254,15257743.0,2.816982255235571e-05
2024-07-25,09:43:33,3.762,26.62,25.0,3254,15257743.0,2.816982255235571e-05
2024-07-25,09:43:33,3.7666,26.62,25.0,3255,15257744.0,2.812480296030659e-05
2024-07-25,09:43:33,3.7712,26.62,25.0,3255,15257744.0,2.812480296030659e-05
2024-07-25,09:43:33,3.7758,26.62,25.0,3255,15257745.0,2.812480296030659e-05
2024-07-25,09:43:33,3.7804,26.62,25.0,3255,15257744.0,2.812480296030659e-05
2024-07-25,09:43:33,3.7849,26.62,25.0,3256,15257745.0,2.807985531630272e-05
2024-07-25,09:43:33,3.794,26.62,25.0,3255,15257743.0,2.812480296030659e-05
2024-07-25,09:43:33,3.7986,26.62,25.0,3255,15257744.0,2.812480296030659e-05
2024-07-25,09:43:33,3.8032,26.62,25.0,3256,15257744.0,2.807985531630272e-05
2024-07-25,09:43:33,3.8078,26.62,25.0,3255,15257744.0,2.812480296030659e-05
2024-07-25,09:43:33,3.8123,26.62,25.0,3255,15257744.0,2.812480296030659e-05
2024-07-25,09:43:33,3.8168,26.62,25.0,3256,15257744.0,2.807985531630272e-05
2024-07-25,09:43:33,3.8214,26.62,25.0,3256,15257744.0,2.807985531630272e-05
2024-07-25,09:43:33,3.826,26.62,25.0,3256,15257744.0,2.807985531630272e-05
2024-07-25,09:43:33,3.8306,26.62,25.0,3255,15257744.0,2.812480296030659e-05
2024-07-25,09:43:33,3.8352,26.62,25.0,3255,15257744.0,2.812480296030659e-05
2024-07-25,09:43:33,3.8441,26.62,25.0,3255,15257745.0,2.812480296030659e-05
2024-07-25,09:43:33,3.8488,26.62,25.0,3254,15257743.0,2.816982255235571e-05
2024-07-25,09:43:33,3.8534,26.62,25.0,3254,15257744.0,2.816982255235571e-05
2024-07-25,09:43:33,3.858,26.62,25.0,3255,15257744.0,2.812480296030659e-05
2024-07-25,09:43:33,3.8626,26.62,25.0,3256,15257743.0,2.807985531630272e-05
2024-07-25,09:43:33,3.8672,26.62,25.0,3257,15257744.0,2.803497950536041e-05
2024-07-25,09:43:33,3.8718,26.62,25.0,3257,15257744.0,2.803497950536041e-05
2024-07-25,09:43:33,3.8763,26.62,25.0,3257,15257744.0,2.803497950536041e-05
2024-07-25,09:43:33,3.8808,26.62,25.0,3256,15257744.0,2.807985531630272e-05
2024-07-25,09:43:33,3.8854,26.62,25.0,3254,15257744.0,2.816982255235571e-05
2024-07-25,09:43:33,3.89,26.62,25.0,3254,15257743.0,2.816982255235571e-05
2024-07-25,09:43:33,3.8992,26.62,25.0,3255,15257745.0,2.812480296030659e-05
2024-07-25,09:43:33,3.9037,26.62,25.0,3256,15257744.0,2.807985531630272e-05
2024-07-25,09:43:33,3.9081,26.62,25.0,3256,15257744.0,2.807985531630272e-05
2024-07-25,09:43:33,3.9128,26.62,25.0,3256,15257744.0,2.807985531630272e-05
2024-07-25,09:43:33,3.9174,26.62,25.0,3257,15257744.0,2.803497950536041e-05
2024-07-25,09:43:33,3.922,26.62,25.0,3256,15257744.0,2.807985531630272e-05
2024-07-25,09:43:33,3.9266,26.62,25.0,3255,15257744.0,2.812480296030659e-05
2024-07-25,09:43:33,3.9311,26.62,25.0,3256,15257744.0,2.807985531630272e-05
2024-07-25,09:43:33,3.9355,26.62,25.0,3256,15257744.0,2.807985531630272e-05
2024-07-25,09:43:33,3.9401,26.62,25.0,3255,15257744.0,2.812480296030659e-05
2024-07-25,09:43:33,3.9494,26.62,25.0,3255,15257743.0,2.812480296030659e-05
2024-07-25,09:43:33,3.954,26.62,25.0,3255,15257743.0,2.812480296030659e-05
2024-07-25,09:43:33,3.9585,26.62,25.0,3256,15257744.0,2.807985531630272e-05
2024-07-25,09:43:33,3.9629,26.62,25.0,3257,15257744.0,2.803497950536041e-05
2024-07-25,09:43:33,3.9675,26.62,25.0,3257,15257744.0,2.803497950536041e-05
2024-07-25,09:43:33,3.9721,26.62,25.0,3257,15257744.0,2.803497950536041e-05
2024-07-25,09:43:33,3.9768,26.62,25.0,3256,15257744.0,2.807985531630272e-05
2024-07-25,09:43:33,3.9814,26.62,25.0,3256,15257743.0,2.807985531630272e-05
2024-07-25,09:43:33,3.9858,26.62,25.0,3257,15257744.0,2.803497950536041e-05
2024-07-25,09:43:33,3.9903,26.62,25.0,3257,15257744.0,2.803497950536041e-05
2024-07-25,09:43:33,3.9995,26.62,25.0,3254,15257745.0,2.816982255235571e-05
2024-07-25,09:43:33,4.0041,26.62,25.0,3257,15257745.0,2.803497950536041e-05
2024-07-25,09:43:33,4.0088,26.62,25.0,3257,15257745.0,2.803497950536041e-05
2024-07-25,09:43:33,4.0134,26.62,25.0,3255,15257744.0,2.812480296030659e-05
2024-07-25,09:43:33,4.018,26.62,25.0,3256,15257744.0,2.807985531630272e-05
2024-07-25,09:43:33,4.0225,26.62,25.0,3257,15257744.0,2.803497950536041e-05
2024-07-25,09:43:33,4.0269,26.62,25.0,3257,15257744.0,2.803497950536041e-05
2024-07-25,09:43:33,4.0315,26.62,25.0,3257,15257744.0,2.803497950536041e-05
2024-07-25,09:43:33,4.0361,26.62,25.0,3256,15257744.0,2.807985531630272e-05
2024-07-25,09:43:33,4.0408,26.62,25.0,3255,15257744.0,2.812480296030659e-05
2024-07-25,09:43:33,4.0454,26.62,25.0,3255,15257744.0,2.812480296030659e-05
2024-07-25,09:43:33,4.0543,26.62,25.0,3256,15257745.0,2.807985531630272e-05
2024-07-25,09:43:33,4.0589,26.62,25.0,3256,15257744.0,2.807985531630272e-05
2024-07-25,09:43:33,4.0635,26.62,25.0,3256,15257744.0,2.807985531630272e-05
2024-07-25,09:43:33,4.0681,26.62,25.0,3255,15257744.0,2.812480296030659e-05
2024-07-25,09:43:33,4.0728,26.62,25.0,3256,15257743.0,2.807985531630272e-05
2024-07-25,09:43:33,4.0772,26.62,25.0,3258,15257744.0,2.799017541267961e-05
2024-07-25,09:43:33,4.0818,26.62,25.0,3257,15257745.0,2.803497950536041e-05
2024-07-25,09:43:33,4.0865,26.62,25.0,3256,15257744.0,2.807985531630272e-05
2024-07-25,09:43:33,4.0909,26.62,25.0,3256,15257744.0,2.807985531630272e-05
2024-07-25,09:43:33,4.0955,26.62,25.0,3255,15257744.0,2.812480296030659e-05
2024-07-25,09:43:33,4.1046,26.62,25.0,3255,15257743.0,2.812480296030659e-05
2024-07-25,09:43:33,4.1091,26.62,25.0,3255,15257744.0,2.812480296030659e-05
2024-07-25,09:43:33,4.1137,26.62,25.0,3256,15257744.0,2.807985531630272e-05
2024-07-25,09:43:33,4.1183,26.62,25.0,3256,15257745.0,2.807985531630272e-05
2024-07-25,09:43:33,4.1229,26.62,25.0,3255,15257745.0,2.812480296030659e-05
2024-07-25,09:43:33,4.1275,26.62,25.0,3255,15257745.0,2.812480296030659e-05
2024-07-25,09:43:33,4.1321,26.62,25.0,3256,15257745.0,2.807985531630272e-05
2024-07-25,09:43:33,4.1368,26.62,25.0,3256,15257745.0,2.807985531630272e-05
2024-07-25,09:43:33,4.1414,26.62,25.0,3255,15257745.0,2.812480296030659e-05
2024-07-25,09:43:33,4.1458,26.62,25.0,3255,15257744.0,2.812480296030659e-05
2024-07-25,09:43:33,4.1503,26.62,25.0,3255,15257745.0,2.812480296030659e-05
2024-07-25,09:43:33,4.1595,26.62,25.0,3254,15257744.0,2.816982255235571e-05
2024-07-25,09:43:33,4.1641,26.62,25.0,3254,15257744.0,2.816982255235571e-05
2024-07-25,09:43:33,4.1686,26.62,25.0,3255,15257744.0,2.812480296030659e-05
2024-07-25,09:43:33,4.1732,26.62,25.0,3255,15257744.0,2.812480296030659e-05
2024-07-25,09:43:33,4.1778,26.62,25.0,3255,15257745.0,2.812480296030659e-05
2024-07-25,09:43:33,4.1823,26.62,25.0,3256,15257744.0,2.807985531630272e-05
2024-07-25,09:43:33,4.1869,26.62,25.0,3257,15257744.0,2.803497950536041e-05
2024-07-25,09:43:33,4.1915,26.62,25.0,3256,15257744.0,2.807985531630272e-05
2024-07-25,09:43:33,4.1961,26.62,25.0,3254,15257744.0,2.816982255235571e-05
2024-07-25,09:43:33,4.2008,26.62,25.0,3254,15257744.0,2.816982255235571e-05
2024-07-25,09:43:33,4.2054,26.62,25.0,3256,15257745.0,2.807985531630272e-05
2024-07-25,09:43:33,4.2143,26.62,25.0,3256,15257744.0,2.807985531630272e-05
2024-07-25,09:43:33,4.2189,26.62,25.0,3257,15257744.0,2.803497950536041e-05
2024-07-25,09:43:33,4.2235,26.62,25.0,3258,15257745.0,2.799017541267961e-05
2024-07-25,09:43:33,4.2281,26.62,25.0,3258,15257745.0,2.799017541267961e-05
2024-07-25,09:43:33,4.2328,26.62,25.0,3256,15257744.0,2.807985531630272e-05
2024-07-25,09:43:33,4.2374,26.62,25.0,3256,15257744.0,2.807985531630272e-05
2024-07-25,09:43:33,4.2418,26.62,25.0,3256,15257744.0,2.807985531630272e-05
2024-07-25,09:43:33,4.2463,26.62,25.0,3256,15257744.0,2.807985531630272e-05
2024-07-25,09:43:33,4.2509,26.62,25.0,3256,15257745.0,2.807985531630272e-05
2024-07-25,09:43:33,4.2555,26.62,25.0,3256,15257744.0,2.807985531630272e-05
2024-07-25,09:43:33,4.2648,26.62,25.0,3255,15257746.0,2.812480296030659e-05
2024-07-25,09:43:33,4.2694,26.62,25.0,3255,15257745.0,2.812480296030659e-05
2024-07-25,09:43:33,4.274,26.62,25.0,3255,15257745.0,2.812480296030659e-05
2024-07-25,09:43:33,4.2785,26.62,25.0,3255,15257744.0,2.812480296030659e-05
2024-07-25,09:43:33,4.2831,26.62,25.0,3255,15257744.0,2.812480296030659e-05
2024-07-25,09:43:33,4.2877,26.62,25.0,3257,15257745.0,2.803497950536041e-05
2024-07-25,09:43:33,4.2921,26.62,25.0,3257,15257745.0,2.803497950536041e-05
2024-07-25,09:43:33,4.2968,26.62,25.0,3255,15257744.0,2.812480296030659e-05
2024-07-25,09:43:33,4.3014,26.62,25.0,3255,15257744.0,2.812480296030659e-05
2024-07-25,09:43:33,4.306,26.62,25.0,3256,15257745.0,2.807985531630272e-05
2024-07-25,09:43:33,4.3106,26.62,25.0,3255,15257745.0,2.812480296030659e-05
2024-07-25,09:43:33,4.3195,26.62,25.0,3255,15257745.0,2.812480296030659e-05
2024-07-25,09:43:33,4.3241,26.62,25.0,3255,15257744.0,2.812480296030659e-05
2024-07-25,09:43:33,4.3288,26.62,25.0,3255,15257744.0,2.812480296030659e-05
2024-07-25,09:43:33,4.3334,26.62,25.0,3256,15257744.0,2.807985531630272e-05
2024-07-25,09:43:33,4.338,26.62,25.0,3257,15257744.0,2.803497950536041e-05
2024-07-25,09:43:33,4.3426,26.62,25.0,3256,15257744.0,2.807985531630272e-05
2024-07-25,09:43:33,4.3472,26.62,25.0,3256,15257744.0,2.807985531630272e-05
2024-07-25,09:43:33,4.3517,26.62,25.0,3257,15257744.0,2.803497950536041e-05
2024-07-25,09:43:33,4.3561,26.62,25.0,3256,15257744.0,2.807985531630272e-05
2024-07-25,09:43:33,4.3608,26.62,25.0,3257,15257745.0,2.803497950536041e-05
2024-07-25,09:43:33,4.37,26.62,25.0,3256,15257743.0,2.807985531630272e-05
2024-07-25,09:43:33,4.3746,26.62,25.0,3257,15257744.0,2.803497950536041e-05
2024-07-25,09:43:33,4.3791,26.62,25.0,3257,15257744.0,2.803497950536041e-05
2024-07-25,09:43:33,4.3835,26.62,25.0,3257,15257744.0,2.803497950536041e-05
2024-07-25,09:43:33,4.3881,26.62,25.0,3255,15257744.0,2.812480296030659e-05
2024-07-25,09:43:33,4.3928,26.62,25.0,3254,15257744.0,2.816982255235571e-05
2024-07-25,09:43:33,4.3974,26.62,25.0,3256,15257744.0,2.807985531630272e-05
2024-07-25,09:43:33,4.402,26.62,25.0,3256,15257745.0,2.807985531630272e-05
2024-07-25,09:43:33,4.4066,26.62,25.0,3254,15257744.0,2.816982255235571e-05
2024-07-25,09:43:33,4.4112,26.62,25.0,3254,15257744.0,2.816982255235571e-05
2024-07-25,09:43:33,4.4157,26.62,25.0,3256,15257745.0,2.807985531630272e-05
2024-07-25,09:43:33,4.4248,26.62,25.0,3256,15257743.0,2.807985531630272e-05
2024-07-25,09:43:33,4.4294,26.62,25.0,3255,15257744.0,2.812480296030659e-05
2024-07-25,09:43:33,4.434,26.62,25.0,3255,15257744.0,2.812480296030659e-05
2024-07-25,09:43:33,4.4386,26.62,25.0,3256,15257744.0,2.807985531630272e-05
2024-07-25,09:43:33,4.4431,26.62,25.0,3255,15257744.0,2.812480296030659e-05
2024-07-25,09:43:33,4.4477,26.62,25.0,3255,15257744.0,2.812480296030659e-05
2024-07-25,09:43:33,4.4523,26.62,25.0,3257,15257745.0,2.803497950536041e-05
2024-07-25,09:43:33,4.4568,26.62,25.0,3256,15257744.0,2.807985531630272e-05
2024-07-25,09:43:33,4.4614,26.62,25.0,3256,15257745.0,2.807985531630272e-05
2024-07-25,09:43:33,4.466,26.62,25.0,3255,15257744.0,2.812480296030659e-05
2024-07-25,09:43:33,4.4751,26.62,25.0,3255,15257745.0,2.812480296030659e-05
2024-07-25,09:43:33,4.4795,26.62,25.0,3256,15257744.0,2.807985531630272e-05
2024-07-25,09:43:33,4.4841,26.62,25.0,3256,15257744.0,2.807985531630272e-05
2024-07-25,09:43:33,4.4888,26.62,25.0,3257,15257745.0,2.803497950536041e-05
2024-07-25,09:43:33,4.4934,26.62,25.0,3257,15257745.0,2.803497950536041e-05
2024-07-25,09:43:33,4.498,26.62,25.0,3255,15257744.0,2.812480296030659e-05
2024-07-25,09:43:33,4.5026,26.62,25.0,3256,15257743.0,2.807985531630272e-05
2024-07-25,09:43:33,4.5072,26.62,25.0,3256,15257744.0,2.807985531630272e-05
2024-07-25,09:43:33,4.5118,26.62,25.0,3255,15257744.0,2.812480296030659e-05
2024-07-25,09:43:33,4.5163,26.62,25.0,3255,15257745.0,2.812480296030659e-05
2024-07-25,09:43:33,4.5208,26.62,25.0,3256,15257744.0,2.807985531630272e-05
2024-07-25,09:43:33,4.53,26.62,25.0,3255,15257745.0,2.812480296030659e-05
2024-07-25,09:43:33,4.5346,26.62,25.0,3257,15257745.0,2.803497950536041e-05
2024-07-25,09:43:33,4.5392,26.62,25.0,3257,15257745.0,2.803497950536041e-05
2024-07-25,09:43:33,4.5437,26.62,25.0,3255,15257744.0,2.812480296030659e-05
2024-07-25,09:43:33,4.5481,26.62,25.0,3256,15257744.0,2.807985531630272e-05
2024-07-25,09:43:33,4.5528,26.62,25.0,3257,15257744.0,2.803497950536041e-05
2024-07-25,09:43:33,4.5574,26.62,25.0,3257,15257744.0,2.803497950536041e-05
2024-07-25,09:43:33,4.562,26.62,25.0,3258,15257745.0,2.799017541267961e-05
2024-07-25,09:43:33,4.5666,26.62,25.0,3258,15257744.0,2.799017541267961e-05
2024-07-25,09:43:33,4.5711,26.62,25.0,3258,15257745.0,2.799017541267961e-05
2024-07-25,09:43:33,4.5801,26.62,25.0,3255,15257743.0,2.812480296030659e-05
2024-07-25,09:43:33,4.5848,26.62,25.0,3255,15257744.0,2.812480296030659e-05
2024-07-25,09:43:33,4.5894,26.62,25.0,3255,15257744.0,2.812480296030659e-05
2024-07-25,09:43:33,4.594,26.62,25.0,3254,15257744.0,2.816982255235571e-05
2024-07-25,09:43:33,4.5986,26.62,25.0,3256,15257745.0,2.807985531630272e-05
2024-07-25,09:43:33,4.6032,26.62,25.0,3258,15257744.0,2.799017541267961e-05
2024-07-25,09:43:33,4.6077,26.62,25.0,3256,15257744.0,2.807985531630272e-05
2024-07-25,09:43:33,4.6121,26.62,25.0,3255,15257744.0,2.812480296030659e-05
2024-07-25,09:43:33,4.6168,26.62,25.0,3255,15257745.0,2.812480296030659e-05
2024-07-25,09:43:33,4.6214,26.62,25.0,3255,15257744.0,2.812480296030659e-05
2024-07-25,09:43:33,4.626,26.62,25.0,3254,15257744.0,2.816982255235571e-05
2024-07-25,09:43:33,4.6351,26.62,25.0,3255,15257743.0,2.812480296030659e-05
2024-07-25,09:43:33,4.6395,26.62,25.0,3255,15257744.0,2.812480296030659e-05
2024-07-25,09:43:33,4.6441,26.62,25.0,3255,15257744.0,2.812480296030659e-05
2024-07-25,09:43:33,4.6488,26.62,25.0,3255,15257744.0,2.812480296030659e-05
2024-07-25,09:43:33,4.6534,26.62,25.0,3256,15257744.0,2.807985531630272e-05
2024-07-25,09:43:33,4.658,26.62,25.0,3257,15257744.0,2.803497950536041e-05
2024-07-25,09:43:33,4.6625,26.62,25.0,3256,15257744.0,2.807985531630272e-05
2024-07-25,09:43:33,4.6669,26.62,25.0,3254,15257744.0,2.816982255235571e-05
2024-07-25,09:43:33,4.6715,26.62,25.0,3256,15257745.0,2.807985531630272e-05
2024-07-25,09:43:33,4.6761,26.62,25.0,3257,15257744.0,2.803497950536041e-05
2024-07-25,09:43:33,4.6808,26.62,25.0,3254,15257744.0,2.816982255235571e-05
2024-07-25,09:43:33,4.69,26.62,25.0,3255,15257744.0,2.812480296030659e-05
2024-07-25,09:43:33,4.6946,26.62,25.0,3256,15257744.0,2.807985531630272e-05
2024-07-25,09:43:33,4.6991,26.62,25.0,3256,15257744.0,2.807985531630272e-05
2024-07-25,09:43:33,4.7035,26.62,25.0,3255,15257744.0,2.812480296030659e-05
2024-07-25,09:43:33,4.7081,26.62,25.0,3256,15257744.0,2.807985531630272e-05
2024-07-25,09:43:33,4.7128,26.62,25.0,3257,15257743.0,2.803497950536041e-05
2024-07-25,09:43:33,4.7174,26.62,25.0,3256,15257743.0,2.807985531630272e-05
2024-07-25,09:43:34,4.722,26.62,25.0,3255,15257743.0,2.812480296030659e-05
2024-07-25,09:43:34,4.7265,26.62,25.0,3256,15257744.0,2.807985531630272e-05
2024-07-25,09:43:34,4.7309,26.62,25.0,3256,15257743.0,2.807985531630272e-05
2024-07-25,09:43:34,4.7401,26.62,25.0,3255,15257745.0,2.812480296030659e-05
2024-07-25,09:43:34,4.7448,26.62,25.0,3256,15257744.0,2.807985531630272e-05
2024-07-25,09:43:34,4.7494,26.62,25.0,3256,15257744.0,2.807985531630272e-05
2024-07-25,09:43:34,4.7538,26.62,25.0,3258,15257745.0,2.799017541267961e-05
2024-07-25,09:43:34,4.7583,26.62,25.0,3258,15257745.0,2.799017541267961e-05
2024-07-25,09:43:34,4.7629,26.62,25.0,3256,15257744.0,2.807985531630272e-05
2024-07-25,09:43:34,4.7675,26.62,25.0,3257,15257744.0,2.803497950536041e-05
2024-07-25,09:43:34,4.7721,26.62,25.0,3257,15257744.0,2.803497950536041e-05
2024-07-25,09:43:34,4.7768,26.62,25.0,3256,15257744.0,2.807985531630272e-05
2024-07-25,09:43:34,4.7814,26.62,25.0,3255,15257744.0,2.812480296030659e-05
2024-07-25,09:43:34,4.7905,26.62,25.0,3257,15257743.0,2.803497950536041e-05
2024-07-25,09:43:34,4.7949,26.62,25.0,3256,15257744.0,2.807985531630272e-05
2024-07-25,09:43:34,4.7995,26.62,25.0,3256,15257744.0,2.807985531630272e-05
2024-07-25,09:43:34,4.8041,26.62,25.0,3256,15257744.0,2.807985531630272e-05
2024-07-25,09:43:34,4.8086,26.62,25.0,3255,15257744.0,2.812480296030659e-05
2024-07-25,09:43:34,4.8132,26.62,25.0,3256,15257743.0,2.807985531630272e-05
2024-07-25,09:43:34,4.8178,26.62,25.0,3257,15257744.0,2.803497950536041e-05
2024-07-25,09:43:34,4.8223,26.62,25.0,3256,15257744.0,2.807985531630272e-05
2024-07-25,09:43:34,4.8269,26.62,25.0,3256,15257744.0,2.807985531630272e-05
2024-07-25,09:43:34,4.8315,26.62,25.0,3256,15257743.0,2.807985531630272e-05
2024-07-25,09:43:34,4.8361,26.62,25.0,3256,15257744.0,2.807985531630272e-05
2024-07-25,09:43:34,4.8452,26.62,25.0,3256,15257743.0,2.807985531630272e-05
2024-07-25,09:43:34,4.8497,26.62,25.0,3256,15257744.0,2.807985531630272e-05
2024-07-25,09:43:34,4.8543,26.62,25.0,3257,15257744.0,2.803497950536041e-05
2024-07-25,09:43:34,4.8589,26.62,25.0,3257,15257744.0,2.803497950536041e-05
2024-07-25,09:43:34,4.8635,26.62,25.0,3255,15257743.0,2.812480296030659e-05
2024-07-25,09:43:34,4.8681,26.62,25.0,3256,15257743.0,2.807985531630272e-05
2024-07-25,09:43:34,4.8726,26.62,25.0,3257,15257743.0,2.803497950536041e-05
2024-07-25,09:43:34,4.8772,26.62,25.0,3256,15257743.0,2.807985531630272e-05
2024-07-25,09:43:34,4.8818,26.62,25.0,3255,15257744.0,2.812480296030659e-05
2024-07-25,09:43:34,4.8863,26.62,25.0,3255,15257743.0,2.812480296030659e-05
2024-07-25,09:43:34,4.8955,26.62,25.0,3256,15257744.0,2.807985531630272e-05
2024-07-25,09:43:34,4.9,26.62,25.0,3258,15257743.0,2.799017541267961e-05
2024-07-25,09:43:34,4.9045,26.62,25.0,3257,15257744.0,2.803497950536041e-05
2024-07-25,09:43:34,4.9091,26.62,25.0,3256,15257743.0,2.807985531630272e-05
2024-07-25,09:43:34,4.9137,26.62,25.0,3256,15257743.0,2.807985531630272e-05
2024-07-25,09:43:34,4.9183,26.62,25.0,3256,15257743.0,2.807985531630272e-05
2024-07-25,09:43:34,4.9229,26.62,25.0,3256,15257743.0,2.807985531630272e-05
2024-07-25,09:43:34,4.9274,26.62,25.0,3256,15257743.0,2.807985531630272e-05
2024-07-25,09:43:34,4.932,26.62,25.0,3256,15257743.0,2.807985531630272e-05
2024-07-25,09:43:34,4.9366,26.62,25.0,3256,15257743.0,2.807985531630272e-05
2024-07-25,09:43:34,4.9411,26.62,25.0,3256,15257743.0,2.807985531630272e-05
2024-07-25,09:43:34,4.9503,26.62,25.0,3257,15257744.0,2.803497950536041e-05
2024-07-25,09:43:34,4.9548,26.62,25.0,3256,15257743.0,2.807985531630272e-05
2024-07-25,09:43:34,4.9593,26.62,25.0,3257,15257742.0,2.803497950536041e-05
2024-07-25,09:43:34,4.9639,26.62,25.0,3257,15257743.0,2.803497950536041e-05
2024-07-25,09:43:34,4.9685,26.62,25.0,3256,15257743.0,2.807985531630272e-05
2024-07-25,09:43:34,4.9731,26.62,25.0,3256,15257743.0,2.807985531630272e-05
2024-07-25,09:43:34,4.9777,26.62,25.0,3257,15257742.0,2.803497950536041e-05
2024-07-25,09:43:34,4.9823,26.62,25.0,3258,15257743.0,2.799017541267961e-05
2024-07-25,09:43:34,4.9869,26.62,25.0,3257,15257742.0,2.803497950536041e-05
2024-07-25,09:43:34,4.9914,26.62,25.0,3255,15257743.0,2.812480296030659e-05
2024-07-25,09:43:34,5.0005,26.62,25.0,3256,15257742.0,2.807985531630272e-05
2024-07-25,09:43:34,5.0051,26.62,25.0,3256,15257742.0,2.807985531630272e-05
2024-07-25,09:43:34,5.0097,26.62,25.0,3256,15257742.0,2.807985531630272e-05
2024-07-25,09:43:34,5.0142,26.62,25.0,3256,15257742.0,2.807985531630272e-05
2024-07-25,09:43:34,5.0187,26.62,25.0,3255,15257742.0,2.812480296030659e-05
2024-07-25,09:43:34,5.0233,26.62,25.0,3256,15257742.0,2.807985531630272e-05
2024-07-25,09:43:34,5.0279,26.62,25.0,3258,15257742.0,2.799017541267961e-05
2024-07-25,09:43:34,5.0325,26.62,25.0,3257,15257742.0,2.803497950536041e-05
2024-07-25,09:43:34,5.0371,26.62,25.0,3255,15257742.0,2.812480296030659e-05
2024-07-25,09:43:34,5.0417,26.62,25.0,3255,15257741.0,2.812480296030659e-05
2024-07-25,09:43:34,5.0462,26.62,25.0,3255,15257742.0,2.812480296030659e-05
2024-07-25,09:43:34,5.0553,26.62,25.0,3257,15257742.0,2.803497950536041e-05
2024-07-25,09:43:34,5.0599,26.62,25.0,3257,15257742.0,2.803497950536041e-05
2024-07-25,09:43:34,5.0645,26.62,25.0,3256,15257742.0,2.807985531630272e-05
2024-07-25,09:43:34,5.0691,26.62,25.0,3257,15257742.0,2.803497950536041e-05
2024-07-25,09:43:34,5.0737,26.62,25.0,3257,15257742.0,2.803497950536041e-05
2024-07-25,09:43:34,5.0783,26.62,25.0,3257,15257742.0,2.803497950536041e-05
2024-07-25,09:43:34,5.0828,26.62,25.0,3257,15257742.0,2.803497950536041e-05
2024-07-25,09:43:34,5.0873,26.62,25.0,3256,15257742.0,2.807985531630272e-05
2024-07-25,09:43:34,5.0919,26.62,25.0,3255,15257742.0,2.812480296030659e-05
2024-07-25,09:43:34,5.0965,26.62,25.0,3255,15257741.0,2.812480296030659e-05
2024-07-25,09:43:34,5.1057,26.62,25.0,3255,15257742.0,2.812480296030659e-05
2024-07-25,09:43:34,5.1102,26.62,25.0,3255,15257741.0,2.812480296030659e-05
2024-07-25,09:43:34,5.1147,26.62,25.0,3255,15257741.0,2.812480296030659e-05
2024-07-25,09:43:34,5.1193,26.62,25.0,3255,15257741.0,2.812480296030659e-05
2024-07-25,09:43:34,5.1239,26.62,25.0,3255,15257741.0,2.812480296030659e-05
2024-07-25,09:43:34,5.1285,26.62,25.0,3256,15257741.0,2.807985531630272e-05
2024-07-25,09:43:34,5.1331,26.62,25.0,3256,15257742.0,2.807985531630272e-05
2024-07-25,09:43:34,5.1377,26.62,25.0,3255,15257741.0,2.812480296030659e-05
2024-07-25,09:43:34,5.1423,26.62,25.0,3255,15257741.0,2.812480296030659e-05
2024-07-25,09:43:34,5.1469,26.62,25.0,3255,15257741.0,2.812480296030659e-05
2024-07-25,09:43:34,5.1515,26.62,25.0,3255,15257741.0,2.812480296030659e-05
2024-07-25,09:43:34,5.1605,26.62,25.0,3255,15257741.0,2.812480296030659e-05
2024-07-25,09:43:34,5.1651,26.62,25.0,3255,15257741.0,2.812480296030659e-05
2024-07-25,09:43:34,5.1697,26.62,25.0,3255,15257741.0,2.812480296030659e-05
2024-07-25,09:43:34,5.1743,26.62,25.0,3255,15257741.0,2.812480296030659e-05
2024-07-25,09:43:34,5.1789,26.62,25.0,3256,15257741.0,2.807985531630272e-05
2024-07-25,09:43:34,5.1834,26.62,25.0,3256,15257741.0,2.807985531630272e-05
2024-07-25,09:43:34,5.1879,26.62,25.0,3246,15257732.0,2.853258327730228e-05
2024-07-25,09:43:34,5.1925,26.62,25.0,3221,15257716.0,2.969659546575003e-05
2024-07-25,09:43:34,5.1971,26.62,25.0,3197,15257700.0,3.085869880931473e-05
2024-07-25,09:43:34,5.2016,26.62,25.0,3175,15257685.0,3.196386669099883e-05
2024-07-25,09:43:34,5.2107,26.62,25.0,3157,15257670.0,3.289747160361017e-05
2024-07-25,09:43:34,5.2153,26.62,25.0,3156,15257670.0,3.295013084368136e-05
2024-07-25,09:43:34,5.2199,26.62,25.0,3152,15257664.0,3.316161207489005e-05
2024-07-25,09:43:34,5.2244,26.62,25.0,3151,15257661.0,3.321469412667937e-05
2024-07-25,09:43:34,5.2289,26.62,25.0,3153,15257661.0,3.310861485616324e-05
2024-07-25,09:43:34,5.2335,26.62,25.0,3152,15257659.0,3.316161207489005e-05
2024-07-25,09:43:34,5.2381,26.62,25.0,3152,15257655.0,3.316161207489005e-05
2024-07-25,09:43:34,5.2427,26.62,25.0,3152,15257651.0,3.316161207489005e-05
2024-07-25,09:43:34,5.2473,26.62,25.0,3151,15257648.0,3.321469412667937e-05
2024-07-25,09:43:34,5.2519,26.62,25.0,3148,15257644.0,3.337445063943879e-05
2024-07-25,09:43:34,5.2565,26.62,25.0,3147,15257641.0,3.342787338358289e-05
2024-07-25,09:43:34,5.2655,26.62,25.0,3149,15257632.0,3.332111327283457e-05
2024-07-25,09:43:34,5.2701,26.62,25.0,3148,15257628.0,3.337445063943879e-05
2024-07-25,09:43:34,5.2747,26.62,25.0,3151,15257626.0,3.321469412667937e-05
2024-07-25,09:43:34,5.2793,26.62,25.0,3151,15257625.0,3.321469412667937e-05
2024-07-25,09:43:34,5.2839,26.62,25.0,3151,15257622.0,3.321469412667937e-05
2024-07-25,09:43:34,5.2885,26.62,25.0,3151,15257618.0,3.321469412667937e-05
2024-07-25,09:43:34,5.2931,26.62,25.0,3150,15257615.0,3.326786114732408e-05
2024-07-25,09:43:34,5.2976,26.62,25.0,3151,15257613.0,3.321469412667937e-05
2024-07-25,09:43:34,5.3021,26.62,25.0,3151,15257611.0,3.321469412667937e-05
2024-07-25,09:43:34,5.3067,26.62,25.0,3150,15257608.0,3.326786114732408e-05
2024-07-25,09:43:34,5.3159,26.62,25.0,3151,15257602.0,3.321469412667937e-05
2024-07-25,09:43:34,5.3205,26.62,25.0,3151,15257598.0,3.321469412667937e-05
2024-07-25,09:43:34,5.3251,26.62,25.0,3149,15257593.0,3.332111327283457e-05
2024-07-25,09:43:34,5.3297,26.62,25.0,3146,15257589.0,3.34813816419313e-05
2024-07-25,09:43:34,5.3342,26.62,25.0,3145,15257586.0,3.353497555136735e-05
2024-07-25,09:43:34,5.3387,26.62,25.0,3144,15257582.0,3.358865524899333e-05
2024-07-25,09:43:34,5.3433,26.62,25.0,3143,15257580.0,3.364242087213114e-05
2024-07-25,09:43:34,5.3479,26.62,25.0,3146,15257577.0,3.34813816419313e-05
2024-07-25,09:43:34,5.3525,26.62,25.0,3149,15257574.0,3.332111327283457e-05
2024-07-25,09:43:34,5.3571,26.62,25.0,3149,15257571.0,3.332111327283457e-05
2024-07-25,09:43:34,5.3617,26.62,25.0,3149,15257569.0,3.332111327283457e-05
2024-07-25,09:43:34,5.3707,26.62,25.0,3149,15257565.0,3.332111327283457e-05
2024-07-25,09:43:34,5.3753,26.62,25.0,3148,15257560.0,3.337445063943879e-05
2024-07-25,09:43:34,5.3799,26.62,25.0,3148,15257559.0,3.337445063943879e-05
2024-07-25,09:43:34,5.3845,26.62,25.0,3147,15257559.0,3.342787338358289e-05
2024-07-25,09:43:34,5.3891,26.62,25.0,3143,15257556.0,3.364242087213114e-05
2024-07-25,09:43:34,5.3937,26.62,25.0,3141,15257552.0,3.375021044532881e-05
2024-07-25,09:43:34,5.3982,26.62,25.0,3143,15257545.0,3.364242087213114e-05
2024-07-25,09:43:34,5.4028,26.62,25.0,3108,15257514.0,3.557943414858484e-05
2024-07-25,09:43:34,5.4075,26.62,25.0,3070,15257488.0,3.780895746393291e-05
2024-07-25,09:43:34,5.4121,26.62,25.0,3066,15257482.0,3.805162371958823e-05
2024-07-25,09:43:34,5.4168,26.62,25.0,3068,15257481.0,3.793009652831762e-05
2024-07-25,09:43:34,5.4214,26.62,25.0,3068,15257479.0,3.793009652831762e-05
2024-07-25,09:43:34,5.4308,26.62,25.0,3066,15257473.0,3.805162371958823e-05
2024-07-25,09:43:34,5.4354,26.62,25.0,3072,15257472.0,3.768820528685573e-05
2024-07-25,09:43:34,5.4401,26.62,25.0,3068,15257466.0,3.793009652831762e-05
2024-07-25,09:43:34,5.4447,26.62,25.0,3064,15257462.0,3.817354028129473e-05
2024-07-25,09:43:34,5.4493,26.62,25.0,3067,15257457.0,3.799081153046356e-05
2024-07-25,09:43:34,5.4539,26.62,25.0,3068,15257450.0,3.793009652831762e-05
2024-07-25,09:43:34,5.4585,26.62,25.0,3068,15257448.0,3.793009652831762e-05
2024-07-25,09:43:34,5.4631,26.62,25.0,3064,15257448.0,3.817354028129473e-05
2024-07-25,09:43:34,5.4677,26.62,25.0,3068,15257446.0,3.793009652831762e-05
2024-07-25,09:43:34,5.4723,26.62,25.0,3068,15257442.0,3.793009652831762e-05
2024-07-25,09:43:34,5.4769,26.69,25.0,3064,15257438.0,3.817354028129473e-05
2024-07-25,09:43:34,5.4817,26.69,25.0,3065,15257436.0,3.811253325125966e-05
2024-07-25,09:43:34,5.491,26.69,25.0,3066,15257430.0,3.805162371958823e-05
2024-07-25,09:43:34,5.4956,26.69,25.0,3065,15257426.0,3.811253325125966e-05
2024-07-25,09:43:34,5.5002,26.69,25.0,3066,15257423.0,3.805162371958823e-05
2024-07-25,09:43:34,5.5048,26.69,25.0,3066,15257419.0,3.805162371958823e-05
2024-07-25,09:43:34,5.5094,26.69,25.0,3064,15257416.0,3.817354028129473e-05
2024-07-25,09:43:34,5.514,26.69,25.0,3065,15257414.0,3.811253325125966e-05
2024-07-25,09:43:34,5.5186,26.69,25.0,3065,15257410.0,3.811253325125966e-05
2024-07-25,09:43:34,5.5233,26.69,25.0,3065,15257407.0,3.811253325125966e-05
2024-07-25,09:43:34,5.528,26.69,25.0,3066,15257404.0,3.805162371958823e-05
2024-07-25,09:43:34,5.5327,26.69,25.0,3067,15257401.0,3.799081153046356e-05
2024-07-25,09:43:34,5.5373,26.69,25.0,3066,15257398.0,3.805162371958823e-05
2024-07-25,09:43:34,5.5419,26.69,25.0,3065,15257395.0,3.811253325125966e-05
2024-07-25,09:43:34,5.5465,26.69,25.0,3065,15257392.0,3.811253325125966e-05
2024-07-25,09:43:34,5.5558,26.69,25.0,3065,15257387.0,3.811253325125966e-05
2024-07-25,09:43:34,5.5604,26.69,25.0,3064,15257383.0,3.817354028129473e-05
2024-07-25,09:43:34,5.5651,26.69,25.0,3063,15257380.0,3.823464496575992e-05
2024-07-25,09:43:34,5.5698,26.69,25.0,3063,15257377.0,3.823464496575992e-05
2024-07-25,09:43:34,5.5745,26.69,25.0,3064,15257374.0,3.817354028129473e-05
2024-07-25,09:43:34,5.5791,26.69,25.0,3064,15257371.0,3.817354028129473e-05
2024-07-25,09:43:34,5.5837,26.69,25.0,3064,15257367.0,3.817354028129473e-05
2024-07-25,09:43:34,5.5883,26.69,25.0,3064,15257364.0,3.817354028129473e-05
2024-07-25,09:43:34,5.5929,26.69,25.0,3063,15257361.0,3.823464496575992e-05
2024-07-25,09:43:34,5.5975,26.69,25.0,3063,15257359.0,3.823464496575992e-05
2024-07-25,09:43:34,5.6022,26.69,25.0,3063,15257356.0,3.823464496575992e-05
2024-07-25,09:43:34,5.6068,26.69,25.0,3062,15257353.0,3.829584746097138e-05
2024-07-25,09:43:34,5.6161,26.69,25.0,3061,15257345.0,3.835714792349559e-05
2024-07-25,09:43:34,5.6207,26.69,25.0,3062,15257343.0,3.829584746097138e-05
2024-07-25,09:43:34,5.6254,26.69,25.0,3063,15257340.0,3.823464496575992e-05
2024-07-25,09:43:34,5.63,26.69,25.0,3060,15257338.0,3.841854651014953e-05
2024-07-25,09:43:34,5.6346,26.69,25.0,3059,15257335.0,3.848004337800132e-05
2024-07-25,09:43:34,5.6392,26.69,25.0,3060,15257331.0,3.841854651014953e-05
2024-07-25,09:43:34,5.6438,26.69,25.0,3059,15257328.0,3.848004337800132e-05
2024-07-25,09:43:34,5.6484,26.69,25.0,3059,15257325.0,3.848004337800132e-05
2024-07-25,09:43:34,5.653,26.69,25.0,3060,15257322.0,3.841854651014953e-05
2024-07-25,09:43:34,5.6578,26.69,25.0,3059,15257320.0,3.848004337800132e-05
2024-07-25,09:43:34,5.6624,26.69,25.0,3058,15257317.0,3.854163868437039e-05
2024-07-25,09:43:34,5.667,26.69,25.0,3058,15257313.0,3.854163868437039e-05
2024-07-25,09:43:34,5.6763,26.69,25.0,3058,15257309.0,3.854163868437039e-05
2024-07-25,09:43:34,5.6809,26.69,25.0,3058,15257306.0,3.854163868437039e-05
2024-07-25,09:43:34,5.6856,26.69,25.0,3057,15257303.0,3.860333258682812e-05
2024-07-25,09:43:34,5.6902,26.69,25.0,3056,15257300.0,3.866512524319794e-05
2024-07-25,09:43:34,5.6949,26.69,25.0,3057,15257297.0,3.860333258682812e-05
2024-07-25,09:43:34,5.6996,26.69,25.0,3057,15257294.0,3.860333258682812e-05
2024-07-25,09:43:34,5.7042,26.69,25.0,3057,15257291.0,3.860333258682812e-05
2024-07-25,09:43:34,5.7089,26.69,25.0,3057,15257289.0,3.860333258682812e-05
2024-07-25,09:43:34,5.7135,26.69,25.0,3056,15257287.0,3.866512524319794e-05
2024-07-25,09:43:34,5.7181,26.69,25.0,3056,15257284.0,3.866512524319794e-05
2024-07-25,09:43:35,5.7227,26.69,25.0,3056,15257281.0,3.866512524319794e-05
2024-07-25,09:43:35,5.7273,26.69,25.0,3055,15257279.0,3.872701681155609e-05
2024-07-25,09:43:35,5.732,26.69,25.0,3055,15257276.0,3.872701681155609e-05
2024-07-25,09:43:35,5.7412,26.69,25.0,3054,15257275.0,3.878900745023173e-05
2024-07-25,09:43:35,5.746,26.69,25.0,3052,15257272.0,3.891328657311985e-05
2024-07-25,09:43:35,5.7506,26.69,25.0,3053,15257269.0,3.88510973178075e-05
2024-07-25,09:43:35,5.7552,26.69,25.0,3052,15257268.0,3.891328657311985e-05
2024-07-25,09:43:35,5.7598,26.69,25.0,3052,15257266.0,3.891328657311985e-05
2024-07-25,09:43:35,5.7644,26.69,25.0,3052,15257265.0,3.891328657311985e-05
2024-07-25,09:43:35,5.769,26.69,25.0,3049,15257264.0,3.910045225765757e-05
2024-07-25,09:43:35,5.7736,26.69,25.0,3046,15257262.0,3.928851817439237e-05
2024-07-25,09:43:35,5.7784,26.69,25.0,3046,15257261.0,3.928851817439237e-05
2024-07-25,09:43:35,5.7831,26.69,25.0,3046,15257260.0,3.928851817439237e-05
2024-07-25,09:43:35,5.7877,26.69,25.0,3045,15257260.0,3.935140761269075e-05
2024-07-25,09:43:35,5.7923,26.69,25.0,3044,15257259.0,3.941439771860481e-05
2024-07-25,09:43:35,5.7969,26.69,25.0,3043,15257258.0,3.947748865327405e-05
2024-07-25,09:43:35,5.8063,26.69,25.0,3042,15257256.0,3.95406805780958e-05
2024-07-25,09:43:35,5.811,26.69,25.0,3041,15257254.0,3.960397365472582e-05
2024-07-25,09:43:35,5.8156,26.69,25.0,3040,15257254.0,3.966736804507856e-05
2024-07-25,09:43:35,5.8202,26.69,25.0,3040,15257253.0,3.966736804507856e-05
2024-07-25,09:43:35,5.8249,26.69,25.0,3039,15257252.0,3.973086391132776e-05
2024-07-25,09:43:35,5.8297,26.69,25.0,3038,15257252.0,3.979446141590659e-05
2024-07-25,09:43:35,5.8343,26.69,25.0,3038,15257251.0,3.979446141590659e-05
2024-07-25,09:43:35,5.8389,26.69,25.0,3037,15257249.0,3.985816072150841e-05
2024-07-25,09:43:35,5.8435,26.69,25.0,3036,15257250.0,3.992196199108682e-05
2024-07-25,09:43:35,5.8481,26.69,25.0,3035,15257249.0,3.998586538785644e-05
2024-07-25,09:43:35,5.8529,26.69,25.0,3035,15257248.0,3.998586538785644e-05
2024-07-25,09:43:35,5.8576,26.69,25.0,3034,15257247.0,4.004987107529301e-05
2024-07-25,09:43:35,5.8622,26.69,25.0,3033,15257246.0,4.011397921713403e-05
2024-07-25,09:43:35,5.8714,26.69,25.0,3032,15257248.0,4.017818997737903e-05
2024-07-25,09:43:35,5.8761,26.69,25.0,3032,15257246.0,4.017818997737903e-05
2024-07-25,09:43:35,5.8809,26.69,25.0,3032,15257245.0,4.017818997737903e-05
2024-07-25,09:43:35,5.8855,26.69,25.0,3031,15257244.0,4.024250352029014e-05
2024-07-25,09:43:35,5.8902,26.69,25.0,3030,15257244.0,4.030692001039233e-05
2024-07-25,09:43:35,5.8948,26.69,25.0,3030,15257243.0,4.030692001039233e-05
2024-07-25,09:43:35,5.8994,26.69,25.0,3031,15257243.0,4.024250352029014e-05
2024-07-25,09:43:35,5.9042,26.69,25.0,3030,15257242.0,4.030692001039233e-05
2024-07-25,09:43:35,5.9089,26.69,25.0,3029,15257242.0,4.037143961247402e-05
2024-07-25,09:43:35,5.9137,26.69,25.0,3027,15257241.0,4.050078881304863e-05
2024-07-25,09:43:35,5.9183,26.69,25.0,3026,15257241.0,4.056561874243887e-05
2024-07-25,09:43:35,5.9229,26.69,25.0,3027,15257240.0,4.050078881304863e-05
2024-07-25,09:43:35,5.9275,26.69,25.0,3027,15257240.0,4.050078881304863e-05
2024-07-25,09:43:35,5.9321,26.69,25.0,3025,15257239.0,4.06305524456041e-05
2024-07-25,09:43:35,5.9416,26.69,25.0,3024,15257236.0,4.069559008865578e-05
2024-07-25,09:43:35,5.9463,26.69,25.0,3023,15257237.0,4.076073183797135e-05
2024-07-25,09:43:35,5.9509,26.69,25.0,3023,15257236.0,4.076073183797135e-05
2024-07-25,09:43:35,5.9555,26.69,25.0,3022,15257237.0,4.082597786019447e-05
2024-07-25,09:43:35,5.9602,26.69,25.0,3022,15257236.0,4.082597786019447e-05
2024-07-25,09:43:35,5.965,26.69,25.0,3022,15257235.0,4.082597786019447e-05
2024-07-25,09:43:35,5.9697,26.69,25.0,3022,15257235.0,4.082597786019447e-05
2024-07-25,09:43:35,5.9743,26.69,25.0,3022,15257235.0,4.082597786019447e-05
2024-07-25,09:43:35,5.9791,26.62,25.0,3020,15257233.0,4.095678339127246e-05
2024-07-25,09:43:35,5.9838,26.62,25.0,3019,15257232.0,4.102234323475019e-05
2024-07-25,09:43:35,5.9884,26.62,25.0,3018,15257233.0,4.108800802038206e-05
2024-07-25,09:43:35,5.9931,26.62,25.0,3018,15257232.0,4.108800802038206e-05
2024-07-25,09:43:35,5.9979,26.62,25.0,3017,15257230.0,4.115377791614988e-05
2024-07-25,09:43:35,6.0025,26.62,25.0,3016,15257230.0,4.121965309030415e-05
2024-07-25,09:43:35,6.0071,26.62,25.0,3014,15257230.0,4.135171994812177e-05
2024-07-25,09:43:35,6.0166,26.62,25.0,3015,15257228.0,4.12856337113649e-05
2024-07-25,09:43:35,6.0213,26.62,25.0,3015,15257228.0,4.12856337113649e-05
2024-07-25,09:43:35,6.026,26.62,25.0,3014,15257227.0,4.135171994812177e-05
2024-07-25,09:43:35,6.0308,26.62,25.0,3013,15257227.0,4.141791196963466e-05
2024-07-25,09:43:35,6.0355,26.62,25.0,3012,15257226.0,4.148420994523402e-05
2024-07-25,09:43:35,6.0402,26.62,25.0,3012,15257226.0,4.148420994523402e-05
2024-07-25,09:43:35,6.045,26.62,25.0,3011,15257225.0,4.155061404452143e-05
2024-07-25,09:43:35,6.0497,26.62,25.0,3010,15257225.0,4.161712443736986e-05
2024-07-25,09:43:35,6.0545,26.62,25.0,3010,15257225.0,4.161712443736986e-05
2024-07-25,09:43:35,6.0592,26.62,25.0,3010,15257224.0,4.161712443736986e-05
2024-07-25,09:43:35,6.0639,26.62,25.0,3010,15257224.0,4.161712443736986e-05
2024-07-25,09:43:35,6.0687,26.62,25.0,3010,15257223.0,4.161712443736986e-05
2024-07-25,09:43:35,6.0734,26.62,25.0,3009,15257223.0,4.16837412939243e-05
2024-07-25,09:43:35,6.078,26.62,25.0,3008,15257223.0,4.175046478460198e-05
2024-07-25,09:43:35,6.0826,26.62,25.0,3008,15257223.0,4.175046478460198e-05
2024-07-25,09:43:35,6.0875,26.62,25.0,3008,15257221.0,4.175046478460198e-05
2024-07-25,09:43:35,6.0968,26.62,25.0,3006,15257222.0,4.188423235136067e-05
2024-07-25,09:43:35,6.1016,26.62,25.0,3006,15257221.0,4.188423235136067e-05
2024-07-25,09:43:35,6.1063,26.62,25.0,3006,15257220.0,4.188423235136067e-05
2024-07-25,09:43:35,6.111,26.62,25.0,3005,15257220.0,4.195127676964197e-05
2024-07-25,09:43:35,6.1158,26.62,25.0,3005,15257220.0,4.195127676964197e-05
2024-07-25,09:43:35,6.1205,26.62,25.0,3005,15257219.0,4.195127676964197e-05
2024-07-25,09:43:35,6.1252,26.62,25.0,3004,15257219.0,4.201842850644788e-05
2024-07-25,09:43:35,6.13,26.62,25.0,3003,15257218.0,4.20856877335641e-05
2024-07-25,09:43:35,6.1347,26.62,25.0,3003,15257217.0,4.20856877335641e-05
2024-07-25,09:43:35,6.1394,26.62,25.0,3003,15257217.0,4.20856877335641e-05
2024-07-25,09:43:35,6.1442,26.62,25.0,3003,15257218.0,4.20856877335641e-05
2024-07-25,09:43:35,6.1489,26.62,25.0,3002,15257217.0,4.215305462305114e-05
2024-07-25,09:43:35,6.1537,26.62,25.0,3001,15257216.0,4.222052934724505e-05
2024-07-25,09:43:35,6.1584,26.62,25.0,3001,15257215.0,4.222052934724505e-05
2024-07-25,09:43:35,6.1631,26.62,25.0,3000,15257215.0,4.228811207875762e-05
2024-07-25,09:43:35,6.1679,26.62,25.0,2999,15257215.0,4.235580299047711e-05
2024-07-25,09:43:35,6.1726,26.62,25.0,2999,15257214.0,4.235580299047711e-05
2024-07-25,09:43:35,6.1773,26.62,25.0,2999,15257214.0,4.235580299047711e-05
2024-07-25,09:43:35,6.1868,26.62,25.0,2999,15257213.0,4.235580299047711e-05
2024-07-25,09:43:35,6.1915,26.62,25.0,2998,15257213.0,4.242360225556832e-05
2024-07-25,09:43:35,6.1963,26.62,25.0,2997,15257212.0,4.249151004747342e-05
2024-07-25,09:43:35,6.201,26.62,25.0,2997,15257211.0,4.249151004747342e-05
2024-07-25,09:43:35,6.2057,26.62,25.0,2996,15257210.0,4.255952653991208e-05
2024-07-25,09:43:35,6.2105,26.62,25.0,2998,15257209.0,4.242360225556832e-05
2024-07-25,09:43:35,6.2152,26.62,25.0,2998,15257209.0,4.242360225556832e-05
2024-07-25,09:43:35,6.22,26.62,25.0,2995,15257211.0,4.262765190688212e-05
2024-07-25,09:43:35,6.2247,26.62,25.0,2995,15257210.0,4.262765190688212e-05
2024-07-25,09:43:35,6.2294,26.62,25.0,2995,15257209.0,4.262765190688212e-05
2024-07-25,09:43:35,6.2342,26.62,25.0,2994,15257208.0,4.269588632265983e-05
2024-07-25,09:43:35,6.2389,26.62,25.0,2994,15257208.0,4.269588632265983e-05
2024-07-25,09:43:35,6.2436,26.62,25.0,2994,15257208.0,4.269588632265983e-05
2024-07-25,09:43:35,6.2485,26.62,25.0,2993,15257207.0,4.276422996180053e-05
2024-07-25,09:43:35,6.2532,26.62,25.0,2993,15257207.0,4.276422996180053e-05
2024-07-25,09:43:35,6.258,26.62,25.0,2993,15257207.0,4.276422996180053e-05
2024-07-25,09:43:35,6.2627,26.62,25.0,2992,15257207.0,4.283268299913885e-05
2024-07-25,09:43:35,6.2721,26.62,25.0,2992,15257204.0,4.283268299913885e-05
2024-07-25,09:43:35,6.2768,26.62,25.0,2992,15257204.0,4.283268299913885e-05
2024-07-25,09:43:35,6.2815,26.62,25.0,2991,15257203.0,4.290124560978941e-05
2024-07-25,09:43:35,6.2863,26.62,25.0,2990,15257205.0,4.296991796914701e-05
2024-07-25,09:43:35,6.291,26.62,25.0,2991,15257205.0,4.290124560978941e-05
2024-07-25,09:43:35,6.2959,26.62,25.0,2991,15257204.0,4.290124560978941e-05
2024-07-25,09:43:35,6.3007,26.62,25.0,2990,15257203.0,4.296991796914701e-05
2024-07-25,09:43:35,6.3055,26.62,25.0,2990,15257204.0,4.296991796914701e-05
2024-07-25,09:43:35,6.3102,26.62,25.0,2990,15257203.0,4.296991796914701e-05
2024-07-25,09:43:35,6.3149,26.62,25.0,2990,15257202.0,4.296991796914701e-05
2024-07-25,09:43:35,6.3197,26.62,25.0,2989,15257202.0,4.30387002528873e-05
2024-07-25,09:43:35,6.3244,26.62,25.0,2988,15257202.0,4.310759263696707e-05
2024-07-25,09:43:35,6.3291,26.62,25.0,2987,15257201.0,4.317659529762484e-05
2024-07-25,09:43:35,6.334,26.62,25.0,2986,15257201.0,4.324570841138112e-05
2024-07-25,09:43:35,6.3389,26.62,25.0,2986,15257201.0,4.324570841138112e-05
2024-07-25,09:43:35,6.3436,26.62,25.0,2987,15257200.0,4.317659529762484e-05
2024-07-25,09:43:35,6.3483,26.62,25.0,2987,15257200.0,4.317659529762484e-05
2024-07-25,09:43:35,6.3531,26.62,25.0,2986,15257200.0,4.324570841138112e-05
2024-07-25,09:43:35,6.3578,26.62,25.0,2986,15257200.0,4.324570841138112e-05
2024-07-25,09:43:35,6.3673,26.62,25.0,2985,15257197.0,4.331493215503914e-05
2024-07-25,09:43:35,6.372,26.62,25.0,2985,15257198.0,4.331493215503914e-05
2024-07-25,09:43:35,6.3768,26.62,25.0,2986,15257198.0,4.324570841138112e-05
2024-07-25,09:43:35,6.3816,26.62,25.0,2985,15257199.0,4.331493215503914e-05
2024-07-25,09:43:35,6.3864,26.62,25.0,2983,15257198.0,4.345371224068825e-05
2024-07-25,09:43:35,6.3911,26.62,25.0,2984,15257196.0,4.338426670568495e-05
2024-07-25,09:43:35,6.396,26.62,25.0,2984,15257196.0,4.338426670568495e-05
2024-07-25,09:43:35,6.4007,26.62,25.0,2982,15257197.0,4.352326893770249e-05
2024-07-25,09:43:35,6.4054,26.62,25.0,2982,15257197.0,4.352326893770249e-05
2024-07-25,09:43:35,6.4102,26.62,25.0,2983,15257195.0,4.345371224068825e-05
2024-07-25,09:43:35,6.4149,26.62,25.0,2983,15257196.0,4.345371224068825e-05
2024-07-25,09:43:35,6.4196,26.62,25.0,2982,15257197.0,4.352326893770249e-05
2024-07-25,09:43:35,6.4244,26.62,25.0,2981,15257195.0,4.359293697466567e-05
2024-07-25,09:43:35,6.4292,26.62,25.0,2981,15257194.0,4.359293697466567e-05
2024-07-25,09:43:35,6.4341,26.62,25.0,2980,15257194.0,4.366271652980039e-05
2024-07-25,09:43:35,6.4388,26.62,25.0,2981,15257193.0,4.359293697466567e-05
2024-07-25,09:43:35,6.4436,26.62,25.0,2982,15257193.0,4.352326893770249e-05
2024-07-25,09:43:35,6.4483,26.62,25.0,2980,15257193.0,4.366271652980039e-05
2024-07-25,09:43:35,6.453,26.62,25.0,2980,15257194.0,4.366271652980039e-05
2024-07-25,09:43:35,6.4579,26.62,25.0,2980,15257192.0,4.366271652980039e-05
2024-07-25,09:43:35,6.4674,26.62,25.0,2979,15257193.0,4.373260778161478e-05
2024-07-25,09:43:35,6.4722,26.62,25.0,2979,15257191.0,4.373260778161478e-05
2024-07-25,09:43:35,6.477,26.62,25.0,2979,15257191.0,4.373260778161478e-05
2024-07-25,09:43:35,6.4817,26.69,25.0,2978,15257190.0,4.38026109089025e-05
2024-07-25,09:43:35,6.4865,26.69,25.0,2977,15257191.0,4.387272609074357e-05
2024-07-25,09:43:35,6.4912,26.69,25.0,2977,15257191.0,4.387272609074357e-05
2024-07-25,09:43:35,6.4961,26.69,25.0,2977,15257190.0,4.387272609074357e-05
2024-07-25,09:43:35,6.5009,26.69,25.0,2977,15257190.0,4.387272609074357e-05
2024-07-25,09:43:35,6.5057,26.69,25.0,2977,15257189.0,4.387272609074357e-05
2024-07-25,09:43:35,6.5104,26.69,25.0,2977,15257189.0,4.387272609074357e-05
2024-07-25,09:43:35,6.5153,26.69,25.0,2977,15257189.0,4.387272609074357e-05
2024-07-25,09:43:35,6.5201,26.69,25.0,2976,15257188.0,4.394295350650451e-05
2024-07-25,09:43:35,6.5249,26.69,25.0,2976,15257188.0,4.394295350650451e-05
2024-07-25,09:43:35,6.5296,26.69,25.0,2976,15257188.0,4.394295350650451e-05
2024-07-25,09:43:35,6.5343,26.69,25.0,2975,15257189.0,4.40132933358391e-05
2024-07-25,09:43:35,6.5391,26.69,25.0,2975,15257188.0,4.40132933358391e-05
2024-07-25,09:43:35,6.5439,26.69,25.0,2975,15257187.0,4.40132933358391e-05
2024-07-25,09:43:35,6.5488,26.69,25.0,2974,15257186.0,4.408374575868857e-05
2024-07-25,09:43:35,6.5535,26.69,25.0,2973,15257186.0,4.41543109552823e-05
2024-07-25,09:43:35,6.5583,26.69,25.0,2973,15257187.0,4.41543109552823e-05
2024-07-25,09:43:35,6.5631,26.69,25.0,2974,15257185.0,4.408374575868857e-05
2024-07-25,09:43:35,6.5679,26.69,25.0,2974,15257185.0,4.408374575868857e-05
2024-07-25,09:43:35,6.5775,26.69,25.0,2973,15257186.0,4.41543109552823e-05
2024-07-25,09:43:35,6.5822,26.69,25.0,2972,15257185.0,4.422498910613804e-05
2024-07-25,09:43:35,6.5869,26.69,25.0,2971,15257184.0,4.429578039206264e-05
2024-07-25,09:43:35,6.5918,26.69,25.0,2971,15257185.0,4.429578039206264e-05
2024-07-25,09:43:35,6.5967,26.69,25.0,2971,15257185.0,4.429578039206264e-05
2024-07-25,09:43:35,6.6014,26.69,25.0,2971,15257184.0,4.429578039206264e-05
2024-07-25,09:43:35,6.6061,26.69,25.0,2971,15257184.0,4.429578039206264e-05
2024-07-25,09:43:35,6.611,26.69,25.0,2971,15257184.0,4.429578039206264e-05
2024-07-25,09:43:35,6.6159,26.69,25.0,2971,15257184.0,4.429578039206264e-05
2024-07-25,09:43:35,6.6206,26.69,25.0,2971,15257183.0,4.429578039206264e-05
2024-07-25,09:43:35,6.6253,26.69,25.0,2970,15257183.0,4.43666849941522e-05
2024-07-25,09:43:35,6.6302,26.69,25.0,2971,15257181.0,4.429578039206264e-05
2024-07-25,09:43:35,6.6351,26.69,25.0,2971,15257181.0,4.429578039206264e-05
2024-07-25,09:43:35,6.6398,26.69,25.0,2969,15257183.0,4.443770309379288e-05
2024-07-25,09:43:35,6.6445,26.69,25.0,2968,15257182.0,4.4508834872661e-05
2024-07-25,09:43:35,6.6494,26.69,25.0,2968,15257180.0,4.4508834872661e-05
2024-07-25,09:43:35,6.6541,26.69,25.0,2969,15257180.0,4.443770309379288e-05
2024-07-25,09:43:35,6.6589,26.69,25.0,2969,15257180.0,4.443770309379288e-05
2024-07-25,09:43:35,6.6637,26.69,25.0,2969,15257180.0,4.443770309379288e-05
2024-07-25,09:43:35,6.6686,26.69,25.0,2969,15257180.0,4.443770309379288e-05
2024-07-25,09:43:35,6.6733,26.69,25.0,2968,15257180.0,4.4508834872661e-05
2024-07-25,09:43:35,6.6781,26.69,25.0,2968,15257179.0,4.4508834872661e-05
2024-07-25,09:43:35,6.6878,26.69,25.0,2967,15257180.0,4.458008051272389e-05
2024-07-25,09:43:35,6.6925,26.69,25.0,2966,15257179.0,4.465144019623996e-05
2024-07-25,09:43:35,6.6973,26.69,25.0,2967,15257179.0,4.458008051272389e-05
2024-07-25,09:43:35,6.7021,26.69,25.0,2966,15257178.0,4.465144019623996e-05
2024-07-25,09:43:35,6.7069,26.69,25.0,2965,15257178.0,4.472291410575956e-05
2024-07-25,09:43:35,6.7116,26.69,25.0,2965,15257177.0,4.472291410575956e-05
2024-07-25,09:43:35,6.7165,26.69,25.0,2965,15257176.0,4.472291410575956e-05
2024-07-25,09:43:36,6.7213,26.69,25.0,2965,15257177.0,4.472291410575956e-05
2024-07-25,09:43:36,6.7261,26.69,25.0,2965,15257177.0,4.472291410575956e-05
2024-07-25,09:43:36,6.7308,26.69,25.0,2965,15257176.0,4.472291410575956e-05
2024-07-25,09:43:36,6.7357,26.69,25.0,2964,15257176.0,4.479450242412504e-05
2024-07-25,09:43:36,6.7405,26.69,25.0,2964,15257176.0,4.479450242412504e-05
2024-07-25,09:43:36,6.7454,26.69,25.0,2964,15257175.0,4.479450242412504e-05
2024-07-25,09:43:36,6.7503,26.69,25.0,2964,15257175.0,4.479450242412504e-05
2024-07-25,09:43:36,6.755,26.69,25.0,2964,15257175.0,4.479450242412504e-05
2024-07-25,09:43:36,6.7597,26.69,25.0,2964,15257175.0,4.479450242412504e-05
2024-07-25,09:43:36,6.7645,26.69,25.0,2963,15257175.0,4.486620533447163e-05
2024-07-25,09:43:36,6.7692,26.69,25.0,2962,15257175.0,4.493802302022752e-05
2024-07-25,09:43:36,6.7741,26.69,25.0,2962,15257174.0,4.493802302022752e-05
2024-07-25,09:43:36,6.7789,26.69,25.0,2962,15257174.0,4.493802302022752e-05
2024-07-25,09:43:36,6.7838,26.69,25.0,2962,15257173.0,4.493802302022752e-05
2024-07-25,09:43:36,6.7887,26.69,25.0,2961,15257174.0,4.500995566511469e-05
2024-07-25,09:43:36,6.7934,26.69,25.0,2961,15257173.0,4.500995566511469e-05
2024-07-25,09:43:36,6.7981,26.69,25.0,2961,15257173.0,4.500995566511469e-05
2024-07-25,09:43:36,6.8079,26.69,25.0,2960,15257172.0,4.508200345314904e-05
2024-07-25,09:43:36,6.8126,26.69,25.0,2960,15257172.0,4.508200345314904e-05
2024-07-25,09:43:36,6.8173,26.69,25.0,2960,15257172.0,4.508200345314904e-05
2024-07-25,09:43:36,6.8222,26.69,25.0,2961,15257171.0,4.500995566511469e-05
2024-07-25,09:43:36,6.8271,26.69,25.0,2961,15257171.0,4.500995566511469e-05
2024-07-25,09:43:36,6.8319,26.69,25.0,2960,15257171.0,4.508200345314904e-05
2024-07-25,09:43:36,6.8368,26.69,25.0,2960,15257171.0,4.508200345314904e-05
2024-07-25,09:43:36,6.8415,26.69,25.0,2960,15257171.0,4.508200345314904e-05
2024-07-25,09:43:36,6.8463,26.69,25.0,2959,15257171.0,4.515416656864121e-05
2024-07-25,09:43:36,6.8511,26.69,25.0,2959,15257171.0,4.515416656864121e-05
2024-07-25,09:43:36,6.856,26.69,25.0,2959,15257170.0,4.515416656864121e-05
2024-07-25,09:43:36,6.8609,26.69,25.0,2958,15257170.0,4.522644519619663e-05
2024-07-25,09:43:36,6.8657,26.69,25.0,2958,15257169.0,4.522644519619663e-05
2024-07-25,09:43:36,6.8705,26.69,25.0,2959,15257169.0,4.515416656864121e-05
2024-07-25,09:43:36,6.8753,26.69,25.0,2958,15257169.0,4.522644519619663e-05
2024-07-25,09:43:36,6.8802,26.69,25.0,2957,15257168.0,4.529883952071649e-05
2024-07-25,09:43:36,6.8849,26.69,25.0,2957,15257168.0,4.529883952071649e-05
2024-07-25,09:43:36,6.8898,26.69,25.0,2956,15257169.0,4.537134972739774e-05
2024-07-25,09:43:36,6.8946,26.69,25.0,2956,15257169.0,4.537134972739774e-05
2024-07-25,09:43:36,6.8995,26.69,25.0,2957,15257167.0,4.529883952071649e-05
2024-07-25,09:43:36,6.9044,26.69,25.0,2956,15257167.0,4.537134972739774e-05
2024-07-25,09:43:36,6.9091,26.69,25.0,2955,15257167.0,4.544397600173391e-05
2024-07-25,09:43:36,6.9138,26.69,25.0,2956,15257167.0,4.537134972739774e-05
2024-07-25,09:43:36,6.9187,26.69,25.0,2956,15257167.0,4.537134972739774e-05
2024-07-25,09:43:36,6.9236,26.69,25.0,2955,15257167.0,4.544397600173391e-05
2024-07-25,09:43:36,6.9284,26.69,25.0,2955,15257166.0,4.544397600173391e-05
2024-07-25,09:43:36,6.938,26.69,25.0,2953,15257167.0,4.558957749682996e-05
2024-07-25,09:43:36,6.9428,26.69,25.0,2954,15257166.0,4.551671852951535e-05
2024-07-25,09:43:36,6.9476,26.69,25.0,2955,15257165.0,4.544397600173391e-05
2024-07-25,09:43:36,6.9525,26.69,25.0,2955,15257165.0,4.544397600173391e-05
2024-07-25,09:43:36,6.9574,26.69,25.0,2955,15257166.0,4.544397600173391e-05
2024-07-25,09:43:36,6.9622,26.69,25.0,2954,15257165.0,4.551671852951535e-05
2024-07-25,09:43:36,6.9671,26.69,25.0,2954,15257164.0,4.551671852951535e-05
2024-07-25,09:43:36,6.9718,26.69,25.0,2954,15257163.0,4.551671852951535e-05
2024-07-25,09:43:36,6.9766,26.69,25.0,2953,15257164.0,4.558957749682996e-05
2024-07-25,09:43:36,6.9814,26.69,25.0,2952,15257163.0,4.566255309006328e-05
2024-07-25,09:43:36,6.9863,26.69,25.0,2952,15257162.0,4.566255309006328e-05
2024-07-25,09:43:36,6.9912,26.69,25.0,2952,15257163.0,4.566255309006328e-05
2024-07-25,09:43:36,6.996,26.69,25.0,2952,15257163.0,4.566255309006328e-05
2024-07-25,09:43:36,7.0008,26.69,25.0,2952,15257163.0,4.566255309006328e-05
2024-07-25,09:43:36,7.0055,26.69,25.0,2952,15257163.0,4.566255309006328e-05
2024-07-25,09:43:36,7.0104,26.69,25.0,2952,15257162.0,4.566255309006328e-05
2024-07-25,09:43:36,7.0152,26.69,25.0,2951,15257162.0,4.573564549589943e-05
2024-07-25,09:43:36,7.0201,26.69,25.0,2951,15257162.0,4.573564549589943e-05
2024-07-25,09:43:36,7.0249,26.69,25.0,2951,15257162.0,4.573564549589943e-05
2024-07-25,09:43:36,7.0298,26.69,25.0,2951,15257162.0,4.573564549589943e-05
2024-07-25,09:43:36,7.0347,26.69,25.0,2951,15257161.0,4.573564549589943e-05
2024-07-25,09:43:36,7.0395,26.69,25.0,2951,15257161.0,4.573564549589943e-05
2024-07-25,09:43:36,7.0444,26.69,25.0,2951,15257160.0,4.573564549589943e-05
2024-07-25,09:43:36,7.0493,26.69,25.0,2950,15257160.0,4.580885490132121e-05
2024-07-25,09:43:36,7.0541,26.69,25.0,2949,15257160.0,4.58821814936108e-05
2024-07-25,09:43:36,7.059,26.69,25.0,2949,15257161.0,4.58821814936108e-05
2024-07-25,09:43:36,7.0637,26.69,25.0,2950,15257160.0,4.580885490132121e-05
2024-07-25,09:43:36,7.0685,26.69,25.0,2950,15257160.0,4.580885490132121e-05
2024-07-25,09:43:36,7.0782,26.69,25.0,2950,15257160.0,4.580885490132121e-05
2024-07-25,09:43:36,7.0831,26.69,25.0,2949,15257161.0,4.58821814936108e-05
2024-07-25,09:43:36,7.0879,26.69,25.0,2949,15257159.0,4.58821814936108e-05
2024-07-25,09:43:36,7.0928,26.69,25.0,2949,15257158.0,4.58821814936108e-05
2024-07-25,09:43:36,7.0977,26.69,25.0,2949,15257159.0,4.58821814936108e-05
2024-07-25,09:43:36,7.1025,26.69,25.0,2949,15257159.0,4.58821814936108e-05
2024-07-25,09:43:36,7.1073,26.69,25.0,2948,15257157.0,4.595562546035009e-05
2024-07-25,09:43:36,7.1121,26.69,25.0,2948,15257157.0,4.595562546035009e-05
2024-07-25,09:43:36,7.117,26.69,25.0,2948,15257157.0,4.595562546035009e-05
2024-07-25,09:43:36,7.1217,26.69,25.0,2948,15257157.0,4.595562546035009e-05
2024-07-25,09:43:36,7.1266,26.69,25.0,2948,15257157.0,4.595562546035009e-05
2024-07-25,09:43:36,7.1314,26.69,25.0,2948,15257156.0,4.595562546035009e-05
2024-07-25,09:43:36,7.1363,26.69,25.0,2948,15257156.0,4.595562546035009e-05
2024-07-25,09:43:36,7.1412,26.69,25.0,2948,15257156.0,4.595562546035009e-05
2024-07-25,09:43:36,7.146,26.69,25.0,2947,15257156.0,4.602918698942135e-05
2024-07-25,09:43:36,7.1509,26.69,25.0,2946,15257156.0,4.610286626900744e-05
2024-07-25,09:43:36,7.1558,26.69,25.0,2947,15257156.0,4.602918698942135e-05
2024-07-25,09:43:36,7.1606,26.69,25.0,2947,15257156.0,4.602918698942135e-05
2024-07-25,09:43:36,7.1655,26.69,25.0,2946,15257156.0,4.610286626900744e-05
2024-07-25,09:43:36,7.1704,26.69,25.0,2946,15257156.0,4.610286626900744e-05
2024-07-25,09:43:36,7.1752,26.69,25.0,2945,15257155.0,4.617666348759261e-05
2024-07-25,09:43:36,7.1801,26.69,25.0,2944,15257155.0,4.625057883396267e-05
2024-07-25,09:43:36,7.1849,26.69,25.0,2944,15257154.0,4.625057883396267e-05
2024-07-25,09:43:36,7.1898,26.69,25.0,2945,15257153.0,4.617666348759261e-05
2024-07-25,09:43:36,7.1947,26.69,25.0,2945,15257155.0,4.617666348759261e-05
2024-07-25,09:43:36,7.1994,26.69,25.0,2944,15257156.0,4.625057883396267e-05
2024-07-25,09:43:36,7.2041,26.69,25.0,2944,15257155.0,4.625057883396267e-05
2024-07-25,09:43:36,7.2091,26.69,25.0,2945,15257154.0,4.617666348759261e-05
2024-07-25,09:43:36,7.214,26.69,25.0,2944,15257153.0,4.625057883396267e-05
2024-07-25,09:43:36,7.2187,26.69,25.0,2943,15257152.0,4.632461249720576e-05
2024-07-25,09:43:36,7.2285,26.69,25.0,2944,15257154.0,4.625057883396267e-05
2024-07-25,09:43:36,7.2333,26.69,25.0,2944,15257153.0,4.625057883396267e-05
2024-07-25,09:43:36,7.2382,26.69,25.0,2945,15257153.0,4.617666348759261e-05
2024-07-25,09:43:36,7.2429,26.69,25.0,2943,15257151.0,4.632461249720576e-05
2024-07-25,09:43:36,7.2478,26.69,25.0,2943,15257150.0,4.632461249720576e-05
2024-07-25,09:43:36,7.2527,26.69,25.0,2944,15257150.0,4.625057883396267e-05
2024-07-25,09:43:36,7.2575,26.69,25.0,2942,15257151.0,4.639876466671254e-05
2024-07-25,09:43:36,7.2625,26.69,25.0,2943,15257152.0,4.632461249720576e-05
2024-07-25,09:43:36,7.2674,26.69,25.0,2943,15257153.0,4.632461249720576e-05
2024-07-25,09:43:36,7.2721,26.69,25.0,2943,15257153.0,4.632461249720576e-05
2024-07-25,09:43:36,7.277,26.69,25.0,2943,15257153.0,4.632461249720576e-05
2024-07-25,09:43:36,7.282,26.69,25.0,2942,15257152.0,4.639876466671254e-05
2024-07-25,09:43:36,7.2868,26.69,25.0,2942,15257151.0,4.639876466671254e-05
2024-07-25,09:43:36,7.2916,26.69,25.0,2941,15257150.0,4.647303553217701e-05
2024-07-25,09:43:36,7.2964,26.69,25.0,2941,15257149.0,4.647303553217701e-05
2024-07-25,09:43:36,7.3013,26.69,25.0,2941,15257149.0,4.647303553217701e-05
2024-07-25,09:43:36,7.3062,26.69,25.0,2940,15257150.0,4.654742528359661e-05
2024-07-25,09:43:36,7.3112,26.69,25.0,2940,15257150.0,4.654742528359661e-05
2024-07-25,09:43:36,7.316,26.69,25.0,2940,15257150.0,4.654742528359661e-05
2024-07-25,09:43:36,7.3208,26.69,25.0,2940,15257149.0,4.654742528359661e-05
2024-07-25,09:43:36,7.3256,26.69,25.0,2940,15257148.0,4.654742528359661e-05
2024-07-25,09:43:36,7.3306,26.69,25.0,2940,15257149.0,4.654742528359661e-05
2024-07-25,09:43:36,7.3355,26.69,25.0,2940,15257149.0,4.654742528359661e-05
2024-07-25,09:43:36,7.3403,26.69,25.0,2940,15257149.0,4.654742528359661e-05
2024-07-25,09:43:36,7.3452,26.69,25.0,2939,15257150.0,4.662193411127311e-05
2024-07-25,09:43:36,7.3501,26.69,25.0,2938,15257149.0,4.669656220581276e-05
2024-07-25,09:43:36,7.3549,26.69,25.0,2938,15257148.0,4.669656220581276e-05
2024-07-25,09:43:36,7.3598,26.69,25.0,2938,15257148.0,4.669656220581276e-05
2024-07-25,09:43:36,7.3647,26.69,25.0,2938,15257148.0,4.669656220581276e-05
2024-07-25,09:43:36,7.3695,26.69,25.0,2938,15257148.0,4.669656220581276e-05
2024-07-25,09:43:36,7.3744,26.69,25.0,2938,15257147.0,4.669656220581276e-05
2024-07-25,09:43:36,7.3791,26.69,25.0,2938,15257148.0,4.669656220581276e-05
2024-07-25,09:43:36,7.3839,26.69,25.0,2938,15257147.0,4.669656220581276e-05
2024-07-25,09:43:36,7.3936,26.69,25.0,2937,15257146.0,4.677130975812698e-05
2024-07-25,09:43:36,7.3986,26.69,25.0,2937,15257146.0,4.677130975812698e-05
2024-07-25,09:43:36,7.4036,26.69,25.0,2937,15257146.0,4.677130975812698e-05
2024-07-25,09:43:36,7.4083,26.69,25.0,2937,15257146.0,4.677130975812698e-05
2024-07-25,09:43:36,7.4132,26.69,25.0,2937,15257146.0,4.677130975812698e-05
2024-07-25,09:43:36,7.418,26.69,25.0,2937,15257145.0,4.677130975812698e-05
2024-07-25,09:43:36,7.4229,26.69,25.0,2936,15257145.0,4.684617695943272e-05
2024-07-25,09:43:36,7.4278,26.69,25.0,2935,15257145.0,4.692116400125314e-05
2024-07-25,09:43:36,7.4326,26.69,25.0,2935,15257145.0,4.692116400125314e-05
2024-07-25,09:43:36,7.4376,26.69,25.0,2936,15257146.0,4.684617695943272e-05
2024-07-25,09:43:36,7.4425,26.69,25.0,2936,15257145.0,4.684617695943272e-05
2024-07-25,09:43:36,7.4473,26.69,25.0,2934,15257144.0,4.699627107541779e-05
2024-07-25,09:43:36,7.4522,26.69,25.0,2934,15257143.0,4.699627107541779e-05
2024-07-25,09:43:36,7.4571,26.69,25.0,2935,15257143.0,4.692116400125314e-05
2024-07-25,09:43:36,7.4619,26.69,25.0,2934,15257144.0,4.699627107541779e-05
2024-07-25,09:43:36,7.4668,26.69,25.0,2934,15257143.0,4.699627107541779e-05
2024-07-25,09:43:36,7.4717,26.69,25.0,2935,15257143.0,4.692116400125314e-05
2024-07-25,09:43:36,7.4765,26.69,25.0,2934,15257142.0,4.699627107541779e-05
2024-07-25,09:43:36,7.4814,26.69,25.0,2934,15257142.0,4.699627107541779e-05
2024-07-25,09:43:36,7.4863,26.69,25.0,2934,15257142.0,4.699627107541779e-05
2024-07-25,09:43:36,7.4911,26.69,25.0,2933,15257142.0,4.707149837406347e-05
2024-07-25,09:43:36,7.496,26.69,25.0,2934,15257143.0,4.699627107541779e-05
2024-07-25,09:43:36,7.5009,26.69,25.0,2934,15257143.0,4.699627107541779e-05
2024-07-25,09:43:36,7.5057,26.69,25.0,2933,15257142.0,4.707149837406347e-05
2024-07-25,09:43:36,7.5106,26.69,25.0,2933,15257141.0,4.707149837406347e-05
2024-07-25,09:43:36,7.5154,26.69,25.0,2933,15257141.0,4.707149837406347e-05
2024-07-25,09:43:36,7.5204,26.69,25.0,2933,15257141.0,4.707149837406347e-05
2024-07-25,09:43:36,7.5253,26.69,25.0,2932,15257140.0,4.714684608963439e-05
2024-07-25,09:43:36,7.5302,26.69,25.0,2931,15257140.0,4.72223144148829e-05
2024-07-25,09:43:36,7.5352,26.69,25.0,2931,15257140.0,4.72223144148829e-05
2024-07-25,09:43:36,7.54,26.69,25.0,2931,15257140.0,4.72223144148829e-05
2024-07-25,09:43:36,7.5449,26.69,25.0,2931,15257140.0,4.72223144148829e-05
2024-07-25,09:43:36,7.5497,26.69,25.0,2931,15257139.0,4.72223144148829e-05
2024-07-25,09:43:36,7.5546,26.69,25.0,2931,15257140.0,4.72223144148829e-05
2024-07-25,09:43:36,7.5595,26.69,25.0,2931,15257140.0,4.72223144148829e-05
2024-07-25,09:43:36,7.5643,26.69,25.0,2930,15257139.0,4.72979035428698e-05
2024-07-25,09:43:36,7.5692,26.69,25.0,2930,15257139.0,4.72979035428698e-05
2024-07-25,09:43:36,7.5791,26.69,25.0,2930,15257138.0,4.72979035428698e-05
2024-07-25,09:43:36,7.5839,26.69,25.0,2930,15257137.0,4.72979035428698e-05
2024-07-25,09:43:36,7.5888,26.69,25.0,2929,15257137.0,4.737361366696506e-05
2024-07-25,09:43:36,7.5937,26.69,25.0,2929,15257138.0,4.737361366696506e-05
2024-07-25,09:43:36,7.5985,26.69,25.0,2929,15257138.0,4.737361366696506e-05
2024-07-25,09:43:36,7.6035,26.69,25.0,2929,15257138.0,4.737361366696506e-05
2024-07-25,09:43:36,7.6084,26.69,25.0,2929,15257137.0,4.737361366696506e-05
2024-07-25,09:43:36,7.6132,26.69,25.0,2929,15257138.0,4.737361366696506e-05
2024-07-25,09:43:36,7.6182,26.69,25.0,2929,15257137.0,4.737361366696506e-05
2024-07-25,09:43:36,7.6231,26.69,25.0,2929,15257137.0,4.737361366696506e-05
2024-07-25,09:43:36,7.628,26.69,25.0,2929,15257137.0,4.737361366696506e-05
2024-07-25,09:43:36,7.6328,26.69,25.0,2928,15257136.0,4.744944498084801e-05
2024-07-25,09:43:36,7.6377,26.69,25.0,2928,15257136.0,4.744944498084801e-05
2024-07-25,09:43:36,7.6427,26.69,25.0,2928,15257136.0,4.744944498084801e-05
2024-07-25,09:43:36,7.6475,26.69,25.0,2927,15257136.0,4.752539767850818e-05
2024-07-25,09:43:36,7.6524,26.69,25.0,2927,15257136.0,4.752539767850818e-05
2024-07-25,09:43:36,7.6574,26.69,25.0,2928,15257135.0,4.744944498084801e-05
2024-07-25,09:43:36,7.6623,26.69,25.0,2928,15257135.0,4.744944498084801e-05
2024-07-25,09:43:36,7.6671,26.69,25.0,2927,15257134.0,4.752539767850818e-05
2024-07-25,09:43:36,7.6721,26.69,25.0,2926,15257134.0,4.760147195424543e-05
2024-07-25,09:43:36,7.677,26.69,25.0,2927,15257134.0,4.752539767850818e-05
2024-07-25,09:43:36,7.6818,26.69,25.0,2927,15257134.0,4.752539767850818e-05
2024-07-25,09:43:36,7.6867,26.69,25.0,2926,15257134.0,4.760147195424543e-05
2024-07-25,09:43:36,7.6916,26.69,25.0,2926,15257133.0,4.760147195424543e-05
2024-07-25,09:43:36,7.6966,26.69,25.0,2926,15257133.0,4.760147195424543e-05
2024-07-25,09:43:36,7.7014,26.69,25.0,2926,15257133.0,4.760147195424543e-05
2024-07-25,09:43:36,7.7063,26.69,25.0,2926,15257133.0,4.760147195424543e-05
2024-07-25,09:43:36,7.7112,26.69,25.0,2925,15257132.0,4.767766800267084e-05
2024-07-25,09:43:36,7.716,26.69,25.0,2925,15257132.0,4.767766800267084e-05
2024-07-25,09:43:37,7.721,26.69,25.0,2926,15257133.0,4.760147195424543e-05
2024-07-25,09:43:37,7.7259,26.69,25.0,2925,15257133.0,4.767766800267084e-05
2024-07-25,09:43:37,7.7307,26.69,25.0,2924,15257132.0,4.775398601870682e-05
2024-07-25,09:43:37,7.7357,26.69,25.0,2924,15257132.0,4.775398601870682e-05
2024-07-25,09:43:37,7.7407,26.69,25.0,2924,15257132.0,4.775398601870682e-05
2024-07-25,09:43:37,7.7457,26.69,25.0,2924,15257133.0,4.775398601870682e-05
2024-07-25,09:43:37,7.7506,26.69,25.0,2924,15257132.0,4.775398601870682e-05
2024-07-25,09:43:37,7.7554,26.69,25.0,2924,15257131.0,4.775398601870682e-05
2024-07-25,09:43:37,7.7603,26.69,25.0,2924,15257132.0,4.775398601870682e-05
2024-07-25,09:43:37,7.7652,26.69,25.0,2923,15257131.0,4.783042619758796e-05
2024-07-25,09:43:37,7.7702,26.69,25.0,2923,15257131.0,4.783042619758796e-05
2024-07-25,09:43:37,7.775,26.69,25.0,2924,15257131.0,4.775398601870682e-05
2024-07-25,09:43:37,7.7799,26.69,25.0,2924,15257131.0,4.775398601870682e-05
2024-07-25,09:43:37,7.7848,26.69,25.0,2924,15257131.0,4.775398601870682e-05
2024-07-25,09:43:37,7.7896,26.69,25.0,2924,15257131.0,4.775398601870682e-05
2024-07-25,09:43:37,7.7995,26.69,25.0,2923,15257130.0,4.783042619758796e-05
2024-07-25,09:43:37,7.8043,26.69,25.0,2923,15257131.0,4.783042619758796e-05
2024-07-25,09:43:37,7.8093,26.69,25.0,2922,15257130.0,4.790698873486118e-05
2024-07-25,09:43:37,7.8142,26.69,25.0,2922,15257130.0,4.790698873486118e-05
2024-07-25,09:43:37,7.8191,26.69,25.0,2922,15257130.0,4.790698873486118e-05
2024-07-25,09:43:37,7.8239,26.69,25.0,2922,15257129.0,4.790698873486118e-05
2024-07-25,09:43:37,7.8288,26.69,25.0,2922,15257128.0,4.790698873486118e-05
2024-07-25,09:43:37,7.8338,26.69,25.0,2922,15257129.0,4.790698873486118e-05
2024-07-25,09:43:37,7.8388,26.69,25.0,2922,15257129.0,4.790698873486118e-05
2024-07-25,09:43:37,7.8436,26.69,25.0,2922,15257128.0,4.790698873486118e-05
2024-07-25,09:43:37,7.8485,26.69,25.0,2922,15257129.0,4.790698873486118e-05
2024-07-25,09:43:37,7.8535,26.69,25.0,2922,15257129.0,4.790698873486118e-05
2024-07-25,09:43:37,7.8585,26.69,25.0,2921,15257128.0,4.798367382638663e-05
2024-07-25,09:43:37,7.8633,26.69,25.0,2921,15257128.0,4.798367382638663e-05
2024-07-25,09:43:37,7.8682,26.69,25.0,2921,15257127.0,4.798367382638663e-05
2024-07-25,09:43:37,7.8732,26.69,25.0,2920,15257127.0,4.806048166833774e-05
2024-07-25,09:43:37,7.8782,26.69,25.0,2920,15257128.0,4.806048166833774e-05
2024-07-25,09:43:37,7.8831,26.69,25.0,2920,15257128.0,4.806048166833774e-05
2024-07-25,09:43:37,7.8879,26.69,25.0,2920,15257127.0,4.806048166833774e-05
2024-07-25,09:43:37,7.8929,26.69,25.0,2920,15257127.0,4.806048166833774e-05
2024-07-25,09:43:37,7.8978,26.69,25.0,2919,15257126.0,4.81374124572022e-05
2024-07-25,09:43:37,7.9026,26.69,25.0,2919,15257125.0,4.81374124572022e-05
2024-07-25,09:43:37,7.9076,26.69,25.0,2920,15257126.0,4.806048166833774e-05
2024-07-25,09:43:37,7.9125,26.69,25.0,2920,15257127.0,4.806048166833774e-05
2024-07-25,09:43:37,7.9174,26.69,25.0,2920,15257127.0,4.806048166833774e-05
2024-07-25,09:43:37,7.9224,26.69,25.0,2920,15257126.0,4.806048166833774e-05
2024-07-25,09:43:37,7.9272,26.69,25.0,2920,15257126.0,4.806048166833774e-05
2024-07-25,09:43:37,7.9321,26.69,25.0,2920,15257126.0,4.806048166833774e-05
2024-07-25,09:43:37,7.9371,26.69,25.0,2919,15257125.0,4.81374124572022e-05
2024-07-25,09:43:37,7.9419,26.69,25.0,2919,15257125.0,4.81374124572022e-05
2024-07-25,09:43:37,7.9468,26.69,25.0,2919,15257125.0,4.81374124572022e-05
2024-07-25,09:43:37,7.9518,26.69,25.0,2919,15257124.0,4.81374124572022e-05
2024-07-25,09:43:37,7.9568,26.69,25.0,2919,15257124.0,4.81374124572022e-05
2024-07-25,09:43:37,7.9617,26.69,25.0,2918,15257124.0,4.821446638978198e-05
2024-07-25,09:43:37,7.9665,26.69,25.0,2918,15257124.0,4.821446638978198e-05
2024-07-25,09:43:37,7.9715,26.69,25.0,2918,15257125.0,4.821446638978198e-05
2024-07-25,09:43:37,7.9764,26.69,25.0,2918,15257125.0,4.821446638978198e-05
2024-07-25,09:43:37,7.9812,26.69,25.0,2919,15257123.0,4.81374124572022e-05
2024-07-25,09:43:37,7.9862,26.69,25.0,2918,15257123.0,4.821446638978198e-05
2024-07-25,09:43:37,7.9912,26.69,25.0,2917,15257123.0,4.82916436631943e-05
2024-07-25,09:43:37,7.9961,26.69,25.0,2918,15257124.0,4.821446638978198e-05
2024-07-25,09:43:37,8.0009,26.69,25.0,2918,15257124.0,4.821446638978198e-05
2024-07-25,09:43:37,8.0058,26.69,25.0,2917,15257123.0,4.82916436631943e-05
2024-07-25,09:43:37,8.0107,26.69,25.0,2917,15257123.0,4.82916436631943e-05
2024-07-25,09:43:37,8.0157,26.69,25.0,2916,15257121.0,4.836894447487169e-05
2024-07-25,09:43:37,8.0207,26.69,25.0,2915,15257122.0,4.84463690225629e-05
2024-07-25,09:43:37,8.0257,26.69,25.0,2916,15257123.0,4.836894447487169e-05
2024-07-25,09:43:37,8.0305,26.69,25.0,2917,15257122.0,4.82916436631943e-05
2024-07-25,09:43:37,8.0354,26.69,25.0,2917,15257122.0,4.82916436631943e-05
2024-07-25,09:43:37,8.0404,26.69,25.0,2916,15257122.0,4.836894447487169e-05
2024-07-25,09:43:37,8.0452,26.69,25.0,2915,15257122.0,4.84463690225629e-05
2024-07-25,09:43:37,8.0501,26.69,25.0,2915,15257121.0,4.84463690225629e-05
2024-07-25,09:43:37,8.0551,26.69,25.0,2916,15257121.0,4.836894447487169e-05
2024-07-25,09:43:37,8.0601,26.69,25.0,2916,15257122.0,4.836894447487169e-05
2024-07-25,09:43:37,8.0698,26.69,25.0,2916,15257121.0,4.836894447487169e-05
2024-07-25,09:43:37,8.0748,26.69,25.0,2915,15257121.0,4.84463690225629e-05
2024-07-25,09:43:37,8.0798,26.69,25.0,2915,15257121.0,4.84463690225629e-05
2024-07-25,09:43:37,8.0847,26.69,25.0,2915,15257121.0,4.84463690225629e-05
2024-07-25,09:43:37,8.0897,26.69,25.0,2914,15257121.0,4.852391750433305e-05
2024-07-25,09:43:37,8.0946,26.69,25.0,2914,15257121.0,4.852391750433305e-05
2024-07-25,09:43:37,8.0995,26.69,25.0,2914,15257121.0,4.852391750433305e-05
2024-07-25,09:43:37,8.1044,26.69,25.0,2914,15257120.0,4.852391750433305e-05
2024-07-25,09:43:37,8.1092,26.69,25.0,2914,15257120.0,4.852391750433305e-05
2024-07-25,09:43:37,8.1142,26.69,25.0,2914,15257120.0,4.852391750433305e-05
2024-07-25,09:43:37,8.1192,26.69,25.0,2914,15257120.0,4.852391750433305e-05
2024-07-25,09:43:37,8.1242,26.69,25.0,2914,15257120.0,4.852391750433305e-05
2024-07-25,09:43:37,8.1291,26.69,25.0,2914,15257121.0,4.852391750433305e-05
2024-07-25,09:43:37,8.1339,26.69,25.0,2913,15257119.0,4.86015901185645e-05
2024-07-25,09:43:37,8.1389,26.69,25.0,2914,15257117.0,4.852391750433305e-05
2024-07-25,09:43:37,8.1439,26.69,25.0,2914,15257119.0,4.852391750433305e-05
2024-07-25,09:43:37,8.1488,26.69,25.0,2913,15257120.0,4.86015901185645e-05
2024-07-25,09:43:37,8.1537,26.69,25.0,2913,15257119.0,4.86015901185645e-05
2024-07-25,09:43:37,8.1586,26.69,25.0,2913,15257119.0,4.86015901185645e-05
2024-07-25,09:43:37,8.1636,26.69,25.0,2913,15257119.0,4.86015901185645e-05
2024-07-25,09:43:37,8.1685,26.69,25.0,2913,15257119.0,4.86015901185645e-05
2024-07-25,09:43:37,8.1734,26.69,25.0,2913,15257117.0,4.86015901185645e-05
2024-07-25,09:43:37,8.1784,26.69,25.0,2913,15257117.0,4.86015901185645e-05
2024-07-25,09:43:37,8.1833,26.69,25.0,2913,15257118.0,4.86015901185645e-05
2024-07-25,09:43:37,8.1882,26.69,25.0,2913,15257118.0,4.86015901185645e-05
2024-07-25,09:43:37,8.1931,26.69,25.0,2912,15257117.0,4.867938706395693e-05
2024-07-25,09:43:37,8.1981,26.69,25.0,2912,15257117.0,4.867938706395693e-05
2024-07-25,09:43:37,8.2031,26.69,25.0,2912,15257117.0,4.867938706395693e-05
2024-07-25,09:43:37,8.2079,26.69,25.0,2912,15257116.0,4.867938706395693e-05
2024-07-25,09:43:37,8.2128,26.69,25.0,2913,15257117.0,4.86015901185645e-05
2024-07-25,09:43:37,8.2178,26.69,25.0,2912,15257118.0,4.867938706395693e-05
2024-07-25,09:43:37,8.2228,26.69,25.0,2912,15257118.0,4.867938706395693e-05
2024-07-25,09:43:37,8.2276,26.69,25.0,2912,15257117.0,4.867938706395693e-05
2024-07-25,09:43:37,8.2325,26.69,25.0,2911,15257117.0,4.875730853952832e-05
2024-07-25,09:43:37,8.2375,26.69,25.0,2911,15257117.0,4.875730853952832e-05
2024-07-25,09:43:37,8.2425,26.69,25.0,2911,15257117.0,4.875730853952832e-05
2024-07-25,09:43:37,8.2475,26.69,25.0,2912,15257116.0,4.867938706395693e-05
2024-07-25,09:43:37,8.2523,26.69,25.0,2912,15257115.0,4.867938706395693e-05
2024-07-25,09:43:37,8.2572,26.69,25.0,2910,15257116.0,4.883535474461499e-05
2024-07-25,09:43:37,8.2622,26.69,25.0,2910,15257116.0,4.883535474461499e-05
2024-07-25,09:43:37,8.2672,26.69,25.0,2911,15257115.0,4.875730853952832e-05
2024-07-25,09:43:37,8.2721,26.69,25.0,2911,15257116.0,4.875730853952832e-05
2024-07-25,09:43:37,8.2769,26.69,25.0,2911,15257116.0,4.875730853952832e-05
2024-07-25,09:43:37,8.2819,26.69,25.0,2910,15257115.0,4.883535474461499e-05
2024-07-25,09:43:37,8.2869,26.69,25.0,2910,15257115.0,4.883535474461499e-05
2024-07-25,09:43:37,8.2918,26.69,25.0,2910,15257115.0,4.883535474461499e-05
2024-07-25,09:43:37,8.2966,26.69,25.0,2910,15257114.0,4.883535474461499e-05
2024-07-25,09:43:37,8.3016,26.69,25.0,2911,15257114.0,4.875730853952832e-05
2024-07-25,09:43:37,8.3066,26.69,25.0,2910,15257116.0,4.883535474461499e-05
2024-07-25,09:43:37,8.3116,26.69,25.0,2910,15257116.0,4.883535474461499e-05
2024-07-25,09:43:37,8.3166,26.69,25.0,2911,15257115.0,4.875730853952832e-05
2024-07-25,09:43:37,8.3215,26.69,25.0,2910,15257114.0,4.883535474461499e-05
2024-07-25,09:43:37,8.3263,26.69,25.0,2909,15257114.0,4.891352587887254e-05
2024-07-25,09:43:37,8.3313,26.69,25.0,2909,15257114.0,4.891352587887254e-05
2024-07-25,09:43:37,8.3363,26.69,25.0,2910,15257114.0,4.883535474461499e-05
2024-07-25,09:43:37,8.3412,26.69,25.0,2910,15257113.0,4.883535474461499e-05
2024-07-25,09:43:37,8.346,26.69,25.0,2909,15257114.0,4.891352587887254e-05
2024-07-25,09:43:37,8.351,26.69,25.0,2909,15257114.0,4.891352587887254e-05
2024-07-25,09:43:37,8.356,26.69,25.0,2909,15257114.0,4.891352587887254e-05
2024-07-25,09:43:37,8.3609,26.69,25.0,2909,15257114.0,4.891352587887254e-05
2024-07-25,09:43:37,8.3659,26.69,25.0,2909,15257113.0,4.891352587887254e-05
2024-07-25,09:43:37,8.3709,26.69,25.0,2909,15257113.0,4.891352587887254e-05
2024-07-25,09:43:37,8.3757,26.69,25.0,2909,15257113.0,4.891352587887254e-05
2024-07-25,09:43:37,8.3806,26.69,25.0,2909,15257113.0,4.891352587887254e-05
2024-07-25,09:43:37,8.3855,26.69,25.0,2909,15257113.0,4.891352587887254e-05
2024-07-25,09:43:37,8.3954,26.69,25.0,2908,15257113.0,4.8991822142276e-05
2024-07-25,09:43:37,8.4003,26.69,25.0,2908,15257112.0,4.8991822142276e-05
2024-07-25,09:43:37,8.4053,26.69,25.0,2908,15257112.0,4.8991822142276e-05
2024-07-25,09:43:37,8.4103,26.69,25.0,2908,15257112.0,4.8991822142276e-05
2024-07-25,09:43:37,8.4152,26.69,25.0,2907,15257113.0,4.907024373512066e-05
2024-07-25,09:43:37,8.4201,26.69,25.0,2908,15257114.0,4.8991822142276e-05
2024-07-25,09:43:37,8.4251,26.69,25.0,2909,15257113.0,4.891352587887254e-05
2024-07-25,09:43:37,8.43,26.69,25.0,2908,15257112.0,4.8991822142276e-05
2024-07-25,09:43:37,8.4349,26.69,25.0,2908,15257112.0,4.8991822142276e-05
2024-07-25,09:43:37,8.4399,26.69,25.0,2908,15257113.0,4.8991822142276e-05
2024-07-25,09:43:37,8.4449,26.69,25.0,2908,15257112.0,4.8991822142276e-05
2024-07-25,09:43:37,8.4497,26.69,25.0,2908,15257110.0,4.8991822142276e-05
2024-07-25,09:43:37,8.4546,26.69,25.0,2907,15257112.0,4.907024373512066e-05
2024-07-25,09:43:37,8.4596,26.69,25.0,2907,15257112.0,4.907024373512066e-05
2024-07-25,09:43:37,8.4646,26.69,25.0,2907,15257111.0,4.907024373512066e-05
2024-07-25,09:43:37,8.4696,26.69,25.0,2907,15257112.0,4.907024373512066e-05
2024-07-25,09:43:37,8.4745,26.69,25.0,2907,15257112.0,4.907024373512066e-05
2024-07-25,09:43:37,8.4794,26.69,25.0,2908,15257112.0,4.8991822142276e-05
2024-07-25,09:43:37,8.4844,26.69,25.0,2908,15257111.0,4.8991822142276e-05
2024-07-25,09:43:37,8.4894,26.69,25.0,2907,15257111.0,4.907024373512066e-05
2024-07-25,09:43:37,8.4943,26.69,25.0,2907,15257111.0,4.907024373512066e-05
2024-07-25,09:43:37,8.4993,26.69,25.0,2907,15257111.0,4.907024373512066e-05
2024-07-25,09:43:37,8.5042,26.69,25.0,2908,15257111.0,4.8991822142276e-05
2024-07-25,09:43:37,8.5091,26.69,25.0,2908,15257110.0,4.8991822142276e-05
2024-07-25,09:43:37,8.5141,26.69,25.0,2908,15257109.0,4.8991822142276e-05
2024-07-25,09:43:37,8.5191,26.69,25.0,2908,15257110.0,4.8991822142276e-05
2024-07-25,09:43:37,8.524,26.69,25.0,2907,15257111.0,4.907024373512066e-05
2024-07-25,09:43:37,8.5288,26.69,25.0,2907,15257111.0,4.907024373512066e-05
2024-07-25,09:43:37,8.5338,26.69,25.0,2907,15257111.0,4.907024373512066e-05
2024-07-25,09:43:37,8.5388,26.69,25.0,2906,15257110.0,4.914879085802224e-05
2024-07-25,09:43:37,8.5437,26.69,25.0,2906,15257110.0,4.914879085802224e-05
2024-07-25,09:43:37,8.5487,26.69,25.0,2907,15257110.0,4.907024373512066e-05
2024-07-25,09:43:37,8.5537,26.69,25.0,2907,15257109.0,4.907024373512066e-05
2024-07-25,09:43:37,8.5585,26.69,25.0,2906,15257110.0,4.914879085802224e-05
2024-07-25,09:43:37,8.5634,26.69,25.0,2906,15257110.0,4.914879085802224e-05
2024-07-25,09:43:37,8.5684,26.69,25.0,2906,15257109.0,4.914879085802224e-05
2024-07-25,09:43:37,8.5734,26.69,25.0,2906,15257109.0,4.914879085802224e-05
2024-07-25,09:43:37,8.5782,26.69,25.0,2907,15257111.0,4.907024373512066e-05
2024-07-25,09:43:37,8.5832,26.69,25.0,2907,15257110.0,4.907024373512066e-05
2024-07-25,09:43:37,8.5882,26.69,25.0,2906,15257109.0,4.914879085802224e-05
2024-07-25,09:43:37,8.5931,26.69,25.0,2906,15257109.0,4.914879085802224e-05
2024-07-25,09:43:37,8.5981,26.69,25.0,2907,15257109.0,4.907024373512066e-05
2024-07-25,09:43:37,8.6031,26.69,25.0,2907,15257109.0,4.907024373512066e-05
2024-07-25,09:43:37,8.6079,26.69,25.0,2906,15257109.0,4.914879085802224e-05
2024-07-25,09:43:37,8.6128,26.69,25.0,2906,15257109.0,4.914879085802224e-05
2024-07-25,09:43:37,8.6178,26.69,25.0,2906,15257108.0,4.914879085802224e-05
2024-07-25,09:43:37,8.6228,26.69,25.0,2906,15257108.0,4.914879085802224e-05
2024-07-25,09:43:37,8.6276,26.69,25.0,2906,15257109.0,4.914879085802224e-05
2024-07-25,09:43:37,8.6326,26.69,25.0,2905,15257109.0,4.922746371191775e-05
2024-07-25,09:43:37,8.6376,26.69,25.0,2905,15257109.0,4.922746371191775e-05
2024-07-25,09:43:37,8.6425,26.69,25.0,2905,15257108.0,4.922746371191775e-05
2024-07-25,09:43:37,8.6475,26.69,25.0,2905,15257108.0,4.922746371191775e-05
2024-07-25,09:43:37,8.6525,26.69,25.0,2905,15257108.0,4.922746371191775e-05
2024-07-25,09:43:37,8.6573,26.69,25.0,2905,15257109.0,4.922746371191775e-05
2024-07-25,09:43:37,8.6622,26.69,25.0,2905,15257109.0,4.922746371191775e-05
2024-07-25,09:43:37,8.6672,26.69,25.0,2905,15257107.0,4.922746371191775e-05
2024-07-25,09:43:37,8.6722,26.69,25.0,2905,15257108.0,4.922746371191775e-05
2024-07-25,09:43:37,8.6772,26.69,25.0,2904,15257109.0,4.930626249806574e-05
2024-07-25,09:43:37,8.6822,26.69,25.0,2904,15257107.0,4.930626249806574e-05
2024-07-25,09:43:37,8.687,26.69,25.0,2905,15257106.0,4.922746371191775e-05
2024-07-25,09:43:37,8.692,26.69,25.0,2905,15257107.0,4.922746371191775e-05
2024-07-25,09:43:37,8.697,26.69,25.0,2904,15257107.0,4.930626249806574e-05
2024-07-25,09:43:37,8.7019,26.69,25.0,2904,15257107.0,4.930626249806574e-05
2024-07-25,09:43:37,8.7069,26.69,25.0,2904,15257108.0,4.930626249806574e-05
2024-07-25,09:43:37,8.7119,26.69,25.0,2904,15257108.0,4.930626249806574e-05
2024-07-25,09:43:37,8.7167,26.69,25.0,2904,15257107.0,4.930626249806574e-05
2024-07-25,09:43:38,8.7216,26.69,25.0,2903,15257107.0,4.938518741804698e-05
2024-07-25,09:43:38,8.7266,26.69,25.0,2903,15257107.0,4.938518741804698e-05
2024-07-25,09:43:38,8.7316,26.69,25.0,2904,15257106.0,4.930626249806574e-05
2024-07-25,09:43:38,8.7366,26.69,25.0,2904,15257106.0,4.930626249806574e-05
2024-07-25,09:43:38,8.7416,26.69,25.0,2904,15257106.0,4.930626249806574e-05
2024-07-25,09:43:38,8.7464,26.69,25.0,2904,15257107.0,4.930626249806574e-05
2024-07-25,09:43:38,8.7513,26.69,25.0,2903,15257107.0,4.938518741804698e-05
2024-07-25,09:43:38,8.7563,26.69,25.0,2903,15257107.0,4.938518741804698e-05
2024-07-25,09:43:38,8.7613,26.69,25.0,2904,15257107.0,4.930626249806574e-05
2024-07-25,09:43:38,8.771,26.69,25.0,2904,15257106.0,4.930626249806574e-05
2024-07-25,09:43:38,8.776,26.69,25.0,2904,15257108.0,4.930626249806574e-05
2024-07-25,09:43:38,8.781,26.69,25.0,2903,15257108.0,4.938518741804698e-05
2024-07-25,09:43:38,8.786,26.69,25.0,2902,15257107.0,4.946423867376484e-05
2024-07-25,09:43:38,8.791,26.69,25.0,2903,15257106.0,4.938518741804698e-05
2024-07-25,09:43:38,8.7958,26.69,25.0,2903,15257105.0,4.938518741804698e-05
2024-07-25,09:43:38,8.8007,26.69,25.0,2902,15257105.0,4.946423867376484e-05
2024-07-25,09:43:38,8.8057,26.69,25.0,2902,15257105.0,4.946423867376484e-05
2024-07-25,09:43:38,8.8107,26.69,25.0,2902,15257105.0,4.946423867376484e-05
2024-07-25,09:43:38,8.8157,26.69,25.0,2903,15257105.0,4.938518741804698e-05
2024-07-25,09:43:38,8.8207,26.69,25.0,2904,15257105.0,4.930626249806574e-05
2024-07-25,09:43:38,8.8255,26.69,25.0,2903,15257105.0,4.938518741804698e-05
2024-07-25,09:43:38,8.8305,26.69,25.0,2902,15257105.0,4.946423867376484e-05
2024-07-25,09:43:38,8.8355,26.69,25.0,2902,15257105.0,4.946423867376484e-05
2024-07-25,09:43:38,8.8404,26.69,25.0,2902,15257105.0,4.946423867376484e-05
2024-07-25,09:43:38,8.8454,26.69,25.0,2902,15257105.0,4.946423867376484e-05
2024-07-25,09:43:38,8.8504,26.69,25.0,2901,15257106.0,4.954341646744599e-05
2024-07-25,09:43:38,8.8552,26.69,25.0,2901,15257107.0,4.954341646744599e-05
2024-07-25,09:43:38,8.8602,26.69,25.0,2902,15257105.0,4.946423867376484e-05
2024-07-25,09:43:38,8.8652,26.69,25.0,2902,15257105.0,4.946423867376484e-05
2024-07-25,09:43:38,8.8701,26.69,25.0,2902,15257105.0,4.946423867376484e-05
2024-07-25,09:43:38,8.8751,26.69,25.0,2902,15257104.0,4.946423867376484e-05
2024-07-25,09:43:38,8.8801,26.69,25.0,2902,15257104.0,4.946423867376484e-05
2024-07-25,09:43:38,8.8849,26.69,25.0,2901,15257103.0,4.954341646744599e-05
2024-07-25,09:43:38,8.8899,26.69,25.0,2900,15257104.0,4.962272100164065e-05
2024-07-25,09:43:38,8.8949,26.69,25.0,2901,15257105.0,4.954341646744599e-05
2024-07-25,09:43:38,8.8999,26.69,25.0,2902,15257104.0,4.946423867376484e-05
2024-07-25,09:43:38,8.9049,26.69,25.0,2901,15257104.0,4.954341646744599e-05
2024-07-25,09:43:38,8.9099,26.69,25.0,2900,15257105.0,4.962272100164065e-05
2024-07-25,09:43:38,8.9149,26.69,25.0,2901,15257106.0,4.954341646744599e-05
2024-07-25,09:43:38,8.9197,26.69,25.0,2901,15257106.0,4.954341646744599e-05
2024-07-25,09:43:38,8.9247,26.69,25.0,2900,15257104.0,4.962272100164065e-05
2024-07-25,09:43:38,8.9297,26.69,25.0,2900,15257103.0,4.962272100164065e-05
2024-07-25,09:43:38,8.9346,26.69,25.0,2901,15257104.0,4.954341646744599e-05
2024-07-25,09:43:38,8.9396,26.69,25.0,2901,15257104.0,4.954341646744599e-05
2024-07-25,09:43:38,8.9446,26.69,25.0,2901,15257104.0,4.954341646744599e-05
2024-07-25,09:43:38,8.9496,26.69,25.0,2901,15257103.0,4.954341646744599e-05
2024-07-25,09:43:38,8.9545,26.69,25.0,2900,15257104.0,4.962272100164065e-05
2024-07-25,09:43:38,8.9594,26.69,25.0,2900,15257104.0,4.962272100164065e-05
2024-07-25,09:43:38,8.9644,26.69,25.0,2900,15257103.0,4.962272100164065e-05
2024-07-25,09:43:38,8.9694,26.69,25.0,2901,15257102.0,4.954341646744599e-05
2024-07-25,09:43:38,8.9744,26.69,25.0,2901,15257103.0,4.954341646744599e-05
2024-07-25,09:43:38,8.9794,26.69,25.0,2900,15257102.0,4.962272100164065e-05
2024-07-25,09:43:38,8.9842,26.69,25.0,2901,15257104.0,4.954341646744599e-05
2024-07-25,09:43:38,8.9892,26.69,25.0,2901,15257104.0,4.954341646744599e-05
2024-07-25,09:43:38,8.9942,26.69,25.0,2900,15257103.0,4.962272100164065e-05
2024-07-25,09:43:38,8.9992,26.69,25.0,2900,15257103.0,4.962272100164065e-05
2024-07-25,09:43:38,9.0042,26.69,25.0,2900,15257101.0,4.962272100164065e-05
2024-07-25,09:43:38,9.0091,26.69,25.0,2900,15257102.0,4.962272100164065e-05
2024-07-25,09:43:38,9.0139,26.69,25.0,2900,15257102.0,4.962272100164065e-05
2024-07-25,09:43:38,9.0189,26.69,25.0,2900,15257101.0,4.962272100164065e-05
2024-07-25,09:43:38,9.0239,26.69,25.0,2900,15257102.0,4.962272100164065e-05
2024-07-25,09:43:38,9.0288,26.69,25.0,2901,15257101.0,4.954341646744599e-05
2024-07-25,09:43:38,9.0338,26.69,25.0,2901,15257101.0,4.954341646744599e-05
2024-07-25,09:43:38,9.0388,26.69,25.0,2900,15257102.0,4.962272100164065e-05
2024-07-25,09:43:38,9.0438,26.69,25.0,2900,15257102.0,4.962272100164065e-05
2024-07-25,09:43:38,9.0488,26.69,25.0,2900,15257102.0,4.962272100164065e-05
2024-07-25,09:43:38,9.0536,26.69,25.0,2900,15257103.0,4.962272100164065e-05
2024-07-25,09:43:38,9.0586,26.69,25.0,2900,15257103.0,4.962272100164065e-05
2024-07-25,09:43:38,9.0636,26.69,25.0,2900,15257102.0,4.962272100164065e-05
2024-07-25,09:43:38,9.0686,26.69,25.0,2900,15257102.0,4.962272100164065e-05
2024-07-25,09:43:38,9.0736,26.69,25.0,2899,15257101.0,4.970215247922345e-05
2024-07-25,09:43:38,9.0785,26.69,25.0,2899,15257101.0,4.970215247922345e-05
2024-07-25,09:43:38,9.0834,26.69,25.0,2900,15257102.0,4.962272100164065e-05
2024-07-25,09:43:38,9.0883,26.69,25.0,2900,15257102.0,4.962272100164065e-05
2024-07-25,09:43:38,9.0932,26.69,25.0,2899,15257101.0,4.970215247922345e-05
2024-07-25,09:43:38,9.0983,26.69,25.0,2898,15257101.0,4.978171110339357e-05
2024-07-25,09:43:38,9.1033,26.69,25.0,2898,15257102.0,4.978171110339357e-05
2024-07-25,09:43:38,9.1081,26.69,25.0,2898,15257101.0,4.978171110339357e-05
2024-07-25,09:43:38,9.1131,26.69,25.0,2899,15257102.0,4.970215247922345e-05
2024-07-25,09:43:38,9.1181,26.69,25.0,2900,15257102.0,4.962272100164065e-05
2024-07-25,09:43:38,9.1231,26.69,25.0,2900,15257103.0,4.962272100164065e-05
2024-07-25,09:43:38,9.1281,26.69,25.0,2900,15257102.0,4.962272100164065e-05
2024-07-25,09:43:38,9.133,26.69,25.0,2899,15257102.0,4.970215247922345e-05
2024-07-25,09:43:38,9.1378,26.69,25.0,2899,15257102.0,4.970215247922345e-05
2024-07-25,09:43:38,9.1428,26.69,25.0,2899,15257100.0,4.970215247922345e-05
2024-07-25,09:43:38,9.1478,26.69,25.0,2899,15257100.0,4.970215247922345e-05
2024-07-25,09:43:38,9.1527,26.69,25.0,2899,15257100.0,4.970215247922345e-05
2024-07-25,09:43:38,9.1577,26.69,25.0,2898,15257100.0,4.978171110339357e-05
2024-07-25,09:43:38,9.1627,26.69,25.0,2898,15257100.0,4.978171110339357e-05
2024-07-25,09:43:38,9.1677,26.69,25.0,2898,15257101.0,4.978171110339357e-05
2024-07-25,09:43:38,9.1727,26.69,25.0,2898,15257100.0,4.978171110339357e-05
2024-07-25,09:43:38,9.1777,26.69,25.0,2899,15257099.0,4.970215247922345e-05
2024-07-25,09:43:38,9.1826,26.69,25.0,2899,15257101.0,4.970215247922345e-05
2024-07-25,09:43:38,9.1875,26.69,25.0,2898,15257102.0,4.978171110339357e-05
2024-07-25,09:43:38,9.1924,26.69,25.0,2898,15257101.0,4.978171110339357e-05
2024-07-25,09:43:38,9.1974,26.69,25.0,2898,15257102.0,4.978171110339357e-05
2024-07-25,09:43:38,9.2024,26.69,25.0,2898,15257101.0,4.978171110339357e-05
2024-07-25,09:43:38,9.2073,26.69,25.0,2898,15257099.0,4.978171110339357e-05
2024-07-25,09:43:38,9.2123,26.69,25.0,2898,15257100.0,4.978171110339357e-05
2024-07-25,09:43:38,9.2172,26.69,25.0,2897,15257101.0,4.986139707767562e-05
2024-07-25,09:43:38,9.2222,26.69,25.0,2897,15257101.0,4.986139707767562e-05
2024-07-25,09:43:38,9.2272,26.69,25.0,2898,15257100.0,4.978171110339357e-05
2024-07-25,09:43:38,9.2321,26.69,25.0,2898,15257099.0,4.978171110339357e-05
2024-07-25,09:43:38,9.237,26.69,25.0,2898,15257100.0,4.978171110339357e-05
2024-07-25,09:43:38,9.242,26.69,25.0,2898,15257100.0,4.978171110339357e-05
2024-07-25,09:43:38,9.2469,26.69,25.0,2897,15257101.0,4.986139707767562e-05
2024-07-25,09:43:38,9.2519,26.69,25.0,2897,15257100.0,4.986139707767562e-05
2024-07-25,09:43:38,9.2619,26.69,25.0,2898,15257100.0,4.978171110339357e-05
2024-07-25,09:43:38,9.2669,26.69,25.0,2898,15257101.0,4.978171110339357e-05
2024-07-25,09:43:38,9.2717,26.69,25.0,2898,15257101.0,4.978171110339357e-05
2024-07-25,09:43:38,9.2767,26.69,25.0,2897,15257102.0,4.986139707767562e-05
2024-07-25,09:43:38,9.2817,26.69,25.0,2896,15257101.0,4.994121060591984e-05
2024-07-25,09:43:38,9.2866,26.69,25.0,2897,15257101.0,4.986139707767562e-05
2024-07-25,09:43:38,9.2916,26.69,25.0,2897,15257100.0,4.986139707767562e-05
2024-07-25,09:43:38,9.2966,26.69,25.0,2897,15257099.0,4.986139707767562e-05
2024-07-25,09:43:38,9.3016,26.69,25.0,2897,15257099.0,4.986139707767562e-05
2024-07-25,09:43:38,9.3065,26.69,25.0,2897,15257100.0,4.986139707767562e-05
2024-07-25,09:43:38,9.3114,26.69,25.0,2898,15257101.0,4.978171110339357e-05
2024-07-25,09:43:38,9.3164,26.69,25.0,2897,15257101.0,4.986139707767562e-05
2024-07-25,09:43:38,9.3214,26.69,25.0,2897,15257101.0,4.986139707767562e-05
2024-07-25,09:43:38,9.3263,26.69,25.0,2898,15257101.0,4.978171110339357e-05
2024-07-25,09:43:38,9.3313,26.69,25.0,2898,15257100.0,4.978171110339357e-05
2024-07-25,09:43:38,9.3362,26.69,25.0,2898,15257100.0,4.978171110339357e-05
2024-07-25,09:43:38,9.3412,26.69,25.0,2897,15257101.0,4.986139707767562e-05
2024-07-25,09:43:38,9.3462,26.69,25.0,2897,15257100.0,4.986139707767562e-05
2024-07-25,09:43:38,9.3511,26.69,25.0,2896,15257099.0,4.994121060591984e-05
2024-07-25,09:43:38,9.3561,26.69,25.0,2895,15257099.0,5.002115189230297e-05
2024-07-25,09:43:38,9.3611,26.69,25.0,2897,15257101.0,4.986139707767562e-05
2024-07-25,09:43:38,9.3661,26.69,25.0,2897,15257100.0,4.986139707767562e-05
2024-07-25,09:43:38,9.3711,26.69,25.0,2897,15257100.0,4.986139707767562e-05
2024-07-25,09:43:38,9.3761,26.69,25.0,2897,15257099.0,4.986139707767562e-05
2024-07-25,09:43:38,9.381,26.69,25.0,2896,15257098.0,4.994121060591984e-05
2024-07-25,09:43:38,9.3859,26.69,25.0,2896,15257099.0,4.994121060591984e-05
2024-07-25,09:43:38,9.3908,26.69,25.0,2896,15257099.0,4.994121060591984e-05
2024-07-25,09:43:38,9.3958,26.69,25.0,2896,15257099.0,4.994121060591984e-05
2024-07-25,09:43:38,9.4008,26.69,25.0,2896,15257099.0,4.994121060591984e-05
2024-07-25,09:43:38,9.4056,26.69,25.0,2896,15257099.0,4.994121060591984e-05
2024-07-25,09:43:38,9.4106,26.69,25.0,2896,15257099.0,4.994121060591984e-05
2024-07-25,09:43:38,9.4157,26.69,25.0,2896,15257099.0,4.994121060591984e-05
2024-07-25,09:43:38,9.4207,26.69,25.0,2896,15257100.0,4.994121060591984e-05
2024-07-25,09:43:38,9.4256,26.69,25.0,2896,15257101.0,4.994121060591984e-05
2024-07-25,09:43:38,9.4306,26.69,25.0,2896,15257099.0,4.994121060591984e-05
2024-07-25,09:43:38,9.4356,26.69,25.0,2896,15257099.0,4.994121060591984e-05
2024-07-25,09:43:38,9.4406,26.69,25.0,2895,15257098.0,5.002115189230297e-05
2024-07-25,09:43:38,9.4456,26.69,25.0,2895,15257098.0,5.002115189230297e-05
2024-07-25,09:43:38,9.4504,26.69,25.0,2895,15257098.0,5.002115189230297e-05
2024-07-25,09:43:38,9.4554,26.69,25.0,2895,15257099.0,5.002115189230297e-05
2024-07-25,09:43:38,9.4604,26.69,25.0,2895,15257100.0,5.002115189230297e-05
2024-07-25,09:43:38,9.4654,26.69,25.0,2895,15257099.0,5.002115189230297e-05
2024-07-25,09:43:38,9.4704,26.69,25.0,2895,15257098.0,5.002115189230297e-05
2024-07-25,09:43:38,9.4753,26.69,25.0,2895,15257098.0,5.002115189230297e-05
2024-07-25,09:43:38,9.4802,26.69,25.0,2896,15257098.0,4.994121060591984e-05
2024-07-25,09:43:38,9.4852,26.69,25.0,2896,15257099.0,4.994121060591984e-05
2024-07-25,09:43:38,9.4901,26.69,25.0,2895,15257099.0,5.002115189230297e-05
2024-07-25,09:43:38,9.4951,26.69,25.0,2895,15257098.0,5.002115189230297e-05
2024-07-25,09:43:38,9.5001,26.69,25.0,2895,15257097.0,5.002115189230297e-05
2024-07-25,09:43:38,9.5051,26.75,25.0,2895,15257097.0,5.002115189230297e-05
2024-07-25,09:43:38,9.5101,26.75,25.0,2895,15257098.0,5.002115189230297e-05
2024-07-25,09:43:38,9.5151,26.75,25.0,2895,15257098.0,5.002115189230297e-05
2024-07-25,09:43:38,9.5201,26.75,25.0,2895,15257097.0,5.002115189230297e-05
2024-07-25,09:43:38,9.5249,26.75,25.0,2894,15257097.0,5.010122114132834e-05
2024-07-25,09:43:38,9.5299,26.75,25.0,2894,15257098.0,5.010122114132834e-05
2024-07-25,09:43:38,9.535,26.75,25.0,2895,15257098.0,5.002115189230297e-05
2024-07-25,09:43:38,9.54,26.75,25.0,2895,15257097.0,5.002115189230297e-05
2024-07-25,09:43:38,9.545,26.75,25.0,2894,15257098.0,5.010122114132834e-05
2024-07-25,09:43:38,9.55,26.75,25.0,2895,15257099.0,5.002115189230297e-05
2024-07-25,09:43:38,9.5549,26.75,25.0,2896,15257099.0,4.994121060591984e-05
2024-07-25,09:43:38,9.5597,26.75,25.0,2895,15257098.0,5.002115189230297e-05
2024-07-25,09:43:38,9.5647,26.75,25.0,2895,15257098.0,5.002115189230297e-05
2024-07-25,09:43:38,9.5697,26.75,25.0,2895,15257097.0,5.002115189230297e-05
2024-07-25,09:43:38,9.5747,26.75,25.0,2894,15257098.0,5.010122114132834e-05
2024-07-25,09:43:38,9.5797,26.75,25.0,2894,15257098.0,5.010122114132834e-05
2024-07-25,09:43:38,9.5846,26.75,25.0,2894,15257097.0,5.010122114132834e-05
2024-07-25,09:43:38,9.5896,26.75,25.0,2894,15257097.0,5.010122114132834e-05
2024-07-25,09:43:38,9.5947,26.75,25.0,2894,15257097.0,5.010122114132834e-05
2024-07-25,09:43:38,9.5997,26.75,25.0,2894,15257098.0,5.010122114132834e-05
2024-07-25,09:43:38,9.6047,26.75,25.0,2894,15257098.0,5.010122114132834e-05
2024-07-25,09:43:38,9.6097,26.75,25.0,2893,15257098.0,5.018141855782685e-05
2024-07-25,09:43:38,9.6145,26.75,25.0,2893,15257098.0,5.018141855782685e-05
2024-07-25,09:43:38,9.6194,26.75,25.0,2894,15257097.0,5.010122114132834e-05
2024-07-25,09:43:38,9.6244,26.75,25.0,2895,15257096.0,5.002115189230297e-05
2024-07-25,09:43:38,9.6294,26.75,25.0,2894,15257096.0,5.010122114132834e-05
2024-07-25,09:43:38,9.6344,26.75,25.0,2893,15257096.0,5.018141855782685e-05
2024-07-25,09:43:38,9.6393,26.75,25.0,2894,15257097.0,5.010122114132834e-05
2024-07-25,09:43:38,9.6443,26.75,25.0,2894,15257097.0,5.010122114132834e-05
2024-07-25,09:43:38,9.6493,26.75,25.0,2893,15257098.0,5.018141855782685e-05
2024-07-25,09:43:38,9.6542,26.75,25.0,2893,15257099.0,5.018141855782685e-05
2024-07-25,09:43:38,9.6592,26.75,25.0,2894,15257097.0,5.010122114132834e-05
2024-07-25,09:43:38,9.6642,26.75,25.0,2894,15257097.0,5.010122114132834e-05
2024-07-25,09:43:38,9.6692,26.75,25.0,2893,15257097.0,5.018141855782685e-05
2024-07-25,09:43:38,9.6742,26.75,25.0,2893,15257097.0,5.018141855782685e-05
2024-07-25,09:43:38,9.679,26.75,25.0,2893,15257097.0,5.018141855782685e-05
2024-07-25,09:43:38,9.684,26.75,25.0,2893,15257097.0,5.018141855782685e-05
2024-07-25,09:43:38,9.689,26.75,25.0,2893,15257096.0,5.018141855782685e-05
2024-07-25,09:43:38,9.694,26.75,25.0,2893,15257095.0,5.018141855782685e-05
2024-07-25,09:43:38,9.699,26.75,25.0,2893,15257097.0,5.018141855782685e-05
2024-07-25,09:43:38,9.704,26.75,25.0,2893,15257097.0,5.018141855782685e-05
2024-07-25,09:43:38,9.709,26.75,25.0,2894,15257097.0,5.010122114132834e-05
2024-07-25,09:43:38,9.714,26.75,25.0,2894,15257098.0,5.010122114132834e-05
2024-07-25,09:43:38,9.719,26.75,25.0,2893,15257097.0,5.018141855782685e-05
2024-07-25,09:43:39,9.7238,26.75,25.0,2893,15257096.0,5.018141855782685e-05
2024-07-25,09:43:39,9.7288,26.75,25.0,2893,15257096.0,5.018141855782685e-05
2024-07-25,09:43:39,9.7338,26.75,25.0,2893,15257096.0,5.018141855782685e-05
2024-07-25,09:43:39,9.7388,26.75,25.0,2893,15257097.0,5.018141855782685e-05
2024-07-25,09:43:39,9.7438,26.75,25.0,2893,15257096.0,5.018141855782685e-05
2024-07-25,09:43:39,9.7487,26.75,25.0,2893,15257095.0,5.018141855782685e-05
2024-07-25,09:43:39,9.7535,26.75,25.0,2894,15257096.0,5.010122114132834e-05
2024-07-25,09:43:39,9.7585,26.75,25.0,2895,15257097.0,5.002115189230297e-05
2024-07-25,09:43:39,9.7635,26.75,25.0,2894,15257098.0,5.010122114132834e-05
2024-07-25,09:43:39,9.7685,26.75,25.0,2893,15257095.0,5.018141855782685e-05
2024-07-25,09:43:39,9.7735,26.75,25.0,2892,15257096.0,5.02617443469571e-05
2024-07-25,09:43:39,9.7784,26.75,25.0,2893,15257097.0,5.018141855782685e-05
2024-07-25,09:43:39,9.7833,26.75,25.0,2894,15257096.0,5.010122114132834e-05
2024-07-25,09:43:39,9.7883,26.75,25.0,2893,15257096.0,5.018141855782685e-05
2024-07-25,09:43:39,9.7933,26.75,25.0,2893,15257101.0,5.018141855782685e-05
2024-07-25,09:43:39,9.7983,26.75,25.0,2893,15257100.0,5.018141855782685e-05
2024-07-25,09:43:39,9.8033,26.75,25.0,2893,15257096.0,5.018141855782685e-05
2024-07-25,09:43:39,9.8083,26.75,25.0,2893,15257096.0,5.018141855782685e-05
2024-07-25,09:43:39,9.8133,26.75,25.0,2893,15257095.0,5.018141855782685e-05
2024-07-25,09:43:39,9.8183,26.75,25.0,2893,15257095.0,5.018141855782685e-05
2024-07-25,09:43:39,9.8232,26.75,25.0,2894,15257095.0,5.010122114132834e-05
2024-07-25,09:43:39,9.828,26.75,25.0,2894,15257095.0,5.010122114132834e-05
2024-07-25,09:43:39,9.833,26.75,25.0,2893,15257096.0,5.018141855782685e-05
2024-07-25,09:43:39,9.838,26.75,25.0,2893,15257096.0,5.018141855782685e-05
2024-07-25,09:43:39,9.843,26.75,25.0,2893,15257096.0,5.018141855782685e-05
2024-07-25,09:43:39,9.848,26.75,25.0,2893,15257095.0,5.018141855782685e-05
2024-07-25,09:43:39,9.858,26.75,25.0,2893,15257095.0,5.018141855782685e-05
2024-07-25,09:43:39,9.8628,26.75,25.0,2892,15257097.0,5.02617443469571e-05
2024-07-25,09:43:39,9.8678,26.75,25.0,2891,15257096.0,5.034219871420623e-05
2024-07-25,09:43:39,9.8729,26.75,25.0,2892,15257094.0,5.02617443469571e-05
2024-07-25,09:43:39,9.8779,26.75,25.0,2892,15257095.0,5.02617443469571e-05
2024-07-25,09:43:39,9.8828,26.75,25.0,2892,15257096.0,5.02617443469571e-05
2024-07-25,09:43:39,9.8878,26.75,25.0,2893,15257096.0,5.018141855782685e-05
2024-07-25,09:43:39,9.8929,26.75,25.0,2909,15257077.0,4.891352587887254e-05
2024-07-25,09:43:39,9.8978,26.75,25.0,2909,15257079.0,4.891352587887254e-05
2024-07-25,09:43:39,9.9025,26.75,25.0,2892,15257096.0,5.02617443469571e-05
2024-07-25,09:43:39,9.9075,26.75,25.0,2891,15257096.0,5.034219871420623e-05
2024-07-25,09:43:39,9.9125,26.75,25.0,2891,15257097.0,5.034219871420623e-05
2024-07-25,09:43:39,9.9174,26.75,25.0,2892,15257096.0,5.02617443469571e-05
2024-07-25,09:43:39,9.9224,26.75,25.0,2895,15257093.0,5.002115189230297e-05
2024-07-25,09:43:39,9.9273,26.75,25.0,2895,15257095.0,5.002115189230297e-05
2024-07-25,09:43:39,9.9322,26.75,25.0,2893,15257096.0,5.018141855782685e-05
2024-07-25,09:43:39,9.9372,26.75,25.0,2893,15257096.0,5.018141855782685e-05
2024-07-25,09:43:39,9.9422,26.75,25.0,2892,15257097.0,5.02617443469571e-05
2024-07-25,09:43:39,9.9471,26.75,25.0,2891,15257094.0,5.034219871420623e-05
2024-07-25,09:43:39,9.9521,26.75,25.0,2892,15257094.0,5.02617443469571e-05
2024-07-25,09:43:39,9.957,26.75,25.0,2892,15257095.0,5.02617443469571e-05
2024-07-25,09:43:39,9.962,26.75,25.0,2891,15257096.0,5.034219871420623e-05
2024-07-25,09:43:39,9.967,26.75,25.0,2892,15257096.0,5.02617443469571e-05
2024-07-25,09:43:39,9.972,26.75,25.0,2891,15257096.0,5.034219871420623e-05
2024-07-25,09:43:39,9.977,26.75,25.0,2891,15257098.0,5.034219871420623e-05
2024-07-25,09:43:39,9.982,26.75,25.0,2892,15257096.0,5.02617443469571e-05
2024-07-25,09:43:39,9.987,26.75,25.0,2892,15257096.0,5.02617443469571e-05
2024-07-25,09:43:39,9.9919,26.75,25.0,2892,15257096.0,5.02617443469571e-05
2024-07-25,09:43:39,9.9969,26.75,25.0,2892,15257096.0,5.02617443469571e-05
2024-07-25,09:43:39,10.0018,26.75,25.0,2892,15257095.0,5.02617443469571e-05
2024-07-25,09:43:39,10.0067,26.75,25.0,2892,15257095.0,5.02617443469571e-05
2024-07-25,09:43:39,10.0117,26.75,25.0,2892,15257096.0,5.02617443469571e-05
2024-07-25,09:43:39,10.0167,26.75,25.0,2893,15257097.0,5.018141855782685e-05
2024-07-25,09:43:39,10.0217,26.75,25.0,2893,15257097.0,5.018141855782685e-05
2024-07-25,09:43:39,10.0267,26.75,25.0,2892,15257095.0,5.02617443469571e-05
2024-07-25,09:43:39,10.0317,26.75,25.0,2892,15257095.0,5.02617443469571e-05
2024-07-25,09:43:39,10.0367,26.75,25.0,2892,15257095.0,5.02617443469571e-05
2024-07-25,09:43:39,10.0417,26.75,25.0,2892,15257095.0,5.02617443469571e-05
2024-07-25,09:43:39,10.0466,26.75,25.0,2891,15257094.0,5.034219871420623e-05
2024-07-25,09:43:39,10.0515,26.75,25.0,2891,15257094.0,5.034219871420623e-05
2024-07-25,09:43:39,10.0565,26.75,25.0,2891,15257095.0,5.034219871420623e-05
2024-07-25,09:43:39,10.0615,26.75,25.0,2891,15257095.0,5.034219871420623e-05
2024-07-25,09:43:39,10.0665,26.75,25.0,2891,15257095.0,5.034219871420623e-05
2024-07-25,09:43:39,10.0715,26.75,25.0,2891,15257094.0,5.034219871420623e-05
2024-07-25,09:43:39,10.0765,26.75,25.0,2891,15257095.0,5.034219871420623e-05
2024-07-25,09:43:39,10.0815,26.75,25.0,2891,15257095.0,5.034219871420623e-05
2024-07-25,09:43:39,10.0865,26.75,25.0,2891,15257094.0,5.034219871420623e-05
2024-07-25,09:43:39,10.0914,26.75,25.0,2891,15257094.0,5.034219871420623e-05
2024-07-25,09:43:39,10.0964,26.75,25.0,2891,15257094.0,5.034219871420623e-05
2024-07-25,09:43:39,10.1014,26.75,25.0,2891,15257093.0,5.034219871420623e-05
2024-07-25,09:43:39,10.1063,26.75,25.0,2891,15257095.0,5.034219871420623e-05
2024-07-25,09:43:39,10.1113,26.75,25.0,2891,15257095.0,5.034219871420623e-05
2024-07-25,09:43:39,10.1163,26.75,25.0,2891,15257094.0,5.034219871420623e-05
2024-07-25,09:43:39,10.1213,26.75,25.0,2891,15257094.0,5.034219871420623e-05
2024-07-25,09:43:39,10.1263,26.75,25.0,2891,15257095.0,5.034219871420623e-05
2024-07-25,09:43:39,10.1313,26.75,25.0,2891,15257095.0,5.034219871420623e-05
2024-07-25,09:43:39,10.1362,26.75,25.0,2891,15257095.0,5.034219871420623e-05
2024-07-25,09:43:39,10.1412,26.75,25.0,2891,15257095.0,5.034219871420623e-05
2024-07-25,09:43:39,10.1462,26.75,25.0,2891,15257094.0,5.034219871420623e-05
2024-07-25,09:43:39,10.1512,26.75,25.0,2891,15257093.0,5.034219871420623e-05
2024-07-25,09:43:39,10.1562,26.75,25.0,2891,15257094.0,5.034219871420623e-05
2024-07-25,09:43:39,10.1611,26.75,25.0,2891,15257095.0,5.034219871420623e-05
2024-07-25,09:43:39,10.1659,26.75,25.0,2891,15257095.0,5.034219871420623e-05
2024-07-25,09:43:39,10.1711,26.75,25.0,2891,15257094.0,5.034219871420623e-05
2024-07-25,09:43:39,10.1762,26.75,25.0,2890,15257093.0,5.042278186539017e-05
2024-07-25,09:43:39,10.181,26.75,25.0,2890,15257094.0,5.042278186539017e-05
2024-07-25,09:43:39,10.186,26.75,25.0,2890,15257094.0,5.042278186539017e-05
2024-07-25,09:43:39,10.191,26.75,25.0,2889,15257095.0,5.050349400665447e-05
2024-07-25,09:43:39,10.196,26.75,25.0,2890,15257094.0,5.042278186539017e-05
2024-07-25,09:43:39,10.2011,26.75,25.0,2891,15257093.0,5.034219871420623e-05
2024-07-25,09:43:39,10.2061,26.75,25.0,2890,15257093.0,5.042278186539017e-05
2024-07-25,09:43:39,10.211,26.75,25.0,2890,15257093.0,5.042278186539017e-05
2024-07-25,09:43:39,10.216,26.75,25.0,2890,15257092.0,5.042278186539017e-05
2024-07-25,09:43:39,10.221,26.75,25.0,2890,15257092.0,5.042278186539017e-05
2024-07-25,09:43:39,10.226,26.75,25.0,2891,15257094.0,5.034219871420623e-05
2024-07-25,09:43:39,10.231,26.75,25.0,2890,15257093.0,5.042278186539017e-05
2024-07-25,09:43:39,10.236,26.75,25.0,2890,15257092.0,5.042278186539017e-05
2024-07-25,09:43:39,10.2409,26.75,25.0,2891,15257093.0,5.034219871420623e-05
2024-07-25,09:43:39,10.2459,26.75,25.0,2890,15257093.0,5.042278186539017e-05
2024-07-25,09:43:39,10.2509,26.75,25.0,2890,15257093.0,5.042278186539017e-05
2024-07-25,09:43:39,10.2558,26.75,25.0,2891,15257093.0,5.034219871420623e-05
2024-07-25,09:43:39,10.2608,26.75,25.0,2891,15257092.0,5.034219871420623e-05
2024-07-25,09:43:39,10.2658,26.75,25.0,2890,15257092.0,5.042278186539017e-05
2024-07-25,09:43:39,10.2708,26.75,25.0,2890,15257092.0,5.042278186539017e-05
2024-07-25,09:43:39,10.2758,26.75,25.0,2890,15257091.0,5.042278186539017e-05
2024-07-25,09:43:39,10.2808,26.75,25.0,2890,15257091.0,5.042278186539017e-05
2024-07-25,09:43:39,10.2857,26.75,25.0,2890,15257093.0,5.042278186539017e-05
2024-07-25,09:43:39,10.2907,26.75,25.0,2890,15257092.0,5.042278186539017e-05
2024-07-25,09:43:39,10.2957,26.75,25.0,2891,15257093.0,5.034219871420623e-05
2024-07-25,09:43:39,10.3006,26.75,25.0,2890,15257094.0,5.042278186539017e-05
2024-07-25,09:43:39,10.3056,26.75,25.0,2889,15257093.0,5.050349400665447e-05
2024-07-25,09:43:39,10.3107,26.75,25.0,2889,15257093.0,5.050349400665447e-05
2024-07-25,09:43:39,10.3157,26.75,25.0,2889,15257092.0,5.050349400665447e-05
2024-07-25,09:43:39,10.3206,26.75,25.0,2889,15257091.0,5.050349400665447e-05
2024-07-25,09:43:39,10.3256,26.75,25.0,2889,15257092.0,5.050349400665447e-05
2024-07-25,09:43:39,10.3307,26.75,25.0,2889,15257093.0,5.050349400665447e-05
2024-07-25,09:43:39,10.3357,26.75,25.0,2889,15257093.0,5.050349400665447e-05
2024-07-25,09:43:39,10.3405,26.75,25.0,2889,15257092.0,5.050349400665447e-05
2024-07-25,09:43:39,10.3455,26.75,25.0,2889,15257093.0,5.050349400665447e-05
2024-07-25,09:43:39,10.3506,26.75,25.0,2889,15257093.0,5.050349400665447e-05
2024-07-25,09:43:39,10.3556,26.75,25.0,2889,15257093.0,5.050349400665447e-05
2024-07-25,09:43:39,10.3605,26.75,25.0,2889,15257092.0,5.050349400665447e-05
2024-07-25,09:43:39,10.3655,26.75,25.0,2889,15257092.0,5.050349400665447e-05
2024-07-25,09:43:39,10.3705,26.75,25.0,2889,15257092.0,5.050349400665447e-05
2024-07-25,09:43:39,10.3755,26.75,25.0,2889,15257092.0,5.050349400665447e-05
2024-07-25,09:43:39,10.3805,26.75,25.0,2889,15257092.0,5.050349400665447e-05
2024-07-25,09:43:39,10.3855,26.75,25.0,2889,15257093.0,5.050349400665447e-05
2024-07-25,09:43:39,10.3905,26.75,25.0,2889,15257093.0,5.050349400665447e-05
2024-07-25,09:43:39,10.3954,26.75,25.0,2890,15257093.0,5.042278186539017e-05
2024-07-25,09:43:39,10.4004,26.75,25.0,2890,15257093.0,5.042278186539017e-05
2024-07-25,09:43:39,10.4053,26.75,25.0,2888,15257091.0,5.058433534447444e-05
2024-07-25,09:43:39,10.4104,26.75,25.0,2888,15257091.0,5.058433534447444e-05
2024-07-25,09:43:39,10.4155,26.75,25.0,2889,15257092.0,5.050349400665447e-05
2024-07-25,09:43:39,10.4204,26.75,25.0,2889,15257093.0,5.050349400665447e-05
2024-07-25,09:43:39,10.4254,26.75,25.0,2889,15257092.0,5.050349400665447e-05
2024-07-25,09:43:39,10.4305,26.75,25.0,2888,15257093.0,5.058433534447444e-05
2024-07-25,09:43:39,10.4355,26.75,25.0,2889,15257094.0,5.050349400665447e-05
2024-07-25,09:43:39,10.4404,26.75,25.0,2890,15257093.0,5.042278186539017e-05
2024-07-25,09:43:39,10.4454,26.75,25.0,2889,15257093.0,5.050349400665447e-05
2024-07-25,09:43:39,10.4504,26.75,25.0,2889,15257093.0,5.050349400665447e-05
2024-07-25,09:43:39,10.4553,26.75,25.0,2889,15257093.0,5.050349400665447e-05
2024-07-25,09:43:39,10.4603,26.75,25.0,2889,15257092.0,5.050349400665447e-05
2024-07-25,09:43:39,10.4653,26.75,25.0,2889,15257091.0,5.050349400665447e-05
2024-07-25,09:43:39,10.4703,26.75,25.0,2888,15257092.0,5.058433534447444e-05
2024-07-25,09:43:39,10.4752,26.75,25.0,2888,15257093.0,5.058433534447444e-05
2024-07-25,09:43:39,10.4802,26.75,25.0,2889,15257092.0,5.050349400665447e-05
2024-07-25,09:43:39,10.4853,26.75,25.0,2889,15257092.0,5.050349400665447e-05
2024-07-25,09:43:39,10.4903,26.75,25.0,2889,15257092.0,5.050349400665447e-05
2024-07-25,09:43:39,10.4953,26.75,25.0,2888,15257091.0,5.058433534447444e-05
2024-07-25,09:43:39,10.5003,26.75,25.0,2888,15257091.0,5.058433534447444e-05
2024-07-25,09:43:39,10.5053,26.75,25.0,2889,15257092.0,5.050349400665447e-05
2024-07-25,09:43:39,10.5103,26.75,25.0,2889,15257092.0,5.050349400665447e-05
2024-07-25,09:43:39,10.5153,26.75,25.0,2889,15257092.0,5.050349400665447e-05
2024-07-25,09:43:39,10.5202,26.75,25.0,2889,15257092.0,5.050349400665447e-05
2024-07-25,09:43:39,10.5251,26.75,25.0,2889,15257092.0,5.050349400665447e-05
2024-07-25,09:43:39,10.5301,26.75,25.0,2889,15257092.0,5.050349400665447e-05
2024-07-25,09:43:39,10.5351,26.75,25.0,2888,15257091.0,5.058433534447444e-05
2024-07-25,09:43:39,10.5401,26.75,25.0,2887,15257091.0,5.066530608565613e-05
2024-07-25,09:43:39,10.5452,26.75,25.0,2888,15257092.0,5.058433534447444e-05
2024-07-25,09:43:39,10.5502,26.75,25.0,2889,15257091.0,5.050349400665447e-05
2024-07-25,09:43:39,10.5552,26.75,25.0,2889,15257092.0,5.050349400665447e-05
2024-07-25,09:43:39,10.5602,26.75,25.0,2888,15257092.0,5.058433534447444e-05
2024-07-25,09:43:39,10.565,26.75,25.0,2887,15257091.0,5.066530608565613e-05
2024-07-25,09:43:39,10.57,26.75,25.0,2887,15257092.0,5.066530608565613e-05
2024-07-25,09:43:39,10.5752,26.75,25.0,2887,15257093.0,5.066530608565613e-05
2024-07-25,09:43:39,10.5803,26.75,25.0,2888,15257091.0,5.058433534447444e-05
2024-07-25,09:43:39,10.5851,26.75,25.0,2889,15257093.0,5.050349400665447e-05
2024-07-25,09:43:39,10.59,26.75,25.0,2889,15257093.0,5.050349400665447e-05
2024-07-25,09:43:39,10.5951,26.75,25.0,2889,15257093.0,5.050349400665447e-05
2024-07-25,09:43:39,10.6001,26.75,25.0,2889,15257093.0,5.050349400665447e-05
2024-07-25,09:43:39,10.6051,26.75,25.0,2888,15257092.0,5.058433534447444e-05
2024-07-25,09:43:39,10.6101,26.75,25.0,2888,15257091.0,5.058433534447444e-05
2024-07-25,09:43:39,10.6151,26.75,25.0,2889,15257092.0,5.050349400665447e-05
2024-07-25,09:43:39,10.6201,26.75,25.0,2889,15257091.0,5.050349400665447e-05
2024-07-25,09:43:39,10.6249,26.75,25.0,2888,15257092.0,5.058433534447444e-05
2024-07-25,09:43:39,10.6301,26.75,25.0,2887,15257092.0,5.066530608565613e-05
2024-07-25,09:43:39,10.6352,26.75,25.0,2887,15257091.0,5.066530608565613e-05
2024-07-25,09:43:39,10.6401,26.75,25.0,2888,15257091.0,5.058433534447444e-05
2024-07-25,09:43:39,10.645,26.75,25.0,2888,15257092.0,5.058433534447444e-05
2024-07-25,09:43:39,10.65,26.75,25.0,2887,15257092.0,5.066530608565613e-05
2024-07-25,09:43:39,10.655,26.75,25.0,2888,15257092.0,5.058433534447444e-05
2024-07-25,09:43:39,10.66,26.75,25.0,2889,15257092.0,5.050349400665447e-05
2024-07-25,09:43:39,10.6649,26.75,25.0,2889,15257091.0,5.050349400665447e-05
2024-07-25,09:43:39,10.6699,26.75,25.0,2888,15257092.0,5.058433534447444e-05
2024-07-25,09:43:39,10.6749,26.75,25.0,2888,15257092.0,5.058433534447444e-05
2024-07-25,09:43:39,10.6799,26.75,25.0,2889,15257091.0,5.050349400665447e-05
2024-07-25,09:43:39,10.6849,26.75,25.0,2889,15257092.0,5.050349400665447e-05
2024-07-25,09:43:39,10.6898,26.75,25.0,2888,15257093.0,5.058433534447444e-05
2024-07-25,09:43:39,10.6948,26.75,25.0,2888,15257092.0,5.058433534447444e-05
2024-07-25,09:43:39,10.6998,26.75,25.0,2889,15257092.0,5.050349400665447e-05
2024-07-25,09:43:39,10.7048,26.75,25.0,2888,15257091.0,5.058433534447444e-05
2024-07-25,09:43:39,10.7098,26.75,25.0,2888,15257091.0,5.058433534447444e-05
2024-07-25,09:43:39,10.7148,26.75,25.0,2888,15257092.0,5.058433534447444e-05
2024-07-25,09:43:39,10.7197,26.75,25.0,2887,15257091.0,5.066530608565613e-05
2024-07-25,09:43:40,10.7247,26.75,25.0,2888,15257093.0,5.058433534447444e-05
2024-07-25,09:43:40,10.7297,26.75,25.0,2889,15257093.0,5.050349400665447e-05
2024-07-25,09:43:40,10.7346,26.75,25.0,2889,15257092.0,5.050349400665447e-05
2024-07-25,09:43:40,10.7396,26.75,25.0,2889,15257093.0,5.050349400665447e-05
2024-07-25,09:43:40,10.7495,26.75,25.0,2887,15257093.0,5.066530608565613e-05
2024-07-25,09:43:40,10.7545,26.75,25.0,2888,15257093.0,5.058433534447444e-05
2024-07-25,09:43:40,10.7595,26.75,25.0,2889,15257093.0,5.050349400665447e-05
2024-07-25,09:43:40,10.7645,26.75,25.0,2888,15257092.0,5.058433534447444e-05
2024-07-25,09:43:40,10.7695,26.75,25.0,2888,15257092.0,5.058433534447444e-05
2024-07-25,09:43:40,10.7745,26.75,25.0,2888,15257093.0,5.058433534447444e-05
2024-07-25,09:43:40,10.7794,26.75,25.0,2887,15257093.0,5.066530608565613e-05
2024-07-25,09:43:40,10.7844,26.75,25.0,2887,15257092.0,5.066530608565613e-05
2024-07-25,09:43:40,10.7894,26.75,25.0,2888,15257092.0,5.058433534447444e-05
2024-07-25,09:43:40,10.7944,26.75,25.0,2888,15257092.0,5.058433534447444e-05
2024-07-25,09:43:40,10.7994,26.75,25.0,2887,15257092.0,5.066530608565613e-05
2024-07-25,09:43:40,10.8044,26.75,25.0,2887,15257092.0,5.066530608565613e-05
2024-07-25,09:43:40,10.8094,26.75,25.0,2888,15257092.0,5.058433534447444e-05
2024-07-25,09:43:40,10.8144,26.75,25.0,2889,15257092.0,5.050349400665447e-05
2024-07-25,09:43:40,10.8193,26.75,25.0,2888,15257093.0,5.058433534447444e-05
2024-07-25,09:43:40,10.8242,26.75,25.0,2887,15257092.0,5.066530608565613e-05
2024-07-25,09:43:40,10.8292,26.75,25.0,2888,15257092.0,5.058433534447444e-05
2024-07-25,09:43:40,10.8342,26.75,25.0,2888,15257092.0,5.058433534447444e-05
2024-07-25,09:43:40,10.8393,26.75,25.0,2888,15257092.0,5.058433534447444e-05
2024-07-25,09:43:40,10.8443,26.75,25.0,2889,15257093.0,5.050349400665447e-05
2024-07-25,09:43:40,10.8493,26.75,25.0,2888,15257092.0,5.058433534447444e-05
2024-07-25,09:43:40,10.8543,26.75,25.0,2887,15257091.0,5.066530608565613e-05
2024-07-25,09:43:40,10.8592,26.75,25.0,2888,15257091.0,5.058433534447444e-05
2024-07-25,09:43:40,10.8642,26.75,25.0,2888,15257091.0,5.058433534447444e-05
2024-07-25,09:43:40,10.8692,26.75,25.0,2887,15257092.0,5.066530608565613e-05
2024-07-25,09:43:40,10.8742,26.75,25.0,2887,15257091.0,5.066530608565613e-05
2024-07-25,09:43:40,10.8792,26.75,25.0,2887,15257092.0,5.066530608565613e-05
2024-07-25,09:43:40,10.8841,26.75,25.0,2887,15257093.0,5.066530608565613e-05
2024-07-25,09:43:40,10.8891,26.75,25.0,2887,15257092.0,5.066530608565613e-05
2024-07-25,09:43:40,10.8941,26.75,25.0,2887,15257091.0,5.066530608565613e-05
2024-07-25,09:43:40,10.8991,26.75,25.0,2887,15257091.0,5.066530608565613e-05
2024-07-25,09:43:40,10.9041,26.75,25.0,2887,15257092.0,5.066530608565613e-05
2024-07-25,09:43:40,10.9092,26.75,25.0,2888,15257091.0,5.058433534447444e-05
2024-07-25,09:43:40,10.9142,26.75,25.0,2889,15257092.0,5.050349400665447e-05
2024-07-25,09:43:40,10.9192,26.75,25.0,2888,15257093.0,5.058433534447444e-05
2024-07-25,09:43:40,10.9242,26.75,25.0,2887,15257092.0,5.066530608565613e-05
2024-07-25,09:43:40,10.9292,26.75,25.0,2887,15257092.0,5.066530608565613e-05
2024-07-25,09:43:40,10.9342,26.75,25.0,2888,15257093.0,5.058433534447444e-05
2024-07-25,09:43:40,10.9391,26.75,25.0,2889,15257092.0,5.050349400665447e-05
2024-07-25,09:43:40,10.9441,26.75,25.0,2888,15257091.0,5.058433534447444e-05
2024-07-25,09:43:40,10.9492,26.75,25.0,2888,15257090.0,5.058433534447444e-05
2024-07-25,09:43:40,10.9542,26.75,25.0,2888,15257091.0,5.058433534447444e-05
2024-07-25,09:43:40,10.959,26.75,25.0,2887,15257092.0,5.066530608565613e-05
2024-07-25,09:43:40,10.9639,26.75,25.0,2887,15257091.0,5.066530608565613e-05
2024-07-25,09:43:40,10.969,26.75,25.0,2887,15257091.0,5.066530608565613e-05
2024-07-25,09:43:40,10.9741,26.75,25.0,2887,15257091.0,5.066530608565613e-05
2024-07-25,09:43:40,10.9791,26.75,25.0,2886,15257091.0,5.074640643733643e-05
2024-07-25,09:43:40,10.9841,26.75,25.0,2886,15257093.0,5.074640643733643e-05
2024-07-25,09:43:40,10.989,26.75,25.0,2887,15257092.0,5.066530608565613e-05
2024-07-25,09:43:40,10.994,26.75,25.0,2888,15257092.0,5.058433534447444e-05
2024-07-25,09:43:40,10.999,26.75,25.0,2888,15257092.0,5.058433534447444e-05
2024-07-25,09:43:40,11.004,26.75,25.0,2887,15257092.0,5.066530608565613e-05
2024-07-25,09:43:40,11.0091,26.75,25.0,2887,15257092.0,5.066530608565613e-05
2024-07-25,09:43:40,11.0141,26.75,25.25,2887,15257091.0,5.066530608565613e-05
2024-07-25,09:43:40,11.0189,26.75,25.25,2887,15257091.0,5.066530608565613e-05
2024-07-25,09:43:40,11.0239,26.75,25.25,2887,15257091.0,5.066530608565613e-05
2024-07-25,09:43:40,11.029,26.75,25.25,2886,15257092.0,5.074640643733643e-05
2024-07-25,09:43:40,11.034,26.75,25.25,2886,15257092.0,5.074640643733643e-05
2024-07-25,09:43:40,11.0389,26.75,25.25,2887,15257092.0,5.066530608565613e-05
2024-07-25,09:43:40,11.0439,26.75,25.25,2887,15257091.0,5.066530608565613e-05
2024-07-25,09:43:40,11.049,26.75,25.25,2887,15257091.0,5.066530608565613e-05
2024-07-25,09:43:40,11.054,26.75,25.25,2887,15257092.0,5.066530608565613e-05
2024-07-25,09:43:40,11.0589,26.75,25.25,2888,15257091.0,5.058433534447444e-05
2024-07-25,09:43:40,11.0637,26.75,25.25,2888,15257092.0,5.058433534447444e-05
2024-07-25,09:43:40,11.0687,26.75,25.25,2887,15257093.0,5.066530608565613e-05
2024-07-25,09:43:40,11.0738,26.75,25.25,2887,15257092.0,5.066530608565613e-05
2024-07-25,09:43:40,11.0788,26.75,25.25,2887,15257092.0,5.066530608565613e-05
2024-07-25,09:43:40,11.0837,26.75,25.25,2887,15257091.0,5.066530608565613e-05
2024-07-25,09:43:40,11.0887,26.75,25.25,2887,15257090.0,5.066530608565613e-05
2024-07-25,09:43:40,11.0937,26.75,25.25,2887,15257090.0,5.066530608565613e-05
2024-07-25,09:43:40,11.0987,26.75,25.25,2887,15257091.0,5.066530608565613e-05
2024-07-25,09:43:40,11.1038,26.75,25.25,2887,15257091.0,5.066530608565613e-05
2024-07-25,09:43:40,11.1088,26.75,25.25,2887,15257090.0,5.066530608565613e-05
2024-07-25,09:43:40,11.1138,26.75,25.25,2887,15257091.0,5.066530608565613e-05
2024-07-25,09:43:40,11.1188,26.75,25.25,2887,15257091.0,5.066530608565613e-05
2024-07-25,09:43:40,11.1236,26.75,25.25,2887,15257092.0,5.066530608565613e-05
2024-07-25,09:43:40,11.1286,26.75,25.25,2887,15257093.0,5.066530608565613e-05
2024-07-25,09:43:40,11.1336,26.75,25.25,2886,15257090.0,5.074640643733643e-05
2024-07-25,09:43:40,11.1386,26.75,25.25,2886,15257089.0,5.074640643733643e-05
2024-07-25,09:43:40,11.1436,26.75,25.25,2886,15257090.0,5.074640643733643e-05
2024-07-25,09:43:40,11.1486,26.75,25.25,2887,15257090.0,5.066530608565613e-05
2024-07-25,09:43:40,11.1536,26.75,25.25,2887,15257090.0,5.066530608565613e-05
2024-07-25,09:43:40,11.1586,26.75,25.25,2887,15257088.0,5.066530608565613e-05
2024-07-25,09:43:40,11.1636,26.75,25.25,2887,15257089.0,5.066530608565613e-05
2024-07-25,09:43:40,11.1686,26.75,25.25,2886,15257089.0,5.074640643733643e-05
2024-07-25,09:43:40,11.1736,26.75,25.25,2887,15257090.0,5.066530608565613e-05
2024-07-25,09:43:40,11.1785,26.75,25.25,2887,15257091.0,5.066530608565613e-05
2024-07-25,09:43:40,11.1835,26.75,25.25,2887,15257091.0,5.066530608565613e-05
2024-07-25,09:43:40,11.1885,26.75,25.25,2887,15257090.0,5.066530608565613e-05
2024-07-25,09:43:40,11.1935,26.75,25.25,2886,15257090.0,5.074640643733643e-05
2024-07-25,09:43:40,11.1985,26.75,25.25,2886,15257091.0,5.074640643733643e-05
2024-07-25,09:43:40,11.2035,26.75,25.25,2887,15257092.0,5.066530608565613e-05
2024-07-25,09:43:40,11.2085,26.75,25.25,2887,15257092.0,5.066530608565613e-05
2024-07-25,09:43:40,11.2135,26.75,25.25,2887,15257091.0,5.066530608565613e-05
2024-07-25,09:43:40,11.2185,26.75,25.25,2887,15257091.0,5.066530608565613e-05
2024-07-25,09:43:40,11.2235,26.75,25.25,2887,15257093.0,5.066530608565613e-05
2024-07-25,09:43:40,11.2285,26.75,25.25,2887,15257092.0,5.066530608565613e-05
2024-07-25,09:43:40,11.2335,26.75,25.25,2887,15257091.0,5.066530608565613e-05
2024-07-25,09:43:40,11.2385,26.75,25.25,2887,15257092.0,5.066530608565613e-05
2024-07-25,09:43:40,11.2436,26.75,25.25,2886,15257091.0,5.074640643733643e-05
2024-07-25,09:43:40,11.2486,26.75,25.25,2886,15257091.0,5.074640643733643e-05
2024-07-25,09:43:40,11.2534,26.75,25.25,2887,15257092.0,5.066530608565613e-05
2024-07-25,09:43:40,11.2584,26.75,25.25,2887,15257092.0,5.066530608565613e-05
2024-07-25,09:43:40,11.2634,26.75,25.25,2887,15257091.0,5.066530608565613e-05
2024-07-25,09:43:40,11.2684,26.75,25.25,2887,15257091.0,5.066530608565613e-05
2024-07-25,09:43:40,11.2734,26.75,25.25,2887,15257092.0,5.066530608565613e-05
2024-07-25,09:43:40,11.2784,26.75,25.25,2887,15257091.0,5.066530608565613e-05
2024-07-25,09:43:40,11.2834,26.75,25.25,2887,15257091.0,5.066530608565613e-05
2024-07-25,09:43:40,11.2884,26.75,25.25,2887,15257091.0,5.066530608565613e-05
2024-07-25,09:43:40,11.2935,26.75,25.25,2887,15257091.0,5.066530608565613e-05
2024-07-25,09:43:40,11.2985,26.75,25.25,2886,15257092.0,5.074640643733643e-05
2024-07-25,09:43:40,11.3035,26.75,25.25,2886,15257092.0,5.074640643733643e-05
2024-07-25,09:43:40,11.3086,26.75,25.25,2887,15257091.0,5.066530608565613e-05
2024-07-25,09:43:40,11.3136,26.75,25.25,2887,15257091.0,5.066530608565613e-05
2024-07-25,09:43:40,11.3185,26.75,25.25,2887,15257091.0,5.066530608565613e-05
2024-07-25,09:43:40,11.3234,26.75,25.25,2886,15257092.0,5.074640643733643e-05
2024-07-25,09:43:40,11.3284,26.75,25.25,2886,15257092.0,5.074640643733643e-05
2024-07-25,09:43:40,11.3334,26.75,25.25,2887,15257091.0,5.066530608565613e-05
2024-07-25,09:43:40,11.3385,26.75,25.25,2887,15257091.0,5.066530608565613e-05
2024-07-25,09:43:40,11.3435,26.75,25.25,2886,15257090.0,5.074640643733643e-05
2024-07-25,09:43:40,11.3484,26.75,25.25,2886,15257090.0,5.074640643733643e-05
2024-07-25,09:43:40,11.3534,26.75,25.25,2886,15257092.0,5.074640643733643e-05
2024-07-25,09:43:40,11.3584,26.75,25.25,2886,15257092.0,5.074640643733643e-05
2024-07-25,09:43:40,11.3634,26.75,25.25,2886,15257090.0,5.074640643733643e-05
2024-07-25,09:43:40,11.3684,26.75,25.25,2886,15257090.0,5.074640643733643e-05
2024-07-25,09:43:40,11.3734,26.75,25.25,2887,15257092.0,5.066530608565613e-05
2024-07-25,09:43:40,11.3785,26.75,25.25,2887,15257090.0,5.066530608565613e-05
2024-07-25,09:43:40,11.3835,26.75,25.25,2887,15257091.0,5.066530608565613e-05
2024-07-25,09:43:40,11.3883,26.75,25.25,2887,15257092.0,5.066530608565613e-05
2024-07-25,09:43:40,11.3933,26.75,25.25,2886,15257092.0,5.074640643733643e-05
2024-07-25,09:43:40,11.3985,26.75,25.25,2886,15257090.0,5.074640643733643e-05
2024-07-25,09:43:40,11.4034,26.75,25.25,2886,15257090.0,5.074640643733643e-05
2024-07-25,09:43:40,11.4083,26.75,25.25,2886,15257091.0,5.074640643733643e-05
2024-07-25,09:43:40,11.4133,26.75,25.25,2887,15257091.0,5.066530608565613e-05
2024-07-25,09:43:40,11.4184,26.75,25.25,2887,15257091.0,5.066530608565613e-05
2024-07-25,09:43:40,11.4234,26.75,25.25,2887,15257092.0,5.066530608565613e-05
2024-07-25,09:43:40,11.4284,26.75,25.25,2887,15257091.0,5.066530608565613e-05
2024-07-25,09:43:40,11.4334,26.75,25.25,2887,15257092.0,5.066530608565613e-05
2024-07-25,09:43:40,11.4384,26.75,25.25,2887,15257092.0,5.066530608565613e-05
2024-07-25,09:43:40,11.4434,26.75,25.25,2887,15257091.0,5.066530608565613e-05
2024-07-25,09:43:40,11.4484,26.75,25.25,2888,15257090.0,5.058433534447444e-05
2024-07-25,09:43:40,11.4534,26.75,25.25,2887,15257090.0,5.066530608565613e-05
2024-07-25,09:43:40,11.4582,26.75,25.25,2886,15257091.0,5.074640643733643e-05
2024-07-25,09:43:40,11.4632,26.75,25.25,2886,15257091.0,5.074640643733643e-05
2024-07-25,09:43:40,11.4682,26.75,25.25,2886,15257091.0,5.074640643733643e-05
2024-07-25,09:43:40,11.4732,26.75,25.25,2886,15257091.0,5.074640643733643e-05
2024-07-25,09:43:40,11.4782,26.75,25.25,2885,15257091.0,5.082763660698395e-05
2024-07-25,09:43:40,11.4831,26.75,25.25,2885,15257090.0,5.082763660698395e-05
2024-07-25,09:43:40,11.4881,26.75,25.25,2886,15257091.0,5.074640643733643e-05
2024-07-25,09:43:40,11.4932,26.75,25.25,2886,15257092.0,5.074640643733643e-05
2024-07-25,09:43:40,11.4982,26.75,25.25,2886,15257091.0,5.074640643733643e-05
2024-07-25,09:43:40,11.5032,26.75,25.25,2887,15257091.0,5.066530608565613e-05
2024-07-25,09:43:40,11.5081,26.75,25.25,2887,15257092.0,5.066530608565613e-05
2024-07-25,09:43:40,11.5131,26.75,25.25,2886,15257092.0,5.074640643733643e-05
2024-07-25,09:43:40,11.5181,26.75,25.0,2886,15257091.0,5.074640643733643e-05
2024-07-25,09:43:40,11.523,26.75,25.0,2886,15257090.0,5.074640643733643e-05
2024-07-25,09:43:40,11.528,26.75,25.0,2886,15257090.0,5.074640643733643e-05
2024-07-25,09:43:40,11.5331,26.75,25.0,2886,15257091.0,5.074640643733643e-05
2024-07-25,09:43:40,11.5381,26.75,25.0,2885,15257091.0,5.082763660698395e-05
2024-07-25,09:43:40,11.543,26.75,25.0,2885,15257091.0,5.082763660698395e-05
2024-07-25,09:43:40,11.548,26.75,25.0,2886,15257090.0,5.074640643733643e-05
2024-07-25,09:43:40,11.5531,26.75,25.0,2886,15257089.0,5.074640643733643e-05
2024-07-25,09:43:40,11.5581,26.75,25.0,2886,15257091.0,5.074640643733643e-05
2024-07-25,09:43:40,11.5629,26.75,25.0,2887,15257093.0,5.066530608565613e-05
2024-07-25,09:43:40,11.5679,26.75,25.0,2887,15257093.0,5.066530608565613e-05
2024-07-25,09:43:40,11.573,26.75,25.0,2886,15257090.0,5.074640643733643e-05
2024-07-25,09:43:40,11.578,26.75,25.0,2886,15257090.0,5.074640643733643e-05
2024-07-25,09:43:40,11.5829,26.75,25.0,2886,15257091.0,5.074640643733643e-05
2024-07-25,09:43:40,11.5879,26.75,25.0,2886,15257091.0,5.074640643733643e-05
2024-07-25,09:43:40,11.593,26.75,25.0,2887,15257091.0,5.066530608565613e-05
2024-07-25,09:43:40,11.598,26.75,25.0,2886,15257091.0,5.074640643733643e-05
2024-07-25,09:43:40,11.603,26.75,25.0,2885,15257092.0,5.082763660698395e-05
2024-07-25,09:43:40,11.6081,26.75,25.0,2885,15257092.0,5.082763660698395e-05
2024-07-25,09:43:40,11.6131,26.75,25.0,2886,15257092.0,5.074640643733643e-05
2024-07-25,09:43:40,11.6181,26.75,25.0,2887,15257091.0,5.066530608565613e-05
2024-07-25,09:43:40,11.623,26.75,25.0,2886,15257090.0,5.074640643733643e-05
2024-07-25,09:43:40,11.6278,26.75,25.0,2885,15257091.0,5.082763660698395e-05
2024-07-25,09:43:40,11.6328,26.75,25.0,2885,15257091.0,5.082763660698395e-05
2024-07-25,09:43:40,11.6378,26.75,25.0,2885,15257092.0,5.082763660698395e-05
2024-07-25,09:43:40,11.6429,26.75,25.0,2886,15257093.0,5.074640643733643e-05
2024-07-25,09:43:40,11.6479,26.75,25.0,2887,15257092.0,5.066530608565613e-05
2024-07-25,09:43:40,11.6528,26.75,25.0,2886,15257090.0,5.074640643733643e-05
2024-07-25,09:43:40,11.6578,26.75,25.0,2885,15257090.0,5.082763660698395e-05
2024-07-25,09:43:40,11.6629,26.75,25.0,2885,15257091.0,5.082763660698395e-05
2024-07-25,09:43:40,11.6679,26.75,25.0,2885,15257091.0,5.082763660698395e-05
2024-07-25,09:43:40,11.6728,26.75,25.0,2885,15257090.0,5.082763660698395e-05
2024-07-25,09:43:40,11.6777,26.75,25.0,2885,15257090.0,5.082763660698395e-05
2024-07-25,09:43:40,11.6827,26.75,25.0,2886,15257092.0,5.074640643733643e-05
2024-07-25,09:43:40,11.6877,26.75,25.0,2886,15257093.0,5.074640643733643e-05
2024-07-25,09:43:40,11.6927,26.75,25.0,2885,15257092.0,5.082763660698395e-05
2024-07-25,09:43:40,11.6977,26.75,25.0,2885,15257091.0,5.082763660698395e-05
2024-07-25,09:43:40,11.7028,26.75,25.0,2885,15257091.0,5.082763660698395e-05
2024-07-25,09:43:40,11.7078,26.75,25.0,2885,15257091.0,5.082763660698395e-05
2024-07-25,09:43:40,11.7128,26.75,25.0,2886,15257093.0,5.074640643733643e-05
2024-07-25,09:43:40,11.7178,26.75,25.0,2886,15257092.0,5.074640643733643e-05
2024-07-25,09:43:41,11.7227,26.75,25.0,2885,15257091.0,5.082763660698395e-05
2024-07-25,09:43:41,11.7277,26.75,25.0,2885,15257090.0,5.082763660698395e-05
2024-07-25,09:43:41,11.7328,26.75,25.0,2885,15257091.0,5.082763660698395e-05
2024-07-25,09:43:41,11.7378,26.75,25.0,2885,15257091.0,5.082763660698395e-05
2024-07-25,09:43:41,11.7426,26.75,25.0,2885,15257091.0,5.082763660698395e-05
2024-07-25,09:43:41,11.7476,26.75,25.0,2885,15257091.0,5.082763660698395e-05
2024-07-25,09:43:41,11.7526,26.75,25.0,2885,15257090.0,5.082763660698395e-05
2024-07-25,09:43:41,11.7576,26.75,25.0,2886,15257090.0,5.074640643733643e-05
2024-07-25,09:43:41,11.7627,26.75,25.0,2886,15257091.0,5.074640643733643e-05
2024-07-25,09:43:41,11.7677,26.75,25.0,2885,15257091.0,5.082763660698395e-05
2024-07-25,09:43:41,11.7726,26.75,25.0,2885,15257091.0,5.082763660698395e-05
2024-07-25,09:43:41,11.7776,26.75,25.0,2885,15257093.0,5.082763660698395e-05
2024-07-25,09:43:41,11.7827,26.75,25.0,2886,15257093.0,5.074640643733643e-05
2024-07-25,09:43:41,11.7877,26.75,25.0,2887,15257091.0,5.066530608565613e-05
2024-07-25,09:43:41,11.7926,26.75,25.0,2886,15257089.0,5.074640643733643e-05
2024-07-25,09:43:41,11.7976,26.75,25.0,2885,15257090.0,5.082763660698395e-05
2024-07-25,09:43:41,11.8025,26.75,25.0,2885,15257091.0,5.082763660698395e-05
2024-07-25,09:43:41,11.8075,26.75,25.0,2885,15257091.0,5.082763660698395e-05
2024-07-25,09:43:41,11.8127,26.75,25.0,2885,15257091.0,5.082763660698395e-05
2024-07-25,09:43:41,11.8177,26.75,25.0,2885,15257092.0,5.082763660698395e-05
2024-07-25,09:43:41,11.8226,26.75,25.0,2885,15257092.0,5.082763660698395e-05
2024-07-25,09:43:41,11.8276,26.75,25.0,2885,15257091.0,5.082763660698395e-05
2024-07-25,09:43:41,11.8325,26.75,25.0,2885,15257091.0,5.082763660698395e-05
2024-07-25,09:43:41,11.8375,26.75,25.0,2886,15257090.0,5.074640643733643e-05
2024-07-25,09:43:41,11.8425,26.75,25.0,2886,15257090.0,5.074640643733643e-05
2024-07-25,09:43:41,11.8475,26.75,25.0,2885,15257091.0,5.082763660698395e-05
2024-07-25,09:43:41,11.8525,26.75,25.0,2885,15257092.0,5.082763660698395e-05
2024-07-25,09:43:41,11.8575,26.75,25.0,2885,15257091.0,5.082763660698395e-05
2024-07-25,09:43:41,11.8626,26.75,25.0,2884,15257090.0,5.090899680239923e-05
2024-07-25,09:43:41,11.8676,26.75,25.0,2884,15257090.0,5.090899680239923e-05
2024-07-25,09:43:41,11.8724,26.75,25.0,2885,15257091.0,5.082763660698395e-05
2024-07-25,09:43:41,11.8774,26.75,25.0,2885,15257090.0,5.082763660698395e-05
2024-07-25,09:43:41,11.8825,26.75,25.0,2885,15257090.0,5.082763660698395e-05
2024-07-25,09:43:41,11.8875,26.75,25.0,2886,15257090.0,5.074640643733643e-05
2024-07-25,09:43:41,11.8924,26.75,25.0,2886,15257090.0,5.074640643733643e-05
2024-07-25,09:43:41,11.8975,26.75,25.0,2885,15257091.0,5.082763660698395e-05
2024-07-25,09:43:41,11.9025,26.75,25.0,2885,15257093.0,5.082763660698395e-05
2024-07-25,09:43:41,11.9074,26.75,25.0,2885,15257092.0,5.082763660698395e-05
2024-07-25,09:43:41,11.9125,26.75,25.0,2885,15257090.0,5.082763660698395e-05
2024-07-25,09:43:41,11.9175,26.75,25.0,2886,15257090.0,5.074640643733643e-05
2024-07-25,09:43:41,11.9224,26.75,25.0,2886,15257091.0,5.074640643733643e-05
2024-07-25,09:43:41,11.9273,26.75,25.0,2886,15257091.0,5.074640643733643e-05
2024-07-25,09:43:41,11.9325,26.75,25.0,2886,15257083.0,5.074640643733643e-05
2024-07-25,09:43:41,11.9376,26.75,25.0,2885,15257084.0,5.082763660698395e-05
2024-07-25,09:43:41,11.9426,26.75,25.0,2886,15257093.0,5.074640643733643e-05
2024-07-25,09:43:41,11.9476,26.75,25.0,2886,15257091.0,5.074640643733643e-05
2024-07-25,09:43:41,11.9526,26.75,25.0,2885,15257090.0,5.082763660698395e-05
2024-07-25,09:43:41,11.9576,26.75,25.0,2886,15257090.0,5.074640643733643e-05
2024-07-25,09:43:41,11.9625,26.75,25.0,2886,15257091.0,5.074640643733643e-05
2024-07-25,09:43:41,11.9675,26.75,25.0,2886,15257091.0,5.074640643733643e-05
2024-07-25,09:43:41,11.9725,26.75,25.0,2887,15257093.0,5.066530608565613e-05
2024-07-25,09:43:41,11.9775,26.75,25.0,2886,15257093.0,5.074640643733643e-05
2024-07-25,09:43:41,11.9825,26.75,25.0,2885,15257091.0,5.082763660698395e-05
2024-07-25,09:43:41,11.9875,26.75,25.0,2885,15257091.0,5.082763660698395e-05
2024-07-25,09:43:41,11.9925,26.75,25.0,2885,15257089.0,5.082763660698395e-05
2024-07-25,09:43:41,11.9975,26.75,25.0,2885,15257088.0,5.082763660698395e-05
2024-07-25,09:43:41,12.0025,26.75,25.0,2885,15257091.0,5.082763660698395e-05
2024-07-25,09:43:41,12.0075,26.75,25.0,2885,15257092.0,5.082763660698395e-05
2024-07-25,09:43:41,12.0125,26.75,25.0,2885,15257091.0,5.082763660698395e-05
2024-07-25,09:43:41,12.0173,26.75,25.0,2885,15257092.0,5.082763660698395e-05
2024-07-25,09:43:41,12.0223,26.75,25.0,2886,15257092.0,5.074640643733643e-05
2024-07-25,09:43:41,12.0273,26.75,25.0,2886,15257092.0,5.074640643733643e-05
2024-07-25,09:43:41,12.0323,26.75,25.0,2885,15257088.0,5.082763660698395e-05
2024-07-25,09:43:41,12.0374,26.75,25.0,2886,15257088.0,5.074640643733643e-05
2024-07-25,09:43:41,12.0424,26.75,25.0,2887,15257092.0,5.066530608565613e-05
2024-07-25,09:43:41,12.0474,26.75,25.0,2886,15257092.0,5.074640643733643e-05
2024-07-25,09:43:41,12.0524,26.75,25.0,2885,15257092.0,5.082763660698395e-05
2024-07-25,09:43:41,12.0574,26.75,25.0,2886,15257091.0,5.074640643733643e-05
2024-07-25,09:43:41,12.0624,26.75,25.0,2887,15257092.0,5.066530608565613e-05
2024-07-25,09:43:41,12.0673,26.75,25.0,2886,15257093.0,5.074640643733643e-05
2024-07-25,09:43:41,12.0722,26.75,25.0,2885,15257092.0,5.082763660698395e-05
2024-07-25,09:43:41,12.0772,26.75,25.0,2885,15257092.0,5.082763660698395e-05
2024-07-25,09:43:41,12.0822,26.75,25.0,2885,15257092.0,5.082763660698395e-05
2024-07-25,09:43:41,12.0872,26.75,25.0,2885,15257091.0,5.082763660698395e-05
2024-07-25,09:43:41,12.0922,26.75,25.0,2886,15257093.0,5.074640643733643e-05
2024-07-25,09:43:41,12.0972,26.75,25.0,2886,15257093.0,5.074640643733643e-05
2024-07-25,09:43:41,12.1021,26.75,25.0,2885,15257093.0,5.082763660698395e-05
2024-07-25,09:43:41,12.1071,26.75,25.0,2885,15257093.0,5.082763660698395e-05
2024-07-25,09:43:41,12.1121,26.75,25.0,2886,15257093.0,5.074640643733643e-05
2024-07-25,09:43:41,12.117,26.75,25.0,2887,15257093.0,5.066530608565613e-05
2024-07-25,09:43:41,12.122,26.75,25.0,2886,15257092.0,5.074640643733643e-05
2024-07-25,09:43:41,12.132,26.75,25.0,2885,15257091.0,5.082763660698395e-05
2024-07-25,09:43:41,12.137,26.75,25.0,2885,15257093.0,5.082763660698395e-05
2024-07-25,09:43:41,12.142,26.75,25.0,2885,15257094.0,5.082763660698395e-05
2024-07-25,09:43:41,12.147,26.75,25.0,2885,15257093.0,5.082763660698395e-05
2024-07-25,09:43:41,12.152,26.75,25.0,2885,15257092.0,5.082763660698395e-05
2024-07-25,09:43:41,12.157,26.75,25.0,2885,15257092.0,5.082763660698395e-05
2024-07-25,09:43:41,12.162,26.75,25.0,2885,15257092.0,5.082763660698395e-05
2024-07-25,09:43:41,12.167,26.75,25.0,2885,15257092.0,5.082763660698395e-05
2024-07-25,09:43:41,12.172,26.75,25.0,2885,15257093.0,5.082763660698395e-05
2024-07-25,09:43:41,12.1769,26.75,25.0,2885,15257092.0,5.082763660698395e-05
2024-07-25,09:43:41,12.1819,26.75,25.0,2885,15257092.0,5.082763660698395e-05
2024-07-25,09:43:41,12.1869,26.75,25.0,2886,15257092.0,5.074640643733643e-05
2024-07-25,09:43:41,12.1919,26.75,25.0,2886,15257080.0,5.074640643733643e-05
2024-07-25,09:43:41,12.197,26.75,25.0,2885,15257079.0,5.082763660698395e-05
2024-07-25,09:43:41,12.2022,26.75,25.0,2888,15257093.0,5.058433534447444e-05
2024-07-25,09:43:41,12.207,26.75,25.0,2889,15257094.0,5.050349400665447e-05
2024-07-25,09:43:41,12.212,26.75,25.0,2886,15257092.0,5.074640643733643e-05
2024-07-25,09:43:41,12.217,26.75,25.0,2886,15257092.0,5.074640643733643e-05
2024-07-25,09:43:41,12.222,26.75,25.0,2886,15257091.0,5.074640643733643e-05
2024-07-25,09:43:41,12.227,26.75,25.0,2886,15257091.0,5.074640643733643e-05
2024-07-25,09:43:41,12.232,26.75,25.0,2886,15257091.0,5.074640643733643e-05
2024-07-25,09:43:41,12.2371,26.75,25.0,2885,15257092.0,5.082763660698395e-05
2024-07-25,09:43:41,12.2421,26.75,25.0,2886,15257095.0,5.074640643733643e-05
2024-07-25,09:43:41,12.2471,26.75,25.0,2886,15257094.0,5.074640643733643e-05
2024-07-25,09:43:41,12.2521,26.75,25.0,2885,15257092.0,5.082763660698395e-05
2024-07-25,09:43:41,12.2571,26.75,25.0,2886,15257092.0,5.074640643733643e-05
2024-07-25,09:43:41,12.2621,26.75,25.0,2886,15257092.0,5.074640643733643e-05
2024-07-25,09:43:41,12.2669,26.75,25.0,2886,15257092.0,5.074640643733643e-05
2024-07-25,09:43:41,12.2719,26.75,25.0,2886,15257092.0,5.074640643733643e-05
2024-07-25,09:43:41,12.2769,26.75,25.0,2886,15257092.0,5.074640643733643e-05
2024-07-25,09:43:41,12.2819,26.75,25.0,2886,15257093.0,5.074640643733643e-05
2024-07-25,09:43:41,12.287,26.75,25.0,2886,15257093.0,5.074640643733643e-05
2024-07-25,09:43:41,12.292,26.75,25.0,2887,15257092.0,5.066530608565613e-05
2024-07-25,09:43:41,12.2969,26.75,25.0,2888,15257091.0,5.058433534447444e-05
2024-07-25,09:43:41,12.3019,26.75,25.0,2887,15257091.0,5.066530608565613e-05
2024-07-25,09:43:41,12.3069,26.75,25.0,2885,15257093.0,5.082763660698395e-05
2024-07-25,09:43:41,12.3119,26.75,25.0,2886,15257093.0,5.074640643733643e-05
2024-07-25,09:43:41,12.3169,26.75,25.0,2886,15257093.0,5.074640643733643e-05
2024-07-25,09:43:41,12.3218,26.75,25.0,2885,15257091.0,5.082763660698395e-05
2024-07-25,09:43:41,12.3268,26.75,25.0,2885,15257092.0,5.082763660698395e-05
2024-07-25,09:43:41,12.3318,26.75,25.0,2885,15257093.0,5.082763660698395e-05
2024-07-25,09:43:41,12.3369,26.75,25.0,2886,15257093.0,5.074640643733643e-05
2024-07-25,09:43:41,12.3419,26.75,25.0,2886,15257093.0,5.074640643733643e-05
2024-07-25,09:43:41,12.3469,26.75,25.0,2885,15257092.0,5.082763660698395e-05
2024-07-25,09:43:41,12.3519,26.75,25.0,2886,15257093.0,5.074640643733643e-05
2024-07-25,09:43:41,12.3569,26.75,25.0,2887,15257093.0,5.066530608565613e-05
2024-07-25,09:43:41,12.3619,26.75,25.0,2886,15257093.0,5.074640643733643e-05
2024-07-25,09:43:41,12.3669,26.75,25.0,2885,15257093.0,5.082763660698395e-05
2024-07-25,09:43:41,12.3719,26.75,25.0,2885,15257092.0,5.082763660698395e-05
2024-07-25,09:43:41,12.3768,26.75,25.0,2885,15257093.0,5.082763660698395e-05
2024-07-25,09:43:41,12.3817,26.75,25.0,2886,15257093.0,5.074640643733643e-05
2024-07-25,09:43:41,12.3869,26.75,25.0,2886,15257093.0,5.074640643733643e-05
2024-07-25,09:43:41,12.3919,26.75,25.0,2885,15257092.0,5.082763660698395e-05
2024-07-25,09:43:41,12.3969,26.75,25.0,2885,15257092.0,5.082763660698395e-05
2024-07-25,09:43:41,12.4018,26.75,25.0,2885,15257092.0,5.082763660698395e-05
2024-07-25,09:43:41,12.4068,26.75,25.0,2886,15257093.0,5.074640643733643e-05
2024-07-25,09:43:41,12.4118,26.75,25.0,2886,15257093.0,5.074640643733643e-05
2024-07-25,09:43:41,12.4168,26.75,25.0,2885,15257093.0,5.082763660698395e-05
2024-07-25,09:43:41,12.4218,26.75,25.0,2885,15257092.0,5.082763660698395e-05
2024-07-25,09:43:41,12.4268,26.75,25.0,2886,15257092.0,5.074640643733643e-05
2024-07-25,09:43:41,12.4319,26.75,25.0,2886,15257093.0,5.074640643733643e-05
2024-07-25,09:43:41,12.4369,26.75,25.0,2885,15257093.0,5.082763660698395e-05
2024-07-25,09:43:41,12.4418,26.75,25.0,2886,15257094.0,5.074640643733643e-05
2024-07-25,09:43:41,12.4468,26.75,25.0,2886,15257094.0,5.074640643733643e-05
2024-07-25,09:43:41,12.4519,26.75,25.0,2886,15257093.0,5.074640643733643e-05
2024-07-25,09:43:41,12.4569,26.75,25.0,2887,15257093.0,5.066530608565613e-05
2024-07-25,09:43:41,12.4617,26.75,25.0,2887,15257094.0,5.066530608565613e-05
2024-07-25,09:43:41,12.4667,26.75,25.0,2888,15257092.0,5.058433534447444e-05
2024-07-25,09:43:41,12.4717,26.75,25.0,2887,15257089.0,5.066530608565613e-05
2024-07-25,09:43:41,12.4767,26.75,25.0,2886,15257091.0,5.074640643733643e-05
2024-07-25,09:43:41,12.4818,26.75,25.0,2886,15257093.0,5.074640643733643e-05
2024-07-25,09:43:41,12.4868,26.75,25.0,2885,15257094.0,5.082763660698395e-05
2024-07-25,09:43:41,12.4917,26.75,25.0,2885,15257092.0,5.082763660698395e-05
2024-07-25,09:43:41,12.4967,26.75,25.0,2885,15257093.0,5.082763660698395e-05
2024-07-25,09:43:41,12.5018,26.75,25.0,2885,15257093.0,5.082763660698395e-05
2024-07-25,09:43:41,12.5069,26.75,25.0,2886,15257092.0,5.074640643733643e-05
2024-07-25,09:43:41,12.5119,26.75,25.0,2887,15257092.0,5.066530608565613e-05
2024-07-25,09:43:41,12.5168,26.75,25.0,2886,15257093.0,5.074640643733643e-05
2024-07-25,09:43:41,12.5218,26.75,25.0,2885,15257093.0,5.082763660698395e-05
2024-07-25,09:43:41,12.5269,26.75,25.0,2885,15257094.0,5.082763660698395e-05
2024-07-25,09:43:41,12.5319,26.75,25.0,2886,15257095.0,5.074640643733643e-05
2024-07-25,09:43:41,12.5369,26.75,25.0,2886,15257095.0,5.074640643733643e-05
2024-07-25,09:43:41,12.5419,26.75,25.0,2885,15257094.0,5.082763660698395e-05
2024-07-25,09:43:41,12.5469,26.75,25.0,2886,15257093.0,5.074640643733643e-05
2024-07-25,09:43:41,12.5519,26.75,25.0,2886,15257092.0,5.074640643733643e-05
2024-07-25,09:43:41,12.5569,26.75,25.0,2887,15257091.0,5.066530608565613e-05
2024-07-25,09:43:41,12.5618,26.75,25.0,2887,15257091.0,5.066530608565613e-05
2024-07-25,09:43:41,12.5667,26.75,25.0,2885,15257093.0,5.082763660698395e-05
2024-07-25,09:43:41,12.5717,26.75,25.0,2885,15257093.0,5.082763660698395e-05
2024-07-25,09:43:41,12.5767,26.75,25.0,2885,15257093.0,5.082763660698395e-05
2024-07-25,09:43:41,12.5817,26.75,25.0,2886,15257095.0,5.074640643733643e-05
2024-07-25,09:43:41,12.5868,26.75,25.0,2886,15257094.0,5.074640643733643e-05
2024-07-25,09:43:41,12.5918,26.75,25.0,2885,15257091.0,5.082763660698395e-05
2024-07-25,09:43:41,12.5968,26.75,25.0,2885,15257092.0,5.082763660698395e-05
2024-07-25,09:43:41,12.6018,26.75,25.0,2886,15257094.0,5.074640643733643e-05
2024-07-25,09:43:41,12.6068,26.75,25.0,2887,15257094.0,5.066530608565613e-05
2024-07-25,09:43:41,12.6118,26.75,25.0,2886,15257092.0,5.074640643733643e-05
2024-07-25,09:43:41,12.6168,26.75,25.0,2885,15257093.0,5.082763660698395e-05
2024-07-25,09:43:41,12.6217,26.75,25.0,2886,15257093.0,5.074640643733643e-05
2024-07-25,09:43:41,12.6267,26.75,25.0,2886,15257094.0,5.074640643733643e-05
2024-07-25,09:43:41,12.6317,26.75,25.0,2886,15257094.0,5.074640643733643e-05
2024-07-25,09:43:41,12.6367,26.75,25.0,2887,15257094.0,5.066530608565613e-05
2024-07-25,09:43:41,12.6417,26.75,25.0,2887,15257094.0,5.066530608565613e-05
2024-07-25,09:43:41,12.6467,26.75,25.0,2886,15257094.0,5.074640643733643e-05
2024-07-25,09:43:41,12.6517,26.75,25.0,2885,15257094.0,5.082763660698395e-05
2024-07-25,09:43:41,12.6567,26.75,25.0,2886,15257094.0,5.074640643733643e-05
2024-07-25,09:43:41,12.6617,26.75,25.0,2887,15257094.0,5.066530608565613e-05
2024-07-25,09:43:41,12.6667,26.75,25.0,2887,15257094.0,5.066530608565613e-05
2024-07-25,09:43:41,12.6717,26.75,25.0,2886,15257092.0,5.074640643733643e-05
2024-07-25,09:43:41,12.6767,26.75,25.0,2886,15257092.0,5.074640643733643e-05
2024-07-25,09:43:41,12.6817,26.75,25.0,2886,15257092.0,5.074640643733643e-05
2024-07-25,09:43:41,12.6866,26.75,25.0,2885,15257093.0,5.082763660698395e-05
2024-07-25,09:43:41,12.6918,26.75,25.0,2885,15257093.0,5.082763660698395e-05
2024-07-25,09:43:41,12.6968,26.75,25.0,2886,15257092.0,5.074640643733643e-05
2024-07-25,09:43:41,12.7017,26.75,25.0,2887,15257094.0,5.066530608565613e-05
2024-07-25,09:43:41,12.7067,26.75,25.0,2887,15257095.0,5.066530608565613e-05
2024-07-25,09:43:41,12.7117,26.75,25.0,2887,15257094.0,5.066530608565613e-05
2024-07-25,09:43:41,12.7167,26.75,25.0,2887,15257094.0,5.066530608565613e-05
2024-07-25,09:43:41,12.7217,26.75,25.0,2886,15257094.0,5.074640643733643e-05
2024-07-25,09:43:42,12.7268,26.75,25.0,2886,15257094.0,5.074640643733643e-05
2024-07-25,09:43:42,12.7318,26.75,25.0,2886,15257093.0,5.074640643733643e-05
2024-07-25,09:43:42,12.7368,26.75,25.0,2886,15257092.0,5.074640643733643e-05
2024-07-25,09:43:42,12.7418,26.75,25.0,2886,15257092.0,5.074640643733643e-05
2024-07-25,09:43:42,12.7468,26.75,25.0,2885,15257093.0,5.082763660698395e-05
2024-07-25,09:43:42,12.7518,26.75,25.0,2885,15257093.0,5.082763660698395e-05
2024-07-25,09:43:42,12.7568,26.75,25.0,2886,15257093.0,5.074640643733643e-05
2024-07-25,09:43:42,12.7618,26.75,25.0,2887,15257093.0,5.066530608565613e-05
2024-07-25,09:43:42,12.7668,26.75,25.0,2887,15257094.0,5.066530608565613e-05
2024-07-25,09:43:42,12.7718,26.75,25.0,2887,15257095.0,5.066530608565613e-05
2024-07-25,09:43:42,12.7768,26.75,25.0,2886,15257095.0,5.074640643733643e-05
2024-07-25,09:43:42,12.7817,26.75,25.0,2885,15257094.0,5.082763660698395e-05
2024-07-25,09:43:42,12.7867,26.75,25.0,2885,15257094.0,5.082763660698395e-05
2024-07-25,09:43:42,12.7919,26.75,25.0,2885,15257094.0,5.082763660698395e-05
2024-07-25,09:43:42,12.7969,26.75,25.0,2886,15257093.0,5.074640643733643e-05
2024-07-25,09:43:42,12.8017,26.75,25.0,2887,15257094.0,5.066530608565613e-05
2024-07-25,09:43:42,12.8067,26.75,25.0,2887,15257094.0,5.066530608565613e-05
2024-07-25,09:43:42,12.8117,26.75,25.0,2887,15257093.0,5.066530608565613e-05
2024-07-25,09:43:42,12.8167,26.75,25.0,2887,15257094.0,5.066530608565613e-05
2024-07-25,09:43:42,12.8217,26.75,25.0,2886,15257093.0,5.074640643733643e-05
2024-07-25,09:43:42,12.8267,26.75,25.0,2885,15257094.0,5.082763660698395e-05
2024-07-25,09:43:42,12.8317,26.75,25.0,2885,15257095.0,5.082763660698395e-05
2024-07-25,09:43:42,12.8367,26.75,25.0,2886,15257094.0,5.074640643733643e-05
2024-07-25,09:43:42,12.8418,26.75,25.0,2886,15257093.0,5.074640643733643e-05
2024-07-25,09:43:42,12.8468,26.75,25.0,2885,15257094.0,5.082763660698395e-05
2024-07-25,09:43:42,12.8516,26.75,25.0,2886,15257095.0,5.074640643733643e-05
2024-07-25,09:43:42,12.8566,26.75,25.0,2887,15257095.0,5.066530608565613e-05
2024-07-25,09:43:42,12.8617,26.75,25.0,2886,15257093.0,5.074640643733643e-05
2024-07-25,09:43:42,12.8667,26.75,25.0,2886,15257093.0,5.074640643733643e-05
2024-07-25,09:43:42,12.8716,26.75,25.0,2886,15257094.0,5.074640643733643e-05
2024-07-25,09:43:42,12.8766,26.75,25.0,2886,15257094.0,5.074640643733643e-05
2024-07-25,09:43:42,12.8816,26.75,25.0,2886,15257093.0,5.074640643733643e-05
2024-07-25,09:43:42,12.8866,26.75,25.0,2886,15257093.0,5.074640643733643e-05
2024-07-25,09:43:42,12.8916,26.75,25.0,2887,15257093.0,5.066530608565613e-05
2024-07-25,09:43:42,12.8967,26.75,25.0,2887,15257094.0,5.066530608565613e-05
2024-07-25,09:43:42,12.9018,26.75,25.0,2886,15257095.0,5.074640643733643e-05
2024-07-25,09:43:42,12.9067,26.75,25.0,2886,15257095.0,5.074640643733643e-05
2024-07-25,09:43:42,12.9115,26.75,25.0,2886,15257095.0,5.074640643733643e-05
2024-07-25,09:43:42,12.9167,26.75,25.0,2886,15257095.0,5.074640643733643e-05
2024-07-25,09:43:42,12.9217,26.75,25.0,2887,15257096.0,5.066530608565613e-05
2024-07-25,09:43:42,12.9265,26.75,25.0,2887,15257095.0,5.066530608565613e-05
2024-07-25,09:43:42,12.9316,26.75,25.0,2886,15257093.0,5.074640643733643e-05
2024-07-25,09:43:42,12.9366,26.75,25.0,2886,15257094.0,5.074640643733643e-05
2024-07-25,09:43:42,12.9415,26.75,25.0,2886,15257094.0,5.074640643733643e-05
2024-07-25,09:43:42,12.9466,26.75,25.0,2886,15257094.0,5.074640643733643e-05
2024-07-25,09:43:42,12.9517,26.75,25.0,2886,15257093.0,5.074640643733643e-05
2024-07-25,09:43:42,12.9566,26.75,25.0,2885,15257093.0,5.082763660698395e-05
2024-07-25,09:43:42,12.9616,26.75,25.0,2885,15257093.0,5.082763660698395e-05
2024-07-25,09:43:42,12.9666,26.75,25.0,2885,15257094.0,5.082763660698395e-05
2024-07-25,09:43:42,12.9716,26.75,25.0,2885,15257095.0,5.082763660698395e-05
2024-07-25,09:43:42,12.9766,26.75,25.0,2885,15257094.0,5.082763660698395e-05
2024-07-25,09:43:42,12.9816,26.75,25.0,2885,15257093.0,5.082763660698395e-05
2024-07-25,09:43:42,12.9867,26.75,25.0,2886,15257092.0,5.074640643733643e-05
2024-07-25,09:43:42,12.9917,26.75,25.0,2886,15257093.0,5.074640643733643e-05
2024-07-25,09:43:42,12.9967,26.75,25.0,2886,15257094.0,5.074640643733643e-05
2024-07-25,09:43:42,13.0017,26.75,25.0,2885,15257093.0,5.082763660698395e-05
2024-07-25,09:43:42,13.0066,26.75,25.0,2885,15257092.0,5.082763660698395e-05
2024-07-25,09:43:42,13.0116,26.75,25.0,2886,15257092.0,5.074640643733643e-05
2024-07-25,09:43:42,13.0166,26.75,25.0,2886,15257093.0,5.074640643733643e-05
2024-07-25,09:43:42,13.0216,26.75,25.0,2886,15257094.0,5.074640643733643e-05
2024-07-25,09:43:42,13.0265,26.75,25.0,2885,15257095.0,5.082763660698395e-05
2024-07-25,09:43:42,13.0315,26.75,25.0,2885,15257094.0,5.082763660698395e-05
2024-07-25,09:43:42,13.0366,26.75,25.0,2886,15257093.0,5.074640643733643e-05
2024-07-25,09:43:42,13.0416,26.75,25.0,2887,15257095.0,5.066530608565613e-05
2024-07-25,09:43:42,13.0466,26.75,25.0,2886,15257095.0,5.074640643733643e-05
2024-07-25,09:43:42,13.0516,26.75,25.0,2885,15257093.0,5.082763660698395e-05
2024-07-25,09:43:42,13.0566,26.75,25.0,2886,15257093.0,5.074640643733643e-05
2024-07-25,09:43:42,13.0616,26.75,25.0,2886,15257094.0,5.074640643733643e-05
2024-07-25,09:43:42,13.0665,26.75,25.0,2885,15257094.0,5.082763660698395e-05
2024-07-25,09:43:42,13.0715,26.75,25.0,2885,15257095.0,5.082763660698395e-05
2024-07-25,09:43:42,13.0765,26.75,25.0,2885,15257095.0,5.082763660698395e-05
2024-07-25,09:43:42,13.0815,26.75,25.0,2884,15257092.0,5.090899680239923e-05
2024-07-25,09:43:42,13.0865,26.75,25.0,2884,15257091.0,5.090899680239923e-05
2024-07-25,09:43:42,13.0915,26.75,25.0,2885,15257094.0,5.082763660698395e-05
2024-07-25,09:43:42,13.0965,26.75,25.0,2885,15257094.0,5.082763660698395e-05
2024-07-25,09:43:42,13.1015,26.75,25.0,2885,15257093.0,5.082763660698395e-05
2024-07-25,09:43:42,13.1065,26.75,25.0,2885,15257093.0,5.082763660698395e-05
2024-07-25,09:43:42,13.1115,26.75,25.0,2884,15257093.0,5.090899680239923e-05
2024-07-25,09:43:42,13.1165,26.75,25.0,2884,15257092.0,5.090899680239923e-05
2024-07-25,09:43:42,13.1216,26.75,25.0,2884,15257091.0,5.090899680239923e-05
2024-07-25,09:43:42,13.1267,26.75,25.0,2884,15257091.0,5.090899680239923e-05
2024-07-25,09:43:42,13.1316,26.75,25.0,2884,15257091.0,5.090899680239923e-05
2024-07-25,09:43:42,13.1364,26.75,25.0,2884,15257092.0,5.090899680239923e-05
2024-07-25,09:43:42,13.1416,26.75,25.0,2884,15257092.0,5.090899680239923e-05
2024-07-25,09:43:42,13.1465,26.75,25.0,2884,15257090.0,5.090899680239923e-05
2024-07-25,09:43:42,13.1514,26.75,25.0,2884,15257091.0,5.090899680239923e-05
2024-07-25,09:43:42,13.1564,26.75,25.0,2883,15257093.0,5.099048723171566e-05
2024-07-25,09:43:42,13.1615,26.75,25.0,2883,15257092.0,5.099048723171566e-05
2024-07-25,09:43:42,13.1665,26.75,25.0,2882,15257092.0,5.107210810339952e-05
2024-07-25,09:43:42,13.1715,26.75,25.0,2881,15257093.0,5.115385962625106e-05
2024-07-25,09:43:42,13.1765,26.75,25.0,2882,15257093.0,5.107210810339952e-05
2024-07-25,09:43:42,13.1815,26.75,25.0,2882,15257092.0,5.107210810339952e-05
2024-07-25,09:43:42,13.1866,26.75,25.0,2882,15257091.0,5.107210810339952e-05
2024-07-25,09:43:42,13.1916,26.75,25.0,2882,15257092.0,5.107210810339952e-05
2024-07-25,09:43:42,13.1966,26.75,25.0,2882,15257092.0,5.107210810339952e-05
2024-07-25,09:43:42,13.2016,26.75,25.0,2882,15257092.0,5.107210810339952e-05
2024-07-25,09:43:42,13.2066,26.75,25.0,2882,15257092.0,5.107210810339952e-05
2024-07-25,09:43:42,13.2116,26.75,25.0,2883,15257092.0,5.099048723171566e-05
2024-07-25,09:43:42,13.2166,26.75,25.0,2883,15257092.0,5.099048723171566e-05
2024-07-25,09:43:42,13.2216,26.75,25.0,2882,15257092.0,5.107210810339952e-05
2024-07-25,09:43:42,13.2265,26.75,25.0,2882,15257091.0,5.107210810339952e-05
2024-07-25,09:43:42,13.2315,26.75,25.0,2882,15257090.0,5.107210810339952e-05
2024-07-25,09:43:42,13.2365,26.75,25.0,2882,15257091.0,5.107210810339952e-05
2024-07-25,09:43:42,13.2417,26.75,25.0,2883,15257093.0,5.099048723171566e-05
2024-07-25,09:43:42,13.2466,26.75,25.0,2882,15257093.0,5.107210810339952e-05
2024-07-25,09:43:42,13.2516,26.75,25.0,2880,15257090.0,5.123574200940454e-05
2024-07-25,09:43:42,13.2568,26.75,25.0,2881,15257089.0,5.115385962625106e-05
2024-07-25,09:43:42,13.2617,26.75,25.0,2882,15257091.0,5.107210810339952e-05
2024-07-25,09:43:42,13.2667,26.75,25.0,2882,15257091.0,5.107210810339952e-05
2024-07-25,09:43:42,13.2717,26.75,25.0,2882,15257092.0,5.107210810339952e-05
2024-07-25,09:43:42,13.2767,26.75,25.0,2882,15257092.0,5.107210810339952e-05
2024-07-25,09:43:42,13.2817,26.75,25.0,2882,15257091.0,5.107210810339952e-05
2024-07-25,09:43:42,13.2867,26.75,25.0,2882,15257091.0,5.107210810339952e-05
2024-07-25,09:43:42,13.2917,26.75,25.0,2882,15257092.0,5.107210810339952e-05
2024-07-25,09:43:42,13.2967,26.75,25.0,2882,15257092.0,5.107210810339952e-05
2024-07-25,09:43:42,13.3018,26.75,25.0,2881,15257090.0,5.115385962625106e-05
2024-07-25,09:43:42,13.3068,26.75,25.0,2881,15257091.0,5.115385962625106e-05
2024-07-25,09:43:42,13.3118,26.75,25.0,2882,15257093.0,5.107210810339952e-05
2024-07-25,09:43:42,13.3168,26.75,25.0,2882,15257091.0,5.107210810339952e-05
2024-07-25,09:43:42,13.3218,26.75,25.0,2881,15257090.0,5.115385962625106e-05
2024-07-25,09:43:42,13.3268,26.75,25.0,2881,15257091.0,5.115385962625106e-05
2024-07-25,09:43:42,13.3318,26.75,25.0,2881,15257091.0,5.115385962625106e-05
2024-07-25,09:43:42,13.3369,26.75,25.0,2880,15257091.0,5.123574200940454e-05
2024-07-25,09:43:42,13.3419,26.75,25.0,2880,15257091.0,5.123574200940454e-05
2024-07-25,09:43:42,13.3469,26.75,25.0,2881,15257091.0,5.115385962625106e-05
2024-07-25,09:43:42,13.3519,26.75,25.0,2881,15257091.0,5.115385962625106e-05
2024-07-25,09:43:42,13.3569,26.75,25.0,2880,15257091.0,5.123574200940454e-05
2024-07-25,09:43:42,13.3618,26.75,25.0,2881,15257092.0,5.115385962625106e-05
2024-07-25,09:43:42,13.3668,26.75,25.0,2881,15257092.0,5.115385962625106e-05
2024-07-25,09:43:42,13.3718,26.75,25.0,2881,15257092.0,5.115385962625106e-05
2024-07-25,09:43:42,13.3769,26.75,25.0,2881,15257092.0,5.115385962625106e-05
2024-07-25,09:43:42,13.3821,26.75,25.0,2880,15257091.0,5.123574200940454e-05
2024-07-25,09:43:42,13.3869,26.75,25.0,2881,15257090.0,5.115385962625106e-05
2024-07-25,09:43:42,13.3919,26.75,25.0,2882,15257092.0,5.107210810339952e-05
2024-07-25,09:43:42,13.3969,26.75,25.0,2880,15257093.0,5.123574200940454e-05
2024-07-25,09:43:42,13.4019,26.75,25.0,2879,15257091.0,5.131775546232911e-05
2024-07-25,09:43:42,13.407,26.75,25.0,2881,15257090.0,5.115385962625106e-05
2024-07-25,09:43:42,13.412,26.75,25.0,2882,15257092.0,5.107210810339952e-05
2024-07-25,09:43:42,13.4169,26.75,25.0,2881,15257093.0,5.115385962625106e-05
2024-07-25,09:43:42,13.4219,26.75,25.0,2881,15257092.0,5.115385962625106e-05
2024-07-25,09:43:42,13.427,26.75,25.0,2881,15257092.0,5.115385962625106e-05
2024-07-25,09:43:42,13.432,26.75,25.0,2881,15257093.0,5.115385962625106e-05
2024-07-25,09:43:42,13.437,26.75,25.0,2882,15257092.0,5.107210810339952e-05
2024-07-25,09:43:42,13.442,26.75,25.0,2882,15257092.0,5.107210810339952e-05
2024-07-25,09:43:42,13.447,26.75,25.0,2881,15257091.0,5.115385962625106e-05
2024-07-25,09:43:42,13.452,26.75,25.0,2879,15257089.0,5.131775546232911e-05
2024-07-25,09:43:42,13.4569,26.75,25.0,2879,15257089.0,5.131775546232911e-05
2024-07-25,09:43:42,13.4619,26.75,25.0,2880,15257091.0,5.123574200940454e-05
2024-07-25,09:43:42,13.4671,26.75,25.0,2880,15257091.0,5.123574200940454e-05
2024-07-25,09:43:42,13.4722,26.75,25.0,2880,15257090.0,5.123574200940454e-05
2024-07-25,09:43:42,13.4772,26.75,25.0,2880,15257092.0,5.123574200940454e-05
2024-07-25,09:43:42,13.4822,26.75,25.0,2881,15257094.0,5.115385962625106e-05
2024-07-25,09:43:42,13.4872,26.75,25.0,2881,15257093.0,5.115385962625106e-05
2024-07-25,09:43:42,13.4921,26.75,25.0,2881,15257092.0,5.115385962625106e-05
2024-07-25,09:43:42,13.4971,26.75,25.0,2881,15257092.0,5.115385962625106e-05
2024-07-25,09:43:42,13.5021,26.75,25.0,2880,15257092.0,5.123574200940454e-05
2024-07-25,09:43:42,13.5071,26.75,25.0,2880,15257093.0,5.123574200940454e-05
2024-07-25,09:43:42,13.5121,26.75,25.0,2880,15257092.0,5.123574200940454e-05
2024-07-25,09:43:42,13.5171,26.75,25.0,2880,15257092.0,5.123574200940454e-05
2024-07-25,09:43:42,13.5221,26.75,25.0,2879,15257092.0,5.131775546232911e-05
2024-07-25,09:43:42,13.5271,26.75,25.0,2879,15257091.0,5.131775546232911e-05
2024-07-25,09:43:42,13.5321,26.75,25.0,2880,15257093.0,5.123574200940454e-05
2024-07-25,09:43:42,13.5372,26.81,25.25,2880,15257092.0,5.123574200940454e-05
2024-07-25,09:43:42,13.5423,26.81,25.25,2879,15257090.0,5.131775546232911e-05
2024-07-25,09:43:42,13.5473,26.81,25.25,2879,15257091.0,5.131775546232911e-05
2024-07-25,09:43:42,13.5523,26.81,25.25,2879,15257091.0,5.131775546232911e-05
2024-07-25,09:43:42,13.5572,26.81,25.25,2879,15257091.0,5.131775546232911e-05
2024-07-25,09:43:42,13.5622,26.81,25.25,2879,15257091.0,5.131775546232911e-05
2024-07-25,09:43:42,13.5673,26.81,25.25,2879,15257091.0,5.131775546232911e-05
2024-07-25,09:43:42,13.5723,26.81,25.25,2879,15257091.0,5.131775546232911e-05
2024-07-25,09:43:42,13.5773,26.81,25.25,2879,15257091.0,5.131775546232911e-05
2024-07-25,09:43:42,13.5823,26.81,25.25,2879,15257090.0,5.131775546232911e-05
2024-07-25,09:43:42,13.5873,26.81,25.25,2879,15257090.0,5.131775546232911e-05
2024-07-25,09:43:42,13.5922,26.81,25.25,2879,15257091.0,5.131775546232911e-05
2024-07-25,09:43:42,13.5972,26.81,25.25,2878,15257091.0,5.139990019482913e-05
2024-07-25,09:43:42,13.6022,26.81,25.25,2878,15257089.0,5.139990019482913e-05
2024-07-25,09:43:42,13.6072,26.81,25.25,2878,15257090.0,5.139990019482913e-05
2024-07-25,09:43:42,13.6123,26.81,25.25,2878,15257091.0,5.139990019482913e-05
2024-07-25,09:43:42,13.6175,26.81,25.25,2878,15257091.0,5.139990019482913e-05
2024-07-25,09:43:42,13.6225,26.81,25.25,2878,15257090.0,5.139990019482913e-05
2024-07-25,09:43:42,13.6274,26.81,25.25,2879,15257090.0,5.131775546232911e-05
2024-07-25,09:43:42,13.6324,26.81,25.25,2879,15257090.0,5.131775546232911e-05
2024-07-25,09:43:42,13.6374,26.81,25.25,2878,15257091.0,5.139990019482913e-05
2024-07-25,09:43:42,13.6424,26.81,25.25,2878,15257092.0,5.139990019482913e-05
2024-07-25,09:43:42,13.6474,26.81,25.25,2877,15257092.0,5.148217641704494e-05
2024-07-25,09:43:42,13.6524,26.81,25.25,2877,15257090.0,5.148217641704494e-05
2024-07-25,09:43:42,13.6574,26.81,25.25,2878,15257089.0,5.139990019482913e-05
2024-07-25,09:43:42,13.6624,26.81,25.25,2879,15257092.0,5.131775546232911e-05
2024-07-25,09:43:42,13.6675,26.81,25.25,2879,15257091.0,5.131775546232911e-05
2024-07-25,09:43:42,13.6725,26.81,25.25,2878,15257091.0,5.139990019482913e-05
2024-07-25,09:43:42,13.6774,26.81,25.25,2878,15257091.0,5.139990019482913e-05
2024-07-25,09:43:42,13.6824,26.81,25.25,2878,15257090.0,5.139990019482913e-05
2024-07-25,09:43:42,13.6873,26.81,25.25,2878,15257090.0,5.139990019482913e-05
2024-07-25,09:43:42,13.6925,26.81,25.25,2879,15257092.0,5.131775546232911e-05
2024-07-25,09:43:42,13.6975,26.81,25.25,2879,15257093.0,5.131775546232911e-05
2024-07-25,09:43:42,13.7025,26.81,25.25,2878,15257092.0,5.139990019482913e-05
2024-07-25,09:43:42,13.7074,26.81,25.25,2878,15257090.0,5.139990019482913e-05
2024-07-25,09:43:42,13.7124,26.81,25.25,2878,15257090.0,5.139990019482913e-05
2024-07-25,09:43:42,13.7176,26.81,25.25,2878,15257091.0,5.139990019482913e-05
2024-07-25,09:43:42,13.7225,26.81,25.25,2878,15257090.0,5.139990019482913e-05
2024-07-25,09:43:43,13.7275,26.81,25.25,2877,15257092.0,5.148217641704494e-05
2024-07-25,09:43:43,13.7325,26.81,25.25,2877,15257092.0,5.148217641704494e-05
2024-07-25,09:43:43,13.7375,26.81,25.25,2878,15257091.0,5.139990019482913e-05
2024-07-25,09:43:43,13.7426,26.81,25.25,2878,15257091.0,5.139990019482913e-05
2024-07-25,09:43:43,13.7476,26.81,25.25,2878,15257091.0,5.139990019482913e-05
2024-07-25,09:43:43,13.7525,26.81,25.25,2878,15257091.0,5.139990019482913e-05
2024-07-25,09:43:43,13.7575,26.81,25.25,2879,15257091.0,5.131775546232911e-05
2024-07-25,09:43:43,13.7625,26.81,25.25,2879,15257091.0,5.131775546232911e-05
2024-07-25,09:43:43,13.7676,26.81,25.25,2878,15257091.0,5.139990019482913e-05
2024-07-25,09:43:43,13.7727,26.81,25.25,2877,15257091.0,5.148217641704494e-05
2024-07-25,09:43:43,13.7777,26.81,25.25,2877,15257090.0,5.148217641704494e-05
2024-07-25,09:43:43,13.7827,26.81,25.25,2878,15257091.0,5.139990019482913e-05
2024-07-25,09:43:43,13.7877,26.81,25.25,2879,15257091.0,5.131775546232911e-05
2024-07-25,09:43:43,13.7927,26.81,25.25,2879,15257091.0,5.131775546232911e-05
2024-07-25,09:43:43,13.7976,26.81,25.25,2878,15257092.0,5.139990019482913e-05
2024-07-25,09:43:43,13.8025,26.81,25.25,2878,15257091.0,5.139990019482913e-05
2024-07-25,09:43:43,13.8077,26.81,25.25,2879,15257090.0,5.131775546232911e-05
2024-07-25,09:43:43,13.8127,26.81,25.25,2879,15257092.0,5.131775546232911e-05
2024-07-25,09:43:43,13.8177,26.81,25.25,2878,15257093.0,5.139990019482913e-05
2024-07-25,09:43:43,13.8226,26.81,25.25,2878,15257091.0,5.139990019482913e-05
2024-07-25,09:43:43,13.8276,26.81,25.25,2878,15257091.0,5.139990019482913e-05
2024-07-25,09:43:43,13.8326,26.81,25.25,2878,15257092.0,5.139990019482913e-05
2024-07-25,09:43:43,13.8376,26.81,25.25,2878,15257092.0,5.139990019482913e-05
2024-07-25,09:43:43,13.8426,26.81,25.25,2877,15257092.0,5.148217641704494e-05
2024-07-25,09:43:43,13.8476,26.81,25.25,2876,15257093.0,5.156458433945303e-05
2024-07-25,09:43:43,13.8526,26.81,25.25,2877,15257091.0,5.148217641704494e-05
2024-07-25,09:43:43,13.8576,26.81,25.25,2878,15257091.0,5.139990019482913e-05
2024-07-25,09:43:43,13.8627,26.81,25.25,2878,15257093.0,5.139990019482913e-05
2024-07-25,09:43:43,13.8677,26.81,25.25,2878,15257093.0,5.139990019482913e-05
2024-07-25,09:43:43,13.8727,26.81,25.25,2878,15257092.0,5.139990019482913e-05
2024-07-25,09:43:43,13.8777,26.81,25.25,2877,15257094.0,5.148217641704494e-05
2024-07-25,09:43:43,13.8827,26.81,25.25,2877,15257094.0,5.148217641704494e-05
2024-07-25,09:43:43,13.8878,26.81,25.25,2878,15257092.0,5.139990019482913e-05
2024-07-25,09:43:43,13.8928,26.81,25.25,2878,15257092.0,5.139990019482913e-05
2024-07-25,09:43:43,13.8978,26.81,25.25,2878,15257092.0,5.139990019482913e-05
2024-07-25,09:43:43,13.9028,26.81,25.25,2877,15257091.0,5.148217641704494e-05
2024-07-25,09:43:43,13.9078,26.81,25.25,2877,15257092.0,5.148217641704494e-05
2024-07-25,09:43:43,13.9128,26.81,25.25,2878,15257093.0,5.139990019482913e-05
2024-07-25,09:43:43,13.9177,26.81,25.25,2878,15257092.0,5.139990019482913e-05
2024-07-25,09:43:43,13.9227,26.81,25.25,2877,15257092.0,5.148217641704494e-05
2024-07-25,09:43:43,13.9277,26.81,25.25,2877,15257093.0,5.148217641704494e-05
2024-07-25,09:43:43,13.9327,26.81,25.25,2878,15257093.0,5.139990019482913e-05
2024-07-25,09:43:43,13.9377,26.81,25.25,2878,15257093.0,5.139990019482913e-05
2024-07-25,09:43:43,13.9427,26.81,25.25,2877,15257093.0,5.148217641704494e-05
2024-07-25,09:43:43,13.9477,26.81,25.25,2877,15257092.0,5.148217641704494e-05
2024-07-25,09:43:43,13.9527,26.81,25.25,2877,15257091.0,5.148217641704494e-05
2024-07-25,09:43:43,13.9577,26.81,25.25,2878,15257091.0,5.139990019482913e-05
2024-07-25,09:43:43,13.9628,26.81,25.25,2879,15257094.0,5.131775546232911e-05
2024-07-25,09:43:43,13.9678,26.81,25.25,2878,15257094.0,5.139990019482913e-05
2024-07-25,09:43:43,13.9728,26.81,25.25,2877,15257092.0,5.148217641704494e-05
2024-07-25,09:43:43,13.9779,26.81,25.25,2877,15257093.0,5.148217641704494e-05
2024-07-25,09:43:43,13.9829,26.81,25.25,2878,15257095.0,5.139990019482913e-05
2024-07-25,09:43:43,13.9879,26.81,25.25,2878,15257093.0,5.139990019482913e-05
2024-07-25,09:43:43,13.9929,26.81,25.25,2877,15257093.0,5.148217641704494e-05
2024-07-25,09:43:43,13.9979,26.81,25.25,2877,15257093.0,5.148217641704494e-05
2024-07-25,09:43:43,14.0029,26.81,25.25,2878,15257092.0,5.139990019482913e-05
2024-07-25,09:43:43,14.0079,26.81,25.25,2878,15257093.0,5.139990019482913e-05
2024-07-25,09:43:43,14.0129,26.81,25.25,2878,15257093.0,5.139990019482913e-05
2024-07-25,09:43:43,14.0178,26.81,25.25,2878,15257093.0,5.139990019482913e-05
2024-07-25,09:43:43,14.0228,26.81,25.25,2877,15257093.0,5.148217641704494e-05
2024-07-25,09:43:43,14.028,26.81,25.25,2877,15257093.0,5.148217641704494e-05
2024-07-25,09:43:43,14.0331,26.81,25.25,2878,15257094.0,5.139990019482913e-05
2024-07-25,09:43:43,14.0381,26.75,25.0,2878,15257093.0,5.139990019482913e-05
2024-07-25,09:43:43,14.0431,26.75,25.0,2878,15257093.0,5.139990019482913e-05
2024-07-25,09:43:43,14.0481,26.75,25.0,2878,15257093.0,5.139990019482913e-05
2024-07-25,09:43:43,14.053,26.75,25.0,2879,15257093.0,5.131775546232911e-05
2024-07-25,09:43:43,14.058,26.75,25.0,2879,15257094.0,5.131775546232911e-05
2024-07-25,09:43:43,14.063,26.75,25.0,2878,15257095.0,5.139990019482913e-05
2024-07-25,09:43:43,14.068,26.75,25.0,2879,15257093.0,5.131775546232911e-05
2024-07-25,09:43:43,14.073,26.75,25.0,2879,15257092.0,5.131775546232911e-05
2024-07-25,09:43:43,14.078,26.75,25.0,2879,15257093.0,5.131775546232911e-05
2024-07-25,09:43:43,14.083,26.75,25.0,2879,15257094.0,5.131775546232911e-05
2024-07-25,09:43:43,14.088,26.75,25.0,2879,15257091.0,5.131775546232911e-05
2024-07-25,09:43:43,14.093,26.75,25.0,2879,15257090.0,5.131775546232911e-05
2024-07-25,09:43:43,14.098,26.75,25.0,2878,15257093.0,5.139990019482913e-05
2024-07-25,09:43:43,14.103,26.75,25.0,2879,15257093.0,5.131775546232911e-05
2024-07-25,09:43:43,14.108,26.75,25.0,2879,15257092.0,5.131775546232911e-05
2024-07-25,09:43:43,14.1131,26.75,25.0,2879,15257094.0,5.131775546232911e-05
2024-07-25,09:43:43,14.1181,26.75,25.0,2878,15257094.0,5.139990019482913e-05
2024-07-25,09:43:43,14.1231,26.75,25.0,2877,15257093.0,5.148217641704494e-05
2024-07-25,09:43:43,14.1282,26.75,25.0,2878,15257093.0,5.139990019482913e-05
2024-07-25,09:43:43,14.1332,26.75,25.0,2878,15257094.0,5.139990019482913e-05
2024-07-25,09:43:43,14.1382,26.75,25.0,2878,15257092.0,5.139990019482913e-05
2024-07-25,09:43:43,14.1432,26.75,25.0,2878,15257092.0,5.139990019482913e-05
2024-07-25,09:43:43,14.1481,26.75,25.0,2878,15257093.0,5.139990019482913e-05
2024-07-25,09:43:43,14.1531,26.75,25.0,2878,15257092.0,5.139990019482913e-05
2024-07-25,09:43:43,14.1581,26.75,25.0,2878,15257091.0,5.139990019482913e-05
2024-07-25,09:43:43,14.1631,26.75,25.0,2878,15257093.0,5.139990019482913e-05
2024-07-25,09:43:43,14.1681,26.75,25.0,2878,15257093.0,5.139990019482913e-05
2024-07-25,09:43:43,14.1731,26.75,25.0,2877,15257091.0,5.148217641704494e-05
2024-07-25,09:43:43,14.1781,26.75,25.0,2877,15257091.0,5.148217641704494e-05
2024-07-25,09:43:43,14.1832,26.75,25.0,2878,15257092.0,5.139990019482913e-05
2024-07-25,09:43:43,14.1883,26.75,25.0,2878,15257092.0,5.139990019482913e-05
2024-07-25,09:43:43,14.1933,26.75,25.0,2878,15257093.0,5.139990019482913e-05
2024-07-25,09:43:43,14.1983,26.75,25.0,2878,15257093.0,5.139990019482913e-05
2024-07-25,09:43:43,14.2033,26.75,25.0,2878,15257091.0,5.139990019482913e-05
2024-07-25,09:43:43,14.2083,26.75,25.0,2878,15257092.0,5.139990019482913e-05
2024-07-25,09:43:43,14.2133,26.75,25.0,2878,15257092.0,5.139990019482913e-05
2024-07-25,09:43:43,14.2183,26.75,25.0,2878,15257092.0,5.139990019482913e-05
2024-07-25,09:43:43,14.2233,26.75,25.0,2877,15257092.0,5.148217641704494e-05
2024-07-25,09:43:43,14.2284,26.75,25.0,2877,15257092.0,5.148217641704494e-05
2024-07-25,09:43:43,14.2334,26.75,25.0,2879,15257093.0,5.131775546232911e-05
2024-07-25,09:43:43,14.2383,26.75,25.0,2879,15257093.0,5.131775546232911e-05
2024-07-25,09:43:43,14.2433,26.75,25.0,2878,15257092.0,5.139990019482913e-05
2024-07-25,09:43:43,14.2484,26.75,25.0,2879,15257091.0,5.131775546232911e-05
2024-07-25,09:43:43,14.2535,26.75,25.0,2879,15257092.0,5.131775546232911e-05
2024-07-25,09:43:43,14.2585,26.75,25.0,2878,15257093.0,5.139990019482913e-05
2024-07-25,09:43:43,14.2635,26.75,25.0,2878,15257092.0,5.139990019482913e-05
2024-07-25,09:43:43,14.2685,26.75,25.0,2879,15257091.0,5.131775546232911e-05
2024-07-25,09:43:43,14.2735,26.75,25.0,2879,15257092.0,5.131775546232911e-05
2024-07-25,09:43:43,14.2785,26.75,25.0,2878,15257093.0,5.139990019482913e-05
2024-07-25,09:43:43,14.2834,26.75,25.0,2878,15257092.0,5.139990019482913e-05
2024-07-25,09:43:43,14.2884,26.75,25.0,2878,15257093.0,5.139990019482913e-05
2024-07-25,09:43:43,14.2934,26.75,25.0,2877,15257093.0,5.148217641704494e-05
2024-07-25,09:43:43,14.2984,26.75,25.0,2877,15257093.0,5.148217641704494e-05
2024-07-25,09:43:43,14.3034,26.75,25.0,2878,15257094.0,5.139990019482913e-05
2024-07-25,09:43:43,14.3085,26.75,25.0,2879,15257092.0,5.131775546232911e-05
2024-07-25,09:43:43,14.3137,26.75,25.0,2879,15257091.0,5.131775546232911e-05
2024-07-25,09:43:43,14.3185,26.75,25.0,2879,15257091.0,5.131775546232911e-05
2024-07-25,09:43:43,14.3235,26.75,25.0,2879,15257092.0,5.131775546232911e-05
2024-07-25,09:43:43,14.3286,26.75,25.0,2879,15257092.0,5.131775546232911e-05
2024-07-25,09:43:43,14.3336,26.75,25.0,2879,15257092.0,5.131775546232911e-05
2024-07-25,09:43:43,14.3386,26.75,25.0,2878,15257091.0,5.139990019482913e-05
2024-07-25,09:43:43,14.3436,26.75,25.0,2878,15257092.0,5.139990019482913e-05
2024-07-25,09:43:43,14.3486,26.75,25.0,2878,15257093.0,5.139990019482913e-05
2024-07-25,09:43:43,14.3536,26.75,25.0,2878,15257092.0,5.139990019482913e-05
2024-07-25,09:43:43,14.3586,26.75,25.0,2879,15257092.0,5.131775546232911e-05
2024-07-25,09:43:43,14.3636,26.75,25.0,2880,15257094.0,5.123574200940454e-05
2024-07-25,09:43:43,14.3686,26.75,25.0,2879,15257094.0,5.131775546232911e-05
2024-07-25,09:43:43,14.3736,26.75,25.0,2878,15257093.0,5.139990019482913e-05
2024-07-25,09:43:43,14.3785,26.75,25.0,2879,15257093.0,5.131775546232911e-05
2024-07-25,09:43:43,14.3835,26.75,25.0,2880,15257093.0,5.123574200940454e-05
2024-07-25,09:43:43,14.3885,26.75,25.0,2879,15257093.0,5.131775546232911e-05
2024-07-25,09:43:43,14.3935,26.75,25.0,2878,15257092.0,5.139990019482913e-05
2024-07-25,09:43:43,14.3985,26.75,25.0,2878,15257092.0,5.139990019482913e-05
2024-07-25,09:43:43,14.4036,26.75,25.0,2878,15257092.0,5.139990019482913e-05
2024-07-25,09:43:43,14.4086,26.75,25.0,2879,15257092.0,5.131775546232911e-05
2024-07-25,09:43:43,14.4136,26.75,25.0,2879,15257093.0,5.131775546232911e-05
2024-07-25,09:43:43,14.4187,26.75,25.0,2879,15257092.0,5.131775546232911e-05
2024-07-25,09:43:43,14.4237,26.75,25.0,2879,15257091.0,5.131775546232911e-05
2024-07-25,09:43:43,14.4287,26.75,25.0,2878,15257094.0,5.139990019482913e-05
2024-07-25,09:43:43,14.4337,26.75,25.0,2879,15257094.0,5.131775546232911e-05
2024-07-25,09:43:43,14.4386,26.75,25.0,2879,15257093.0,5.131775546232911e-05
2024-07-25,09:43:43,14.4436,26.75,25.0,2878,15257093.0,5.139990019482913e-05
2024-07-25,09:43:43,14.4487,26.75,25.0,2878,15257093.0,5.139990019482913e-05
2024-07-25,09:43:43,14.4537,26.75,25.0,2878,15257093.0,5.139990019482913e-05
2024-07-25,09:43:43,14.4587,26.75,25.0,2879,15257091.0,5.131775546232911e-05
2024-07-25,09:43:43,14.4637,26.75,25.0,2879,15257092.0,5.131775546232911e-05
2024-07-25,09:43:43,14.4687,26.75,25.0,2878,15257093.0,5.139990019482913e-05
2024-07-25,09:43:43,14.4737,26.75,25.0,2878,15257094.0,5.139990019482913e-05
2024-07-25,09:43:43,14.4786,26.75,25.0,2879,15257094.0,5.131775546232911e-05
2024-07-25,09:43:43,14.4836,26.75,25.0,2880,15257095.0,5.123574200940454e-05
2024-07-25,09:43:43,14.4886,26.75,25.0,2880,15257094.0,5.123574200940454e-05
2024-07-25,09:43:43,14.4936,26.75,25.0,2879,15257093.0,5.131775546232911e-05
2024-07-25,09:43:43,14.4986,26.75,25.0,2878,15257094.0,5.139990019482913e-05
2024-07-25,09:43:43,14.5036,26.75,25.0,2879,15257094.0,5.131775546232911e-05
2024-07-25,09:43:43,14.5086,26.75,25.0,2880,15257093.0,5.123574200940454e-05
2024-07-25,09:43:43,14.5136,26.75,25.0,2880,15257093.0,5.123574200940454e-05
2024-07-25,09:43:43,14.5186,26.75,25.0,2879,15257095.0,5.131775546232911e-05
2024-07-25,09:43:43,14.5236,26.75,25.0,2878,15257093.0,5.139990019482913e-05
2024-07-25,09:43:43,14.5286,26.75,25.0,2878,15257093.0,5.139990019482913e-05
2024-07-25,09:43:43,14.5337,26.75,25.0,2879,15257094.0,5.131775546232911e-05
2024-07-25,09:43:43,14.5387,26.75,25.0,2880,15257094.0,5.123574200940454e-05
2024-07-25,09:43:43,14.5435,26.75,25.0,2879,15257094.0,5.131775546232911e-05
2024-07-25,09:43:43,14.5487,26.75,25.0,2878,15257094.0,5.139990019482913e-05
2024-07-25,09:43:43,14.5538,26.75,25.0,2878,15257093.0,5.139990019482913e-05
2024-07-25,09:43:43,14.5588,26.75,25.0,2879,15257092.0,5.131775546232911e-05
2024-07-25,09:43:43,14.5638,26.75,25.0,2880,15257093.0,5.123574200940454e-05
2024-07-25,09:43:43,14.5688,26.75,25.0,2879,15257094.0,5.131775546232911e-05
2024-07-25,09:43:43,14.5737,26.75,25.0,2878,15257092.0,5.139990019482913e-05
2024-07-25,09:43:43,14.5787,26.75,25.0,2879,15257091.0,5.131775546232911e-05
2024-07-25,09:43:43,14.5837,26.75,25.0,2879,15257093.0,5.131775546232911e-05
2024-07-25,09:43:43,14.5887,26.75,25.0,2878,15257093.0,5.139990019482913e-05
2024-07-25,09:43:43,14.5938,26.75,25.0,2878,15257092.0,5.139990019482913e-05
2024-07-25,09:43:43,14.599,26.75,25.0,2878,15257093.0,5.139990019482913e-05
2024-07-25,09:43:43,14.604,26.75,25.0,2878,15257093.0,5.139990019482913e-05
2024-07-25,09:43:43,14.6089,26.75,25.0,2879,15257092.0,5.131775546232911e-05
2024-07-25,09:43:43,14.6139,26.75,25.0,2879,15257093.0,5.131775546232911e-05
2024-07-25,09:43:43,14.6189,26.75,25.0,2878,15257093.0,5.139990019482913e-05
2024-07-25,09:43:43,14.6239,26.75,25.0,2878,15257092.0,5.139990019482913e-05
2024-07-25,09:43:43,14.6289,26.75,25.0,2878,15257094.0,5.139990019482913e-05
2024-07-25,09:43:43,14.6339,26.75,25.0,2879,15257095.0,5.131775546232911e-05
2024-07-25,09:43:43,14.6389,26.75,25.0,2880,15257094.0,5.123574200940454e-05
2024-07-25,09:43:43,14.6439,26.75,25.0,2879,15257093.0,5.131775546232911e-05
2024-07-25,09:43:43,14.6489,26.75,25.0,2879,15257094.0,5.131775546232911e-05
2024-07-25,09:43:43,14.6539,26.75,25.0,2880,15257094.0,5.123574200940454e-05
2024-07-25,09:43:43,14.6589,26.75,25.0,2880,15257093.0,5.123574200940454e-05
2024-07-25,09:43:43,14.6639,26.75,25.0,2880,15257094.0,5.123574200940454e-05
2024-07-25,09:43:43,14.6689,26.75,25.0,2879,15257095.0,5.131775546232911e-05
2024-07-25,09:43:43,14.6738,26.75,25.0,2878,15257093.0,5.139990019482913e-05
2024-07-25,09:43:43,14.679,26.75,25.0,2879,15257093.0,5.131775546232911e-05
2024-07-25,09:43:43,14.684,26.75,25.0,2880,15257095.0,5.123574200940454e-05
2024-07-25,09:43:43,14.6888,26.75,25.0,2880,15257094.0,5.123574200940454e-05
2024-07-25,09:43:43,14.6938,26.75,25.0,2880,15257094.0,5.123574200940454e-05
2024-07-25,09:43:43,14.6988,26.75,25.0,2880,15257094.0,5.123574200940454e-05
2024-07-25,09:43:43,14.7038,26.75,25.0,2879,15257093.0,5.131775546232911e-05
2024-07-25,09:43:43,14.7088,26.75,25.0,2879,15257093.0,5.131775546232911e-05
2024-07-25,09:43:43,14.7138,26.75,25.0,2880,15257094.0,5.123574200940454e-05
2024-07-25,09:43:43,14.7188,26.75,25.0,2879,15257094.0,5.131775546232911e-05
2024-07-25,09:43:43,14.7238,26.75,25.0,2878,15257094.0,5.139990019482913e-05
2024-07-25,09:43:44,14.7288,26.75,25.0,2879,15257092.0,5.131775546232911e-05
2024-07-25,09:43:44,14.7339,26.75,25.0,2879,15257092.0,5.131775546232911e-05
2024-07-25,09:43:44,14.7389,26.75,25.0,2878,15257093.0,5.139990019482913e-05
2024-07-25,09:43:44,14.7439,26.75,25.0,2878,15257092.0,5.139990019482913e-05
2024-07-25,09:43:44,14.749,26.75,25.0,2879,15257092.0,5.131775546232911e-05
2024-07-25,09:43:44,14.754,26.75,25.0,2879,15257093.0,5.131775546232911e-05
2024-07-25,09:43:44,14.759,26.75,25.0,2879,15257093.0,5.131775546232911e-05
2024-07-25,09:43:44,14.764,26.75,25.0,2879,15257092.0,5.131775546232911e-05
2024-07-25,09:43:44,14.7689,26.75,25.0,2878,15257094.0,5.139990019482913e-05
2024-07-25,09:43:44,14.7739,26.75,25.0,2878,15257094.0,5.139990019482913e-05
2024-07-25,09:43:44,14.7789,26.75,25.0,2878,15257093.0,5.139990019482913e-05
2024-07-25,09:43:44,14.7841,26.75,25.0,2879,15257094.0,5.131775546232911e-05
2024-07-25,09:43:44,14.789,26.75,25.0,2880,15257093.0,5.123574200940454e-05
2024-07-25,09:43:44,14.794,26.75,25.0,2879,15257092.0,5.131775546232911e-05
2024-07-25,09:43:44,14.7992,26.75,25.0,2879,15257093.0,5.131775546232911e-05
2024-07-25,09:43:44,14.8041,26.75,25.0,2880,15257093.0,5.123574200940454e-05
2024-07-25,09:43:44,14.8091,26.75,25.0,2879,15257093.0,5.131775546232911e-05
2024-07-25,09:43:44,14.8141,26.75,25.0,2879,15257094.0,5.131775546232911e-05
2024-07-25,09:43:44,14.8191,26.75,25.0,2880,15257094.0,5.123574200940454e-05
2024-07-25,09:43:44,14.8241,26.75,25.0,2879,15257091.0,5.131775546232911e-05
2024-07-25,09:43:44,14.8291,26.75,25.0,2879,15257092.0,5.131775546232911e-05
2024-07-25,09:43:44,14.8341,26.75,25.0,2879,15257092.0,5.131775546232911e-05
2024-07-25,09:43:44,14.8391,26.75,25.0,2878,15257091.0,5.139990019482913e-05
2024-07-25,09:43:44,14.8441,26.75,25.0,2877,15257090.0,5.148217641704494e-05
2024-07-25,09:43:44,14.8491,26.75,25.0,2877,15257091.0,5.148217641704494e-05
2024-07-25,09:43:44,14.8541,26.75,25.0,2879,15257094.0,5.131775546232911e-05
2024-07-25,09:43:44,14.8591,26.75,25.0,2880,15257092.0,5.123574200940454e-05
2024-07-25,09:43:44,14.8642,26.75,25.0,2879,15257092.0,5.131775546232911e-05
2024-07-25,09:43:44,14.8692,26.75,25.0,2878,15257093.0,5.139990019482913e-05
2024-07-25,09:43:44,14.8742,26.75,25.0,2879,15257094.0,5.131775546232911e-05
2024-07-25,09:43:44,14.8793,26.75,25.0,2880,15257093.0,5.123574200940454e-05
2024-07-25,09:43:44,14.8841,26.75,25.0,2879,15257092.0,5.131775546232911e-05
2024-07-25,09:43:44,14.8891,26.75,25.0,2879,15257093.0,5.131775546232911e-05
2024-07-25,09:43:44,14.8941,26.75,25.0,2879,15257092.0,5.131775546232911e-05
2024-07-25,09:43:44,14.8991,26.75,25.0,2879,15257092.0,5.131775546232911e-05
2024-07-25,09:43:44,14.9042,26.75,25.0,2880,15257093.0,5.123574200940454e-05
2024-07-25,09:43:44,14.9092,26.75,25.0,2880,15257093.0,5.123574200940454e-05
2024-07-25,09:43:44,14.9142,26.75,25.0,2879,15257093.0,5.131775546232911e-05
2024-07-25,09:43:44,14.9192,26.75,25.0,2878,15257094.0,5.139990019482913e-05
2024-07-25,09:43:44,14.9242,26.75,25.0,2878,15257092.0,5.139990019482913e-05
2024-07-25,09:43:44,14.9292,26.75,25.0,2879,15257091.0,5.131775546232911e-05
2024-07-25,09:43:44,14.9342,26.75,25.0,2880,15257094.0,5.123574200940454e-05
2024-07-25,09:43:44,14.9392,26.75,25.0,2879,15257095.0,5.131775546232911e-05
2024-07-25,09:43:44,14.9442,26.75,25.0,2878,15257093.0,5.139990019482913e-05
2024-07-25,09:43:44,14.9492,26.75,25.0,2878,15257093.0,5.139990019482913e-05
2024-07-25,09:43:44,14.9542,26.75,25.0,2878,15257093.0,5.139990019482913e-05
2024-07-25,09:43:44,14.9593,26.75,25.0,2879,15257092.0,5.131775546232911e-05
2024-07-25,09:43:44,14.9644,26.75,25.0,2879,15257093.0,5.131775546232911e-05
2024-07-25,09:43:44,14.9694,26.75,25.0,2879,15257093.0,5.131775546232911e-05
2024-07-25,09:43:44,14.9744,26.75,25.0,2879,15257093.0,5.131775546232911e-05
2024-07-25,09:43:44,14.9794,26.75,25.0,2879,15257093.0,5.131775546232911e-05
2024-07-25,09:43:44,14.9844,26.75,25.0,2880,15257095.0,5.123574200940454e-05
2024-07-25,09:43:44,14.9894,26.75,25.0,2879,15257094.0,5.131775546232911e-05
2024-07-25,09:43:44,14.9944,26.75,25.0,2878,15257091.0,5.139990019482913e-05
2024-07-25,09:43:44,14.9993,26.75,25.0,2879,15257092.0,5.131775546232911e-05
2024-07-25,09:43:44,15.0043,26.75,25.0,2880,15257094.0,5.123574200940454e-05
2024-07-25,09:43:44,15.0093,26.75,25.0,2879,15257093.0,5.131775546232911e-05
2024-07-25,09:43:44,15.0143,26.75,25.0,2879,15257094.0,5.131775546232911e-05
2024-07-25,09:43:44,15.0193,26.75,25.0,2879,15257095.0,5.131775546232911e-05
2024-07-25,09:43:44,15.0243,26.75,25.0,2878,15257093.0,5.139990019482913e-05
2024-07-25,09:43:44,15.0293,26.75,25.0,2879,15257094.0,5.131775546232911e-05
2024-07-25,09:43:44,15.0344,26.75,25.0,2880,15257094.0,5.123574200940454e-05
2024-07-25,09:43:44,15.0394,26.81,25.0,2880,15257092.0,5.123574200940454e-05
2024-07-25,09:43:44,15.0444,26.81,25.0,2879,15257091.0,5.131775546232911e-05
2024-07-25,09:43:44,15.0495,26.81,25.0,2878,15257093.0,5.139990019482913e-05
2024-07-25,09:43:44,15.0545,26.81,25.0,2879,15257095.0,5.131775546232911e-05
2024-07-25,09:43:44,15.0595,26.81,25.0,2880,15257094.0,5.123574200940454e-05
2024-07-25,09:43:44,15.0645,26.81,25.0,2879,15257093.0,5.131775546232911e-05
2024-07-25,09:43:44,15.0695,26.81,25.0,2878,15257095.0,5.139990019482913e-05
2024-07-25,09:43:44,15.0745,26.81,25.0,2878,15257094.0,5.139990019482913e-05
2024-07-25,09:43:44,15.0795,26.81,25.0,2879,15257093.0,5.131775546232911e-05
2024-07-25,09:43:44,15.0845,26.81,25.0,2879,15257092.0,5.131775546232911e-05
2024-07-25,09:43:44,15.0895,26.81,25.0,2879,15257093.0,5.131775546232911e-05
2024-07-25,09:43:44,15.0945,26.81,25.0,2879,15257094.0,5.131775546232911e-05
2024-07-25,09:43:44,15.0994,26.81,25.0,2878,15257094.0,5.139990019482913e-05
2024-07-25,09:43:44,15.1044,26.81,25.0,2878,15257093.0,5.139990019482913e-05
2024-07-25,09:43:44,15.1096,26.81,25.0,2879,15257092.0,5.131775546232911e-05
2024-07-25,09:43:44,15.1147,26.81,25.0,2879,15257093.0,5.131775546232911e-05
2024-07-25,09:43:44,15.1195,26.81,25.0,2878,15257094.0,5.139990019482913e-05
2024-07-25,09:43:44,15.1245,26.81,25.0,2878,15257094.0,5.139990019482913e-05
2024-07-25,09:43:44,15.1297,26.81,25.0,2878,15257095.0,5.139990019482913e-05
2024-07-25,09:43:44,15.1346,26.81,25.0,2879,15257096.0,5.131775546232911e-05
2024-07-25,09:43:44,15.1396,26.81,25.0,2879,15257095.0,5.131775546232911e-05
2024-07-25,09:43:44,15.1446,26.81,25.0,2878,15257093.0,5.139990019482913e-05
2024-07-25,09:43:44,15.1496,26.81,25.0,2878,15257094.0,5.139990019482913e-05
2024-07-25,09:43:44,15.1546,26.81,25.0,2879,15257095.0,5.131775546232911e-05
2024-07-25,09:43:44,15.1596,26.81,25.0,2880,15257094.0,5.123574200940454e-05
2024-07-25,09:43:44,15.1646,26.81,25.0,2879,15257092.0,5.131775546232911e-05
2024-07-25,09:43:44,15.1696,26.81,25.0,2878,15257092.0,5.139990019482913e-05
2024-07-25,09:43:44,15.1746,26.81,25.0,2878,15257093.0,5.139990019482913e-05
2024-07-25,09:43:44,15.1796,26.81,25.0,2878,15257094.0,5.139990019482913e-05
2024-07-25,09:43:44,15.1847,26.81,25.0,2878,15257095.0,5.139990019482913e-05
2024-07-25,09:43:44,15.1897,26.81,25.0,2878,15257095.0,5.139990019482913e-05
2024-07-25,09:43:44,15.1945,26.81,25.0,2878,15257094.0,5.139990019482913e-05
2024-07-25,09:43:44,15.1995,26.81,25.0,2878,15257095.0,5.139990019482913e-05
2024-07-25,09:43:44,15.2047,26.81,25.0,2879,15257094.0,5.131775546232911e-05
2024-07-25,09:43:44,15.2098,26.81,25.0,2880,15257094.0,5.123574200940454e-05
2024-07-25,09:43:44,15.2148,26.81,25.0,2878,15257091.0,5.139990019482913e-05
2024-07-25,09:43:44,15.2198,26.81,25.0,2878,15257091.0,5.139990019482913e-05
2024-07-25,09:43:44,15.2248,26.81,25.0,2879,15257092.0,5.131775546232911e-05
2024-07-25,09:43:44,15.2297,26.81,25.0,2879,15257093.0,5.131775546232911e-05
2024-07-25,09:43:44,15.2347,26.81,25.0,2879,15257094.0,5.131775546232911e-05
2024-07-25,09:43:44,15.2397,26.81,25.0,2879,15257094.0,5.131775546232911e-05
2024-07-25,09:43:44,15.2447,26.81,25.0,2879,15257093.0,5.131775546232911e-05
2024-07-25,09:43:44,15.2497,26.81,25.0,2879,15257094.0,5.131775546232911e-05
2024-07-25,09:43:44,15.2547,26.81,25.0,2880,15257095.0,5.123574200940454e-05
2024-07-25,09:43:44,15.2597,26.81,25.0,2879,15257094.0,5.131775546232911e-05
2024-07-25,09:43:44,15.2648,26.81,25.0,2878,15257095.0,5.139990019482913e-05
2024-07-25,09:43:44,15.2698,26.81,25.0,2878,15257096.0,5.139990019482913e-05
2024-07-25,09:43:44,15.2748,26.81,25.0,2878,15257094.0,5.139990019482913e-05
2024-07-25,09:43:44,15.2799,26.81,25.0,2879,15257093.0,5.131775546232911e-05
2024-07-25,09:43:44,15.2849,26.81,25.0,2879,15257093.0,5.131775546232911e-05
2024-07-25,09:43:44,15.2898,26.81,25.0,2879,15257093.0,5.131775546232911e-05
2024-07-25,09:43:44,15.2948,26.81,25.0,2879,15257093.0,5.131775546232911e-05
2024-07-25,09:43:44,15.2999,26.81,25.0,2878,15257093.0,5.139990019482913e-05
2024-07-25,09:43:44,15.3049,26.81,25.0,2878,15257094.0,5.139990019482913e-05
2024-07-25,09:43:44,15.3099,26.81,25.0,2879,15257094.0,5.131775546232911e-05
2024-07-25,09:43:44,15.3149,26.81,25.0,2880,15257096.0,5.123574200940454e-05
2024-07-25,09:43:44,15.3199,26.81,25.0,2879,15257095.0,5.131775546232911e-05
2024-07-25,09:43:44,15.3249,26.81,25.0,2877,15257092.0,5.148217641704494e-05
2024-07-25,09:43:44,15.3298,26.81,25.0,2878,15257093.0,5.139990019482913e-05
2024-07-25,09:43:44,15.3348,26.81,25.0,2880,15257095.0,5.123574200940454e-05
2024-07-25,09:43:44,15.3398,26.81,25.0,2879,15257094.0,5.131775546232911e-05
2024-07-25,09:43:44,15.3448,26.81,25.0,2878,15257093.0,5.139990019482913e-05
2024-07-25,09:43:44,15.3498,26.81,25.0,2878,15257094.0,5.139990019482913e-05
2024-07-25,09:43:44,15.3548,26.81,25.0,2879,15257095.0,5.131775546232911e-05
2024-07-25,09:43:44,15.3598,26.81,25.0,2880,15257094.0,5.123574200940454e-05
2024-07-25,09:43:44,15.3648,26.81,25.0,2879,15257093.0,5.131775546232911e-05
2024-07-25,09:43:44,15.3698,26.81,25.0,2878,15257094.0,5.139990019482913e-05
2024-07-25,09:43:44,15.3749,26.81,25.0,2878,15257094.0,5.139990019482913e-05
2024-07-25,09:43:44,15.3799,26.81,25.0,2878,15257094.0,5.139990019482913e-05
2024-07-25,09:43:44,15.3849,26.81,25.0,2879,15257096.0,5.131775546232911e-05
2024-07-25,09:43:44,15.3899,26.81,25.0,2879,15257095.0,5.131775546232911e-05
2024-07-25,09:43:44,15.3949,26.81,25.0,2878,15257095.0,5.139990019482913e-05
2024-07-25,09:43:44,15.3999,26.81,25.0,2878,15257096.0,5.139990019482913e-05
2024-07-25,09:43:44,15.4049,26.81,25.0,2879,15257097.0,5.131775546232911e-05
2024-07-25,09:43:44,15.4098,26.81,25.0,2879,15257096.0,5.131775546232911e-05
2024-07-25,09:43:44,15.4148,26.81,25.0,2877,15257094.0,5.148217641704494e-05
2024-07-25,09:43:44,15.4198,26.81,25.0,2878,15257094.0,5.139990019482913e-05
2024-07-25,09:43:44,15.4248,26.81,25.0,2880,15257096.0,5.123574200940454e-05
2024-07-25,09:43:44,15.4299,26.81,25.0,2879,15257095.0,5.131775546232911e-05
2024-07-25,09:43:44,15.4349,26.81,25.0,2879,15257095.0,5.131775546232911e-05
2024-07-25,09:43:44,15.4399,26.81,25.0,2879,15257095.0,5.131775546232911e-05
2024-07-25,09:43:44,15.4449,26.81,25.0,2878,15257094.0,5.139990019482913e-05
2024-07-25,09:43:44,15.4499,26.81,25.0,2878,15257095.0,5.139990019482913e-05
2024-07-25,09:43:44,15.4549,26.81,25.0,2879,15257097.0,5.131775546232911e-05
2024-07-25,09:43:44,15.4599,26.81,25.0,2880,15257095.0,5.123574200940454e-05
2024-07-25,09:43:44,15.4649,26.81,25.0,2879,15257093.0,5.131775546232911e-05
2024-07-25,09:43:44,15.4699,26.81,25.0,2879,15257095.0,5.131775546232911e-05
2024-07-25,09:43:44,15.4749,26.81,25.0,2879,15257095.0,5.131775546232911e-05
2024-07-25,09:43:44,15.4799,26.81,25.0,2879,15257094.0,5.131775546232911e-05
2024-07-25,09:43:44,15.4849,26.81,25.0,2879,15257094.0,5.131775546232911e-05
2024-07-25,09:43:44,15.4898,26.81,25.0,2878,15257095.0,5.139990019482913e-05
2024-07-25,09:43:44,15.4948,26.81,25.0,2878,15257095.0,5.139990019482913e-05
2024-07-25,09:43:44,15.4998,26.81,25.0,2878,15257095.0,5.139990019482913e-05
2024-07-25,09:43:44,15.5049,26.81,25.0,2879,15257095.0,5.131775546232911e-05
2024-07-25,09:43:44,15.5099,26.81,25.0,2879,15257096.0,5.131775546232911e-05
2024-07-25,09:43:44,15.5148,26.81,25.0,2878,15257095.0,5.139990019482913e-05
2024-07-25,09:43:44,15.5199,26.81,25.0,2879,15257094.0,5.131775546232911e-05
2024-07-25,09:43:44,15.5249,26.81,25.0,2879,15257094.0,5.131775546232911e-05
2024-07-25,09:43:44,15.5299,26.81,25.0,2879,15257094.0,5.131775546232911e-05
2024-07-25,09:43:44,15.535,26.81,25.0,2880,15257096.0,5.123574200940454e-05
2024-07-25,09:43:44,15.5399,26.81,25.0,2879,15257097.0,5.131775546232911e-05
2024-07-25,09:43:44,15.5449,26.81,25.25,2878,15257094.0,5.139990019482913e-05
2024-07-25,09:43:44,15.55,26.81,25.25,2878,15257094.0,5.139990019482913e-05
2024-07-25,09:43:44,15.555,26.81,25.25,2879,15257096.0,5.131775546232911e-05
2024-07-25,09:43:44,15.56,26.81,25.25,2879,15257095.0,5.131775546232911e-05
2024-07-25,09:43:44,15.565,26.81,25.25,2877,15257093.0,5.148217641704494e-05
2024-07-25,09:43:44,15.57,26.81,25.25,2877,15257092.0,5.148217641704494e-05
2024-07-25,09:43:44,15.575,26.81,25.25,2878,15257093.0,5.139990019482913e-05
2024-07-25,09:43:44,15.58,26.81,25.25,2878,15257094.0,5.139990019482913e-05
2024-07-25,09:43:44,15.5849,26.81,25.25,2879,15257095.0,5.131775546232911e-05
2024-07-25,09:43:44,15.5899,26.81,25.25,2879,15257095.0,5.131775546232911e-05
2024-07-25,09:43:44,15.5951,26.81,25.25,2878,15257094.0,5.139990019482913e-05
2024-07-25,09:43:44,15.6002,26.81,25.25,2878,15257096.0,5.139990019482913e-05
2024-07-25,09:43:44,15.6052,26.81,25.25,2878,15257096.0,5.139990019482913e-05
2024-07-25,09:43:44,15.6102,26.81,25.25,2878,15257094.0,5.139990019482913e-05
2024-07-25,09:43:44,15.6152,26.81,25.25,2877,15257093.0,5.148217641704494e-05
2024-07-25,09:43:44,15.6201,26.81,25.25,2877,15257094.0,5.148217641704494e-05
2024-07-25,09:43:44,15.6251,26.81,25.25,2879,15257096.0,5.131775546232911e-05
2024-07-25,09:43:44,15.6301,26.81,25.25,2879,15257095.0,5.131775546232911e-05
2024-07-25,09:43:44,15.6351,26.81,25.25,2878,15257094.0,5.139990019482913e-05
2024-07-25,09:43:44,15.6402,26.81,25.25,2878,15257094.0,5.139990019482913e-05
2024-07-25,09:43:44,15.6452,26.81,25.25,2878,15257094.0,5.139990019482913e-05
2024-07-25,09:43:44,15.6501,26.81,25.25,2878,15257095.0,5.139990019482913e-05
2024-07-25,09:43:44,15.6552,26.81,25.25,2878,15257095.0,5.139990019482913e-05
2024-07-25,09:43:44,15.6603,26.81,25.25,2879,15257094.0,5.131775546232911e-05
2024-07-25,09:43:44,15.6653,26.81,25.25,2879,15257093.0,5.131775546232911e-05
2024-07-25,09:43:44,15.6703,26.81,25.25,2878,15257094.0,5.139990019482913e-05
2024-07-25,09:43:44,15.6753,26.81,25.25,2878,15257095.0,5.139990019482913e-05
2024-07-25,09:43:44,15.6803,26.81,25.25,2879,15257094.0,5.131775546232911e-05
2024-07-25,09:43:44,15.6853,26.81,25.25,2879,15257095.0,5.131775546232911e-05
2024-07-25,09:43:44,15.6903,26.81,25.25,2878,15257094.0,5.139990019482913e-05
2024-07-25,09:43:44,15.6953,26.81,25.25,2878,15257094.0,5.139990019482913e-05
2024-07-25,09:43:44,15.7003,26.81,25.25,2878,15257094.0,5.139990019482913e-05
2024-07-25,09:43:44,15.7053,26.81,25.25,2878,15257094.0,5.139990019482913e-05
2024-07-25,09:43:44,15.7103,26.81,25.25,2878,15257094.0,5.139990019482913e-05
2024-07-25,09:43:45,15.7153,26.81,25.25,2878,15257095.0,5.139990019482913e-05
2024-07-25,09:43:45,15.7202,26.81,25.25,2878,15257094.0,5.139990019482913e-05
2024-07-25,09:43:45,15.7254,26.81,25.25,2878,15257094.0,5.139990019482913e-05
2024-07-25,09:43:45,15.7304,26.81,25.25,2878,15257094.0,5.139990019482913e-05
2024-07-25,09:43:45,15.7353,26.81,25.25,2878,15257096.0,5.139990019482913e-05
2024-07-25,09:43:45,15.7405,26.81,25.25,2878,15257095.0,5.139990019482913e-05
2024-07-25,09:43:45,15.7455,26.81,25.25,2878,15257094.0,5.139990019482913e-05
2024-07-25,09:43:45,15.7505,26.81,25.25,2878,15257096.0,5.139990019482913e-05
2024-07-25,09:43:45,15.7554,26.81,25.25,2878,15257096.0,5.139990019482913e-05
2024-07-25,09:43:45,15.7604,26.81,25.25,2878,15257094.0,5.139990019482913e-05
2024-07-25,09:43:45,15.7654,26.81,25.25,2878,15257094.0,5.139990019482913e-05
2024-07-25,09:43:45,15.7704,26.81,25.25,2878,15257096.0,5.139990019482913e-05
2024-07-25,09:43:45,15.7755,26.81,25.25,2879,15257097.0,5.131775546232911e-05
2024-07-25,09:43:45,15.7807,26.81,25.25,2879,15257096.0,5.131775546232911e-05
2024-07-25,09:43:45,15.7855,26.81,25.25,2878,15257095.0,5.139990019482913e-05
2024-07-25,09:43:45,15.7904,26.81,25.25,2878,15257094.0,5.139990019482913e-05
2024-07-25,09:43:45,15.7955,26.81,25.25,2877,15257092.0,5.148217641704494e-05
2024-07-25,09:43:45,15.8006,26.81,25.25,2877,15257093.0,5.148217641704494e-05
2024-07-25,09:43:45,15.8055,26.81,25.25,2878,15257095.0,5.139990019482913e-05
2024-07-25,09:43:45,15.8105,26.81,25.25,2880,15257093.0,5.123574200940454e-05
2024-07-25,09:43:45,15.8155,26.81,25.25,2880,15257093.0,5.123574200940454e-05
2024-07-25,09:43:45,15.8205,26.81,25.25,2878,15257096.0,5.139990019482913e-05
2024-07-25,09:43:45,15.8256,26.81,25.25,2878,15257096.0,5.139990019482913e-05
2024-07-25,09:43:45,15.8306,26.81,25.25,2879,15257093.0,5.131775546232911e-05
2024-07-25,09:43:45,15.8356,26.81,25.25,2879,15257094.0,5.131775546232911e-05
2024-07-25,09:43:45,15.8406,26.81,25.25,2878,15257096.0,5.139990019482913e-05
2024-07-25,09:43:45,15.8456,26.81,25.25,2879,15257096.0,5.131775546232911e-05
2024-07-25,09:43:45,15.8505,26.81,25.25,2879,15257095.0,5.131775546232911e-05
2024-07-25,09:43:45,15.8555,26.81,25.25,2879,15257095.0,5.131775546232911e-05
2024-07-25,09:43:45,15.8605,26.81,25.25,2880,15257094.0,5.123574200940454e-05
2024-07-25,09:43:45,15.8655,26.81,25.25,2879,15257094.0,5.131775546232911e-05
2024-07-25,09:43:45,15.8705,26.81,25.25,2878,15257096.0,5.139990019482913e-05
2024-07-25,09:43:45,15.8755,26.81,25.25,2878,15257095.0,5.139990019482913e-05
2024-07-25,09:43:45,15.8805,26.81,25.25,2879,15257094.0,5.131775546232911e-05
2024-07-25,09:43:45,15.8855,26.81,25.25,2879,15257094.0,5.131775546232911e-05
2024-07-25,09:43:45,15.8905,26.81,25.25,2877,15257096.0,5.148217641704494e-05
2024-07-25,09:43:45,15.8956,26.81,25.25,2877,15257096.0,5.148217641704494e-05
2024-07-25,09:43:45,15.9007,26.81,25.25,2879,15257095.0,5.131775546232911e-05
2024-07-25,09:43:45,15.9057,26.81,25.25,2879,15257094.0,5.131775546232911e-05
2024-07-25,09:43:45,15.9107,26.81,25.25,2878,15257093.0,5.139990019482913e-05
2024-07-25,09:43:45,15.9157,26.81,25.25,2878,15257096.0,5.139990019482913e-05
2024-07-25,09:43:45,15.9207,26.81,25.25,2878,15257096.0,5.139990019482913e-05
2024-07-25,09:43:45,15.9257,26.81,25.25,2878,15257095.0,5.139990019482913e-05
2024-07-25,09:43:45,15.9307,26.81,25.25,2878,15257095.0,5.139990019482913e-05
2024-07-25,09:43:45,15.9357,26.81,25.25,2879,15257096.0,5.131775546232911e-05
2024-07-25,09:43:45,15.9407,26.81,25.25,2879,15257096.0,5.131775546232911e-05
2024-07-25,09:43:45,15.9457,26.81,25.25,2878,15257094.0,5.139990019482913e-05
2024-07-25,09:43:45,15.9506,26.81,25.25,2878,15257095.0,5.139990019482913e-05
2024-07-25,09:43:45,15.9556,26.81,25.25,2879,15257097.0,5.131775546232911e-05
2024-07-25,09:43:45,15.9606,26.81,25.25,2879,15257095.0,5.131775546232911e-05
2024-07-25,09:43:45,15.9656,26.81,25.25,2878,15257093.0,5.139990019482913e-05
2024-07-25,09:43:45,15.9706,26.81,25.25,2878,15257095.0,5.139990019482913e-05
2024-07-25,09:43:45,15.9756,26.81,25.25,2879,15257095.0,5.131775546232911e-05
2024-07-25,09:43:45,15.9806,26.81,25.25,2879,15257095.0,5.131775546232911e-05
2024-07-25,09:43:45,15.9857,26.81,25.25,2878,15257095.0,5.139990019482913e-05
2024-07-25,09:43:45,15.9908,26.81,25.25,2879,15257094.0,5.131775546232911e-05
2024-07-25,09:43:45,15.9957,26.81,25.25,2878,15257093.0,5.139990019482913e-05
2024-07-25,09:43:45,16.0006,26.81,25.25,2877,15257094.0,5.148217641704494e-05
2024-07-25,09:43:45,16.0057,26.81,25.25,2878,15257095.0,5.139990019482913e-05
2024-07-25,09:43:45,16.0108,26.81,25.25,2878,15257094.0,5.139990019482913e-05
2024-07-25,09:43:45,16.0158,26.81,25.25,2878,15257095.0,5.139990019482913e-05
2024-07-25,09:43:45,16.0208,26.81,25.25,2878,15257095.0,5.139990019482913e-05
2024-07-25,09:43:45,16.0258,26.81,25.25,2879,15257095.0,5.131775546232911e-05
2024-07-25,09:43:45,16.0308,26.81,25.25,2879,15257095.0,5.131775546232911e-05
2024-07-25,09:43:45,16.0358,26.81,25.25,2878,15257095.0,5.139990019482913e-05
2024-07-25,09:43:45,16.0408,26.81,25.25,2878,15257094.0,5.139990019482913e-05
2024-07-25,09:43:45,16.0457,26.81,25.25,2878,15257095.0,5.139990019482913e-05
2024-07-25,09:43:45,16.0507,26.81,25.25,2878,15257095.0,5.139990019482913e-05
2024-07-25,09:43:45,16.0557,26.81,25.25,2878,15257094.0,5.139990019482913e-05
2024-07-25,09:43:45,16.0607,26.81,25.25,2878,15257094.0,5.139990019482913e-05
2024-07-25,09:43:45,16.0657,26.81,25.25,2879,15257096.0,5.131775546232911e-05
2024-07-25,09:43:45,16.0708,26.81,25.25,2880,15257095.0,5.123574200940454e-05
2024-07-25,09:43:45,16.0758,26.81,25.25,2879,15257094.0,5.131775546232911e-05
2024-07-25,09:43:45,16.0807,26.81,25.25,2879,15257093.0,5.131775546232911e-05
2024-07-25,09:43:45,16.0857,26.81,25.25,2880,15257095.0,5.123574200940454e-05
2024-07-25,09:43:45,16.0907,26.81,25.25,2879,15257097.0,5.131775546232911e-05
2024-07-25,09:43:45,16.0957,26.81,25.25,2878,15257095.0,5.139990019482913e-05
2024-07-25,09:43:45,16.1007,26.81,25.25,2879,15257094.0,5.131775546232911e-05
2024-07-25,09:43:45,16.1058,26.81,25.25,2880,15257095.0,5.123574200940454e-05
2024-07-25,09:43:45,16.1109,26.81,25.25,2879,15257095.0,5.131775546232911e-05
2024-07-25,09:43:45,16.1159,26.81,25.25,2878,15257094.0,5.139990019482913e-05
2024-07-25,09:43:45,16.1209,26.81,25.25,2879,15257093.0,5.131775546232911e-05
2024-07-25,09:43:45,16.1259,26.81,25.25,2879,15257093.0,5.131775546232911e-05
2024-07-25,09:43:45,16.1309,26.81,25.25,2878,15257095.0,5.139990019482913e-05
2024-07-25,09:43:45,16.1359,26.81,25.25,2879,15257096.0,5.131775546232911e-05
2024-07-25,09:43:45,16.1409,26.81,25.25,2879,15257095.0,5.131775546232911e-05
2024-07-25,09:43:45,16.1458,26.81,25.25,2878,15257094.0,5.139990019482913e-05
2024-07-25,09:43:45,16.1508,26.81,25.25,2878,15257095.0,5.139990019482913e-05
2024-07-25,09:43:45,16.156,26.81,25.25,2878,15257095.0,5.139990019482913e-05
2024-07-25,09:43:45,16.1609,26.81,25.25,2878,15257095.0,5.139990019482913e-05
2024-07-25,09:43:45,16.1659,26.81,25.25,2878,15257095.0,5.139990019482913e-05
2024-07-25,09:43:45,16.1711,26.81,25.25,2878,15257095.0,5.139990019482913e-05
2024-07-25,09:43:45,16.1761,26.81,25.25,2878,15257095.0,5.139990019482913e-05
2024-07-25,09:43:45,16.181,26.81,25.25,2879,15257094.0,5.131775546232911e-05
2024-07-25,09:43:45,16.186,26.81,25.25,2879,15257094.0,5.131775546232911e-05
2024-07-25,09:43:45,16.191,26.81,25.25,2878,15257095.0,5.139990019482913e-05
2024-07-25,09:43:45,16.196,26.81,25.25,2878,15257094.0,5.139990019482913e-05
2024-07-25,09:43:45,16.201,26.81,25.25,2878,15257095.0,5.139990019482913e-05
2024-07-25,09:43:45,16.206,26.81,25.25,2879,15257095.0,5.131775546232911e-05
2024-07-25,09:43:45,16.211,26.81,25.25,2880,15257094.0,5.123574200940454e-05
2024-07-25,09:43:45,16.216,26.81,25.25,2879,15257094.0,5.131775546232911e-05
2024-07-25,09:43:45,16.221,26.81,25.25,2878,15257097.0,5.139990019482913e-05
2024-07-25,09:43:45,16.226,26.81,25.25,2878,15257096.0,5.139990019482913e-05
2024-07-25,09:43:45,16.231,26.81,25.25,2878,15257094.0,5.139990019482913e-05
2024-07-25,09:43:45,16.236,26.81,25.25,2878,15257095.0,5.139990019482913e-05
2024-07-25,09:43:45,16.2411,26.81,25.25,2878,15257096.0,5.139990019482913e-05
2024-07-25,09:43:45,16.2462,26.81,25.25,2878,15257095.0,5.139990019482913e-05
2024-07-25,09:43:45,16.2512,26.81,25.25,2879,15257095.0,5.131775546232911e-05
2024-07-25,09:43:45,16.2562,26.81,25.25,2879,15257095.0,5.131775546232911e-05
2024-07-25,09:43:45,16.2612,26.81,25.25,2878,15257094.0,5.139990019482913e-05
2024-07-25,09:43:45,16.2662,26.81,25.25,2878,15257096.0,5.139990019482913e-05
2024-07-25,09:43:45,16.2712,26.81,25.25,2878,15257097.0,5.139990019482913e-05
2024-07-25,09:43:45,16.2761,26.81,25.25,2878,15257096.0,5.139990019482913e-05
2024-07-25,09:43:45,16.2811,26.81,25.25,2878,15257094.0,5.139990019482913e-05
2024-07-25,09:43:45,16.2861,26.81,25.25,2879,15257095.0,5.131775546232911e-05
2024-07-25,09:43:45,16.2911,26.81,25.25,2880,15257095.0,5.123574200940454e-05
2024-07-25,09:43:45,16.2961,26.81,25.25,2879,15257094.0,5.131775546232911e-05
2024-07-25,09:43:45,16.3011,26.81,25.25,2878,15257095.0,5.139990019482913e-05
2024-07-25,09:43:45,16.3061,26.81,25.25,2879,15257096.0,5.131775546232911e-05
2024-07-25,09:43:45,16.3111,26.81,25.25,2879,15257096.0,5.131775546232911e-05
2024-07-25,09:43:45,16.3161,26.81,25.25,2878,15257094.0,5.139990019482913e-05
2024-07-25,09:43:45,16.3211,26.81,25.25,2878,15257094.0,5.139990019482913e-05
2024-07-25,09:43:45,16.3261,26.81,25.25,2879,15257096.0,5.131775546232911e-05
2024-07-25,09:43:45,16.3311,26.81,25.25,2880,15257096.0,5.123574200940454e-05
2024-07-25,09:43:45,16.3362,26.81,25.25,2880,15257096.0,5.123574200940454e-05
2024-07-25,09:43:45,16.3412,26.81,25.25,2880,15257094.0,5.123574200940454e-05
2024-07-25,09:43:45,16.346,26.81,25.25,2879,15257093.0,5.131775546232911e-05
2024-07-25,09:43:45,16.351,26.81,25.25,2878,15257095.0,5.139990019482913e-05
2024-07-25,09:43:45,16.3561,26.81,25.25,2880,15257097.0,5.123574200940454e-05
2024-07-25,09:43:45,16.3611,26.81,25.25,2880,15257096.0,5.123574200940454e-05
2024-07-25,09:43:45,16.366,26.81,25.25,2878,15257093.0,5.139990019482913e-05
2024-07-25,09:43:45,16.3711,26.81,25.25,2878,15257095.0,5.139990019482913e-05
2024-07-25,09:43:45,16.3762,26.81,25.25,2878,15257096.0,5.139990019482913e-05
2024-07-25,09:43:45,16.3812,26.81,25.25,2878,15257094.0,5.139990019482913e-05
2024-07-25,09:43:45,16.3862,26.81,25.25,2879,15257097.0,5.131775546232911e-05
2024-07-25,09:43:45,16.3912,26.81,25.25,2879,15257097.0,5.131775546232911e-05
2024-07-25,09:43:45,16.3962,26.81,25.25,2878,15257095.0,5.139990019482913e-05
2024-07-25,09:43:45,16.4012,26.81,25.25,2878,15257096.0,5.139990019482913e-05
2024-07-25,09:43:45,16.4062,26.81,25.25,2879,15257097.0,5.131775546232911e-05
2024-07-25,09:43:45,16.4112,26.81,25.25,2879,15257097.0,5.131775546232911e-05
2024-07-25,09:43:45,16.4163,26.81,25.25,2878,15257095.0,5.139990019482913e-05
2024-07-25,09:43:45,16.4213,26.81,25.25,2878,15257096.0,5.139990019482913e-05
2024-07-25,09:43:45,16.4263,26.81,25.25,2879,15257097.0,5.131775546232911e-05
2024-07-25,09:43:45,16.4314,26.81,25.25,2880,15257095.0,5.123574200940454e-05
2024-07-25,09:43:45,16.4364,26.81,25.25,2879,15257095.0,5.131775546232911e-05
2024-07-25,09:43:45,16.4414,26.81,25.25,2878,15257096.0,5.139990019482913e-05
2024-07-25,09:43:45,16.4464,26.81,25.25,2878,15257095.0,5.139990019482913e-05
2024-07-25,09:43:45,16.4514,26.81,25.25,2879,15257094.0,5.131775546232911e-05
2024-07-25,09:43:45,16.4564,26.81,25.25,2879,15257094.0,5.131775546232911e-05
2024-07-25,09:43:45,16.4614,26.81,25.25,2878,15257094.0,5.139990019482913e-05
2024-07-25,09:43:45,16.4664,26.81,25.25,2879,15257095.0,5.131775546232911e-05
2024-07-25,09:43:45,16.4713,26.81,25.25,2880,15257095.0,5.123574200940454e-05
2024-07-25,09:43:45,16.4763,26.81,25.25,2879,15257095.0,5.131775546232911e-05
2024-07-25,09:43:45,16.4813,26.81,25.25,2878,15257095.0,5.139990019482913e-05
2024-07-25,09:43:45,16.4863,26.81,25.25,2879,15257096.0,5.131775546232911e-05
2024-07-25,09:43:45,16.4913,26.81,25.25,2879,15257096.0,5.131775546232911e-05
2024-07-25,09:43:45,16.4963,26.81,25.25,2878,15257095.0,5.139990019482913e-05
2024-07-25,09:43:45,16.5013,26.81,25.25,2878,15257096.0,5.139990019482913e-05
2024-07-25,09:43:45,16.5063,26.81,25.25,2878,15257096.0,5.139990019482913e-05
2024-07-25,09:43:45,16.5113,26.81,25.25,2878,15257095.0,5.139990019482913e-05
2024-07-25,09:43:45,16.5163,26.81,25.25,2878,15257095.0,5.139990019482913e-05
2024-07-25,09:43:45,16.5214,26.81,25.25,2878,15257096.0,5.139990019482913e-05
2024-07-25,09:43:45,16.5265,26.81,25.25,2878,15257095.0,5.139990019482913e-05
2024-07-25,09:43:45,16.5315,26.81,25.25,2879,15257094.0,5.131775546232911e-05
2024-07-25,09:43:45,16.5365,26.81,25.25,2879,15257095.0,5.131775546232911e-05
2024-07-25,09:43:45,16.5415,26.81,25.25,2879,15257094.0,5.131775546232911e-05
2024-07-25,09:43:45,16.5465,26.81,25.25,2879,15257095.0,5.131775546232911e-05
2024-07-25,09:43:45,16.5513,26.81,25.25,2879,15257097.0,5.131775546232911e-05
2024-07-25,09:43:45,16.5563,26.81,25.25,2880,15257097.0,5.123574200940454e-05
2024-07-25,09:43:45,16.5615,26.81,25.25,2880,15257095.0,5.123574200940454e-05
2024-07-25,09:43:45,16.5665,26.81,25.25,2879,15257094.0,5.131775546232911e-05
2024-07-25,09:43:45,16.5714,26.81,25.25,2878,15257096.0,5.139990019482913e-05
2024-07-25,09:43:45,16.5764,26.81,25.25,2879,15257096.0,5.131775546232911e-05
2024-07-25,09:43:45,16.5814,26.81,25.25,2879,15257096.0,5.131775546232911e-05
2024-07-25,09:43:45,16.5864,26.81,25.25,2879,15257096.0,5.131775546232911e-05
2024-07-25,09:43:45,16.5914,26.81,25.25,2879,15257095.0,5.131775546232911e-05
2024-07-25,09:43:45,16.5964,26.81,25.25,2879,15257096.0,5.131775546232911e-05
2024-07-25,09:43:45,16.6014,26.81,25.25,2879,15257096.0,5.131775546232911e-05
2024-07-25,09:43:45,16.6064,26.81,25.25,2878,15257094.0,5.139990019482913e-05
2024-07-25,09:43:45,16.6114,26.81,25.25,2878,15257095.0,5.139990019482913e-05
2024-07-25,09:43:45,16.6164,26.81,25.25,2879,15257096.0,5.131775546232911e-05
2024-07-25,09:43:45,16.6214,26.81,25.25,2880,15257096.0,5.123574200940454e-05
2024-07-25,09:43:45,16.6264,26.81,25.25,2879,15257095.0,5.131775546232911e-05
2024-07-25,09:43:45,16.6313,26.81,25.25,2878,15257095.0,5.139990019482913e-05
2024-07-25,09:43:45,16.6365,26.81,25.25,2878,15257094.0,5.139990019482913e-05
2024-07-25,09:43:45,16.6415,26.81,25.25,2878,15257095.0,5.139990019482913e-05
2024-07-25,09:43:45,16.6465,26.81,25.25,2878,15257096.0,5.139990019482913e-05
2024-07-25,09:43:45,16.6516,26.81,25.25,2878,15257095.0,5.139990019482913e-05
2024-07-25,09:43:45,16.6566,26.81,25.25,2878,15257096.0,5.139990019482913e-05
2024-07-25,09:43:45,16.6616,26.81,25.25,2878,15257097.0,5.139990019482913e-05
2024-07-25,09:43:45,16.6665,26.81,25.25,2878,15257096.0,5.139990019482913e-05
2024-07-25,09:43:45,16.6715,26.81,25.25,2878,15257097.0,5.139990019482913e-05
2024-07-25,09:43:45,16.6765,26.81,25.25,2878,15257096.0,5.139990019482913e-05
2024-07-25,09:43:45,16.6815,26.81,25.25,2878,15257095.0,5.139990019482913e-05
2024-07-25,09:43:45,16.6866,26.81,25.25,2879,15257096.0,5.131775546232911e-05
2024-07-25,09:43:45,16.6918,26.81,25.25,2879,15257095.0,5.131775546232911e-05
2024-07-25,09:43:45,16.6966,26.81,25.25,2878,15257095.0,5.139990019482913e-05
2024-07-25,09:43:45,16.7016,26.81,25.25,2878,15257096.0,5.139990019482913e-05
2024-07-25,09:43:45,16.7067,26.81,25.25,2878,15257096.0,5.139990019482913e-05
2024-07-25,09:43:45,16.7117,26.81,25.25,2878,15257096.0,5.139990019482913e-05
2024-07-25,09:43:46,16.7167,26.81,25.25,2878,15257094.0,5.139990019482913e-05
2024-07-25,09:43:46,16.7217,26.81,25.25,2878,15257095.0,5.139990019482913e-05
2024-07-25,09:43:46,16.7267,26.81,25.25,2878,15257096.0,5.139990019482913e-05
2024-07-25,09:43:46,16.7317,26.81,25.25,2879,15257095.0,5.131775546232911e-05
2024-07-25,09:43:46,16.7367,26.81,25.25,2880,15257095.0,5.123574200940454e-05
2024-07-25,09:43:46,16.7417,26.81,25.25,2879,15257096.0,5.131775546232911e-05
2024-07-25,09:43:46,16.7467,26.81,25.25,2878,15257095.0,5.139990019482913e-05
2024-07-25,09:43:46,16.7517,26.81,25.25,2878,15257095.0,5.139990019482913e-05
2024-07-25,09:43:46,16.7567,26.81,25.25,2878,15257096.0,5.139990019482913e-05
2024-07-25,09:43:46,16.7618,26.81,25.25,2878,15257094.0,5.139990019482913e-05
2024-07-25,09:43:46,16.7668,26.81,25.25,2878,15257094.0,5.139990019482913e-05
2024-07-25,09:43:46,16.7716,26.81,25.25,2878,15257095.0,5.139990019482913e-05
2024-07-25,09:43:46,16.7766,26.81,25.25,2879,15257097.0,5.131775546232911e-05
2024-07-25,09:43:46,16.7816,26.81,25.25,2879,15257096.0,5.131775546232911e-05
2024-07-25,09:43:46,16.7867,26.81,25.25,2878,15257094.0,5.139990019482913e-05
2024-07-25,09:43:46,16.7917,26.81,25.25,2878,15257095.0,5.139990019482913e-05
2024-07-25,09:43:46,16.7967,26.81,25.25,2878,15257095.0,5.139990019482913e-05
2024-07-25,09:43:46,16.8018,26.81,25.25,2878,15257095.0,5.139990019482913e-05
2024-07-25,09:43:46,16.8068,26.81,25.25,2878,15257097.0,5.139990019482913e-05
2024-07-25,09:43:46,16.8118,26.81,25.25,2878,15257096.0,5.139990019482913e-05
2024-07-25,09:43:46,16.8168,26.81,25.25,2878,15257095.0,5.139990019482913e-05
2024-07-25,09:43:46,16.8218,26.81,25.25,2878,15257095.0,5.139990019482913e-05
2024-07-25,09:43:46,16.8268,26.81,25.25,2878,15257096.0,5.139990019482913e-05
2024-07-25,09:43:46,16.8318,26.81,25.25,2879,15257095.0,5.131775546232911e-05
2024-07-25,09:43:46,16.8368,26.81,25.25,2879,15257095.0,5.131775546232911e-05
2024-07-25,09:43:46,16.8418,26.81,25.25,2878,15257096.0,5.139990019482913e-05
2024-07-25,09:43:46,16.8468,26.81,25.25,2878,15257096.0,5.139990019482913e-05
2024-07-25,09:43:46,16.8518,26.81,25.25,2878,15257096.0,5.139990019482913e-05
2024-07-25,09:43:46,16.8568,26.81,25.25,2878,15257096.0,5.139990019482913e-05
2024-07-25,09:43:46,16.8617,26.81,25.25,2879,15257095.0,5.131775546232911e-05
2024-07-25,09:43:46,16.8667,26.81,25.25,2879,15257095.0,5.131775546232911e-05
2024-07-25,09:43:46,16.8717,26.81,25.25,2878,15257095.0,5.139990019482913e-05
2024-07-25,09:43:46,16.8769,26.81,25.25,2878,15257095.0,5.139990019482913e-05
2024-07-25,09:43:46,16.882,26.81,25.25,2879,15257095.0,5.131775546232911e-05
2024-07-25,09:43:46,16.887,26.81,25.25,2879,15257094.0,5.131775546232911e-05
2024-07-25,09:43:46,16.892,26.81,25.25,2878,15257094.0,5.139990019482913e-05
2024-07-25,09:43:46,16.8969,26.81,25.25,2878,15257094.0,5.139990019482913e-05
2024-07-25,09:43:46,16.9018,26.81,25.25,2878,15257095.0,5.139990019482913e-05
2024-07-25,09:43:46,16.9068,26.81,25.25,2878,15257097.0,5.139990019482913e-05
2024-07-25,09:43:46,16.9119,26.81,25.25,2878,15257097.0,5.139990019482913e-05
2024-07-25,09:43:46,16.9169,26.81,25.25,2878,15257096.0,5.139990019482913e-05
2024-07-25,09:43:46,16.9218,26.81,25.25,2879,15257095.0,5.131775546232911e-05
2024-07-25,09:43:46,16.9268,26.81,25.25,2879,15257095.0,5.131775546232911e-05
2024-07-25,09:43:46,16.9319,26.81,25.25,2877,15257095.0,5.148217641704494e-05
2024-07-25,09:43:46,16.9369,26.81,25.25,2878,15257097.0,5.139990019482913e-05
2024-07-25,09:43:46,16.9419,26.81,25.25,2878,15257097.0,5.139990019482913e-05
2024-07-25,09:43:46,16.9469,26.81,25.25,2876,15257094.0,5.156458433945303e-05
2024-07-25,09:43:46,16.9519,26.81,25.25,2877,15257095.0,5.148217641704494e-05
2024-07-25,09:43:46,16.9569,26.81,25.25,2879,15257097.0,5.131775546232911e-05
2024-07-25,09:43:46,16.9618,26.81,25.25,2879,15257095.0,5.131775546232911e-05
2024-07-25,09:43:46,16.9668,26.81,25.25,2877,15257093.0,5.148217641704494e-05
2024-07-25,09:43:46,16.9718,26.81,25.25,2878,15257094.0,5.139990019482913e-05
2024-07-25,09:43:46,16.9769,26.81,25.25,2880,15257096.0,5.123574200940454e-05
2024-07-25,09:43:46,16.9821,26.81,25.25,2879,15257095.0,5.131775546232911e-05
2024-07-25,09:43:46,16.9869,26.81,25.25,2878,15257093.0,5.139990019482913e-05
2024-07-25,09:43:46,16.9919,26.81,25.25,2878,15257095.0,5.139990019482913e-05
2024-07-25,09:43:46,16.997,26.81,25.25,2878,15257095.0,5.139990019482913e-05
2024-07-25,09:43:46,17.0019,26.81,25.25,2878,15257096.0,5.139990019482913e-05
2024-07-25,09:43:46,17.0069,26.81,25.25,2878,15257096.0,5.139990019482913e-05
2024-07-25,09:43:46,17.012,26.81,25.25,2877,15257096.0,5.148217641704494e-05
2024-07-25,09:43:46,17.017,26.81,25.25,2877,15257095.0,5.148217641704494e-05
2024-07-25,09:43:46,17.022,26.81,25.25,2878,15257095.0,5.139990019482913e-05
2024-07-25,09:43:46,17.027,26.81,25.25,2878,15257095.0,5.139990019482913e-05
2024-07-25,09:43:46,17.0321,26.81,25.25,2878,15257094.0,5.139990019482913e-05
2024-07-25,09:43:46,17.0371,26.81,25.25,2878,15257095.0,5.139990019482913e-05
2024-07-25,09:43:46,17.042,26.81,25.25,2878,15257097.0,5.139990019482913e-05
2024-07-25,09:43:46,17.047,26.81,25.25,2878,15257096.0,5.139990019482913e-05
2024-07-25,09:43:46,17.052,26.81,25.25,2878,15257096.0,5.139990019482913e-05
2024-07-25,09:43:46,17.0569,26.81,25.25,2878,15257095.0,5.139990019482913e-05
2024-07-25,09:43:46,17.0621,26.81,25.25,2878,15257095.0,5.139990019482913e-05
2024-07-25,09:43:46,17.0672,26.81,25.25,2878,15257095.0,5.139990019482913e-05
2024-07-25,09:43:46,17.0721,26.81,25.25,2878,15257095.0,5.139990019482913e-05
2024-07-25,09:43:46,17.077,26.81,25.25,2878,15257094.0,5.139990019482913e-05
2024-07-25,09:43:46,17.082,26.81,25.25,2878,15257095.0,5.139990019482913e-05
2024-07-25,09:43:46,17.087,26.81,25.25,2878,15257094.0,5.139990019482913e-05
2024-07-25,09:43:46,17.0921,26.81,25.25,2878,15257094.0,5.139990019482913e-05
2024-07-25,09:43:46,17.0971,26.81,25.25,2878,15257095.0,5.139990019482913e-05
2024-07-25,09:43:46,17.1021,26.81,25.25,2878,15257095.0,5.139990019482913e-05
2024-07-25,09:43:46,17.1071,26.81,25.25,2879,15257097.0,5.131775546232911e-05
2024-07-25,09:43:46,17.1121,26.81,25.25,2879,15257096.0,5.131775546232911e-05
2024-07-25,09:43:46,17.1171,26.81,25.25,2878,15257096.0,5.139990019482913e-05
2024-07-25,09:43:46,17.1221,26.81,25.25,2878,15257096.0,5.139990019482913e-05
2024-07-25,09:43:46,17.1271,26.81,25.25,2878,15257095.0,5.139990019482913e-05
2024-07-25,09:43:46,17.1322,26.81,25.25,2878,15257095.0,5.139990019482913e-05
2024-07-25,09:43:46,17.1373,26.81,25.25,2878,15257095.0,5.139990019482913e-05
2024-07-25,09:43:46,17.1422,26.81,25.25,2878,15257095.0,5.139990019482913e-05
2024-07-25,09:43:46,17.1472,26.81,25.25,2878,15257096.0,5.139990019482913e-05
2024-07-25,09:43:46,17.1523,26.81,25.25,2878,15257096.0,5.139990019482913e-05
2024-07-25,09:43:46,17.1573,26.81,25.25,2878,15257095.0,5.139990019482913e-05
2024-07-25,09:43:46,17.1623,26.81,25.25,2878,15257095.0,5.139990019482913e-05
2024-07-25,09:43:46,17.1673,26.81,25.25,2878,15257095.0,5.139990019482913e-05
2024-07-25,09:43:46,17.1723,26.81,25.25,2878,15257095.0,5.139990019482913e-05
2024-07-25,09:43:46,17.1773,26.81,25.25,2878,15257096.0,5.139990019482913e-05
2024-07-25,09:43:46,17.1823,26.81,25.25,2877,15257096.0,5.148217641704494e-05
2024-07-25,09:43:46,17.1873,26.81,25.25,2876,15257095.0,5.156458433945303e-05
2024-07-25,09:43:46,17.1922,26.81,25.25,2876,15257095.0,5.156458433945303e-05
2024-07-25,09:43:46,17.1972,26.81,25.25,2877,15257096.0,5.148217641704494e-05
2024-07-25,09:43:46,17.2022,26.81,25.25,2878,15257095.0,5.139990019482913e-05
2024-07-25,09:43:46,17.2073,26.81,25.25,2878,15257095.0,5.139990019482913e-05
2024-07-25,09:43:46,17.2125,26.81,25.25,2877,15257095.0,5.148217641704494e-05
2024-07-25,09:43:46,17.2175,26.81,25.25,2876,15257094.0,5.156458433945303e-05
2024-07-25,09:43:46,17.2225,26.81,25.25,2876,15257095.0,5.156458433945303e-05
2024-07-25,09:43:46,17.2274,26.81,25.25,2876,15257095.0,5.156458433945303e-05
2024-07-25,09:43:46,17.2324,26.81,25.25,2877,15257093.0,5.148217641704494e-05
2024-07-25,09:43:46,17.2374,26.81,25.25,2877,15257094.0,5.148217641704494e-05
2024-07-25,09:43:46,17.2424,26.81,25.25,2876,15257095.0,5.156458433945303e-05
2024-07-25,09:43:46,17.2474,26.81,25.25,2876,15257093.0,5.156458433945303e-05
2024-07-25,09:43:46,17.2524,26.81,25.25,2877,15257090.0,5.148217641704494e-05
2024-07-25,09:43:46,17.2574,26.81,25.25,2877,15257092.0,5.148217641704494e-05
2024-07-25,09:43:46,17.2624,26.81,25.25,2874,15257096.0,5.172979612843785e-05
2024-07-25,09:43:46,17.2675,26.81,25.25,2874,15257097.0,5.172979612843785e-05
2024-07-25,09:43:46,17.2726,26.81,25.25,2876,15257095.0,5.156458433945303e-05
2024-07-25,09:43:46,17.2776,26.81,25.25,2876,15257094.0,5.156458433945303e-05
2024-07-25,09:43:46,17.2826,26.81,25.25,2876,15257096.0,5.156458433945303e-05
2024-07-25,09:43:46,17.2876,26.81,25.25,2877,15257096.0,5.148217641704494e-05
2024-07-25,09:43:46,17.2925,26.81,25.25,2878,15257095.0,5.139990019482913e-05
2024-07-25,09:43:46,17.2975,26.81,25.25,2878,15257095.0,5.139990019482913e-05
2024-07-25,09:43:46,17.3026,26.81,25.25,2878,15257095.0,5.139990019482913e-05
2024-07-25,09:43:46,17.3076,26.81,25.25,2878,15257096.0,5.139990019482913e-05
2024-07-25,09:43:46,17.3126,26.81,25.25,2877,15257096.0,5.148217641704494e-05
2024-07-25,09:43:46,17.3176,26.81,25.25,2875,15257094.0,5.164712417286703e-05
2024-07-25,09:43:46,17.3225,26.81,25.25,2876,15257094.0,5.156458433945303e-05
2024-07-25,09:43:46,17.3275,26.81,25.25,2877,15257093.0,5.148217641704494e-05
2024-07-25,09:43:46,17.3325,26.81,25.25,2876,15257094.0,5.156458433945303e-05
2024-07-25,09:43:46,17.3375,26.81,25.25,2876,15257094.0,5.156458433945303e-05
2024-07-25,09:43:46,17.3425,26.81,25.25,2876,15257094.0,5.156458433945303e-05
2024-07-25,09:43:46,17.3475,26.81,25.25,2876,15257093.0,5.156458433945303e-05
2024-07-25,09:43:46,17.3525,26.81,25.25,2875,15257095.0,5.164712417286703e-05
2024-07-25,09:43:46,17.3576,26.81,25.25,2875,15257097.0,5.164712417286703e-05
2024-07-25,09:43:46,17.3627,26.81,25.25,2876,15257095.0,5.156458433945303e-05
2024-07-25,09:43:46,17.3677,26.81,25.25,2876,15257094.0,5.156458433945303e-05
2024-07-25,09:43:46,17.3727,26.81,25.25,2876,15257095.0,5.156458433945303e-05
2024-07-25,09:43:46,17.3777,26.81,25.25,2876,15257095.0,5.156458433945303e-05
2024-07-25,09:43:46,17.3827,26.81,25.25,2877,15257093.0,5.148217641704494e-05
2024-07-25,09:43:46,17.3877,26.81,25.25,2877,15257093.0,5.148217641704494e-05
2024-07-25,09:43:46,17.3927,26.81,25.25,2876,15257095.0,5.156458433945303e-05
2024-07-25,09:43:46,17.3977,26.81,25.25,2876,15257096.0,5.156458433945303e-05
2024-07-25,09:43:46,17.4028,26.81,25.25,2876,15257095.0,5.156458433945303e-05
2024-07-25,09:43:46,17.4079,26.81,25.25,2877,15257095.0,5.148217641704494e-05
2024-07-25,09:43:46,17.4128,26.81,25.25,2878,15257094.0,5.139990019482913e-05
2024-07-25,09:43:46,17.4177,26.81,25.25,2877,15257092.0,5.148217641704494e-05
2024-07-25,09:43:46,17.4228,26.81,25.25,2876,15257094.0,5.156458433945303e-05
2024-07-25,09:43:46,17.4279,26.81,25.25,2877,15257095.0,5.148217641704494e-05
2024-07-25,09:43:46,17.4329,26.81,25.25,2878,15257095.0,5.139990019482913e-05
2024-07-25,09:43:46,17.4379,26.81,25.25,2877,15257095.0,5.148217641704494e-05
2024-07-25,09:43:46,17.4429,26.81,25.25,2876,15257095.0,5.156458433945303e-05
2024-07-25,09:43:46,17.4479,26.81,25.25,2876,15257094.0,5.156458433945303e-05
2024-07-25,09:43:46,17.4529,26.81,25.25,2876,15257094.0,5.156458433945303e-05
2024-07-25,09:43:46,17.4578,26.81,25.25,2876,15257094.0,5.156458433945303e-05
2024-07-25,09:43:46,17.4628,26.81,25.25,2876,15257095.0,5.156458433945303e-05
2024-07-25,09:43:46,17.4678,26.81,25.25,2876,15257094.0,5.156458433945303e-05
2024-07-25,09:43:46,17.4728,26.81,25.25,2877,15257094.0,5.148217641704494e-05
2024-07-25,09:43:46,17.4779,26.81,25.25,2878,15257096.0,5.139990019482913e-05
2024-07-25,09:43:46,17.4829,26.81,25.25,2877,15257094.0,5.148217641704494e-05
2024-07-25,09:43:46,17.4879,26.81,25.25,2876,15257093.0,5.156458433945303e-05
2024-07-25,09:43:46,17.4929,26.81,25.25,2876,15257095.0,5.156458433945303e-05
2024-07-25,09:43:46,17.4979,26.81,25.25,2876,15257094.0,5.156458433945303e-05
2024-07-25,09:43:46,17.503,26.81,25.25,2876,15257094.0,5.156458433945303e-05
2024-07-25,09:43:46,17.508,26.81,25.25,2876,15257095.0,5.156458433945303e-05
2024-07-25,09:43:46,17.513,26.81,25.25,2876,15257094.0,5.156458433945303e-05
2024-07-25,09:43:46,17.518,26.81,25.25,2876,15257093.0,5.156458433945303e-05
2024-07-25,09:43:46,17.523,26.81,25.25,2876,15257094.0,5.156458433945303e-05
2024-07-25,09:43:46,17.528,26.81,25.25,2876,15257094.0,5.156458433945303e-05
2024-07-25,09:43:46,17.533,26.81,25.25,2875,15257095.0,5.164712417286703e-05
2024-07-25,09:43:46,17.5381,26.81,25.25,2875,15257095.0,5.164712417286703e-05
2024-07-25,09:43:46,17.5431,26.81,25.25,2876,15257094.0,5.156458433945303e-05
2024-07-25,09:43:46,17.5481,26.81,25.25,2875,15257094.0,5.164712417286703e-05
2024-07-25,09:43:46,17.5532,26.88,25.25,2876,15257093.0,5.156458433945303e-05
2024-07-25,09:43:46,17.5582,26.88,25.25,2877,15257094.0,5.148217641704494e-05
2024-07-25,09:43:46,17.5632,26.88,25.25,2876,15257093.0,5.156458433945303e-05
2024-07-25,09:43:46,17.5682,26.88,25.25,2876,15257093.0,5.156458433945303e-05
2024-07-25,09:43:46,17.5732,26.88,25.25,2876,15257094.0,5.156458433945303e-05
2024-07-25,09:43:46,17.5782,26.88,25.25,2876,15257095.0,5.156458433945303e-05
2024-07-25,09:43:46,17.5832,26.88,25.25,2876,15257094.0,5.156458433945303e-05
2024-07-25,09:43:46,17.5881,26.88,25.25,2876,15257094.0,5.156458433945303e-05
2024-07-25,09:43:46,17.5931,26.88,25.25,2876,15257095.0,5.156458433945303e-05
2024-07-25,09:43:46,17.5983,26.88,25.25,2876,15257095.0,5.156458433945303e-05
2024-07-25,09:43:46,17.6034,26.88,25.25,2876,15257094.0,5.156458433945303e-05
2024-07-25,09:43:46,17.6084,26.88,25.25,2875,15257092.0,5.164712417286703e-05
2024-07-25,09:43:46,17.6134,26.88,25.25,2875,15257092.0,5.164712417286703e-05
2024-07-25,09:43:46,17.6184,26.88,25.25,2875,15257092.0,5.164712417286703e-05
2024-07-25,09:43:46,17.6233,26.88,25.25,2875,15257093.0,5.164712417286703e-05
2024-07-25,09:43:46,17.6283,26.88,25.25,2875,15257094.0,5.164712417286703e-05
2024-07-25,09:43:46,17.6333,26.88,25.25,2874,15257094.0,5.172979612843785e-05
2024-07-25,09:43:46,17.6385,26.88,25.25,2875,15257094.0,5.164712417286703e-05
2024-07-25,09:43:46,17.6436,26.88,25.25,2876,15257093.0,5.156458433945303e-05
2024-07-25,09:43:46,17.6486,26.88,25.25,2876,15257093.0,5.156458433945303e-05
2024-07-25,09:43:46,17.6536,26.88,25.25,2876,15257094.0,5.156458433945303e-05
2024-07-25,09:43:46,17.6585,26.88,25.25,2876,15257094.0,5.156458433945303e-05
2024-07-25,09:43:46,17.6635,26.88,25.25,2876,15257094.0,5.156458433945303e-05
2024-07-25,09:43:46,17.6685,26.88,25.25,2875,15257092.0,5.164712417286703e-05
2024-07-25,09:43:46,17.6735,26.88,25.25,2875,15257092.0,5.164712417286703e-05
2024-07-25,09:43:46,17.6786,26.88,25.25,2876,15257093.0,5.156458433945303e-05
2024-07-25,09:43:46,17.6838,26.88,25.25,2876,15257093.0,5.156458433945303e-05
2024-07-25,09:43:46,17.6888,26.88,25.25,2875,15257093.0,5.164712417286703e-05
2024-07-25,09:43:46,17.6937,26.88,25.25,2874,15257094.0,5.172979612843785e-05
2024-07-25,09:43:46,17.6987,26.88,25.25,2874,15257093.0,5.172979612843785e-05
2024-07-25,09:43:46,17.7036,26.88,25.25,2874,15257094.0,5.172979612843785e-05
2024-07-25,09:43:46,17.7086,26.88,25.25,2875,15257095.0,5.164712417286703e-05
2024-07-25,09:43:46,17.7137,26.88,25.25,2875,15257093.0,5.164712417286703e-05
2024-07-25,09:43:47,17.7187,26.88,25.25,2874,15257092.0,5.172979612843785e-05
2024-07-25,09:43:47,17.7238,26.88,25.25,2874,15257093.0,5.172979612843785e-05
2024-07-25,09:43:47,17.7289,26.88,25.25,2874,15257093.0,5.172979612843785e-05
2024-07-25,09:43:47,17.7339,26.88,25.25,2874,15257092.0,5.172979612843785e-05
2024-07-25,09:43:47,17.7389,26.88,25.25,2874,15257093.0,5.172979612843785e-05
2024-07-25,09:43:47,17.7439,26.88,25.25,2874,15257093.0,5.172979612843785e-05
2024-07-25,09:43:47,17.7489,26.88,25.25,2875,15257094.0,5.164712417286703e-05
2024-07-25,09:43:47,17.7539,26.88,25.25,2875,15257094.0,5.164712417286703e-05
2024-07-25,09:43:47,17.7589,26.88,25.25,2874,15257092.0,5.172979612843785e-05
2024-07-25,09:43:47,17.7639,26.88,25.25,2874,15257092.0,5.172979612843785e-05
2024-07-25,09:43:47,17.769,26.88,25.25,2874,15257094.0,5.172979612843785e-05
2024-07-25,09:43:47,17.774,26.88,25.25,2874,15257094.0,5.172979612843785e-05
2024-07-25,09:43:47,17.779,26.88,25.25,2874,15257094.0,5.172979612843785e-05
2024-07-25,09:43:47,17.784,26.88,25.25,2874,15257094.0,5.172979612843785e-05
2024-07-25,09:43:47,17.789,26.88,25.25,2874,15257093.0,5.172979612843785e-05
2024-07-25,09:43:47,17.7941,26.88,25.25,2874,15257094.0,5.172979612843785e-05
2024-07-25,09:43:47,17.7991,26.88,25.25,2873,15257093.0,5.181260041765453e-05
2024-07-25,09:43:47,17.8041,26.88,25.25,2874,15257091.0,5.172979612843785e-05
2024-07-25,09:43:47,17.8092,26.88,25.25,2876,15257092.0,5.156458433945303e-05
2024-07-25,09:43:47,17.8142,26.88,25.25,2875,15257093.0,5.164712417286703e-05
2024-07-25,09:43:47,17.8192,26.88,25.25,2874,15257091.0,5.172979612843785e-05
2024-07-25,09:43:47,17.8243,26.88,25.25,2874,15257093.0,5.172979612843785e-05
2024-07-25,09:43:47,17.8293,26.88,25.25,2874,15257093.0,5.172979612843785e-05
2024-07-25,09:43:47,17.8343,26.88,25.25,2874,15257093.0,5.172979612843785e-05
2024-07-25,09:43:47,17.8393,26.88,25.25,2874,15257093.0,5.172979612843785e-05
2024-07-25,09:43:47,17.8443,26.88,25.25,2873,15257093.0,5.181260041765453e-05
2024-07-25,09:43:47,17.8493,26.88,25.25,2872,15257092.0,5.189553725234449e-05
2024-07-25,09:43:47,17.8543,26.88,25.25,2873,15257092.0,5.181260041765453e-05
2024-07-25,09:43:47,17.8594,26.88,25.25,2874,15257093.0,5.172979612843785e-05
2024-07-25,09:43:47,17.8644,26.88,25.25,2874,15257093.0,5.172979612843785e-05
2024-07-25,09:43:47,17.8694,26.88,25.25,2873,15257092.0,5.181260041765453e-05
2024-07-25,09:43:47,17.8745,26.88,25.25,2873,15257092.0,5.181260041765453e-05
2024-07-25,09:43:47,17.8795,26.88,25.25,2874,15257092.0,5.172979612843785e-05
2024-07-25,09:43:47,17.8845,26.88,25.25,2874,15257092.0,5.172979612843785e-05
2024-07-25,09:43:47,17.8895,26.88,25.25,2873,15257092.0,5.181260041765453e-05
2024-07-25,09:43:47,17.8945,26.88,25.25,2873,15257092.0,5.181260041765453e-05
2024-07-25,09:43:47,17.8994,26.88,25.25,2873,15257092.0,5.181260041765453e-05
2024-07-25,09:43:47,17.9046,26.88,25.25,2873,15257092.0,5.181260041765453e-05
2024-07-25,09:43:47,17.9097,26.88,25.25,2874,15257093.0,5.172979612843785e-05
2024-07-25,09:43:47,17.9147,26.88,25.25,2874,15257093.0,5.172979612843785e-05
2024-07-25,09:43:47,17.9197,26.88,25.25,2874,15257093.0,5.172979612843785e-05
2024-07-25,09:43:47,17.9247,26.88,25.25,2874,15257094.0,5.172979612843785e-05
2024-07-25,09:43:47,17.9297,26.88,25.25,2873,15257092.0,5.181260041765453e-05
2024-07-25,09:43:47,17.9346,26.88,25.25,2873,15257092.0,5.181260041765453e-05
2024-07-25,09:43:47,17.9398,26.88,25.25,2874,15257091.0,5.172979612843785e-05
2024-07-25,09:43:47,17.9449,26.88,25.25,2873,15257091.0,5.181260041765453e-05
2024-07-25,09:43:47,17.9499,26.88,25.25,2873,15257092.0,5.181260041765453e-05
2024-07-25,09:43:47,17.9549,26.88,25.25,2874,15257092.0,5.172979612843785e-05
2024-07-25,09:43:47,17.9599,26.88,25.25,2873,15257092.0,5.181260041765453e-05
2024-07-25,09:43:47,17.9649,26.88,25.25,2872,15257092.0,5.189553725234449e-05
2024-07-25,09:43:47,17.9698,26.88,25.25,2873,15257093.0,5.181260041765453e-05
2024-07-25,09:43:47,17.9748,26.88,25.25,2874,15257092.0,5.172979612843785e-05
2024-07-25,09:43:47,17.9798,26.88,25.25,2873,15257090.0,5.181260041765453e-05
2024-07-25,09:43:47,17.9848,26.88,25.25,2873,15257091.0,5.181260041765453e-05
2024-07-25,09:43:47,17.9899,26.88,25.25,2873,15257091.0,5.181260041765453e-05
2024-07-25,09:43:47,17.9951,26.88,25.25,2873,15257090.0,5.181260041765453e-05
2024-07-25,09:43:47,18.0001,26.88,25.25,2873,15257090.0,5.181260041765453e-05
2024-07-25,09:43:47,18.005,26.88,25.25,2872,15257092.0,5.189553725234449e-05
2024-07-25,09:43:47,18.01,26.88,25.25,2872,15257092.0,5.189553725234449e-05
2024-07-25,09:43:47,18.0152,26.88,25.25,2873,15257091.0,5.181260041765453e-05
2024-07-25,09:43:47,18.0201,26.88,25.25,2873,15257091.0,5.181260041765453e-05
2024-07-25,09:43:47,18.0251,26.88,25.25,2872,15257091.0,5.189553725234449e-05
2024-07-25,09:43:47,18.0303,26.88,25.25,2872,15257090.0,5.189553725234449e-05
2024-07-25,09:43:47,18.0353,26.88,25.25,2873,15257090.0,5.181260041765453e-05
2024-07-25,09:43:47,18.0402,26.88,25.25,2874,15257092.0,5.172979612843785e-05
2024-07-25,09:43:47,18.0452,26.88,25.25,2873,15257091.0,5.181260041765453e-05
2024-07-25,09:43:47,18.0504,26.88,25.25,2872,15257091.0,5.189553725234449e-05
2024-07-25,09:43:47,18.0553,26.88,25.25,2873,15257090.0,5.181260041765453e-05
2024-07-25,09:43:47,18.0603,26.88,25.25,2873,15257091.0,5.181260041765453e-05
2024-07-25,09:43:47,18.0655,26.88,25.25,2872,15257092.0,5.189553725234449e-05
2024-07-25,09:43:47,18.0705,26.88,25.25,2873,15257093.0,5.181260041765453e-05
2024-07-25,09:43:47,18.0754,26.88,25.25,2874,15257090.0,5.172979612843785e-05
2024-07-25,09:43:47,18.0804,26.88,25.25,2873,15257090.0,5.181260041765453e-05
2024-07-25,09:43:47,18.0854,26.88,25.25,2872,15257093.0,5.189553725234449e-05
2024-07-25,09:43:47,18.0904,26.88,25.25,2872,15257091.0,5.189553725234449e-05
2024-07-25,09:43:47,18.0955,26.88,25.25,2873,15257090.0,5.181260041765453e-05
2024-07-25,09:43:47,18.1007,26.88,25.25,2872,15257089.0,5.189553725234449e-05
2024-07-25,09:43:47,18.1057,26.88,25.25,2871,15257089.0,5.19786068446744e-05
2024-07-25,09:43:47,18.1106,26.88,25.25,2872,15257090.0,5.189553725234449e-05
2024-07-25,09:43:47,18.1156,26.88,25.25,2872,15257090.0,5.189553725234449e-05
2024-07-25,09:43:47,18.1208,26.88,25.25,2872,15257092.0,5.189553725234449e-05
2024-07-25,09:43:47,18.1257,26.88,25.25,2872,15257090.0,5.189553725234449e-05
2024-07-25,09:43:47,18.1307,26.88,25.25,2872,15257090.0,5.189553725234449e-05
2024-07-25,09:43:47,18.1359,26.88,25.25,2872,15257091.0,5.189553725234449e-05
2024-07-25,09:43:47,18.1409,26.88,25.25,2872,15257090.0,5.189553725234449e-05
2024-07-25,09:43:47,18.1458,26.88,25.25,2872,15257090.0,5.189553725234449e-05
2024-07-25,09:43:47,18.1508,26.88,25.25,2871,15257090.0,5.19786068446744e-05
2024-07-25,09:43:47,18.156,26.88,25.25,2870,15257090.0,5.206180940715033e-05
2024-07-25,09:43:47,18.1609,26.88,25.25,2870,15257090.0,5.206180940715033e-05
2024-07-25,09:43:47,18.1659,26.88,25.25,2871,15257089.0,5.19786068446744e-05
2024-07-25,09:43:47,18.1711,26.88,25.25,2871,15257089.0,5.19786068446744e-05
2024-07-25,09:43:47,18.1761,26.88,25.25,2871,15257089.0,5.19786068446744e-05
2024-07-25,09:43:47,18.181,26.88,25.25,2871,15257090.0,5.19786068446744e-05
2024-07-25,09:43:47,18.186,26.88,25.25,2871,15257089.0,5.19786068446744e-05
2024-07-25,09:43:47,18.191,26.88,25.25,2871,15257088.0,5.19786068446744e-05
2024-07-25,09:43:47,18.196,26.88,25.25,2871,15257088.0,5.19786068446744e-05
2024-07-25,09:43:47,18.201,26.88,25.25,2872,15257090.0,5.189553725234449e-05
2024-07-25,09:43:47,18.206,26.88,25.25,2871,15257090.0,5.19786068446744e-05
2024-07-25,09:43:47,18.2111,26.88,25.25,2869,15257088.0,5.214514515261877e-05
2024-07-25,09:43:47,18.2162,26.88,25.25,2869,15257089.0,5.214514515261877e-05
2024-07-25,09:43:47,18.2212,26.88,25.25,2871,15257092.0,5.19786068446744e-05
2024-07-25,09:43:47,18.2262,26.88,25.25,2872,15257089.0,5.189553725234449e-05
2024-07-25,09:43:47,18.2312,26.88,25.25,2871,15257088.0,5.19786068446744e-05
2024-07-25,09:43:47,18.2362,26.88,25.25,2871,15257088.0,5.19786068446744e-05
2024-07-25,09:43:47,18.2412,26.88,25.25,2871,15257088.0,5.19786068446744e-05
2024-07-25,09:43:47,18.2463,26.88,25.25,2871,15257088.0,5.19786068446744e-05
2024-07-25,09:43:47,18.2513,26.88,25.25,2871,15257089.0,5.19786068446744e-05
2024-07-25,09:43:47,18.2563,26.88,25.25,2870,15257089.0,5.206180940715033e-05
2024-07-25,09:43:47,18.2614,26.88,25.25,2869,15257088.0,5.214514515261877e-05
2024-07-25,09:43:47,18.2664,26.88,25.25,2869,15257088.0,5.214514515261877e-05
2024-07-25,09:43:47,18.2714,26.88,25.25,2870,15257090.0,5.206180940715033e-05
2024-07-25,09:43:47,18.2764,26.88,25.25,2871,15257089.0,5.19786068446744e-05
2024-07-25,09:43:47,18.2814,26.88,25.25,2871,15257089.0,5.19786068446744e-05
2024-07-25,09:43:47,18.2864,26.88,25.25,2870,15257090.0,5.206180940715033e-05
2024-07-25,09:43:47,18.2914,26.88,25.25,2869,15257088.0,5.214514515261877e-05
2024-07-25,09:43:47,18.2965,26.88,25.25,2869,15257087.0,5.214514515261877e-05
2024-07-25,09:43:47,18.3015,26.88,25.25,2871,15257090.0,5.19786068446744e-05
2024-07-25,09:43:47,18.3064,26.88,25.25,2872,15257090.0,5.189553725234449e-05
2024-07-25,09:43:47,18.3113,26.88,25.25,2871,15257088.0,5.19786068446744e-05
2024-07-25,09:43:47,18.3165,26.88,25.25,2870,15257088.0,5.206180940715033e-05
2024-07-25,09:43:47,18.3216,26.88,25.25,2870,15257087.0,5.206180940715033e-05
2024-07-25,09:43:47,18.3266,26.88,25.25,2870,15257087.0,5.206180940715033e-05
2024-07-25,09:43:47,18.3316,26.88,25.25,2870,15257088.0,5.206180940715033e-05
2024-07-25,09:43:47,18.3366,26.88,25.25,2870,15257088.0,5.206180940715033e-05
2024-07-25,09:43:47,18.3416,26.88,25.25,2869,15257087.0,5.214514515261877e-05
2024-07-25,09:43:47,18.3465,26.88,25.25,2870,15257087.0,5.206180940715033e-05
2024-07-25,09:43:47,18.3517,26.88,25.25,2871,15257089.0,5.19786068446744e-05
2024-07-25,09:43:47,18.3568,26.88,25.25,2870,15257087.0,5.206180940715033e-05
2024-07-25,09:43:47,18.3618,26.88,25.25,2869,15257086.0,5.214514515261877e-05
2024-07-25,09:43:47,18.3668,26.88,25.25,2869,15257088.0,5.214514515261877e-05
2024-07-25,09:43:47,18.3718,26.88,25.25,2870,15257088.0,5.206180940715033e-05
2024-07-25,09:43:47,18.3768,26.88,25.25,2870,15257087.0,5.206180940715033e-05
2024-07-25,09:43:47,18.3817,26.88,25.25,2869,15257087.0,5.214514515261877e-05
2024-07-25,09:43:47,18.3867,26.88,25.25,2869,15257087.0,5.214514515261877e-05
2024-07-25,09:43:47,18.3917,26.88,25.25,2870,15257088.0,5.206180940715033e-05
2024-07-25,09:43:47,18.3967,26.88,25.25,2870,15257088.0,5.206180940715033e-05
2024-07-25,09:43:47,18.4018,26.88,25.25,2870,15257088.0,5.206180940715033e-05
2024-07-25,09:43:47,18.407,26.88,25.25,2871,15257086.0,5.19786068446744e-05
2024-07-25,09:43:47,18.412,26.88,25.25,2870,15257085.0,5.206180940715033e-05
2024-07-25,09:43:47,18.4169,26.88,25.25,2868,15257088.0,5.222861429426665e-05
2024-07-25,09:43:47,18.4219,26.88,25.25,2869,15257088.0,5.214514515261877e-05
2024-07-25,09:43:47,18.4271,26.88,25.25,2871,15257085.0,5.19786068446744e-05
2024-07-25,09:43:47,18.4321,26.88,25.25,2871,15257087.0,5.19786068446744e-05
2024-07-25,09:43:47,18.437,26.88,25.25,2870,15257088.0,5.206180940715033e-05
2024-07-25,09:43:47,18.4422,26.88,25.25,2869,15257087.0,5.214514515261877e-05
2024-07-25,09:43:47,18.4472,26.88,25.25,2869,15257087.0,5.214514515261877e-05
2024-07-25,09:43:47,18.4521,26.88,25.25,2869,15257087.0,5.214514515261877e-05
2024-07-25,09:43:47,18.4571,26.88,25.25,2869,15257086.0,5.214514515261877e-05
2024-07-25,09:43:47,18.4621,26.88,25.25,2869,15257086.0,5.214514515261877e-05
2024-07-25,09:43:47,18.4673,26.88,25.25,2869,15257087.0,5.214514515261877e-05
2024-07-25,09:43:47,18.4722,26.88,25.25,2869,15257086.0,5.214514515261877e-05
2024-07-25,09:43:47,18.4772,26.88,25.25,2868,15257087.0,5.222861429426665e-05
2024-07-25,09:43:47,18.4824,26.88,25.25,2869,15257089.0,5.214514515261877e-05
2024-07-25,09:43:47,18.4873,26.88,25.25,2870,15257086.0,5.206180940715033e-05
2024-07-25,09:43:47,18.4923,26.88,25.25,2869,15257084.0,5.214514515261877e-05
2024-07-25,09:43:47,18.4973,26.88,25.25,2869,15257086.0,5.214514515261877e-05
2024-07-25,09:43:47,18.5023,26.88,25.25,2869,15257087.0,5.214514515261877e-05
2024-07-25,09:43:47,18.5073,26.88,25.25,2868,15257087.0,5.222861429426665e-05
2024-07-25,09:43:47,18.5123,26.88,25.25,2868,15257087.0,5.222861429426665e-05
2024-07-25,09:43:47,18.5174,26.88,25.25,2869,15257087.0,5.214514515261877e-05
2024-07-25,09:43:47,18.5225,26.88,25.25,2869,15257087.0,5.214514515261877e-05
2024-07-25,09:43:47,18.5275,26.88,25.25,2869,15257087.0,5.214514515261877e-05
2024-07-25,09:43:47,18.5325,26.88,25.25,2869,15257087.0,5.214514515261877e-05
2024-07-25,09:43:47,18.5375,26.88,25.25,2869,15257087.0,5.214514515261877e-05
2024-07-25,09:43:47,18.5425,26.88,25.25,2869,15257086.0,5.214514515261877e-05
2024-07-25,09:43:47,18.5475,26.88,25.25,2869,15257086.0,5.214514515261877e-05
2024-07-25,09:43:47,18.5525,26.88,25.25,2868,15257085.0,5.222861429426665e-05
2024-07-25,09:43:47,18.5576,26.81,25.25,2868,15257084.0,5.222861429426665e-05
2024-07-25,09:43:47,18.5627,26.81,25.25,2869,15257086.0,5.214514515261877e-05
2024-07-25,09:43:47,18.5677,26.81,25.25,2868,15257087.0,5.222861429426665e-05
2024-07-25,09:43:47,18.5727,26.81,25.25,2868,15257085.0,5.222861429426665e-05
2024-07-25,09:43:47,18.5777,26.81,25.25,2869,15257085.0,5.214514515261877e-05
2024-07-25,09:43:47,18.5827,26.81,25.25,2869,15257086.0,5.214514515261877e-05
2024-07-25,09:43:47,18.5878,26.81,25.25,2869,15257086.0,5.214514515261877e-05
2024-07-25,09:43:47,18.5929,26.81,25.25,2869,15257085.0,5.214514515261877e-05
2024-07-25,09:43:47,18.5979,26.81,25.25,2868,15257085.0,5.222861429426665e-05
2024-07-25,09:43:47,18.6029,26.81,25.25,2867,15257084.0,5.23122170456224e-05
2024-07-25,09:43:47,18.6081,26.81,25.25,2868,15257084.0,5.222861429426665e-05
2024-07-25,09:43:47,18.6132,26.81,25.25,2869,15257086.0,5.214514515261877e-05
2024-07-25,09:43:47,18.6182,26.81,25.25,2868,15257085.0,5.222861429426665e-05
2024-07-25,09:43:47,18.623,26.81,25.25,2867,15257084.0,5.23122170456224e-05
2024-07-25,09:43:47,18.628,26.81,25.25,2867,15257085.0,5.23122170456224e-05
2024-07-25,09:43:47,18.6331,26.81,25.25,2868,15257087.0,5.222861429426665e-05
2024-07-25,09:43:47,18.6381,26.81,25.25,2868,15257086.0,5.222861429426665e-05
2024-07-25,09:43:47,18.6431,26.81,25.25,2867,15257084.0,5.23122170456224e-05
2024-07-25,09:43:47,18.6481,26.81,25.25,2867,15257085.0,5.23122170456224e-05
2024-07-25,09:43:47,18.6531,26.81,25.25,2868,15257086.0,5.222861429426665e-05
2024-07-25,09:43:47,18.6582,26.81,25.25,2869,15257086.0,5.214514515261877e-05
2024-07-25,09:43:47,18.6632,26.81,25.25,2868,15257084.0,5.222861429426665e-05
2024-07-25,09:43:47,18.6681,26.81,25.25,2867,15257083.0,5.23122170456224e-05
2024-07-25,09:43:47,18.6731,26.81,25.25,2867,15257084.0,5.23122170456224e-05
2024-07-25,09:43:47,18.6782,26.81,25.25,2867,15257086.0,5.23122170456224e-05
2024-07-25,09:43:47,18.6833,26.81,25.25,2867,15257085.0,5.23122170456224e-05
2024-07-25,09:43:47,18.6883,26.81,25.25,2867,15257083.0,5.23122170456224e-05
2024-07-25,09:43:47,18.6933,26.81,25.25,2868,15257085.0,5.222861429426665e-05
2024-07-25,09:43:47,18.6983,26.81,25.25,2868,15257086.0,5.222861429426665e-05
2024-07-25,09:43:47,18.7033,26.81,25.25,2867,15257085.0,5.23122170456224e-05
2024-07-25,09:43:47,18.7083,26.81,25.25,2867,15257086.0,5.23122170456224e-05
2024-07-25,09:43:47,18.7134,26.81,25.25,2868,15257086.0,5.222861429426665e-05
2024-07-25,09:43:47,18.7185,26.81,25.25,2867,15257086.0,5.23122170456224e-05
2024-07-25,09:43:48,18.7235,26.81,25.25,2866,15257084.0,5.2395953620556e-05
2024-07-25,09:43:48,18.7285,26.81,25.25,2867,15257084.0,5.23122170456224e-05
2024-07-25,09:43:48,18.7335,26.81,25.25,2867,15257085.0,5.23122170456224e-05
2024-07-25,09:43:48,18.7385,26.81,25.25,2867,15257083.0,5.23122170456224e-05
2024-07-25,09:43:48,18.7435,26.81,25.25,2867,15257083.0,5.23122170456224e-05
2024-07-25,09:43:48,18.7486,26.81,25.25,2866,15257083.0,5.2395953620556e-05
2024-07-25,09:43:48,18.7537,26.81,25.25,2865,15257082.0,5.247982423328003e-05
2024-07-25,09:43:48,18.7587,26.81,25.25,2867,15257083.0,5.23122170456224e-05
2024-07-25,09:43:48,18.7637,26.81,25.25,2869,15257085.0,5.214514515261877e-05
2024-07-25,09:43:48,18.7687,26.81,25.25,2867,15257084.0,5.23122170456224e-05
2024-07-25,09:43:48,18.7737,26.81,25.25,2866,15257083.0,5.2395953620556e-05
2024-07-25,09:43:48,18.7787,26.81,25.25,2867,15257085.0,5.23122170456224e-05
2024-07-25,09:43:48,18.7838,26.81,25.25,2867,15257085.0,5.23122170456224e-05
2024-07-25,09:43:48,18.7889,26.81,25.25,2867,15257083.0,5.23122170456224e-05
2024-07-25,09:43:48,18.7939,26.81,25.25,2868,15257085.0,5.222861429426665e-05
2024-07-25,09:43:48,18.7988,26.81,25.25,2868,15257085.0,5.222861429426665e-05
2024-07-25,09:43:48,18.8038,26.81,25.25,2866,15257082.0,5.2395953620556e-05
2024-07-25,09:43:48,18.8089,26.81,25.25,2866,15257081.0,5.2395953620556e-05
2024-07-25,09:43:48,18.8139,26.81,25.25,2867,15257083.0,5.23122170456224e-05
2024-07-25,09:43:48,18.8189,26.81,25.25,2867,15257082.0,5.23122170456224e-05
2024-07-25,09:43:48,18.8239,26.81,25.25,2866,15257081.0,5.2395953620556e-05
2024-07-25,09:43:48,18.8289,26.81,25.25,2865,15257084.0,5.247982423328003e-05
2024-07-25,09:43:48,18.834,26.81,25.25,2865,15257083.0,5.247982423328003e-05
2024-07-25,09:43:48,18.8391,26.81,25.25,2866,15257083.0,5.2395953620556e-05
2024-07-25,09:43:48,18.8441,26.81,25.25,2867,15257084.0,5.23122170456224e-05
2024-07-25,09:43:48,18.8491,26.81,25.25,2866,15257084.0,5.2395953620556e-05
2024-07-25,09:43:48,18.8541,26.81,25.25,2865,15257082.0,5.247982423328003e-05
2024-07-25,09:43:48,18.8592,26.81,25.25,2865,15257083.0,5.247982423328003e-05
2024-07-25,09:43:48,18.8643,26.81,25.25,2865,15257083.0,5.247982423328003e-05
2024-07-25,09:43:48,18.8693,26.81,25.25,2865,15257081.0,5.247982423328003e-05
2024-07-25,09:43:48,18.8743,26.81,25.25,2865,15257083.0,5.247982423328003e-05
2024-07-25,09:43:48,18.8793,26.81,25.25,2865,15257084.0,5.247982423328003e-05
2024-07-25,09:43:48,18.8843,26.81,25.25,2865,15257082.0,5.247982423328003e-05
2024-07-25,09:43:48,18.8893,26.81,25.25,2865,15257083.0,5.247982423328003e-05
2024-07-25,09:43:48,18.8943,26.81,25.25,2866,15257084.0,5.2395953620556e-05
2024-07-25,09:43:48,18.8993,26.81,25.25,2866,15257081.0,5.2395953620556e-05
2024-07-25,09:43:48,18.9042,26.81,25.25,2864,15257079.0,5.256382909834969e-05
2024-07-25,09:43:48,18.9094,26.81,25.25,2864,15257082.0,5.256382909834969e-05
2024-07-25,09:43:48,18.9145,26.81,25.25,2866,15257084.0,5.2395953620556e-05
2024-07-25,09:43:48,18.9195,26.81,25.25,2867,15257081.0,5.23122170456224e-05
2024-07-25,09:43:48,18.9245,26.81,25.25,2866,15257080.0,5.2395953620556e-05
2024-07-25,09:43:48,18.9295,26.81,25.25,2865,15257081.0,5.247982423328003e-05
2024-07-25,09:43:48,18.9345,26.81,25.25,2865,15257081.0,5.247982423328003e-05
2024-07-25,09:43:48,18.9394,26.81,25.25,2865,15257082.0,5.247982423328003e-05
2024-07-25,09:43:48,18.9444,26.81,25.25,2866,15257082.0,5.2395953620556e-05
2024-07-25,09:43:48,18.9496,26.81,25.25,2866,15257080.0,5.2395953620556e-05
2024-07-25,09:43:48,18.9547,26.81,25.25,2865,15257080.0,5.247982423328003e-05
2024-07-25,09:43:48,18.9597,26.81,25.25,2865,15257082.0,5.247982423328003e-05
2024-07-25,09:43:48,18.9647,26.81,25.25,2865,15257082.0,5.247982423328003e-05
2024-07-25,09:43:48,18.9697,26.81,25.25,2866,15257080.0,5.2395953620556e-05
2024-07-25,09:43:48,18.9746,26.81,25.25,2866,15257080.0,5.2395953620556e-05
2024-07-25,09:43:48,18.9796,26.81,25.25,2864,15257081.0,5.256382909834969e-05
2024-07-25,09:43:48,18.9846,26.81,25.25,2864,15257080.0,5.256382909834969e-05
2024-07-25,09:43:48,18.9897,26.81,25.25,2866,15257081.0,5.2395953620556e-05
2024-07-25,09:43:48,18.9947,26.81,25.25,2866,15257082.0,5.2395953620556e-05
2024-07-25,09:43:48,18.9997,26.81,25.25,2865,15257081.0,5.247982423328003e-05
2024-07-25,09:43:48,19.0049,26.81,25.25,2865,15257082.0,5.247982423328003e-05
2024-07-25,09:43:48,19.0098,26.81,25.25,2865,15257081.0,5.247982423328003e-05
2024-07-25,09:43:48,19.0148,26.81,25.25,2864,15257079.0,5.256382909834969e-05
2024-07-25,09:43:48,19.0198,26.81,25.25,2864,15257080.0,5.256382909834969e-05
2024-07-25,09:43:48,19.0248,26.81,25.25,2865,15257081.0,5.247982423328003e-05
2024-07-25,09:43:48,19.0298,26.81,25.25,2865,15257081.0,5.247982423328003e-05
2024-07-25,09:43:48,19.0348,26.81,25.25,2865,15257081.0,5.247982423328003e-05
2024-07-25,09:43:48,19.0398,26.81,25.25,2865,15257082.0,5.247982423328003e-05
2024-07-25,09:43:48,19.0448,26.81,25.25,2866,15257083.0,5.2395953620556e-05
2024-07-25,09:43:48,19.0499,26.81,25.25,2866,15257080.0,5.2395953620556e-05
2024-07-25,09:43:48,19.0549,26.81,25.25,2864,15257077.0,5.256382909834969e-05
2024-07-25,09:43:48,19.0599,26.88,25.25,2864,15257079.0,5.256382909834969e-05
2024-07-25,09:43:48,19.065,26.88,25.25,2864,15257080.0,5.256382909834969e-05
2024-07-25,09:43:48,19.07,26.88,25.25,2864,15257080.0,5.256382909834969e-05
2024-07-25,09:43:48,19.075,26.88,25.25,2865,15257081.0,5.247982423328003e-05
2024-07-25,09:43:48,19.0801,26.88,25.25,2865,15257080.0,5.247982423328003e-05
2024-07-25,09:43:48,19.0852,26.88,25.25,2865,15257080.0,5.247982423328003e-05
2024-07-25,09:43:48,19.0902,26.88,25.25,2865,15257081.0,5.247982423328003e-05
2024-07-25,09:43:48,19.0952,26.88,25.25,2864,15257080.0,5.256382909834969e-05
2024-07-25,09:43:48,19.1002,26.88,25.25,2865,15257078.0,5.247982423328003e-05
2024-07-25,09:43:48,19.1053,26.88,25.25,2865,15257078.0,5.247982423328003e-05
2024-07-25,09:43:48,19.1105,26.88,25.25,2864,15257078.0,5.256382909834969e-05
2024-07-25,09:43:48,19.1154,26.88,25.25,2864,15257079.0,5.256382909834969e-05
2024-07-25,09:43:48,19.1204,26.88,25.25,2864,15257080.0,5.256382909834969e-05
2024-07-25,09:43:48,19.1254,26.88,25.25,2865,15257080.0,5.247982423328003e-05
2024-07-25,09:43:48,19.1304,26.88,25.25,2865,15257079.0,5.247982423328003e-05
2024-07-25,09:43:48,19.1354,26.88,25.25,2864,15257079.0,5.256382909834969e-05
2024-07-25,09:43:48,19.1405,26.88,25.25,2863,15257079.0,5.264796843066387e-05
2024-07-25,09:43:48,19.1455,26.88,25.25,2863,15257078.0,5.264796843066387e-05
2024-07-25,09:43:48,19.1505,26.88,25.25,2864,15257080.0,5.256382909834969e-05
2024-07-25,09:43:48,19.1556,26.88,25.25,2864,15257079.0,5.256382909834969e-05
2024-07-25,09:43:48,19.1606,26.88,25.25,2863,15257078.0,5.264796843066387e-05
2024-07-25,09:43:48,19.1656,26.88,25.25,2862,15257076.0,5.273224244546526e-05
2024-07-25,09:43:48,19.1707,26.88,25.25,2863,15257079.0,5.264796843066387e-05
2024-07-25,09:43:48,19.1759,26.88,25.25,2864,15257080.0,5.256382909834969e-05
2024-07-25,09:43:48,19.1809,26.88,25.25,2864,15257078.0,5.256382909834969e-05
2024-07-25,09:43:48,19.1858,26.88,25.25,2864,15257077.0,5.256382909834969e-05
2024-07-25,09:43:48,19.1908,26.88,25.25,2863,15257078.0,5.264796843066387e-05
2024-07-25,09:43:48,19.1958,26.88,25.25,2864,15257080.0,5.256382909834969e-05
2024-07-25,09:43:48,19.2008,26.88,25.25,2864,15257081.0,5.256382909834969e-05
2024-07-25,09:43:48,19.2058,26.88,25.25,2863,15257078.0,5.264796843066387e-05
2024-07-25,09:43:48,19.2109,26.88,25.25,2863,15257077.0,5.264796843066387e-05
2024-07-25,09:43:48,19.2159,26.88,25.25,2863,15257078.0,5.264796843066387e-05
2024-07-25,09:43:48,19.2209,26.88,25.25,2863,15257080.0,5.264796843066387e-05
2024-07-25,09:43:48,19.2259,26.88,25.25,2863,15257080.0,5.264796843066387e-05
2024-07-25,09:43:48,19.2309,26.88,25.25,2864,15257078.0,5.256382909834969e-05
2024-07-25,09:43:48,19.236,26.88,25.25,2864,15257079.0,5.256382909834969e-05
2024-07-25,09:43:48,19.241,26.88,25.25,2863,15257079.0,5.264796843066387e-05
2024-07-25,09:43:48,19.246,26.88,25.25,2862,15257078.0,5.273224244546526e-05
2024-07-25,09:43:48,19.2511,26.88,25.25,2862,15257076.0,5.273224244546526e-05
2024-07-25,09:43:48,19.2562,26.88,25.25,2864,15257079.0,5.256382909834969e-05
2024-07-25,09:43:48,19.2612,26.88,25.25,2864,15257078.0,5.256382909834969e-05
2024-07-25,09:43:48,19.2661,26.88,25.25,2863,15257077.0,5.264796843066387e-05
2024-07-25,09:43:48,19.271,26.88,25.25,2863,15257079.0,5.264796843066387e-05
2024-07-25,09:43:48,19.2761,26.88,25.25,2863,15257077.0,5.264796843066387e-05
2024-07-25,09:43:48,19.2812,26.88,25.25,2863,15257078.0,5.264796843066387e-05
2024-07-25,09:43:48,19.2862,26.88,25.25,2863,15257079.0,5.264796843066387e-05
2024-07-25,09:43:48,19.2913,26.88,25.25,2863,15257077.0,5.264796843066387e-05
2024-07-25,09:43:48,19.2963,26.88,25.25,2862,15257077.0,5.273224244546526e-05
2024-07-25,09:43:48,19.3013,26.88,25.25,2862,15257079.0,5.273224244546526e-05
2024-07-25,09:43:48,19.3064,26.88,25.25,2864,15257080.0,5.256382909834969e-05
2024-07-25,09:43:48,19.3115,26.88,25.25,2865,15257075.0,5.247982423328003e-05
2024-07-25,09:43:48,19.3165,26.88,25.25,2863,15257075.0,5.264796843066387e-05
2024-07-25,09:43:48,19.3215,26.88,25.25,2862,15257079.0,5.273224244546526e-05
2024-07-25,09:43:48,19.3265,26.88,25.25,2864,15257079.0,5.256382909834969e-05
2024-07-25,09:43:48,19.3315,26.88,25.25,2865,15257077.0,5.247982423328003e-05
2024-07-25,09:43:48,19.3365,26.88,25.25,2864,15257077.0,5.256382909834969e-05
2024-07-25,09:43:48,19.3415,26.88,25.25,2864,15257078.0,5.256382909834969e-05
2024-07-25,09:43:48,19.3465,26.88,25.25,2863,15257076.0,5.264796843066387e-05
2024-07-25,09:43:48,19.3515,26.88,25.25,2862,15257078.0,5.273224244546526e-05
2024-07-25,09:43:48,19.3566,26.88,25.25,2863,15257078.0,5.264796843066387e-05
2024-07-25,09:43:48,19.3616,26.88,25.25,2863,15257075.0,5.264796843066387e-05
2024-07-25,09:43:48,19.3666,26.88,25.25,2862,15257075.0,5.273224244546526e-05
2024-07-25,09:43:48,19.3716,26.88,25.25,2861,15257077.0,5.281665135834127e-05
2024-07-25,09:43:48,19.3766,26.88,25.25,2861,15257076.0,5.281665135834127e-05
2024-07-25,09:43:48,19.3816,26.88,25.25,2862,15257077.0,5.273224244546526e-05
2024-07-25,09:43:48,19.3865,26.88,25.25,2863,15257077.0,5.264796843066387e-05
2024-07-25,09:43:48,19.3917,26.88,25.25,2862,15257076.0,5.273224244546526e-05
2024-07-25,09:43:48,19.3968,26.88,25.25,2861,15257076.0,5.281665135834127e-05
2024-07-25,09:43:48,19.4018,26.88,25.25,2862,15257077.0,5.273224244546526e-05
2024-07-25,09:43:48,19.4068,26.88,25.25,2863,15257077.0,5.264796843066387e-05
2024-07-25,09:43:48,19.4118,26.88,25.25,2864,15257075.0,5.256382909834969e-05
2024-07-25,09:43:48,19.4168,26.88,25.25,2863,15257074.0,5.264796843066387e-05
2024-07-25,09:43:48,19.4219,26.88,25.25,2862,15257075.0,5.273224244546526e-05
2024-07-25,09:43:48,19.4269,26.88,25.25,2862,15257076.0,5.273224244546526e-05
2024-07-25,09:43:48,19.4319,26.88,25.25,2862,15257078.0,5.273224244546526e-05
2024-07-25,09:43:48,19.4369,26.88,25.25,2862,15257076.0,5.273224244546526e-05
2024-07-25,09:43:48,19.4418,26.88,25.25,2862,15257074.0,5.273224244546526e-05
2024-07-25,09:43:48,19.447,26.88,25.25,2862,15257074.0,5.273224244546526e-05
2024-07-25,09:43:48,19.452,26.88,25.25,2862,15257076.0,5.273224244546526e-05
2024-07-25,09:43:48,19.4569,26.88,25.25,2862,15257078.0,5.273224244546526e-05
2024-07-25,09:43:48,19.4619,26.88,25.25,2862,15257075.0,5.273224244546526e-05
2024-07-25,09:43:48,19.4669,26.88,25.25,2862,15257075.0,5.273224244546526e-05
2024-07-25,09:43:48,19.4719,26.88,25.25,2860,15257078.0,5.290119538522418e-05
2024-07-25,09:43:48,19.4769,26.88,25.25,2861,15257077.0,5.281665135834127e-05
2024-07-25,09:43:48,19.482,26.88,25.25,2863,15257076.0,5.264796843066387e-05
2024-07-25,09:43:48,19.4872,26.88,25.25,2862,15257076.0,5.273224244546526e-05
2024-07-25,09:43:48,19.4921,26.88,25.25,2862,15257074.0,5.273224244546526e-05
2024-07-25,09:43:48,19.497,26.88,25.25,2861,15257072.0,5.281665135834127e-05
2024-07-25,09:43:48,19.502,26.88,25.25,2859,15257075.0,5.298587474239216e-05
2024-07-25,09:43:48,19.5071,26.88,25.25,2860,15257076.0,5.290119538522418e-05
2024-07-25,09:43:48,19.5122,26.88,25.25,2862,15257072.0,5.273224244546526e-05
2024-07-25,09:43:48,19.5172,26.88,25.25,2862,15257071.0,5.273224244546526e-05
2024-07-25,09:43:48,19.5222,26.88,25.25,2861,15257074.0,5.281665135834127e-05
2024-07-25,09:43:48,19.5272,26.88,25.25,2860,15257074.0,5.290119538522418e-05
2024-07-25,09:43:48,19.5322,26.88,25.25,2861,15257073.0,5.281665135834127e-05
2024-07-25,09:43:48,19.5372,26.88,25.25,2862,15257074.0,5.273224244546526e-05
2024-07-25,09:43:48,19.5422,26.88,25.25,2861,15257074.0,5.281665135834127e-05
2024-07-25,09:43:48,19.5472,26.88,25.25,2861,15257074.0,5.281665135834127e-05
2024-07-25,09:43:48,19.5522,26.88,25.25,2861,15257074.0,5.281665135834127e-05
2024-07-25,09:43:48,19.5573,26.88,25.25,2861,15257074.0,5.281665135834127e-05
2024-07-25,09:43:48,19.5623,26.88,25.25,2862,15257073.0,5.273224244546526e-05
2024-07-25,09:43:48,19.5673,26.88,25.25,2861,15257073.0,5.281665135834127e-05
2024-07-25,09:43:48,19.5723,26.88,25.25,2859,15257074.0,5.298587474239216e-05
2024-07-25,09:43:48,19.5773,26.88,25.25,2859,15257073.0,5.298587474239216e-05
2024-07-25,09:43:48,19.5823,26.88,25.25,2860,15257074.0,5.290119538522418e-05
2024-07-25,09:43:48,19.5874,26.88,25.25,2861,15257074.0,5.281665135834127e-05
2024-07-25,09:43:48,19.5925,26.88,25.25,2862,15257070.0,5.273224244546526e-05
2024-07-25,09:43:48,19.5975,26.88,25.25,2861,15257071.0,5.281665135834127e-05
2024-07-25,09:43:48,19.6025,26.88,25.25,2859,15257075.0,5.298587474239216e-05
2024-07-25,09:43:48,19.6075,26.88,25.25,2859,15257074.0,5.298587474239216e-05
2024-07-25,09:43:48,19.6126,26.88,25.25,2861,15257070.0,5.281665135834127e-05
2024-07-25,09:43:48,19.6177,26.88,25.25,2861,15257070.0,5.281665135834127e-05
2024-07-25,09:43:48,19.6226,26.88,25.25,2859,15257072.0,5.298587474239216e-05
2024-07-25,09:43:48,19.6274,26.88,25.25,2860,15257074.0,5.290119538522418e-05
2024-07-25,09:43:48,19.6326,26.88,25.25,2861,15257074.0,5.281665135834127e-05
2024-07-25,09:43:48,19.6377,26.88,25.25,2860,15257072.0,5.290119538522418e-05
2024-07-25,09:43:48,19.6428,26.88,25.25,2860,15257070.0,5.290119538522418e-05
2024-07-25,09:43:48,19.6478,26.88,25.25,2860,15257070.0,5.290119538522418e-05
2024-07-25,09:43:48,19.6527,26.88,25.25,2858,15257074.0,5.307068964646934e-05
2024-07-25,09:43:48,19.6578,26.88,25.25,2858,15257075.0,5.307068964646934e-05
2024-07-25,09:43:48,19.6629,26.88,25.25,2861,15257072.0,5.281665135834127e-05
2024-07-25,09:43:48,19.6679,26.88,25.25,2861,15257071.0,5.281665135834127e-05
2024-07-25,09:43:48,19.6729,26.88,25.25,2859,15257073.0,5.298587474239216e-05
2024-07-25,09:43:48,19.6779,26.88,25.25,2859,15257073.0,5.298587474239216e-05
2024-07-25,09:43:48,19.683,26.88,25.25,2860,15257072.0,5.290119538522418e-05
2024-07-25,09:43:48,19.688,26.88,25.25,2860,15257071.0,5.290119538522418e-05
2024-07-25,09:43:48,19.693,26.88,25.25,2860,15257071.0,5.290119538522418e-05
2024-07-25,09:43:48,19.6981,26.88,25.25,2861,15257073.0,5.281665135834127e-05
2024-07-25,09:43:48,19.7031,26.88,25.25,2861,15257072.0,5.281665135834127e-05
2024-07-25,09:43:48,19.7081,26.88,25.25,2859,15257070.0,5.298587474239216e-05
2024-07-25,09:43:48,19.7131,26.88,25.25,2859,15257072.0,5.298587474239216e-05
2024-07-25,09:43:48,19.7181,26.88,25.25,2860,15257073.0,5.290119538522418e-05
2024-07-25,09:43:49,19.7232,26.88,25.25,2859,15257070.0,5.298587474239216e-05
2024-07-25,09:43:49,19.7282,26.88,25.25,2859,15257069.0,5.298587474239216e-05
2024-07-25,09:43:49,19.7332,26.88,25.25,2859,15257071.0,5.298587474239216e-05
2024-07-25,09:43:49,19.7382,26.88,25.25,2859,15257072.0,5.298587474239216e-05
2024-07-25,09:43:49,19.7432,26.88,25.25,2860,15257070.0,5.290119538522418e-05
2024-07-25,09:43:49,19.7483,26.88,25.25,2860,15257070.0,5.290119538522418e-05
2024-07-25,09:43:49,19.7534,26.88,25.25,2859,15257070.0,5.298587474239216e-05
2024-07-25,09:43:49,19.7584,26.88,25.25,2859,15257072.0,5.298587474239216e-05
2024-07-25,09:43:49,19.7633,26.88,25.25,2860,15257071.0,5.290119538522418e-05
2024-07-25,09:43:49,19.7682,26.88,25.25,2860,15257071.0,5.290119538522418e-05
2024-07-25,09:43:49,19.7732,26.88,25.25,2860,15257070.0,5.290119538522418e-05
2024-07-25,09:43:49,19.7782,26.88,25.25,2860,15257069.0,5.290119538522418e-05
2024-07-25,09:43:49,19.7833,26.88,25.25,2858,15257073.0,5.307068964646934e-05
2024-07-25,09:43:49,19.7885,26.88,25.25,2858,15257072.0,5.307068964646934e-05
2024-07-25,09:43:49,19.7935,26.88,25.25,2860,15257070.0,5.290119538522418e-05
2024-07-25,09:43:49,19.7985,26.88,25.25,2860,15257070.0,5.290119538522418e-05
2024-07-25,09:43:49,19.8034,26.88,25.25,2858,15257072.0,5.307068964646934e-05
2024-07-25,09:43:49,19.8084,26.88,25.25,2857,15257072.0,5.315564031442681e-05
2024-07-25,09:43:49,19.8136,26.88,25.25,2859,15257069.0,5.298587474239216e-05
2024-07-25,09:43:49,19.8187,26.88,25.25,2861,15257072.0,5.281665135834127e-05
2024-07-25,09:43:49,19.8237,26.88,25.25,2859,15257072.0,5.298587474239216e-05
2024-07-25,09:43:49,19.8287,26.88,25.25,2857,15257071.0,5.315564031442681e-05
2024-07-25,09:43:49,19.8337,26.88,25.25,2858,15257073.0,5.307068964646934e-05
2024-07-25,09:43:49,19.8386,26.88,25.25,2858,15257071.0,5.307068964646934e-05
2024-07-25,09:43:49,19.8436,26.88,25.25,2859,15257070.0,5.298587474239216e-05
2024-07-25,09:43:49,19.8486,26.88,25.25,2859,15257070.0,5.298587474239216e-05
2024-07-25,09:43:49,19.8537,26.88,25.25,2859,15257067.0,5.298587474239216e-05
2024-07-25,09:43:49,19.8587,26.88,25.25,2858,15257067.0,5.307068964646934e-05
2024-07-25,09:43:49,19.8637,26.88,25.25,2856,15257071.0,5.324072696358281e-05
2024-07-25,09:43:49,19.8689,26.88,25.25,2858,15257073.0,5.307068964646934e-05
2024-07-25,09:43:49,19.874,26.88,25.25,2859,15257070.0,5.298587474239216e-05
2024-07-25,09:43:49,19.879,26.88,25.25,2858,15257068.0,5.307068964646934e-05
2024-07-25,09:43:49,19.8838,26.88,25.25,2858,15257069.0,5.307068964646934e-05
2024-07-25,09:43:49,19.8888,26.88,25.25,2858,15257070.0,5.307068964646934e-05
2024-07-25,09:43:49,19.8939,26.88,25.25,2859,15257069.0,5.298587474239216e-05
2024-07-25,09:43:49,19.8989,26.88,25.25,2859,15257068.0,5.298587474239216e-05
2024-07-25,09:43:49,19.9039,26.88,25.25,2858,15257069.0,5.307068964646934e-05
2024-07-25,09:43:49,19.9089,26.88,25.25,2858,15257068.0,5.307068964646934e-05
2024-07-25,09:43:49,19.9139,26.88,25.25,2857,15257069.0,5.315564031442681e-05
2024-07-25,09:43:49,19.919,26.88,25.25,2857,15257070.0,5.315564031442681e-05
2024-07-25,09:43:49,19.924,26.88,25.25,2858,15257067.0,5.307068964646934e-05
2024-07-25,09:43:49,19.929,26.88,25.25,2858,15257067.0,5.307068964646934e-05
2024-07-25,09:43:49,19.934,26.88,25.25,2857,15257069.0,5.315564031442681e-05
2024-07-25,09:43:49,19.939,26.88,25.25,2857,15257069.0,5.315564031442681e-05
2024-07-25,09:43:49,19.9441,26.88,25.25,2858,15257068.0,5.307068964646934e-05
2024-07-25,09:43:49,19.9491,26.88,25.25,2859,15257068.0,5.298587474239216e-05
2024-07-25,09:43:49,19.9541,26.88,25.25,2858,15257067.0,5.307068964646934e-05
2024-07-25,09:43:49,19.9591,26.88,25.25,2856,15257067.0,5.324072696358281e-05
2024-07-25,09:43:49,19.9641,26.88,25.25,2857,15257069.0,5.315564031442681e-05
2024-07-25,09:43:49,19.9692,26.88,25.25,2858,15257069.0,5.307068964646934e-05
2024-07-25,09:43:49,19.9742,26.88,25.25,2857,15257069.0,5.315564031442681e-05
2024-07-25,09:43:49,19.9792,26.88,25.25,2858,15257070.0,5.307068964646934e-05
2024-07-25,09:43:49,19.9842,26.88,25.25,2858,15257067.0,5.307068964646934e-05
2024-07-25,09:43:49,19.9892,26.88,25.25,2857,15257066.0,5.315564031442681e-05
2024-07-25,09:43:49,19.9943,26.88,25.25,2857,15257069.0,5.315564031442681e-05
2024-07-25,09:43:49,19.9993,26.88,25.25,2857,15257069.0,5.315564031442681e-05
2024-07-25,09:43:49,20.0043,26.88,25.25,2858,15257066.0,5.307068964646934e-05
2024-07-25,09:43:49,20.0093,26.88,25.25,2857,15257066.0,5.315564031442681e-05
2024-07-25,09:43:49,20.0143,26.88,25.25,2856,15257069.0,5.324072696358281e-05
2024-07-25,09:43:49,20.0193,26.88,25.25,2857,15257069.0,5.315564031442681e-05
2024-07-25,09:43:49,20.0242,26.88,25.25,2858,15257069.0,5.307068964646934e-05
2024-07-25,09:43:49,20.0294,26.88,25.25,2857,15257068.0,5.315564031442681e-05
2024-07-25,09:43:49,20.0344,26.88,25.25,2856,15257067.0,5.324072696358281e-05
2024-07-25,09:43:49,20.0393,26.88,25.25,2856,15257067.0,5.324072696358281e-05
2024-07-25,09:43:49,20.0445,26.88,25.25,2856,15257068.0,5.324072696358281e-05
2024-07-25,09:43:49,20.0496,26.88,25.25,2857,15257069.0,5.315564031442681e-05
2024-07-25,09:43:49,20.0546,26.88,25.25,2858,15257066.0,5.307068964646934e-05
2024-07-25,09:43:49,20.0596,26.88,25.25,2857,15257065.0,5.315564031442681e-05
2024-07-25,09:43:49,20.0646,26.88,25.25,2856,15257068.0,5.324072696358281e-05
2024-07-25,09:43:49,20.0696,26.88,25.25,2857,15257069.0,5.315564031442681e-05
2024-07-25,09:43:49,20.0747,26.88,25.25,2858,15257067.0,5.307068964646934e-05
2024-07-25,09:43:49,20.0797,26.88,25.25,2857,15257066.0,5.315564031442681e-05
2024-07-25,09:43:49,20.0847,26.88,25.25,2856,15257064.0,5.324072696358281e-05
2024-07-25,09:43:49,20.0898,26.88,25.25,2856,15257064.0,5.324072696358281e-05
2024-07-25,09:43:49,20.0948,26.88,25.25,2856,15257065.0,5.324072696358281e-05
2024-07-25,09:43:49,20.0996,26.88,25.25,2857,15257066.0,5.315564031442681e-05
2024-07-25,09:43:49,20.1046,26.88,25.25,2857,15257066.0,5.315564031442681e-05
2024-07-25,09:43:49,20.1096,26.88,25.25,2856,15257067.0,5.324072696358281e-05
2024-07-25,09:43:49,20.1146,26.88,25.25,2856,15257065.0,5.324072696358281e-05
2024-07-25,09:43:49,20.1197,26.88,25.25,2856,15257066.0,5.324072696358281e-05
2024-07-25,09:43:49,20.1247,26.88,25.25,2857,15257068.0,5.315564031442681e-05
2024-07-25,09:43:49,20.1297,26.88,25.25,2858,15257068.0,5.307068964646934e-05
2024-07-25,09:43:49,20.1348,26.88,25.25,2858,15257064.0,5.307068964646934e-05
2024-07-25,09:43:49,20.1398,26.88,25.25,2857,15257063.0,5.315564031442681e-05
2024-07-25,09:43:49,20.1448,26.88,25.25,2856,15257066.0,5.324072696358281e-05
2024-07-25,09:43:49,20.1498,26.88,25.25,2856,15257068.0,5.324072696358281e-05
2024-07-25,09:43:49,20.1548,26.88,25.25,2856,15257066.0,5.324072696358281e-05
2024-07-25,09:43:49,20.1598,26.88,25.25,2856,15257065.0,5.324072696358281e-05
2024-07-25,09:43:49,20.1648,26.88,25.25,2855,15257066.0,5.332594981160357e-05
2024-07-25,09:43:49,20.1699,26.88,25.25,2856,15257067.0,5.324072696358281e-05
2024-07-25,09:43:49,20.1749,26.88,25.25,2857,15257066.0,5.315564031442681e-05
2024-07-25,09:43:49,20.1799,26.88,25.25,2856,15257066.0,5.324072696358281e-05
2024-07-25,09:43:49,20.1849,26.88,25.25,2856,15257064.0,5.324072696358281e-05
2024-07-25,09:43:49,20.1899,26.88,25.25,2855,15257062.0,5.332594981160357e-05
2024-07-25,09:43:49,20.1949,26.88,25.25,2854,15257065.0,5.341130907650359e-05
2024-07-25,09:43:49,20.1999,26.88,25.25,2856,15257067.0,5.324072696358281e-05
2024-07-25,09:43:49,20.205,26.88,25.25,2857,15257064.0,5.315564031442681e-05
2024-07-25,09:43:49,20.21,26.88,25.25,2856,15257064.0,5.324072696358281e-05
2024-07-25,09:43:49,20.215,26.88,25.25,2855,15257066.0,5.332594981160357e-05
2024-07-25,09:43:49,20.2201,26.88,25.25,2856,15257067.0,5.324072696358281e-05
2024-07-25,09:43:49,20.2251,26.88,25.25,2857,15257065.0,5.315564031442681e-05
2024-07-25,09:43:49,20.2301,26.88,25.25,2856,15257063.0,5.324072696358281e-05
2024-07-25,09:43:49,20.2352,26.88,25.25,2855,15257064.0,5.332594981160357e-05
2024-07-25,09:43:49,20.2402,26.88,25.25,2855,15257064.0,5.332594981160357e-05
2024-07-25,09:43:49,20.245,26.88,25.25,2855,15257064.0,5.332594981160357e-05
2024-07-25,09:43:49,20.25,26.88,25.25,2855,15257064.0,5.332594981160357e-05
2024-07-25,09:43:49,20.2552,26.88,25.25,2856,15257064.0,5.324072696358281e-05
2024-07-25,09:43:49,20.2601,26.88,25.25,2856,15257064.0,5.324072696358281e-05
2024-07-25,09:43:49,20.2651,26.88,25.25,2856,15257062.0,5.324072696358281e-05
2024-07-25,09:43:49,20.2701,26.88,25.25,2855,15257061.0,5.332594981160357e-05
2024-07-25,09:43:49,20.275,26.88,25.25,2855,15257064.0,5.332594981160357e-05
2024-07-25,09:43:49,20.28,26.88,25.25,2857,15257066.0,5.315564031442681e-05
2024-07-25,09:43:49,20.2851,26.88,25.25,2857,15257064.0,5.315564031442681e-05
2024-07-25,09:43:49,20.2901,26.88,25.25,2855,15257062.0,5.332594981160357e-05
2024-07-25,09:43:49,20.2951,26.88,25.25,2854,15257064.0,5.341130907650359e-05
2024-07-25,09:43:49,20.3001,26.88,25.25,2855,15257066.0,5.332594981160357e-05
2024-07-25,09:43:49,20.3051,26.88,25.25,2856,15257064.0,5.324072696358281e-05
2024-07-25,09:43:49,20.3102,26.88,25.25,2856,15257064.0,5.324072696358281e-05
2024-07-25,09:43:49,20.3152,26.88,25.25,2856,15257064.0,5.324072696358281e-05
2024-07-25,09:43:49,20.3202,26.88,25.25,2855,15257061.0,5.332594981160357e-05
2024-07-25,09:43:49,20.3252,26.88,25.25,2855,15257063.0,5.332594981160357e-05
2024-07-25,09:43:49,20.3302,26.88,25.25,2856,15257065.0,5.324072696358281e-05
2024-07-25,09:43:49,20.3353,26.88,25.25,2856,15257061.0,5.324072696358281e-05
2024-07-25,09:43:49,20.3403,26.88,25.25,2855,15257061.0,5.332594981160357e-05
2024-07-25,09:43:49,20.3453,26.88,25.25,2853,15257066.0,5.349680497664656e-05
2024-07-25,09:43:49,20.3503,26.88,25.25,2853,15257066.0,5.349680497664656e-05
2024-07-25,09:43:49,20.3553,26.88,25.25,2855,15257060.0,5.332594981160357e-05
2024-07-25,09:43:49,20.3602,26.88,25.25,2855,15257061.0,5.332594981160357e-05
2024-07-25,09:43:49,20.3652,26.88,25.25,2854,15257063.0,5.341130907650359e-05
2024-07-25,09:43:49,20.3702,26.88,25.25,2854,15257062.0,5.341130907650359e-05
2024-07-25,09:43:49,20.3752,26.88,25.25,2854,15257064.0,5.341130907650359e-05
2024-07-25,09:43:49,20.3803,26.88,25.25,2854,15257065.0,5.341130907650359e-05
2024-07-25,09:43:49,20.3853,26.88,25.25,2854,15257062.0,5.341130907650359e-05
2024-07-25,09:43:49,20.3903,26.88,25.25,2854,15257061.0,5.341130907650359e-05
2024-07-25,09:43:49,20.3953,26.88,25.25,2854,15257063.0,5.341130907650359e-05
2024-07-25,09:43:49,20.4003,26.88,25.25,2854,15257063.0,5.341130907650359e-05
2024-07-25,09:43:49,20.4054,26.88,25.25,2854,15257061.0,5.341130907650359e-05
2024-07-25,09:43:49,20.4104,26.88,25.25,2854,15257061.0,5.341130907650359e-05
2024-07-25,09:43:49,20.4154,26.88,25.25,2853,15257062.0,5.349680497664656e-05
2024-07-25,09:43:49,20.4204,26.88,25.25,2853,15257062.0,5.349680497664656e-05
2024-07-25,09:43:49,20.4254,26.88,25.25,2854,15257063.0,5.341130907650359e-05
2024-07-25,09:43:49,20.4304,26.88,25.25,2855,15257064.0,5.332594981160357e-05
2024-07-25,09:43:49,20.4354,26.88,25.25,2856,15257061.0,5.324072696358281e-05
2024-07-25,09:43:49,20.4404,26.88,25.25,2855,15257060.0,5.332594981160357e-05
2024-07-25,09:43:49,20.4454,26.88,25.25,2854,15257063.0,5.341130907650359e-05
2024-07-25,09:43:49,20.4504,26.88,25.25,2854,15257062.0,5.341130907650359e-05
2024-07-25,09:43:49,20.4555,26.88,25.25,2854,15257062.0,5.341130907650359e-05
2024-07-25,09:43:49,20.4605,26.88,25.25,2854,15257062.0,5.341130907650359e-05
2024-07-25,09:43:49,20.4653,26.88,25.25,2853,15257062.0,5.349680497664656e-05
2024-07-25,09:43:49,20.4703,26.88,25.25,2852,15257061.0,5.358243773074545e-05
2024-07-25,09:43:49,20.4753,26.88,25.25,2853,15257062.0,5.349680497664656e-05
2024-07-25,09:43:49,20.4803,26.88,25.25,2855,15257063.0,5.332594981160357e-05
2024-07-25,09:43:49,20.4853,26.88,25.25,2855,15257061.0,5.332594981160357e-05
2024-07-25,09:43:49,20.4903,26.88,25.25,2854,15257060.0,5.341130907650359e-05
2024-07-25,09:43:49,20.4953,26.88,25.25,2854,15257062.0,5.341130907650359e-05
2024-07-25,09:43:49,20.5004,26.88,25.25,2854,15257062.0,5.341130907650359e-05
2024-07-25,09:43:49,20.5055,26.88,25.25,2854,15257062.0,5.341130907650359e-05
2024-07-25,09:43:49,20.5105,26.88,25.25,2854,15257062.0,5.341130907650359e-05
2024-07-25,09:43:49,20.5155,26.88,25.25,2854,15257060.0,5.341130907650359e-05
2024-07-25,09:43:49,20.5205,26.88,25.25,2854,15257060.0,5.341130907650359e-05
2024-07-25,09:43:49,20.5254,26.88,25.25,2853,15257063.0,5.349680497664656e-05
2024-07-25,09:43:49,20.5304,26.88,25.25,2853,15257063.0,5.349680497664656e-05
2024-07-25,09:43:49,20.5355,26.88,25.25,2854,15257060.0,5.341130907650359e-05
2024-07-25,09:43:49,20.5405,26.88,25.25,2853,15257059.0,5.349680497664656e-05
2024-07-25,09:43:49,20.5455,26.88,25.25,2852,15257062.0,5.358243773074545e-05
2024-07-25,09:43:49,20.5505,26.88,25.25,2853,15257062.0,5.349680497664656e-05
2024-07-25,09:43:49,20.5554,26.88,25.25,2854,15257059.0,5.341130907650359e-05
2024-07-25,09:43:49,20.5604,26.88,25.25,2853,15257059.0,5.349680497664656e-05
2024-07-25,09:43:49,20.5654,26.88,25.25,2852,15257062.0,5.358243773074545e-05
2024-07-25,09:43:49,20.5704,26.88,25.25,2853,15257062.0,5.349680497664656e-05
2024-07-25,09:43:49,20.5754,26.88,25.25,2853,15257059.0,5.349680497664656e-05
2024-07-25,09:43:49,20.5804,26.88,25.25,2853,15257061.0,5.349680497664656e-05
2024-07-25,09:43:49,20.5854,26.88,25.25,2853,15257061.0,5.349680497664656e-05
2024-07-25,09:43:49,20.5904,26.88,25.25,2852,15257059.0,5.358243773074545e-05
2024-07-25,09:43:49,20.5954,26.88,25.25,2852,15257061.0,5.358243773074545e-05
2024-07-25,09:43:49,20.6005,26.88,25.25,2852,15257060.0,5.358243773074545e-05
2024-07-25,09:43:49,20.6055,26.88,25.25,2853,15257057.0,5.349680497664656e-05
2024-07-25,09:43:49,20.6105,26.88,25.25,2853,15257057.0,5.349680497664656e-05
2024-07-25,09:43:49,20.6156,26.88,25.25,2852,15257060.0,5.358243773074545e-05
2024-07-25,09:43:49,20.6206,26.88,25.25,2852,15257060.0,5.358243773074545e-05
2024-07-25,09:43:49,20.6256,26.88,25.25,2852,15257059.0,5.358243773074545e-05
2024-07-25,09:43:49,20.6306,26.88,25.25,2853,15257059.0,5.349680497664656e-05
2024-07-25,09:43:49,20.6356,26.88,25.25,2853,15257060.0,5.349680497664656e-05
2024-07-25,09:43:49,20.6406,26.88,25.25,2852,15257061.0,5.358243773074545e-05
2024-07-25,09:43:49,20.6456,26.88,25.25,2852,15257060.0,5.358243773074545e-05
2024-07-25,09:43:49,20.6505,26.88,25.25,2852,15257057.0,5.358243773074545e-05
2024-07-25,09:43:49,20.6555,26.88,25.25,2853,15257055.0,5.349680497664656e-05
2024-07-25,09:43:49,20.6605,26.88,25.25,2854,15257057.0,5.341130907650359e-05
2024-07-25,09:43:49,20.6655,26.88,25.25,2853,15257059.0,5.349680497664656e-05
2024-07-25,09:43:49,20.6705,26.88,25.25,2852,15257058.0,5.358243773074545e-05
2024-07-25,09:43:49,20.6754,26.88,25.25,2852,15257059.0,5.358243773074545e-05
2024-07-25,09:43:49,20.6804,26.88,25.25,2853,15257060.0,5.349680497664656e-05
2024-07-25,09:43:49,20.6855,26.88,25.25,2853,15257058.0,5.349680497664656e-05
2024-07-25,09:43:49,20.6905,26.88,25.25,2852,15257057.0,5.358243773074545e-05
2024-07-25,09:43:49,20.6955,26.88,25.25,2851,15257060.0,5.366820755786355e-05
2024-07-25,09:43:49,20.7005,26.88,25.25,2851,15257060.0,5.366820755786355e-05
2024-07-25,09:43:49,20.7055,26.88,25.25,2852,15257058.0,5.358243773074545e-05
2024-07-25,09:43:49,20.7105,26.88,25.25,2852,15257058.0,5.358243773074545e-05
2024-07-25,09:43:49,20.7154,26.88,25.25,2852,15257057.0,5.358243773074545e-05
2024-07-25,09:43:49,20.7204,26.88,25.25,2852,15257057.0,5.358243773074545e-05
2024-07-25,09:43:50,20.7254,26.88,25.25,2852,15257058.0,5.358243773074545e-05
2024-07-25,09:43:50,20.7304,26.88,25.25,2852,15257059.0,5.358243773074545e-05
2024-07-25,09:43:50,20.7354,26.88,25.25,2852,15257055.0,5.358243773074545e-05
2024-07-25,09:43:50,20.7404,26.88,25.25,2851,15257054.0,5.366820755786355e-05
2024-07-25,09:43:50,20.7454,26.88,25.25,2851,15257056.0,5.366820755786355e-05
2024-07-25,09:43:50,20.7504,26.88,25.25,2853,15257057.0,5.349680497664656e-05
2024-07-25,09:43:50,20.7554,26.88,25.25,2853,15257054.0,5.349680497664656e-05
2024-07-25,09:43:50,20.7604,26.88,25.25,2850,15257052.0,5.375411467741466e-05
2024-07-25,09:43:50,20.7654,26.88,25.25,2849,15257057.0,5.384015930916391e-05
2024-07-25,09:43:50,20.7704,26.88,25.25,2851,15257060.0,5.366820755786355e-05
2024-07-25,09:43:50,20.7753,26.88,25.25,2852,15257056.0,5.358243773074545e-05
2024-07-25,09:43:50,20.7803,26.88,25.25,2851,15257054.0,5.366820755786355e-05
2024-07-25,09:43:50,20.7852,26.88,25.25,2851,15257056.0,5.366820755786355e-05
2024-07-25,09:43:50,20.7902,26.88,25.25,2852,15257057.0,5.358243773074545e-05
2024-07-25,09:43:50,20.7953,26.88,25.25,2852,15257057.0,5.358243773074545e-05
2024-07-25,09:43:50,20.8003,26.88,25.25,2852,15257058.0,5.358243773074545e-05
2024-07-25,09:43:50,20.8052,26.88,25.25,2852,15257055.0,5.358243773074545e-05
2024-07-25,09:43:50,20.8102,26.88,25.25,2851,15257054.0,5.366820755786355e-05
2024-07-25,09:43:50,20.8152,26.88,25.25,2850,15257057.0,5.375411467741466e-05
2024-07-25,09:43:50,20.82,26.88,25.25,2851,15257057.0,5.366820755786355e-05
2024-07-25,09:43:50,20.825,26.88,25.25,2851,15257053.0,5.366820755786355e-05
2024-07-25,09:43:50,20.83,26.88,25.25,2849,15257053.0,5.384015930916391e-05
2024-07-25,09:43:50,20.835,26.88,25.25,2849,15257055.0,5.384015930916391e-05
2024-07-25,09:43:50,20.8401,26.88,25.25,2851,15257057.0,5.366820755786355e-05
2024-07-25,09:43:50,20.8451,26.88,25.25,2852,15257057.0,5.358243773074545e-05
2024-07-25,09:43:50,20.85,26.88,25.25,2851,15257055.0,5.366820755786355e-05
2024-07-25,09:43:50,20.855,26.88,25.25,2850,15257055.0,5.375411467741466e-05
2024-07-25,09:43:50,20.86,26.88,25.25,2850,15257055.0,5.375411467741466e-05
2024-07-25,09:43:50,20.8649,26.88,25.25,2850,15257057.0,5.375411467741466e-05
2024-07-25,09:43:50,20.8699,26.88,25.25,2851,15257057.0,5.366820755786355e-05
2024-07-25,09:43:50,20.8751,26.88,25.25,2852,15257052.0,5.358243773074545e-05
2024-07-25,09:43:50,20.8801,26.88,25.25,2851,15257051.0,5.366820755786355e-05
2024-07-25,09:43:50,20.8849,26.88,25.25,2850,15257056.0,5.375411467741466e-05
2024-07-25,09:43:50,20.8899,26.88,25.25,2850,15257056.0,5.375411467741466e-05
2024-07-25,09:43:50,20.8949,26.88,25.25,2851,15257052.0,5.366820755786355e-05
2024-07-25,09:43:50,20.8999,26.88,25.25,2851,15257052.0,5.366820755786355e-05
2024-07-25,09:43:50,20.9049,26.88,25.25,2850,15257054.0,5.375411467741466e-05
2024-07-25,09:43:50,20.91,26.88,25.25,2850,15257054.0,5.375411467741466e-05
2024-07-25,09:43:50,20.9151,26.88,25.25,2850,15257053.0,5.375411467741466e-05
2024-07-25,09:43:50,20.92,26.88,25.25,2850,15257054.0,5.375411467741466e-05
2024-07-25,09:43:50,20.9249,26.88,25.25,2850,15257053.0,5.375411467741466e-05
2024-07-25,09:43:50,20.93,26.88,25.25,2849,15257052.0,5.384015930916391e-05
2024-07-25,09:43:50,20.935,26.88,25.25,2848,15257057.0,5.392634167322807e-05
2024-07-25,09:43:50,20.94,26.88,25.25,2849,15257057.0,5.384015930916391e-05
2024-07-25,09:43:50,20.9451,26.88,25.25,2850,15257053.0,5.375411467741466e-05
2024-07-25,09:43:50,20.9501,26.88,25.25,2850,15257053.0,5.375411467741466e-05
2024-07-25,09:43:50,20.9549,26.88,25.25,2850,15257055.0,5.375411467741466e-05
2024-07-25,09:43:50,20.9599,26.88,25.25,2850,15257055.0,5.375411467741466e-05
2024-07-25,09:43:50,20.9649,26.88,25.25,2850,15257054.0,5.375411467741466e-05
2024-07-25,09:43:50,20.9698,26.88,25.25,2850,15257054.0,5.375411467741466e-05
2024-07-25,09:43:50,20.9748,26.88,25.25,2851,15257051.0,5.366820755786355e-05
2024-07-25,09:43:50,20.9798,26.88,25.25,2851,15257052.0,5.366820755786355e-05
2024-07-25,09:43:50,20.9849,26.88,25.25,2849,15257055.0,5.384015930916391e-05
2024-07-25,09:43:50,20.9899,26.88,25.25,2849,15257055.0,5.384015930916391e-05
2024-07-25,09:43:50,20.9947,26.88,25.25,2850,15257051.0,5.375411467741466e-05
2024-07-25,09:43:50,20.9997,26.88,25.25,2850,15257052.0,5.375411467741466e-05
2024-07-25,09:43:50,21.0047,26.88,25.25,2849,15257054.0,5.384015930916391e-05
2024-07-25,09:43:50,21.0097,26.88,25.25,2848,15257053.0,5.392634167322807e-05
2024-07-25,09:43:50,21.0147,26.88,25.25,2849,15257050.0,5.384015930916391e-05
2024-07-25,09:43:50,21.0197,26.88,25.25,2850,15257051.0,5.375411467741466e-05
2024-07-25,09:43:50,21.0247,26.88,25.25,2849,15257053.0,5.384015930916391e-05
2024-07-25,09:43:50,21.0297,26.88,25.25,2848,15257052.0,5.392634167322807e-05
2024-07-25,09:43:50,21.0347,26.88,25.25,2849,15257053.0,5.384015930916391e-05
2024-07-25,09:43:50,21.0397,26.88,25.25,2850,15257053.0,5.375411467741466e-05
2024-07-25,09:43:50,21.0447,26.88,25.25,2849,15257053.0,5.384015930916391e-05
2024-07-25,09:43:50,21.0497,26.88,25.25,2848,15257053.0,5.392634167322807e-05
2024-07-25,09:43:50,21.0546,26.88,25.25,2849,15257052.0,5.384015930916391e-05
2024-07-25,09:43:50,21.0596,26.88,25.25,2850,15257052.0,5.375411467741466e-05
2024-07-25,09:43:50,21.0646,26.88,25.25,2850,15257051.0,5.375411467741466e-05
2024-07-25,09:43:50,21.0696,26.88,25.25,2849,15257049.0,5.384015930916391e-05
2024-07-25,09:43:50,21.0746,26.88,25.25,2848,15257050.0,5.392634167322807e-05
2024-07-25,09:43:50,21.0796,26.88,25.25,2848,15257051.0,5.392634167322807e-05
2024-07-25,09:43:50,21.0846,26.88,25.25,2849,15257052.0,5.384015930916391e-05
2024-07-25,09:43:50,21.0896,26.88,25.25,2849,15257051.0,5.384015930916391e-05
2024-07-25,09:43:50,21.0946,26.88,25.25,2848,15257050.0,5.392634167322807e-05
2024-07-25,09:43:50,21.0996,26.88,25.25,2847,15257049.0,5.401266199007641e-05
2024-07-25,09:43:50,21.1046,26.88,25.25,2848,15257050.0,5.392634167322807e-05
2024-07-25,09:43:50,21.1096,26.88,25.25,2850,15257051.0,5.375411467741466e-05
2024-07-25,09:43:50,21.1145,26.88,25.25,2850,15257049.0,5.375411467741466e-05
2024-07-25,09:43:50,21.1194,26.88,25.25,2849,15257048.0,5.384015930916391e-05
2024-07-25,09:43:50,21.1244,26.88,25.25,2848,15257050.0,5.392634167322807e-05
2024-07-25,09:43:50,21.1295,26.88,25.25,2848,15257050.0,5.392634167322807e-05
2024-07-25,09:43:50,21.1344,26.88,25.25,2849,15257050.0,5.384015930916391e-05
2024-07-25,09:43:50,21.1393,26.88,25.25,2849,15257051.0,5.384015930916391e-05
2024-07-25,09:43:50,21.1444,26.88,25.25,2848,15257048.0,5.392634167322807e-05
2024-07-25,09:43:50,21.1494,26.88,25.25,2847,15257047.0,5.401266199007641e-05
2024-07-25,09:43:50,21.1542,26.88,25.25,2847,15257049.0,5.401266199007641e-05
2024-07-25,09:43:50,21.1593,26.88,25.25,2849,15257050.0,5.384015930916391e-05
2024-07-25,09:43:50,21.1643,26.88,25.25,2849,15257048.0,5.384015930916391e-05
2024-07-25,09:43:50,21.1692,26.88,25.25,2848,15257047.0,5.392634167322807e-05
2024-07-25,09:43:50,21.1742,26.88,25.25,2849,15257049.0,5.384015930916391e-05
2024-07-25,09:43:50,21.1792,26.88,25.25,2849,15257050.0,5.384015930916391e-05
2024-07-25,09:43:50,21.1842,26.88,25.25,2848,15257049.0,5.392634167322807e-05
2024-07-25,09:43:50,21.1892,26.88,25.25,2848,15257048.0,5.392634167322807e-05
2024-07-25,09:43:50,21.1942,26.88,25.25,2848,15257047.0,5.392634167322807e-05
2024-07-25,09:43:50,21.1992,26.88,25.25,2847,15257047.0,5.401266199007641e-05
2024-07-25,09:43:50,21.204,26.88,25.25,2847,15257050.0,5.401266199007641e-05
2024-07-25,09:43:50,21.209,26.88,25.25,2848,15257049.0,5.392634167322807e-05
2024-07-25,09:43:50,21.2141,26.88,25.25,2848,15257045.0,5.392634167322807e-05
2024-07-25,09:43:50,21.219,26.88,25.25,2847,15257045.0,5.401266199007641e-05
2024-07-25,09:43:50,21.224,26.88,25.25,2847,15257048.0,5.401266199007641e-05
2024-07-25,09:43:50,21.229,26.88,25.25,2848,15257048.0,5.392634167322807e-05
2024-07-25,09:43:50,21.2338,26.88,25.25,2848,15257046.0,5.392634167322807e-05
2024-07-25,09:43:50,21.2388,26.88,25.25,2847,15257046.0,5.401266199007641e-05
2024-07-25,09:43:50,21.2438,26.88,25.25,2847,15257046.0,5.401266199007641e-05
2024-07-25,09:43:50,21.2488,26.88,25.25,2847,15257047.0,5.401266199007641e-05
2024-07-25,09:43:50,21.2538,26.88,25.25,2847,15257047.0,5.401266199007641e-05
2024-07-25,09:43:50,21.2588,26.88,25.25,2847,15257046.0,5.401266199007641e-05
2024-07-25,09:43:50,21.2638,26.88,25.25,2846,15257047.0,5.409912048053099e-05
2024-07-25,09:43:50,21.2688,26.88,25.25,2845,15257045.0,5.418571736576741e-05
2024-07-25,09:43:50,21.2738,26.88,25.25,2846,15257046.0,5.409912048053099e-05
2024-07-25,09:43:50,21.2788,26.88,25.25,2848,15257049.0,5.392634167322807e-05
2024-07-25,09:43:50,21.2838,26.88,25.25,2847,15257045.0,5.401266199007641e-05
2024-07-25,09:43:50,21.2886,26.88,25.25,2846,15257045.0,5.409912048053099e-05
2024-07-25,09:43:50,21.2935,26.88,25.25,2846,15257049.0,5.409912048053099e-05
2024-07-25,09:43:50,21.2985,26.88,25.25,2846,15257048.0,5.409912048053099e-05
2024-07-25,09:43:50,21.3035,26.88,25.25,2846,15257046.0,5.409912048053099e-05
2024-07-25,09:43:50,21.3085,26.88,25.25,2846,15257046.0,5.409912048053099e-05
2024-07-25,09:43:50,21.3135,26.88,25.25,2846,15257047.0,5.409912048053099e-05
2024-07-25,09:43:50,21.3185,26.88,25.25,2846,15257048.0,5.409912048053099e-05
2024-07-25,09:43:50,21.3234,26.88,25.25,2846,15257048.0,5.409912048053099e-05
2024-07-25,09:43:50,21.3284,26.88,25.25,2846,15257047.0,5.409912048053099e-05
2024-07-25,09:43:50,21.3334,26.88,25.25,2846,15257044.0,5.409912048053099e-05
2024-07-25,09:43:50,21.3384,26.88,25.25,2845,15257042.0,5.418571736576741e-05
2024-07-25,09:43:50,21.3434,26.88,25.25,2845,15257046.0,5.418571736576741e-05
2024-07-25,09:43:50,21.3484,26.88,25.25,2846,15257050.0,5.409912048053099e-05
2024-07-25,09:43:50,21.3534,26.88,25.25,2846,15257045.0,5.409912048053099e-05
2024-07-25,09:43:50,21.3583,26.88,25.25,2845,15257041.0,5.418571736576741e-05
2024-07-25,09:43:50,21.3633,26.88,25.25,2845,15257046.0,5.418571736576741e-05
2024-07-25,09:43:50,21.3684,26.88,25.25,2846,15257047.0,5.409912048053099e-05
2024-07-25,09:43:50,21.3734,26.88,25.25,2847,15257044.0,5.401266199007641e-05
2024-07-25,09:43:50,21.3782,26.88,25.25,2847,15257043.0,5.401266199007641e-05
2024-07-25,09:43:50,21.3831,26.88,25.25,2845,15257045.0,5.418571736576741e-05
2024-07-25,09:43:50,21.3881,26.88,25.25,2844,15257044.0,5.427245286731521e-05
2024-07-25,09:43:50,21.3932,26.88,25.25,2845,15257043.0,5.418571736576741e-05
2024-07-25,09:43:50,21.3982,26.88,25.25,2846,15257044.0,5.409912048053099e-05
2024-07-25,09:43:50,21.4032,26.88,25.25,2846,15257044.0,5.409912048053099e-05
2024-07-25,09:43:50,21.4082,26.88,25.25,2845,15257043.0,5.418571736576741e-05
2024-07-25,09:43:50,21.413,26.88,25.25,2844,15257046.0,5.427245286731521e-05
2024-07-25,09:43:50,21.418,26.88,25.25,2845,15257047.0,5.418571736576741e-05
2024-07-25,09:43:50,21.423,26.88,25.25,2846,15257040.0,5.409912048053099e-05
2024-07-25,09:43:50,21.428,26.88,25.25,2846,15257042.0,5.409912048053099e-05
2024-07-25,09:43:50,21.433,26.88,25.25,2846,15257046.0,5.409912048053099e-05
2024-07-25,09:43:50,21.438,26.88,25.25,2846,15257046.0,5.409912048053099e-05
2024-07-25,09:43:50,21.443,26.88,25.25,2846,15257043.0,5.409912048053099e-05
2024-07-25,09:43:50,21.4479,26.88,25.25,2846,15257043.0,5.409912048053099e-05
2024-07-25,09:43:50,21.4529,26.88,25.25,2846,15257044.0,5.409912048053099e-05
2024-07-25,09:43:50,21.4578,26.88,25.25,2845,15257043.0,5.418571736576741e-05
2024-07-25,09:43:50,21.4628,26.88,25.25,2844,15257044.0,5.427245286731521e-05
2024-07-25,09:43:50,21.4678,26.88,25.25,2844,15257044.0,5.427245286731521e-05
2024-07-25,09:43:50,21.4727,26.88,25.25,2845,15257041.0,5.418571736576741e-05
2024-07-25,09:43:50,21.4777,26.88,25.25,2844,15257040.0,5.427245286731521e-05
2024-07-25,09:43:50,21.4827,26.88,25.25,2843,15257045.0,5.435932720705872e-05
2024-07-25,09:43:50,21.4877,26.88,25.25,2844,15257045.0,5.427245286731521e-05
2024-07-25,09:43:50,21.4927,26.88,25.25,2846,15257038.0,5.409912048053099e-05
2024-07-25,09:43:50,21.4975,26.88,25.25,2846,15257041.0,5.409912048053099e-05
2024-07-25,09:43:50,21.5024,26.88,25.25,2844,15257046.0,5.427245286731521e-05
2024-07-25,09:43:50,21.5074,26.88,25.25,2844,15257045.0,5.427245286731521e-05
2024-07-25,09:43:50,21.5124,26.88,25.25,2845,15257043.0,5.418571736576741e-05
2024-07-25,09:43:50,21.5174,26.88,25.25,2845,15257042.0,5.418571736576741e-05
2024-07-25,09:43:50,21.5272,26.88,25.25,2843,15257045.0,5.435932720705872e-05
2024-07-25,09:43:50,21.5321,26.88,25.25,2845,15257042.0,5.418571736576741e-05
2024-07-25,09:43:50,21.5371,26.88,25.25,2845,15257041.0,5.418571736576741e-05
2024-07-25,09:43:50,21.5422,26.88,25.25,2843,15257044.0,5.435932720705872e-05
2024-07-25,09:43:50,21.5472,26.88,25.25,2842,15257043.0,5.44463406072372e-05
2024-07-25,09:43:50,21.5521,26.88,25.25,2844,15257040.0,5.427245286731521e-05
2024-07-25,09:43:50,21.557,26.88,25.25,2845,15257040.0,5.418571736576741e-05
2024-07-25,09:43:50,21.562,26.88,25.25,2844,15257039.0,5.427245286731521e-05
2024-07-25,09:43:50,21.5669,26.88,25.25,2844,15257040.0,5.427245286731521e-05
2024-07-25,09:43:50,21.5719,26.88,25.25,2843,15257043.0,5.435932720705872e-05
2024-07-25,09:43:50,21.5769,26.88,25.25,2843,15257043.0,5.435932720705872e-05
2024-07-25,09:43:50,21.5819,26.88,25.25,2844,15257041.0,5.427245286731521e-05
2024-07-25,09:43:50,21.5869,26.88,25.25,2843,15257041.0,5.435932720705872e-05
2024-07-25,09:43:50,21.5917,26.88,25.25,2842,15257044.0,5.44463406072372e-05
2024-07-25,09:43:50,21.5967,26.88,25.25,2842,15257044.0,5.44463406072372e-05
2024-07-25,09:43:50,21.6017,26.88,25.25,2843,15257042.0,5.435932720705872e-05
2024-07-25,09:43:50,21.6067,26.88,25.25,2844,15257043.0,5.427245286731521e-05
2024-07-25,09:43:50,21.6117,26.88,25.25,2844,15257041.0,5.427245286731521e-05
2024-07-25,09:43:50,21.6167,26.88,25.25,2843,15257039.0,5.435932720705872e-05
2024-07-25,09:43:50,21.6217,26.88,25.25,2843,15257038.0,5.435932720705872e-05
2024-07-25,09:43:50,21.6265,26.88,25.25,2844,15257040.0,5.427245286731521e-05
2024-07-25,09:43:50,21.6315,26.88,25.25,2843,15257041.0,5.435932720705872e-05
2024-07-25,09:43:50,21.6365,26.88,25.25,2843,15257041.0,5.435932720705872e-05
2024-07-25,09:43:50,21.6414,26.88,25.25,2843,15257043.0,5.435932720705872e-05
2024-07-25,09:43:50,21.6464,26.88,25.25,2842,15257043.0,5.44463406072372e-05
2024-07-25,09:43:50,21.6514,26.88,25.25,2842,15257043.0,5.44463406072372e-05
2024-07-25,09:43:50,21.6564,26.88,25.25,2842,15257042.0,5.44463406072372e-05
2024-07-25,09:43:50,21.6614,26.88,25.25,2841,15257046.0,5.453349329044587e-05
2024-07-25,09:43:50,21.6664,26.88,25.25,2842,15257047.0,5.44463406072372e-05
2024-07-25,09:43:50,21.6715,26.88,25.25,2844,15257041.0,5.427245286731521e-05
2024-07-25,09:43:50,21.6765,26.88,25.25,2844,15257041.0,5.427245286731521e-05
2024-07-25,09:43:50,21.6813,26.88,25.25,2843,15257039.0,5.435932720705872e-05
2024-07-25,09:43:50,21.6863,26.88,25.25,2842,15257037.0,5.44463406072372e-05
2024-07-25,09:43:50,21.6913,26.88,25.25,2842,15257039.0,5.44463406072372e-05
2024-07-25,09:43:50,21.6963,26.88,25.25,2842,15257042.0,5.44463406072372e-05
2024-07-25,09:43:50,21.7013,26.88,25.25,2843,15257039.0,5.435932720705872e-05
2024-07-25,09:43:50,21.7063,26.88,25.25,2842,15257036.0,5.44463406072372e-05
2024-07-25,09:43:50,21.7113,26.88,25.25,2841,15257041.0,5.453349329044587e-05
2024-07-25,09:43:50,21.7161,26.88,25.25,2843,15257042.0,5.435932720705872e-05
2024-07-25,09:43:51,21.721,26.88,25.25,2843,15257040.0,5.435932720705872e-05
2024-07-25,09:43:51,21.726,26.88,25.25,2842,15257039.0,5.44463406072372e-05
2024-07-25,09:43:51,21.731,26.88,25.25,2841,15257041.0,5.453349329044587e-05
2024-07-25,09:43:51,21.736,26.88,25.25,2841,15257041.0,5.453349329044587e-05
2024-07-25,09:43:51,21.741,26.88,25.25,2841,15257040.0,5.453349329044587e-05
2024-07-25,09:43:51,21.746,26.88,25.25,2841,15257041.0,5.453349329044587e-05
2024-07-25,09:43:51,21.751,26.88,25.25,2842,15257036.0,5.44463406072372e-05
2024-07-25,09:43:51,21.756,26.88,25.25,2842,15257035.0,5.44463406072372e-05
2024-07-25,09:43:51,21.7609,26.88,25.25,2841,15257040.0,5.453349329044587e-05
2024-07-25,09:43:51,21.7659,26.88,25.25,2841,15257042.0,5.453349329044587e-05
2024-07-25,09:43:51,21.7709,26.88,25.25,2842,15257037.0,5.44463406072372e-05
2024-07-25,09:43:51,21.7758,26.88,25.25,2841,15257036.0,5.453349329044587e-05
2024-07-25,09:43:51,21.7808,26.88,25.25,2841,15257037.0,5.453349329044587e-05
2024-07-25,09:43:51,21.7858,26.88,25.25,2842,15257037.0,5.44463406072372e-05
2024-07-25,09:43:51,21.7906,26.88,25.25,2841,15257036.0,5.453349329044587e-05
2024-07-25,09:43:51,21.7955,26.88,25.25,2841,15257036.0,5.453349329044587e-05
2024-07-25,09:43:51,21.8005,26.88,25.25,2839,15257044.0,5.47082173981163e-05
2024-07-25,09:43:51,21.8056,26.88,25.25,2839,15257045.0,5.47082173981163e-05
2024-07-25,09:43:51,21.8106,26.88,25.25,2843,15257040.0,5.435932720705872e-05
2024-07-25,09:43:51,21.8156,26.88,25.25,2841,15257036.0,5.453349329044587e-05
2024-07-25,09:43:51,21.8206,26.88,25.25,2841,15257027.0,5.453349329044587e-05
2024-07-25,09:43:51,21.8255,26.88,25.25,2841,15257028.0,5.453349329044587e-05
2024-07-25,09:43:51,21.8303,26.88,25.25,2838,15257033.0,5.479578926955211e-05
2024-07-25,09:43:51,21.8353,26.88,25.25,2841,15257037.0,5.453349329044587e-05
2024-07-25,09:43:51,21.8403,26.88,25.25,2841,15257042.0,5.453349329044587e-05
2024-07-25,09:43:51,21.8453,26.88,25.25,2839,15257040.0,5.47082173981163e-05
2024-07-25,09:43:51,21.8503,26.88,25.25,2840,15257041.0,5.462078547963611e-05
2024-07-25,09:43:51,21.8553,26.88,25.25,2839,15257039.0,5.47082173981163e-05
2024-07-25,09:43:51,21.8603,26.88,25.25,2840,15257030.0,5.462078547963611e-05
2024-07-25,09:43:51,21.8653,26.88,25.25,2841,15257031.0,5.453349329044587e-05
2024-07-25,09:43:51,21.8703,26.88,25.25,2838,15257041.0,5.479578926955211e-05
2024-07-25,09:43:51,21.8753,26.88,25.25,2838,15257042.0,5.479578926955211e-05
2024-07-25,09:43:51,21.8802,26.88,25.25,2840,15257043.0,5.462078547963611e-05
2024-07-25,09:43:51,21.8852,26.88,25.25,2840,15257042.0,5.462078547963611e-05
2024-07-25,09:43:51,21.8902,26.88,25.25,2841,15257036.0,5.453349329044587e-05
2024-07-25,09:43:51,21.8952,26.88,25.25,2839,15257035.0,5.47082173981163e-05
2024-07-25,09:43:51,21.9003,26.88,25.25,2837,15257033.0,5.488350131796743e-05
2024-07-25,09:43:51,21.9053,26.88,25.25,2840,15257035.0,5.462078547963611e-05
2024-07-25,09:43:51,21.9102,26.88,25.25,2840,15257037.0,5.462078547963611e-05
2024-07-25,09:43:51,21.9152,26.88,25.25,2839,15257037.0,5.47082173981163e-05
2024-07-25,09:43:51,21.9202,26.88,25.25,2840,15257040.0,5.462078547963611e-05
2024-07-25,09:43:51,21.9252,26.88,25.25,2840,15257039.0,5.462078547963611e-05
2024-07-25,09:43:51,21.9302,26.88,25.25,2840,15257035.0,5.462078547963611e-05
2024-07-25,09:43:51,21.935,26.88,25.25,2839,15257034.0,5.47082173981163e-05
2024-07-25,09:43:51,21.94,26.88,25.25,2837,15257036.0,5.488350131796743e-05
2024-07-25,09:43:51,21.9451,26.88,25.25,2837,15257036.0,5.488350131796743e-05
2024-07-25,09:43:51,21.9501,26.88,25.25,2837,15257039.0,5.488350131796743e-05
2024-07-25,09:43:51,21.9551,26.88,25.25,2839,15257041.0,5.47082173981163e-05
2024-07-25,09:43:51,21.9601,26.88,25.25,2840,15257034.0,5.462078547963611e-05
2024-07-25,09:43:51,21.965,26.88,25.25,2839,15257035.0,5.47082173981163e-05
2024-07-25,09:43:51,21.97,26.88,25.25,2840,15257038.0,5.462078547963611e-05
2024-07-25,09:43:51,21.975,26.88,25.25,2840,15257037.0,5.462078547963611e-05
2024-07-25,09:43:51,21.9798,26.88,25.25,2839,15257036.0,5.47082173981163e-05
2024-07-25,09:43:51,21.9848,26.88,25.25,2838,15257035.0,5.479578926955211e-05
2024-07-25,09:43:51,21.9898,26.88,25.25,2837,15257037.0,5.488350131796743e-05
2024-07-25,09:43:51,21.9948,26.88,25.25,2838,15257039.0,5.479578926955211e-05
2024-07-25,09:43:51,21.9998,26.88,25.25,2840,15257035.0,5.462078547963611e-05
2024-07-25,09:43:51,22.0048,26.88,25.25,2839,15257033.0,5.47082173981163e-05
2024-07-25,09:43:51,22.0098,26.88,25.25,2838,15257035.0,5.479578926955211e-05
2024-07-25,09:43:51,22.0146,26.88,25.25,2838,15257036.0,5.479578926955211e-05
2024-07-25,09:43:51,22.0196,26.88,25.25,2837,15257037.0,5.488350131796743e-05
2024-07-25,09:43:51,22.0246,26.88,25.25,2838,15257035.0,5.479578926955211e-05
2024-07-25,09:43:51,22.0296,26.88,25.25,2839,15257032.0,5.47082173981163e-05
2024-07-25,09:43:51,22.0346,26.88,25.25,2838,15257034.0,5.479578926955211e-05
2024-07-25,09:43:51,22.0395,26.88,25.25,2837,15257040.0,5.488350131796743e-05
2024-07-25,09:43:51,22.0445,26.88,25.25,2838,15257040.0,5.479578926955211e-05
2024-07-25,09:43:51,22.0495,26.88,25.25,2839,15257032.0,5.47082173981163e-05
2024-07-25,09:43:51,22.0545,26.88,25.25,2839,15257032.0,5.47082173981163e-05
2024-07-25,09:43:51,22.0594,26.88,25.25,2838,15257039.0,5.479578926955211e-05
2024-07-25,09:43:51,22.0644,26.88,25.25,2837,15257037.0,5.488350131796743e-05
2024-07-25,09:43:51,22.0694,26.88,25.25,2838,15257034.0,5.479578926955211e-05
2024-07-25,09:43:51,22.0744,26.94,25.25,2840,15257034.0,5.462078547963611e-05
2024-07-25,09:43:51,22.0795,26.94,25.25,2839,15257032.0,5.47082173981163e-05
2024-07-25,09:43:51,22.0845,26.94,25.25,2842,15257040.0,5.44463406072372e-05
2024-07-25,09:43:51,22.0893,26.94,25.25,2842,15257043.0,5.44463406072372e-05
2024-07-25,09:43:51,22.0941,26.94,25.25,2838,15257035.0,5.479578926955211e-05
2024-07-25,09:43:51,22.0993,26.94,25.25,2838,15257032.0,5.479578926955211e-05
2024-07-25,09:43:51,22.1042,26.94,25.25,2837,15257032.0,5.488350131796743e-05
2024-07-25,09:43:51,22.1091,26.94,25.25,2837,15257036.0,5.488350131796743e-05
2024-07-25,09:43:51,22.1141,26.94,25.25,2837,15257036.0,5.488350131796743e-05
2024-07-25,09:43:51,22.1192,26.94,25.25,2837,15257032.0,5.488350131796743e-05
2024-07-25,09:43:51,22.1242,26.94,25.25,2837,15257031.0,5.488350131796743e-05
2024-07-25,09:43:51,22.1291,26.94,25.25,2838,15257029.0,5.479578926955211e-05
2024-07-25,09:43:51,22.1339,26.94,25.25,2837,15257030.0,5.488350131796743e-05
2024-07-25,09:43:51,22.1389,26.94,25.25,2835,15257036.0,5.505934684362513e-05
2024-07-25,09:43:51,22.1441,26.94,25.25,2836,15257036.0,5.497135376774456e-05
2024-07-25,09:43:51,22.149,26.94,25.25,2837,15257032.0,5.488350131796743e-05
2024-07-25,09:43:51,22.1539,26.94,25.25,2836,15257031.0,5.497135376774456e-05
2024-07-25,09:43:51,22.1588,26.94,25.25,2835,15257035.0,5.505934684362513e-05
2024-07-25,09:43:51,22.1638,26.94,25.25,2836,15257037.0,5.497135376774456e-05
2024-07-25,09:43:51,22.1688,26.94,25.25,2836,15257033.0,5.497135376774456e-05
2024-07-25,09:43:51,22.1737,26.94,25.25,2836,15257032.0,5.497135376774456e-05
2024-07-25,09:43:51,22.1787,26.94,25.25,2836,15257036.0,5.497135376774456e-05
2024-07-25,09:43:51,22.1837,26.94,25.25,2836,15257032.0,5.497135376774456e-05
2024-07-25,09:43:51,22.1887,26.94,25.25,2836,15257032.0,5.497135376774456e-05
2024-07-25,09:43:51,22.1937,26.94,25.25,2836,15257035.0,5.497135376774456e-05
2024-07-25,09:43:51,22.1987,26.94,25.25,2836,15257035.0,5.497135376774456e-05
2024-07-25,09:43:51,22.2037,26.94,25.25,2835,15257034.0,5.505934684362513e-05
2024-07-25,09:43:51,22.2087,26.94,25.25,2836,15257031.0,5.497135376774456e-05
2024-07-25,09:43:51,22.2137,26.94,25.25,2837,15257031.0,5.488350131796743e-05
2024-07-25,09:43:51,22.2187,26.94,25.25,2835,15257033.0,5.505934684362513e-05
2024-07-25,09:43:51,22.2237,26.94,25.25,2833,15257031.0,5.523575577446202e-05
2024-07-25,09:43:51,22.2287,26.94,25.25,2833,15257034.0,5.523575577446202e-05
2024-07-25,09:43:51,22.2337,26.94,25.25,2835,15257036.0,5.505934684362513e-05
2024-07-25,09:43:51,22.2386,26.94,25.25,2836,15257033.0,5.497135376774456e-05
2024-07-25,09:43:51,22.2436,26.94,25.25,2835,15257031.0,5.505934684362513e-05
2024-07-25,09:43:51,22.2486,26.94,25.25,2833,15257035.0,5.523575577446202e-05
2024-07-25,09:43:51,22.2536,26.94,25.25,2833,15257035.0,5.523575577446202e-05
2024-07-25,09:43:51,22.2586,26.94,25.25,2834,15257033.0,5.51474807707104e-05
2024-07-25,09:43:51,22.2686,26.94,25.25,2835,15257032.0,5.505934684362513e-05
2024-07-25,09:43:51,22.2735,26.94,25.25,2834,15257030.0,5.51474807707104e-05
2024-07-25,09:43:51,22.2785,26.94,25.25,2835,15257034.0,5.505934684362513e-05
2024-07-25,09:43:51,22.2836,26.94,25.25,2836,15257035.0,5.497135376774456e-05
2024-07-25,09:43:51,22.2886,26.94,25.25,2835,15257031.0,5.505934684362513e-05
2024-07-25,09:43:51,22.2936,26.94,25.25,2834,15257031.0,5.51474807707104e-05
2024-07-25,09:43:51,22.2985,26.94,25.25,2833,15257035.0,5.523575577446202e-05
2024-07-25,09:43:51,22.3035,26.94,25.25,2834,15257035.0,5.51474807707104e-05
2024-07-25,09:43:51,22.3085,26.94,25.25,2836,15257027.0,5.497135376774456e-05
2024-07-25,09:43:51,22.3134,26.94,25.25,2835,15257026.0,5.505934684362513e-05
2024-07-25,09:43:51,22.3183,26.94,25.25,2835,15257031.0,5.505934684362513e-05
2024-07-25,09:43:51,22.3233,26.94,25.25,2835,15257030.0,5.505934684362513e-05
2024-07-25,09:43:51,22.3282,26.94,25.25,2835,15257030.0,5.505934684362513e-05
2024-07-25,09:43:51,22.3332,26.94,25.25,2835,15257029.0,5.505934684362513e-05
2024-07-25,09:43:51,22.3382,26.94,25.25,2834,15257030.0,5.51474807707104e-05
2024-07-25,09:43:51,22.3432,26.94,25.25,2834,15257031.0,5.51474807707104e-05
2024-07-25,09:43:51,22.3482,26.94,25.25,2833,15257035.0,5.523575577446202e-05
2024-07-25,09:43:51,22.3532,26.94,25.25,2833,15257035.0,5.523575577446202e-05
2024-07-25,09:43:51,22.3582,26.94,25.25,2834,15257027.0,5.51474807707104e-05
2024-07-25,09:43:51,22.3632,26.94,25.25,2833,15257027.0,5.523575577446202e-05
2024-07-25,09:43:51,22.3682,26.94,25.25,2832,15257033.0,5.532417208070247e-05
2024-07-25,09:43:51,22.3732,26.94,25.25,2833,15257034.0,5.523575577446202e-05
2024-07-25,09:43:51,22.3782,26.94,25.25,2834,15257028.0,5.51474807707104e-05
2024-07-25,09:43:51,22.3832,26.94,25.25,2834,15257027.0,5.51474807707104e-05
2024-07-25,09:43:51,22.3881,26.94,25.25,2832,15257034.0,5.532417208070247e-05
2024-07-25,09:43:51,22.3931,26.94,25.25,2831,15257034.0,5.541272991561584e-05
2024-07-25,09:43:51,22.3981,26.94,25.25,2833,15257032.0,5.523575577446202e-05
2024-07-25,09:43:51,22.4031,26.94,25.25,2833,15257030.0,5.523575577446202e-05
2024-07-25,09:43:51,22.4081,26.94,25.25,2833,15257027.0,5.523575577446202e-05
2024-07-25,09:43:51,22.4131,26.94,25.25,2833,15257028.0,5.523575577446202e-05
2024-07-25,09:43:51,22.4181,26.94,25.25,2832,15257032.0,5.532417208070247e-05
2024-07-25,09:43:51,22.4231,26.94,25.25,2833,15257032.0,5.523575577446202e-05
2024-07-25,09:43:51,22.4281,26.94,25.25,2834,15257029.0,5.51474807707104e-05
2024-07-25,09:43:51,22.4331,26.94,25.25,2833,15257029.0,5.523575577446202e-05
2024-07-25,09:43:51,22.4381,26.94,25.25,2831,15257031.0,5.541272991561584e-05
2024-07-25,09:43:51,22.4431,26.94,25.25,2831,15257030.0,5.541272991561584e-05
2024-07-25,09:43:51,22.4481,26.94,25.25,2832,15257029.0,5.532417208070247e-05
2024-07-25,09:43:51,22.453,26.94,25.25,2832,15257029.0,5.532417208070247e-05
2024-07-25,09:43:51,22.458,26.94,25.25,2833,15257025.0,5.523575577446202e-05
2024-07-25,09:43:51,22.463,26.94,25.25,2833,15257026.0,5.523575577446202e-05
2024-07-25,09:43:51,22.468,26.94,25.25,2832,15257032.0,5.532417208070247e-05
2024-07-25,09:43:51,22.473,26.94,25.25,2832,15257029.0,5.532417208070247e-05
2024-07-25,09:43:51,22.478,26.94,25.25,2833,15257021.0,5.523575577446202e-05
2024-07-25,09:43:51,22.4829,26.94,25.25,2832,15257021.0,5.532417208070247e-05
2024-07-25,09:43:51,22.4877,26.94,25.25,2829,15257030.0,5.559027107800794e-05
2024-07-25,09:43:51,22.4929,26.94,25.25,2829,15257031.0,5.559027107800794e-05
2024-07-25,09:43:51,22.4981,26.94,25.25,2831,15257026.0,5.541272991561584e-05
2024-07-25,09:43:51,22.5031,26.94,25.25,2832,15257027.0,5.532417208070247e-05
2024-07-25,09:43:51,22.508,26.94,25.25,2832,15257026.0,5.532417208070247e-05
2024-07-25,09:43:51,22.5129,26.94,25.25,2832,15257026.0,5.532417208070247e-05
2024-07-25,09:43:51,22.5179,26.94,25.25,2831,15257029.0,5.541272991561584e-05
2024-07-25,09:43:51,22.5229,26.94,25.25,2830,15257027.0,5.550142950574806e-05
2024-07-25,09:43:51,22.5279,26.94,25.25,2830,15257025.0,5.550142950574806e-05
2024-07-25,09:43:51,22.5328,26.94,25.25,2831,15257026.0,5.541272991561584e-05
2024-07-25,09:43:51,22.5378,26.94,25.25,2832,15257024.0,5.532417208070247e-05
2024-07-25,09:43:51,22.5428,26.94,25.25,2832,15257024.0,5.532417208070247e-05
2024-07-25,09:43:51,22.5478,26.94,25.25,2831,15257026.0,5.541272991561584e-05
2024-07-25,09:43:51,22.5528,26.94,25.25,2830,15257025.0,5.550142950574806e-05
2024-07-25,09:43:51,22.5576,26.94,25.25,2830,15257025.0,5.550142950574806e-05
2024-07-25,09:43:51,22.5626,26.94,25.25,2830,15257026.0,5.550142950574806e-05
2024-07-25,09:43:51,22.5677,26.94,25.25,2830,15257027.0,5.550142950574806e-05
2024-07-25,09:43:51,22.5727,26.94,25.25,2831,15257027.0,5.541272991561584e-05
2024-07-25,09:43:51,22.5777,26.94,25.25,2831,15257023.0,5.541272991561584e-05
2024-07-25,09:43:51,22.5827,26.94,25.25,2830,15257022.0,5.550142950574806e-05
2024-07-25,09:43:51,22.5877,26.94,25.25,2830,15257027.0,5.550142950574806e-05
2024-07-25,09:43:51,22.5927,26.94,25.25,2831,15257027.0,5.541272991561584e-05
2024-07-25,09:43:51,22.5977,26.94,25.25,2831,15257026.0,5.541272991561584e-05
2024-07-25,09:43:51,22.6027,26.94,25.25,2829,15257024.0,5.559027107800794e-05
2024-07-25,09:43:51,22.6077,26.94,25.25,2829,15257023.0,5.559027107800794e-05
2024-07-25,09:43:51,22.6128,26.94,25.25,2830,15257025.0,5.550142950574806e-05
2024-07-25,09:43:51,22.6178,26.94,25.25,2830,15257027.0,5.550142950574806e-05
2024-07-25,09:43:51,22.6228,26.94,25.25,2830,15257027.0,5.550142950574806e-05
2024-07-25,09:43:51,22.6278,26.94,25.25,2830,15257021.0,5.550142950574806e-05
2024-07-25,09:43:51,22.6326,26.94,25.25,2829,15257020.0,5.559027107800794e-05
2024-07-25,09:43:51,22.6376,26.94,25.25,2829,15257028.0,5.559027107800794e-05
2024-07-25,09:43:51,22.6426,26.94,25.25,2831,15257029.0,5.541272991561584e-05
2024-07-25,09:43:51,22.6476,26.94,25.25,2831,15257022.0,5.541272991561584e-05
2024-07-25,09:43:51,22.6526,26.94,25.25,2829,15257020.0,5.559027107800794e-05
2024-07-25,09:43:51,22.6576,26.94,25.25,2828,15257026.0,5.567925485966727e-05
2024-07-25,09:43:51,22.6627,26.94,25.25,2828,15257027.0,5.567925485966727e-05
2024-07-25,09:43:51,22.6677,26.94,25.25,2829,15257022.0,5.559027107800794e-05
2024-07-25,09:43:51,22.6727,26.94,25.25,2830,15257022.0,5.550142950574806e-05
2024-07-25,09:43:51,22.6777,26.94,25.25,2830,15257021.0,5.550142950574806e-05
2024-07-25,09:43:51,22.6827,26.94,25.25,2829,15257022.0,5.559027107800794e-05
2024-07-25,09:43:51,22.6877,26.94,25.25,2828,15257027.0,5.567925485966727e-05
2024-07-25,09:43:51,22.6927,26.94,25.25,2829,15257026.0,5.559027107800794e-05
2024-07-25,09:43:51,22.6977,26.94,25.25,2830,15257022.0,5.550142950574806e-05
2024-07-25,09:43:51,22.7025,26.94,25.25,2829,15257020.0,5.559027107800794e-05
2024-07-25,09:43:51,22.7075,26.94,25.25,2828,15257026.0,5.567925485966727e-05
2024-07-25,09:43:51,22.7126,26.94,25.25,2829,15257026.0,5.559027107800794e-05
2024-07-25,09:43:51,22.7176,26.94,25.25,2829,15257020.0,5.559027107800794e-05
2024-07-25,09:43:52,22.7225,26.94,25.25,2828,15257019.0,5.567925485966727e-05
2024-07-25,09:43:52,22.7275,26.94,25.25,2828,15257021.0,5.567925485966727e-05
2024-07-25,09:43:52,22.7325,26.94,25.25,2828,15257024.0,5.567925485966727e-05
2024-07-25,09:43:52,22.7375,26.94,25.25,2829,15257022.0,5.559027107800794e-05
2024-07-25,09:43:52,22.7426,26.94,25.25,2829,15257021.0,5.559027107800794e-05
2024-07-25,09:43:52,22.7476,26.94,25.25,2828,15257018.0,5.567925485966727e-05
2024-07-25,09:43:52,22.7524,26.94,25.25,2828,15257019.0,5.567925485966727e-05
2024-07-25,09:43:52,22.7574,26.94,25.25,2828,15257024.0,5.567925485966727e-05
2024-07-25,09:43:52,22.7625,26.94,25.25,2828,15257023.0,5.567925485966727e-05
2024-07-25,09:43:52,22.7675,26.94,25.25,2829,15257017.0,5.559027107800794e-05
2024-07-25,09:43:52,22.7724,26.94,25.25,2828,15257016.0,5.567925485966727e-05
2024-07-25,09:43:52,22.7773,26.94,25.25,2827,15257024.0,5.576838107836185e-05
2024-07-25,09:43:52,22.7823,26.94,25.25,2828,15257025.0,5.567925485966727e-05
2024-07-25,09:43:52,22.7874,26.94,25.25,2828,15257018.0,5.567925485966727e-05
2024-07-25,09:43:52,22.7924,26.94,25.25,2828,15257017.0,5.567925485966727e-05
2024-07-25,09:43:52,22.7974,26.94,25.25,2828,15257018.0,5.567925485966727e-05
2024-07-25,09:43:52,22.8024,26.94,25.25,2828,15257020.0,5.567925485966727e-05
2024-07-25,09:43:52,22.8073,26.94,25.25,2828,15257020.0,5.567925485966727e-05
2024-07-25,09:43:52,22.8122,26.94,25.25,2829,15257020.0,5.559027107800794e-05
2024-07-25,09:43:52,22.8171,26.94,25.25,2828,15257020.0,5.567925485966727e-05
2024-07-25,09:43:52,22.8221,26.94,25.25,2827,15257019.0,5.576838107836185e-05
2024-07-25,09:43:52,22.8271,26.94,25.25,2827,15257021.0,5.576838107836185e-05
2024-07-25,09:43:52,22.8321,26.94,25.25,2827,15257020.0,5.576838107836185e-05
2024-07-25,09:43:52,22.837,26.94,25.25,2829,15257013.0,5.559027107800794e-05
2024-07-25,09:43:52,22.842,26.94,25.25,2828,15257013.0,5.567925485966727e-05
2024-07-25,09:43:52,22.8469,26.94,25.25,2826,15257026.0,5.585764996209166e-05
2024-07-25,09:43:52,22.852,26.94,25.25,2826,15257025.0,5.585764996209166e-05
2024-07-25,09:43:52,22.8571,26.94,25.25,2828,15257014.0,5.567925485966727e-05
2024-07-25,09:43:52,22.862,26.94,25.25,2829,15257014.0,5.559027107800794e-05
2024-07-25,09:43:52,22.867,26.94,25.25,2828,15257015.0,5.567925485966727e-05
2024-07-25,09:43:52,22.872,26.94,25.25,2828,15257015.0,5.567925485966727e-05
2024-07-25,09:43:52,22.8769,26.94,25.25,2829,15257014.0,5.559027107800794e-05
2024-07-25,09:43:52,22.8817,26.94,25.25,2829,15257014.0,5.559027107800794e-05
2024-07-25,09:43:52,22.8867,26.94,25.25,2828,15257014.0,5.567925485966727e-05
2024-07-25,09:43:52,22.8917,26.94,25.25,2827,15257015.0,5.576838107836185e-05
2024-07-25,09:43:52,22.8966,26.94,25.25,2826,15257019.0,5.585764996209166e-05
2024-07-25,09:43:52,22.9016,26.94,25.25,2827,15257019.0,5.576838107836185e-05
2024-07-25,09:43:52,22.9067,26.94,25.25,2828,15257014.0,5.567925485966727e-05
2024-07-25,09:43:52,22.9115,26.94,25.25,2827,15257013.0,5.576838107836185e-05
2024-07-25,09:43:52,22.9164,26.94,25.25,2826,15257021.0,5.585764996209166e-05
2024-07-25,09:43:52,22.9214,26.94,25.25,2827,15257020.0,5.576838107836185e-05
2024-07-25,09:43:52,22.9264,26.94,25.25,2828,15257011.0,5.567925485966727e-05
2024-07-25,09:43:52,22.9314,26.94,25.25,2827,15257011.0,5.576838107836185e-05
2024-07-25,09:43:52,22.9364,26.94,25.25,2826,15257016.0,5.585764996209166e-05
2024-07-25,09:43:52,22.9414,26.94,25.25,2826,15257016.0,5.585764996209166e-05
2024-07-25,09:43:52,22.9462,26.94,25.25,2827,15257010.0,5.576838107836185e-05
2024-07-25,09:43:52,22.9511,26.94,25.25,2827,15257008.0,5.576838107836185e-05
2024-07-25,09:43:52,22.9561,26.94,25.25,2826,15257011.0,5.585764996209166e-05
2024-07-25,09:43:52,22.9611,26.94,25.25,2826,15257013.0,5.585764996209166e-05
2024-07-25,09:43:52,22.9659,26.94,25.25,2826,15257018.0,5.585764996209166e-05
2024-07-25,09:43:52,22.9709,26.94,25.25,2826,15257018.0,5.585764996209166e-05
2024-07-25,09:43:52,22.9761,26.94,25.25,2827,15257012.0,5.576838107836185e-05
2024-07-25,09:43:52,22.9809,26.94,25.25,2826,15257009.0,5.585764996209166e-05
2024-07-25,09:43:52,22.9858,26.94,25.25,2825,15257013.0,5.594706173922184e-05
2024-07-25,09:43:52,22.9908,26.94,25.25,2826,15257015.0,5.585764996209166e-05
2024-07-25,09:43:52,22.9958,26.94,25.25,2826,15257010.0,5.585764996209166e-05
2024-07-25,09:43:52,23.0008,26.94,25.25,2825,15257010.0,5.594706173922184e-05
2024-07-25,09:43:52,23.0056,26.94,25.25,2824,15257019.0,5.603661663848286e-05
2024-07-25,09:43:52,23.0106,26.94,25.25,2825,15257019.0,5.594706173922184e-05
2024-07-25,09:43:52,23.0156,26.94,25.25,2826,15257006.0,5.585764996209166e-05
2024-07-25,09:43:52,23.0205,26.94,25.25,2826,15257008.0,5.585764996209166e-05
2024-07-25,09:43:52,23.0253,26.94,25.25,2825,15257012.0,5.594706173922184e-05
2024-07-25,09:43:52,23.0302,26.94,25.25,2825,15257013.0,5.594706173922184e-05
2024-07-25,09:43:52,23.0351,26.94,25.25,2825,15257016.0,5.594706173922184e-05
2024-07-25,09:43:52,23.0399,26.94,25.25,2824,15257014.0,5.603661663848286e-05
2024-07-25,09:43:52,23.0499,26.94,25.25,2824,15257011.0,5.603661663848286e-05
2024-07-25,09:43:52,23.0549,26.94,25.25,2825,15257012.0,5.594706173922184e-05
2024-07-25,09:43:52,23.0599,26.94,25.25,2825,15257010.0,5.594706173922184e-05
2024-07-25,09:43:52,23.0648,26.94,25.25,2825,15257009.0,5.594706173922184e-05
2024-07-25,09:43:52,23.0696,26.94,25.25,2825,15257010.0,5.594706173922184e-05
2024-07-25,09:43:52,23.0746,26.94,25.25,2824,15257014.0,5.603661663848286e-05
2024-07-25,09:43:52,23.0796,26.94,25.25,2824,15257014.0,5.603661663848286e-05
2024-07-25,09:43:52,23.0846,26.94,25.25,2825,15257006.0,5.594706173922184e-05
2024-07-25,09:43:52,23.0896,26.94,25.25,2825,15257006.0,5.594706173922184e-05
2024-07-25,09:43:52,23.0946,26.94,25.25,2824,15257014.0,5.603661663848286e-05
2024-07-25,09:43:52,23.0994,26.94,25.25,2825,15257014.0,5.594706173922184e-05
2024-07-25,09:43:52,23.1043,26.94,25.25,2825,15257011.0,5.594706173922184e-05
2024-07-25,09:43:52,23.1093,26.94,25.25,2825,15257011.0,5.594706173922184e-05
2024-07-25,09:43:52,23.1143,26.94,25.25,2825,15257013.0,5.594706173922184e-05
2024-07-25,09:43:52,23.1193,26.94,25.25,2823,15257011.0,5.612631488897154e-05
2024-07-25,09:43:52,23.1243,26.94,25.25,2824,15257002.0,5.603661663848286e-05
2024-07-25,09:43:52,23.1291,26.94,25.25,2824,15257003.0,5.603661663848286e-05
2024-07-25,09:43:52,23.134,26.94,25.25,2823,15257011.0,5.612631488897154e-05
2024-07-25,09:43:52,23.139,26.94,25.25,2824,15257011.0,5.603661663848286e-05
2024-07-25,09:43:52,23.144,26.94,25.25,2824,15257011.0,5.603661663848286e-05
2024-07-25,09:43:52,23.149,26.94,25.25,2824,15257010.0,5.603661663848286e-05
2024-07-25,09:43:52,23.1538,26.94,25.25,2825,15257002.0,5.594706173922184e-05
2024-07-25,09:43:52,23.1587,26.94,25.25,2824,15257003.0,5.603661663848286e-05
2024-07-25,09:43:52,23.1637,26.94,25.25,2823,15257008.0,5.612631488897154e-05
2024-07-25,09:43:52,23.1687,26.94,25.25,2824,15257009.0,5.603661663848286e-05
2024-07-25,09:43:52,23.1737,26.94,25.25,2825,15257004.0,5.594706173922184e-05
2024-07-25,09:43:52,23.1785,26.94,25.25,2825,15257005.0,5.594706173922184e-05
2024-07-25,09:43:52,23.1834,26.94,25.25,2823,15257015.0,5.612631488897154e-05
2024-07-25,09:43:52,23.1884,26.94,25.25,2823,15257015.0,5.612631488897154e-05
2024-07-25,09:43:52,23.1934,26.94,25.25,2825,15257004.0,5.594706173922184e-05
2024-07-25,09:43:52,23.1983,26.94,25.25,2824,15257002.0,5.603661663848286e-05
2024-07-25,09:43:52,23.2031,26.94,25.25,2823,15257005.0,5.612631488897154e-05
2024-07-25,09:43:52,23.2081,26.94,25.25,2823,15257005.0,5.612631488897154e-05
2024-07-25,09:43:52,23.2131,26.94,25.25,2823,15257002.0,5.612631488897154e-05
2024-07-25,09:43:52,23.218,26.94,25.25,2823,15257002.0,5.612631488897154e-05
2024-07-25,09:43:52,23.2228,26.94,25.25,2823,15257004.0,5.612631488897154e-05
2024-07-25,09:43:52,23.2277,26.94,25.25,2823,15257004.0,5.612631488897154e-05
2024-07-25,09:43:52,23.2326,26.94,25.25,2823,15257004.0,5.612631488897154e-05
2024-07-25,09:43:52,23.2376,26.94,25.25,2823,15257005.0,5.612631488897154e-05
2024-07-25,09:43:52,23.2425,26.94,25.25,2823,15257007.0,5.612631488897154e-05
2024-07-25,09:43:52,23.2475,26.94,25.25,2823,15257006.0,5.612631488897154e-05
2024-07-25,09:43:52,23.2524,26.94,25.25,2823,15257005.0,5.612631488897154e-05
2024-07-25,09:43:52,23.2573,26.94,25.25,2824,15257005.0,5.603661663848286e-05
2024-07-25,09:43:52,23.2621,26.94,25.25,2824,15257003.0,5.603661663848286e-05
2024-07-25,09:43:52,23.267,26.94,25.25,2823,15257003.0,5.612631488897154e-05
2024-07-25,09:43:52,23.272,26.94,25.25,2823,15257006.0,5.612631488897154e-05
2024-07-25,09:43:52,23.277,26.94,25.25,2823,15257004.0,5.612631488897154e-05
2024-07-25,09:43:52,23.2818,26.94,25.25,2823,15257000.0,5.612631488897154e-05
2024-07-25,09:43:52,23.2867,26.94,25.25,2822,15257000.0,5.621615672015121e-05
2024-07-25,09:43:52,23.2917,26.94,25.25,2821,15257003.0,5.630614236185273e-05
2024-07-25,09:43:52,23.2967,26.94,25.25,2822,15257005.0,5.621615672015121e-05
2024-07-25,09:43:52,23.3016,26.94,25.25,2823,15257001.0,5.612631488897154e-05
2024-07-25,09:43:52,23.3064,26.94,25.25,2822,15256998.0,5.621615672015121e-05
2024-07-25,09:43:52,23.3114,26.94,25.25,2821,15257005.0,5.630614236185273e-05
2024-07-25,09:43:52,23.3164,26.94,25.25,2822,15257007.0,5.621615672015121e-05
2024-07-25,09:43:52,23.3214,26.94,25.25,2823,15256998.0,5.612631488897154e-05
2024-07-25,09:43:52,23.3263,26.94,25.25,2823,15256998.0,5.612631488897154e-05
2024-07-25,09:43:52,23.3311,26.94,25.25,2822,15257006.0,5.621615672015121e-05
2024-07-25,09:43:52,23.3361,26.94,25.25,2821,15257006.0,5.630614236185273e-05
2024-07-25,09:43:52,23.3411,26.94,25.25,2822,15256998.0,5.621615672015121e-05
2024-07-25,09:43:52,23.346,26.94,25.25,2822,15256998.0,5.621615672015121e-05
2024-07-25,09:43:52,23.3508,26.94,25.25,2821,15257002.0,5.630614236185273e-05
2024-07-25,09:43:52,23.3557,26.94,25.25,2821,15257002.0,5.630614236185273e-05
2024-07-25,09:43:52,23.3654,26.94,25.25,2823,15256999.0,5.612631488897154e-05
2024-07-25,09:43:52,23.3703,26.94,25.25,2821,15257004.0,5.630614236185273e-05
2024-07-25,09:43:52,23.3753,26.94,25.25,2820,15257002.0,5.639627204427459e-05
2024-07-25,09:43:52,23.3803,26.94,25.25,2821,15256997.0,5.630614236185273e-05
2024-07-25,09:43:52,23.3851,26.94,25.25,2822,15256998.0,5.621615672015121e-05
2024-07-25,09:43:52,23.39,26.94,25.25,2822,15257000.0,5.621615672015121e-05
2024-07-25,09:43:52,23.3949,26.94,25.25,2821,15256999.0,5.630614236185273e-05
2024-07-25,09:43:52,23.3997,26.94,25.25,2821,15257000.0,5.630614236185273e-05
2024-07-25,09:43:52,23.4047,26.94,25.25,2821,15256999.0,5.630614236185273e-05
2024-07-25,09:43:52,23.4097,26.94,25.25,2821,15256998.0,5.630614236185273e-05
2024-07-25,09:43:52,23.4146,26.94,25.25,2821,15256997.0,5.630614236185273e-05
2024-07-25,09:43:52,23.4194,26.94,25.25,2821,15257000.0,5.630614236185273e-05
2024-07-25,09:43:52,23.4244,26.94,25.25,2821,15257001.0,5.630614236185273e-05
2024-07-25,09:43:52,23.4293,26.94,25.25,2821,15256995.0,5.630614236185273e-05
2024-07-25,09:43:52,23.4342,26.94,25.25,2821,15256993.0,5.630614236185273e-05
2024-07-25,09:43:52,23.4392,26.94,25.25,2820,15257001.0,5.639627204427459e-05
2024-07-25,09:43:52,23.4441,26.94,25.25,2821,15257003.0,5.630614236185273e-05
2024-07-25,09:43:52,23.449,26.94,25.25,2822,15256997.0,5.621615672015121e-05
2024-07-25,09:43:52,23.4539,26.94,25.25,2820,15256997.0,5.639627204427459e-05
2024-07-25,09:43:52,23.4587,26.94,25.25,2820,15257000.0,5.639627204427459e-05
2024-07-25,09:43:52,23.4636,26.94,25.25,2822,15257001.0,5.621615672015121e-05
2024-07-25,09:43:52,23.4686,26.94,25.25,2822,15256998.0,5.621615672015121e-05
2024-07-25,09:43:52,23.4735,26.94,25.25,2821,15256996.0,5.630614236185273e-05
2024-07-25,09:43:52,23.4783,26.94,25.25,2820,15256999.0,5.639627204427459e-05
2024-07-25,09:43:52,23.4833,26.94,25.25,2820,15256999.0,5.639627204427459e-05
2024-07-25,09:43:52,23.4882,26.94,25.25,2821,15256995.0,5.630614236185273e-05
2024-07-25,09:43:52,23.493,26.94,25.25,2820,15256994.0,5.639627204427459e-05
2024-07-25,09:43:52,23.498,26.94,25.25,2819,15256995.0,5.648654599798403e-05
2024-07-25,09:43:52,23.5029,26.94,25.25,2820,15256996.0,5.639627204427459e-05
2024-07-25,09:43:52,23.5078,26.94,25.25,2821,15256993.0,5.630614236185273e-05
2024-07-25,09:43:52,23.5126,26.94,25.25,2820,15256992.0,5.639627204427459e-05
2024-07-25,09:43:52,23.5174,26.94,25.25,2819,15256996.0,5.648654599798403e-05
2024-07-25,09:43:52,23.5222,26.94,25.25,2820,15256995.0,5.639627204427459e-05
2024-07-25,09:43:52,23.5272,26.94,25.25,2821,15256992.0,5.630614236185273e-05
2024-07-25,09:43:52,23.5321,26.94,25.25,2821,15256992.0,5.630614236185273e-05
2024-07-25,09:43:52,23.5369,26.94,25.25,2820,15256998.0,5.639627204427459e-05
2024-07-25,09:43:52,23.5418,26.94,25.25,2820,15256997.0,5.639627204427459e-05
2024-07-25,09:43:52,23.5467,26.94,25.25,2820,15256994.0,5.639627204427459e-05
2024-07-25,09:43:52,23.5517,26.94,25.25,2819,15256993.0,5.648654599798403e-05
2024-07-25,09:43:52,23.5567,26.94,25.25,2820,15256990.0,5.639627204427459e-05
2024-07-25,09:43:52,23.5615,26.94,25.25,2821,15256992.0,5.630614236185273e-05
2024-07-25,09:43:52,23.5664,26.94,25.25,2820,15256994.0,5.639627204427459e-05
2024-07-25,09:43:52,23.5713,26.94,25.25,2819,15256994.0,5.648654599798403e-05
2024-07-25,09:43:52,23.5809,26.94,25.25,2819,15256995.0,5.648654599798403e-05
2024-07-25,09:43:52,23.5858,26.94,25.25,2819,15256990.0,5.648654599798403e-05
2024-07-25,09:43:52,23.5907,26.94,25.25,2819,15256991.0,5.648654599798403e-05
2024-07-25,09:43:52,23.5956,26.94,25.25,2819,15256993.0,5.648654599798403e-05
2024-07-25,09:43:52,23.6004,26.94,25.25,2819,15256994.0,5.648654599798403e-05
2024-07-25,09:43:52,23.6053,26.94,25.25,2819,15256993.0,5.648654599798403e-05
2024-07-25,09:43:52,23.6103,26.94,25.25,2819,15256991.0,5.648654599798403e-05
2024-07-25,09:43:52,23.6152,26.94,25.25,2819,15256991.0,5.648654599798403e-05
2024-07-25,09:43:52,23.6199,26.94,25.25,2819,15256991.0,5.648654599798403e-05
2024-07-25,09:43:52,23.6249,26.94,25.25,2820,15256989.0,5.639627204427459e-05
2024-07-25,09:43:52,23.6299,26.94,25.25,2820,15256989.0,5.639627204427459e-05
2024-07-25,09:43:52,23.6347,26.94,25.25,2819,15256991.0,5.648654599798403e-05
2024-07-25,09:43:52,23.6396,26.94,25.25,2819,15256991.0,5.648654599798403e-05
2024-07-25,09:43:52,23.6445,26.94,25.25,2819,15256993.0,5.648654599798403e-05
2024-07-25,09:43:52,23.6493,26.94,25.25,2819,15256992.0,5.648654599798403e-05
2024-07-25,09:43:52,23.6542,26.94,25.25,2819,15256990.0,5.648654599798403e-05
2024-07-25,09:43:52,23.6591,26.94,25.25,2818,15256989.0,5.657696445391709e-05
2024-07-25,09:43:52,23.6639,26.94,25.25,2818,15256986.0,5.657696445391709e-05
2024-07-25,09:43:52,23.6688,26.94,25.25,2818,15256986.0,5.657696445391709e-05
2024-07-25,09:43:52,23.6737,26.94,25.25,2818,15256990.0,5.657696445391709e-05
2024-07-25,09:43:52,23.6785,26.94,25.25,2819,15256992.0,5.648654599798403e-05
2024-07-25,09:43:52,23.6834,26.94,25.25,2819,15256990.0,5.648654599798403e-05
2024-07-25,09:43:52,23.6882,26.94,25.25,2819,15256990.0,5.648654599798403e-05
2024-07-25,09:43:52,23.6931,26.94,25.25,2819,15256989.0,5.648654599798403e-05
2024-07-25,09:43:52,23.698,26.94,25.25,2819,15256987.0,5.648654599798403e-05
2024-07-25,09:43:52,23.7028,26.94,25.25,2819,15256990.0,5.648654599798403e-05
2024-07-25,09:43:52,23.7077,26.94,25.25,2818,15256989.0,5.657696445391709e-05
2024-07-25,09:43:52,23.7126,26.94,25.25,2819,15256985.0,5.648654599798403e-05
2024-07-25,09:43:52,23.7174,26.94,25.25,2819,15256986.0,5.648654599798403e-05
2024-07-25,09:43:53,23.7223,26.94,25.25,2817,15256990.0,5.666752764337974e-05
2024-07-25,09:43:53,23.7272,26.94,25.25,2817,15256989.0,5.666752764337974e-05
2024-07-25,09:43:53,23.732,26.94,25.25,2817,15256990.0,5.666752764337974e-05
2024-07-25,09:43:53,23.7369,26.94,25.25,2817,15256991.0,5.666752764337974e-05
2024-07-25,09:43:53,23.7417,26.94,25.25,2817,15256989.0,5.666752764337974e-05
2024-07-25,09:43:53,23.7466,26.94,25.25,2818,15256989.0,5.657696445391709e-05
2024-07-25,09:43:53,23.7515,26.94,25.25,2818,15256990.0,5.657696445391709e-05
2024-07-25,09:43:53,23.7563,26.94,25.25,2817,15256991.0,5.666752764337974e-05
2024-07-25,09:43:53,23.7661,26.94,25.25,2817,15256986.0,5.666752764337974e-05
2024-07-25,09:43:53,23.7711,26.94,25.25,2817,15256989.0,5.666752764337974e-05
2024-07-25,09:43:53,23.7761,26.94,25.25,2817,15256989.0,5.666752764337974e-05
2024-07-25,09:43:53,23.7809,26.94,25.25,2817,15256988.0,5.666752764337974e-05
2024-07-25,09:43:53,23.7858,26.94,25.25,2817,15256987.0,5.666752764337974e-05
2024-07-25,09:43:53,23.7906,26.94,25.25,2817,15256989.0,5.666752764337974e-05
2024-07-25,09:43:53,23.7955,26.94,25.25,2817,15256989.0,5.666752764337974e-05
2024-07-25,09:43:53,23.8004,26.94,25.25,2818,15256986.0,5.657696445391709e-05
2024-07-25,09:43:53,23.8052,26.94,25.25,2817,15256983.0,5.666752764337974e-05
2024-07-25,09:43:53,23.8101,26.94,25.25,2816,15256984.0,5.675823579804797e-05
2024-07-25,09:43:53,23.815,26.94,25.25,2817,15256986.0,5.666752764337974e-05
2024-07-25,09:43:53,23.8198,26.94,25.25,2816,15256985.0,5.675823579804797e-05
2024-07-25,09:43:53,23.8247,26.94,25.25,2816,15256984.0,5.675823579804797e-05
2024-07-25,09:43:53,23.8296,26.94,25.25,2817,15256985.0,5.666752764337974e-05
2024-07-25,09:43:53,23.8344,26.94,25.25,2817,15256986.0,5.666752764337974e-05
2024-07-25,09:43:53,23.8393,26.94,25.25,2816,15256989.0,5.675823579804797e-05
2024-07-25,09:43:53,23.8441,26.94,25.25,2816,15256988.0,5.675823579804797e-05
2024-07-25,09:43:53,23.849,26.94,25.25,2816,15256986.0,5.675823579804797e-05
2024-07-25,09:43:53,23.8539,26.94,25.25,2816,15256988.0,5.675823579804797e-05
2024-07-25,09:43:53,23.8587,26.94,25.25,2817,15256987.0,5.666752764337974e-05
2024-07-25,09:43:53,23.8636,26.94,25.25,2817,15256986.0,5.666752764337974e-05
2024-07-25,09:43:53,23.8686,26.94,25.25,2817,15256985.0,5.666752764337974e-05
2024-07-25,09:43:53,23.8735,26.94,25.25,2817,15256985.0,5.666752764337974e-05
2024-07-25,09:43:53,23.8782,26.94,25.25,2817,15256985.0,5.666752764337974e-05
2024-07-25,09:43:53,23.8831,26.94,25.25,2816,15256982.0,5.675823579804797e-05
2024-07-25,09:43:53,23.8879,26.94,25.25,2816,15256983.0,5.675823579804797e-05
2024-07-25,09:43:53,23.8929,26.94,25.25,2817,15256984.0,5.666752764337974e-05
2024-07-25,09:43:53,23.8979,26.94,25.25,2816,15256986.0,5.675823579804797e-05
2024-07-25,09:43:53,23.9028,26.94,25.25,2815,15256986.0,5.684908914996881e-05
2024-07-25,09:43:53,23.9076,26.94,25.25,2816,15256981.0,5.675823579804797e-05
2024-07-25,09:43:53,23.9125,26.94,25.25,2816,15256981.0,5.675823579804797e-05
2024-07-25,09:43:53,23.9172,26.94,25.25,2815,15256984.0,5.684908914996881e-05
2024-07-25,09:43:53,23.922,26.94,25.25,2815,15256984.0,5.684908914996881e-05
2024-07-25,09:43:53,23.9268,26.94,25.25,2815,15256983.0,5.684908914996881e-05
2024-07-25,09:43:53,23.9318,26.94,25.25,2816,15256985.0,5.675823579804797e-05
2024-07-25,09:43:53,23.9414,26.94,25.25,2815,15256982.0,5.684908914996881e-05
2024-07-25,09:43:53,23.9463,26.94,25.25,2815,15256982.0,5.684908914996881e-05
2024-07-25,09:43:53,23.9512,26.94,25.25,2814,15256982.0,5.694008793156053e-05
2024-07-25,09:43:53,23.9561,26.94,25.25,2815,15256979.0,5.684908914996881e-05
2024-07-25,09:43:53,23.961,26.94,25.25,2816,15256980.0,5.675823579804797e-05
2024-07-25,09:43:53,23.9659,26.94,25.25,2815,15256982.0,5.684908914996881e-05
2024-07-25,09:43:53,23.9707,26.94,25.25,2814,15256981.0,5.694008793156053e-05
2024-07-25,09:43:53,23.9756,26.94,25.25,2814,15256984.0,5.694008793156053e-05
2024-07-25,09:43:53,23.9806,26.94,25.25,2815,15256983.0,5.684908914996881e-05
2024-07-25,09:43:53,23.9855,26.94,25.25,2815,15256981.0,5.684908914996881e-05
2024-07-25,09:43:53,23.9902,26.94,25.25,2814,15256981.0,5.694008793156053e-05
2024-07-25,09:43:53,23.9951,26.94,25.25,2814,15256980.0,5.694008793156053e-05
2024-07-25,09:43:53,24.0001,26.94,25.25,2815,15256981.0,5.684908914996881e-05
2024-07-25,09:43:53,24.0049,26.94,25.25,2815,15256980.0,5.684908914996881e-05
2024-07-25,09:43:53,24.0097,26.94,25.25,2815,15256980.0,5.684908914996881e-05
2024-07-25,09:43:53,24.0145,26.94,25.25,2815,15256980.0,5.684908914996881e-05
2024-07-25,09:43:53,24.0194,26.94,25.25,2814,15256977.0,5.694008793156053e-05
2024-07-25,09:43:53,24.0242,26.94,25.25,2814,15256978.0,5.694008793156053e-05
2024-07-25,09:43:53,24.0291,26.94,25.25,2814,15256979.0,5.694008793156053e-05
2024-07-25,09:43:53,24.0338,26.94,25.25,2814,15256979.0,5.694008793156053e-05
2024-07-25,09:43:53,24.0387,26.94,25.25,2815,15256980.0,5.684908914996881e-05
2024-07-25,09:43:53,24.0436,26.94,25.25,2815,15256979.0,5.684908914996881e-05
2024-07-25,09:43:53,24.0484,26.94,25.25,2814,15256979.0,5.694008793156053e-05
2024-07-25,09:43:53,24.0533,26.94,25.25,2813,15256979.0,5.703123237561367e-05
2024-07-25,09:43:53,24.0582,26.94,25.25,2813,15256978.0,5.703123237561367e-05
2024-07-25,09:43:53,24.063,26.94,25.25,2814,15256978.0,5.694008793156053e-05
2024-07-25,09:43:53,24.0679,26.94,25.25,2814,15256979.0,5.694008793156053e-05
2024-07-25,09:43:53,24.0728,26.94,25.25,2814,15256977.0,5.694008793156053e-05
2024-07-25,09:43:53,24.0776,26.94,25.25,2814,15256975.0,5.694008793156053e-05
2024-07-25,09:43:53,24.0825,26.94,25.25,2813,15256977.0,5.703123237561367e-05
2024-07-25,09:43:53,24.0872,26.94,25.25,2813,15256978.0,5.703123237561367e-05
2024-07-25,09:43:53,24.0921,26.94,25.25,2814,15256975.0,5.694008793156053e-05
2024-07-25,09:43:53,24.1017,26.94,25.25,2813,15256979.0,5.703123237561367e-05
2024-07-25,09:43:53,24.1065,26.94,25.25,2813,15256977.0,5.703123237561367e-05
2024-07-25,09:43:53,24.1114,26.94,25.25,2813,15256975.0,5.703123237561367e-05
2024-07-25,09:43:53,24.1163,26.94,25.25,2813,15256976.0,5.703123237561367e-05
2024-07-25,09:43:53,24.1211,26.94,25.25,2814,15256976.0,5.694008793156053e-05
2024-07-25,09:43:53,24.126,26.94,25.25,2815,15256976.0,5.684908914996881e-05
2024-07-25,09:43:53,24.1309,26.94,25.25,2815,15256974.0,5.684908914996881e-05
2024-07-25,09:43:53,24.1356,26.94,25.25,2813,15256973.0,5.703123237561367e-05
2024-07-25,09:43:53,24.1403,26.94,25.25,2812,15256976.0,5.712252271529114e-05
2024-07-25,09:43:53,24.1452,26.94,25.25,2813,15256976.0,5.703123237561367e-05
2024-07-25,09:43:53,24.1501,26.94,25.25,2813,15256975.0,5.703123237561367e-05
2024-07-25,09:43:53,24.1549,26.94,25.25,2813,15256975.0,5.703123237561367e-05
2024-07-25,09:43:53,24.1598,26.94,25.25,2813,15256977.0,5.703123237561367e-05
2024-07-25,09:43:53,24.1647,26.94,25.25,2813,15256977.0,5.703123237561367e-05
2024-07-25,09:43:53,24.1695,26.94,25.25,2813,15256976.0,5.703123237561367e-05
2024-07-25,09:43:53,24.1744,26.94,25.25,2812,15256975.0,5.712252271529114e-05
2024-07-25,09:43:53,24.1794,26.94,25.25,2813,15256973.0,5.703123237561367e-05
2024-07-25,09:43:53,24.1842,26.94,25.25,2813,15256972.0,5.703123237561367e-05
2024-07-25,09:43:53,24.189,26.94,25.25,2813,15256971.0,5.703123237561367e-05
2024-07-25,09:43:53,24.1938,26.94,25.25,2814,15256973.0,5.694008793156053e-05
2024-07-25,09:43:53,24.1987,26.94,25.25,2814,15256974.0,5.694008793156053e-05
2024-07-25,09:43:53,24.2034,26.94,25.25,2814,15256975.0,5.694008793156053e-05
2024-07-25,09:43:53,24.2082,26.94,25.25,2813,15256976.0,5.703123237561367e-05
2024-07-25,09:43:53,24.213,26.94,25.25,2812,15256976.0,5.712252271529114e-05
2024-07-25,09:43:53,24.218,26.94,25.25,2811,15256976.0,5.721395918412932e-05
2024-07-25,09:43:53,24.2229,26.94,25.25,2811,15256974.0,5.721395918412932e-05
2024-07-25,09:43:53,24.2276,26.94,25.25,2812,15256974.0,5.712252271529114e-05
2024-07-25,09:43:53,24.2326,26.94,25.25,2812,15256974.0,5.712252271529114e-05
2024-07-25,09:43:53,24.2375,26.94,25.25,2811,15256974.0,5.721395918412932e-05
2024-07-25,09:43:53,24.2471,26.94,25.25,2813,15256972.0,5.703123237561367e-05
2024-07-25,09:43:53,24.252,26.94,25.25,2813,15256972.0,5.703123237561367e-05
2024-07-25,09:43:53,24.2568,26.94,25.25,2813,15256975.0,5.703123237561367e-05
2024-07-25,09:43:53,24.2617,26.94,25.25,2812,15256973.0,5.712252271529114e-05
2024-07-25,09:43:53,24.2665,26.94,25.25,2812,15256970.0,5.712252271529114e-05
2024-07-25,09:43:53,24.2713,26.94,25.25,2812,15256972.0,5.712252271529114e-05
2024-07-25,09:43:53,24.2761,26.94,25.25,2812,15256974.0,5.712252271529114e-05
2024-07-25,09:43:53,24.281,26.94,25.25,2812,15256973.0,5.712252271529114e-05
2024-07-25,09:43:53,24.2857,26.94,25.25,2812,15256973.0,5.712252271529114e-05
2024-07-25,09:43:53,24.2906,26.94,25.25,2813,15256974.0,5.703123237561367e-05
2024-07-25,09:43:53,24.2955,26.94,25.25,2813,15256973.0,5.703123237561367e-05
2024-07-25,09:43:53,24.3003,26.94,25.25,2811,15256969.0,5.721395918412932e-05
2024-07-25,09:43:53,24.3052,26.94,25.25,2811,15256970.0,5.721395918412932e-05
2024-07-25,09:43:53,24.3101,26.94,25.25,2812,15256973.0,5.712252271529114e-05
2024-07-25,09:43:53,24.3149,26.94,25.25,2811,15256974.0,5.721395918412932e-05
2024-07-25,09:43:53,24.3198,26.94,25.25,2811,15256971.0,5.721395918412932e-05
2024-07-25,09:43:53,24.3247,26.94,25.25,2812,15256970.0,5.712252271529114e-05
2024-07-25,09:43:53,24.3295,26.94,25.25,2812,15256973.0,5.712252271529114e-05
2024-07-25,09:43:53,24.3344,26.94,25.25,2812,15256971.0,5.712252271529114e-05
2024-07-25,09:43:53,24.3391,26.94,25.25,2812,15256970.0,5.712252271529114e-05
2024-07-25,09:43:53,24.344,26.94,25.25,2811,15256974.0,5.721395918412932e-05
2024-07-25,09:43:53,24.349,26.94,25.25,2811,15256975.0,5.721395918412932e-05
2024-07-25,09:43:53,24.3537,26.94,25.25,2811,15256972.0,5.721395918412932e-05
2024-07-25,09:43:53,24.3585,26.94,25.25,2811,15256970.0,5.721395918412932e-05
2024-07-25,09:43:53,24.3633,26.94,25.25,2812,15256969.0,5.712252271529114e-05
2024-07-25,09:43:53,24.3682,26.94,25.25,2812,15256970.0,5.712252271529114e-05
2024-07-25,09:43:53,24.373,26.94,25.25,2812,15256971.0,5.712252271529114e-05
2024-07-25,09:43:53,24.3778,26.94,25.25,2812,15256970.0,5.712252271529114e-05
2024-07-25,09:43:53,24.3826,26.94,25.25,2811,15256971.0,5.721395918412932e-05
2024-07-25,09:43:53,24.3922,26.94,25.25,2812,15256970.0,5.712252271529114e-05
2024-07-25,09:43:53,24.3971,26.94,25.25,2812,15256968.0,5.712252271529114e-05
2024-07-25,09:43:53,24.402,26.94,25.25,2811,15256973.0,5.721395918412932e-05
2024-07-25,09:43:53,24.4068,26.94,25.25,2811,15256973.0,5.721395918412932e-05
2024-07-25,09:43:53,24.4117,26.94,25.25,2812,15256968.0,5.712252271529114e-05
2024-07-25,09:43:53,24.4166,26.94,25.25,2811,15256969.0,5.721395918412932e-05
2024-07-25,09:43:53,24.4214,26.94,25.25,2810,15256971.0,5.73055420160382e-05
2024-07-25,09:43:53,24.4263,26.94,25.25,2811,15256970.0,5.721395918412932e-05
2024-07-25,09:43:53,24.4312,26.94,25.25,2811,15256969.0,5.721395918412932e-05
2024-07-25,09:43:53,24.436,26.94,25.25,2810,15256969.0,5.73055420160382e-05
2024-07-25,09:43:53,24.4408,26.94,25.25,2809,15256972.0,5.73972714453024e-05
2024-07-25,09:43:53,24.4455,26.94,25.25,2809,15256970.0,5.73972714453024e-05
2024-07-25,09:43:53,24.4504,26.94,25.25,2811,15256967.0,5.721395918412932e-05
2024-07-25,09:43:53,24.4552,26.94,25.25,2811,15256967.0,5.721395918412932e-05
2024-07-25,09:43:53,24.4601,26.94,25.25,2810,15256969.0,5.73055420160382e-05
2024-07-25,09:43:53,24.4649,26.94,25.25,2811,15256969.0,5.721395918412932e-05
2024-07-25,09:43:53,24.4697,26.94,25.25,2811,15256968.0,5.721395918412932e-05
2024-07-25,09:43:53,24.4744,26.94,25.25,2810,15256968.0,5.73055420160382e-05
2024-07-25,09:43:53,24.4794,26.94,25.25,2810,15256969.0,5.73055420160382e-05
2024-07-25,09:43:53,24.4843,26.94,25.25,2811,15256968.0,5.721395918412932e-05
2024-07-25,09:43:53,24.4891,26.94,25.25,2811,15256970.0,5.721395918412932e-05
2024-07-25,09:43:53,24.494,26.94,25.25,2810,15256969.0,5.73055420160382e-05
2024-07-25,09:43:53,24.4987,26.94,25.25,2809,15256969.0,5.73972714453024e-05
2024-07-25,09:43:53,24.5036,26.94,25.25,2809,15256970.0,5.73972714453024e-05
2024-07-25,09:43:53,24.5085,26.94,25.25,2810,15256967.0,5.73055420160382e-05
2024-07-25,09:43:53,24.5133,26.94,25.25,2810,15256967.0,5.73055420160382e-05
2024-07-25,09:43:53,24.5182,26.94,25.25,2810,15256968.0,5.73055420160382e-05
2024-07-25,09:43:53,24.5229,26.94,25.25,2810,15256968.0,5.73055420160382e-05
2024-07-25,09:43:53,24.5327,26.94,25.25,2810,15256966.0,5.73055420160382e-05
2024-07-25,09:43:53,24.5374,26.94,25.25,2810,15256966.0,5.73055420160382e-05
2024-07-25,09:43:53,24.5423,26.94,25.25,2810,15256966.0,5.73055420160382e-05
2024-07-25,09:43:53,24.5471,26.94,25.25,2810,15256967.0,5.73055420160382e-05
2024-07-25,09:43:53,24.552,26.94,25.25,2810,15256966.0,5.73055420160382e-05
2024-07-25,09:43:53,24.5569,26.94,25.25,2811,15256964.0,5.721395918412932e-05
2024-07-25,09:43:53,24.5616,26.94,25.25,2811,15256966.0,5.721395918412932e-05
2024-07-25,09:43:53,24.5663,26.94,25.25,2810,15256968.0,5.73055420160382e-05
2024-07-25,09:43:53,24.5712,26.94,25.25,2810,15256966.0,5.73055420160382e-05
2024-07-25,09:43:53,24.5761,26.94,25.25,2809,15256965.0,5.73972714453024e-05
2024-07-25,09:43:53,24.5808,26.94,25.25,2809,15256966.0,5.73972714453024e-05
2024-07-25,09:43:53,24.5857,26.94,25.25,2810,15256967.0,5.73055420160382e-05
2024-07-25,09:43:53,24.5905,26.94,25.25,2810,15256967.0,5.73055420160382e-05
2024-07-25,09:43:53,24.5953,26.94,25.25,2809,15256967.0,5.73972714453024e-05
2024-07-25,09:43:53,24.6001,26.94,25.25,2808,15256968.0,5.748914770658134e-05
2024-07-25,09:43:53,24.605,26.94,25.25,2808,15256970.0,5.748914770658134e-05
2024-07-25,09:43:53,24.6098,26.94,25.25,2809,15256969.0,5.73972714453024e-05
2024-07-25,09:43:53,24.6148,26.94,25.25,2810,15256965.0,5.73055420160382e-05
2024-07-25,09:43:53,24.6197,26.94,25.25,2810,15256966.0,5.73055420160382e-05
2024-07-25,09:43:53,24.6244,26.94,25.25,2809,15256967.0,5.73972714453024e-05
2024-07-25,09:43:53,24.6292,26.94,25.25,2808,15256967.0,5.748914770658134e-05
2024-07-25,09:43:53,24.6339,26.94,25.25,2808,15256967.0,5.748914770658134e-05
2024-07-25,09:43:53,24.6388,26.94,25.25,2808,15256966.0,5.748914770658134e-05
2024-07-25,09:43:53,24.6438,26.94,25.25,2808,15256966.0,5.748914770658134e-05
2024-07-25,09:43:53,24.6486,26.94,25.25,2809,15256967.0,5.73972714453024e-05
2024-07-25,09:43:53,24.6534,26.94,25.25,2809,15256965.0,5.73972714453024e-05
2024-07-25,09:43:53,24.6582,26.94,25.25,2808,15256965.0,5.748914770658134e-05
2024-07-25,09:43:53,24.668,26.94,25.25,2809,15256965.0,5.73972714453024e-05
2024-07-25,09:43:53,24.6728,26.94,25.25,2809,15256965.0,5.73972714453024e-05
2024-07-25,09:43:53,24.6776,26.94,25.25,2808,15256965.0,5.748914770658134e-05
2024-07-25,09:43:53,24.6823,26.94,25.25,2808,15256965.0,5.748914770658134e-05
2024-07-25,09:43:53,24.6872,26.94,25.25,2808,15256964.0,5.748914770658134e-05
2024-07-25,09:43:53,24.692,26.94,25.25,2807,15256967.0,5.758117103491028e-05
2024-07-25,09:43:53,24.6969,26.94,25.25,2807,15256968.0,5.758117103491028e-05
2024-07-25,09:43:53,24.7017,26.94,25.25,2808,15256964.0,5.748914770658134e-05
2024-07-25,09:43:53,24.7066,26.94,25.25,2808,15256964.0,5.748914770658134e-05
2024-07-25,09:43:53,24.7115,26.94,25.25,2809,15256963.0,5.73972714453024e-05
2024-07-25,09:43:53,24.7162,26.94,25.25,2809,15256963.0,5.73972714453024e-05
2024-07-25,09:43:53,24.7209,26.94,25.25,2808,15256964.0,5.748914770658134e-05
2024-07-25,09:43:54,24.7258,26.94,25.25,2808,15256963.0,5.748914770658134e-05
2024-07-25,09:43:54,24.7307,26.94,25.25,2808,15256965.0,5.748914770658134e-05
2024-07-25,09:43:54,24.7355,26.94,25.25,2808,15256965.0,5.748914770658134e-05
2024-07-25,09:43:54,24.7404,26.94,25.25,2808,15256962.0,5.748914770658134e-05
2024-07-25,09:43:54,24.7453,26.94,25.25,2808,15256963.0,5.748914770658134e-05
2024-07-25,09:43:54,24.7501,26.94,25.25,2808,15256965.0,5.748914770658134e-05
2024-07-25,09:43:54,24.7549,26.94,25.25,2808,15256964.0,5.748914770658134e-05
2024-07-25,09:43:54,24.7597,26.94,25.25,2808,15256962.0,5.748914770658134e-05
2024-07-25,09:43:54,24.7646,26.94,25.25,2808,15256964.0,5.748914770658134e-05
2024-07-25,09:43:54,24.7693,26.94,25.25,2808,15256966.0,5.748914770658134e-05
2024-07-25,09:43:54,24.7742,26.94,25.25,2808,15256963.0,5.748914770658134e-05
2024-07-25,09:43:54,24.7791,26.94,25.25,2808,15256961.0,5.748914770658134e-05
2024-07-25,09:43:54,24.7838,26.94,25.25,2808,15256963.0,5.748914770658134e-05
2024-07-25,09:43:54,24.7885,26.94,25.25,2808,15256963.0,5.748914770658134e-05
2024-07-25,09:43:54,24.7935,26.94,25.25,2808,15256962.0,5.748914770658134e-05
2024-07-25,09:43:54,24.8033,26.94,25.25,2807,15256959.0,5.758117103491028e-05
2024-07-25,09:43:54,24.808,26.94,25.25,2806,15256964.0,5.767334166570049e-05
2024-07-25,09:43:54,24.8129,26.94,25.25,2807,15256965.0,5.758117103491028e-05
2024-07-25,09:43:54,24.8177,26.94,25.25,2808,15256961.0,5.748914770658134e-05
2024-07-25,09:43:54,24.8226,26.94,25.25,2808,15256962.0,5.748914770658134e-05
2024-07-25,09:43:54,24.8274,26.94,25.25,2807,15256962.0,5.758117103491028e-05
2024-07-25,09:43:54,24.8322,26.94,25.25,2806,15256961.0,5.767334166570049e-05
2024-07-25,09:43:54,24.837,26.94,25.25,2806,15256961.0,5.767334166570049e-05
2024-07-25,09:43:54,24.8419,26.94,25.25,2806,15256961.0,5.767334166570049e-05
2024-07-25,09:43:54,24.8466,26.94,25.25,2806,15256961.0,5.767334166570049e-05
2024-07-25,09:43:54,24.8515,26.94,25.25,2806,15256962.0,5.767334166570049e-05
2024-07-25,09:43:54,24.8564,26.94,25.25,2806,15256961.0,5.767334166570049e-05
2024-07-25,09:43:54,24.8611,26.94,25.25,2806,15256960.0,5.767334166570049e-05
2024-07-25,09:43:54,24.866,26.94,25.25,2806,15256962.0,5.767334166570049e-05
2024-07-25,09:43:54,24.8708,26.94,25.25,2807,15256963.0,5.758117103491028e-05
2024-07-25,09:43:54,24.8757,26.94,25.25,2808,15256961.0,5.748914770658134e-05
2024-07-25,09:43:54,24.8806,26.94,25.25,2807,15256960.0,5.758117103491028e-05
2024-07-25,09:43:54,24.8853,26.94,25.25,2806,15256960.0,5.767334166570049e-05
2024-07-25,09:43:54,24.8902,26.94,25.25,2806,15256960.0,5.767334166570049e-05
2024-07-25,09:43:54,24.895,26.94,25.25,2806,15256961.0,5.767334166570049e-05
2024-07-25,09:43:54,24.8999,26.94,25.25,2806,15256961.0,5.767334166570049e-05
2024-07-25,09:43:54,24.9048,26.94,25.25,2806,15256961.0,5.767334166570049e-05
2024-07-25,09:43:54,24.9095,26.94,25.25,2806,15256960.0,5.767334166570049e-05
2024-07-25,09:43:54,24.9142,26.94,25.25,2806,15256960.0,5.767334166570049e-05
2024-07-25,09:43:54,24.9191,26.94,25.25,2807,15256960.0,5.758117103491028e-05
2024-07-25,09:43:54,24.9241,26.94,25.25,2807,15256958.0,5.758117103491028e-05
2024-07-25,09:43:54,24.9289,26.94,25.25,2806,15256958.0,5.767334166570049e-05
2024-07-25,09:43:54,24.9337,26.94,25.25,2807,15256958.0,5.758117103491028e-05
2024-07-25,09:43:54,24.9432,26.94,25.25,2806,15256959.0,5.767334166570049e-05
2024-07-25,09:43:54,24.948,26.94,25.25,2806,15256960.0,5.767334166570049e-05
2024-07-25,09:43:54,24.9529,26.94,25.25,2806,15256962.0,5.767334166570049e-05
2024-07-25,09:43:54,24.9577,26.94,25.25,2806,15256961.0,5.767334166570049e-05
2024-07-25,09:43:54,24.9626,26.94,25.25,2806,15256959.0,5.767334166570049e-05
2024-07-25,09:43:54,24.9673,26.94,25.25,2806,15256960.0,5.767334166570049e-05
2024-07-25,09:43:54,24.9721,26.94,25.25,2806,15256963.0,5.767334166570049e-05
2024-07-25,09:43:54,24.9769,26.94,25.25,2806,15256960.0,5.767334166570049e-05
2024-07-25,09:43:54,24.9818,26.94,25.25,2806,15256957.0,5.767334166570049e-05
2024-07-25,09:43:54,24.9867,26.94,25.25,2806,15256960.0,5.767334166570049e-05
2024-07-25,09:43:54,24.9915,26.94,25.25,2806,15256961.0,5.767334166570049e-05
2024-07-25,09:43:54,24.9963,26.94,25.25,2806,15256959.0,5.767334166570049e-05
2024-07-25,09:43:54,25.0011,26.94,25.25,2806,15256957.0,5.767334166570049e-05
2024-07-25,09:43:54,25.006,26.94,25.25,2806,15256957.0,5.767334166570049e-05
2024-07-25,09:43:54,25.0107,26.94,25.25,2805,15256958.0,5.776565983474028e-05
2024-07-25,09:43:54,25.0156,26.94,25.25,2804,15256957.0,5.785812577819519e-05
2024-07-25,09:43:54,25.0205,26.94,25.25,2805,15256957.0,5.776565983474028e-05
2024-07-25,09:43:54,25.0253,26.94,25.25,2806,15256958.0,5.767334166570049e-05
2024-07-25,09:43:54,25.0302,26.94,25.25,2806,15256957.0,5.767334166570049e-05
2024-07-25,09:43:54,25.0349,26.94,25.25,2805,15256956.0,5.776565983474028e-05
2024-07-25,09:43:54,25.0397,26.94,25.25,2805,15256957.0,5.776565983474028e-05
2024-07-25,09:43:54,25.0445,26.94,25.25,2806,15256959.0,5.767334166570049e-05
2024-07-25,09:43:54,25.0494,26.94,25.25,2806,15256957.0,5.767334166570049e-05
2024-07-25,09:43:54,25.0543,26.94,25.25,2805,15256955.0,5.776565983474028e-05
2024-07-25,09:43:54,25.0591,26.94,25.25,2805,15256955.0,5.776565983474028e-05
2024-07-25,09:43:54,25.0639,26.94,25.25,2806,15256957.0,5.767334166570049e-05
2024-07-25,09:43:54,25.0736,26.94,25.25,2804,15256955.0,5.785812577819519e-05
2024-07-25,09:43:54,25.0783,26.94,25.25,2804,15256956.0,5.785812577819519e-05
2024-07-25,09:43:54,25.0832,26.94,25.25,2804,15256957.0,5.785812577819519e-05
2024-07-25,09:43:54,25.0881,27.0,25.25,2804,15256957.0,5.785812577819519e-05
2024-07-25,09:43:54,25.0928,27.0,25.25,2805,15256956.0,5.776565983474028e-05
2024-07-25,09:43:54,25.0977,27.0,25.25,2805,15256958.0,5.776565983474028e-05
2024-07-25,09:43:54,25.1026,27.0,25.25,2805,15256960.0,5.776565983474028e-05
2024-07-25,09:43:54,25.1074,27.0,25.25,2805,15256958.0,5.776565983474028e-05
2024-07-25,09:43:54,25.1121,27.0,25.25,2804,15256956.0,5.785812577819519e-05
2024-07-25,09:43:54,25.117,27.0,25.25,2804,15256957.0,5.785812577819519e-05
2024-07-25,09:43:54,25.1218,27.0,25.25,2804,15256955.0,5.785812577819519e-05
2024-07-25,09:43:54,25.1267,27.0,25.25,2804,15256954.0,5.785812577819519e-05
2024-07-25,09:43:54,25.1314,27.0,25.25,2804,15256957.0,5.785812577819519e-05
2024-07-25,09:43:54,25.1363,27.0,25.25,2804,15256958.0,5.785812577819519e-05
2024-07-25,09:43:54,25.1412,27.0,25.25,2804,15256955.0,5.785812577819519e-05
2024-07-25,09:43:54,25.146,27.0,25.25,2804,15256953.0,5.785812577819519e-05
2024-07-25,09:43:54,25.1509,27.0,25.25,2804,15256956.0,5.785812577819519e-05
2024-07-25,09:43:54,25.1556,27.0,25.25,2804,15256958.0,5.785812577819519e-05
2024-07-25,09:43:54,25.1605,27.0,25.25,2804,15256957.0,5.785812577819519e-05
2024-07-25,09:43:54,25.1654,27.0,25.25,2804,15256954.0,5.785812577819519e-05
2024-07-25,09:43:54,25.1702,27.0,25.25,2804,15256955.0,5.785812577819519e-05
2024-07-25,09:43:54,25.175,27.0,25.25,2804,15256955.0,5.785812577819519e-05
2024-07-25,09:43:54,25.1797,27.0,25.25,2804,15256955.0,5.785812577819519e-05
2024-07-25,09:43:54,25.1847,27.0,25.25,2804,15256956.0,5.785812577819519e-05
2024-07-25,09:43:54,25.1896,27.0,25.25,2804,15256956.0,5.785812577819519e-05
2024-07-25,09:43:54,25.1943,27.0,25.25,2804,15256955.0,5.785812577819519e-05
2024-07-25,09:43:54,25.199,27.0,25.25,2804,15256955.0,5.785812577819519e-05
2024-07-25,09:43:54,25.2088,27.0,25.25,2803,15256955.0,5.795073973260895e-05
2024-07-25,09:43:54,25.2135,27.0,25.25,2803,15256955.0,5.795073973260895e-05
2024-07-25,09:43:54,25.2184,27.0,25.25,2804,15256953.0,5.785812577819519e-05
2024-07-25,09:43:54,25.2232,27.0,25.25,2804,15256954.0,5.785812577819519e-05
2024-07-25,09:43:54,25.228,27.0,25.25,2804,15256957.0,5.785812577819519e-05
2024-07-25,09:43:54,25.2327,27.0,25.25,2804,15256955.0,5.785812577819519e-05
2024-07-25,09:43:54,25.2376,27.0,25.25,2804,15256953.0,5.785812577819519e-05
2024-07-25,09:43:54,25.2424,27.0,25.25,2803,15256957.0,5.795073973260895e-05
2024-07-25,09:43:54,25.2473,27.0,25.25,2804,15256958.0,5.785812577819519e-05
2024-07-25,09:43:54,25.2521,27.0,25.25,2805,15256954.0,5.776565983474028e-05
2024-07-25,09:43:54,25.2569,27.0,25.25,2804,15256954.0,5.785812577819519e-05
2024-07-25,09:43:54,25.2617,27.0,25.25,2804,15256956.0,5.785812577819519e-05
2024-07-25,09:43:54,25.2666,27.0,25.25,2804,15256955.0,5.785812577819519e-05
2024-07-25,09:43:54,25.2713,27.0,25.25,2804,15256953.0,5.785812577819519e-05
2024-07-25,09:43:54,25.2762,27.0,25.25,2804,15256954.0,5.785812577819519e-05
2024-07-25,09:43:54,25.2811,27.0,25.25,2803,15256957.0,5.795073973260895e-05
2024-07-25,09:43:54,25.2858,27.0,25.25,2803,15256955.0,5.795073973260895e-05
2024-07-25,09:43:54,25.2907,27.0,25.25,2804,15256953.0,5.785812577819519e-05
2024-07-25,09:43:54,25.2955,27.0,25.25,2803,15256953.0,5.795073973260895e-05
2024-07-25,09:43:54,25.3003,27.0,25.25,2802,15256954.0,5.804350193490379e-05
2024-07-25,09:43:54,25.3051,27.0,25.25,2802,15256952.0,5.804350193490379e-05
2024-07-25,09:43:54,25.31,27.0,25.25,2803,15256951.0,5.795073973260895e-05
2024-07-25,09:43:54,25.3147,27.0,25.25,2803,15256952.0,5.795073973260895e-05
2024-07-25,09:43:54,25.3196,27.0,25.25,2803,15256951.0,5.795073973260895e-05
2024-07-25,09:43:54,25.3245,27.0,25.25,2803,15256951.0,5.795073973260895e-05
2024-07-25,09:43:54,25.3341,27.0,25.25,2804,15256952.0,5.785812577819519e-05
2024-07-25,09:43:54,25.3389,27.0,25.25,2804,15256954.0,5.785812577819519e-05
2024-07-25,09:43:54,25.3437,27.0,25.25,2809,15256961.0,5.73972714453024e-05
2024-07-25,09:43:54,25.3484,27.0,25.25,2810,15256968.0,5.73055420160382e-05
2024-07-25,09:43:54,25.3533,27.0,25.25,2809,15256967.0,5.73972714453024e-05
2024-07-25,09:43:54,25.3581,27.0,25.25,2812,15256968.0,5.712252271529114e-05
2024-07-25,09:43:54,25.363,27.0,25.25,2810,15256965.0,5.73055420160382e-05
2024-07-25,09:43:54,25.3679,27.0,25.25,2811,15256951.0,5.721395918412932e-05
2024-07-25,09:43:54,25.3726,27.0,25.25,2809,15256943.0,5.73972714453024e-05
2024-07-25,09:43:54,25.3775,27.0,25.25,2804,15256953.0,5.785812577819519e-05
2024-07-25,09:43:54,25.3823,27.0,25.25,2806,15256959.0,5.767334166570049e-05
2024-07-25,09:43:54,25.3872,27.0,25.25,2805,15256956.0,5.776565983474028e-05
2024-07-25,09:43:54,25.3921,27.0,25.25,2806,15256958.0,5.767334166570049e-05
2024-07-25,09:43:54,25.3968,27.0,25.25,2807,15256961.0,5.758117103491028e-05
2024-07-25,09:43:54,25.4017,27.0,25.25,2803,15256960.0,5.795073973260895e-05
2024-07-25,09:43:54,25.4065,27.0,25.25,2804,15256955.0,5.785812577819519e-05
2024-07-25,09:43:54,25.4113,27.0,25.25,2805,15256953.0,5.776565983474028e-05
2024-07-25,09:43:54,25.4161,27.0,25.25,2805,15256951.0,5.776565983474028e-05
2024-07-25,09:43:54,25.421,27.0,25.25,2803,15256946.0,5.795073973260895e-05
2024-07-25,09:43:54,25.4257,27.0,25.25,2801,15256949.0,5.813641262238135e-05
2024-07-25,09:43:54,25.4306,27.0,25.25,2803,15256953.0,5.795073973260895e-05
2024-07-25,09:43:54,25.4354,27.0,25.25,2803,15256951.0,5.795073973260895e-05
2024-07-25,09:43:54,25.4402,27.0,25.25,2802,15256950.0,5.804350193490379e-05
2024-07-25,09:43:54,25.445,27.0,25.25,2802,15256952.0,5.804350193490379e-05
2024-07-25,09:43:54,25.4499,27.0,25.25,2802,15256953.0,5.804350193490379e-05
2024-07-25,09:43:54,25.4546,27.0,25.25,2802,15256951.0,5.804350193490379e-05
2024-07-25,09:43:54,25.4594,27.0,25.25,2801,15256949.0,5.813641262238135e-05
2024-07-25,09:43:54,25.4691,27.0,25.25,2801,15256950.0,5.813641262238135e-05
2024-07-25,09:43:54,25.474,27.0,25.25,2801,15256949.0,5.813641262238135e-05
2024-07-25,09:43:54,25.4788,27.0,25.25,2802,15256951.0,5.804350193490379e-05
2024-07-25,09:43:54,25.4837,27.0,25.25,2802,15256953.0,5.804350193490379e-05
2024-07-25,09:43:54,25.4884,27.0,25.25,2802,15256950.0,5.804350193490379e-05
2024-07-25,09:43:54,25.4932,27.0,25.25,2801,15256950.0,5.813641262238135e-05
2024-07-25,09:43:54,25.498,27.0,25.25,2801,15256953.0,5.813641262238135e-05
2024-07-25,09:43:54,25.5029,27.0,25.25,2802,15256951.0,5.804350193490379e-05
2024-07-25,09:43:54,25.5078,27.0,25.25,2801,15256949.0,5.813641262238135e-05
2024-07-25,09:43:54,25.5125,27.0,25.25,2801,15256951.0,5.813641262238135e-05
2024-07-25,09:43:54,25.5174,27.0,25.25,2802,15256950.0,5.804350193490379e-05
2024-07-25,09:43:54,25.5222,27.0,25.25,2802,15256949.0,5.804350193490379e-05
2024-07-25,09:43:54,25.527,27.0,25.25,2802,15256948.0,5.804350193490379e-05
2024-07-25,09:43:54,25.5318,27.0,25.25,2802,15256948.0,5.804350193490379e-05
2024-07-25,09:43:54,25.5367,27.0,25.25,2801,15256948.0,5.813641262238135e-05
2024-07-25,09:43:54,25.5416,27.0,25.25,2801,15256949.0,5.813641262238135e-05
2024-07-25,09:43:54,25.5464,27.0,25.25,2802,15256950.0,5.804350193490379e-05
2024-07-25,09:43:54,25.5512,27.0,25.25,2802,15256951.0,5.804350193490379e-05
2024-07-25,09:43:54,25.5559,27.0,25.25,2801,15256949.0,5.813641262238135e-05
2024-07-25,09:43:54,25.5606,27.0,25.25,2801,15256947.0,5.813641262238135e-05
2024-07-25,09:43:54,25.5655,27.0,25.25,2801,15256947.0,5.813641262238135e-05
2024-07-25,09:43:54,25.5704,27.0,25.25,2800,15256949.0,5.822947203272289e-05
2024-07-25,09:43:54,25.5751,27.0,25.25,2800,15256948.0,5.822947203272289e-05
2024-07-25,09:43:54,25.58,27.0,25.25,2801,15256945.0,5.813641262238135e-05
2024-07-25,09:43:54,25.5848,27.0,25.25,2800,15256946.0,5.822947203272289e-05
2024-07-25,09:43:54,25.5945,27.0,25.25,2801,15256945.0,5.813641262238135e-05
2024-07-25,09:43:54,25.5993,27.0,25.25,2800,15256948.0,5.822947203272289e-05
2024-07-25,09:43:54,25.604,27.0,25.25,2800,15256948.0,5.822947203272289e-05
2024-07-25,09:43:54,25.6089,27.0,25.25,2800,15256947.0,5.822947203272289e-05
2024-07-25,09:43:54,25.6137,27.0,25.25,2800,15256947.0,5.822947203272289e-05
2024-07-25,09:43:54,25.6186,27.0,25.25,2801,15256946.0,5.813641262238135e-05
2024-07-25,09:43:54,25.6235,27.0,25.25,2801,15256948.0,5.813641262238135e-05
2024-07-25,09:43:54,25.6282,27.0,25.25,2801,15256948.0,5.813641262238135e-05
2024-07-25,09:43:54,25.6331,27.0,25.25,2801,15256947.0,5.813641262238135e-05
2024-07-25,09:43:54,25.6379,27.0,25.25,2801,15256947.0,5.813641262238135e-05
2024-07-25,09:43:54,25.6427,27.0,25.25,2801,15256948.0,5.813641262238135e-05
2024-07-25,09:43:54,25.6475,27.0,25.25,2801,15256946.0,5.813641262238135e-05
2024-07-25,09:43:54,25.6524,27.0,25.25,2800,15256945.0,5.822947203272289e-05
2024-07-25,09:43:54,25.6571,27.0,25.25,2799,15256947.0,5.832268040399041e-05
2024-07-25,09:43:54,25.6619,27.0,25.25,2800,15256946.0,5.822947203272289e-05
2024-07-25,09:43:54,25.6667,27.0,25.25,2801,15256945.0,5.813641262238135e-05
2024-07-25,09:43:54,25.6716,27.0,25.25,2800,15256945.0,5.822947203272289e-05
2024-07-25,09:43:54,25.6765,27.0,25.25,2799,15256946.0,5.832268040399041e-05
2024-07-25,09:43:54,25.6813,27.0,25.25,2800,15256948.0,5.822947203272289e-05
2024-07-25,09:43:54,25.6861,27.0,25.25,2800,15256946.0,5.822947203272289e-05
2024-07-25,09:43:54,25.6908,27.0,25.25,2800,15256946.0,5.822947203272289e-05
2024-07-25,09:43:54,25.6957,27.0,25.25,2800,15256947.0,5.822947203272289e-05
2024-07-25,09:43:54,25.7005,27.0,25.25,2801,15256949.0,5.813641262238135e-05
2024-07-25,09:43:54,25.7053,27.0,25.25,2801,15256948.0,5.813641262238135e-05
2024-07-25,09:43:54,25.7101,27.0,25.25,2799,15256947.0,5.832268040399041e-05
2024-07-25,09:43:54,25.7197,27.0,25.25,2800,15256946.0,5.822947203272289e-05
2024-07-25,09:43:55,25.7245,27.0,25.25,2800,15256946.0,5.822947203272289e-05
2024-07-25,09:43:55,25.7293,27.0,25.25,2799,15256948.0,5.832268040399041e-05
2024-07-25,09:43:55,25.7342,27.0,25.25,2799,15256948.0,5.832268040399041e-05
2024-07-25,09:43:55,25.7389,27.0,25.25,2799,15256946.0,5.832268040399041e-05
2024-07-25,09:43:55,25.7438,27.0,25.25,2799,15256946.0,5.832268040399041e-05
2024-07-25,09:43:55,25.7487,27.0,25.25,2799,15256948.0,5.832268040399041e-05
2024-07-25,09:43:55,25.7534,27.0,25.25,2798,15256947.0,5.84160379746267e-05
2024-07-25,09:43:55,25.7581,27.0,25.25,2798,15256946.0,5.84160379746267e-05
2024-07-25,09:43:55,25.763,27.0,25.25,2799,15256945.0,5.832268040399041e-05
2024-07-25,09:43:55,25.768,27.0,25.25,2800,15256947.0,5.822947203272289e-05
2024-07-25,09:43:55,25.7727,27.0,25.25,2800,15256946.0,5.822947203272289e-05
2024-07-25,09:43:55,25.7775,27.0,25.25,2799,15256945.0,5.832268040399041e-05
2024-07-25,09:43:55,25.7823,27.0,25.25,2798,15256948.0,5.84160379746267e-05
2024-07-25,09:43:55,25.7872,27.0,25.25,2798,15256948.0,5.84160379746267e-05
2024-07-25,09:43:55,25.7921,27.0,25.25,2799,15256945.0,5.832268040399041e-05
2024-07-25,09:43:55,25.7968,27.0,25.25,2799,15256945.0,5.832268040399041e-05
2024-07-25,09:43:55,25.8015,27.0,25.25,2798,15256947.0,5.84160379746267e-05
2024-07-25,09:43:55,25.8064,27.0,25.25,2798,15256945.0,5.84160379746267e-05
2024-07-25,09:43:55,25.8113,27.0,25.25,2798,15256945.0,5.84160379746267e-05
2024-07-25,09:43:55,25.8161,27.0,25.25,2798,15256946.0,5.84160379746267e-05
2024-07-25,09:43:55,25.821,27.0,25.25,2798,15256945.0,5.84160379746267e-05
2024-07-25,09:43:55,25.8257,27.0,25.25,2797,15256944.0,5.850954498345647e-05
2024-07-25,09:43:55,25.8306,27.0,25.25,2798,15256943.0,5.84160379746267e-05
2024-07-25,09:43:55,25.8354,27.0,25.25,2799,15256946.0,5.832268040399041e-05
2024-07-25,09:43:55,25.8403,27.0,25.25,2798,15256946.0,5.84160379746267e-05
2024-07-25,09:43:55,25.8498,27.0,25.25,2798,15256947.0,5.84160379746267e-05
2024-07-25,09:43:55,25.8546,27.0,25.25,2798,15256947.0,5.84160379746267e-05
2024-07-25,09:43:55,25.8594,27.0,25.25,2798,15256946.0,5.84160379746267e-05
2024-07-25,09:43:55,25.8642,27.0,25.25,2798,15256943.0,5.84160379746267e-05
2024-07-25,09:43:55,25.8691,27.0,25.25,2798,15256943.0,5.84160379746267e-05
2024-07-25,09:43:55,25.8738,27.0,25.25,2797,15256946.0,5.850954498345647e-05
2024-07-25,09:43:55,25.8787,27.0,25.25,2797,15256945.0,5.850954498345647e-05
2024-07-25,09:43:55,25.8836,27.0,25.25,2797,15256944.0,5.850954498345647e-05
2024-07-25,09:43:55,25.8883,27.0,25.25,2797,15256944.0,5.850954498345647e-05
2024-07-25,09:43:55,25.8932,27.0,25.25,2798,15256945.0,5.84160379746267e-05
2024-07-25,09:43:55,25.898,27.0,25.25,2798,15256945.0,5.84160379746267e-05
2024-07-25,09:43:55,25.9029,27.0,25.25,2797,15256945.0,5.850954498345647e-05
2024-07-25,09:43:55,25.9078,27.0,25.25,2797,15256945.0,5.850954498345647e-05
2024-07-25,09:43:55,25.9125,27.0,25.25,2797,15256943.0,5.850954498345647e-05
2024-07-25,09:43:55,25.9172,27.0,25.25,2798,15256941.0,5.84160379746267e-05
2024-07-25,09:43:55,25.9221,27.0,25.25,2799,15256941.0,5.832268040399041e-05
2024-07-25,09:43:55,25.927,27.0,25.25,2798,15256945.0,5.84160379746267e-05
2024-07-25,09:43:55,25.9317,27.0,25.25,2797,15256945.0,5.850954498345647e-05
2024-07-25,09:43:55,25.9366,27.0,25.25,2797,15256943.0,5.850954498345647e-05
2024-07-25,09:43:55,25.9414,27.0,25.25,2798,15256943.0,5.84160379746267e-05
2024-07-25,09:43:55,25.9463,27.0,25.25,2798,15256944.0,5.84160379746267e-05
2024-07-25,09:43:55,25.9512,27.0,25.25,2798,15256944.0,5.84160379746267e-05
2024-07-25,09:43:55,25.9559,27.0,25.25,2798,15256943.0,5.84160379746267e-05
2024-07-25,09:43:55,25.9606,27.0,25.25,2797,15256942.0,5.850954498345647e-05
2024-07-25,09:43:55,25.9654,27.0,25.25,2797,15256942.0,5.850954498345647e-05
2024-07-25,09:43:55,25.9702,27.0,25.25,2797,15256943.0,5.850954498345647e-05
2024-07-25,09:43:55,25.98,27.0,25.25,2797,15256941.0,5.850954498345647e-05
2024-07-25,09:43:55,25.9847,27.0,25.25,2796,15256944.0,5.860320166968649e-05
2024-07-25,09:43:55,25.9896,27.0,25.25,2796,15256942.0,5.860320166968649e-05
2024-07-25,09:43:55,25.9944,27.0,25.25,2797,15256940.0,5.850954498345647e-05
2024-07-25,09:43:55,25.9993,27.0,25.25,2797,15256943.0,5.850954498345647e-05
2024-07-25,09:43:55,26.004,27.0,25.25,2797,15256943.0,5.850954498345647e-05
2024-07-25,09:43:55,26.0089,27.0,25.25,2797,15256941.0,5.850954498345647e-05
2024-07-25,09:43:55,26.0137,27.0,25.25,2796,15256941.0,5.860320166968649e-05
2024-07-25,09:43:55,26.0186,27.0,25.25,2796,15256944.0,5.860320166968649e-05
2024-07-25,09:43:55,26.0236,27.0,25.25,2797,15256944.0,5.850954498345647e-05
2024-07-25,09:43:55,26.0285,27.0,25.25,2797,15256942.0,5.850954498345647e-05
2024-07-25,09:43:55,26.0332,27.0,25.25,2796,15256942.0,5.860320166968649e-05
2024-07-25,09:43:55,26.0379,27.0,25.25,2795,15256942.0,5.869700827290666e-05
2024-07-25,09:43:55,26.0428,27.0,25.25,2796,15256941.0,5.860320166968649e-05
2024-07-25,09:43:55,26.0477,27.0,25.25,2797,15256942.0,5.850954498345647e-05
2024-07-25,09:43:55,26.0524,27.0,25.25,2796,15256943.0,5.860320166968649e-05
2024-07-25,09:43:55,26.0573,27.0,25.25,2796,15256942.0,5.860320166968649e-05
2024-07-25,09:43:55,26.0621,27.0,25.25,2797,15256941.0,5.850954498345647e-05
2024-07-25,09:43:55,26.067,27.0,25.25,2797,15256941.0,5.850954498345647e-05
2024-07-25,09:43:55,26.0719,27.0,25.25,2797,15256941.0,5.850954498345647e-05
2024-07-25,09:43:55,26.0766,27.0,25.25,2797,15256940.0,5.850954498345647e-05
2024-07-25,09:43:55,26.0815,27.0,25.25,2796,15256940.0,5.860320166968649e-05
2024-07-25,09:43:55,26.0863,27.0,25.25,2795,15256940.0,5.869700827290666e-05
2024-07-25,09:43:55,26.0911,26.94,25.25,2795,15256940.0,5.869700827290666e-05
2024-07-25,09:43:55,26.0958,26.94,25.25,2795,15256941.0,5.869700827290666e-05
2024-07-25,09:43:55,26.1007,26.94,25.25,2794,15256942.0,5.879096503309015e-05
2024-07-25,09:43:55,26.1057,26.94,25.25,2794,15256942.0,5.879096503309015e-05
2024-07-25,09:43:55,26.1151,26.94,25.25,2795,15256940.0,5.869700827290666e-05
2024-07-25,09:43:55,26.12,26.94,25.25,2795,15256940.0,5.869700827290666e-05
2024-07-25,09:43:55,26.1249,26.94,25.25,2795,15256941.0,5.869700827290666e-05
2024-07-25,09:43:55,26.1297,26.94,25.25,2795,15256941.0,5.869700827290666e-05
2024-07-25,09:43:55,26.1345,26.94,25.25,2795,15256940.0,5.869700827290666e-05
2024-07-25,09:43:55,26.1393,26.94,25.25,2795,15256939.0,5.869700827290666e-05
2024-07-25,09:43:55,26.1442,26.94,25.25,2795,15256940.0,5.869700827290666e-05
2024-07-25,09:43:55,26.149,26.94,25.25,2795,15256940.0,5.869700827290666e-05
2024-07-25,09:43:55,26.1539,26.94,25.25,2795,15256939.0,5.869700827290666e-05
2024-07-25,09:43:55,26.1586,26.94,25.25,2796,15256937.0,5.860320166968649e-05
2024-07-25,09:43:55,26.1635,26.94,25.25,2796,15256938.0,5.860320166968649e-05
2024-07-25,09:43:55,26.1682,26.94,25.25,2795,15256941.0,5.869700827290666e-05
2024-07-25,09:43:55,26.173,26.94,25.25,2795,15256939.0,5.869700827290666e-05
2024-07-25,09:43:55,26.178,26.94,25.25,2795,15256939.0,5.869700827290666e-05
2024-07-25,09:43:55,26.1828,26.94,25.25,2795,15256940.0,5.869700827290666e-05
2024-07-25,09:43:55,26.1877,26.94,25.25,2795,15256940.0,5.869700827290666e-05
2024-07-25,09:43:55,26.1926,26.94,25.25,2795,15256939.0,5.869700827290666e-05
2024-07-25,09:43:55,26.1973,26.94,25.25,2795,15256939.0,5.869700827290666e-05
2024-07-25,09:43:55,26.2022,26.94,25.25,2795,15256938.0,5.869700827290666e-05
2024-07-25,09:43:55,26.207,26.94,25.25,2794,15256938.0,5.879096503309015e-05
2024-07-25,09:43:55,26.2118,26.94,25.25,2793,15256937.0,5.888507219059452e-05
2024-07-25,09:43:55,26.2166,26.94,25.25,2794,15256937.0,5.879096503309015e-05
2024-07-25,09:43:55,26.2215,26.94,25.25,2795,15256939.0,5.869700827290666e-05
2024-07-25,09:43:55,26.2262,26.94,25.25,2795,15256939.0,5.869700827290666e-05
2024-07-25,09:43:55,26.231,26.94,25.25,2795,15256938.0,5.869700827290666e-05
2024-07-25,09:43:55,26.2358,26.94,25.25,2795,15256938.0,5.869700827290666e-05
2024-07-25,09:43:55,26.2456,26.94,25.25,2793,15256941.0,5.888507219059452e-05
2024-07-25,09:43:55,26.2504,26.94,25.25,2794,15256939.0,5.879096503309015e-05
2024-07-25,09:43:55,26.2552,26.94,25.25,2795,15256940.0,5.869700827290666e-05
2024-07-25,09:43:55,26.2599,26.94,25.25,2795,15256939.0,5.869700827290666e-05
2024-07-25,09:43:55,26.2648,26.94,25.25,2794,15256938.0,5.879096503309015e-05
2024-07-25,09:43:55,26.2696,26.94,25.25,2794,15256939.0,5.879096503309015e-05
2024-07-25,09:43:55,26.2745,26.94,25.25,2794,15256939.0,5.879096503309015e-05
2024-07-25,09:43:55,26.2793,26.94,25.25,2793,15256937.0,5.888507219059452e-05
2024-07-25,09:43:55,26.2842,26.94,25.25,2794,15256936.0,5.879096503309015e-05
2024-07-25,09:43:55,26.2889,26.94,25.25,2794,15256938.0,5.879096503309015e-05
2024-07-25,09:43:55,26.2937,26.94,25.25,2794,15256938.0,5.879096503309015e-05
2024-07-25,09:43:55,26.2985,26.94,25.25,2794,15256936.0,5.879096503309015e-05
2024-07-25,09:43:55,26.3034,26.94,25.25,2794,15256935.0,5.879096503309015e-05
2024-07-25,09:43:55,26.3083,26.94,25.25,2794,15256937.0,5.879096503309015e-05
2024-07-25,09:43:55,26.313,26.94,25.25,2794,15256938.0,5.879096503309015e-05
2024-07-25,09:43:55,26.3179,26.94,25.25,2794,15256938.0,5.879096503309015e-05
2024-07-25,09:43:55,26.3227,26.94,25.25,2794,15256937.0,5.879096503309015e-05
2024-07-25,09:43:55,26.3275,26.94,25.25,2794,15256937.0,5.879096503309015e-05
2024-07-25,09:43:55,26.3323,26.94,25.25,2794,15256937.0,5.879096503309015e-05
2024-07-25,09:43:55,26.3372,26.94,25.25,2794,15256935.0,5.879096503309015e-05
2024-07-25,09:43:55,26.3421,26.94,25.25,2794,15256935.0,5.879096503309015e-05
2024-07-25,09:43:55,26.3469,26.94,25.25,2794,15256938.0,5.879096503309015e-05
2024-07-25,09:43:55,26.3517,26.94,25.25,2793,15256938.0,5.888507219059452e-05
2024-07-25,09:43:55,26.3564,26.94,25.25,2794,15256937.0,5.879096503309015e-05
2024-07-25,09:43:55,26.3613,26.94,25.25,2794,15256936.0,5.879096503309015e-05
2024-07-25,09:43:55,26.3661,26.94,25.25,2793,15256937.0,5.888507219059452e-05
2024-07-25,09:43:55,26.371,26.94,25.25,2793,15256937.0,5.888507219059452e-05
2024-07-25,09:43:55,26.3806,26.94,25.25,2794,15256935.0,5.879096503309015e-05
2024-07-25,09:43:55,26.3853,26.94,25.25,2794,15256936.0,5.879096503309015e-05
2024-07-25,09:43:55,26.3902,26.94,25.25,2793,15256936.0,5.888507219059452e-05
2024-07-25,09:43:55,26.3951,26.94,25.25,2793,15256936.0,5.888507219059452e-05
2024-07-25,09:43:55,26.3999,26.94,25.25,2793,15256938.0,5.888507219059452e-05
2024-07-25,09:43:55,26.4048,26.94,25.25,2793,15256938.0,5.888507219059452e-05
2024-07-25,09:43:55,26.4095,26.94,25.25,2794,15256934.0,5.879096503309015e-05
2024-07-25,09:43:55,26.4144,26.94,25.25,2793,15256934.0,5.888507219059452e-05
2024-07-25,09:43:55,26.4193,26.94,25.25,2792,15256935.0,5.897932998616183e-05
2024-07-25,09:43:55,26.424,26.94,25.25,2793,15256934.0,5.888507219059452e-05
2024-07-25,09:43:55,26.4289,26.94,25.25,2793,15256933.0,5.888507219059452e-05
2024-07-25,09:43:55,26.4337,26.94,25.25,2792,15256933.0,5.897932998616183e-05
2024-07-25,09:43:55,26.4386,26.94,25.25,2792,15256934.0,5.897932998616183e-05
2024-07-25,09:43:55,26.4434,26.94,25.25,2793,15256935.0,5.888507219059452e-05
2024-07-25,09:43:55,26.4482,26.94,25.25,2793,15256935.0,5.888507219059452e-05
2024-07-25,09:43:55,26.4529,26.94,25.25,2793,15256935.0,5.888507219059452e-05
2024-07-25,09:43:55,26.4578,26.94,25.25,2793,15256936.0,5.888507219059452e-05
2024-07-25,09:43:55,26.4626,26.94,25.25,2793,15256935.0,5.888507219059452e-05
2024-07-25,09:43:55,26.4675,26.94,25.25,2793,15256933.0,5.888507219059452e-05
2024-07-25,09:43:55,26.4724,26.94,25.25,2792,15256934.0,5.897932998616183e-05
2024-07-25,09:43:55,26.4772,26.94,25.25,2791,15256935.0,5.907373866091968e-05
2024-07-25,09:43:55,26.4821,26.94,25.25,2792,15256935.0,5.897932998616183e-05
2024-07-25,09:43:55,26.487,26.94,25.25,2792,15256935.0,5.897932998616183e-05
2024-07-25,09:43:55,26.4918,26.94,25.25,2791,15256934.0,5.907373866091968e-05
2024-07-25,09:43:55,26.4966,26.94,25.25,2791,15256934.0,5.907373866091968e-05
2024-07-25,09:43:55,26.5014,26.94,25.25,2791,15256933.0,5.907373866091968e-05
2024-07-25,09:43:55,26.5063,26.94,25.25,2791,15256933.0,5.907373866091968e-05
2024-07-25,09:43:55,26.5159,26.94,25.25,2791,15256936.0,5.907373866091968e-05
2024-07-25,09:43:55,26.5208,26.94,25.25,2792,15256933.0,5.897932998616183e-05
2024-07-25,09:43:55,26.5255,26.94,25.25,2793,15256931.0,5.888507219059452e-05
2024-07-25,09:43:55,26.5304,26.94,25.25,2792,15256932.0,5.897932998616183e-05
2024-07-25,09:43:55,26.5352,26.94,25.25,2792,15256932.0,5.897932998616183e-05
2024-07-25,09:43:55,26.54,26.94,25.25,2793,15256932.0,5.888507219059452e-05
2024-07-25,09:43:55,26.5448,26.94,25.25,2792,15256934.0,5.897932998616183e-05
2024-07-25,09:43:55,26.5498,26.94,25.25,2791,15256935.0,5.907373866091968e-05
2024-07-25,09:43:55,26.5547,26.94,25.25,2792,15256933.0,5.897932998616183e-05
2024-07-25,09:43:55,26.5594,26.94,25.25,2791,15256930.0,5.907373866091968e-05
2024-07-25,09:43:55,26.5643,26.94,25.25,2790,15256931.0,5.91682984563815e-05
2024-07-25,09:43:55,26.5691,26.94,25.25,2792,15256934.0,5.897932998616183e-05
2024-07-25,09:43:55,26.574,26.94,25.25,2792,15256934.0,5.897932998616183e-05
2024-07-25,09:43:55,26.5787,26.94,25.25,2792,15256935.0,5.897932998616183e-05
2024-07-25,09:43:55,26.5835,26.94,25.25,2793,15256935.0,5.888507219059452e-05
2024-07-25,09:43:55,26.5883,26.94,25.25,2792,15256932.0,5.897932998616183e-05
2024-07-25,09:43:55,26.5931,27.0,25.25,2791,15256932.0,5.907373866091968e-05
2024-07-25,09:43:55,26.5979,27.0,25.25,2791,15256932.0,5.907373866091968e-05
2024-07-25,09:43:55,26.6029,27.0,25.25,2792,15256932.0,5.897932998616183e-05
2024-07-25,09:43:55,26.6078,27.0,25.25,2792,15256932.0,5.897932998616183e-05
2024-07-25,09:43:55,26.6125,27.0,25.25,2792,15256931.0,5.897932998616183e-05
2024-07-25,09:43:55,26.6173,27.0,25.25,2793,15256933.0,5.888507219059452e-05
2024-07-25,09:43:55,26.6221,27.0,25.25,2792,15256934.0,5.897932998616183e-05
2024-07-25,09:43:55,26.627,27.0,25.25,2791,15256933.0,5.907373866091968e-05
2024-07-25,09:43:55,26.6319,27.0,25.25,2791,15256931.0,5.907373866091968e-05
2024-07-25,09:43:55,26.6367,27.0,25.25,2791,15256931.0,5.907373866091968e-05
2024-07-25,09:43:55,26.6416,27.0,25.25,2791,15256931.0,5.907373866091968e-05
2024-07-25,09:43:55,26.6512,27.0,25.25,2791,15256932.0,5.907373866091968e-05
2024-07-25,09:43:55,26.6559,27.0,25.25,2790,15256930.0,5.91682984563815e-05
2024-07-25,09:43:55,26.6608,27.0,25.25,2790,15256930.0,5.91682984563815e-05
2024-07-25,09:43:55,26.6657,27.0,25.25,2790,15256930.0,5.91682984563815e-05
2024-07-25,09:43:55,26.6705,27.0,25.25,2790,15256930.0,5.91682984563815e-05
2024-07-25,09:43:55,26.6754,27.0,25.25,2790,15256931.0,5.91682984563815e-05
2024-07-25,09:43:55,26.6802,27.0,25.25,2790,15256931.0,5.91682984563815e-05
2024-07-25,09:43:55,26.6851,27.0,25.25,2791,15256933.0,5.907373866091968e-05
2024-07-25,09:43:55,26.69,27.0,25.25,2791,15256931.0,5.907373866091968e-05
2024-07-25,09:43:55,26.6948,27.0,25.25,2791,15256931.0,5.907373866091968e-05
2024-07-25,09:43:55,26.6996,27.0,25.25,2791,15256932.0,5.907373866091968e-05
2024-07-25,09:43:55,26.7043,27.0,25.25,2791,15256932.0,5.907373866091968e-05
2024-07-25,09:43:55,26.7092,27.0,25.25,2791,15256931.0,5.907373866091968e-05
2024-07-25,09:43:55,26.714,27.0,25.25,2790,15256932.0,5.91682984563815e-05
2024-07-25,09:43:55,26.7189,27.0,25.25,2789,15256931.0,5.926300961444747e-05
2024-07-25,09:43:56,26.7238,27.0,25.25,2789,15256929.0,5.926300961444747e-05
2024-07-25,09:43:56,26.7286,27.0,25.25,2790,15256928.0,5.91682984563815e-05
2024-07-25,09:43:56,26.7335,27.0,25.25,2790,15256929.0,5.91682984563815e-05
2024-07-25,09:43:56,26.7382,27.0,25.25,2789,15256930.0,5.926300961444747e-05
2024-07-25,09:43:56,26.7431,27.0,25.25,2789,15256929.0,5.926300961444747e-05
2024-07-25,09:43:56,26.748,27.0,25.25,2790,15256928.0,5.91682984563815e-05
2024-07-25,09:43:56,26.7527,27.0,25.25,2790,15256929.0,5.91682984563815e-05
2024-07-25,09:43:56,26.7576,27.0,25.25,2789,15256930.0,5.926300961444747e-05
2024-07-25,09:43:56,26.7624,27.0,25.25,2790,15256930.0,5.91682984563815e-05
2024-07-25,09:43:56,26.7673,27.0,25.25,2790,15256931.0,5.91682984563815e-05
2024-07-25,09:43:56,26.7721,27.0,25.25,2789,15256930.0,5.926300961444747e-05
2024-07-25,09:43:56,26.777,27.0,25.25,2790,15256928.0,5.91682984563815e-05
2024-07-25,09:43:56,26.7819,27.0,25.25,2790,15256928.0,5.91682984563815e-05
2024-07-25,09:43:56,26.7866,27.0,25.25,2789,15256928.0,5.926300961444747e-05
2024-07-25,09:43:56,26.7963,27.0,25.25,2789,15256929.0,5.926300961444747e-05
2024-07-25,09:43:56,26.8011,27.0,25.25,2789,15256928.0,5.926300961444747e-05
2024-07-25,09:43:56,26.8059,27.0,25.25,2790,15256928.0,5.91682984563815e-05
2024-07-25,09:43:56,26.8108,27.0,25.25,2789,15256929.0,5.926300961444747e-05
2024-07-25,09:43:56,26.8157,27.0,25.25,2788,15256928.0,5.935787237740481e-05
2024-07-25,09:43:56,26.8205,27.0,25.25,2788,15256927.0,5.935787237740481e-05
2024-07-25,09:43:56,26.8254,27.0,25.25,2789,15256927.0,5.926300961444747e-05
2024-07-25,09:43:56,26.8303,27.0,25.25,2789,15256928.0,5.926300961444747e-05
2024-07-25,09:43:56,26.8351,27.0,25.25,2788,15256928.0,5.935787237740481e-05
2024-07-25,09:43:56,26.84,27.0,25.25,2788,15256928.0,5.935787237740481e-05
2024-07-25,09:43:56,26.8449,27.0,25.25,2788,15256928.0,5.935787237740481e-05
2024-07-25,09:43:56,26.8497,27.0,25.25,2788,15256928.0,5.935787237740481e-05
2024-07-25,09:43:56,26.8546,27.0,25.25,2788,15256928.0,5.935787237740481e-05
2024-07-25,09:43:56,26.8594,27.0,25.25,2788,15256927.0,5.935787237740481e-05
2024-07-25,09:43:56,26.8643,27.0,25.25,2789,15256927.0,5.926300961444747e-05
2024-07-25,09:43:56,26.8692,27.0,25.25,2788,15256926.0,5.935787237740481e-05
2024-07-25,09:43:56,26.874,27.0,25.25,2787,15256926.0,5.945288698792872e-05
2024-07-25,09:43:56,26.8789,27.0,25.25,2788,15256927.0,5.935787237740481e-05
2024-07-25,09:43:56,26.8838,27.0,25.25,2788,15256928.0,5.935787237740481e-05
2024-07-25,09:43:56,26.8886,27.0,25.25,2787,15256927.0,5.945288698792872e-05
2024-07-25,09:43:56,26.8935,27.0,25.25,2787,15256925.0,5.945288698792872e-05
2024-07-25,09:43:56,26.8984,27.0,25.25,2788,15256927.0,5.935787237740481e-05
2024-07-25,09:43:56,26.9032,27.0,25.25,2788,15256928.0,5.935787237740481e-05
2024-07-25,09:43:56,26.9081,27.0,25.25,2787,15256925.0,5.945288698792872e-05
2024-07-25,09:43:56,26.9129,27.0,25.25,2787,15256924.0,5.945288698792872e-05
2024-07-25,09:43:56,26.9178,27.0,25.25,2789,15256927.0,5.926300961444747e-05
2024-07-25,09:43:56,26.9227,27.0,25.25,2789,15256928.0,5.926300961444747e-05
2024-07-25,09:43:56,26.9275,27.0,25.25,2787,15256925.0,5.945288698792872e-05
2024-07-25,09:43:56,26.9324,27.0,25.25,2787,15256924.0,5.945288698792872e-05
2024-07-25,09:43:56,26.9373,27.0,25.25,2789,15256926.0,5.926300961444747e-05
2024-07-25,09:43:56,26.9421,27.0,25.25,2789,15256926.0,5.926300961444747e-05
2024-07-25,09:43:56,26.947,27.0,25.25,2788,15256927.0,5.935787237740481e-05
2024-07-25,09:43:56,26.9566,27.0,25.25,2789,15256926.0,5.926300961444747e-05
2024-07-25,09:43:56,26.9615,27.0,25.25,2789,15256927.0,5.926300961444747e-05
2024-07-25,09:43:56,26.9665,27.0,25.25,2788,15256927.0,5.935787237740481e-05
2024-07-25,09:43:56,26.9712,27.0,25.25,2789,15256925.0,5.926300961444747e-05
2024-07-25,09:43:56,26.9759,27.0,25.25,2788,15256923.0,5.935787237740481e-05
2024-07-25,09:43:56,26.9808,27.0,25.25,2787,15256925.0,5.945288698792872e-05
2024-07-25,09:43:56,26.9858,27.0,25.25,2787,15256926.0,5.945288698792872e-05
2024-07-25,09:43:56,26.9906,27.0,25.25,2787,15256924.0,5.945288698792872e-05
2024-07-25,09:43:56,26.9954,27.0,25.25,2789,15256927.0,5.926300961444747e-05
2024-07-25,09:43:56,27.0002,27.0,25.25,2789,15256927.0,5.926300961444747e-05
2024-07-25,09:43:56,27.0051,27.0,25.25,2789,15256926.0,5.926300961444747e-05
2024-07-25,09:43:56,27.0098,27.0,25.25,2789,15256926.0,5.926300961444747e-05
2024-07-25,09:43:56,27.0147,27.0,25.25,2788,15256926.0,5.935787237740481e-05
2024-07-25,09:43:56,27.0197,27.0,25.25,2787,15256928.0,5.945288698792872e-05
2024-07-25,09:43:56,27.0246,27.0,25.25,2787,15256925.0,5.945288698792872e-05
2024-07-25,09:43:56,27.0294,27.0,25.25,2788,15256923.0,5.935787237740481e-05
2024-07-25,09:43:56,27.0343,27.0,25.25,2787,15256922.0,5.945288698792872e-05
2024-07-25,09:43:56,27.039,27.0,25.25,2787,15256923.0,5.945288698792872e-05
2024-07-25,09:43:56,27.0439,27.0,25.25,2787,15256923.0,5.945288698792872e-05
2024-07-25,09:43:56,27.0489,27.0,25.25,2787,15256922.0,5.945288698792872e-05
2024-07-25,09:43:56,27.0537,27.0,25.25,2787,15256923.0,5.945288698792872e-05
2024-07-25,09:43:56,27.0586,27.0,25.25,2787,15256923.0,5.945288698792872e-05
2024-07-25,09:43:56,27.0635,27.0,25.25,2788,15256923.0,5.935787237740481e-05
2024-07-25,09:43:56,27.0682,27.0,25.25,2788,15256924.0,5.935787237740481e-05
2024-07-25,09:43:56,27.0731,27.0,25.25,2787,15256924.0,5.945288698792872e-05
2024-07-25,09:43:56,27.0781,27.0,25.25,2786,15256925.0,5.954805368908273e-05
2024-07-25,09:43:56,27.0828,27.0,25.25,2787,15256923.0,5.945288698792872e-05
2024-07-25,09:43:56,27.0877,27.0,25.25,2788,15256922.0,5.935787237740481e-05
2024-07-25,09:43:56,27.0927,27.0,25.25,2787,15256923.0,5.945288698792872e-05
2024-07-25,09:43:56,27.0974,26.94,25.25,2787,15256922.0,5.945288698792872e-05
2024-07-25,09:43:56,27.1023,26.94,25.25,2787,15256921.0,5.945288698792872e-05
2024-07-25,09:43:56,27.1071,26.94,25.25,2787,15256920.0,5.945288698792872e-05
2024-07-25,09:43:56,27.1167,26.94,25.25,2786,15256923.0,5.954805368908273e-05
2024-07-25,09:43:56,27.1216,26.94,25.25,2785,15256922.0,5.964337272431957e-05
2024-07-25,09:43:56,27.1265,26.94,25.25,2786,15256921.0,5.954805368908273e-05
2024-07-25,09:43:56,27.1314,26.94,25.25,2788,15256923.0,5.935787237740481e-05
2024-07-25,09:43:56,27.1363,26.94,25.25,2787,15256922.0,5.945288698792872e-05
2024-07-25,09:43:56,27.1412,26.94,25.25,2786,15256923.0,5.954805368908273e-05
2024-07-25,09:43:56,27.146,26.94,25.25,2787,15256922.0,5.945288698792872e-05
2024-07-25,09:43:56,27.1509,26.94,25.25,2787,15256922.0,5.945288698792872e-05
2024-07-25,09:43:56,27.1558,26.94,25.25,2787,15256922.0,5.945288698792872e-05
2024-07-25,09:43:56,27.1606,26.94,25.25,2789,15256923.0,5.926300961444747e-05
2024-07-25,09:43:56,27.1655,26.94,25.25,2789,15256923.0,5.926300961444747e-05
2024-07-25,09:43:56,27.1702,26.94,25.25,2786,15256921.0,5.954805368908273e-05
2024-07-25,09:43:56,27.1751,26.94,25.25,2786,15256921.0,5.954805368908273e-05
2024-07-25,09:43:56,27.1801,26.94,25.25,2788,15256925.0,5.935787237740481e-05
2024-07-25,09:43:56,27.1849,26.94,25.25,2788,15256926.0,5.935787237740481e-05
2024-07-25,09:43:56,27.1898,26.94,25.25,2786,15256923.0,5.954805368908273e-05
2024-07-25,09:43:56,27.1947,26.94,25.25,2786,15256922.0,5.954805368908273e-05
2024-07-25,09:43:56,27.1994,26.94,25.25,2787,15256922.0,5.945288698792872e-05
2024-07-25,09:43:56,27.2043,26.94,25.25,2787,15256922.0,5.945288698792872e-05
2024-07-25,09:43:56,27.2093,26.94,25.25,2786,15256921.0,5.954805368908273e-05
2024-07-25,09:43:56,27.2141,26.94,25.25,2785,15256923.0,5.964337272431957e-05
2024-07-25,09:43:56,27.219,26.94,25.25,2786,15256922.0,5.954805368908273e-05
2024-07-25,09:43:56,27.2239,26.94,25.25,2787,15256921.0,5.945288698792872e-05
2024-07-25,09:43:56,27.2287,26.94,25.25,2786,15256921.0,5.954805368908273e-05
2024-07-25,09:43:56,27.2336,26.94,25.25,2786,15256920.0,5.954805368908273e-05
2024-07-25,09:43:56,27.2385,26.94,25.25,2787,15256920.0,5.945288698792872e-05
2024-07-25,09:43:56,27.2433,26.94,25.25,2787,15256921.0,5.945288698792872e-05
2024-07-25,09:43:56,27.2481,26.94,25.25,2786,15256920.0,5.954805368908273e-05
2024-07-25,09:43:56,27.2529,26.94,25.25,2786,15256921.0,5.954805368908273e-05
2024-07-25,09:43:56,27.2578,26.94,25.25,2787,15256921.0,5.945288698792872e-05
2024-07-25,09:43:56,27.2626,26.94,25.25,2786,15256920.0,5.954805368908273e-05
2024-07-25,09:43:56,27.2675,26.94,25.25,2785,15256920.0,5.964337272431957e-05
2024-07-25,09:43:56,27.2724,26.94,25.25,2785,15256920.0,5.964337272431957e-05
2024-07-25,09:43:56,27.2774,26.94,25.25,2786,15256921.0,5.954805368908273e-05
2024-07-25,09:43:56,27.287,26.94,25.25,2788,15256923.0,5.935787237740481e-05
2024-07-25,09:43:56,27.2918,26.94,25.25,2787,15256924.0,5.945288698792872e-05
2024-07-25,09:43:56,27.2967,26.94,25.25,2785,15256918.0,5.964337272431957e-05
2024-07-25,09:43:56,27.3016,26.94,25.25,2785,15256918.0,5.964337272431957e-05
2024-07-25,09:43:56,27.3065,26.94,25.25,2785,15256920.0,5.964337272431957e-05
2024-07-25,09:43:56,27.3114,26.94,25.25,2785,15256920.0,5.964337272431957e-05
2024-07-25,09:43:56,27.3161,26.94,25.25,2786,15256920.0,5.954805368908273e-05
2024-07-25,09:43:56,27.321,26.94,25.25,2786,15256919.0,5.954805368908273e-05
2024-07-25,09:43:56,27.3259,26.94,25.25,2784,15256919.0,5.973884433748151e-05
2024-07-25,09:43:56,27.3307,26.94,25.25,2784,15256919.0,5.973884433748151e-05
2024-07-25,09:43:56,27.3356,26.94,25.25,2785,15256919.0,5.964337272431957e-05
2024-07-25,09:43:56,27.3405,26.94,25.25,2785,15256920.0,5.964337272431957e-05
2024-07-25,09:43:56,27.3453,26.94,25.25,2784,15256918.0,5.973884433748151e-05
2024-07-25,09:43:56,27.3502,26.94,25.25,2784,15256918.0,5.973884433748151e-05
2024-07-25,09:43:56,27.3551,26.94,25.25,2786,15256920.0,5.954805368908273e-05
2024-07-25,09:43:56,27.3601,26.94,25.25,2786,15256920.0,5.954805368908273e-05
2024-07-25,09:43:56,27.3649,26.94,25.25,2784,15256919.0,5.973884433748151e-05
2024-07-25,09:43:56,27.3697,26.94,25.25,2784,15256919.0,5.973884433748151e-05
2024-07-25,09:43:56,27.3745,26.94,25.25,2784,15256916.0,5.973884433748151e-05
2024-07-25,09:43:56,27.3794,26.94,25.25,2784,15256916.0,5.973884433748151e-05
2024-07-25,09:43:56,27.3844,26.94,25.25,2785,15256919.0,5.964337272431957e-05
2024-07-25,09:43:56,27.3894,26.94,25.25,2785,15256918.0,5.964337272431957e-05
2024-07-25,09:43:56,27.3941,26.94,25.25,2786,15256916.0,5.954805368908273e-05
2024-07-25,09:43:56,27.3988,26.94,25.25,2787,15256917.0,5.945288698792872e-05
2024-07-25,09:43:56,27.4038,26.94,25.25,2785,15256917.0,5.964337272431957e-05
2024-07-25,09:43:56,27.4088,26.94,25.25,2784,15256918.0,5.973884433748151e-05
2024-07-25,09:43:56,27.4137,26.94,25.25,2785,15256918.0,5.964337272431957e-05
2024-07-25,09:43:56,27.4185,26.94,25.25,2785,15256917.0,5.964337272431957e-05
2024-07-25,09:43:56,27.4233,26.94,25.25,2785,15256918.0,5.964337272431957e-05
2024-07-25,09:43:56,27.4281,26.94,25.25,2785,15256919.0,5.964337272431957e-05
2024-07-25,09:43:56,27.433,26.94,25.25,2785,15256918.0,5.964337272431957e-05
2024-07-25,09:43:56,27.4377,26.94,25.25,2786,15256917.0,5.954805368908273e-05
2024-07-25,09:43:56,27.4427,26.94,25.25,2786,15256918.0,5.954805368908273e-05
2024-07-25,09:43:56,27.4476,26.94,25.25,2785,15256918.0,5.964337272431957e-05
2024-07-25,09:43:56,27.4573,26.94,25.25,2784,15256917.0,5.973884433748151e-05
2024-07-25,09:43:56,27.4622,26.94,25.25,2783,15256916.0,5.983446877280134e-05
2024-07-25,09:43:56,27.4671,26.94,25.25,2782,15256915.0,5.993024627490255e-05
2024-07-25,09:43:56,27.4721,26.94,25.25,2784,15256918.0,5.973884433748151e-05
2024-07-25,09:43:56,27.4769,26.94,25.25,2784,15256918.0,5.973884433748151e-05
2024-07-25,09:43:56,27.4818,26.94,25.25,2782,15256915.0,5.993024627490255e-05
2024-07-25,09:43:56,27.4866,26.94,25.25,2783,15256915.0,5.983446877280134e-05
2024-07-25,09:43:56,27.4915,26.94,25.25,2785,15256917.0,5.964337272431957e-05
2024-07-25,09:43:56,27.4964,26.94,25.25,2785,15256917.0,5.964337272431957e-05
2024-07-25,09:43:56,27.5012,26.94,25.25,2783,15256916.0,5.983446877280134e-05
2024-07-25,09:43:56,27.5061,26.94,25.25,2783,15256916.0,5.983446877280134e-05
2024-07-25,09:43:56,27.511,26.94,25.25,2784,15256915.0,5.973884433748151e-05
2024-07-25,09:43:56,27.5158,26.94,25.25,2784,15256916.0,5.973884433748151e-05
2024-07-25,09:43:56,27.5207,26.94,25.25,2784,15256917.0,5.973884433748151e-05
2024-07-25,09:43:56,27.5256,26.94,25.25,2783,15256917.0,5.983446877280134e-05
2024-07-25,09:43:56,27.5305,26.94,25.25,2785,15256918.0,5.964337272431957e-05
2024-07-25,09:43:56,27.5354,26.94,25.25,2785,15256917.0,5.964337272431957e-05
2024-07-25,09:43:56,27.5403,26.94,25.25,2782,15256916.0,5.993024627490255e-05
2024-07-25,09:43:56,27.5453,26.94,25.25,2782,15256916.0,5.993024627490255e-05
2024-07-25,09:43:56,27.5501,26.94,25.25,2784,15256918.0,5.973884433748151e-05
2024-07-25,09:43:56,27.555,26.94,25.25,2785,15256918.0,5.964337272431957e-05
2024-07-25,09:43:56,27.5599,26.94,25.25,2784,15256916.0,5.973884433748151e-05
2024-07-25,09:43:56,27.5646,26.94,25.25,2783,15256917.0,5.983446877280134e-05
2024-07-25,09:43:56,27.5695,26.94,25.25,2783,15256916.0,5.983446877280134e-05
2024-07-25,09:43:56,27.5745,26.94,25.25,2784,15256916.0,5.973884433748151e-05
2024-07-25,09:43:56,27.5792,26.94,25.25,2784,15256917.0,5.973884433748151e-05
2024-07-25,09:43:56,27.5841,26.94,25.25,2784,15256917.0,5.973884433748151e-05
2024-07-25,09:43:56,27.589,26.94,25.25,2783,15256914.0,5.983446877280134e-05
2024-07-25,09:43:56,27.5939,26.94,25.25,2783,15256913.0,5.983446877280134e-05
2024-07-25,09:43:56,27.5988,27.0,25.25,2783,15256915.0,5.983446877280134e-05
2024-07-25,09:43:56,27.6036,27.0,25.25,2782,15256915.0,5.993024627490255e-05
2024-07-25,09:43:56,27.6085,27.0,25.25,2782,15256913.0,5.993024627490255e-05
2024-07-25,09:43:56,27.6134,27.0,25.25,2782,15256914.0,5.993024627490255e-05
2024-07-25,09:43:56,27.6182,27.0,25.25,2783,15256914.0,5.983446877280134e-05
2024-07-25,09:43:56,27.6232,27.0,25.25,2783,15256914.0,5.983446877280134e-05
2024-07-25,09:43:56,27.6282,27.0,25.25,2782,15256914.0,5.993024627490255e-05
2024-07-25,09:43:56,27.6331,27.0,25.25,2782,15256913.0,5.993024627490255e-05
2024-07-25,09:43:56,27.6379,27.0,25.25,2782,15256914.0,5.993024627490255e-05
2024-07-25,09:43:56,27.6477,27.0,25.25,2782,15256912.0,5.993024627490255e-05
2024-07-25,09:43:56,27.6525,27.0,25.25,2783,15256912.0,5.983446877280134e-05
2024-07-25,09:43:56,27.6575,27.0,25.25,2783,15256913.0,5.983446877280134e-05
2024-07-25,09:43:56,27.6625,27.0,25.25,2783,15256914.0,5.983446877280134e-05
2024-07-25,09:43:56,27.6674,27.0,25.25,2783,15256914.0,5.983446877280134e-05
2024-07-25,09:43:56,27.6722,27.0,25.25,2782,15256913.0,5.993024627490255e-05
2024-07-25,09:43:56,27.6771,27.0,25.25,2783,15256914.0,5.983446877280134e-05
2024-07-25,09:43:56,27.682,27.0,25.25,2783,15256916.0,5.983446877280134e-05
2024-07-25,09:43:56,27.687,27.0,25.25,2782,15256916.0,5.993024627490255e-05
2024-07-25,09:43:56,27.6918,27.0,25.25,2782,15256914.0,5.993024627490255e-05
2024-07-25,09:43:56,27.6967,27.0,25.25,2781,15256911.0,6.002617708880046e-05
2024-07-25,09:43:56,27.7017,27.0,25.25,2781,15256911.0,6.002617708880046e-05
2024-07-25,09:43:56,27.7065,27.0,25.25,2781,15256912.0,6.002617708880046e-05
2024-07-25,09:43:56,27.7114,27.0,25.25,2781,15256913.0,6.002617708880046e-05
2024-07-25,09:43:56,27.7163,27.0,25.25,2782,15256914.0,5.993024627490255e-05
2024-07-25,09:43:56,27.7211,27.0,25.25,2782,15256914.0,5.993024627490255e-05
2024-07-25,09:43:57,27.7261,27.0,25.25,2783,15256915.0,5.983446877280134e-05
2024-07-25,09:43:57,27.7311,27.0,25.25,2783,15256915.0,5.983446877280134e-05
2024-07-25,09:43:57,27.736,27.0,25.25,2781,15256912.0,6.002617708880046e-05
2024-07-25,09:43:57,27.7409,27.0,25.25,2781,15256911.0,6.002617708880046e-05
2024-07-25,09:43:57,27.7457,27.0,25.25,2781,15256911.0,6.002617708880046e-05
2024-07-25,09:43:57,27.7507,27.0,25.25,2781,15256910.0,6.002617708880046e-05
2024-07-25,09:43:57,27.7557,27.0,25.25,2782,15256910.0,5.993024627490255e-05
2024-07-25,09:43:57,27.7606,27.0,25.25,2782,15256911.0,5.993024627490255e-05
2024-07-25,09:43:57,27.7654,27.0,25.25,2780,15256912.0,6.012226145990235e-05
2024-07-25,09:43:57,27.7703,27.0,25.25,2780,15256912.0,6.012226145990235e-05
2024-07-25,09:43:57,27.7752,27.0,25.25,2783,15256913.0,5.983446877280134e-05
2024-07-25,09:43:57,27.7801,27.0,25.25,2783,15256913.0,5.983446877280134e-05
2024-07-25,09:43:57,27.785,27.0,25.25,2781,15256911.0,6.002617708880046e-05
2024-07-25,09:43:57,27.7899,27.0,25.25,2781,15256911.0,6.002617708880046e-05
2024-07-25,09:43:57,27.7949,27.0,25.25,2782,15256914.0,5.993024627490255e-05
2024-07-25,09:43:57,27.7997,27.0,25.25,2782,15256913.0,5.993024627490255e-05
2024-07-25,09:43:57,27.8046,27.0,25.25,2782,15256911.0,5.993024627490255e-05
2024-07-25,09:43:57,27.8095,27.0,25.25,2782,15256912.0,5.993024627490255e-05
2024-07-25,09:43:57,27.8143,27.0,25.25,2781,15256911.0,6.002617708880046e-05
2024-07-25,09:43:57,27.8192,27.0,25.25,2781,15256911.0,6.002617708880046e-05
2024-07-25,09:43:57,27.8241,27.0,25.25,2781,15256910.0,6.002617708880046e-05
2024-07-25,09:43:57,27.829,27.0,25.25,2780,15256911.0,6.012226145990235e-05
2024-07-25,09:43:57,27.834,27.0,25.25,2780,15256912.0,6.012226145990235e-05
2024-07-25,09:43:57,27.8389,27.0,25.25,2781,15256910.0,6.002617708880046e-05
2024-07-25,09:43:57,27.8438,27.0,25.25,2781,15256910.0,6.002617708880046e-05
2024-07-25,09:43:57,27.8488,27.0,25.25,2780,15256910.0,6.012226145990235e-05
2024-07-25,09:43:57,27.8536,27.0,25.25,2780,15256909.0,6.012226145990235e-05
2024-07-25,09:43:57,27.8584,27.0,25.25,2781,15256909.0,6.002617708880046e-05
2024-07-25,09:43:57,27.8632,27.0,25.25,2781,15256911.0,6.002617708880046e-05
2024-07-25,09:43:57,27.8729,27.0,25.25,2781,15256909.0,6.002617708880046e-05
2024-07-25,09:43:57,27.8779,27.0,25.25,2781,15256910.0,6.002617708880046e-05
2024-07-25,09:43:57,27.8829,27.0,25.25,2781,15256910.0,6.002617708880046e-05
2024-07-25,09:43:57,27.8878,27.0,25.25,2781,15256909.0,6.002617708880046e-05
2024-07-25,09:43:57,27.8927,27.0,25.25,2780,15256909.0,6.012226145990235e-05
2024-07-25,09:43:57,27.8975,27.0,25.25,2779,15256909.0,6.021849963400854e-05
2024-07-25,09:43:57,27.9024,27.0,25.25,2779,15256908.0,6.021849963400854e-05
2024-07-25,09:43:57,27.9074,27.0,25.25,2780,15256908.0,6.012226145990235e-05
2024-07-25,09:43:57,27.9122,27.0,25.25,2780,15256908.0,6.012226145990235e-05
2024-07-25,09:43:57,27.9171,27.0,25.25,2779,15256908.0,6.021849963400854e-05
2024-07-25,09:43:57,27.9221,27.0,25.25,2780,15256910.0,6.012226145990235e-05
2024-07-25,09:43:57,27.927,27.0,25.25,2780,15256911.0,6.012226145990235e-05
2024-07-25,09:43:57,27.932,27.0,25.25,2779,15256909.0,6.021849963400854e-05
2024-07-25,09:43:57,27.9369,27.0,25.25,2779,15256909.0,6.021849963400854e-05
2024-07-25,09:43:57,27.9418,27.0,25.25,2780,15256911.0,6.012226145990235e-05
2024-07-25,09:43:57,27.9467,27.0,25.25,2781,15256910.0,6.002617708880046e-05
2024-07-25,09:43:57,27.9515,27.0,25.25,2779,15256909.0,6.021849963400854e-05
2024-07-25,09:43:57,27.9565,27.0,25.25,2778,15256909.0,6.031489185731262e-05
2024-07-25,09:43:57,27.9615,27.0,25.25,2779,15256908.0,6.021849963400854e-05
2024-07-25,09:43:57,27.9665,27.0,25.25,2779,15256907.0,6.021849963400854e-05
2024-07-25,09:43:57,27.9715,27.0,25.25,2778,15256907.0,6.031489185731262e-05
2024-07-25,09:43:57,27.9764,27.0,25.25,2778,15256908.0,6.031489185731262e-05
2024-07-25,09:43:57,27.9812,27.0,25.25,2779,15256909.0,6.021849963400854e-05
2024-07-25,09:43:57,27.9861,27.0,25.25,2779,15256909.0,6.021849963400854e-05
2024-07-25,09:43:57,27.991,27.0,25.25,2779,15256911.0,6.021849963400854e-05
2024-07-25,09:43:57,27.996,27.0,25.25,2779,15256909.0,6.021849963400854e-05
2024-07-25,09:43:57,28.0009,27.0,25.25,2779,15256909.0,6.021849963400854e-05
2024-07-25,09:43:57,28.0058,27.0,25.25,2779,15256910.0,6.021849963400854e-05
2024-07-25,09:43:57,28.0107,27.0,25.25,2779,15256908.0,6.021849963400854e-05
2024-07-25,09:43:57,28.0155,27.0,25.25,2779,15256908.0,6.021849963400854e-05
2024-07-25,09:43:57,28.0205,27.0,25.25,2779,15256910.0,6.021849963400854e-05
2024-07-25,09:43:57,28.0255,27.0,25.25,2779,15256909.0,6.021849963400854e-05
2024-07-25,09:43:57,28.0304,27.0,25.25,2778,15256907.0,6.031489185731262e-05
2024-07-25,09:43:57,28.0354,27.0,25.25,2778,15256907.0,6.031489185731262e-05
2024-07-25,09:43:57,28.0402,27.0,25.25,2778,15256909.0,6.031489185731262e-05
2024-07-25,09:43:57,28.0451,27.0,25.25,2777,15256908.0,6.041143837640242e-05
2024-07-25,09:43:57,28.0501,27.0,25.25,2778,15256907.0,6.031489185731262e-05
2024-07-25,09:43:57,28.055,27.0,25.25,2779,15256906.0,6.021849963400854e-05
2024-07-25,09:43:57,28.06,27.0,25.25,2778,15256907.0,6.031489185731262e-05
2024-07-25,09:43:57,28.0649,27.0,25.25,2777,15256908.0,6.041143837640242e-05
2024-07-25,09:43:57,28.0698,27.0,25.25,2777,15256906.0,6.041143837640242e-05
2024-07-25,09:43:57,28.0747,27.0,25.25,2778,15256906.0,6.031489185731262e-05
2024-07-25,09:43:57,28.0797,27.0,25.25,2778,15256906.0,6.031489185731262e-05
2024-07-25,09:43:57,28.0847,27.0,25.25,2778,15256906.0,6.031489185731262e-05
2024-07-25,09:43:57,28.0895,27.0,25.25,2778,15256907.0,6.031489185731262e-05
2024-07-25,09:43:57,28.0945,27.0,25.25,2778,15256907.0,6.031489185731262e-05
2024-07-25,09:43:57,28.0995,27.06,25.25,2778,15256907.0,6.031489185731262e-05
2024-07-25,09:43:57,28.1044,27.06,25.25,2778,15256906.0,6.031489185731262e-05
2024-07-25,09:43:57,28.1092,27.06,25.25,2778,15256904.0,6.031489185731262e-05
2024-07-25,09:43:57,28.1141,27.06,25.25,2777,15256904.0,6.041143837640242e-05
2024-07-25,09:43:57,28.1191,27.06,25.25,2777,15256906.0,6.041143837640242e-05
2024-07-25,09:43:57,28.1241,27.06,25.25,2777,15256906.0,6.041143837640242e-05
2024-07-25,09:43:57,28.1291,27.06,25.25,2777,15256905.0,6.041143837640242e-05
2024-07-25,09:43:57,28.1339,27.06,25.25,2777,15256905.0,6.041143837640242e-05
2024-07-25,09:43:57,28.1388,27.06,25.25,2777,15256908.0,6.041143837640242e-05
2024-07-25,09:43:57,28.1438,27.06,25.25,2778,15256907.0,6.031489185731262e-05
2024-07-25,09:43:57,28.1487,27.06,25.25,2778,15256906.0,6.031489185731262e-05
2024-07-25,09:43:57,28.1537,27.06,25.25,2777,15256907.0,6.041143837640242e-05
2024-07-25,09:43:57,28.1635,27.06,25.25,2778,15256906.0,6.031489185731262e-05
2024-07-25,09:43:57,28.1684,27.06,25.25,2777,15256906.0,6.041143837640242e-05
2024-07-25,09:43:57,28.1732,27.06,25.25,2776,15256907.0,6.050813943826031e-05
2024-07-25,09:43:57,28.1782,27.06,25.25,2778,15256908.0,6.031489185731262e-05
2024-07-25,09:43:57,28.1831,27.06,25.25,2778,15256907.0,6.031489185731262e-05
2024-07-25,09:43:57,28.188,27.06,25.25,2776,15256904.0,6.050813943826031e-05
2024-07-25,09:43:57,28.1929,27.06,25.25,2776,15256905.0,6.050813943826031e-05
2024-07-25,09:43:57,28.1978,27.06,25.25,2777,15256905.0,6.041143837640242e-05
2024-07-25,09:43:57,28.2028,27.06,25.25,2778,15256904.0,6.031489185731262e-05
2024-07-25,09:43:57,28.2078,27.06,25.25,2778,15256907.0,6.031489185731262e-05
2024-07-25,09:43:57,28.2127,27.06,25.25,2777,15256907.0,6.041143837640242e-05
2024-07-25,09:43:57,28.2177,27.06,25.25,2776,15256904.0,6.050813943826031e-05
2024-07-25,09:43:57,28.2226,27.06,25.25,2776,15256904.0,6.050813943826031e-05
2024-07-25,09:43:57,28.2275,27.06,25.25,2776,15256904.0,6.050813943826031e-05
2024-07-25,09:43:57,28.2325,27.06,25.25,2776,15256904.0,6.050813943826031e-05
2024-07-25,09:43:57,28.2375,27.06,25.25,2776,15256903.0,6.050813943826031e-05
2024-07-25,09:43:57,28.2424,27.06,25.25,2776,15256904.0,6.050813943826031e-05
2024-07-25,09:43:57,28.2472,27.06,25.25,2776,15256905.0,6.050813943826031e-05
2024-07-25,09:43:57,28.2522,27.06,25.25,2776,15256905.0,6.050813943826031e-05
2024-07-25,09:43:57,28.2572,27.06,25.25,2777,15256906.0,6.041143837640242e-05
2024-07-25,09:43:57,28.2621,27.06,25.25,2777,15256906.0,6.041143837640242e-05
2024-07-25,09:43:57,28.2669,27.06,25.25,2776,15256904.0,6.050813943826031e-05
2024-07-25,09:43:57,28.2719,27.06,25.25,2776,15256905.0,6.050813943826031e-05
2024-07-25,09:43:57,28.2769,27.06,25.25,2776,15256904.0,6.050813943826031e-05
2024-07-25,09:43:57,28.2819,27.06,25.25,2776,15256903.0,6.050813943826031e-05
2024-07-25,09:43:57,28.2868,27.06,25.25,2776,15256904.0,6.050813943826031e-05
2024-07-25,09:43:57,28.2916,27.06,25.25,2776,15256904.0,6.050813943826031e-05
2024-07-25,09:43:57,28.2966,27.06,25.25,2776,15256903.0,6.050813943826031e-05
2024-07-25,09:43:57,28.3016,27.06,25.25,2776,15256904.0,6.050813943826031e-05
2024-07-25,09:43:57,28.3066,27.06,25.25,2777,15256905.0,6.041143837640242e-05
2024-07-25,09:43:57,28.3115,27.06,25.25,2777,15256904.0,6.041143837640242e-05
2024-07-25,09:43:57,28.3163,27.06,25.25,2776,15256902.0,6.050813943826031e-05
2024-07-25,09:43:57,28.3213,27.06,25.25,2776,15256902.0,6.050813943826031e-05
2024-07-25,09:43:57,28.3263,27.06,25.25,2776,15256904.0,6.050813943826031e-05
2024-07-25,09:43:57,28.3312,27.06,25.25,2776,15256903.0,6.050813943826031e-05
2024-07-25,09:43:57,28.3361,27.06,25.25,2776,15256901.0,6.050813943826031e-05
2024-07-25,09:43:57,28.341,27.06,25.25,2776,15256901.0,6.050813943826031e-05
2024-07-25,09:43:57,28.346,27.06,25.25,2776,15256902.0,6.050813943826031e-05
2024-07-25,09:43:57,28.3509,27.06,25.25,2776,15256902.0,6.050813943826031e-05
2024-07-25,09:43:57,28.3559,27.06,25.25,2776,15256902.0,6.050813943826031e-05
2024-07-25,09:43:57,28.3609,27.06,25.25,2776,15256903.0,6.050813943826031e-05
2024-07-25,09:43:57,28.3657,27.06,25.25,2776,15256904.0,6.050813943826031e-05
2024-07-25,09:43:57,28.3707,27.06,25.25,2776,15256904.0,6.050813943826031e-05
2024-07-25,09:43:57,28.3757,27.06,25.25,2776,15256903.0,6.050813943826031e-05
2024-07-25,09:43:57,28.3806,27.06,25.25,2776,15256903.0,6.050813943826031e-05
2024-07-25,09:43:57,28.3855,27.06,25.25,2776,15256904.0,6.050813943826031e-05
2024-07-25,09:43:57,28.3905,27.06,25.25,2776,15256903.0,6.050813943826031e-05
2024-07-25,09:43:57,28.3954,27.06,25.25,2776,15256903.0,6.050813943826031e-05
2024-07-25,09:43:57,28.4003,27.06,25.25,2776,15256903.0,6.050813943826031e-05
2024-07-25,09:43:57,28.4052,27.06,25.25,2776,15256902.0,6.050813943826031e-05
2024-07-25,09:43:57,28.4102,27.06,25.25,2775,15256903.0,6.060499529026423e-05
2024-07-25,09:43:57,28.4152,27.06,25.25,2776,15256905.0,6.050813943826031e-05
2024-07-25,09:43:57,28.4201,27.06,25.25,2776,15256905.0,6.050813943826031e-05
2024-07-25,09:43:57,28.425,27.06,25.25,2775,15256904.0,6.060499529026423e-05
2024-07-25,09:43:57,28.4299,27.06,25.25,2776,15256903.0,6.050813943826031e-05
2024-07-25,09:43:57,28.4349,27.06,25.25,2776,15256902.0,6.050813943826031e-05
2024-07-25,09:43:57,28.4397,27.06,25.25,2776,15256902.0,6.050813943826031e-05
2024-07-25,09:43:57,28.4446,27.06,25.25,2776,15256903.0,6.050813943826031e-05
2024-07-25,09:43:57,28.4496,27.06,25.25,2775,15256902.0,6.060499529026423e-05
2024-07-25,09:43:57,28.4546,27.06,25.25,2774,15256900.0,6.070200618018787e-05
2024-07-25,09:43:57,28.4596,27.06,25.25,2774,15256900.0,6.070200618018787e-05
2024-07-25,09:43:57,28.4644,27.06,25.25,2774,15256900.0,6.070200618018787e-05
2024-07-25,09:43:57,28.4693,27.06,25.25,2774,15256899.0,6.070200618018787e-05
2024-07-25,09:43:57,28.4743,27.06,25.25,2774,15256901.0,6.070200618018787e-05
2024-07-25,09:43:57,28.4793,27.06,25.25,2774,15256901.0,6.070200618018787e-05
2024-07-25,09:43:57,28.4843,27.06,25.25,2775,15256902.0,6.060499529026423e-05
2024-07-25,09:43:57,28.4891,27.06,25.25,2775,15256902.0,6.060499529026423e-05
2024-07-25,09:43:57,28.4991,27.06,25.25,2774,15256902.0,6.070200618018787e-05
2024-07-25,09:43:57,28.504,27.06,25.25,2775,15256902.0,6.060499529026423e-05
2024-07-25,09:43:57,28.5089,27.06,25.25,2775,15256903.0,6.060499529026423e-05
2024-07-25,09:43:57,28.5137,27.06,25.25,2774,15256902.0,6.070200618018787e-05
2024-07-25,09:43:57,28.5187,27.06,25.25,2774,15256902.0,6.070200618018787e-05
2024-07-25,09:43:57,28.5237,27.06,25.25,2775,15256902.0,6.060499529026423e-05
2024-07-25,09:43:57,28.5286,27.06,25.25,2776,15256901.0,6.050813943826031e-05
2024-07-25,09:43:57,28.5336,27.06,25.25,2774,15256899.0,6.070200618018787e-05
2024-07-25,09:43:57,28.5385,27.06,25.25,2773,15256899.0,6.079917235620173e-05
2024-07-25,09:43:57,28.5434,27.06,25.25,2775,15256901.0,6.060499529026423e-05
2024-07-25,09:43:57,28.5484,27.06,25.25,2775,15256902.0,6.060499529026423e-05
2024-07-25,09:43:57,28.5533,27.06,25.25,2774,15256901.0,6.070200618018787e-05
2024-07-25,09:43:57,28.5581,27.06,25.25,2774,15256901.0,6.070200618018787e-05
2024-07-25,09:43:57,28.5631,27.06,25.25,2774,15256902.0,6.070200618018787e-05
2024-07-25,09:43:57,28.5681,27.06,25.25,2774,15256902.0,6.070200618018787e-05
2024-07-25,09:43:57,28.5731,27.06,25.25,2774,15256902.0,6.070200618018787e-05
2024-07-25,09:43:57,28.5781,27.06,25.25,2774,15256902.0,6.070200618018787e-05
2024-07-25,09:43:57,28.583,27.06,25.25,2774,15256899.0,6.070200618018787e-05
2024-07-25,09:43:57,28.5878,27.06,25.25,2774,15256900.0,6.070200618018787e-05
2024-07-25,09:43:57,28.5928,27.06,25.25,2774,15256900.0,6.070200618018787e-05
2024-07-25,09:43:57,28.5978,27.06,25.25,2774,15256900.0,6.070200618018787e-05
2024-07-25,09:43:57,28.6028,27.06,25.5,2773,15256900.0,6.079917235620173e-05
2024-07-25,09:43:57,28.6077,27.06,25.5,2773,15256899.0,6.079917235620173e-05
2024-07-25,09:43:57,28.6125,27.06,25.5,2774,15256901.0,6.070200618018787e-05
2024-07-25,09:43:57,28.6175,27.06,25.5,2773,15256902.0,6.079917235620173e-05
2024-07-25,09:43:57,28.6225,27.06,25.5,2773,15256901.0,6.079917235620173e-05
2024-07-25,09:43:57,28.6274,27.06,25.5,2774,15256901.0,6.070200618018787e-05
2024-07-25,09:43:57,28.6322,27.06,25.5,2774,15256899.0,6.070200618018787e-05
2024-07-25,09:43:57,28.6372,27.06,25.5,2773,15256899.0,6.079917235620173e-05
2024-07-25,09:43:57,28.6422,27.06,25.5,2773,15256899.0,6.079917235620173e-05
2024-07-25,09:43:57,28.6472,27.06,25.5,2774,15256898.0,6.070200618018787e-05
2024-07-25,09:43:57,28.6522,27.06,25.5,2773,15256899.0,6.079917235620173e-05
2024-07-25,09:43:57,28.6572,27.06,25.5,2772,15256900.0,6.089649406687338e-05
2024-07-25,09:43:57,28.6622,27.06,25.5,2773,15256899.0,6.079917235620173e-05
2024-07-25,09:43:57,28.6671,27.06,25.5,2774,15256898.0,6.070200618018787e-05
2024-07-25,09:43:57,28.6721,27.06,25.5,2773,15256899.0,6.079917235620173e-05
2024-07-25,09:43:57,28.677,27.06,25.5,2773,15256899.0,6.079917235620173e-05
2024-07-25,09:43:57,28.6819,27.06,25.5,2773,15256900.0,6.079917235620173e-05
2024-07-25,09:43:57,28.6869,27.06,25.5,2773,15256899.0,6.079917235620173e-05
2024-07-25,09:43:57,28.6919,27.06,25.5,2773,15256898.0,6.079917235620173e-05
2024-07-25,09:43:57,28.6969,27.06,25.5,2773,15256898.0,6.079917235620173e-05
2024-07-25,09:43:57,28.7019,27.06,25.5,2773,15256898.0,6.079917235620173e-05
2024-07-25,09:43:57,28.7069,27.06,25.5,2773,15256899.0,6.079917235620173e-05
2024-07-25,09:43:57,28.7119,27.06,25.5,2773,15256899.0,6.079917235620173e-05
2024-07-25,09:43:57,28.7167,27.06,25.5,2772,15256899.0,6.089649406687338e-05
2024-07-25,09:43:57,28.7216,27.06,25.5,2772,15256899.0,6.089649406687338e-05
2024-07-25,09:43:58,28.7266,27.06,25.5,2772,15256898.0,6.089649406687338e-05
2024-07-25,09:43:58,28.7316,27.06,25.5,2773,15256897.0,6.079917235620173e-05
2024-07-25,09:43:58,28.7366,27.06,25.5,2774,15256897.0,6.070200618018787e-05
2024-07-25,09:43:58,28.7416,27.06,25.5,2773,15256898.0,6.079917235620173e-05
2024-07-25,09:43:58,28.7465,27.06,25.5,2772,15256898.0,6.089649406687338e-05
2024-07-25,09:43:58,28.7514,27.06,25.5,2772,15256898.0,6.089649406687338e-05
2024-07-25,09:43:58,28.7563,27.06,25.5,2773,15256897.0,6.079917235620173e-05
2024-07-25,09:43:58,28.7613,27.06,25.5,2773,15256899.0,6.079917235620173e-05
2024-07-25,09:43:58,28.7663,27.06,25.5,2772,15256899.0,6.089649406687338e-05
2024-07-25,09:43:58,28.7713,27.06,25.5,2772,15256898.0,6.089649406687338e-05
2024-07-25,09:43:58,28.7761,27.06,25.5,2773,15256898.0,6.079917235620173e-05
2024-07-25,09:43:58,28.7811,27.06,25.5,2773,15256897.0,6.079917235620173e-05
2024-07-25,09:43:58,28.7861,27.06,25.5,2772,15256898.0,6.089649406687338e-05
2024-07-25,09:43:58,28.791,27.06,25.5,2772,15256899.0,6.089649406687338e-05
2024-07-25,09:43:58,28.796,27.06,25.5,2773,15256898.0,6.079917235620173e-05
2024-07-25,09:43:58,28.8009,27.06,25.5,2773,15256898.0,6.079917235620173e-05
2024-07-25,09:43:58,28.8058,27.06,25.5,2772,15256899.0,6.089649406687338e-05
2024-07-25,09:43:58,28.8107,27.06,25.5,2772,15256899.0,6.089649406687338e-05
2024-07-25,09:43:58,28.8157,27.06,25.5,2772,15256898.0,6.089649406687338e-05
2024-07-25,09:43:58,28.8207,27.06,25.5,2772,15256898.0,6.089649406687338e-05
2024-07-25,09:43:58,28.8255,27.06,25.5,2772,15256898.0,6.089649406687338e-05
2024-07-25,09:43:58,28.8304,27.06,25.5,2772,15256896.0,6.089649406687338e-05
2024-07-25,09:43:58,28.8354,27.06,25.5,2772,15256896.0,6.089649406687338e-05
2024-07-25,09:43:58,28.8405,27.06,25.5,2773,15256900.0,6.079917235620173e-05
2024-07-25,09:43:58,28.8455,27.06,25.5,2772,15256901.0,6.089649406687338e-05
2024-07-25,09:43:58,28.8504,27.06,25.5,2771,15256898.0,6.099397156116845e-05
2024-07-25,09:43:58,28.8553,27.06,25.5,2772,15256898.0,6.089649406687338e-05
2024-07-25,09:43:58,28.8603,27.06,25.5,2772,15256899.0,6.089649406687338e-05
2024-07-25,09:43:58,28.8653,27.06,25.5,2772,15256898.0,6.089649406687338e-05
2024-07-25,09:43:58,28.8703,27.06,25.5,2772,15256898.0,6.089649406687338e-05
2024-07-25,09:43:58,28.8753,27.06,25.5,2772,15256898.0,6.089649406687338e-05
2024-07-25,09:43:58,28.8802,27.06,25.5,2771,15256897.0,6.099397156116845e-05
2024-07-25,09:43:58,28.885,27.06,25.5,2771,15256897.0,6.099397156116845e-05
2024-07-25,09:43:58,28.89,27.06,25.5,2773,15256897.0,6.079917235620173e-05
2024-07-25,09:43:58,28.895,27.06,25.5,2773,15256897.0,6.079917235620173e-05
2024-07-25,09:43:58,28.9,27.06,25.5,2771,15256896.0,6.099397156116845e-05
2024-07-25,09:43:58,28.9049,27.06,25.5,2771,15256895.0,6.099397156116845e-05
2024-07-25,09:43:58,28.9097,27.06,25.5,2772,15256896.0,6.089649406687338e-05
2024-07-25,09:43:58,28.9147,27.06,25.5,2772,15256896.0,6.089649406687338e-05
2024-07-25,09:43:58,28.9197,27.06,25.5,2771,15256896.0,6.099397156116845e-05
2024-07-25,09:43:58,28.9297,27.06,25.5,2772,15256895.0,6.089649406687338e-05
2024-07-25,09:43:58,28.9346,27.06,25.5,2771,15256896.0,6.099397156116845e-05
2024-07-25,09:43:58,28.9396,27.06,25.5,2770,15256897.0,6.109160508845093e-05
2024-07-25,09:43:58,28.9446,27.06,25.5,2771,15256897.0,6.099397156116845e-05
2024-07-25,09:43:58,28.9496,27.06,25.5,2772,15256896.0,6.089649406687338e-05
2024-07-25,09:43:58,28.9545,27.06,25.5,2771,15256896.0,6.099397156116845e-05
2024-07-25,09:43:58,28.9594,27.06,25.5,2771,15256896.0,6.099397156116845e-05
2024-07-25,09:43:58,28.9644,27.06,25.5,2771,15256897.0,6.099397156116845e-05
2024-07-25,09:43:58,28.9694,27.06,25.5,2771,15256896.0,6.099397156116845e-05
2024-07-25,09:43:58,28.9744,27.06,25.5,2771,15256896.0,6.099397156116845e-05
2024-07-25,09:43:58,28.9794,27.06,25.5,2771,15256897.0,6.099397156116845e-05
2024-07-25,09:43:58,28.9844,27.06,25.5,2771,15256896.0,6.099397156116845e-05
2024-07-25,09:43:58,28.9894,27.06,25.5,2770,15256895.0,6.109160508845093e-05
2024-07-25,09:43:58,28.9942,27.06,25.5,2770,15256896.0,6.109160508845093e-05
2024-07-25,09:43:58,28.9991,27.06,25.5,2770,15256895.0,6.109160508845093e-05
2024-07-25,09:43:58,29.0041,27.06,25.5,2770,15256895.0,6.109160508845093e-05
2024-07-25,09:43:58,29.0091,27.06,25.5,2770,15256895.0,6.109160508845093e-05
2024-07-25,09:43:58,29.0141,27.06,25.5,2770,15256895.0,6.109160508845093e-05
2024-07-25,09:43:58,29.0191,27.06,25.5,2771,15256896.0,6.099397156116845e-05
2024-07-25,09:43:58,29.0241,27.06,25.5,2772,15256896.0,6.089649406687338e-05
2024-07-25,09:43:58,29.029,27.06,25.5,2772,15256896.0,6.089649406687338e-05
2024-07-25,09:43:58,29.0339,27.06,25.5,2772,15256896.0,6.089649406687338e-05
2024-07-25,09:43:58,29.0389,27.06,25.5,2772,15256898.0,6.089649406687338e-05
2024-07-25,09:43:58,29.0439,27.06,25.5,2771,15256897.0,6.099397156116845e-05
2024-07-25,09:43:58,29.0489,27.06,25.5,2770,15256894.0,6.109160508845093e-05
2024-07-25,09:43:58,29.0539,27.06,25.5,2770,15256894.0,6.109160508845093e-05
2024-07-25,09:43:58,29.0587,27.06,25.5,2770,15256896.0,6.109160508845093e-05
2024-07-25,09:43:58,29.0637,27.06,25.5,2770,15256896.0,6.109160508845093e-05
2024-07-25,09:43:58,29.0687,27.06,25.5,2770,15256894.0,6.109160508845093e-05
2024-07-25,09:43:58,29.0737,27.06,25.5,2770,15256895.0,6.109160508845093e-05
2024-07-25,09:43:58,29.0787,27.06,25.5,2770,15256896.0,6.109160508845093e-05
2024-07-25,09:43:58,29.0837,27.06,25.5,2770,15256896.0,6.109160508845093e-05
2024-07-25,09:43:58,29.0887,27.06,25.5,2770,15256896.0,6.109160508845093e-05
2024-07-25,09:43:58,29.0936,27.06,25.5,2770,15256895.0,6.109160508845093e-05
2024-07-25,09:43:58,29.0985,27.06,25.5,2770,15256896.0,6.109160508845093e-05
2024-07-25,09:43:58,29.1035,27.0,25.5,2770,15256896.0,6.109160508845093e-05
2024-07-25,09:43:58,29.1084,27.0,25.5,2770,15256894.0,6.109160508845093e-05
2024-07-25,09:43:58,29.1134,27.0,25.5,2770,15256893.0,6.109160508845093e-05
2024-07-25,09:43:58,29.1184,27.0,25.5,2770,15256893.0,6.109160508845093e-05
2024-07-25,09:43:58,29.1234,27.0,25.5,2770,15256893.0,6.109160508845093e-05
2024-07-25,09:43:58,29.1284,27.0,25.5,2770,15256894.0,6.109160508845093e-05
2024-07-25,09:43:58,29.1334,27.0,25.5,2770,15256895.0,6.109160508845093e-05
2024-07-25,09:43:58,29.1384,27.0,25.5,2770,15256895.0,6.109160508845093e-05
2024-07-25,09:43:58,29.1433,27.0,25.5,2770,15256895.0,6.109160508845093e-05
2024-07-25,09:43:58,29.1483,27.0,25.5,2770,15256893.0,6.109160508845093e-05
2024-07-25,09:43:58,29.1533,27.0,25.5,2769,15256895.0,6.118939489848411e-05
2024-07-25,09:43:58,29.1583,27.0,25.5,2768,15256894.0,6.128734124143093e-05
2024-07-25,09:43:58,29.1633,27.0,25.5,2769,15256893.0,6.118939489848411e-05
2024-07-25,09:43:58,29.1683,27.0,25.5,2770,15256895.0,6.109160508845093e-05
2024-07-25,09:43:58,29.1733,27.0,25.5,2770,15256896.0,6.109160508845093e-05
2024-07-25,09:43:58,29.1783,27.0,25.5,2770,15256894.0,6.109160508845093e-05
2024-07-25,09:43:58,29.1832,27.0,25.5,2770,15256894.0,6.109160508845093e-05
2024-07-25,09:43:58,29.1881,27.0,25.5,2770,15256894.0,6.109160508845093e-05
2024-07-25,09:43:58,29.1931,27.0,25.5,2769,15256894.0,6.118939489848411e-05
2024-07-25,09:43:58,29.198,27.0,25.5,2769,15256895.0,6.118939489848411e-05
2024-07-25,09:43:58,29.203,27.0,25.5,2770,15256895.0,6.109160508845093e-05
2024-07-25,09:43:58,29.208,27.0,25.5,2770,15256895.0,6.109160508845093e-05
2024-07-25,09:43:58,29.213,27.0,25.5,2770,15256894.0,6.109160508845093e-05
2024-07-25,09:43:58,29.218,27.0,25.5,2769,15256894.0,6.118939489848411e-05
2024-07-25,09:43:58,29.223,27.0,25.5,2769,15256894.0,6.118939489848411e-05
2024-07-25,09:43:58,29.228,27.0,25.5,2769,15256892.0,6.118939489848411e-05
2024-07-25,09:43:58,29.2329,27.0,25.5,2769,15256893.0,6.118939489848411e-05
2024-07-25,09:43:58,29.2379,27.0,25.5,2770,15256894.0,6.109160508845093e-05
2024-07-25,09:43:58,29.2428,27.0,25.5,2770,15256894.0,6.109160508845093e-05
2024-07-25,09:43:58,29.2478,27.0,25.5,2770,15256894.0,6.109160508845093e-05
2024-07-25,09:43:58,29.2528,27.0,25.5,2770,15256894.0,6.109160508845093e-05
2024-07-25,09:43:58,29.2578,27.0,25.5,2770,15256893.0,6.109160508845093e-05
2024-07-25,09:43:58,29.2628,27.0,25.5,2769,15256894.0,6.118939489848411e-05
2024-07-25,09:43:58,29.2676,27.0,25.5,2768,15256893.0,6.128734124143093e-05
2024-07-25,09:43:58,29.2726,27.0,25.5,2769,15256892.0,6.118939489848411e-05
2024-07-25,09:43:58,29.2776,27.0,25.5,2770,15256894.0,6.109160508845093e-05
2024-07-25,09:43:58,29.2826,27.0,25.5,2769,15256895.0,6.118939489848411e-05
2024-07-25,09:43:58,29.2876,27.0,25.5,2768,15256893.0,6.128734124143093e-05
2024-07-25,09:43:58,29.2926,27.0,25.5,2769,15256891.0,6.118939489848411e-05
2024-07-25,09:43:58,29.2976,27.0,25.5,2769,15256892.0,6.118939489848411e-05
2024-07-25,09:43:58,29.3026,27.0,25.5,2769,15256894.0,6.118939489848411e-05
2024-07-25,09:43:58,29.3076,27.0,25.5,2769,15256892.0,6.118939489848411e-05
2024-07-25,09:43:58,29.3126,27.0,25.5,2769,15256892.0,6.118939489848411e-05
2024-07-25,09:43:58,29.3176,27.0,25.5,2769,15256891.0,6.118939489848411e-05
2024-07-25,09:43:58,29.3224,27.0,25.5,2769,15256892.0,6.118939489848411e-05
2024-07-25,09:43:58,29.3274,27.0,25.5,2769,15256894.0,6.118939489848411e-05
2024-07-25,09:43:58,29.3325,27.0,25.5,2769,15256892.0,6.118939489848411e-05
2024-07-25,09:43:58,29.3375,27.0,25.5,2769,15256892.0,6.118939489848411e-05
2024-07-25,09:43:58,29.3424,27.0,25.5,2769,15256893.0,6.118939489848411e-05
2024-07-25,09:43:58,29.3474,27.0,25.5,2770,15256892.0,6.109160508845093e-05
2024-07-25,09:43:58,29.3524,27.0,25.5,2769,15256892.0,6.118939489848411e-05
2024-07-25,09:43:58,29.3572,27.0,25.5,2768,15256890.0,6.128734124143093e-05
2024-07-25,09:43:58,29.3622,27.0,25.5,2768,15256891.0,6.128734124143093e-05
2024-07-25,09:43:58,29.3673,27.0,25.5,2768,15256893.0,6.128734124143093e-05
2024-07-25,09:43:58,29.3723,27.0,25.5,2768,15256893.0,6.128734124143093e-05
2024-07-25,09:43:58,29.3772,27.0,25.5,2768,15256892.0,6.128734124143093e-05
2024-07-25,09:43:58,29.3822,27.0,25.5,2769,15256892.0,6.118939489848411e-05
2024-07-25,09:43:58,29.3872,27.0,25.5,2769,15256890.0,6.118939489848411e-05
2024-07-25,09:43:58,29.3922,27.0,25.5,2768,15256889.0,6.128734124143093e-05
2024-07-25,09:43:58,29.3972,27.0,25.5,2768,15256890.0,6.128734124143093e-05
2024-07-25,09:43:58,29.4022,27.0,25.5,2769,15256889.0,6.118939489848411e-05
2024-07-25,09:43:58,29.4072,27.0,25.5,2769,15256891.0,6.118939489848411e-05
2024-07-25,09:43:58,29.412,27.0,25.5,2768,15256892.0,6.128734124143093e-05
2024-07-25,09:43:58,29.417,27.0,25.5,2768,15256890.0,6.128734124143093e-05
2024-07-25,09:43:58,29.4221,27.0,25.5,2767,15256890.0,6.138544436785495e-05
2024-07-25,09:43:58,29.4271,27.0,25.5,2767,15256891.0,6.138544436785495e-05
2024-07-25,09:43:58,29.432,27.0,25.5,2769,15256890.0,6.118939489848411e-05
2024-07-25,09:43:58,29.4369,27.0,25.5,2769,15256891.0,6.118939489848411e-05
2024-07-25,09:43:58,29.4418,27.0,25.5,2768,15256891.0,6.128734124143093e-05
2024-07-25,09:43:58,29.4468,27.0,25.5,2768,15256890.0,6.128734124143093e-05
2024-07-25,09:43:58,29.4518,27.0,25.5,2768,15256889.0,6.128734124143093e-05
2024-07-25,09:43:58,29.4568,27.0,25.5,2768,15256890.0,6.128734124143093e-05
2024-07-25,09:43:58,29.4618,27.0,25.5,2768,15256890.0,6.128734124143093e-05
2024-07-25,09:43:58,29.4668,27.0,25.5,2769,15256891.0,6.118939489848411e-05
2024-07-25,09:43:58,29.4718,27.0,25.5,2769,15256891.0,6.118939489848411e-05
2024-07-25,09:43:58,29.4768,27.0,25.5,2768,15256890.0,6.128734124143093e-05
2024-07-25,09:43:58,29.4818,27.0,25.5,2768,15256890.0,6.128734124143093e-05
2024-07-25,09:43:58,29.4866,27.0,25.5,2768,15256889.0,6.128734124143093e-05
2024-07-25,09:43:58,29.4915,27.0,25.5,2767,15256890.0,6.138544436785495e-05
2024-07-25,09:43:58,29.4965,27.0,25.5,2767,15256890.0,6.138544436785495e-05
2024-07-25,09:43:58,29.5015,27.0,25.5,2769,15256888.0,6.118939489848411e-05
2024-07-25,09:43:58,29.5065,27.0,25.5,2769,15256889.0,6.118939489848411e-05
2024-07-25,09:43:58,29.5115,27.0,25.5,2768,15256891.0,6.128734124143093e-05
2024-07-25,09:43:58,29.5165,27.0,25.5,2768,15256890.0,6.128734124143093e-05
2024-07-25,09:43:58,29.5215,27.0,25.5,2768,15256889.0,6.128734124143093e-05
2024-07-25,09:43:58,29.5265,27.0,25.5,2767,15256886.0,6.138544436785495e-05
2024-07-25,09:43:58,29.5314,27.0,25.5,2767,15256886.0,6.138544436785495e-05
2024-07-25,09:43:58,29.5364,27.0,25.5,2768,15256888.0,6.128734124143093e-05
2024-07-25,09:43:58,29.5414,27.0,25.5,2767,15256889.0,6.138544436785495e-05
2024-07-25,09:43:58,29.5464,27.0,25.5,2767,15256889.0,6.138544436785495e-05
2024-07-25,09:43:58,29.5514,27.0,25.5,2768,15256888.0,6.128734124143093e-05
2024-07-25,09:43:58,29.5564,27.0,25.5,2768,15256888.0,6.128734124143093e-05
2024-07-25,09:43:58,29.5614,27.0,25.5,2767,15256889.0,6.138544436785495e-05
2024-07-25,09:43:58,29.5664,27.0,25.5,2767,15256889.0,6.138544436785495e-05
2024-07-25,09:43:58,29.5714,27.0,25.5,2770,15256887.0,6.109160508845093e-05
2024-07-25,09:43:58,29.5762,27.0,25.5,2769,15256886.0,6.118939489848411e-05
2024-07-25,09:43:58,29.5811,27.0,25.5,2766,15256888.0,6.148370452872061e-05
2024-07-25,09:43:58,29.5861,27.0,25.5,2767,15256889.0,6.138544436785495e-05
2024-07-25,09:43:58,29.5911,27.0,25.5,2768,15256889.0,6.128734124143093e-05
2024-07-25,09:43:58,29.5961,27.0,25.5,2767,15256887.0,6.138544436785495e-05
2024-07-25,09:43:58,29.6011,27.0,25.5,2767,15256888.0,6.138544436785495e-05
2024-07-25,09:43:58,29.6061,27.06,25.5,2768,15256889.0,6.128734124143093e-05
2024-07-25,09:43:58,29.6109,27.06,25.5,2767,15256889.0,6.138544436785495e-05
2024-07-25,09:43:58,29.6159,27.06,25.5,2766,15256887.0,6.148370452872061e-05
2024-07-25,09:43:58,29.6209,27.06,25.5,2766,15256887.0,6.148370452872061e-05
2024-07-25,09:43:58,29.6258,27.06,25.5,2766,15256886.0,6.148370452872061e-05
2024-07-25,09:43:58,29.6358,27.06,25.5,2767,15256889.0,6.138544436785495e-05
2024-07-25,09:43:58,29.6408,27.06,25.5,2767,15256888.0,6.138544436785495e-05
2024-07-25,09:43:58,29.6457,27.06,25.5,2767,15256887.0,6.138544436785495e-05
2024-07-25,09:43:58,29.6507,27.06,25.5,2767,15256887.0,6.138544436785495e-05
2024-07-25,09:43:58,29.6559,27.06,25.5,2766,15256887.0,6.148370452872061e-05
2024-07-25,09:43:58,29.6609,27.06,25.5,2767,15256886.0,6.138544436785495e-05
2024-07-25,09:43:58,29.6657,27.06,25.5,2768,15256886.0,6.128734124143093e-05
2024-07-25,09:43:58,29.6707,27.06,25.5,2768,15256885.0,6.128734124143093e-05
2024-07-25,09:43:58,29.6757,27.06,25.5,2767,15256884.0,6.138544436785495e-05
2024-07-25,09:43:58,29.6806,27.06,25.5,2766,15256886.0,6.148370452872061e-05
2024-07-25,09:43:58,29.6856,27.06,25.5,2766,15256885.0,6.148370452872061e-05
2024-07-25,09:43:58,29.6907,27.06,25.5,2767,15256884.0,6.138544436785495e-05
2024-07-25,09:43:58,29.6957,27.06,25.5,2767,15256885.0,6.138544436785495e-05
2024-07-25,09:43:58,29.7007,27.06,25.5,2766,15256886.0,6.148370452872061e-05
2024-07-25,09:43:58,29.7057,27.06,25.5,2767,15256887.0,6.138544436785495e-05
2024-07-25,09:43:58,29.7106,27.06,25.5,2767,15256887.0,6.138544436785495e-05
2024-07-25,09:43:58,29.7155,27.06,25.5,2765,15256885.0,6.158212197539424e-05
2024-07-25,09:43:59,29.7205,27.06,25.5,2765,15256885.0,6.158212197539424e-05
2024-07-25,09:43:59,29.7255,27.06,25.5,2766,15256886.0,6.148370452872061e-05
2024-07-25,09:43:59,29.7304,27.06,25.5,2766,15256884.0,6.148370452872061e-05
2024-07-25,09:43:59,29.7355,27.06,25.5,2766,15256885.0,6.148370452872061e-05
2024-07-25,09:43:59,29.7405,27.06,25.5,2766,15256885.0,6.148370452872061e-05
2024-07-25,09:43:59,29.7453,27.06,25.5,2766,15256884.0,6.148370452872061e-05
2024-07-25,09:43:59,29.7503,27.06,25.5,2766,15256885.0,6.148370452872061e-05
2024-07-25,09:43:59,29.7553,27.06,25.5,2766,15256885.0,6.148370452872061e-05
2024-07-25,09:43:59,29.7603,27.06,25.5,2766,15256885.0,6.148370452872061e-05
2024-07-25,09:43:59,29.7653,27.06,25.5,2765,15256883.0,6.158212197539424e-05
2024-07-25,09:43:59,29.7703,27.06,25.5,2765,15256884.0,6.158212197539424e-05
2024-07-25,09:43:59,29.7753,27.06,25.5,2766,15256886.0,6.148370452872061e-05
2024-07-25,09:43:59,29.7803,27.06,25.5,2766,15256885.0,6.148370452872061e-05
2024-07-25,09:43:59,29.7853,27.06,25.5,2766,15256884.0,6.148370452872061e-05
2024-07-25,09:43:59,29.7903,27.06,25.5,2766,15256885.0,6.148370452872061e-05
2024-07-25,09:43:59,29.7953,27.06,25.5,2765,15256884.0,6.158212197539424e-05
2024-07-25,09:43:59,29.8002,27.06,25.5,2765,15256884.0,6.158212197539424e-05
2024-07-25,09:43:59,29.8052,27.06,25.5,2765,15256884.0,6.158212197539424e-05
2024-07-25,09:43:59,29.8102,27.06,25.5,2765,15256884.0,6.158212197539424e-05
2024-07-25,09:43:59,29.8152,27.06,25.5,2765,15256881.0,6.158212197539424e-05
2024-07-25,09:43:59,29.8202,27.06,25.5,2765,15256881.0,6.158212197539424e-05
2024-07-25,09:43:59,29.8252,27.06,25.5,2766,15256885.0,6.148370452872061e-05
2024-07-25,09:43:59,29.8302,27.06,25.5,2766,15256884.0,6.148370452872061e-05
2024-07-25,09:43:59,29.8352,27.06,25.5,2766,15256883.0,6.148370452872061e-05
2024-07-25,09:43:59,29.8402,27.06,25.5,2766,15256884.0,6.148370452872061e-05
2024-07-25,09:43:59,29.8452,27.06,25.5,2766,15256884.0,6.148370452872061e-05
2024-07-25,09:43:59,29.8502,27.06,25.5,2766,15256884.0,6.148370452872061e-05
2024-07-25,09:43:59,29.8552,27.06,25.5,2766,15256883.0,6.148370452872061e-05
2024-07-25,09:43:59,29.8601,27.06,25.5,2766,15256882.0,6.148370452872061e-05
2024-07-25,09:43:59,29.8651,27.06,25.5,2765,15256881.0,6.158212197539424e-05
2024-07-25,09:43:59,29.8701,27.06,25.5,2765,15256882.0,6.158212197539424e-05
2024-07-25,09:43:59,29.8751,27.06,25.5,2765,15256883.0,6.158212197539424e-05
2024-07-25,09:43:59,29.8801,27.06,25.5,2764,15256882.0,6.168069695964441e-05
2024-07-25,09:43:59,29.8851,27.06,25.5,2765,15256884.0,6.158212197539424e-05
2024-07-25,09:43:59,29.8901,27.06,25.5,2766,15256884.0,6.148370452872061e-05
2024-07-25,09:43:59,29.8951,27.06,25.5,2765,15256883.0,6.158212197539424e-05
2024-07-25,09:43:59,29.9001,27.06,25.5,2764,15256883.0,6.168069695964441e-05
2024-07-25,09:43:59,29.9051,27.06,25.5,2764,15256882.0,6.168069695964441e-05
2024-07-25,09:43:59,29.9101,27.06,25.5,2765,15256881.0,6.158212197539424e-05
2024-07-25,09:43:59,29.9151,27.06,25.5,2765,15256883.0,6.158212197539424e-05
2024-07-25,09:43:59,29.9201,27.06,25.5,2765,15256883.0,6.158212197539424e-05
2024-07-25,09:43:59,29.925,27.06,25.5,2765,15256882.0,6.158212197539424e-05
2024-07-25,09:43:59,29.93,27.06,25.5,2765,15256882.0,6.158212197539424e-05
2024-07-25,09:43:59,29.935,27.06,25.5,2765,15256881.0,6.158212197539424e-05
2024-07-25,09:43:59,29.94,27.06,25.5,2764,15256882.0,6.168069695964441e-05
2024-07-25,09:43:59,29.945,27.06,25.5,2765,15256884.0,6.158212197539424e-05
2024-07-25,09:43:59,29.95,27.06,25.5,2765,15256885.0,6.158212197539424e-05
2024-07-25,09:43:59,29.955,27.06,25.5,2764,15256882.0,6.168069695964441e-05
2024-07-25,09:43:59,29.96,27.06,25.5,2765,15256881.0,6.158212197539424e-05
2024-07-25,09:43:59,29.965,27.06,25.5,2765,15256880.0,6.158212197539424e-05
2024-07-25,09:43:59,29.97,27.06,25.5,2764,15256881.0,6.168069695964441e-05
2024-07-25,09:43:59,29.975,27.06,25.5,2764,15256883.0,6.168069695964441e-05
2024-07-25,09:43:59,29.98,27.06,25.5,2764,15256882.0,6.168069695964441e-05
2024-07-25,09:43:59,29.9849,27.06,25.5,2764,15256882.0,6.168069695964441e-05
2024-07-25,09:43:59,29.9899,27.06,25.5,2764,15256883.0,6.168069695964441e-05
2024-07-25,09:43:59,29.9951,27.06,25.5,2763,15256881.0,6.177942973364281e-05
2024-07-25,09:43:59,30.0001,27.06,25.5,2763,15256881.0,6.177942973364281e-05
2024-07-25,09:43:59,30.0049,27.06,25.5,2763,15256881.0,6.177942973364281e-05
2024-07-25,09:43:59,30.01,27.06,25.5,2763,15256880.0,6.177942973364281e-05
2024-07-25,09:43:59,30.0152,27.06,25.5,2764,15256881.0,6.168069695964441e-05
2024-07-25,09:43:59,30.0201,27.06,25.5,2764,15256882.0,6.168069695964441e-05
2024-07-25,09:43:59,30.0251,27.06,25.5,2763,15256882.0,6.177942973364281e-05
2024-07-25,09:43:59,30.0301,27.06,25.5,2763,15256881.0,6.177942973364281e-05
2024-07-25,09:43:59,30.0351,27.06,25.5,2763,15256880.0,6.177942973364281e-05
2024-07-25,09:43:59,30.0401,27.06,25.5,2763,15256880.0,6.177942973364281e-05
2024-07-25,09:43:59,30.0451,27.06,25.5,2763,15256879.0,6.177942973364281e-05
2024-07-25,09:43:59,30.0501,27.06,25.5,2763,15256878.0,6.177942973364281e-05
2024-07-25,09:43:59,30.0552,27.06,25.5,2763,15256879.0,6.177942973364281e-05
2024-07-25,09:43:59,30.0603,27.06,25.5,2764,15256879.0,6.168069695964441e-05
2024-07-25,09:43:59,30.0653,27.06,25.5,2765,15256880.0,6.158212197539424e-05
2024-07-25,09:43:59,30.0702,27.06,25.5,2764,15256881.0,6.168069695964441e-05
2024-07-25,09:43:59,30.0752,27.06,25.5,2764,15256881.0,6.168069695964441e-05
2024-07-25,09:43:59,30.0803,27.06,25.5,2764,15256881.0,6.168069695964441e-05
2024-07-25,09:43:59,30.0853,27.06,25.5,2763,15256881.0,6.177942973364281e-05
2024-07-25,09:43:59,30.0903,27.06,25.5,2763,15256881.0,6.177942973364281e-05
2024-07-25,09:43:59,30.0953,27.06,25.5,2763,15256880.0,6.177942973364281e-05
2024-07-25,09:43:59,30.1003,27.06,25.5,2763,15256880.0,6.177942973364281e-05
2024-07-25,09:43:59,30.1053,27.06,25.5,2764,15256880.0,6.168069695964441e-05
2024-07-25,09:43:59,30.1103,27.06,25.5,2764,15256881.0,6.168069695964441e-05
2024-07-25,09:43:59,30.1153,27.06,25.5,2764,15256880.0,6.168069695964441e-05
2024-07-25,09:43:59,30.1202,27.06,25.5,2764,15256880.0,6.168069695964441e-05
2024-07-25,09:43:59,30.1252,27.06,25.5,2763,15256880.0,6.177942973364281e-05
2024-07-25,09:43:59,30.1302,27.06,25.5,2763,15256880.0,6.177942973364281e-05
2024-07-25,09:43:59,30.1353,27.06,25.5,2763,15256879.0,6.177942973364281e-05
2024-07-25,09:43:59,30.1405,27.06,25.5,2762,15256878.0,6.187832054996466e-05
2024-07-25,09:43:59,30.1455,27.06,25.5,2762,15256879.0,6.187832054996466e-05
2024-07-25,09:43:59,30.1505,27.06,25.5,2763,15256879.0,6.177942973364281e-05
2024-07-25,09:43:59,30.1554,27.06,25.5,2762,15256878.0,6.187832054996466e-05
2024-07-25,09:43:59,30.1604,27.06,25.5,2762,15256878.0,6.187832054996466e-05
2024-07-25,09:43:59,30.1654,27.06,25.5,2764,15256880.0,6.168069695964441e-05
2024-07-25,09:43:59,30.1704,27.06,25.5,2764,15256880.0,6.168069695964441e-05
2024-07-25,09:43:59,30.1754,27.06,25.5,2763,15256878.0,6.177942973364281e-05
2024-07-25,09:43:59,30.1804,27.06,25.5,2762,15256878.0,6.187832054996466e-05
2024-07-25,09:43:59,30.1854,27.06,25.5,2762,15256879.0,6.187832054996466e-05
2024-07-25,09:43:59,30.1904,27.06,25.5,2762,15256880.0,6.187832054996466e-05
2024-07-25,09:43:59,30.1954,27.06,25.5,2762,15256880.0,6.187832054996466e-05
2024-07-25,09:43:59,30.2004,27.06,25.5,2763,15256879.0,6.177942973364281e-05
2024-07-25,09:43:59,30.2055,27.06,25.5,2763,15256879.0,6.177942973364281e-05
2024-07-25,09:43:59,30.2105,27.06,25.5,2762,15256880.0,6.187832054996466e-05
2024-07-25,09:43:59,30.2155,27.06,25.5,2762,15256878.0,6.187832054996466e-05
2024-07-25,09:43:59,30.2205,27.06,25.5,2762,15256878.0,6.187832054996466e-05
2024-07-25,09:43:59,30.2255,27.06,25.5,2762,15256879.0,6.187832054996466e-05
2024-07-25,09:43:59,30.2306,27.06,25.5,2762,15256879.0,6.187832054996466e-05
2024-07-25,09:43:59,30.2356,27.06,25.5,2761,15256877.0,6.197736966158961e-05
2024-07-25,09:43:59,30.2406,27.06,25.5,2761,15256877.0,6.197736966158961e-05
2024-07-25,09:43:59,30.2456,27.06,25.5,2762,15256879.0,6.187832054996466e-05
2024-07-25,09:43:59,30.2505,27.06,25.5,2762,15256879.0,6.187832054996466e-05
2024-07-25,09:43:59,30.2557,27.06,25.5,2761,15256877.0,6.197736966158961e-05
2024-07-25,09:43:59,30.2607,27.06,25.5,2761,15256876.0,6.197736966158961e-05
2024-07-25,09:43:59,30.2657,27.06,25.5,2762,15256877.0,6.187832054996466e-05
2024-07-25,09:43:59,30.2708,27.06,25.5,2762,15256877.0,6.187832054996466e-05
2024-07-25,09:43:59,30.2758,27.06,25.5,2762,15256878.0,6.187832054996466e-05
2024-07-25,09:43:59,30.2808,27.06,25.5,2762,15256879.0,6.187832054996466e-05
2024-07-25,09:43:59,30.2857,27.06,25.5,2762,15256878.0,6.187832054996466e-05
2024-07-25,09:43:59,30.2907,27.06,25.5,2762,15256878.0,6.187832054996466e-05
2024-07-25,09:43:59,30.2957,27.06,25.5,2762,15256877.0,6.187832054996466e-05
2024-07-25,09:43:59,30.3007,27.06,25.5,2762,15256878.0,6.187832054996466e-05
2024-07-25,09:43:59,30.3057,27.06,25.5,2762,15256878.0,6.187832054996466e-05
2024-07-25,09:43:59,30.3107,27.06,25.5,2762,15256878.0,6.187832054996466e-05
2024-07-25,09:43:59,30.3157,27.06,25.5,2762,15256877.0,6.187832054996466e-05
2024-07-25,09:43:59,30.3208,27.06,25.5,2762,15256878.0,6.187832054996466e-05
2024-07-25,09:43:59,30.3259,27.06,25.5,2762,15256877.0,6.187832054996466e-05
2024-07-25,09:43:59,30.3309,27.06,25.5,2763,15256876.0,6.177942973364281e-05
2024-07-25,09:43:59,30.3359,27.06,25.5,2763,15256877.0,6.177942973364281e-05
2024-07-25,09:43:59,30.3409,27.06,25.5,2762,15256878.0,6.187832054996466e-05
2024-07-25,09:43:59,30.3459,27.06,25.5,2761,15256875.0,6.197736966158961e-05
2024-07-25,09:43:59,30.3509,27.06,25.5,2761,15256875.0,6.197736966158961e-05
2024-07-25,09:43:59,30.3559,27.06,25.5,2762,15256878.0,6.187832054996466e-05
2024-07-25,09:43:59,30.3609,27.06,25.5,2762,15256877.0,6.187832054996466e-05
2024-07-25,09:43:59,30.3659,27.06,25.5,2761,15256876.0,6.197736966158961e-05
2024-07-25,09:43:59,30.3709,27.06,25.5,2761,15256877.0,6.197736966158961e-05
2024-07-25,09:43:59,30.3759,27.06,25.5,2761,15256876.0,6.197736966158961e-05
2024-07-25,09:43:59,30.3809,27.06,25.5,2761,15256874.0,6.197736966158961e-05
2024-07-25,09:43:59,30.386,27.06,25.5,2761,15256876.0,6.197736966158961e-05
2024-07-25,09:43:59,30.3911,27.06,25.5,2761,15256877.0,6.197736966158961e-05
2024-07-25,09:43:59,30.3961,27.06,25.5,2761,15256876.0,6.197736966158961e-05
2024-07-25,09:43:59,30.4011,27.06,25.5,2761,15256877.0,6.197736966158961e-05
2024-07-25,09:43:59,30.4061,27.06,25.5,2761,15256877.0,6.197736966158961e-05
2024-07-25,09:43:59,30.4111,27.06,25.5,2761,15256876.0,6.197736966158961e-05
2024-07-25,09:43:59,30.4161,27.06,25.5,2761,15256876.0,6.197736966158961e-05
2024-07-25,09:43:59,30.421,27.06,25.5,2761,15256876.0,6.197736966158961e-05
2024-07-25,09:43:59,30.426,27.06,25.5,2761,15256875.0,6.197736966158961e-05
2024-07-25,09:43:59,30.431,27.06,25.5,2761,15256875.0,6.197736966158961e-05
2024-07-25,09:43:59,30.436,27.06,25.5,2761,15256876.0,6.197736966158961e-05
2024-07-25,09:43:59,30.441,27.06,25.5,2761,15256876.0,6.197736966158961e-05
2024-07-25,09:43:59,30.446,27.06,25.5,2761,15256875.0,6.197736966158961e-05
2024-07-25,09:43:59,30.451,27.06,25.5,2761,15256876.0,6.197736966158961e-05
2024-07-25,09:43:59,30.4561,27.06,25.5,2761,15256876.0,6.197736966158961e-05
2024-07-25,09:43:59,30.4612,27.06,25.5,2761,15256876.0,6.197736966158961e-05
2024-07-25,09:43:59,30.4662,27.06,25.5,2761,15256876.0,6.197736966158961e-05
2024-07-25,09:43:59,30.4712,27.06,25.5,2761,15256877.0,6.197736966158961e-05
2024-07-25,09:43:59,30.4762,27.06,25.5,2762,15256878.0,6.187832054996466e-05
2024-07-25,09:43:59,30.4812,27.06,25.5,2762,15256878.0,6.187832054996466e-05
2024-07-25,09:43:59,30.4862,27.06,25.5,2761,15256876.0,6.197736966158961e-05
2024-07-25,09:43:59,30.4912,27.06,25.5,2760,15256877.0,6.207657732190211e-05
2024-07-25,09:43:59,30.4962,27.06,25.5,2761,15256878.0,6.197736966158961e-05
2024-07-25,09:43:59,30.5012,27.06,25.5,2762,15256877.0,6.187832054996466e-05
2024-07-25,09:43:59,30.5062,27.06,25.5,2761,15256875.0,6.197736966158961e-05
2024-07-25,09:43:59,30.5113,27.06,25.5,2761,15256875.0,6.197736966158961e-05
2024-07-25,09:43:59,30.5164,27.06,25.5,2761,15256876.0,6.197736966158961e-05
2024-07-25,09:43:59,30.5213,27.06,25.5,2760,15256876.0,6.207657732190211e-05
2024-07-25,09:43:59,30.5263,27.06,25.5,2760,15256877.0,6.207657732190211e-05
2024-07-25,09:43:59,30.5314,27.06,25.5,2761,15256877.0,6.197736966158961e-05
2024-07-25,09:43:59,30.5364,27.06,25.5,2760,15256873.0,6.207657732190211e-05
2024-07-25,09:43:59,30.5414,27.06,25.5,2759,15256874.0,6.217594378469237e-05
2024-07-25,09:43:59,30.5464,27.06,25.5,2759,15256875.0,6.217594378469237e-05
2024-07-25,09:43:59,30.5515,27.06,25.5,2759,15256876.0,6.217594378469237e-05
2024-07-25,09:43:59,30.5566,27.06,25.5,2759,15256875.0,6.217594378469237e-05
2024-07-25,09:43:59,30.5616,27.06,25.5,2760,15256875.0,6.207657732190211e-05
2024-07-25,09:43:59,30.5666,27.06,25.5,2760,15256873.0,6.207657732190211e-05
2024-07-25,09:43:59,30.5716,27.06,25.5,2759,15256874.0,6.217594378469237e-05
2024-07-25,09:43:59,30.5766,27.06,25.5,2759,15256874.0,6.217594378469237e-05
2024-07-25,09:43:59,30.5816,27.06,25.5,2759,15256873.0,6.217594378469237e-05
2024-07-25,09:43:59,30.5867,27.06,25.5,2760,15256874.0,6.207657732190211e-05
2024-07-25,09:43:59,30.5918,27.06,25.5,2760,15256875.0,6.207657732190211e-05
2024-07-25,09:43:59,30.5968,27.06,25.5,2759,15256876.0,6.217594378469237e-05
2024-07-25,09:43:59,30.6018,27.06,25.5,2759,15256876.0,6.217594378469237e-05
2024-07-25,09:43:59,30.6068,27.06,25.5,2760,15256876.0,6.207657732190211e-05
2024-07-25,09:43:59,30.6118,27.12,25.5,2761,15256876.0,6.197736966158961e-05
2024-07-25,09:43:59,30.6168,27.12,25.5,2760,15256876.0,6.207657732190211e-05
2024-07-25,09:43:59,30.6219,27.12,25.5,2759,15256876.0,6.217594378469237e-05
2024-07-25,09:43:59,30.627,27.12,25.5,2760,15256875.0,6.207657732190211e-05
2024-07-25,09:43:59,30.632,27.12,25.5,2760,15256874.0,6.207657732190211e-05
2024-07-25,09:43:59,30.637,27.12,25.5,2759,15256873.0,6.217594378469237e-05
2024-07-25,09:43:59,30.642,27.12,25.5,2759,15256873.0,6.217594378469237e-05
2024-07-25,09:43:59,30.647,27.12,25.5,2759,15256874.0,6.217594378469237e-05
2024-07-25,09:43:59,30.652,27.12,25.5,2759,15256873.0,6.217594378469237e-05
2024-07-25,09:43:59,30.6569,27.12,25.5,2760,15256874.0,6.207657732190211e-05
2024-07-25,09:43:59,30.6621,27.12,25.5,2761,15256874.0,6.197736966158961e-05
2024-07-25,09:43:59,30.6671,27.12,25.5,2760,15256872.0,6.207657732190211e-05
2024-07-25,09:43:59,30.6721,27.12,25.5,2760,15256872.0,6.207657732190211e-05
2024-07-25,09:43:59,30.6772,27.12,25.5,2760,15256873.0,6.207657732190211e-05
2024-07-25,09:43:59,30.6822,27.12,25.5,2759,15256873.0,6.217594378469237e-05
2024-07-25,09:43:59,30.6872,27.12,25.5,2759,15256873.0,6.217594378469237e-05
2024-07-25,09:43:59,30.6923,27.12,25.5,2759,15256873.0,6.217594378469237e-05
2024-07-25,09:43:59,30.6974,27.12,25.5,2759,15256874.0,6.217594378469237e-05
2024-07-25,09:43:59,30.7023,27.12,25.5,2759,15256875.0,6.217594378469237e-05
2024-07-25,09:43:59,30.7071,27.12,25.5,2759,15256873.0,6.217594378469237e-05
2024-07-25,09:43:59,30.7122,27.12,25.5,2759,15256873.0,6.217594378469237e-05
2024-07-25,09:43:59,30.7174,27.12,25.5,2759,15256873.0,6.217594378469237e-05
2024-07-25,09:44:00,30.7224,27.12,25.5,2759,15256874.0,6.217594378469237e-05
2024-07-25,09:44:00,30.7273,27.12,25.5,2758,15256872.0,6.227546930415666e-05
2024-07-25,09:44:00,30.7325,27.12,25.5,2758,15256871.0,6.227546930415666e-05
2024-07-25,09:44:00,30.7375,27.12,25.5,2759,15256873.0,6.217594378469237e-05
2024-07-25,09:44:00,30.7425,27.12,25.5,2759,15256873.0,6.217594378469237e-05
2024-07-25,09:44:00,30.7476,27.12,25.5,2759,15256871.0,6.217594378469237e-05
2024-07-25,09:44:00,30.7526,27.12,25.5,2758,15256873.0,6.227546930415666e-05
2024-07-25,09:44:00,30.7576,27.12,25.5,2758,15256875.0,6.227546930415666e-05
2024-07-25,09:44:00,30.7625,27.12,25.5,2759,15256875.0,6.217594378469237e-05
2024-07-25,09:44:00,30.7675,27.12,25.5,2759,15256874.0,6.217594378469237e-05
2024-07-25,09:44:00,30.7725,27.12,25.5,2759,15256874.0,6.217594378469237e-05
2024-07-25,09:44:00,30.7777,27.12,25.5,2759,15256874.0,6.217594378469237e-05
2024-07-25,09:44:00,30.7828,27.12,25.5,2759,15256874.0,6.217594378469237e-05
2024-07-25,09:44:00,30.7878,27.12,25.5,2759,15256874.0,6.217594378469237e-05
2024-07-25,09:44:00,30.7928,27.12,25.5,2759,15256874.0,6.217594378469237e-05
2024-07-25,09:44:00,30.7977,27.12,25.5,2759,15256873.0,6.217594378469237e-05
2024-07-25,09:44:00,30.8027,27.12,25.5,2759,15256873.0,6.217594378469237e-05
2024-07-25,09:44:00,30.8077,27.12,25.5,2759,15256874.0,6.217594378469237e-05
2024-07-25,09:44:00,30.8127,27.12,25.5,2759,15256873.0,6.217594378469237e-05
2024-07-25,09:44:00,30.8178,27.12,25.5,2758,15256872.0,6.227546930415666e-05
2024-07-25,09:44:00,30.823,27.12,25.5,2757,15256873.0,6.237515413489837e-05
2024-07-25,09:44:00,30.828,27.12,25.5,2758,15256875.0,6.227546930415666e-05
2024-07-25,09:44:00,30.8329,27.12,25.5,2758,15256875.0,6.227546930415666e-05
2024-07-25,09:44:00,30.8379,27.12,25.5,2758,15256873.0,6.227546930415666e-05
2024-07-25,09:44:00,30.8429,27.12,25.5,2758,15256873.0,6.227546930415666e-05
2024-07-25,09:44:00,30.8481,27.12,25.5,2757,15256873.0,6.237515413489837e-05
2024-07-25,09:44:00,30.853,27.12,25.5,2758,15256872.0,6.227546930415666e-05
2024-07-25,09:44:00,30.858,27.12,25.5,2758,15256871.0,6.227546930415666e-05
2024-07-25,09:44:00,30.8632,27.12,25.5,2757,15256872.0,6.237515413489837e-05
2024-07-25,09:44:00,30.8681,27.12,25.5,2758,15256873.0,6.227546930415666e-05
2024-07-25,09:44:00,30.8731,27.12,25.5,2759,15256872.0,6.217594378469237e-05
2024-07-25,09:44:00,30.8781,27.12,25.5,2759,15256872.0,6.217594378469237e-05
2024-07-25,09:44:00,30.8833,27.12,25.5,2758,15256873.0,6.227546930415666e-05
2024-07-25,09:44:00,30.8884,27.12,25.5,2758,15256874.0,6.227546930415666e-05
2024-07-25,09:44:00,30.8932,27.12,25.5,2759,15256872.0,6.217594378469237e-05
2024-07-25,09:44:00,30.8982,27.12,25.5,2759,15256872.0,6.217594378469237e-05
2024-07-25,09:44:00,30.9033,27.12,25.5,2758,15256873.0,6.227546930415666e-05
2024-07-25,09:44:00,30.9085,27.12,25.5,2757,15256872.0,6.237515413489837e-05
2024-07-25,09:44:00,30.9135,27.12,25.5,2758,15256871.0,6.227546930415666e-05
2024-07-25,09:44:00,30.9183,27.12,25.5,2758,15256871.0,6.227546930415666e-05
2024-07-25,09:44:00,30.9234,27.12,25.5,2757,15256872.0,6.237515413489837e-05
2024-07-25,09:44:00,30.9286,27.12,25.5,2758,15256873.0,6.227546930415666e-05
2024-07-25,09:44:00,30.9336,27.12,25.5,2759,15256872.0,6.217594378469237e-05
2024-07-25,09:44:00,30.9385,27.12,25.5,2759,15256872.0,6.217594378469237e-05
2024-07-25,09:44:00,30.9435,27.12,25.5,2758,15256871.0,6.227546930415666e-05
2024-07-25,09:44:00,30.9487,27.12,25.5,2757,15256870.0,6.237515413489837e-05
2024-07-25,09:44:00,30.9538,27.12,25.5,2757,15256871.0,6.237515413489837e-05
2024-07-25,09:44:00,30.9588,27.12,25.5,2757,15256871.0,6.237515413489837e-05
2024-07-25,09:44:00,30.9638,27.12,25.5,2757,15256871.0,6.237515413489837e-05
2024-07-25,09:44:00,30.9688,27.12,25.5,2758,15256871.0,6.227546930415666e-05
2024-07-25,09:44:00,30.9739,27.12,25.5,2759,15256869.0,6.217594378469237e-05
2024-07-25,09:44:00,30.979,27.12,25.5,2758,15256870.0,6.227546930415666e-05
2024-07-25,09:44:00,30.984,27.12,25.5,2757,15256871.0,6.237515413489837e-05
2024-07-25,09:44:00,30.989,27.12,25.5,2757,15256872.0,6.237515413489837e-05
2024-07-25,09:44:00,30.994,27.12,25.5,2758,15256872.0,6.227546930415666e-05
2024-07-25,09:44:00,30.999,27.12,25.5,2758,15256871.0,6.227546930415666e-05
2024-07-25,09:44:00,31.0041,27.12,25.5,2758,15256870.0,6.227546930415666e-05
2024-07-25,09:44:00,31.0092,27.12,25.5,2758,15256870.0,6.227546930415666e-05
2024-07-25,09:44:00,31.0142,27.12,25.5,2757,15256871.0,6.237515413489837e-05
2024-07-25,09:44:00,31.0192,27.12,25.5,2757,15256871.0,6.237515413489837e-05
2024-07-25,09:44:00,31.0243,27.12,25.5,2757,15256870.0,6.237515413489837e-05
2024-07-25,09:44:00,31.0293,27.12,25.5,2757,15256871.0,6.237515413489837e-05
2024-07-25,09:44:00,31.0343,27.12,25.5,2758,15256871.0,6.227546930415666e-05
2024-07-25,09:44:00,31.0394,27.12,25.5,2758,15256871.0,6.227546930415666e-05
2024-07-25,09:44:00,31.0444,27.12,25.5,2757,15256871.0,6.237515413489837e-05
2024-07-25,09:44:00,31.0494,27.12,25.5,2757,15256870.0,6.237515413489837e-05
2024-07-25,09:44:00,31.0545,27.12,25.5,2757,15256870.0,6.237515413489837e-05
2024-07-25,09:44:00,31.0595,27.12,25.5,2757,15256869.0,6.237515413489837e-05
2024-07-25,09:44:00,31.0645,27.12,25.5,2757,15256870.0,6.237515413489837e-05
2024-07-25,09:44:00,31.0696,27.12,25.5,2757,15256870.0,6.237515413489837e-05
2024-07-25,09:44:00,31.0746,27.12,25.5,2756,15256870.0,6.247499853192816e-05
2024-07-25,09:44:00,31.0796,27.12,25.5,2756,15256869.0,6.247499853192816e-05
2024-07-25,09:44:00,31.0847,27.12,25.5,2757,15256870.0,6.237515413489837e-05
2024-07-25,09:44:00,31.0898,27.12,25.5,2757,15256871.0,6.237515413489837e-05
2024-07-25,09:44:00,31.0948,27.12,25.5,2757,15256870.0,6.237515413489837e-05
2024-07-25,09:44:00,31.0998,27.12,25.5,2757,15256869.0,6.237515413489837e-05
2024-07-25,09:44:00,31.1049,27.12,25.5,2757,15256869.0,6.237515413489837e-05
2024-07-25,09:44:00,31.1101,27.12,25.5,2756,15256868.0,6.247499853192816e-05
2024-07-25,09:44:00,31.1149,27.12,25.5,2756,15256868.0,6.247499853192816e-05
2024-07-25,09:44:00,31.1199,27.12,25.5,2757,15256870.0,6.237515413489837e-05
2024-07-25,09:44:00,31.125,27.12,25.5,2757,15256870.0,6.237515413489837e-05
2024-07-25,09:44:00,31.13,27.12,25.5,2757,15256870.0,6.237515413489837e-05
2024-07-25,09:44:00,31.135,27.12,25.5,2757,15256870.0,6.237515413489837e-05
2024-07-25,09:44:00,31.14,27.12,25.5,2757,15256868.0,6.237515413489837e-05
2024-07-25,09:44:00,31.1451,27.12,25.5,2757,15256868.0,6.237515413489837e-05
2024-07-25,09:44:00,31.1503,27.12,25.5,2756,15256868.0,6.247499853192816e-05
2024-07-25,09:44:00,31.1554,27.12,25.5,2756,15256869.0,6.247499853192816e-05
2024-07-25,09:44:00,31.1605,27.12,25.5,2757,15256870.0,6.237515413489837e-05
2024-07-25,09:44:00,31.1655,27.12,25.5,2757,15256870.0,6.237515413489837e-05
2024-07-25,09:44:00,31.1705,27.12,25.5,2756,15256870.0,6.247499853192816e-05
2024-07-25,09:44:00,31.1756,27.12,25.5,2755,15256871.0,6.257500275066518e-05
2024-07-25,09:44:00,31.1807,27.12,25.5,2756,15256871.0,6.247499853192816e-05
2024-07-25,09:44:00,31.1857,27.12,25.5,2757,15256870.0,6.237515413489837e-05
2024-07-25,09:44:00,31.1908,27.12,25.5,2756,15256868.0,6.247499853192816e-05
2024-07-25,09:44:00,31.1958,27.12,25.5,2756,15256868.0,6.247499853192816e-05
2024-07-25,09:44:00,31.2008,27.12,25.5,2757,15256870.0,6.237515413489837e-05
2024-07-25,09:44:00,31.2059,27.12,25.5,2756,15256870.0,6.247499853192816e-05
2024-07-25,09:44:00,31.2109,27.12,25.5,2756,15256870.0,6.247499853192816e-05
2024-07-25,09:44:00,31.2159,27.12,25.5,2756,15256870.0,6.247499853192816e-05
2024-07-25,09:44:00,31.221,27.12,25.5,2755,15256870.0,6.257500275066518e-05
2024-07-25,09:44:00,31.2262,27.12,25.5,2755,15256870.0,6.257500275066518e-05
2024-07-25,09:44:00,31.2312,27.12,25.5,2756,15256870.0,6.247499853192816e-05
2024-07-25,09:44:00,31.2363,27.12,25.5,2757,15256870.0,6.237515413489837e-05
2024-07-25,09:44:00,31.2413,27.12,25.5,2756,15256868.0,6.247499853192816e-05
2024-07-25,09:44:00,31.2463,27.12,25.5,2755,15256868.0,6.257500275066518e-05
2024-07-25,09:44:00,31.2514,27.12,25.5,2755,15256868.0,6.257500275066518e-05
2024-07-25,09:44:00,31.2564,27.12,25.5,2755,15256868.0,6.257500275066518e-05
2024-07-25,09:44:00,31.2614,27.12,25.5,2755,15256867.0,6.257500275066518e-05
2024-07-25,09:44:00,31.2665,27.12,25.5,2755,15256868.0,6.257500275066518e-05
2024-07-25,09:44:00,31.2716,27.12,25.5,2755,15256867.0,6.257500275066518e-05
2024-07-25,09:44:00,31.2766,27.12,25.5,2756,15256866.0,6.247499853192816e-05
2024-07-25,09:44:00,31.2816,27.12,25.5,2756,15256867.0,6.247499853192816e-05
2024-07-25,09:44:00,31.2867,27.12,25.5,2756,15256867.0,6.247499853192816e-05
2024-07-25,09:44:00,31.2918,27.12,25.5,2757,15256870.0,6.237515413489837e-05
2024-07-25,09:44:00,31.2968,27.12,25.5,2757,15256869.0,6.237515413489837e-05
2024-07-25,09:44:00,31.3019,27.12,25.5,2756,15256867.0,6.247499853192816e-05
2024-07-25,09:44:00,31.3071,27.12,25.5,2756,15256868.0,6.247499853192816e-05
2024-07-25,09:44:00,31.3121,27.12,25.5,2756,15256867.0,6.247499853192816e-05
2024-07-25,09:44:00,31.317,27.12,25.5,2755,15256867.0,6.257500275066518e-05
2024-07-25,09:44:00,31.322,27.12,25.5,2755,15256868.0,6.257500275066518e-05
2024-07-25,09:44:00,31.3272,27.12,25.5,2755,15256869.0,6.257500275066518e-05
2024-07-25,09:44:00,31.3323,27.12,25.5,2755,15256868.0,6.257500275066518e-05
2024-07-25,09:44:00,31.3373,27.12,25.5,2755,15256868.0,6.257500275066518e-05
2024-07-25,09:44:00,31.3423,27.12,25.5,2755,15256867.0,6.257500275066518e-05
2024-07-25,09:44:00,31.3474,27.12,25.5,2755,15256867.0,6.257500275066518e-05
2024-07-25,09:44:00,31.3525,27.12,25.5,2755,15256867.0,6.257500275066518e-05
2024-07-25,09:44:00,31.3575,27.12,25.5,2756,15256867.0,6.247499853192816e-05
2024-07-25,09:44:00,31.3625,27.12,25.5,2756,15256868.0,6.247499853192816e-05
2024-07-25,09:44:00,31.3676,27.12,25.5,2755,15256869.0,6.257500275066518e-05
2024-07-25,09:44:00,31.3727,27.12,25.5,2755,15256869.0,6.257500275066518e-05
2024-07-25,09:44:00,31.3776,27.12,25.5,2755,15256868.0,6.257500275066518e-05
2024-07-25,09:44:00,31.3826,27.12,25.5,2754,15256866.0,6.267516704693716e-05
2024-07-25,09:44:00,31.3877,27.12,25.5,2754,15256866.0,6.267516704693716e-05
2024-07-25,09:44:00,31.3928,27.12,25.5,2755,15256867.0,6.257500275066518e-05
2024-07-25,09:44:00,31.3979,27.12,25.5,2755,15256868.0,6.257500275066518e-05
2024-07-25,09:44:00,31.4029,27.12,25.5,2755,15256868.0,6.257500275066518e-05
2024-07-25,09:44:00,31.4079,27.12,25.5,2755,15256867.0,6.257500275066518e-05
2024-07-25,09:44:00,31.413,27.12,25.5,2755,15256867.0,6.257500275066518e-05
2024-07-25,09:44:00,31.4182,27.12,25.5,2754,15256868.0,6.267516704693716e-05
2024-07-25,09:44:00,31.4232,27.12,25.5,2754,15256867.0,6.267516704693716e-05
2024-07-25,09:44:00,31.4281,27.12,25.5,2754,15256867.0,6.267516704693716e-05
2024-07-25,09:44:00,31.4331,27.12,25.5,2754,15256867.0,6.267516704693716e-05
2024-07-25,09:44:00,31.4383,27.12,25.5,2755,15256867.0,6.257500275066518e-05
2024-07-25,09:44:00,31.4434,27.12,25.5,2755,15256868.0,6.257500275066518e-05
2024-07-25,09:44:00,31.4484,27.12,25.5,2755,15256868.0,6.257500275066518e-05
2024-07-25,09:44:00,31.4534,27.12,25.5,2755,15256866.0,6.257500275066518e-05
2024-07-25,09:44:00,31.4585,27.12,25.5,2755,15256865.0,6.257500275066518e-05
2024-07-25,09:44:00,31.4636,27.12,25.5,2755,15256868.0,6.257500275066518e-05
2024-07-25,09:44:00,31.4686,27.12,25.5,2755,15256868.0,6.257500275066518e-05
2024-07-25,09:44:00,31.4736,27.12,25.5,2754,15256866.0,6.267516704693716e-05
2024-07-25,09:44:00,31.4786,27.12,25.5,2754,15256866.0,6.267516704693716e-05
2024-07-25,09:44:00,31.4836,27.12,25.5,2754,15256864.0,6.267516704693716e-05
2024-07-25,09:44:00,31.4887,27.12,25.5,2754,15256864.0,6.267516704693716e-05
2024-07-25,09:44:00,31.4938,27.12,25.5,2754,15256865.0,6.267516704693716e-05
2024-07-25,09:44:00,31.4988,27.12,25.5,2754,15256866.0,6.267516704693716e-05
2024-07-25,09:44:00,31.5039,27.12,25.5,2754,15256867.0,6.267516704693716e-05
2024-07-25,09:44:00,31.509,27.12,25.5,2753,15256868.0,6.277549167698158e-05
2024-07-25,09:44:00,31.514,27.12,25.5,2754,15256868.0,6.267516704693716e-05
2024-07-25,09:44:00,31.519,27.12,25.5,2755,15256867.0,6.257500275066518e-05
2024-07-25,09:44:00,31.5241,27.12,25.5,2754,15256866.0,6.267516704693716e-05
2024-07-25,09:44:00,31.5293,27.12,25.5,2753,15256867.0,6.277549167698158e-05
2024-07-25,09:44:00,31.5343,27.12,25.5,2753,15256865.0,6.277549167698158e-05
2024-07-25,09:44:00,31.5393,27.12,25.5,2754,15256864.0,6.267516704693716e-05
2024-07-25,09:44:00,31.5442,27.12,25.5,2754,15256865.0,6.267516704693716e-05
2024-07-25,09:44:00,31.5494,27.12,25.5,2754,15256865.0,6.267516704693716e-05
2024-07-25,09:44:00,31.5545,27.12,25.5,2754,15256865.0,6.267516704693716e-05
2024-07-25,09:44:00,31.5595,27.12,25.5,2752,15256866.0,6.287597689744584e-05
2024-07-25,09:44:00,31.5645,27.12,25.5,2752,15256867.0,6.287597689744584e-05
2024-07-25,09:44:00,31.5695,27.12,25.5,2753,15256866.0,6.277549167698158e-05
2024-07-25,09:44:00,31.5746,27.12,25.5,2753,15256864.0,6.277549167698158e-05
2024-07-25,09:44:00,31.5798,27.12,25.5,2753,15256864.0,6.277549167698158e-05
2024-07-25,09:44:00,31.5849,27.12,25.5,2753,15256866.0,6.277549167698158e-05
2024-07-25,09:44:00,31.5898,27.12,25.5,2753,15256867.0,6.277549167698158e-05
2024-07-25,09:44:00,31.5949,27.12,25.5,2753,15256867.0,6.277549167698158e-05
2024-07-25,09:44:00,31.6002,27.12,25.5,2753,15256867.0,6.277549167698158e-05
2024-07-25,09:44:00,31.605,27.12,25.5,2753,15256866.0,6.277549167698158e-05
2024-07-25,09:44:00,31.6099,27.12,25.5,2753,15256865.0,6.277549167698158e-05
2024-07-25,09:44:00,31.615,27.12,25.5,2753,15256865.0,6.277549167698158e-05
2024-07-25,09:44:00,31.6201,27.12,25.5,2753,15256866.0,6.277549167698158e-05
2024-07-25,09:44:00,31.6251,27.12,25.5,2753,15256865.0,6.277549167698158e-05
2024-07-25,09:44:00,31.6303,27.12,25.5,2754,15256864.0,6.267516704693716e-05
2024-07-25,09:44:00,31.6354,27.12,25.5,2754,15256866.0,6.267516704693716e-05
2024-07-25,09:44:00,31.6404,27.12,25.5,2753,15256867.0,6.277549167698158e-05
2024-07-25,09:44:00,31.6454,27.12,25.5,2754,15256866.0,6.267516704693716e-05
2024-07-25,09:44:00,31.6505,27.12,25.5,2754,15256865.0,6.267516704693716e-05
2024-07-25,09:44:00,31.6556,27.12,25.5,2753,15256864.0,6.277549167698158e-05
2024-07-25,09:44:00,31.6607,27.12,25.5,2753,15256864.0,6.277549167698158e-05
2024-07-25,09:44:00,31.6658,27.12,25.5,2753,15256866.0,6.277549167698158e-05
2024-07-25,09:44:00,31.6708,27.12,25.5,2753,15256866.0,6.277549167698158e-05
2024-07-25,09:44:00,31.6758,27.12,25.5,2753,15256864.0,6.277549167698158e-05
2024-07-25,09:44:00,31.6809,27.12,25.5,2753,15256864.0,6.277549167698158e-05
2024-07-25,09:44:00,31.6861,27.12,25.5,2753,15256864.0,6.277549167698158e-05
2024-07-25,09:44:00,31.6911,27.12,25.5,2753,15256864.0,6.277549167698158e-05
2024-07-25,09:44:00,31.6961,27.12,25.5,2753,15256864.0,6.277549167698158e-05
2024-07-25,09:44:00,31.701,27.12,25.5,2753,15256864.0,6.277549167698158e-05
2024-07-25,09:44:00,31.7062,27.12,25.5,2753,15256865.0,6.277549167698158e-05
2024-07-25,09:44:00,31.7113,27.12,25.5,2753,15256864.0,6.277549167698158e-05
2024-07-25,09:44:00,31.7164,27.12,25.5,2752,15256862.0,6.287597689744584e-05
2024-07-25,09:44:01,31.7215,27.12,25.5,2751,15256863.0,6.29766229653884e-05
2024-07-25,09:44:01,31.7265,27.12,25.5,2751,15256864.0,6.29766229653884e-05
2024-07-25,09:44:01,31.7316,27.12,25.5,2752,15256864.0,6.287597689744584e-05
2024-07-25,09:44:01,31.7368,27.12,25.5,2753,15256864.0,6.277549167698158e-05
2024-07-25,09:44:01,31.7417,27.12,25.5,2753,15256864.0,6.277549167698158e-05
2024-07-25,09:44:01,31.7467,27.12,25.5,2752,15256863.0,6.287597689744584e-05
2024-07-25,09:44:01,31.7519,27.12,25.5,2751,15256864.0,6.29766229653884e-05
2024-07-25,09:44:01,31.757,27.12,25.5,2751,15256865.0,6.29766229653884e-05
2024-07-25,09:44:01,31.762,27.12,25.5,2752,15256865.0,6.287597689744584e-05
2024-07-25,09:44:01,31.767,27.12,25.5,2752,15256864.0,6.287597689744584e-05
2024-07-25,09:44:01,31.7721,27.12,25.5,2752,15256864.0,6.287597689744584e-05
2024-07-25,09:44:01,31.7772,27.12,25.5,2752,15256863.0,6.287597689744584e-05
2024-07-25,09:44:01,31.7822,27.12,25.5,2751,15256864.0,6.29766229653884e-05
2024-07-25,09:44:01,31.7873,27.12,25.5,2752,15256866.0,6.287597689744584e-05
2024-07-25,09:44:01,31.7924,27.12,25.5,2753,15256864.0,6.277549167698158e-05
2024-07-25,09:44:01,31.7974,27.12,25.5,2752,15256860.0,6.287597689744584e-05
2024-07-25,09:44:01,31.8025,27.12,25.5,2752,15256861.0,6.287597689744584e-05
2024-07-25,09:44:01,31.8078,27.12,25.5,2752,15256863.0,6.287597689744584e-05
2024-07-25,09:44:01,31.8128,27.12,25.5,2752,15256863.0,6.287597689744584e-05
2024-07-25,09:44:01,31.8178,27.12,25.5,2752,15256861.0,6.287597689744584e-05
2024-07-25,09:44:01,31.8229,27.12,25.5,2752,15256860.0,6.287597689744584e-05
2024-07-25,09:44:01,31.828,27.12,25.5,2752,15256861.0,6.287597689744584e-05
2024-07-25,09:44:01,31.8331,27.12,25.5,2752,15256862.0,6.287597689744584e-05
2024-07-25,09:44:01,31.8381,27.12,25.5,2753,15256863.0,6.277549167698158e-05
2024-07-25,09:44:01,31.8431,27.12,25.5,2752,15256863.0,6.287597689744584e-05
2024-07-25,09:44:01,31.8482,27.12,25.5,2751,15256862.0,6.29766229653884e-05
2024-07-25,09:44:01,31.8534,27.12,25.5,2751,15256861.0,6.29766229653884e-05
2024-07-25,09:44:01,31.8585,27.12,25.5,2751,15256862.0,6.29766229653884e-05
2024-07-25,09:44:01,31.8636,27.12,25.5,2752,15256862.0,6.287597689744584e-05
2024-07-25,09:44:01,31.8686,27.12,25.5,2752,15256862.0,6.287597689744584e-05
2024-07-25,09:44:01,31.8736,27.12,25.5,2751,15256862.0,6.29766229653884e-05
2024-07-25,09:44:01,31.8786,27.12,25.5,2751,15256860.0,6.29766229653884e-05
2024-07-25,09:44:01,31.8837,27.12,25.5,2751,15256860.0,6.29766229653884e-05
2024-07-25,09:44:01,31.8888,27.12,25.5,2751,15256861.0,6.29766229653884e-05
2024-07-25,09:44:01,31.8939,27.12,25.5,2751,15256861.0,6.29766229653884e-05
2024-07-25,09:44:01,31.8991,27.12,25.5,2752,15256861.0,6.287597689744584e-05
2024-07-25,09:44:01,31.9041,27.12,25.5,2752,15256861.0,6.287597689744584e-05
2024-07-25,09:44:01,31.9092,27.12,25.5,2751,15256860.0,6.29766229653884e-05
2024-07-25,09:44:01,31.9143,27.12,25.5,2751,15256860.0,6.29766229653884e-05
2024-07-25,09:44:01,31.9194,27.12,25.5,2751,15256860.0,6.29766229653884e-05
2024-07-25,09:44:01,31.9245,27.12,25.5,2751,15256860.0,6.29766229653884e-05
2024-07-25,09:44:01,31.9295,27.12,25.5,2751,15256861.0,6.29766229653884e-05
2024-07-25,09:44:01,31.9345,27.12,25.5,2751,15256860.0,6.29766229653884e-05
2024-07-25,09:44:01,31.9396,27.12,25.5,2751,15256861.0,6.29766229653884e-05
2024-07-25,09:44:01,31.9448,27.12,25.5,2751,15256861.0,6.29766229653884e-05
2024-07-25,09:44:01,31.9497,27.12,25.5,2751,15256860.0,6.29766229653884e-05
2024-07-25,09:44:01,31.9549,27.12,25.5,2751,15256860.0,6.29766229653884e-05
2024-07-25,09:44:01,31.96,27.12,25.5,2751,15256859.0,6.29766229653884e-05
2024-07-25,09:44:01,31.965,27.12,25.5,2751,15256859.0,6.29766229653884e-05
2024-07-25,09:44:01,31.9701,27.12,25.5,2751,15256860.0,6.29766229653884e-05
2024-07-25,09:44:01,31.9752,27.12,25.5,2751,15256860.0,6.29766229653884e-05
2024-07-25,09:44:01,31.9802,27.12,25.5,2750,15256859.0,6.307743013827895e-05
2024-07-25,09:44:01,31.9853,27.12,25.5,2750,15256858.0,6.307743013827895e-05
2024-07-25,09:44:01,31.9905,27.12,25.5,2751,15256859.0,6.29766229653884e-05
2024-07-25,09:44:01,31.9956,27.12,25.5,2750,15256859.0,6.307743013827895e-05
2024-07-25,09:44:01,32.0007,27.12,25.5,2750,15256859.0,6.307743013827895e-05
2024-07-25,09:44:01,32.0057,27.12,25.5,2751,15256860.0,6.29766229653884e-05
2024-07-25,09:44:01,32.0108,27.12,25.5,2751,15256860.0,6.29766229653884e-05
2024-07-25,09:44:01,32.0159,27.12,25.5,2751,15256860.0,6.29766229653884e-05
2024-07-25,09:44:01,32.021,27.12,25.5,2751,15256859.0,6.29766229653884e-05
2024-07-25,09:44:01,32.026,27.12,25.5,2751,15256858.0,6.29766229653884e-05
2024-07-25,09:44:01,32.031,27.12,25.5,2751,15256859.0,6.29766229653884e-05
2024-07-25,09:44:01,32.0361,27.12,25.5,2750,15256860.0,6.307743013827895e-05
2024-07-25,09:44:01,32.0413,27.12,25.5,2749,15256858.0,6.317839867399959e-05
2024-07-25,09:44:01,32.0464,27.12,25.5,2750,15256858.0,6.307743013827895e-05
2024-07-25,09:44:01,32.0515,27.12,25.5,2751,15256861.0,6.29766229653884e-05
2024-07-25,09:44:01,32.0566,27.12,25.5,2751,15256861.0,6.29766229653884e-05
2024-07-25,09:44:01,32.0617,27.12,25.5,2750,15256857.0,6.307743013827895e-05
2024-07-25,09:44:01,32.0669,27.12,25.5,2749,15256858.0,6.317839867399959e-05
2024-07-25,09:44:01,32.0719,27.12,25.5,2750,15256861.0,6.307743013827895e-05
2024-07-25,09:44:01,32.0769,27.12,25.5,2750,15256861.0,6.307743013827895e-05
2024-07-25,09:44:01,32.0818,27.12,25.5,2749,15256859.0,6.317839867399959e-05
2024-07-25,09:44:01,32.087,27.12,25.5,2750,15256858.0,6.307743013827895e-05
2024-07-25,09:44:01,32.0921,27.12,25.5,2750,15256858.0,6.307743013827895e-05
2024-07-25,09:44:01,32.0972,27.12,25.5,2749,15256857.0,6.317839867399959e-05
2024-07-25,09:44:01,32.1023,27.12,25.5,2749,15256858.0,6.317839867399959e-05
2024-07-25,09:44:01,32.1074,27.12,25.5,2750,15256859.0,6.307743013827895e-05
2024-07-25,09:44:01,32.1126,27.12,25.5,2750,15256858.0,6.307743013827895e-05
2024-07-25,09:44:01,32.1177,27.12,25.5,2749,15256858.0,6.317839867399959e-05
2024-07-25,09:44:01,32.1227,27.12,25.5,2749,15256859.0,6.317839867399959e-05
2024-07-25,09:44:01,32.1277,27.12,25.5,2750,15256859.0,6.307743013827895e-05
2024-07-25,09:44:01,32.1329,27.12,25.5,2750,15256857.0,6.307743013827895e-05
2024-07-25,09:44:01,32.1379,27.12,25.5,2750,15256857.0,6.307743013827895e-05
2024-07-25,09:44:01,32.1429,27.12,25.5,2750,15256856.0,6.307743013827895e-05
2024-07-25,09:44:01,32.1481,27.12,25.5,2750,15256855.0,6.307743013827895e-05
2024-07-25,09:44:01,32.1533,27.12,25.5,2750,15256855.0,6.307743013827895e-05
2024-07-25,09:44:01,32.1584,27.12,25.5,2749,15256856.0,6.317839867399959e-05
2024-07-25,09:44:01,32.1635,27.12,25.5,2749,15256859.0,6.317839867399959e-05
2024-07-25,09:44:01,32.1685,27.12,25.5,2749,15256859.0,6.317839867399959e-05
2024-07-25,09:44:01,32.1736,27.12,25.5,2750,15256860.0,6.307743013827895e-05
2024-07-25,09:44:01,32.1787,27.12,25.5,2750,15256860.0,6.307743013827895e-05
2024-07-25,09:44:01,32.1837,27.12,25.5,2750,15256858.0,6.307743013827895e-05
2024-07-25,09:44:01,32.1889,27.12,25.5,2750,15256858.0,6.307743013827895e-05
2024-07-25,09:44:01,32.194,27.12,25.5,2749,15256857.0,6.317839867399959e-05
2024-07-25,09:44:01,32.1991,27.12,25.5,2749,15256857.0,6.317839867399959e-05
2024-07-25,09:44:01,32.2042,27.12,25.5,2750,15256858.0,6.307743013827895e-05
2024-07-25,09:44:01,32.2092,27.12,25.5,2751,15256856.0,6.29766229653884e-05
2024-07-25,09:44:01,32.2142,27.12,25.5,2750,15256855.0,6.307743013827895e-05
2024-07-25,09:44:01,32.2193,27.12,25.5,2749,15256857.0,6.317839867399959e-05
2024-07-25,09:44:01,32.2244,27.12,25.5,2750,15256858.0,6.307743013827895e-05
2024-07-25,09:44:01,32.2296,27.12,25.5,2750,15256858.0,6.307743013827895e-05
2024-07-25,09:44:01,32.2347,27.12,25.5,2749,15256857.0,6.317839867399959e-05
2024-07-25,09:44:01,32.2398,27.12,25.5,2749,15256857.0,6.317839867399959e-05
2024-07-25,09:44:01,32.2449,27.12,25.5,2749,15256859.0,6.317839867399959e-05
2024-07-25,09:44:01,32.2499,27.12,25.5,2749,15256859.0,6.317839867399959e-05
2024-07-25,09:44:01,32.255,27.12,25.5,2749,15256856.0,6.317839867399959e-05
2024-07-25,09:44:01,32.2601,27.12,25.5,2749,15256856.0,6.317839867399959e-05
2024-07-25,09:44:01,32.2653,27.12,25.5,2749,15256856.0,6.317839867399959e-05
2024-07-25,09:44:01,32.2704,27.12,25.5,2749,15256856.0,6.317839867399959e-05
2024-07-25,09:44:01,32.2754,27.12,25.5,2748,15256855.0,6.327952883084491e-05
2024-07-25,09:44:01,32.2805,27.12,25.5,2748,15256855.0,6.327952883084491e-05
2024-07-25,09:44:01,32.2856,27.12,25.5,2749,15256856.0,6.317839867399959e-05
2024-07-25,09:44:01,32.2906,27.12,25.5,2749,15256856.0,6.317839867399959e-05
2024-07-25,09:44:01,32.2957,27.12,25.5,2748,15256855.0,6.327952883084491e-05
2024-07-25,09:44:01,32.3009,27.12,25.5,2748,15256855.0,6.327952883084491e-05
2024-07-25,09:44:01,32.306,27.12,25.5,2748,15256856.0,6.327952883084491e-05
2024-07-25,09:44:01,32.3111,27.12,25.5,2748,15256856.0,6.327952883084491e-05
2024-07-25,09:44:01,32.3161,27.12,25.5,2749,15256856.0,6.317839867399959e-05
2024-07-25,09:44:01,32.3212,27.12,25.5,2749,15256856.0,6.317839867399959e-05
2024-07-25,09:44:01,32.3263,27.12,25.5,2749,15256855.0,6.317839867399959e-05
2024-07-25,09:44:01,32.3313,27.12,25.5,2749,15256855.0,6.317839867399959e-05
2024-07-25,09:44:01,32.3364,27.12,25.5,2748,15256854.0,6.327952883084491e-05
2024-07-25,09:44:01,32.3417,27.12,25.5,2747,15256855.0,6.338082086752325e-05
2024-07-25,09:44:01,32.3468,27.12,25.5,2747,15256854.0,6.338082086752325e-05
2024-07-25,09:44:01,32.3518,27.12,25.5,2747,15256854.0,6.338082086752325e-05
2024-07-25,09:44:01,32.3568,27.12,25.5,2747,15256856.0,6.338082086752325e-05
2024-07-25,09:44:01,32.3619,27.12,25.5,2748,15256856.0,6.327952883084491e-05
2024-07-25,09:44:01,32.367,27.12,25.5,2748,15256856.0,6.327952883084491e-05
2024-07-25,09:44:01,32.3721,27.12,25.5,2747,15256856.0,6.338082086752325e-05
2024-07-25,09:44:01,32.3773,27.12,25.5,2748,15256856.0,6.327952883084491e-05
2024-07-25,09:44:01,32.3824,27.12,25.5,2749,15256856.0,6.317839867399959e-05
2024-07-25,09:44:01,32.3875,27.12,25.5,2748,15256856.0,6.327952883084491e-05
2024-07-25,09:44:01,32.3926,27.12,25.5,2748,15256855.0,6.327952883084491e-05
2024-07-25,09:44:01,32.3977,27.12,25.5,2748,15256854.0,6.327952883084491e-05
2024-07-25,09:44:01,32.4029,27.12,25.5,2748,15256854.0,6.327952883084491e-05
2024-07-25,09:44:01,32.408,27.12,25.5,2748,15256855.0,6.327952883084491e-05
2024-07-25,09:44:01,32.4131,27.12,25.5,2747,15256855.0,6.338082086752325e-05
2024-07-25,09:44:01,32.4182,27.12,25.5,2747,15256855.0,6.338082086752325e-05
2024-07-25,09:44:01,32.4232,27.12,25.5,2749,15256854.0,6.317839867399959e-05
2024-07-25,09:44:01,32.4282,27.12,25.5,2749,15256854.0,6.317839867399959e-05
2024-07-25,09:44:01,32.4333,27.12,25.5,2747,15256855.0,6.338082086752325e-05
2024-07-25,09:44:01,32.4386,27.12,25.5,2747,15256856.0,6.338082086752325e-05
2024-07-25,09:44:01,32.4437,27.12,25.5,2748,15256854.0,6.327952883084491e-05
2024-07-25,09:44:01,32.4487,27.12,25.5,2748,15256853.0,6.327952883084491e-05
2024-07-25,09:44:01,32.4538,27.12,25.5,2748,15256854.0,6.327952883084491e-05
2024-07-25,09:44:01,32.4589,27.12,25.5,2748,15256855.0,6.327952883084491e-05
2024-07-25,09:44:01,32.4639,27.12,25.5,2748,15256855.0,6.327952883084491e-05
2024-07-25,09:44:01,32.4689,27.12,25.5,2748,15256854.0,6.327952883084491e-05
2024-07-25,09:44:01,32.474,27.12,25.5,2748,15256853.0,6.327952883084491e-05
2024-07-25,09:44:01,32.4792,27.12,25.5,2748,15256853.0,6.327952883084491e-05
2024-07-25,09:44:01,32.4843,27.12,25.5,2748,15256852.0,6.327952883084491e-05
2024-07-25,09:44:01,32.4894,27.12,25.5,2747,15256852.0,6.338082086752325e-05
2024-07-25,09:44:01,32.4945,27.12,25.5,2746,15256852.0,6.34822750431568e-05
2024-07-25,09:44:01,32.4996,27.12,25.5,2747,15256854.0,6.338082086752325e-05
2024-07-25,09:44:01,32.5048,27.12,25.5,2748,15256853.0,6.327952883084491e-05
2024-07-25,09:44:01,32.5099,27.12,25.5,2748,15256853.0,6.327952883084491e-05
2024-07-25,09:44:01,32.5149,27.12,25.5,2747,15256854.0,6.338082086752325e-05
2024-07-25,09:44:01,32.52,27.12,25.5,2747,15256855.0,6.338082086752325e-05
2024-07-25,09:44:01,32.5251,27.12,25.5,2747,15256856.0,6.338082086752325e-05
2024-07-25,09:44:01,32.5301,27.12,25.5,2748,15256857.0,6.327952883084491e-05
2024-07-25,09:44:01,32.5352,27.12,25.5,2748,15256855.0,6.327952883084491e-05
2024-07-25,09:44:01,32.5403,27.12,25.5,2747,15256855.0,6.338082086752325e-05
2024-07-25,09:44:01,32.5455,27.12,25.5,2747,15256855.0,6.338082086752325e-05
2024-07-25,09:44:01,32.5506,27.12,25.5,2747,15256855.0,6.338082086752325e-05
2024-07-25,09:44:01,32.5556,27.12,25.5,2747,15256856.0,6.338082086752325e-05
2024-07-25,09:44:01,32.5607,27.12,25.5,2746,15256853.0,6.34822750431568e-05
2024-07-25,09:44:01,32.5658,27.12,25.5,2747,15256852.0,6.338082086752325e-05
2024-07-25,09:44:01,32.5708,27.12,25.5,2747,15256852.0,6.338082086752325e-05
2024-07-25,09:44:01,32.5759,27.12,25.5,2747,15256851.0,6.338082086752325e-05
2024-07-25,09:44:01,32.5812,27.12,25.5,2747,15256852.0,6.338082086752325e-05
2024-07-25,09:44:01,32.5863,27.12,25.5,2746,15256853.0,6.34822750431568e-05
2024-07-25,09:44:01,32.5914,27.12,25.5,2746,15256853.0,6.34822750431568e-05
2024-07-25,09:44:01,32.5965,27.12,25.5,2747,15256852.0,6.338082086752325e-05
2024-07-25,09:44:01,32.6017,27.12,25.5,2747,15256852.0,6.338082086752325e-05
2024-07-25,09:44:01,32.6068,27.12,25.5,2746,15256852.0,6.34822750431568e-05
2024-07-25,09:44:01,32.6119,27.12,25.5,2747,15256853.0,6.338082086752325e-05
2024-07-25,09:44:01,32.617,27.12,25.5,2747,15256853.0,6.338082086752325e-05
2024-07-25,09:44:01,32.622,27.12,25.5,2747,15256853.0,6.338082086752325e-05
2024-07-25,09:44:01,32.6271,27.12,25.5,2747,15256853.0,6.338082086752325e-05
2024-07-25,09:44:01,32.6322,27.12,25.5,2747,15256852.0,6.338082086752325e-05
2024-07-25,09:44:01,32.6372,27.12,25.5,2747,15256852.0,6.338082086752325e-05
2024-07-25,09:44:01,32.6424,27.12,25.5,2746,15256852.0,6.34822750431568e-05
2024-07-25,09:44:01,32.6476,27.12,25.5,2746,15256852.0,6.34822750431568e-05
2024-07-25,09:44:01,32.6527,27.12,25.5,2746,15256852.0,6.34822750431568e-05
2024-07-25,09:44:01,32.6578,27.12,25.5,2746,15256851.0,6.34822750431568e-05
2024-07-25,09:44:01,32.663,27.12,25.5,2746,15256852.0,6.34822750431568e-05
2024-07-25,09:44:01,32.6681,27.12,25.5,2746,15256852.0,6.34822750431568e-05
2024-07-25,09:44:01,32.6732,27.12,25.5,2746,15256853.0,6.34822750431568e-05
2024-07-25,09:44:01,32.6782,27.12,25.5,2746,15256853.0,6.34822750431568e-05
2024-07-25,09:44:01,32.6833,27.12,25.5,2746,15256853.0,6.34822750431568e-05
2024-07-25,09:44:01,32.6886,27.12,25.5,2746,15256853.0,6.34822750431568e-05
2024-07-25,09:44:01,32.6937,27.12,25.5,2746,15256851.0,6.34822750431568e-05
2024-07-25,09:44:01,32.6988,27.12,25.5,2745,15256850.0,6.358389161728276e-05
2024-07-25,09:44:01,32.7039,27.12,25.5,2745,15256852.0,6.358389161728276e-05
2024-07-25,09:44:01,32.7089,27.12,25.5,2745,15256852.0,6.358389161728276e-05
2024-07-25,09:44:01,32.714,27.12,25.5,2746,15256855.0,6.34822750431568e-05
2024-07-25,09:44:02,32.7192,27.12,25.5,2747,15256855.0,6.338082086752325e-05
2024-07-25,09:44:02,32.7243,27.12,25.5,2746,15256852.0,6.34822750431568e-05
2024-07-25,09:44:02,32.7295,27.12,25.5,2746,15256851.0,6.34822750431568e-05
2024-07-25,09:44:02,32.7346,27.12,25.5,2746,15256853.0,6.34822750431568e-05
2024-07-25,09:44:02,32.7396,27.12,25.5,2746,15256853.0,6.34822750431568e-05
2024-07-25,09:44:02,32.7448,27.12,25.5,2746,15256853.0,6.34822750431568e-05
2024-07-25,09:44:02,32.7499,27.12,25.5,2746,15256852.0,6.34822750431568e-05
2024-07-25,09:44:02,32.755,27.12,25.5,2746,15256852.0,6.34822750431568e-05
2024-07-25,09:44:02,32.7601,27.12,25.5,2746,15256853.0,6.34822750431568e-05
2024-07-25,09:44:02,32.7652,27.12,25.5,2746,15256853.0,6.34822750431568e-05
2024-07-25,09:44:02,32.7704,27.12,25.5,2746,15256853.0,6.34822750431568e-05
2024-07-25,09:44:02,32.7753,27.12,25.5,2746,15256852.0,6.34822750431568e-05
2024-07-25,09:44:02,32.7805,27.12,25.5,2746,15256851.0,6.34822750431568e-05
2024-07-25,09:44:02,32.7856,27.12,25.5,2746,15256851.0,6.34822750431568e-05
2024-07-25,09:44:02,32.7907,27.12,25.5,2746,15256852.0,6.34822750431568e-05
2024-07-25,09:44:02,32.7958,27.12,25.5,2746,15256852.0,6.34822750431568e-05
2024-07-25,09:44:02,32.8009,27.12,25.5,2745,15256853.0,6.358389161728276e-05
2024-07-25,09:44:02,32.8062,27.12,25.5,2745,15256852.0,6.358389161728276e-05
2024-07-25,09:44:02,32.8113,27.12,25.5,2746,15256852.0,6.34822750431568e-05
2024-07-25,09:44:02,32.8164,27.12,25.5,2746,15256851.0,6.34822750431568e-05
2024-07-25,09:44:02,32.8216,27.12,25.5,2746,15256851.0,6.34822750431568e-05
2024-07-25,09:44:02,32.8265,27.12,25.5,2745,15256850.0,6.358389161728276e-05
2024-07-25,09:44:02,32.8317,27.12,25.5,2744,15256850.0,6.368567084985357e-05
2024-07-25,09:44:02,32.8368,27.12,25.5,2745,15256851.0,6.358389161728276e-05
2024-07-25,09:44:02,32.8419,27.12,25.5,2746,15256852.0,6.34822750431568e-05
2024-07-25,09:44:02,32.847,27.12,25.5,2746,15256851.0,6.34822750431568e-05
2024-07-25,09:44:02,32.8521,27.12,25.5,2746,15256850.0,6.34822750431568e-05
2024-07-25,09:44:02,32.8573,27.12,25.5,2745,15256850.0,6.358389161728276e-05
2024-07-25,09:44:02,32.8624,27.12,25.5,2744,15256851.0,6.368567084985357e-05
2024-07-25,09:44:02,32.8675,27.12,25.5,2745,15256853.0,6.358389161728276e-05
2024-07-25,09:44:02,32.8726,27.12,25.5,2745,15256852.0,6.358389161728276e-05
2024-07-25,09:44:02,32.8779,27.12,25.5,2744,15256851.0,6.368567084985357e-05
2024-07-25,09:44:02,32.883,27.12,25.5,2745,15256850.0,6.358389161728276e-05
2024-07-25,09:44:02,32.8881,27.12,25.5,2745,15256849.0,6.358389161728276e-05
2024-07-25,09:44:02,32.8932,27.12,25.5,2744,15256848.0,6.368567084985357e-05
2024-07-25,09:44:02,32.8984,27.12,25.5,2744,15256850.0,6.368567084985357e-05
2024-07-25,09:44:02,32.9035,27.12,25.5,2744,15256851.0,6.368567084985357e-05
2024-07-25,09:44:02,32.9086,27.12,25.5,2745,15256852.0,6.358389161728276e-05
2024-07-25,09:44:02,32.9137,27.12,25.5,2745,15256851.0,6.358389161728276e-05
2024-07-25,09:44:02,32.9188,27.12,25.5,2744,15256849.0,6.368567084985357e-05
2024-07-25,09:44:02,32.9241,27.12,25.5,2744,15256849.0,6.368567084985357e-05
2024-07-25,09:44:02,32.9292,27.12,25.5,2744,15256851.0,6.368567084985357e-05
2024-07-25,09:44:02,32.9343,27.12,25.5,2744,15256850.0,6.368567084985357e-05
2024-07-25,09:44:02,32.9394,27.12,25.5,2744,15256850.0,6.368567084985357e-05
2024-07-25,09:44:02,32.9446,27.12,25.5,2745,15256849.0,6.358389161728276e-05
2024-07-25,09:44:02,32.9497,27.12,25.5,2745,15256851.0,6.358389161728276e-05
2024-07-25,09:44:02,32.9547,27.12,25.5,2744,15256851.0,6.368567084985357e-05
2024-07-25,09:44:02,32.9598,27.12,25.5,2744,15256851.0,6.368567084985357e-05
2024-07-25,09:44:02,32.965,27.12,25.5,2744,15256852.0,6.368567084985357e-05
2024-07-25,09:44:02,32.9702,27.12,25.5,2745,15256852.0,6.358389161728276e-05
2024-07-25,09:44:02,32.9753,27.12,25.5,2745,15256852.0,6.358389161728276e-05
2024-07-25,09:44:02,32.9804,27.12,25.5,2744,15256849.0,6.368567084985357e-05
2024-07-25,09:44:02,32.9854,27.12,25.5,2744,15256848.0,6.368567084985357e-05
2024-07-25,09:44:02,32.9905,27.12,25.5,2744,15256849.0,6.368567084985357e-05
2024-07-25,09:44:02,32.9958,27.12,25.5,2743,15256850.0,6.378761300123798e-05
2024-07-25,09:44:02,33.0009,27.12,25.5,2743,15256852.0,6.378761300123798e-05
2024-07-25,09:44:02,33.006,27.12,25.5,2744,15256851.0,6.368567084985357e-05
2024-07-25,09:44:02,33.0111,27.12,25.5,2744,15256850.0,6.368567084985357e-05
2024-07-25,09:44:02,33.0162,27.12,25.5,2744,15256850.0,6.368567084985357e-05
2024-07-25,09:44:02,33.0214,27.12,25.5,2744,15256850.0,6.368567084985357e-05
2024-07-25,09:44:02,33.0265,27.12,25.5,2744,15256850.0,6.368567084985357e-05
2024-07-25,09:44:02,33.0316,27.12,25.5,2744,15256851.0,6.368567084985357e-05
2024-07-25,09:44:02,33.0367,27.12,25.5,2744,15256851.0,6.368567084985357e-05
2024-07-25,09:44:02,33.0418,27.12,25.5,2744,15256849.0,6.368567084985357e-05
2024-07-25,09:44:02,33.047,27.12,25.5,2744,15256849.0,6.368567084985357e-05
2024-07-25,09:44:02,33.0521,27.12,25.5,2743,15256848.0,6.378761300123798e-05
2024-07-25,09:44:02,33.0572,27.12,25.5,2743,15256849.0,6.378761300123798e-05
2024-07-25,09:44:02,33.0623,27.12,25.5,2744,15256848.0,6.368567084985357e-05
2024-07-25,09:44:02,33.0674,27.12,25.5,2744,15256848.0,6.368567084985357e-05
2024-07-25,09:44:02,33.0726,27.12,25.5,2744,15256849.0,6.368567084985357e-05
2024-07-25,09:44:02,33.0777,27.12,25.5,2744,15256849.0,6.368567084985357e-05
2024-07-25,09:44:02,33.0828,27.12,25.5,2743,15256848.0,6.378761300123798e-05
2024-07-25,09:44:02,33.0879,27.12,25.5,2743,15256849.0,6.378761300123798e-05
2024-07-25,09:44:02,33.0932,27.12,25.5,2744,15256850.0,6.368567084985357e-05
2024-07-25,09:44:02,33.0983,27.12,25.5,2744,15256850.0,6.368567084985357e-05
2024-07-25,09:44:02,33.1034,27.12,25.5,2744,15256849.0,6.368567084985357e-05
2024-07-25,09:44:02,33.1085,27.12,25.5,2744,15256850.0,6.368567084985357e-05
2024-07-25,09:44:02,33.1137,27.12,25.5,2744,15256849.0,6.368567084985357e-05
2024-07-25,09:44:02,33.1188,27.12,25.5,2744,15256849.0,6.368567084985357e-05
2024-07-25,09:44:02,33.1239,27.12,25.5,2743,15256848.0,6.378761300123798e-05
2024-07-25,09:44:02,33.1291,27.12,25.5,2742,15256849.0,6.388971833222129e-05
2024-07-25,09:44:02,33.1343,27.12,25.5,2742,15256849.0,6.388971833222129e-05
2024-07-25,09:44:02,33.1394,27.12,25.5,2743,15256848.0,6.378761300123798e-05
2024-07-25,09:44:02,33.1445,27.12,25.5,2743,15256848.0,6.378761300123798e-05
2024-07-25,09:44:02,33.1496,27.12,25.5,2742,15256848.0,6.388971833222129e-05
2024-07-25,09:44:02,33.1547,27.12,25.5,2743,15256849.0,6.378761300123798e-05
2024-07-25,09:44:02,33.1599,27.12,25.5,2743,15256849.0,6.378761300123798e-05
2024-07-25,09:44:02,33.1651,27.12,25.5,2743,15256849.0,6.378761300123798e-05
2024-07-25,09:44:02,33.1702,27.12,25.5,2743,15256849.0,6.378761300123798e-05
2024-07-25,09:44:02,33.1753,27.12,25.5,2743,15256850.0,6.378761300123798e-05
2024-07-25,09:44:02,33.1805,27.12,25.5,2743,15256850.0,6.378761300123798e-05
2024-07-25,09:44:02,33.1856,27.12,25.5,2742,15256849.0,6.388971833222129e-05
2024-07-25,09:44:02,33.1908,27.12,25.5,2743,15256848.0,6.378761300123798e-05
2024-07-25,09:44:02,33.196,27.12,25.5,2743,15256849.0,6.378761300123798e-05
2024-07-25,09:44:02,33.2011,27.12,25.5,2742,15256849.0,6.388971833222129e-05
2024-07-25,09:44:02,33.2062,27.12,25.5,2743,15256848.0,6.378761300123798e-05
2024-07-25,09:44:02,33.2113,27.12,25.5,2743,15256847.0,6.378761300123798e-05
2024-07-25,09:44:02,33.2164,27.12,25.5,2742,15256849.0,6.388971833222129e-05
2024-07-25,09:44:02,33.2216,27.12,25.5,2742,15256849.0,6.388971833222129e-05
2024-07-25,09:44:02,33.2267,27.12,25.5,2742,15256848.0,6.388971833222129e-05
2024-07-25,09:44:02,33.2319,27.12,25.5,2742,15256848.0,6.388971833222129e-05
2024-07-25,09:44:02,33.2372,27.12,25.5,2742,15256847.0,6.388971833222129e-05
2024-07-25,09:44:02,33.2422,27.12,25.5,2742,15256847.0,6.388971833222129e-05
2024-07-25,09:44:02,33.2473,27.12,25.5,2742,15256848.0,6.388971833222129e-05
2024-07-25,09:44:02,33.2524,27.12,25.5,2743,15256848.0,6.378761300123798e-05
2024-07-25,09:44:02,33.2575,27.12,25.5,2743,15256848.0,6.378761300123798e-05
2024-07-25,09:44:02,33.2628,27.12,25.5,2742,15256849.0,6.388971833222129e-05
2024-07-25,09:44:02,33.2679,27.12,25.5,2742,15256849.0,6.388971833222129e-05
2024-07-25,09:44:02,33.273,27.12,25.5,2743,15256848.0,6.378761300123798e-05
2024-07-25,09:44:02,33.2781,27.12,25.5,2743,15256846.0,6.378761300123798e-05
2024-07-25,09:44:02,33.2833,27.12,25.5,2742,15256846.0,6.388971833222129e-05
2024-07-25,09:44:02,33.2884,27.12,25.5,2742,15256848.0,6.388971833222129e-05
2024-07-25,09:44:02,33.2935,27.12,25.5,2742,15256848.0,6.388971833222129e-05
2024-07-25,09:44:02,33.2986,27.12,25.5,2742,15256847.0,6.388971833222129e-05
2024-07-25,09:44:02,33.3037,27.12,25.5,2742,15256847.0,6.388971833222129e-05
2024-07-25,09:44:02,33.3089,27.12,25.5,2742,15256847.0,6.388971833222129e-05
2024-07-25,09:44:02,33.3141,27.12,25.5,2743,15256847.0,6.378761300123798e-05
2024-07-25,09:44:02,33.3193,27.12,25.5,2743,15256847.0,6.378761300123798e-05
2024-07-25,09:44:02,33.3245,27.12,25.5,2742,15256847.0,6.388971833222129e-05
2024-07-25,09:44:02,33.3296,27.12,25.5,2742,15256849.0,6.388971833222129e-05
2024-07-25,09:44:02,33.3347,27.12,25.5,2742,15256849.0,6.388971833222129e-05
2024-07-25,09:44:02,33.3398,27.12,25.5,2742,15256846.0,6.388971833222129e-05
2024-07-25,09:44:02,33.3449,27.12,25.5,2742,15256845.0,6.388971833222129e-05
2024-07-25,09:44:02,33.3501,27.12,25.5,2742,15256846.0,6.388971833222129e-05
2024-07-25,09:44:02,33.3552,27.12,25.5,2742,15256847.0,6.388971833222129e-05
2024-07-25,09:44:02,33.3603,27.12,25.5,2742,15256848.0,6.388971833222129e-05
2024-07-25,09:44:02,33.3654,27.12,25.5,2742,15256848.0,6.388971833222129e-05
2024-07-25,09:44:02,33.3707,27.12,25.5,2741,15256846.0,6.399198710400648e-05
2024-07-25,09:44:02,33.3758,27.12,25.5,2741,15256845.0,6.399198710400648e-05
2024-07-25,09:44:02,33.3809,27.12,25.5,2742,15256848.0,6.388971833222129e-05
2024-07-25,09:44:02,33.3862,27.12,25.5,2742,15256848.0,6.388971833222129e-05
2024-07-25,09:44:02,33.3913,27.12,25.5,2742,15256847.0,6.388971833222129e-05
2024-07-25,09:44:02,33.3964,27.12,25.5,2742,15256847.0,6.388971833222129e-05
2024-07-25,09:44:02,33.4015,27.12,25.5,2742,15256847.0,6.388971833222129e-05
2024-07-25,09:44:02,33.4066,27.12,25.5,2742,15256847.0,6.388971833222129e-05
2024-07-25,09:44:02,33.4119,27.12,25.5,2742,15256847.0,6.388971833222129e-05
2024-07-25,09:44:02,33.417,27.12,25.5,2742,15256847.0,6.388971833222129e-05
2024-07-25,09:44:02,33.422,27.12,25.5,2742,15256847.0,6.388971833222129e-05
2024-07-25,09:44:02,33.4271,27.12,25.5,2742,15256848.0,6.388971833222129e-05
2024-07-25,09:44:02,33.4322,27.12,25.5,2742,15256846.0,6.388971833222129e-05
2024-07-25,09:44:02,33.4374,27.12,25.5,2742,15256846.0,6.388971833222129e-05
2024-07-25,09:44:02,33.4425,27.12,25.5,2742,15256846.0,6.388971833222129e-05
2024-07-25,09:44:02,33.4476,27.12,25.5,2741,15256847.0,6.399198710400648e-05
2024-07-25,09:44:02,33.4529,27.12,25.5,2741,15256848.0,6.399198710400648e-05
2024-07-25,09:44:02,33.4581,27.12,25.5,2742,15256847.0,6.388971833222129e-05
2024-07-25,09:44:02,33.4632,27.12,25.5,2742,15256846.0,6.388971833222129e-05
2024-07-25,09:44:02,33.4683,27.12,25.5,2741,15256847.0,6.399198710400648e-05
2024-07-25,09:44:02,33.4735,27.12,25.5,2741,15256847.0,6.399198710400648e-05
2024-07-25,09:44:02,33.4786,27.12,25.5,2742,15256846.0,6.388971833222129e-05
2024-07-25,09:44:02,33.4838,27.12,25.5,2741,15256845.0,6.399198710400648e-05
2024-07-25,09:44:02,33.4889,27.12,25.5,2741,15256845.0,6.399198710400648e-05
2024-07-25,09:44:02,33.4941,27.12,25.5,2742,15256848.0,6.388971833222129e-05
2024-07-25,09:44:02,33.4992,27.12,25.5,2742,15256849.0,6.388971833222129e-05
2024-07-25,09:44:02,33.5043,27.12,25.5,2741,15256845.0,6.399198710400648e-05
2024-07-25,09:44:02,33.5096,27.12,25.5,2741,15256845.0,6.399198710400648e-05
2024-07-25,09:44:02,33.5147,27.12,25.5,2742,15256847.0,6.388971833222129e-05
2024-07-25,09:44:02,33.5198,27.12,25.5,2742,15256847.0,6.388971833222129e-05
2024-07-25,09:44:02,33.5249,27.12,25.5,2742,15256846.0,6.388971833222129e-05
2024-07-25,09:44:02,33.53,27.12,25.5,2742,15256845.0,6.388971833222129e-05
2024-07-25,09:44:02,33.5352,27.12,25.5,2742,15256845.0,6.388971833222129e-05
2024-07-25,09:44:02,33.5404,27.12,25.5,2742,15256845.0,6.388971833222129e-05
2024-07-25,09:44:02,33.5457,27.12,25.5,2742,15256845.0,6.388971833222129e-05
2024-07-25,09:44:02,33.5506,27.12,25.5,2742,15256845.0,6.388971833222129e-05
2024-07-25,09:44:02,33.5558,27.12,25.5,2741,15256844.0,6.399198710400648e-05
2024-07-25,09:44:02,33.561,27.12,25.5,2741,15256844.0,6.399198710400648e-05
2024-07-25,09:44:02,33.5661,27.12,25.5,2742,15256846.0,6.388971833222129e-05
2024-07-25,09:44:02,33.5713,27.12,25.5,2742,15256846.0,6.388971833222129e-05
2024-07-25,09:44:02,33.5764,27.12,25.5,2742,15256846.0,6.388971833222129e-05
2024-07-25,09:44:02,33.5815,27.12,25.5,2741,15256846.0,6.399198710400648e-05
2024-07-25,09:44:02,33.5867,27.12,25.5,2740,15256845.0,6.40944195782144e-05
2024-07-25,09:44:02,33.592,27.12,25.5,2741,15256845.0,6.399198710400648e-05
2024-07-25,09:44:02,33.597,27.12,25.5,2741,15256845.0,6.399198710400648e-05
2024-07-25,09:44:02,33.6021,27.12,25.5,2740,15256846.0,6.40944195782144e-05
2024-07-25,09:44:02,33.6073,27.12,25.5,2740,15256846.0,6.40944195782144e-05
2024-07-25,09:44:02,33.6125,27.12,25.5,2741,15256845.0,6.399198710400648e-05
2024-07-25,09:44:02,33.6176,27.12,25.5,2741,15256843.0,6.399198710400648e-05
2024-07-25,09:44:02,33.6228,27.12,25.5,2741,15256842.0,6.399198710400648e-05
2024-07-25,09:44:02,33.6281,27.12,25.5,2741,15256845.0,6.399198710400648e-05
2024-07-25,09:44:02,33.6332,27.19,25.5,2740,15256846.0,6.40944195782144e-05
2024-07-25,09:44:02,33.6383,27.19,25.5,2740,15256846.0,6.40944195782144e-05
2024-07-25,09:44:02,33.6434,27.19,25.5,2741,15256846.0,6.399198710400648e-05
2024-07-25,09:44:02,33.6486,27.19,25.5,2741,15256844.0,6.399198710400648e-05
2024-07-25,09:44:02,33.6537,27.19,25.5,2740,15256844.0,6.40944195782144e-05
2024-07-25,09:44:02,33.6588,27.19,25.5,2740,15256845.0,6.40944195782144e-05
2024-07-25,09:44:02,33.6639,27.19,25.5,2740,15256845.0,6.40944195782144e-05
2024-07-25,09:44:02,33.669,27.19,25.5,2740,15256845.0,6.40944195782144e-05
2024-07-25,09:44:02,33.6742,27.19,25.5,2740,15256846.0,6.40944195782144e-05
2024-07-25,09:44:02,33.6794,27.19,25.5,2740,15256847.0,6.40944195782144e-05
2024-07-25,09:44:02,33.6845,27.19,25.5,2741,15256846.0,6.399198710400648e-05
2024-07-25,09:44:02,33.6897,27.19,25.5,2741,15256844.0,6.399198710400648e-05
2024-07-25,09:44:02,33.6948,27.19,25.5,2741,15256844.0,6.399198710400648e-05
2024-07-25,09:44:02,33.6999,27.19,25.5,2741,15256844.0,6.399198710400648e-05
2024-07-25,09:44:02,33.7051,27.19,25.5,2740,15256844.0,6.40944195782144e-05
2024-07-25,09:44:02,33.7103,27.19,25.5,2740,15256844.0,6.40944195782144e-05
2024-07-25,09:44:02,33.7154,27.19,25.5,2740,15256844.0,6.40944195782144e-05
2024-07-25,09:44:03,33.7205,27.19,25.5,2740,15256844.0,6.40944195782144e-05
2024-07-25,09:44:03,33.7256,27.19,25.5,2740,15256844.0,6.40944195782144e-05
2024-07-25,09:44:03,33.7309,27.19,25.5,2740,15256844.0,6.40944195782144e-05
2024-07-25,09:44:03,33.736,27.19,25.5,2740,15256845.0,6.40944195782144e-05
2024-07-25,09:44:03,33.7411,27.19,25.5,2740,15256845.0,6.40944195782144e-05
2024-07-25,09:44:03,33.7464,27.19,25.5,2740,15256844.0,6.40944195782144e-05
2024-07-25,09:44:03,33.7515,27.19,25.5,2740,15256845.0,6.40944195782144e-05
2024-07-25,09:44:03,33.7566,27.19,25.5,2739,15256845.0,6.419701601688493e-05
2024-07-25,09:44:03,33.7618,27.19,25.5,2739,15256845.0,6.419701601688493e-05
2024-07-25,09:44:03,33.767,27.19,25.5,2740,15256845.0,6.40944195782144e-05
2024-07-25,09:44:03,33.772,27.19,25.5,2740,15256843.0,6.40944195782144e-05
2024-07-25,09:44:03,33.7771,27.19,25.5,2740,15256843.0,6.40944195782144e-05
2024-07-25,09:44:03,33.7823,27.19,25.5,2739,15256844.0,6.419701601688493e-05
2024-07-25,09:44:03,33.7876,27.19,25.5,2739,15256845.0,6.419701601688493e-05
2024-07-25,09:44:03,33.7927,27.19,25.5,2739,15256843.0,6.419701601688493e-05
2024-07-25,09:44:03,33.7978,27.19,25.5,2739,15256842.0,6.419701601688493e-05
2024-07-25,09:44:03,33.8029,27.19,25.5,2739,15256843.0,6.419701601688493e-05
2024-07-25,09:44:03,33.8082,27.19,25.5,2739,15256844.0,6.419701601688493e-05
2024-07-25,09:44:03,33.8134,27.19,25.5,2739,15256845.0,6.419701601688493e-05
2024-07-25,09:44:03,33.8185,27.19,25.5,2739,15256844.0,6.419701601688493e-05
2024-07-25,09:44:03,33.8237,27.19,25.5,2740,15256843.0,6.40944195782144e-05
2024-07-25,09:44:03,33.8288,27.19,25.5,2740,15256843.0,6.40944195782144e-05
2024-07-25,09:44:03,33.834,27.19,25.5,2740,15256843.0,6.40944195782144e-05
2024-07-25,09:44:03,33.8392,27.19,25.5,2740,15256843.0,6.40944195782144e-05
2024-07-25,09:44:03,33.8443,27.19,25.5,2740,15256844.0,6.40944195782144e-05
2024-07-25,09:44:03,33.8495,27.19,25.5,2740,15256844.0,6.40944195782144e-05
2024-07-25,09:44:03,33.8546,27.19,25.5,2739,15256843.0,6.419701601688493e-05
2024-07-25,09:44:03,33.8598,27.19,25.5,2739,15256842.0,6.419701601688493e-05
2024-07-25,09:44:03,33.8649,27.19,25.5,2739,15256843.0,6.419701601688493e-05
2024-07-25,09:44:03,33.87,27.19,25.5,2739,15256842.0,6.419701601688493e-05
2024-07-25,09:44:03,33.8753,27.19,25.5,2740,15256844.0,6.40944195782144e-05
2024-07-25,09:44:03,33.8805,27.19,25.5,2739,15256845.0,6.419701601688493e-05
2024-07-25,09:44:03,33.8856,27.19,25.5,2738,15256843.0,6.429977668247714e-05
2024-07-25,09:44:03,33.8907,27.19,25.5,2739,15256843.0,6.419701601688493e-05
2024-07-25,09:44:03,33.8959,27.19,25.5,2739,15256841.0,6.419701601688493e-05
2024-07-25,09:44:03,33.901,27.19,25.5,2739,15256841.0,6.419701601688493e-05
2024-07-25,09:44:03,33.9062,27.19,25.5,2740,15256843.0,6.40944195782144e-05
2024-07-25,09:44:03,33.9113,27.19,25.5,2740,15256843.0,6.40944195782144e-05
2024-07-25,09:44:03,33.9165,27.19,25.5,2739,15256843.0,6.419701601688493e-05
2024-07-25,09:44:03,33.9217,27.19,25.5,2738,15256843.0,6.429977668247714e-05
2024-07-25,09:44:03,33.9268,27.19,25.5,2738,15256842.0,6.429977668247714e-05
2024-07-25,09:44:03,33.9321,27.19,25.5,2738,15256842.0,6.429977668247714e-05
2024-07-25,09:44:03,33.9373,27.19,25.5,2738,15256842.0,6.429977668247714e-05
2024-07-25,09:44:03,33.9423,27.19,25.5,2738,15256842.0,6.429977668247714e-05
2024-07-25,09:44:03,33.9476,27.19,25.5,2738,15256841.0,6.429977668247714e-05
2024-07-25,09:44:03,33.9528,27.19,25.5,2739,15256841.0,6.419701601688493e-05
2024-07-25,09:44:03,33.9579,27.19,25.5,2739,15256843.0,6.419701601688493e-05
2024-07-25,09:44:03,33.9632,27.19,25.5,2738,15256843.0,6.429977668247714e-05
2024-07-25,09:44:03,33.9683,27.19,25.5,2738,15256843.0,6.429977668247714e-05
2024-07-25,09:44:03,33.9734,27.19,25.5,2739,15256843.0,6.419701601688493e-05
2024-07-25,09:44:03,33.9785,27.19,25.5,2738,15256840.0,6.429977668247714e-05
2024-07-25,09:44:03,33.9838,27.19,25.5,2738,15256840.0,6.429977668247714e-05
2024-07-25,09:44:03,33.989,27.19,25.5,2738,15256842.0,6.429977668247714e-05
2024-07-25,09:44:03,33.9942,27.19,25.5,2737,15256841.0,6.440270183787045e-05
2024-07-25,09:44:03,33.9993,27.19,25.5,2738,15256842.0,6.429977668247714e-05
2024-07-25,09:44:03,34.0045,27.19,25.5,2738,15256842.0,6.429977668247714e-05
2024-07-25,09:44:03,34.0098,27.19,25.5,2738,15256842.0,6.429977668247714e-05
2024-07-25,09:44:03,34.0149,27.19,25.5,2739,15256842.0,6.419701601688493e-05
2024-07-25,09:44:03,34.02,27.19,25.5,2739,15256842.0,6.419701601688493e-05
2024-07-25,09:44:03,34.0251,27.19,25.5,2738,15256843.0,6.429977668247714e-05
2024-07-25,09:44:03,34.0303,27.19,25.5,2738,15256842.0,6.429977668247714e-05
2024-07-25,09:44:03,34.0354,27.19,25.5,2738,15256842.0,6.429977668247714e-05
2024-07-25,09:44:03,34.0406,27.19,25.5,2738,15256842.0,6.429977668247714e-05
2024-07-25,09:44:03,34.0459,27.19,25.5,2739,15256842.0,6.419701601688493e-05
2024-07-25,09:44:03,34.051,27.19,25.5,2739,15256841.0,6.419701601688493e-05
2024-07-25,09:44:03,34.0561,27.19,25.5,2738,15256841.0,6.429977668247714e-05
2024-07-25,09:44:03,34.0612,27.19,25.5,2738,15256841.0,6.429977668247714e-05
2024-07-25,09:44:03,34.0664,27.19,25.5,2738,15256841.0,6.429977668247714e-05
2024-07-25,09:44:03,34.0716,27.19,25.5,2738,15256841.0,6.429977668247714e-05
2024-07-25,09:44:03,34.0767,27.19,25.5,2738,15256842.0,6.429977668247714e-05
2024-07-25,09:44:03,34.0818,27.19,25.5,2739,15256843.0,6.419701601688493e-05
2024-07-25,09:44:03,34.0871,27.19,25.5,2739,15256844.0,6.419701601688493e-05
2024-07-25,09:44:03,34.0922,27.19,25.5,2737,15256841.0,6.440270183787045e-05
2024-07-25,09:44:03,34.0973,27.19,25.5,2737,15256841.0,6.440270183787045e-05
2024-07-25,09:44:03,34.1026,27.19,25.5,2737,15256842.0,6.440270183787045e-05
2024-07-25,09:44:03,34.1077,27.19,25.5,2737,15256842.0,6.440270183787045e-05
2024-07-25,09:44:03,34.1128,27.19,25.5,2738,15256841.0,6.429977668247714e-05
2024-07-25,09:44:03,34.1181,27.19,25.5,2738,15256841.0,6.429977668247714e-05
2024-07-25,09:44:03,34.1232,27.19,25.5,2737,15256839.0,6.440270183787045e-05
2024-07-25,09:44:03,34.1283,27.19,25.5,2737,15256839.0,6.440270183787045e-05
2024-07-25,09:44:03,34.1334,27.19,25.5,2738,15256841.0,6.429977668247714e-05
2024-07-25,09:44:03,34.1385,27.19,25.5,2738,15256841.0,6.429977668247714e-05
2024-07-25,09:44:03,34.1438,27.19,25.5,2737,15256840.0,6.440270183787045e-05
2024-07-25,09:44:03,34.149,27.19,25.5,2737,15256840.0,6.440270183787045e-05
2024-07-25,09:44:03,34.1542,27.19,25.5,2738,15256841.0,6.429977668247714e-05
2024-07-25,09:44:03,34.1593,27.19,25.5,2738,15256840.0,6.429977668247714e-05
2024-07-25,09:44:03,34.1645,27.19,25.5,2737,15256840.0,6.440270183787045e-05
2024-07-25,09:44:03,34.1698,27.19,25.5,2737,15256840.0,6.440270183787045e-05
2024-07-25,09:44:03,34.1749,27.19,25.5,2738,15256840.0,6.429977668247714e-05
2024-07-25,09:44:03,34.18,27.19,25.5,2738,15256839.0,6.429977668247714e-05
2024-07-25,09:44:03,34.1851,27.19,25.5,2737,15256839.0,6.440270183787045e-05
2024-07-25,09:44:03,34.1904,27.19,25.5,2737,15256840.0,6.440270183787045e-05
2024-07-25,09:44:03,34.1956,27.19,25.5,2737,15256838.0,6.440270183787045e-05
2024-07-25,09:44:03,34.2008,27.19,25.5,2737,15256838.0,6.440270183787045e-05
2024-07-25,09:44:03,34.206,27.19,25.5,2738,15256840.0,6.429977668247714e-05
2024-07-25,09:44:03,34.2111,27.19,25.5,2738,15256840.0,6.429977668247714e-05
2024-07-25,09:44:03,34.2162,27.19,25.5,2737,15256840.0,6.440270183787045e-05
2024-07-25,09:44:03,34.2215,27.19,25.5,2737,15256840.0,6.440270183787045e-05
2024-07-25,09:44:03,34.2266,27.19,25.5,2737,15256839.0,6.440270183787045e-05
2024-07-25,09:44:03,34.2317,27.19,25.5,2737,15256839.0,6.440270183787045e-05
2024-07-25,09:44:03,34.237,27.19,25.5,2737,15256840.0,6.440270183787045e-05
2024-07-25,09:44:03,34.2422,27.19,25.5,2737,15256840.0,6.440270183787045e-05
2024-07-25,09:44:03,34.2473,27.19,25.5,2737,15256840.0,6.440270183787045e-05
2024-07-25,09:44:03,34.2525,27.19,25.5,2736,15256840.0,6.450579174636486e-05
2024-07-25,09:44:03,34.2577,27.19,25.5,2737,15256839.0,6.440270183787045e-05
2024-07-25,09:44:03,34.263,27.19,25.5,2737,15256840.0,6.440270183787045e-05
2024-07-25,09:44:03,34.2681,27.19,25.5,2737,15256842.0,6.440270183787045e-05
2024-07-25,09:44:03,34.2732,27.19,25.5,2737,15256842.0,6.440270183787045e-05
2024-07-25,09:44:03,34.2785,27.19,25.5,2737,15256840.0,6.440270183787045e-05
2024-07-25,09:44:03,34.2836,27.19,25.5,2738,15256840.0,6.429977668247714e-05
2024-07-25,09:44:03,34.2887,27.19,25.5,2737,15256839.0,6.440270183787045e-05
2024-07-25,09:44:03,34.2939,27.19,25.5,2737,15256839.0,6.440270183787045e-05
2024-07-25,09:44:03,34.2991,27.19,25.5,2737,15256838.0,6.440270183787045e-05
2024-07-25,09:44:03,34.3042,27.19,25.5,2737,15256839.0,6.440270183787045e-05
2024-07-25,09:44:03,34.3094,27.19,25.5,2737,15256838.0,6.440270183787045e-05
2024-07-25,09:44:03,34.3147,27.19,25.5,2736,15256838.0,6.450579174636486e-05
2024-07-25,09:44:03,34.3199,27.19,25.5,2737,15256841.0,6.440270183787045e-05
2024-07-25,09:44:03,34.325,27.19,25.5,2737,15256841.0,6.440270183787045e-05
2024-07-25,09:44:03,34.3302,27.19,25.5,2736,15256837.0,6.450579174636486e-05
2024-07-25,09:44:03,34.3354,27.19,25.5,2736,15256838.0,6.450579174636486e-05
2024-07-25,09:44:03,34.3405,27.19,25.5,2736,15256839.0,6.450579174636486e-05
2024-07-25,09:44:03,34.3457,27.19,25.5,2737,15256839.0,6.440270183787045e-05
2024-07-25,09:44:03,34.3509,27.19,25.5,2737,15256839.0,6.440270183787045e-05
2024-07-25,09:44:03,34.3561,27.19,25.5,2737,15256839.0,6.440270183787045e-05
2024-07-25,09:44:03,34.3613,27.19,25.5,2737,15256838.0,6.440270183787045e-05
2024-07-25,09:44:03,34.3664,27.19,25.5,2736,15256839.0,6.450579174636486e-05
2024-07-25,09:44:03,34.3715,27.19,25.5,2736,15256839.0,6.450579174636486e-05
2024-07-25,09:44:03,34.3768,27.19,25.5,2737,15256838.0,6.440270183787045e-05
2024-07-25,09:44:03,34.3821,27.19,25.5,2737,15256837.0,6.440270183787045e-05
2024-07-25,09:44:03,34.3874,27.19,25.5,2737,15256837.0,6.440270183787045e-05
2024-07-25,09:44:03,34.3925,27.19,25.5,2737,15256839.0,6.440270183787045e-05
2024-07-25,09:44:03,34.3976,27.19,25.5,2737,15256839.0,6.440270183787045e-05
2024-07-25,09:44:03,34.4027,27.19,25.5,2737,15256837.0,6.440270183787045e-05
2024-07-25,09:44:03,34.408,27.19,25.5,2736,15256838.0,6.450579174636486e-05
2024-07-25,09:44:03,34.4132,27.19,25.5,2736,15256839.0,6.450579174636486e-05
2024-07-25,09:44:03,34.4184,27.19,25.5,2736,15256838.0,6.450579174636486e-05
2024-07-25,09:44:03,34.4235,27.19,25.5,2736,15256838.0,6.450579174636486e-05
2024-07-25,09:44:03,34.4287,27.19,25.5,2736,15256838.0,6.450579174636486e-05
2024-07-25,09:44:03,34.434,27.19,25.5,2736,15256839.0,6.450579174636486e-05
2024-07-25,09:44:03,34.4391,27.19,25.5,2736,15256839.0,6.450579174636486e-05
2024-07-25,09:44:03,34.4442,27.19,25.5,2737,15256840.0,6.440270183787045e-05
2024-07-25,09:44:03,34.4493,27.19,25.5,2737,15256840.0,6.440270183787045e-05
2024-07-25,09:44:03,34.4545,27.19,25.5,2736,15256838.0,6.450579174636486e-05
2024-07-25,09:44:03,34.4597,27.19,25.5,2736,15256838.0,6.450579174636486e-05
2024-07-25,09:44:03,34.4649,27.19,25.5,2736,15256839.0,6.450579174636486e-05
2024-07-25,09:44:03,34.4701,27.19,25.5,2736,15256839.0,6.450579174636486e-05
2024-07-25,09:44:03,34.4753,27.19,25.5,2736,15256839.0,6.450579174636486e-05
2024-07-25,09:44:03,34.4806,27.19,25.5,2736,15256839.0,6.450579174636486e-05
2024-07-25,09:44:03,34.4857,27.19,25.5,2736,15256838.0,6.450579174636486e-05
2024-07-25,09:44:03,34.4908,27.19,25.5,2736,15256838.0,6.450579174636486e-05
2024-07-25,09:44:03,34.4959,27.19,25.5,2736,15256839.0,6.450579174636486e-05
2024-07-25,09:44:03,34.501,27.19,25.5,2737,15256839.0,6.440270183787045e-05
2024-07-25,09:44:03,34.5063,27.19,25.5,2737,15256836.0,6.440270183787045e-05
2024-07-25,09:44:03,34.5117,27.19,25.5,2736,15256836.0,6.450579174636486e-05
2024-07-25,09:44:03,34.5169,27.19,25.5,2735,15256837.0,6.460904667168208e-05
2024-07-25,09:44:03,34.522,27.19,25.5,2736,15256837.0,6.450579174636486e-05
2024-07-25,09:44:03,34.5272,27.19,25.5,2737,15256838.0,6.440270183787045e-05
2024-07-25,09:44:03,34.5324,27.19,25.5,2736,15256839.0,6.450579174636486e-05
2024-07-25,09:44:03,34.5375,27.19,25.5,2736,15256838.0,6.450579174636486e-05
2024-07-25,09:44:03,34.5425,27.19,25.5,2737,15256838.0,6.440270183787045e-05
2024-07-25,09:44:03,34.5478,27.19,25.5,2737,15256837.0,6.440270183787045e-05
2024-07-25,09:44:03,34.5531,27.19,25.5,2736,15256837.0,6.450579174636486e-05
2024-07-25,09:44:03,34.5584,27.19,25.5,2737,15256840.0,6.440270183787045e-05
2024-07-25,09:44:03,34.5634,27.19,25.5,2737,15256841.0,6.440270183787045e-05
2024-07-25,09:44:03,34.5685,27.19,25.5,2736,15256838.0,6.450579174636486e-05
2024-07-25,09:44:03,34.5737,27.19,25.5,2737,15256838.0,6.440270183787045e-05
2024-07-25,09:44:03,34.579,27.19,25.5,2737,15256840.0,6.440270183787045e-05
2024-07-25,09:44:03,34.5842,27.19,25.5,2736,15256840.0,6.450579174636486e-05
2024-07-25,09:44:03,34.5894,27.19,25.5,2736,15256839.0,6.450579174636486e-05
2024-07-25,09:44:03,34.5945,27.19,25.5,2736,15256839.0,6.450579174636486e-05
2024-07-25,09:44:03,34.5996,27.19,25.5,2736,15256837.0,6.450579174636486e-05
2024-07-25,09:44:03,34.6049,27.19,25.5,2737,15256837.0,6.440270183787045e-05
2024-07-25,09:44:03,34.6101,27.19,25.5,2737,15256837.0,6.440270183787045e-05
2024-07-25,09:44:03,34.6152,27.19,25.5,2736,15256837.0,6.450579174636486e-05
2024-07-25,09:44:03,34.6205,27.19,25.5,2736,15256838.0,6.450579174636486e-05
2024-07-25,09:44:03,34.6257,27.19,25.5,2736,15256839.0,6.450579174636486e-05
2024-07-25,09:44:03,34.6308,27.19,25.5,2736,15256839.0,6.450579174636486e-05
2024-07-25,09:44:03,34.6361,27.19,25.5,2736,15256839.0,6.450579174636486e-05
2024-07-25,09:44:03,34.6413,27.19,25.5,2736,15256838.0,6.450579174636486e-05
2024-07-25,09:44:03,34.6463,27.19,25.5,2736,15256838.0,6.450579174636486e-05
2024-07-25,09:44:03,34.6514,27.19,25.5,2735,15256836.0,6.460904667168208e-05
2024-07-25,09:44:03,34.6567,27.19,25.5,2735,15256836.0,6.460904667168208e-05
2024-07-25,09:44:03,34.6619,27.19,25.5,2735,15256838.0,6.460904667168208e-05
2024-07-25,09:44:03,34.6672,27.19,25.5,2736,15256837.0,6.450579174636486e-05
2024-07-25,09:44:03,34.6724,27.19,25.5,2737,15256837.0,6.440270183787045e-05
2024-07-25,09:44:03,34.6777,27.19,25.5,2736,15256838.0,6.450579174636486e-05
2024-07-25,09:44:03,34.6828,27.19,25.5,2735,15256837.0,6.460904667168208e-05
2024-07-25,09:44:03,34.6879,27.19,25.5,2735,15256838.0,6.460904667168208e-05
2024-07-25,09:44:03,34.6932,27.19,25.5,2735,15256838.0,6.460904667168208e-05
2024-07-25,09:44:03,34.6984,27.19,25.5,2735,15256838.0,6.460904667168208e-05
2024-07-25,09:44:03,34.7035,27.19,25.5,2736,15256838.0,6.450579174636486e-05
2024-07-25,09:44:03,34.7087,27.19,25.5,2736,15256837.0,6.450579174636486e-05
2024-07-25,09:44:03,34.7139,27.19,25.5,2736,15256838.0,6.450579174636486e-05
2024-07-25,09:44:03,34.7192,27.19,25.5,2737,15256839.0,6.440270183787045e-05
2024-07-25,09:44:04,34.7243,27.19,25.5,2736,15256837.0,6.450579174636486e-05
2024-07-25,09:44:04,34.7294,27.19,25.5,2736,15256836.0,6.450579174636486e-05
2024-07-25,09:44:04,34.7346,27.19,25.5,2737,15256839.0,6.440270183787045e-05
2024-07-25,09:44:04,34.7398,27.19,25.5,2736,15256839.0,6.450579174636486e-05
2024-07-25,09:44:04,34.7449,27.19,25.5,2736,15256839.0,6.450579174636486e-05
2024-07-25,09:44:04,34.7501,27.19,25.5,2736,15256839.0,6.450579174636486e-05
2024-07-25,09:44:04,34.7554,27.19,25.5,2736,15256840.0,6.450579174636486e-05
2024-07-25,09:44:04,34.7605,27.19,25.5,2736,15256840.0,6.450579174636486e-05
2024-07-25,09:44:04,34.7656,27.19,25.5,2736,15256839.0,6.450579174636486e-05
2024-07-25,09:44:04,34.7709,27.19,25.5,2736,15256839.0,6.450579174636486e-05
2024-07-25,09:44:04,34.776,27.19,25.5,2736,15256839.0,6.450579174636486e-05
2024-07-25,09:44:04,34.7811,27.19,25.5,2735,15256839.0,6.460904667168208e-05
2024-07-25,09:44:04,34.7864,27.19,25.5,2734,15256837.0,6.471246687796572e-05
2024-07-25,09:44:04,34.7916,27.19,25.5,2735,15256837.0,6.460904667168208e-05
2024-07-25,09:44:04,34.7969,27.19,25.5,2736,15256838.0,6.450579174636486e-05
2024-07-25,09:44:04,34.8021,27.19,25.5,2735,15256839.0,6.460904667168208e-05
2024-07-25,09:44:04,34.8072,27.19,25.5,2734,15256839.0,6.471246687796572e-05
2024-07-25,09:44:04,34.8123,27.19,25.5,2735,15256838.0,6.460904667168208e-05
2024-07-25,09:44:04,34.8176,27.19,25.5,2735,15256837.0,6.460904667168208e-05
2024-07-25,09:44:04,34.8228,27.19,25.5,2735,15256837.0,6.460904667168208e-05
2024-07-25,09:44:04,34.828,27.19,25.5,2735,15256838.0,6.460904667168208e-05
2024-07-25,09:44:04,34.8331,27.19,25.5,2735,15256839.0,6.460904667168208e-05
2024-07-25,09:44:04,34.8383,27.19,25.5,2735,15256837.0,6.460904667168208e-05
2024-07-25,09:44:04,34.8436,27.19,25.5,2734,15256838.0,6.471246687796572e-05
2024-07-25,09:44:04,34.8488,27.19,25.5,2734,15256837.0,6.471246687796572e-05
2024-07-25,09:44:04,34.8541,27.19,25.5,2735,15256835.0,6.460904667168208e-05
2024-07-25,09:44:04,34.8592,27.19,25.5,2735,15256836.0,6.460904667168208e-05
2024-07-25,09:44:04,34.8644,27.19,25.5,2735,15256836.0,6.460904667168208e-05
2024-07-25,09:44:04,34.8697,27.19,25.5,2735,15256837.0,6.460904667168208e-05
2024-07-25,09:44:04,34.8748,27.19,25.5,2735,15256837.0,6.460904667168208e-05
2024-07-25,09:44:04,34.8801,27.19,25.5,2735,15256836.0,6.460904667168208e-05
2024-07-25,09:44:04,34.8852,27.19,25.5,2734,15256836.0,6.471246687796572e-05
2024-07-25,09:44:04,34.8903,27.19,25.5,2734,15256837.0,6.471246687796572e-05
2024-07-25,09:44:04,34.8957,27.19,25.5,2734,15256837.0,6.471246687796572e-05
2024-07-25,09:44:04,34.9009,27.19,25.5,2734,15256838.0,6.471246687796572e-05
2024-07-25,09:44:04,34.906,27.19,25.5,2734,15256838.0,6.471246687796572e-05
2024-07-25,09:44:04,34.9112,27.19,25.5,2734,15256837.0,6.471246687796572e-05
2024-07-25,09:44:04,34.9164,27.19,25.5,2734,15256836.0,6.471246687796572e-05
2024-07-25,09:44:04,34.9215,27.19,25.5,2733,15256834.0,6.48160526297824e-05
2024-07-25,09:44:04,34.9266,27.19,25.5,2734,15256835.0,6.471246687796572e-05
2024-07-25,09:44:04,34.932,27.19,25.5,2734,15256835.0,6.471246687796572e-05
2024-07-25,09:44:04,34.9373,27.19,25.5,2733,15256835.0,6.48160526297824e-05
2024-07-25,09:44:04,34.9424,27.19,25.5,2734,15256837.0,6.471246687796572e-05
2024-07-25,09:44:04,34.9475,27.19,25.5,2734,15256837.0,6.471246687796572e-05
2024-07-25,09:44:04,34.9528,27.19,25.5,2733,15256836.0,6.48160526297824e-05
2024-07-25,09:44:04,34.958,27.19,25.5,2734,15256835.0,6.471246687796572e-05
2024-07-25,09:44:04,34.9631,27.19,25.5,2735,15256835.0,6.460904667168208e-05
2024-07-25,09:44:04,34.9684,27.19,25.5,2735,15256836.0,6.460904667168208e-05
2024-07-25,09:44:04,34.9736,27.19,25.5,2735,15256837.0,6.460904667168208e-05
2024-07-25,09:44:04,34.9787,27.19,25.5,2734,15256838.0,6.471246687796572e-05
2024-07-25,09:44:04,34.984,27.19,25.5,2733,15256835.0,6.48160526297824e-05
2024-07-25,09:44:04,34.9892,27.19,25.5,2733,15256835.0,6.48160526297824e-05
2024-07-25,09:44:04,34.9944,27.19,25.5,2733,15256835.0,6.48160526297824e-05
2024-07-25,09:44:04,34.9996,27.19,25.5,2733,15256836.0,6.48160526297824e-05
2024-07-25,09:44:04,35.0049,27.19,25.5,2734,15256836.0,6.471246687796572e-05
2024-07-25,09:44:04,35.0101,27.19,25.5,2733,15256835.0,6.48160526297824e-05
2024-07-25,09:44:04,35.0153,27.19,25.5,2733,15256837.0,6.48160526297824e-05
2024-07-25,09:44:04,35.0205,27.19,25.5,2734,15256837.0,6.471246687796572e-05
2024-07-25,09:44:04,35.0257,27.19,25.5,2734,15256836.0,6.471246687796572e-05
2024-07-25,09:44:04,35.031,27.19,25.5,2734,15256836.0,6.471246687796572e-05
2024-07-25,09:44:04,35.0361,27.19,25.5,2733,15256835.0,6.48160526297824e-05
2024-07-25,09:44:04,35.0412,27.19,25.5,2733,15256835.0,6.48160526297824e-05
2024-07-25,09:44:04,35.0465,27.19,25.5,2734,15256835.0,6.471246687796572e-05
2024-07-25,09:44:04,35.0517,27.19,25.5,2734,15256835.0,6.471246687796572e-05
2024-07-25,09:44:04,35.0569,27.19,25.5,2733,15256833.0,6.48160526297824e-05
2024-07-25,09:44:04,35.0622,27.19,25.5,2733,15256833.0,6.48160526297824e-05
2024-07-25,09:44:04,35.0674,27.19,25.5,2734,15256836.0,6.471246687796572e-05
2024-07-25,09:44:04,35.0727,27.19,25.5,2734,15256837.0,6.471246687796572e-05
2024-07-25,09:44:04,35.0778,27.19,25.5,2734,15256836.0,6.471246687796572e-05
2024-07-25,09:44:04,35.0829,27.19,25.5,2734,15256835.0,6.471246687796572e-05
2024-07-25,09:44:04,35.0881,27.19,25.5,2733,15256835.0,6.48160526297824e-05
2024-07-25,09:44:04,35.0933,27.19,25.5,2733,15256835.0,6.48160526297824e-05
2024-07-25,09:44:04,35.0985,27.19,25.5,2733,15256836.0,6.48160526297824e-05
2024-07-25,09:44:04,35.1038,27.19,25.5,2733,15256836.0,6.48160526297824e-05
2024-07-25,09:44:04,35.109,27.19,25.5,2734,15256836.0,6.471246687796572e-05
2024-07-25,09:44:04,35.1142,27.19,25.5,2734,15256836.0,6.471246687796572e-05
2024-07-25,09:44:04,35.1194,27.19,25.5,2733,15256836.0,6.48160526297824e-05
2024-07-25,09:44:04,35.1247,27.19,25.5,2733,15256835.0,6.48160526297824e-05
2024-07-25,09:44:04,35.1298,27.19,25.5,2733,15256835.0,6.48160526297824e-05
2024-07-25,09:44:04,35.1349,27.19,25.5,2733,15256836.0,6.48160526297824e-05
2024-07-25,09:44:04,35.1401,27.19,25.5,2733,15256833.0,6.48160526297824e-05
2024-07-25,09:44:04,35.1454,27.19,25.5,2733,15256833.0,6.48160526297824e-05
2024-07-25,09:44:04,35.1506,27.19,25.5,2733,15256835.0,6.48160526297824e-05
2024-07-25,09:44:04,35.1559,27.19,25.5,2733,15256835.0,6.48160526297824e-05
2024-07-25,09:44:04,35.161,27.19,25.5,2733,15256832.0,6.48160526297824e-05
2024-07-25,09:44:04,35.1661,27.19,25.5,2733,15256832.0,6.48160526297824e-05
2024-07-25,09:44:04,35.1714,27.19,25.5,2733,15256834.0,6.48160526297824e-05
2024-07-25,09:44:04,35.1768,27.19,25.5,2733,15256834.0,6.48160526297824e-05
2024-07-25,09:44:04,35.1819,27.19,25.5,2733,15256836.0,6.48160526297824e-05
2024-07-25,09:44:04,35.187,27.19,25.5,2733,15256836.0,6.48160526297824e-05
2024-07-25,09:44:04,35.1922,27.19,25.5,2733,15256834.0,6.48160526297824e-05
2024-07-25,09:44:04,35.1974,27.19,25.5,2733,15256834.0,6.48160526297824e-05
2024-07-25,09:44:04,35.2026,27.19,25.5,2733,15256834.0,6.48160526297824e-05
2024-07-25,09:44:04,35.2079,27.19,25.5,2733,15256834.0,6.48160526297824e-05
2024-07-25,09:44:04,35.2131,27.19,25.5,2733,15256833.0,6.48160526297824e-05
2024-07-25,09:44:04,35.2184,27.19,25.5,2733,15256833.0,6.48160526297824e-05
2024-07-25,09:44:04,35.2235,27.19,25.5,2733,15256835.0,6.48160526297824e-05
2024-07-25,09:44:04,35.2287,27.19,25.5,2732,15256835.0,6.491980419212205e-05
2024-07-25,09:44:04,35.234,27.19,25.5,2733,15256835.0,6.48160526297824e-05
2024-07-25,09:44:04,35.2392,27.19,25.5,2734,15256835.0,6.471246687796572e-05
2024-07-25,09:44:04,35.2445,27.19,25.5,2733,15256834.0,6.48160526297824e-05
2024-07-25,09:44:04,35.2496,27.19,25.5,2733,15256834.0,6.48160526297824e-05
2024-07-25,09:44:04,35.2547,27.19,25.5,2733,15256834.0,6.48160526297824e-05
2024-07-25,09:44:04,35.26,27.19,25.5,2733,15256833.0,6.48160526297824e-05
2024-07-25,09:44:04,35.2652,27.19,25.5,2733,15256834.0,6.48160526297824e-05
2024-07-25,09:44:04,35.2703,27.19,25.5,2733,15256835.0,6.48160526297824e-05
2024-07-25,09:44:04,35.2756,27.19,25.5,2733,15256834.0,6.48160526297824e-05
2024-07-25,09:44:04,35.2808,27.19,25.5,2733,15256833.0,6.48160526297824e-05
2024-07-25,09:44:04,35.2859,27.19,25.5,2733,15256833.0,6.48160526297824e-05
2024-07-25,09:44:04,35.2911,27.19,25.5,2733,15256833.0,6.48160526297824e-05
2024-07-25,09:44:04,35.2963,27.19,25.5,2734,15256834.0,6.471246687796572e-05
2024-07-25,09:44:04,35.3017,27.19,25.5,2734,15256834.0,6.471246687796572e-05
2024-07-25,09:44:04,35.3069,27.19,25.5,2733,15256834.0,6.48160526297824e-05
2024-07-25,09:44:04,35.3121,27.19,25.5,2732,15256835.0,6.491980419212205e-05
2024-07-25,09:44:04,35.3172,27.19,25.5,2733,15256834.0,6.48160526297824e-05
2024-07-25,09:44:04,35.3224,27.19,25.5,2734,15256834.0,6.471246687796572e-05
2024-07-25,09:44:04,35.3278,27.19,25.5,2733,15256833.0,6.48160526297824e-05
2024-07-25,09:44:04,35.3329,27.19,25.5,2733,15256833.0,6.48160526297824e-05
2024-07-25,09:44:04,35.338,27.19,25.5,2733,15256832.0,6.48160526297824e-05
2024-07-25,09:44:04,35.3433,27.19,25.5,2733,15256832.0,6.48160526297824e-05
2024-07-25,09:44:04,35.3484,27.19,25.5,2733,15256832.0,6.48160526297824e-05
2024-07-25,09:44:04,35.3537,27.19,25.5,2732,15256832.0,6.491980419212205e-05
2024-07-25,09:44:04,35.3589,27.19,25.5,2732,15256832.0,6.491980419212205e-05
2024-07-25,09:44:04,35.3641,27.19,25.5,2733,15256832.0,6.48160526297824e-05
2024-07-25,09:44:04,35.3694,27.19,25.5,2732,15256833.0,6.491980419212205e-05
2024-07-25,09:44:04,35.3745,27.19,25.5,2731,15256833.0,6.502372183039899e-05
2024-07-25,09:44:04,35.3796,27.19,25.5,2732,15256835.0,6.491980419212205e-05
2024-07-25,09:44:04,35.3849,27.19,25.5,2733,15256835.0,6.48160526297824e-05
2024-07-25,09:44:04,35.3901,27.19,25.5,2732,15256830.0,6.491980419212205e-05
2024-07-25,09:44:04,35.3953,27.19,25.5,2732,15256830.0,6.491980419212205e-05
2024-07-25,09:44:04,35.4005,27.19,25.5,2734,15256835.0,6.471246687796572e-05
2024-07-25,09:44:04,35.4057,27.19,25.5,2734,15256835.0,6.471246687796572e-05
2024-07-25,09:44:04,35.411,27.19,25.5,2733,15256833.0,6.48160526297824e-05
2024-07-25,09:44:04,35.4162,27.19,25.5,2733,15256833.0,6.48160526297824e-05
2024-07-25,09:44:04,35.4214,27.19,25.5,2732,15256832.0,6.491980419212205e-05
2024-07-25,09:44:04,35.4266,27.19,25.5,2732,15256832.0,6.491980419212205e-05
2024-07-25,09:44:04,35.4319,27.19,25.5,2733,15256833.0,6.48160526297824e-05
2024-07-25,09:44:04,35.4371,27.19,25.5,2734,15256831.0,6.471246687796572e-05
2024-07-25,09:44:04,35.4424,27.19,25.5,2734,15256831.0,6.471246687796572e-05
2024-07-25,09:44:04,35.4476,27.19,25.5,2732,15256832.0,6.491980419212205e-05
2024-07-25,09:44:04,35.4529,27.19,25.5,2731,15256832.0,6.502372183039899e-05
2024-07-25,09:44:04,35.458,27.19,25.5,2731,15256832.0,6.502372183039899e-05
2024-07-25,09:44:04,35.4631,27.19,25.5,2732,15256832.0,6.491980419212205e-05
2024-07-25,09:44:04,35.4683,27.19,25.5,2733,15256832.0,6.48160526297824e-05
2024-07-25,09:44:04,35.4736,27.19,25.5,2732,15256831.0,6.491980419212205e-05
2024-07-25,09:44:04,35.4788,27.19,25.5,2732,15256830.0,6.491980419212205e-05
2024-07-25,09:44:04,35.4841,27.19,25.5,2733,15256832.0,6.48160526297824e-05
2024-07-25,09:44:04,35.4892,27.19,25.5,2733,15256833.0,6.48160526297824e-05
2024-07-25,09:44:04,35.4943,27.19,25.5,2732,15256831.0,6.491980419212205e-05
2024-07-25,09:44:04,35.4996,27.19,25.5,2732,15256831.0,6.491980419212205e-05
2024-07-25,09:44:04,35.5048,27.19,25.5,2733,15256833.0,6.48160526297824e-05
2024-07-25,09:44:04,35.5101,27.19,25.5,2732,15256834.0,6.491980419212205e-05
2024-07-25,09:44:04,35.5153,27.19,25.5,2732,15256834.0,6.491980419212205e-05
2024-07-25,09:44:04,35.5204,27.19,25.5,2732,15256834.0,6.491980419212205e-05
2024-07-25,09:44:04,35.5257,27.19,25.5,2731,15256832.0,6.502372183039899e-05
2024-07-25,09:44:04,35.5309,27.19,25.5,2731,15256832.0,6.502372183039899e-05
2024-07-25,09:44:04,35.5362,27.19,25.5,2732,15256833.0,6.491980419212205e-05
2024-07-25,09:44:04,35.5414,27.19,25.5,2733,15256832.0,6.48160526297824e-05
2024-07-25,09:44:04,35.5467,27.19,25.5,2732,15256831.0,6.491980419212205e-05
2024-07-25,09:44:04,35.5519,27.19,25.5,2732,15256831.0,6.491980419212205e-05
2024-07-25,09:44:04,35.557,27.19,25.5,2733,15256832.0,6.48160526297824e-05
2024-07-25,09:44:04,35.5623,27.19,25.5,2732,15256833.0,6.491980419212205e-05
2024-07-25,09:44:04,35.5675,27.19,25.5,2732,15256834.0,6.491980419212205e-05
2024-07-25,09:44:04,35.5727,27.19,25.5,2732,15256833.0,6.491980419212205e-05
2024-07-25,09:44:04,35.5779,27.19,25.5,2731,15256832.0,6.502372183039899e-05
2024-07-25,09:44:04,35.5832,27.19,25.5,2731,15256832.0,6.502372183039899e-05
2024-07-25,09:44:04,35.5883,27.19,25.5,2731,15256832.0,6.502372183039899e-05
2024-07-25,09:44:04,35.5935,27.19,25.5,2731,15256833.0,6.502372183039899e-05
2024-07-25,09:44:04,35.5988,27.19,25.5,2732,15256834.0,6.491980419212205e-05
2024-07-25,09:44:04,35.6039,27.19,25.5,2733,15256833.0,6.48160526297824e-05
2024-07-25,09:44:04,35.6091,27.19,25.5,2732,15256831.0,6.491980419212205e-05
2024-07-25,09:44:04,35.6144,27.19,25.5,2731,15256831.0,6.502372183039899e-05
2024-07-25,09:44:04,35.6195,27.19,25.5,2732,15256832.0,6.491980419212205e-05
2024-07-25,09:44:04,35.6248,27.19,25.5,2732,15256833.0,6.491980419212205e-05
2024-07-25,09:44:04,35.63,27.19,25.5,2732,15256833.0,6.491980419212205e-05
2024-07-25,09:44:04,35.6353,27.19,25.5,2732,15256833.0,6.491980419212205e-05
2024-07-25,09:44:04,35.6405,27.19,25.5,2731,15256832.0,6.502372183039899e-05
2024-07-25,09:44:04,35.6456,27.25,25.5,2731,15256832.0,6.502372183039899e-05
2024-07-25,09:44:04,35.6509,27.25,25.5,2732,15256834.0,6.491980419212205e-05
2024-07-25,09:44:04,35.6561,27.25,25.5,2732,15256833.0,6.491980419212205e-05
2024-07-25,09:44:04,35.6612,27.25,25.5,2731,15256832.0,6.502372183039899e-05
2024-07-25,09:44:04,35.6665,27.25,25.5,2731,15256832.0,6.502372183039899e-05
2024-07-25,09:44:04,35.6717,27.25,25.5,2731,15256830.0,6.502372183039899e-05
2024-07-25,09:44:04,35.677,27.25,25.5,2731,15256830.0,6.502372183039899e-05
2024-07-25,09:44:04,35.6822,27.25,25.5,2732,15256832.0,6.491980419212205e-05
2024-07-25,09:44:04,35.6873,27.25,25.5,2732,15256832.0,6.491980419212205e-05
2024-07-25,09:44:04,35.6926,27.25,25.5,2732,15256832.0,6.491980419212205e-05
2024-07-25,09:44:04,35.6978,27.25,25.5,2733,15256832.0,6.48160526297824e-05
2024-07-25,09:44:04,35.703,27.25,25.5,2733,15256830.0,6.48160526297824e-05
2024-07-25,09:44:04,35.7082,27.25,25.5,2732,15256830.0,6.491980419212205e-05
2024-07-25,09:44:04,35.7135,27.25,25.5,2731,15256831.0,6.502372183039899e-05
2024-07-25,09:44:04,35.7187,27.25,25.5,2731,15256832.0,6.502372183039899e-05
2024-07-25,09:44:05,35.724,27.25,25.5,2732,15256833.0,6.491980419212205e-05
2024-07-25,09:44:05,35.7292,27.25,25.5,2732,15256833.0,6.491980419212205e-05
2024-07-25,09:44:05,35.7345,27.25,25.5,2731,15256829.0,6.502372183039899e-05
2024-07-25,09:44:05,35.7397,27.25,25.5,2731,15256829.0,6.502372183039899e-05
2024-07-25,09:44:05,35.7449,27.25,25.5,2731,15256831.0,6.502372183039899e-05
2024-07-25,09:44:05,35.7502,27.25,25.5,2731,15256831.0,6.502372183039899e-05
2024-07-25,09:44:05,35.7554,27.25,25.5,2731,15256830.0,6.502372183039899e-05
2024-07-25,09:44:05,35.7607,27.25,25.5,2731,15256830.0,6.502372183039899e-05
2024-07-25,09:44:05,35.7659,27.25,25.5,2732,15256832.0,6.491980419212205e-05
2024-07-25,09:44:05,35.7711,27.25,25.5,2732,15256831.0,6.491980419212205e-05
2024-07-25,09:44:05,35.7763,27.25,25.5,2732,15256832.0,6.491980419212205e-05
2024-07-25,09:44:05,35.7816,27.25,25.5,2732,15256832.0,6.491980419212205e-05
2024-07-25,09:44:05,35.7867,27.25,25.5,2732,15256832.0,6.491980419212205e-05
2024-07-25,09:44:05,35.7919,27.25,25.5,2732,15256832.0,6.491980419212205e-05
2024-07-25,09:44:05,35.7972,27.25,25.5,2731,15256830.0,6.502372183039899e-05
2024-07-25,09:44:05,35.8024,27.25,25.5,2731,15256830.0,6.502372183039899e-05
2024-07-25,09:44:05,35.8077,27.25,25.5,2731,15256830.0,6.502372183039899e-05
2024-07-25,09:44:05,35.8128,27.25,25.5,2730,15256831.0,6.512780581045215e-05
2024-07-25,09:44:05,35.818,27.25,25.5,2730,15256830.0,6.512780581045215e-05
2024-07-25,09:44:05,35.8234,27.25,25.5,2731,15256830.0,6.502372183039899e-05
2024-07-25,09:44:05,35.8287,27.25,25.5,2731,15256829.0,6.502372183039899e-05
2024-07-25,09:44:05,35.8338,27.25,25.5,2731,15256829.0,6.502372183039899e-05
2024-07-25,09:44:05,35.839,27.25,25.5,2732,15256831.0,6.491980419212205e-05
2024-07-25,09:44:05,35.8443,27.25,25.5,2732,15256831.0,6.491980419212205e-05
2024-07-25,09:44:05,35.8494,27.25,25.5,2731,15256830.0,6.502372183039899e-05
2024-07-25,09:44:05,35.8546,27.25,25.5,2731,15256830.0,6.502372183039899e-05
2024-07-25,09:44:05,35.86,27.25,25.5,2731,15256830.0,6.502372183039899e-05
2024-07-25,09:44:05,35.8653,27.25,25.5,2731,15256830.0,6.502372183039899e-05
2024-07-25,09:44:05,35.8704,27.25,25.5,2731,15256829.0,6.502372183039899e-05
2024-07-25,09:44:05,35.8756,27.25,25.5,2732,15256829.0,6.491980419212205e-05
2024-07-25,09:44:05,35.8809,27.25,25.5,2732,15256832.0,6.491980419212205e-05
2024-07-25,09:44:05,35.8861,27.25,25.5,2732,15256832.0,6.491980419212205e-05
2024-07-25,09:44:05,35.8914,27.25,25.5,2732,15256829.0,6.491980419212205e-05
2024-07-25,09:44:05,35.8965,27.25,25.5,2731,15256829.0,6.502372183039899e-05
2024-07-25,09:44:05,35.9017,27.25,25.5,2732,15256831.0,6.491980419212205e-05
2024-07-25,09:44:05,35.907,27.25,25.5,2732,15256831.0,6.491980419212205e-05
2024-07-25,09:44:05,35.9121,27.25,25.5,2731,15256831.0,6.502372183039899e-05
2024-07-25,09:44:05,35.9174,27.25,25.5,2730,15256831.0,6.512780581045215e-05
2024-07-25,09:44:05,35.9226,27.25,25.5,2730,15256831.0,6.512780581045215e-05
2024-07-25,09:44:05,35.9279,27.25,25.5,2731,15256830.0,6.502372183039899e-05
2024-07-25,09:44:05,35.9331,27.25,25.5,2731,15256831.0,6.502372183039899e-05
2024-07-25,09:44:05,35.9382,27.25,25.5,2731,15256832.0,6.502372183039899e-05
2024-07-25,09:44:05,35.9435,27.25,25.5,2731,15256829.0,6.502372183039899e-05
2024-07-25,09:44:05,35.9489,27.25,25.5,2731,15256829.0,6.502372183039899e-05
2024-07-25,09:44:05,35.9541,27.25,25.5,2731,15256831.0,6.502372183039899e-05
2024-07-25,09:44:05,35.9592,27.25,25.5,2732,15256830.0,6.491980419212205e-05
2024-07-25,09:44:05,35.9645,27.25,25.5,2732,15256829.0,6.491980419212205e-05
2024-07-25,09:44:05,35.9697,27.25,25.5,2731,15256829.0,6.502372183039899e-05
2024-07-25,09:44:05,35.975,27.25,25.5,2731,15256830.0,6.502372183039899e-05
2024-07-25,09:44:05,35.9802,27.25,25.5,2731,15256830.0,6.502372183039899e-05
2024-07-25,09:44:05,35.9855,27.25,25.5,2732,15256830.0,6.491980419212205e-05
2024-07-25,09:44:05,35.9907,27.25,25.5,2732,15256830.0,6.491980419212205e-05
2024-07-25,09:44:05,35.9958,27.25,25.5,2731,15256831.0,6.502372183039899e-05
2024-07-25,09:44:05,36.0011,27.25,25.5,2731,15256831.0,6.502372183039899e-05
2024-07-25,09:44:05,36.0063,27.25,25.5,2731,15256831.0,6.502372183039899e-05
2024-07-25,09:44:05,36.0116,27.25,25.5,2731,15256831.0,6.502372183039899e-05
2024-07-25,09:44:05,36.0168,27.25,25.5,2731,15256829.0,6.502372183039899e-05
2024-07-25,09:44:05,36.0219,27.25,25.5,2731,15256829.0,6.502372183039899e-05
2024-07-25,09:44:05,36.0272,27.25,25.5,2732,15256832.0,6.491980419212205e-05
2024-07-25,09:44:05,36.0324,27.25,25.5,2732,15256832.0,6.491980419212205e-05
2024-07-25,09:44:05,36.0376,27.25,25.5,2731,15256830.0,6.502372183039899e-05
2024-07-25,09:44:05,36.0428,27.25,25.5,2731,15256829.0,6.502372183039899e-05
2024-07-25,09:44:05,36.0481,27.25,25.5,2732,15256832.0,6.491980419212205e-05
2024-07-25,09:44:05,36.0533,27.25,25.5,2732,15256832.0,6.491980419212205e-05
2024-07-25,09:44:05,36.0585,27.25,25.5,2731,15256829.0,6.502372183039899e-05
2024-07-25,09:44:05,36.0638,27.25,25.5,2731,15256829.0,6.502372183039899e-05
2024-07-25,09:44:05,36.069,27.25,25.5,2730,15256827.0,6.512780581045215e-05
2024-07-25,09:44:05,36.0743,27.25,25.5,2730,15256828.0,6.512780581045215e-05
2024-07-25,09:44:05,36.0795,27.25,25.5,2731,15256829.0,6.502372183039899e-05
2024-07-25,09:44:05,36.0847,27.25,25.5,2731,15256829.0,6.502372183039899e-05
2024-07-25,09:44:05,36.0899,27.25,25.5,2731,15256830.0,6.502372183039899e-05
2024-07-25,09:44:05,36.0952,27.25,25.5,2731,15256830.0,6.502372183039899e-05
2024-07-25,09:44:05,36.1004,27.25,25.5,2731,15256829.0,6.502372183039899e-05
2024-07-25,09:44:05,36.1057,27.25,25.5,2731,15256829.0,6.502372183039899e-05
2024-07-25,09:44:05,36.1108,27.25,25.5,2731,15256830.0,6.502372183039899e-05
2024-07-25,09:44:05,36.116,27.25,25.5,2731,15256830.0,6.502372183039899e-05
2024-07-25,09:44:05,36.1213,27.25,25.5,2731,15256830.0,6.502372183039899e-05
2024-07-25,09:44:05,36.1264,27.25,25.5,2731,15256831.0,6.502372183039899e-05
2024-07-25,09:44:05,36.1316,27.25,25.5,2732,15256831.0,6.491980419212205e-05
2024-07-25,09:44:05,36.137,27.25,25.5,2732,15256831.0,6.491980419212205e-05
2024-07-25,09:44:05,36.1423,27.25,25.5,2731,15256829.0,6.502372183039899e-05
2024-07-25,09:44:05,36.1474,27.25,25.5,2730,15256830.0,6.512780581045215e-05
2024-07-25,09:44:05,36.1525,27.25,25.5,2729,15256830.0,6.523205639854624e-05
2024-07-25,09:44:05,36.1577,27.25,25.5,2730,15256829.0,6.512780581045215e-05
2024-07-25,09:44:05,36.1631,27.25,25.5,2731,15256828.0,6.502372183039899e-05
2024-07-25,09:44:05,36.1684,27.25,25.5,2731,15256828.0,6.502372183039899e-05
2024-07-25,09:44:05,36.1735,27.25,25.5,2731,15256828.0,6.502372183039899e-05
2024-07-25,09:44:05,36.1786,27.25,25.5,2731,15256828.0,6.502372183039899e-05
2024-07-25,09:44:05,36.1839,27.25,25.5,2731,15256828.0,6.502372183039899e-05
2024-07-25,09:44:05,36.1892,27.25,25.5,2731,15256828.0,6.502372183039899e-05
2024-07-25,09:44:05,36.1945,27.25,25.5,2731,15256829.0,6.502372183039899e-05
2024-07-25,09:44:05,36.1996,27.25,25.5,2731,15256830.0,6.502372183039899e-05
2024-07-25,09:44:05,36.2049,27.25,25.5,2730,15256828.0,6.512780581045215e-05
2024-07-25,09:44:05,36.2101,27.25,25.5,2730,15256828.0,6.512780581045215e-05
2024-07-25,09:44:05,36.2153,27.25,25.5,2732,15256830.0,6.491980419212205e-05
2024-07-25,09:44:05,36.2206,27.25,25.5,2732,15256830.0,6.491980419212205e-05
2024-07-25,09:44:05,36.2257,27.25,25.5,2731,15256830.0,6.502372183039899e-05
2024-07-25,09:44:05,36.231,27.25,25.5,2731,15256830.0,6.502372183039899e-05
2024-07-25,09:44:05,36.2362,27.25,25.5,2731,15256830.0,6.502372183039899e-05
2024-07-25,09:44:05,36.2415,27.25,25.5,2731,15256830.0,6.502372183039899e-05
2024-07-25,09:44:05,36.2467,27.25,25.5,2731,15256828.0,6.502372183039899e-05
2024-07-25,09:44:05,36.2518,27.25,25.5,2731,15256828.0,6.502372183039899e-05
2024-07-25,09:44:05,36.2569,27.25,25.5,2731,15256829.0,6.502372183039899e-05
2024-07-25,09:44:05,36.2622,27.25,25.5,2731,15256829.0,6.502372183039899e-05
2024-07-25,09:44:05,36.2674,27.25,25.5,2731,15256829.0,6.502372183039899e-05
2024-07-25,09:44:05,36.2727,27.25,25.5,2731,15256829.0,6.502372183039899e-05
2024-07-25,09:44:05,36.2779,27.25,25.5,2731,15256829.0,6.502372183039899e-05
2024-07-25,09:44:05,36.2832,27.25,25.5,2731,15256829.0,6.502372183039899e-05
2024-07-25,09:44:05,36.2884,27.25,25.5,2731,15256828.0,6.502372183039899e-05
2024-07-25,09:44:05,36.2937,27.25,25.5,2731,15256828.0,6.502372183039899e-05
2024-07-25,09:44:05,36.2989,27.25,25.5,2731,15256828.0,6.502372183039899e-05
2024-07-25,09:44:05,36.3041,27.25,25.5,2731,15256828.0,6.502372183039899e-05
2024-07-25,09:44:05,36.3092,27.25,25.5,2731,15256829.0,6.502372183039899e-05
2024-07-25,09:44:05,36.3144,27.25,25.5,2731,15256829.0,6.502372183039899e-05
2024-07-25,09:44:05,36.3197,27.25,25.5,2730,15256827.0,6.512780581045215e-05
2024-07-25,09:44:05,36.3249,27.25,25.5,2730,15256827.0,6.512780581045215e-05
2024-07-25,09:44:05,36.3302,27.25,25.5,2731,15256830.0,6.502372183039899e-05
2024-07-25,09:44:05,36.3353,27.25,25.5,2731,15256830.0,6.502372183039899e-05
2024-07-25,09:44:05,36.3405,27.25,25.5,2731,15256829.0,6.502372183039899e-05
2024-07-25,09:44:05,36.3458,27.25,25.5,2731,15256829.0,6.502372183039899e-05
2024-07-25,09:44:05,36.351,27.25,25.5,2730,15256828.0,6.512780581045215e-05
2024-07-25,09:44:05,36.3563,27.25,25.5,2730,15256829.0,6.512780581045215e-05
2024-07-25,09:44:05,36.3614,27.25,25.5,2731,15256829.0,6.502372183039899e-05
2024-07-25,09:44:05,36.3666,27.25,25.5,2731,15256829.0,6.502372183039899e-05
2024-07-25,09:44:05,36.3719,27.25,25.5,2731,15256828.0,6.502372183039899e-05
2024-07-25,09:44:05,36.3771,27.25,25.5,2731,15256828.0,6.502372183039899e-05
2024-07-25,09:44:05,36.3824,27.25,25.5,2731,15256829.0,6.502372183039899e-05
2024-07-25,09:44:05,36.3876,27.25,25.5,2730,15256830.0,6.512780581045215e-05
2024-07-25,09:44:05,36.3929,27.25,25.5,2730,15256829.0,6.512780581045215e-05
2024-07-25,09:44:05,36.3981,27.25,25.5,2730,15256829.0,6.512780581045215e-05
2024-07-25,09:44:05,36.4034,27.25,25.5,2730,15256829.0,6.512780581045215e-05
2024-07-25,09:44:05,36.4085,27.25,25.5,2731,15256828.0,6.502372183039899e-05
2024-07-25,09:44:05,36.4137,27.25,25.5,2731,15256828.0,6.502372183039899e-05
2024-07-25,09:44:05,36.419,27.25,25.5,2731,15256828.0,6.502372183039899e-05
2024-07-25,09:44:05,36.4242,27.25,25.5,2730,15256826.0,6.512780581045215e-05
2024-07-25,09:44:05,36.4295,27.25,25.5,2730,15256826.0,6.512780581045215e-05
2024-07-25,09:44:05,36.4347,27.25,25.5,2731,15256829.0,6.502372183039899e-05
2024-07-25,09:44:05,36.44,27.25,25.5,2731,15256829.0,6.502372183039899e-05
2024-07-25,09:44:05,36.4451,27.25,25.5,2731,15256829.0,6.502372183039899e-05
2024-07-25,09:44:05,36.4504,27.25,25.5,2731,15256829.0,6.502372183039899e-05
2024-07-25,09:44:05,36.4556,27.25,25.5,2731,15256829.0,6.502372183039899e-05
2024-07-25,09:44:05,36.4609,27.25,25.5,2731,15256828.0,6.502372183039899e-05
2024-07-25,09:44:05,36.4662,27.25,25.5,2731,15256827.0,6.502372183039899e-05
2024-07-25,09:44:05,36.4715,27.25,25.5,2730,15256828.0,6.512780581045215e-05
2024-07-25,09:44:05,36.4766,27.25,25.5,2729,15256828.0,6.523205639854624e-05
2024-07-25,09:44:05,36.4817,27.25,25.5,2729,15256828.0,6.523205639854624e-05
2024-07-25,09:44:05,36.487,27.25,25.5,2729,15256828.0,6.523205639854624e-05
2024-07-25,09:44:05,36.4923,27.25,25.5,2729,15256828.0,6.523205639854624e-05
2024-07-25,09:44:05,36.4976,27.25,25.5,2730,15256828.0,6.512780581045215e-05
2024-07-25,09:44:05,36.5028,27.25,25.5,2730,15256829.0,6.512780581045215e-05
2024-07-25,09:44:05,36.5081,27.25,25.5,2729,15256827.0,6.523205639854624e-05
2024-07-25,09:44:05,36.5133,27.25,25.5,2730,15256827.0,6.512780581045215e-05
2024-07-25,09:44:05,36.5186,27.25,25.5,2730,15256827.0,6.512780581045215e-05
2024-07-25,09:44:05,36.5237,27.25,25.5,2729,15256827.0,6.523205639854624e-05
2024-07-25,09:44:05,36.5289,27.25,25.5,2730,15256829.0,6.512780581045215e-05
2024-07-25,09:44:05,36.5343,27.25,25.5,2731,15256828.0,6.502372183039899e-05
2024-07-25,09:44:05,36.5396,27.25,25.5,2730,15256827.0,6.512780581045215e-05
2024-07-25,09:44:05,36.5447,27.25,25.5,2730,15256828.0,6.512780581045215e-05
2024-07-25,09:44:05,36.5499,27.25,25.5,2731,15256827.0,6.502372183039899e-05
2024-07-25,09:44:05,36.5552,27.25,25.5,2730,15256827.0,6.512780581045215e-05
2024-07-25,09:44:05,36.5604,27.25,25.5,2729,15256826.0,6.523205639854624e-05
2024-07-25,09:44:05,36.5657,27.25,25.5,2730,15256826.0,6.512780581045215e-05
2024-07-25,09:44:05,36.5709,27.25,25.5,2730,15256827.0,6.512780581045215e-05
2024-07-25,09:44:05,36.5762,27.25,25.5,2730,15256828.0,6.512780581045215e-05
2024-07-25,09:44:05,36.5813,27.25,25.5,2731,15256828.0,6.502372183039899e-05
2024-07-25,09:44:05,36.5865,27.25,25.5,2730,15256828.0,6.512780581045215e-05
2024-07-25,09:44:05,36.5919,27.25,25.5,2730,15256827.0,6.512780581045215e-05
2024-07-25,09:44:05,36.5972,27.25,25.5,2731,15256827.0,6.502372183039899e-05
2024-07-25,09:44:05,36.6024,27.25,25.5,2730,15256827.0,6.512780581045215e-05
2024-07-25,09:44:05,36.6077,27.25,25.5,2729,15256827.0,6.523205639854624e-05
2024-07-25,09:44:05,36.6128,27.25,25.5,2729,15256827.0,6.523205639854624e-05
2024-07-25,09:44:05,36.618,27.25,25.5,2729,15256827.0,6.523205639854624e-05
2024-07-25,09:44:05,36.6233,27.25,25.5,2729,15256827.0,6.523205639854624e-05
2024-07-25,09:44:05,36.6285,27.25,25.5,2730,15256827.0,6.512780581045215e-05
2024-07-25,09:44:05,36.6338,27.25,25.5,2731,15256828.0,6.502372183039899e-05
2024-07-25,09:44:05,36.6389,27.25,25.5,2730,15256828.0,6.512780581045215e-05
2024-07-25,09:44:05,36.6441,27.25,25.5,2730,15256828.0,6.512780581045215e-05
2024-07-25,09:44:05,36.6494,27.25,25.5,2731,15256828.0,6.502372183039899e-05
2024-07-25,09:44:05,36.6546,27.25,25.5,2730,15256826.0,6.512780581045215e-05
2024-07-25,09:44:05,36.6599,27.25,25.5,2729,15256826.0,6.523205639854624e-05
2024-07-25,09:44:05,36.6651,27.25,25.5,2730,15256828.0,6.512780581045215e-05
2024-07-25,09:44:05,36.6704,27.25,25.5,2730,15256829.0,6.512780581045215e-05
2024-07-25,09:44:05,36.6755,27.25,25.5,2730,15256828.0,6.512780581045215e-05
2024-07-25,09:44:05,36.6808,27.25,25.5,2730,15256828.0,6.512780581045215e-05
2024-07-25,09:44:05,36.686,27.25,25.5,2729,15256826.0,6.523205639854624e-05
2024-07-25,09:44:05,36.6913,27.25,25.5,2730,15256826.0,6.512780581045215e-05
2024-07-25,09:44:05,36.6965,27.25,25.5,2731,15256826.0,6.502372183039899e-05
2024-07-25,09:44:05,36.7017,27.25,25.5,2730,15256827.0,6.512780581045215e-05
2024-07-25,09:44:05,36.707,27.25,25.5,2730,15256827.0,6.512780581045215e-05
2024-07-25,09:44:05,36.7122,27.25,25.5,2731,15256826.0,6.502372183039899e-05
2024-07-25,09:44:05,36.7175,27.25,25.5,2731,15256828.0,6.502372183039899e-05
2024-07-25,09:44:06,36.7227,27.25,25.5,2730,15256828.0,6.512780581045215e-05
2024-07-25,09:44:06,36.728,27.25,25.5,2729,15256825.0,6.523205639854624e-05
2024-07-25,09:44:06,36.7332,27.25,25.5,2729,15256825.0,6.523205639854624e-05
2024-07-25,09:44:06,36.7385,27.25,25.5,2729,15256826.0,6.523205639854624e-05
2024-07-25,09:44:06,36.7436,27.25,25.5,2729,15256826.0,6.523205639854624e-05
2024-07-25,09:44:06,36.7489,27.25,25.5,2730,15256828.0,6.512780581045215e-05
2024-07-25,09:44:06,36.7542,27.25,25.5,2731,15256828.0,6.502372183039899e-05
2024-07-25,09:44:06,36.7595,27.25,25.5,2731,15256828.0,6.502372183039899e-05
2024-07-25,09:44:06,36.7646,27.25,25.5,2731,15256829.0,6.502372183039899e-05
2024-07-25,09:44:06,36.7698,27.25,25.5,2730,15256827.0,6.512780581045215e-05
2024-07-25,09:44:06,36.7751,27.25,25.5,2730,15256826.0,6.512780581045215e-05
2024-07-25,09:44:06,36.7803,27.25,25.5,2731,15256828.0,6.502372183039899e-05
2024-07-25,09:44:06,36.7856,27.25,25.5,2731,15256828.0,6.502372183039899e-05
2024-07-25,09:44:06,36.7908,27.25,25.5,2730,15256826.0,6.512780581045215e-05
2024-07-25,09:44:06,36.7961,27.25,25.5,2730,15256826.0,6.512780581045215e-05
2024-07-25,09:44:06,36.8012,27.25,25.5,2731,15256827.0,6.502372183039899e-05
2024-07-25,09:44:06,36.8065,27.25,25.5,2730,15256827.0,6.512780581045215e-05
2024-07-25,09:44:06,36.8118,27.25,25.5,2730,15256829.0,6.512780581045215e-05
2024-07-25,09:44:06,36.8171,27.25,25.5,2730,15256829.0,6.512780581045215e-05
2024-07-25,09:44:06,36.8222,27.25,25.5,2729,15256827.0,6.523205639854624e-05
2024-07-25,09:44:06,36.8274,27.25,25.5,2730,15256826.0,6.512780581045215e-05
2024-07-25,09:44:06,36.8327,27.25,25.5,2730,15256827.0,6.512780581045215e-05
2024-07-25,09:44:06,36.8379,27.25,25.5,2730,15256827.0,6.512780581045215e-05
2024-07-25,09:44:06,36.8432,27.25,25.5,2730,15256826.0,6.512780581045215e-05
2024-07-25,09:44:06,36.8483,27.25,25.5,2730,15256826.0,6.512780581045215e-05
2024-07-25,09:44:06,36.8536,27.25,25.5,2731,15256828.0,6.502372183039899e-05
2024-07-25,09:44:06,36.8589,27.25,25.5,2731,15256828.0,6.502372183039899e-05
2024-07-25,09:44:06,36.8642,27.25,25.5,2731,15256829.0,6.502372183039899e-05
2024-07-25,09:44:06,36.8693,27.25,25.5,2730,15256829.0,6.512780581045215e-05
2024-07-25,09:44:06,36.8745,27.25,25.5,2729,15256825.0,6.523205639854624e-05
2024-07-25,09:44:06,36.8798,27.25,25.5,2729,15256825.0,6.523205639854624e-05
2024-07-25,09:44:06,36.885,27.25,25.5,2730,15256827.0,6.512780581045215e-05
2024-07-25,09:44:06,36.8903,27.25,25.5,2731,15256827.0,6.502372183039899e-05
2024-07-25,09:44:06,36.8954,27.25,25.5,2730,15256827.0,6.512780581045215e-05
2024-07-25,09:44:06,36.9007,27.25,25.5,2730,15256826.0,6.512780581045215e-05
2024-07-25,09:44:06,36.9059,27.25,25.5,2731,15256827.0,6.502372183039899e-05
2024-07-25,09:44:06,36.911,27.25,25.5,2730,15256827.0,6.512780581045215e-05
2024-07-25,09:44:06,36.9163,27.25,25.5,2730,15256826.0,6.512780581045215e-05
2024-07-25,09:44:06,36.9217,27.25,25.5,2730,15256827.0,6.512780581045215e-05
2024-07-25,09:44:06,36.9269,27.25,25.5,2730,15256828.0,6.512780581045215e-05
2024-07-25,09:44:06,36.932,27.25,25.5,2730,15256828.0,6.512780581045215e-05
2024-07-25,09:44:06,36.9373,27.25,25.5,2730,15256829.0,6.512780581045215e-05
2024-07-25,09:44:06,36.9425,27.25,25.5,2730,15256829.0,6.512780581045215e-05
2024-07-25,09:44:06,36.9476,27.25,25.5,2729,15256828.0,6.523205639854624e-05
2024-07-25,09:44:06,36.9529,27.25,25.5,2729,15256827.0,6.523205639854624e-05
2024-07-25,09:44:06,36.9581,27.25,25.5,2730,15256828.0,6.512780581045215e-05
2024-07-25,09:44:06,36.9634,27.25,25.5,2730,15256828.0,6.512780581045215e-05
2024-07-25,09:44:06,36.9686,27.25,25.5,2729,15256826.0,6.523205639854624e-05
2024-07-25,09:44:06,36.9737,27.25,25.5,2729,15256826.0,6.523205639854624e-05
2024-07-25,09:44:06,36.979,27.25,25.5,2729,15256826.0,6.523205639854624e-05
2024-07-25,09:44:06,36.9842,27.25,25.5,2730,15256826.0,6.512780581045215e-05
2024-07-25,09:44:06,36.9895,27.25,25.5,2731,15256827.0,6.502372183039899e-05
2024-07-25,09:44:06,36.9947,27.25,25.5,2730,15256826.0,6.512780581045215e-05
2024-07-25,09:44:06,37.0,27.25,25.5,2729,15256826.0,6.523205639854624e-05
2024-07-25,09:44:06,37.0052,27.25,25.5,2729,15256827.0,6.523205639854624e-05
2024-07-25,09:44:06,37.0105,27.25,25.5,2729,15256827.0,6.523205639854624e-05
2024-07-25,09:44:06,37.0157,27.25,25.5,2729,15256828.0,6.523205639854624e-05
2024-07-25,09:44:06,37.021,27.25,25.5,2729,15256827.0,6.523205639854624e-05
2024-07-25,09:44:06,37.0262,27.25,25.5,2729,15256827.0,6.523205639854624e-05
2024-07-25,09:44:06,37.0315,27.25,25.5,2729,15256826.0,6.523205639854624e-05
2024-07-25,09:44:06,37.0367,27.25,25.5,2729,15256825.0,6.523205639854624e-05
2024-07-25,09:44:06,37.042,27.25,25.5,2730,15256829.0,6.512780581045215e-05
2024-07-25,09:44:06,37.0472,27.25,25.5,2730,15256828.0,6.512780581045215e-05
2024-07-25,09:44:06,37.0523,27.25,25.5,2729,15256827.0,6.523205639854624e-05
2024-07-25,09:44:06,37.0576,27.25,25.5,2729,15256828.0,6.523205639854624e-05
2024-07-25,09:44:06,37.0628,27.25,25.5,2729,15256826.0,6.523205639854624e-05
2024-07-25,09:44:06,37.0681,27.25,25.5,2730,15256827.0,6.512780581045215e-05
2024-07-25,09:44:06,37.0733,27.25,25.5,2731,15256828.0,6.502372183039899e-05
2024-07-25,09:44:06,37.0786,27.25,25.5,2730,15256828.0,6.512780581045215e-05
2024-07-25,09:44:06,37.0838,27.25,25.5,2729,15256827.0,6.523205639854624e-05
2024-07-25,09:44:06,37.0889,27.25,25.5,2729,15256827.0,6.523205639854624e-05
2024-07-25,09:44:06,37.0942,27.25,25.5,2729,15256825.0,6.523205639854624e-05
2024-07-25,09:44:06,37.0996,27.25,25.5,2729,15256825.0,6.523205639854624e-05
2024-07-25,09:44:06,37.1048,27.25,25.5,2729,15256826.0,6.523205639854624e-05
2024-07-25,09:44:06,37.1099,27.25,25.5,2729,15256826.0,6.523205639854624e-05
2024-07-25,09:44:06,37.1152,27.25,25.5,2729,15256827.0,6.523205639854624e-05
2024-07-25,09:44:06,37.1206,27.25,25.5,2729,15256828.0,6.523205639854624e-05
2024-07-25,09:44:06,37.1258,27.25,25.5,2729,15256827.0,6.523205639854624e-05
2024-07-25,09:44:06,37.1309,27.25,25.5,2729,15256826.0,6.523205639854624e-05
2024-07-25,09:44:06,37.1362,27.25,25.5,2729,15256828.0,6.523205639854624e-05
2024-07-25,09:44:06,37.1414,27.25,25.5,2729,15256828.0,6.523205639854624e-05
2024-07-25,09:44:06,37.1465,27.25,25.5,2728,15256825.0,6.533647386137191e-05
2024-07-25,09:44:06,37.1518,27.19,25.5,2728,15256825.0,6.533647386137191e-05
2024-07-25,09:44:06,37.157,27.19,25.5,2729,15256827.0,6.523205639854624e-05
2024-07-25,09:44:06,37.1623,27.19,25.5,2729,15256827.0,6.523205639854624e-05
2024-07-25,09:44:06,37.1675,27.19,25.5,2729,15256827.0,6.523205639854624e-05
2024-07-25,09:44:06,37.1728,27.19,25.5,2729,15256826.0,6.523205639854624e-05
2024-07-25,09:44:06,37.1782,27.19,25.5,2729,15256826.0,6.523205639854624e-05
2024-07-25,09:44:06,37.1834,27.19,25.5,2729,15256826.0,6.523205639854624e-05
2024-07-25,09:44:06,37.1885,27.19,25.5,2729,15256826.0,6.523205639854624e-05
2024-07-25,09:44:06,37.1938,27.19,25.5,2729,15256826.0,6.523205639854624e-05
2024-07-25,09:44:06,37.199,27.19,25.5,2728,15256824.0,6.533647386137191e-05
2024-07-25,09:44:06,37.2043,27.19,25.5,2728,15256824.0,6.533647386137191e-05
2024-07-25,09:44:06,37.2095,27.19,25.5,2729,15256825.0,6.523205639854624e-05
2024-07-25,09:44:06,37.2148,27.19,25.5,2729,15256825.0,6.523205639854624e-05
2024-07-25,09:44:06,37.22,27.19,25.5,2729,15256827.0,6.523205639854624e-05
2024-07-25,09:44:06,37.2253,27.19,25.5,2729,15256826.0,6.523205639854624e-05
2024-07-25,09:44:06,37.2305,27.19,25.5,2729,15256826.0,6.523205639854624e-05
2024-07-25,09:44:06,37.2358,27.19,25.5,2729,15256826.0,6.523205639854624e-05
2024-07-25,09:44:06,37.241,27.19,25.5,2728,15256824.0,6.533647386137191e-05
2024-07-25,09:44:06,37.2463,27.19,25.5,2728,15256824.0,6.533647386137191e-05
2024-07-25,09:44:06,37.2515,27.19,25.5,2729,15256825.0,6.523205639854624e-05
2024-07-25,09:44:06,37.2568,27.19,25.5,2729,15256826.0,6.523205639854624e-05
2024-07-25,09:44:06,37.262,27.19,25.5,2729,15256825.0,6.523205639854624e-05
2024-07-25,09:44:06,37.2673,27.19,25.5,2729,15256825.0,6.523205639854624e-05
2024-07-25,09:44:06,37.2726,27.19,25.5,2728,15256825.0,6.533647386137191e-05
2024-07-25,09:44:06,37.2779,27.19,25.5,2728,15256825.0,6.533647386137191e-05
2024-07-25,09:44:06,37.2831,27.19,25.5,2729,15256826.0,6.523205639854624e-05
2024-07-25,09:44:06,37.2884,27.19,25.5,2728,15256827.0,6.533647386137191e-05
2024-07-25,09:44:06,37.2935,27.19,25.5,2728,15256827.0,6.533647386137191e-05
2024-07-25,09:44:06,37.2987,27.19,25.5,2729,15256827.0,6.523205639854624e-05
2024-07-25,09:44:06,37.3041,27.19,25.5,2729,15256824.0,6.523205639854624e-05
2024-07-25,09:44:06,37.3094,27.19,25.5,2729,15256824.0,6.523205639854624e-05
2024-07-25,09:44:06,37.3146,27.19,25.5,2728,15256823.0,6.533647386137191e-05
2024-07-25,09:44:06,37.32,27.19,25.5,2728,15256823.0,6.533647386137191e-05
2024-07-25,09:44:06,37.3252,27.19,25.5,2729,15256824.0,6.523205639854624e-05
2024-07-25,09:44:06,37.3304,27.19,25.5,2729,15256824.0,6.523205639854624e-05
2024-07-25,09:44:06,37.3356,27.19,25.5,2729,15256826.0,6.523205639854624e-05
2024-07-25,09:44:06,37.3409,27.19,25.5,2729,15256825.0,6.523205639854624e-05
2024-07-25,09:44:06,37.3461,27.19,25.5,2729,15256826.0,6.523205639854624e-05
2024-07-25,09:44:06,37.3513,27.19,25.5,2729,15256826.0,6.523205639854624e-05
2024-07-25,09:44:06,37.3565,27.19,25.5,2729,15256825.0,6.523205639854624e-05
2024-07-25,09:44:06,37.3617,27.19,25.5,2729,15256826.0,6.523205639854624e-05
2024-07-25,09:44:06,37.367,27.19,25.5,2728,15256824.0,6.533647386137191e-05
2024-07-25,09:44:06,37.3722,27.19,25.5,2727,15256824.0,6.5441058466047e-05
2024-07-25,09:44:06,37.3776,27.19,25.5,2728,15256824.0,6.533647386137191e-05
2024-07-25,09:44:06,37.3828,27.19,25.5,2728,15256824.0,6.533647386137191e-05
2024-07-25,09:44:06,37.3881,27.19,25.5,2727,15256824.0,6.5441058466047e-05
2024-07-25,09:44:06,37.3933,27.19,25.5,2728,15256823.0,6.533647386137191e-05
2024-07-25,09:44:06,37.3986,27.19,25.5,2729,15256826.0,6.523205639854624e-05
2024-07-25,09:44:06,37.4038,27.19,25.5,2728,15256826.0,6.533647386137191e-05
2024-07-25,09:44:06,37.4089,27.19,25.5,2728,15256824.0,6.533647386137191e-05
2024-07-25,09:44:06,37.4142,27.19,25.5,2728,15256824.0,6.533647386137191e-05
2024-07-25,09:44:06,37.4196,27.19,25.5,2728,15256825.0,6.533647386137191e-05
2024-07-25,09:44:06,37.4248,27.19,25.5,2728,15256825.0,6.533647386137191e-05
2024-07-25,09:44:06,37.4299,27.19,25.5,2728,15256825.0,6.533647386137191e-05
2024-07-25,09:44:06,37.4352,27.19,25.5,2729,15256825.0,6.523205639854624e-05
2024-07-25,09:44:06,37.4404,27.19,25.5,2728,15256824.0,6.533647386137191e-05
2024-07-25,09:44:06,37.4457,27.19,25.5,2728,15256823.0,6.533647386137191e-05
2024-07-25,09:44:06,37.4511,27.19,25.5,2728,15256823.0,6.533647386137191e-05
2024-07-25,09:44:06,37.4564,27.19,25.5,2727,15256823.0,6.5441058466047e-05
2024-07-25,09:44:06,37.4617,27.19,25.5,2728,15256824.0,6.533647386137191e-05
2024-07-25,09:44:06,37.4668,27.19,25.5,2729,15256824.0,6.523205639854624e-05
2024-07-25,09:44:06,37.4721,27.19,25.5,2729,15256823.0,6.523205639854624e-05
2024-07-25,09:44:06,37.4773,27.19,25.5,2729,15256823.0,6.523205639854624e-05
2024-07-25,09:44:06,37.4825,27.19,25.5,2729,15256824.0,6.523205639854624e-05
2024-07-25,09:44:06,37.4878,27.19,25.5,2729,15256824.0,6.523205639854624e-05
2024-07-25,09:44:06,37.493,27.19,25.5,2728,15256822.0,6.533647386137191e-05
2024-07-25,09:44:06,37.4984,27.19,25.5,2727,15256823.0,6.5441058466047e-05
2024-07-25,09:44:06,37.5037,27.19,25.5,2728,15256824.0,6.533647386137191e-05
2024-07-25,09:44:06,37.5088,27.19,25.5,2729,15256823.0,6.523205639854624e-05
2024-07-25,09:44:06,37.514,27.19,25.5,2729,15256824.0,6.523205639854624e-05
2024-07-25,09:44:06,37.5193,27.19,25.5,2729,15256824.0,6.523205639854624e-05
2024-07-25,09:44:06,37.5245,27.19,25.5,2729,15256825.0,6.523205639854624e-05
2024-07-25,09:44:06,37.5298,27.19,25.5,2729,15256825.0,6.523205639854624e-05
2024-07-25,09:44:06,37.535,27.19,25.5,2729,15256824.0,6.523205639854624e-05
2024-07-25,09:44:06,37.5403,27.19,25.5,2729,15256823.0,6.523205639854624e-05
2024-07-25,09:44:06,37.5454,27.19,25.5,2728,15256822.0,6.533647386137191e-05
2024-07-25,09:44:06,37.5506,27.19,25.5,2728,15256823.0,6.533647386137191e-05
2024-07-25,09:44:06,37.556,27.19,25.5,2729,15256825.0,6.523205639854624e-05
2024-07-25,09:44:06,37.5613,27.19,25.5,2729,15256825.0,6.523205639854624e-05
2024-07-25,09:44:06,37.5665,27.19,25.5,2729,15256825.0,6.523205639854624e-05
2024-07-25,09:44:06,37.5718,27.19,25.5,2729,15256825.0,6.523205639854624e-05
2024-07-25,09:44:06,37.577,27.19,25.5,2729,15256825.0,6.523205639854624e-05
2024-07-25,09:44:06,37.5823,27.19,25.5,2729,15256824.0,6.523205639854624e-05
2024-07-25,09:44:06,37.5875,27.19,25.5,2729,15256824.0,6.523205639854624e-05
2024-07-25,09:44:06,37.5928,27.19,25.5,2730,15256824.0,6.512780581045215e-05
2024-07-25,09:44:06,37.5979,27.19,25.5,2730,15256822.0,6.512780581045215e-05
2024-07-25,09:44:06,37.603,27.19,25.5,2729,15256823.0,6.523205639854624e-05
2024-07-25,09:44:06,37.6082,27.19,25.5,2729,15256824.0,6.523205639854624e-05
2024-07-25,09:44:06,37.6136,27.19,25.5,2729,15256823.0,6.523205639854624e-05
2024-07-25,09:44:06,37.6189,27.19,25.5,2729,15256821.0,6.523205639854624e-05
2024-07-25,09:44:06,37.6241,27.19,25.5,2729,15256820.0,6.523205639854624e-05
2024-07-25,09:44:06,37.6294,27.19,25.5,2730,15256822.0,6.512780581045215e-05
2024-07-25,09:44:06,37.6346,27.19,25.5,2730,15256822.0,6.512780581045215e-05
2024-07-25,09:44:06,37.6399,27.19,25.5,2729,15256824.0,6.523205639854624e-05
2024-07-25,09:44:06,37.6451,27.19,25.5,2729,15256823.0,6.523205639854624e-05
2024-07-25,09:44:06,37.6504,27.19,25.5,2728,15256822.0,6.533647386137191e-05
2024-07-25,09:44:06,37.6555,27.25,25.5,2728,15256823.0,6.533647386137191e-05
2024-07-25,09:44:06,37.6607,27.25,25.5,2729,15256823.0,6.523205639854624e-05
2024-07-25,09:44:06,37.6661,27.25,25.5,2728,15256823.0,6.533647386137191e-05
2024-07-25,09:44:06,37.6713,27.25,25.5,2728,15256824.0,6.533647386137191e-05
2024-07-25,09:44:06,37.6766,27.25,25.5,2729,15256823.0,6.523205639854624e-05
2024-07-25,09:44:06,37.6818,27.25,25.5,2729,15256822.0,6.523205639854624e-05
2024-07-25,09:44:06,37.6871,27.25,25.5,2729,15256822.0,6.523205639854624e-05
2024-07-25,09:44:06,37.6923,27.25,25.5,2729,15256823.0,6.523205639854624e-05
2024-07-25,09:44:06,37.6975,27.25,25.5,2729,15256823.0,6.523205639854624e-05
2024-07-25,09:44:06,37.7027,27.25,25.5,2728,15256821.0,6.533647386137191e-05
2024-07-25,09:44:06,37.7081,27.25,25.5,2728,15256821.0,6.533647386137191e-05
2024-07-25,09:44:06,37.7133,27.25,25.5,2729,15256823.0,6.523205639854624e-05
2024-07-25,09:44:06,37.7185,27.25,25.5,2729,15256822.0,6.523205639854624e-05
2024-07-25,09:44:07,37.7237,27.25,25.5,2729,15256822.0,6.523205639854624e-05
2024-07-25,09:44:07,37.7291,27.25,25.5,2729,15256822.0,6.523205639854624e-05
2024-07-25,09:44:07,37.7343,27.25,25.5,2729,15256823.0,6.523205639854624e-05
2024-07-25,09:44:07,37.7396,27.25,25.5,2729,15256823.0,6.523205639854624e-05
2024-07-25,09:44:07,37.7448,27.25,25.5,2729,15256822.0,6.523205639854624e-05
2024-07-25,09:44:07,37.7499,27.25,25.5,2730,15256822.0,6.512780581045215e-05
2024-07-25,09:44:07,37.7552,27.25,25.5,2730,15256822.0,6.512780581045215e-05
2024-07-25,09:44:07,37.7604,27.25,25.5,2729,15256822.0,6.523205639854624e-05
2024-07-25,09:44:07,37.7657,27.25,25.5,2729,15256822.0,6.523205639854624e-05
2024-07-25,09:44:07,37.7709,27.25,25.5,2729,15256823.0,6.523205639854624e-05
2024-07-25,09:44:07,37.7762,27.25,25.5,2729,15256822.0,6.523205639854624e-05
2024-07-25,09:44:07,37.7814,27.25,25.5,2729,15256822.0,6.523205639854624e-05
2024-07-25,09:44:07,37.7865,27.25,25.5,2729,15256821.0,6.523205639854624e-05
2024-07-25,09:44:07,37.7918,27.25,25.5,2730,15256821.0,6.512780581045215e-05
2024-07-25,09:44:07,37.797,27.25,25.5,2730,15256822.0,6.512780581045215e-05
2024-07-25,09:44:07,37.8023,27.25,25.5,2729,15256823.0,6.523205639854624e-05
2024-07-25,09:44:07,37.8075,27.25,25.5,2729,15256822.0,6.523205639854624e-05
2024-07-25,09:44:07,37.8128,27.25,25.5,2729,15256822.0,6.523205639854624e-05
2024-07-25,09:44:07,37.818,27.25,25.5,2729,15256822.0,6.523205639854624e-05
2024-07-25,09:44:07,37.8233,27.25,25.5,2729,15256822.0,6.523205639854624e-05
2024-07-25,09:44:07,37.8287,27.25,25.5,2729,15256821.0,6.523205639854624e-05
2024-07-25,09:44:07,37.8339,27.25,25.5,2729,15256821.0,6.523205639854624e-05
2024-07-25,09:44:07,37.839,27.25,25.5,2730,15256823.0,6.512780581045215e-05
2024-07-25,09:44:07,37.8441,27.25,25.5,2730,15256824.0,6.512780581045215e-05
2024-07-25,09:44:07,37.8494,27.25,25.5,2729,15256821.0,6.523205639854624e-05
2024-07-25,09:44:07,37.8548,27.25,25.5,2729,15256820.0,6.523205639854624e-05
2024-07-25,09:44:07,37.86,27.25,25.5,2729,15256821.0,6.523205639854624e-05
2024-07-25,09:44:07,37.8651,27.25,25.5,2729,15256822.0,6.523205639854624e-05
2024-07-25,09:44:07,37.8704,27.25,25.5,2729,15256822.0,6.523205639854624e-05
2024-07-25,09:44:07,37.8756,27.25,25.5,2729,15256822.0,6.523205639854624e-05
2024-07-25,09:44:07,37.8809,27.25,25.5,2729,15256824.0,6.523205639854624e-05
2024-07-25,09:44:07,37.8863,27.25,25.5,2728,15256824.0,6.533647386137191e-05
2024-07-25,09:44:07,37.8915,27.25,25.5,2728,15256822.0,6.533647386137191e-05
2024-07-25,09:44:07,37.8966,27.25,25.5,2729,15256820.0,6.523205639854624e-05
2024-07-25,09:44:07,37.9019,27.25,25.5,2730,15256823.0,6.512780581045215e-05
2024-07-25,09:44:07,37.9071,27.25,25.5,2730,15256823.0,6.512780581045215e-05
2024-07-25,09:44:07,37.9124,27.25,25.5,2729,15256820.0,6.523205639854624e-05
2024-07-25,09:44:07,37.9176,27.25,25.5,2729,15256820.0,6.523205639854624e-05
2024-07-25,09:44:07,37.9229,27.25,25.5,2729,15256823.0,6.523205639854624e-05
2024-07-25,09:44:07,37.9281,27.25,25.5,2729,15256823.0,6.523205639854624e-05
2024-07-25,09:44:07,37.9332,27.25,25.5,2729,15256822.0,6.523205639854624e-05
2024-07-25,09:44:07,37.9385,27.25,25.5,2729,15256822.0,6.523205639854624e-05
2024-07-25,09:44:07,37.9439,27.25,25.5,2729,15256822.0,6.523205639854624e-05
2024-07-25,09:44:07,37.9491,27.25,25.5,2729,15256821.0,6.523205639854624e-05
2024-07-25,09:44:07,37.9544,27.25,25.5,2729,15256822.0,6.523205639854624e-05
2024-07-25,09:44:07,37.9596,27.25,25.5,2729,15256822.0,6.523205639854624e-05
2024-07-25,09:44:07,37.9647,27.25,25.5,2729,15256821.0,6.523205639854624e-05
2024-07-25,09:44:07,37.97,27.25,25.5,2729,15256822.0,6.523205639854624e-05
2024-07-25,09:44:07,37.9753,27.25,25.5,2729,15256823.0,6.523205639854624e-05
2024-07-25,09:44:07,37.9806,27.25,25.5,2729,15256824.0,6.523205639854624e-05
2024-07-25,09:44:07,37.9857,27.25,25.5,2729,15256824.0,6.523205639854624e-05
2024-07-25,09:44:07,37.991,27.25,25.5,2729,15256824.0,6.523205639854624e-05
2024-07-25,09:44:07,37.9962,27.25,25.5,2729,15256821.0,6.523205639854624e-05
2024-07-25,09:44:07,38.0015,27.25,25.5,2729,15256821.0,6.523205639854624e-05
2024-07-25,09:44:07,38.0067,27.25,25.5,2730,15256823.0,6.512780581045215e-05
2024-07-25,09:44:07,38.0118,27.25,25.5,2730,15256823.0,6.512780581045215e-05
2024-07-25,09:44:07,38.0171,27.25,25.5,2730,15256825.0,6.512780581045215e-05
2024-07-25,09:44:07,38.0223,27.25,25.5,2730,15256825.0,6.512780581045215e-05
2024-07-25,09:44:07,38.0276,27.25,25.5,2729,15256822.0,6.523205639854624e-05
2024-07-25,09:44:07,38.0328,27.25,25.5,2730,15256822.0,6.512780581045215e-05
2024-07-25,09:44:07,38.0381,27.25,25.5,2730,15256821.0,6.512780581045215e-05
2024-07-25,09:44:07,38.0433,27.25,25.5,2729,15256822.0,6.523205639854624e-05
2024-07-25,09:44:07,38.0486,27.25,25.5,2729,15256823.0,6.523205639854624e-05
2024-07-25,09:44:07,38.0538,27.25,25.5,2729,15256824.0,6.523205639854624e-05
2024-07-25,09:44:07,38.0591,27.25,25.5,2729,15256822.0,6.523205639854624e-05
2024-07-25,09:44:07,38.0643,27.25,25.5,2730,15256822.0,6.512780581045215e-05
2024-07-25,09:44:07,38.0696,27.25,25.5,2730,15256821.0,6.512780581045215e-05
2024-07-25,09:44:07,38.0748,27.25,25.5,2729,15256822.0,6.523205639854624e-05
2024-07-25,09:44:07,38.0799,27.25,25.5,2729,15256822.0,6.523205639854624e-05
2024-07-25,09:44:07,38.0852,27.25,25.5,2730,15256821.0,6.512780581045215e-05
2024-07-25,09:44:07,38.0904,27.25,25.5,2730,15256820.0,6.512780581045215e-05
2024-07-25,09:44:07,38.0957,27.25,25.5,2729,15256820.0,6.523205639854624e-05
2024-07-25,09:44:07,38.1009,27.25,25.5,2729,15256821.0,6.523205639854624e-05
2024-07-25,09:44:07,38.1062,27.25,25.5,2729,15256822.0,6.523205639854624e-05
2024-07-25,09:44:07,38.1115,27.25,25.5,2729,15256821.0,6.523205639854624e-05
2024-07-25,09:44:07,38.1168,27.25,25.5,2729,15256821.0,6.523205639854624e-05
2024-07-25,09:44:07,38.122,27.25,25.5,2729,15256824.0,6.523205639854624e-05
2024-07-25,09:44:07,38.1273,27.25,25.5,2729,15256823.0,6.523205639854624e-05
2024-07-25,09:44:07,38.1324,27.25,25.5,2730,15256824.0,6.512780581045215e-05
2024-07-25,09:44:07,38.1375,27.25,25.5,2730,15256824.0,6.512780581045215e-05
2024-07-25,09:44:07,38.1428,27.25,25.5,2729,15256821.0,6.523205639854624e-05
2024-07-25,09:44:07,38.1481,27.25,25.5,2730,15256822.0,6.512780581045215e-05
2024-07-25,09:44:07,38.1534,27.25,25.5,2730,15256823.0,6.512780581045215e-05
2024-07-25,09:44:07,38.1586,27.25,25.5,2729,15256823.0,6.523205639854624e-05
2024-07-25,09:44:07,38.1639,27.25,25.5,2729,15256823.0,6.523205639854624e-05
2024-07-25,09:44:07,38.169,27.25,25.5,2729,15256823.0,6.523205639854624e-05
2024-07-25,09:44:07,38.1741,27.25,25.5,2729,15256822.0,6.523205639854624e-05
2024-07-25,09:44:07,38.1794,27.25,25.5,2729,15256822.0,6.523205639854624e-05
2024-07-25,09:44:07,38.1846,27.25,25.5,2728,15256821.0,6.533647386137191e-05
2024-07-25,09:44:07,38.19,27.25,25.5,2728,15256820.0,6.533647386137191e-05
2024-07-25,09:44:07,38.1954,27.25,25.5,2728,15256820.0,6.533647386137191e-05
2024-07-25,09:44:07,38.2005,27.25,25.5,2728,15256820.0,6.533647386137191e-05
2024-07-25,09:44:07,38.2057,27.25,25.5,2729,15256824.0,6.523205639854624e-05
2024-07-25,09:44:07,38.211,27.25,25.5,2729,15256824.0,6.523205639854624e-05
2024-07-25,09:44:07,38.2161,27.25,25.5,2729,15256821.0,6.523205639854624e-05
2024-07-25,09:44:07,38.2214,27.25,25.5,2729,15256821.0,6.523205639854624e-05
2024-07-25,09:44:07,38.2267,27.25,25.5,2729,15256821.0,6.523205639854624e-05
2024-07-25,09:44:07,38.232,27.25,25.5,2729,15256822.0,6.523205639854624e-05
2024-07-25,09:44:07,38.2372,27.25,25.5,2728,15256822.0,6.533647386137191e-05
2024-07-25,09:44:07,38.2425,27.25,25.5,2728,15256822.0,6.533647386137191e-05
2024-07-25,09:44:07,38.2476,27.25,25.5,2729,15256824.0,6.523205639854624e-05
2024-07-25,09:44:07,38.2527,27.25,25.5,2729,15256823.0,6.523205639854624e-05
2024-07-25,09:44:07,38.258,27.25,25.5,2729,15256822.0,6.523205639854624e-05
2024-07-25,09:44:07,38.2633,27.25,25.5,2729,15256822.0,6.523205639854624e-05
2024-07-25,09:44:07,38.2686,27.25,25.5,2728,15256821.0,6.533647386137191e-05
2024-07-25,09:44:07,38.2738,27.25,25.5,2728,15256820.0,6.533647386137191e-05
2024-07-25,09:44:07,38.2791,27.25,25.5,2728,15256820.0,6.533647386137191e-05
2024-07-25,09:44:07,38.2843,27.25,25.5,2728,15256821.0,6.533647386137191e-05
2024-07-25,09:44:07,38.2896,27.25,25.5,2729,15256823.0,6.523205639854624e-05
2024-07-25,09:44:07,38.2948,27.25,25.5,2729,15256823.0,6.523205639854624e-05
2024-07-25,09:44:07,38.3001,27.25,25.5,2729,15256822.0,6.523205639854624e-05
2024-07-25,09:44:07,38.3053,27.25,25.5,2729,15256821.0,6.523205639854624e-05
2024-07-25,09:44:07,38.3106,27.25,25.5,2728,15256821.0,6.533647386137191e-05
2024-07-25,09:44:07,38.3158,27.25,25.5,2728,15256821.0,6.533647386137191e-05
2024-07-25,09:44:07,38.3211,27.25,25.5,2728,15256822.0,6.533647386137191e-05
2024-07-25,09:44:07,38.3263,27.25,25.5,2728,15256821.0,6.533647386137191e-05
2024-07-25,09:44:07,38.3316,27.25,25.5,2729,15256821.0,6.523205639854624e-05
2024-07-25,09:44:07,38.3368,27.25,25.5,2729,15256821.0,6.523205639854624e-05
2024-07-25,09:44:07,38.3421,27.25,25.5,2729,15256822.0,6.523205639854624e-05
2024-07-25,09:44:07,38.3473,27.25,25.5,2729,15256821.0,6.523205639854624e-05
2024-07-25,09:44:07,38.3526,27.25,25.5,2729,15256822.0,6.523205639854624e-05
2024-07-25,09:44:07,38.3578,27.25,25.5,2729,15256821.0,6.523205639854624e-05
2024-07-25,09:44:07,38.3632,27.25,25.5,2728,15256820.0,6.533647386137191e-05
2024-07-25,09:44:07,38.3684,27.25,25.5,2728,15256820.0,6.533647386137191e-05
2024-07-25,09:44:07,38.3736,27.25,25.5,2729,15256821.0,6.523205639854624e-05
2024-07-25,09:44:07,38.3788,27.25,25.5,2729,15256821.0,6.523205639854624e-05
2024-07-25,09:44:07,38.3841,27.25,25.5,2729,15256820.0,6.523205639854624e-05
2024-07-25,09:44:07,38.3893,27.25,25.5,2729,15256821.0,6.523205639854624e-05
2024-07-25,09:44:07,38.3945,27.25,25.5,2729,15256822.0,6.523205639854624e-05
2024-07-25,09:44:07,38.3998,27.25,25.5,2730,15256821.0,6.512780581045215e-05
2024-07-25,09:44:07,38.4052,27.25,25.5,2730,15256820.0,6.512780581045215e-05
2024-07-25,09:44:07,38.4104,27.25,25.5,2729,15256820.0,6.523205639854624e-05
2024-07-25,09:44:07,38.4155,27.25,25.5,2729,15256821.0,6.523205639854624e-05
2024-07-25,09:44:07,38.4208,27.25,25.5,2729,15256822.0,6.523205639854624e-05
2024-07-25,09:44:07,38.426,27.25,25.5,2729,15256821.0,6.523205639854624e-05
2024-07-25,09:44:07,38.4313,27.25,25.5,2729,15256820.0,6.523205639854624e-05
2024-07-25,09:44:07,38.4367,27.25,25.5,2729,15256820.0,6.523205639854624e-05
2024-07-25,09:44:07,38.4419,27.25,25.5,2729,15256820.0,6.523205639854624e-05
2024-07-25,09:44:07,38.4472,27.25,25.5,2729,15256820.0,6.523205639854624e-05
2024-07-25,09:44:07,38.4524,27.25,25.5,2729,15256820.0,6.523205639854624e-05
2024-07-25,09:44:07,38.4577,27.25,25.5,2729,15256822.0,6.523205639854624e-05
2024-07-25,09:44:07,38.4629,27.25,25.5,2729,15256822.0,6.523205639854624e-05
2024-07-25,09:44:07,38.468,27.25,25.5,2729,15256821.0,6.523205639854624e-05
2024-07-25,09:44:07,38.4733,27.25,25.5,2728,15256822.0,6.533647386137191e-05
2024-07-25,09:44:07,38.4785,27.25,25.5,2728,15256824.0,6.533647386137191e-05
2024-07-25,09:44:07,38.4836,27.25,25.5,2729,15256823.0,6.523205639854624e-05
2024-07-25,09:44:07,38.4889,27.25,25.5,2729,15256821.0,6.523205639854624e-05
2024-07-25,09:44:07,38.4941,27.25,25.5,2730,15256821.0,6.512780581045215e-05
2024-07-25,09:44:07,38.4994,27.25,25.5,2730,15256821.0,6.512780581045215e-05
2024-07-25,09:44:07,38.5048,27.25,25.5,2729,15256821.0,6.523205639854624e-05
2024-07-25,09:44:07,38.51,27.25,25.5,2729,15256821.0,6.523205639854624e-05
2024-07-25,09:44:07,38.5153,27.25,25.5,2729,15256821.0,6.523205639854624e-05
2024-07-25,09:44:07,38.5205,27.25,25.5,2729,15256821.0,6.523205639854624e-05
2024-07-25,09:44:07,38.5256,27.25,25.5,2729,15256821.0,6.523205639854624e-05
2024-07-25,09:44:07,38.5309,27.25,25.5,2729,15256821.0,6.523205639854624e-05
2024-07-25,09:44:07,38.5362,27.25,25.5,2729,15256821.0,6.523205639854624e-05
2024-07-25,09:44:07,38.5415,27.25,25.5,2729,15256823.0,6.523205639854624e-05
2024-07-25,09:44:07,38.5466,27.25,25.5,2729,15256823.0,6.523205639854624e-05
2024-07-25,09:44:07,38.5519,27.25,25.5,2729,15256822.0,6.523205639854624e-05
2024-07-25,09:44:07,38.5571,27.25,25.5,2729,15256823.0,6.523205639854624e-05
2024-07-25,09:44:07,38.5622,27.25,25.5,2729,15256822.0,6.523205639854624e-05
2024-07-25,09:44:07,38.5675,27.25,25.5,2729,15256822.0,6.523205639854624e-05
2024-07-25,09:44:07,38.5729,27.25,25.5,2728,15256819.0,6.533647386137191e-05
2024-07-25,09:44:07,38.5781,27.25,25.5,2727,15256820.0,6.5441058466047e-05
2024-07-25,09:44:07,38.5833,27.25,25.5,2729,15256823.0,6.523205639854624e-05
2024-07-25,09:44:07,38.5886,27.25,25.5,2730,15256822.0,6.512780581045215e-05
2024-07-25,09:44:07,38.5937,27.25,25.5,2729,15256823.0,6.523205639854624e-05
2024-07-25,09:44:07,38.599,27.25,25.5,2730,15256823.0,6.512780581045215e-05
2024-07-25,09:44:07,38.6042,27.25,25.5,2730,15256820.0,6.512780581045215e-05
2024-07-25,09:44:07,38.6095,27.25,25.5,2730,15256820.0,6.512780581045215e-05
2024-07-25,09:44:07,38.6148,27.25,25.5,2731,15256822.0,6.502372183039899e-05
2024-07-25,09:44:07,38.6201,27.25,25.5,2730,15256822.0,6.512780581045215e-05
2024-07-25,09:44:07,38.6252,27.25,25.5,2730,15256822.0,6.512780581045215e-05
2024-07-25,09:44:07,38.6305,27.25,25.5,2730,15256822.0,6.512780581045215e-05
2024-07-25,09:44:07,38.6357,27.25,25.5,2728,15256821.0,6.533647386137191e-05
2024-07-25,09:44:07,38.6408,27.25,25.5,2728,15256821.0,6.533647386137191e-05
2024-07-25,09:44:07,38.6461,27.25,25.5,2729,15256823.0,6.523205639854624e-05
2024-07-25,09:44:07,38.6513,27.25,25.5,2729,15256822.0,6.523205639854624e-05
2024-07-25,09:44:07,38.6566,27.25,25.5,2729,15256820.0,6.523205639854624e-05
2024-07-25,09:44:07,38.6619,27.31,25.5,2729,15256821.0,6.523205639854624e-05
2024-07-25,09:44:07,38.6672,27.31,25.5,2730,15256823.0,6.512780581045215e-05
2024-07-25,09:44:07,38.6723,27.31,25.5,2730,15256823.0,6.512780581045215e-05
2024-07-25,09:44:07,38.6774,27.31,25.5,2729,15256822.0,6.523205639854624e-05
2024-07-25,09:44:07,38.6827,27.31,25.5,2729,15256822.0,6.523205639854624e-05
2024-07-25,09:44:07,38.6879,27.31,25.5,2729,15256822.0,6.523205639854624e-05
2024-07-25,09:44:07,38.693,27.31,25.5,2729,15256821.0,6.523205639854624e-05
2024-07-25,09:44:07,38.6983,27.31,25.5,2730,15256821.0,6.512780581045215e-05
2024-07-25,09:44:07,38.7037,27.31,25.5,2730,15256821.0,6.512780581045215e-05
2024-07-25,09:44:07,38.7089,27.31,25.5,2729,15256821.0,6.523205639854624e-05
2024-07-25,09:44:07,38.714,27.31,25.5,2729,15256821.0,6.523205639854624e-05
2024-07-25,09:44:07,38.7193,27.31,25.5,2729,15256821.0,6.523205639854624e-05
2024-07-25,09:44:08,38.7245,27.31,25.5,2729,15256821.0,6.523205639854624e-05
2024-07-25,09:44:08,38.7298,27.31,25.5,2730,15256822.0,6.512780581045215e-05
2024-07-25,09:44:08,38.7352,27.31,25.5,2731,15256822.0,6.502372183039899e-05
2024-07-25,09:44:08,38.7404,27.31,25.5,2730,15256821.0,6.512780581045215e-05
2024-07-25,09:44:08,38.7457,27.31,25.5,2729,15256821.0,6.523205639854624e-05
2024-07-25,09:44:08,38.7509,27.31,25.5,2729,15256821.0,6.523205639854624e-05
2024-07-25,09:44:08,38.756,27.31,25.5,2729,15256821.0,6.523205639854624e-05
2024-07-25,09:44:08,38.7613,27.31,25.5,2729,15256821.0,6.523205639854624e-05
2024-07-25,09:44:08,38.7665,27.31,25.5,2730,15256822.0,6.512780581045215e-05
2024-07-25,09:44:08,38.7718,27.31,25.5,2730,15256822.0,6.512780581045215e-05
2024-07-25,09:44:08,38.777,27.31,25.5,2729,15256822.0,6.523205639854624e-05
2024-07-25,09:44:08,38.7823,27.31,25.5,2729,15256822.0,6.523205639854624e-05
2024-07-25,09:44:08,38.7875,27.31,25.5,2729,15256821.0,6.523205639854624e-05
2024-07-25,09:44:08,38.7928,27.31,25.5,2729,15256821.0,6.523205639854624e-05
2024-07-25,09:44:08,38.798,27.31,25.5,2730,15256821.0,6.512780581045215e-05
2024-07-25,09:44:08,38.8031,27.31,25.5,2730,15256821.0,6.512780581045215e-05
2024-07-25,09:44:08,38.8084,27.31,25.5,2729,15256821.0,6.523205639854624e-05
2024-07-25,09:44:08,38.8136,27.31,25.5,2729,15256822.0,6.523205639854624e-05
2024-07-25,09:44:08,38.8189,27.31,25.5,2729,15256822.0,6.523205639854624e-05
2024-07-25,09:44:08,38.8241,27.31,25.5,2729,15256822.0,6.523205639854624e-05
2024-07-25,09:44:08,38.8294,27.31,25.5,2730,15256822.0,6.512780581045215e-05
2024-07-25,09:44:08,38.8346,27.31,25.5,2730,15256822.0,6.512780581045215e-05
2024-07-25,09:44:08,38.8397,27.31,25.5,2729,15256822.0,6.523205639854624e-05
2024-07-25,09:44:08,38.845,27.31,25.5,2729,15256820.0,6.523205639854624e-05
2024-07-25,09:44:08,38.8504,27.31,25.5,2730,15256820.0,6.512780581045215e-05
2024-07-25,09:44:08,38.8556,27.31,25.5,2730,15256821.0,6.512780581045215e-05
2024-07-25,09:44:08,38.8609,27.31,25.5,2729,15256822.0,6.523205639854624e-05
2024-07-25,09:44:08,38.8661,27.31,25.5,2729,15256821.0,6.523205639854624e-05
2024-07-25,09:44:08,38.8712,27.31,25.5,2729,15256821.0,6.523205639854624e-05
2024-07-25,09:44:08,38.8763,27.31,25.5,2729,15256822.0,6.523205639854624e-05
2024-07-25,09:44:08,38.8816,27.31,25.5,2729,15256822.0,6.523205639854624e-05
2024-07-25,09:44:08,38.887,27.31,25.5,2729,15256821.0,6.523205639854624e-05
2024-07-25,09:44:08,38.8922,27.31,25.5,2729,15256821.0,6.523205639854624e-05
2024-07-25,09:44:08,38.8973,27.31,25.5,2729,15256821.0,6.523205639854624e-05
2024-07-25,09:44:08,38.9026,27.31,25.5,2730,15256821.0,6.512780581045215e-05
2024-07-25,09:44:08,38.908,27.31,25.5,2730,15256821.0,6.512780581045215e-05
2024-07-25,09:44:08,38.9132,27.31,25.5,2729,15256821.0,6.523205639854624e-05
2024-07-25,09:44:08,38.9183,27.31,25.5,2730,15256823.0,6.512780581045215e-05
2024-07-25,09:44:08,38.9234,27.31,25.5,2731,15256823.0,6.502372183039899e-05
2024-07-25,09:44:08,38.9287,27.31,25.5,2731,15256823.0,6.502372183039899e-05
2024-07-25,09:44:08,38.9339,27.31,25.5,2731,15256823.0,6.502372183039899e-05
2024-07-25,09:44:08,38.9391,27.31,25.5,2730,15256822.0,6.512780581045215e-05
2024-07-25,09:44:08,38.9443,27.31,25.5,2729,15256822.0,6.523205639854624e-05
2024-07-25,09:44:08,38.9497,27.31,25.5,2729,15256821.0,6.523205639854624e-05
2024-07-25,09:44:08,38.9549,27.31,25.5,2729,15256821.0,6.523205639854624e-05
2024-07-25,09:44:08,38.9601,27.31,25.5,2730,15256821.0,6.512780581045215e-05
2024-07-25,09:44:08,38.9653,27.31,25.5,2730,15256822.0,6.512780581045215e-05
2024-07-25,09:44:08,38.9705,27.31,25.5,2730,15256823.0,6.512780581045215e-05
2024-07-25,09:44:08,38.9757,27.31,25.5,2730,15256823.0,6.512780581045215e-05
2024-07-25,09:44:08,38.9809,27.31,25.5,2729,15256820.0,6.523205639854624e-05
2024-07-25,09:44:08,38.9862,27.31,25.5,2729,15256820.0,6.523205639854624e-05
2024-07-25,09:44:08,38.9914,27.31,25.5,2730,15256823.0,6.512780581045215e-05
2024-07-25,09:44:08,38.9967,27.31,25.5,2730,15256823.0,6.512780581045215e-05
2024-07-25,09:44:08,39.0018,27.31,25.5,2730,15256823.0,6.512780581045215e-05
2024-07-25,09:44:08,39.007,27.31,25.5,2730,15256822.0,6.512780581045215e-05
2024-07-25,09:44:08,39.0124,27.31,25.5,2729,15256819.0,6.523205639854624e-05
2024-07-25,09:44:08,39.0177,27.31,25.5,2729,15256820.0,6.523205639854624e-05
2024-07-25,09:44:08,39.0229,27.31,25.5,2730,15256824.0,6.512780581045215e-05
2024-07-25,09:44:08,39.0281,27.31,25.5,2730,15256823.0,6.512780581045215e-05
2024-07-25,09:44:08,39.0334,27.31,25.5,2729,15256821.0,6.523205639854624e-05
2024-07-25,09:44:08,39.0386,27.31,25.5,2729,15256821.0,6.523205639854624e-05
2024-07-25,09:44:08,39.0438,27.31,25.5,2729,15256822.0,6.523205639854624e-05
2024-07-25,09:44:08,39.049,27.31,25.5,2730,15256821.0,6.512780581045215e-05
2024-07-25,09:44:08,39.0543,27.31,25.5,2731,15256821.0,6.502372183039899e-05
2024-07-25,09:44:08,39.0594,27.31,25.5,2731,15256820.0,6.502372183039899e-05
2024-07-25,09:44:08,39.0646,27.31,25.5,2730,15256821.0,6.512780581045215e-05
2024-07-25,09:44:08,39.0699,27.31,25.5,2729,15256823.0,6.523205639854624e-05
2024-07-25,09:44:08,39.0751,27.31,25.5,2729,15256822.0,6.523205639854624e-05
2024-07-25,09:44:08,39.0805,27.31,25.5,2729,15256822.0,6.523205639854624e-05
2024-07-25,09:44:08,39.0857,27.31,25.5,2730,15256823.0,6.512780581045215e-05
2024-07-25,09:44:08,39.0909,27.31,25.5,2730,15256823.0,6.512780581045215e-05
2024-07-25,09:44:08,39.0961,27.31,25.5,2729,15256822.0,6.523205639854624e-05
2024-07-25,09:44:08,39.1014,27.31,25.5,2730,15256821.0,6.512780581045215e-05
2024-07-25,09:44:08,39.1066,27.31,25.5,2730,15256819.0,6.512780581045215e-05
2024-07-25,09:44:08,39.1119,27.31,25.5,2729,15256820.0,6.523205639854624e-05
2024-07-25,09:44:08,39.117,27.31,25.5,2730,15256823.0,6.512780581045215e-05
2024-07-25,09:44:08,39.1222,27.31,25.5,2730,15256823.0,6.512780581045215e-05
2024-07-25,09:44:08,39.1275,27.31,25.5,2729,15256819.0,6.523205639854624e-05
2024-07-25,09:44:08,39.1327,27.31,25.5,2730,15256818.0,6.512780581045215e-05
2024-07-25,09:44:08,39.138,27.31,25.5,2731,15256821.0,6.502372183039899e-05
2024-07-25,09:44:08,39.1432,27.31,25.5,2730,15256821.0,6.512780581045215e-05
2024-07-25,09:44:08,39.1485,27.31,25.5,2729,15256820.0,6.523205639854624e-05
2024-07-25,09:44:08,39.1536,27.31,25.5,2729,15256820.0,6.523205639854624e-05
2024-07-25,09:44:08,39.1588,27.31,25.5,2730,15256821.0,6.512780581045215e-05
2024-07-25,09:44:08,39.1642,27.25,25.75,2730,15256821.0,6.512780581045215e-05
2024-07-25,09:44:08,39.1695,27.25,25.75,2730,15256822.0,6.512780581045215e-05
2024-07-25,09:44:08,39.1746,27.25,25.75,2730,15256822.0,6.512780581045215e-05
2024-07-25,09:44:08,39.1797,27.25,25.75,2729,15256821.0,6.523205639854624e-05
2024-07-25,09:44:08,39.1849,27.25,25.75,2729,15256820.0,6.523205639854624e-05
2024-07-25,09:44:08,39.1903,27.25,25.75,2729,15256821.0,6.523205639854624e-05
2024-07-25,09:44:08,39.1954,27.25,25.75,2730,15256821.0,6.512780581045215e-05
2024-07-25,09:44:08,39.2006,27.25,25.75,2730,15256821.0,6.512780581045215e-05
2024-07-25,09:44:08,39.2059,27.25,25.75,2729,15256821.0,6.523205639854624e-05
2024-07-25,09:44:08,39.2112,27.25,25.75,2730,15256822.0,6.512780581045215e-05
2024-07-25,09:44:08,39.2164,27.25,25.75,2730,15256822.0,6.512780581045215e-05
2024-07-25,09:44:08,39.2217,27.25,25.75,2729,15256820.0,6.523205639854624e-05
2024-07-25,09:44:08,39.2269,27.25,25.75,2729,15256820.0,6.523205639854624e-05
2024-07-25,09:44:08,39.2322,27.25,25.75,2729,15256821.0,6.523205639854624e-05
2024-07-25,09:44:08,39.2374,27.25,25.75,2730,15256820.0,6.512780581045215e-05
2024-07-25,09:44:08,39.2427,27.25,25.75,2731,15256821.0,6.502372183039899e-05
2024-07-25,09:44:08,39.2479,27.25,25.75,2730,15256821.0,6.512780581045215e-05
2024-07-25,09:44:08,39.2532,27.25,25.75,2729,15256821.0,6.523205639854624e-05
2024-07-25,09:44:08,39.2584,27.25,25.75,2729,15256821.0,6.523205639854624e-05
2024-07-25,09:44:08,39.2637,27.25,25.75,2729,15256821.0,6.523205639854624e-05
2024-07-25,09:44:08,39.2689,27.25,25.75,2729,15256821.0,6.523205639854624e-05
2024-07-25,09:44:08,39.2742,27.25,25.75,2730,15256822.0,6.512780581045215e-05
2024-07-25,09:44:08,39.2793,27.25,25.75,2730,15256822.0,6.512780581045215e-05
2024-07-25,09:44:08,39.2845,27.25,25.75,2730,15256822.0,6.512780581045215e-05
2024-07-25,09:44:08,39.2898,27.25,25.75,2730,15256822.0,6.512780581045215e-05
2024-07-25,09:44:08,39.295,27.25,25.75,2729,15256822.0,6.523205639854624e-05
2024-07-25,09:44:08,39.3001,27.25,25.75,2729,15256822.0,6.523205639854624e-05
2024-07-25,09:44:08,39.3053,27.25,25.75,2729,15256820.0,6.523205639854624e-05
2024-07-25,09:44:08,39.3106,27.25,25.75,2729,15256821.0,6.523205639854624e-05
2024-07-25,09:44:08,39.3158,27.25,25.75,2729,15256822.0,6.523205639854624e-05
2024-07-25,09:44:08,39.3209,27.25,25.75,2730,15256821.0,6.512780581045215e-05
2024-07-25,09:44:08,39.3263,27.25,25.75,2730,15256819.0,6.512780581045215e-05
2024-07-25,09:44:08,39.3315,27.25,25.75,2729,15256819.0,6.523205639854624e-05
2024-07-25,09:44:08,39.3368,27.25,25.75,2729,15256821.0,6.523205639854624e-05
2024-07-25,09:44:08,39.342,27.25,25.75,2729,15256821.0,6.523205639854624e-05
2024-07-25,09:44:08,39.3473,27.25,25.75,2730,15256822.0,6.512780581045215e-05
2024-07-25,09:44:08,39.3525,27.25,25.75,2730,15256822.0,6.512780581045215e-05
2024-07-25,09:44:08,39.3577,27.25,25.75,2729,15256820.0,6.523205639854624e-05
2024-07-25,09:44:08,39.363,27.25,25.75,2729,15256820.0,6.523205639854624e-05
2024-07-25,09:44:08,39.3682,27.25,25.75,2729,15256818.0,6.523205639854624e-05
2024-07-25,09:44:08,39.3735,27.25,25.75,2730,15256818.0,6.512780581045215e-05
2024-07-25,09:44:08,39.3786,27.25,25.75,2730,15256821.0,6.512780581045215e-05
2024-07-25,09:44:08,39.3839,27.25,25.75,2729,15256822.0,6.523205639854624e-05
2024-07-25,09:44:08,39.3891,27.25,25.75,2729,15256821.0,6.523205639854624e-05
2024-07-25,09:44:08,39.3944,27.25,25.75,2729,15256821.0,6.523205639854624e-05
2024-07-25,09:44:08,39.3996,27.25,25.75,2729,15256819.0,6.523205639854624e-05
2024-07-25,09:44:08,39.4049,27.25,25.75,2729,15256819.0,6.523205639854624e-05
2024-07-25,09:44:08,39.4101,27.25,25.75,2729,15256820.0,6.523205639854624e-05
2024-07-25,09:44:08,39.4152,27.25,25.75,2729,15256820.0,6.523205639854624e-05
2024-07-25,09:44:08,39.4205,27.25,25.75,2729,15256820.0,6.523205639854624e-05
2024-07-25,09:44:08,39.4257,27.25,25.75,2729,15256821.0,6.523205639854624e-05
2024-07-25,09:44:08,39.431,27.25,25.75,2729,15256820.0,6.523205639854624e-05
2024-07-25,09:44:08,39.4362,27.25,25.75,2729,15256820.0,6.523205639854624e-05
2024-07-25,09:44:08,39.4415,27.25,25.75,2729,15256820.0,6.523205639854624e-05
2024-07-25,09:44:08,39.4467,27.25,25.75,2730,15256820.0,6.512780581045215e-05
2024-07-25,09:44:08,39.452,27.25,25.75,2730,15256821.0,6.512780581045215e-05
2024-07-25,09:44:08,39.4572,27.25,25.75,2730,15256821.0,6.512780581045215e-05
2024-07-25,09:44:08,39.4623,27.25,25.75,2730,15256821.0,6.512780581045215e-05
2024-07-25,09:44:08,39.4676,27.25,25.75,2729,15256821.0,6.523205639854624e-05
2024-07-25,09:44:08,39.4728,27.25,25.75,2729,15256818.0,6.523205639854624e-05
2024-07-25,09:44:08,39.4781,27.25,25.75,2729,15256818.0,6.523205639854624e-05
2024-07-25,09:44:08,39.4833,27.25,25.75,2729,15256820.0,6.523205639854624e-05
2024-07-25,09:44:08,39.4886,27.25,25.75,2729,15256821.0,6.523205639854624e-05
2024-07-25,09:44:08,39.4938,27.25,25.75,2730,15256823.0,6.512780581045215e-05
2024-07-25,09:44:08,39.4991,27.25,25.75,2730,15256823.0,6.512780581045215e-05
2024-07-25,09:44:08,39.5043,27.25,25.75,2730,15256821.0,6.512780581045215e-05
2024-07-25,09:44:08,39.5094,27.25,25.75,2730,15256820.0,6.512780581045215e-05
2024-07-25,09:44:08,39.5147,27.25,25.75,2730,15256820.0,6.512780581045215e-05
2024-07-25,09:44:08,39.5199,27.25,25.75,2730,15256821.0,6.512780581045215e-05
2024-07-25,09:44:08,39.5252,27.25,25.75,2729,15256820.0,6.523205639854624e-05
2024-07-25,09:44:08,39.5304,27.25,25.75,2729,15256820.0,6.523205639854624e-05
2024-07-25,09:44:08,39.5357,27.25,25.75,2730,15256822.0,6.512780581045215e-05
2024-07-25,09:44:08,39.5409,27.25,25.75,2730,15256820.0,6.512780581045215e-05
2024-07-25,09:44:08,39.5462,27.25,25.75,2729,15256819.0,6.523205639854624e-05
2024-07-25,09:44:08,39.5514,27.25,25.75,2730,15256820.0,6.512780581045215e-05
2024-07-25,09:44:08,39.5565,27.25,25.75,2730,15256820.0,6.512780581045215e-05
2024-07-25,09:44:08,39.5618,27.25,25.75,2729,15256820.0,6.523205639854624e-05
2024-07-25,09:44:08,39.5672,27.25,25.75,2729,15256820.0,6.523205639854624e-05
2024-07-25,09:44:08,39.5724,27.25,25.75,2730,15256819.0,6.512780581045215e-05
2024-07-25,09:44:08,39.5775,27.25,25.75,2731,15256820.0,6.502372183039899e-05
2024-07-25,09:44:08,39.5828,27.25,25.75,2731,15256820.0,6.502372183039899e-05
2024-07-25,09:44:08,39.5881,27.25,25.75,2730,15256819.0,6.512780581045215e-05
2024-07-25,09:44:08,39.5934,27.25,25.75,2729,15256819.0,6.523205639854624e-05
2024-07-25,09:44:08,39.5985,27.25,25.75,2729,15256820.0,6.523205639854624e-05
2024-07-25,09:44:08,39.6038,27.25,25.75,2729,15256820.0,6.523205639854624e-05
2024-07-25,09:44:08,39.609,27.25,25.75,2729,15256822.0,6.523205639854624e-05
2024-07-25,09:44:08,39.6143,27.25,25.75,2729,15256821.0,6.523205639854624e-05
2024-07-25,09:44:08,39.6195,27.25,25.75,2729,15256820.0,6.523205639854624e-05
2024-07-25,09:44:08,39.6246,27.25,25.75,2729,15256821.0,6.523205639854624e-05
2024-07-25,09:44:08,39.6299,27.25,25.75,2729,15256820.0,6.523205639854624e-05
2024-07-25,09:44:08,39.6353,27.25,25.75,2728,15256819.0,6.533647386137191e-05
2024-07-25,09:44:08,39.6404,27.25,25.75,2728,15256819.0,6.533647386137191e-05
2024-07-25,09:44:08,39.6456,27.25,25.75,2729,15256819.0,6.523205639854624e-05
2024-07-25,09:44:08,39.651,27.25,25.75,2729,15256820.0,6.523205639854624e-05
2024-07-25,09:44:08,39.6561,27.25,25.75,2729,15256821.0,6.523205639854624e-05
2024-07-25,09:44:08,39.6614,27.25,25.75,2729,15256821.0,6.523205639854624e-05
2024-07-25,09:44:08,39.6666,27.25,25.75,2729,15256821.0,6.523205639854624e-05
2024-07-25,09:44:08,39.6717,27.25,25.75,2729,15256819.0,6.523205639854624e-05
2024-07-25,09:44:08,39.677,27.25,25.75,2729,15256818.0,6.523205639854624e-05
2024-07-25,09:44:08,39.6822,27.25,25.75,2728,15256819.0,6.533647386137191e-05
2024-07-25,09:44:08,39.6875,27.25,25.75,2727,15256820.0,6.5441058466047e-05
2024-07-25,09:44:08,39.6929,27.25,25.75,2728,15256821.0,6.533647386137191e-05
2024-07-25,09:44:08,39.6981,27.25,25.75,2729,15256820.0,6.523205639854624e-05
2024-07-25,09:44:08,39.7032,27.25,25.75,2729,15256819.0,6.523205639854624e-05
2024-07-25,09:44:08,39.7085,27.25,25.75,2729,15256819.0,6.523205639854624e-05
2024-07-25,09:44:08,39.7137,27.25,25.75,2729,15256820.0,6.523205639854624e-05
2024-07-25,09:44:08,39.719,27.25,25.75,2729,15256820.0,6.523205639854624e-05
2024-07-25,09:44:09,39.7242,27.25,25.75,2729,15256819.0,6.523205639854624e-05
2024-07-25,09:44:09,39.7295,27.25,25.75,2729,15256819.0,6.523205639854624e-05
2024-07-25,09:44:09,39.7347,27.25,25.75,2729,15256818.0,6.523205639854624e-05
2024-07-25,09:44:09,39.74,27.25,25.75,2729,15256819.0,6.523205639854624e-05
2024-07-25,09:44:09,39.7452,27.25,25.75,2729,15256819.0,6.523205639854624e-05
2024-07-25,09:44:09,39.7503,27.25,25.75,2729,15256819.0,6.523205639854624e-05
2024-07-25,09:44:09,39.7556,27.25,25.75,2729,15256819.0,6.523205639854624e-05
2024-07-25,09:44:09,39.7609,27.25,25.75,2729,15256818.0,6.523205639854624e-05
2024-07-25,09:44:09,39.7662,27.25,25.75,2728,15256817.0,6.533647386137191e-05
2024-07-25,09:44:09,39.7713,27.25,25.75,2728,15256817.0,6.533647386137191e-05
2024-07-25,09:44:09,39.7766,27.25,25.75,2729,15256818.0,6.523205639854624e-05
2024-07-25,09:44:09,39.7818,27.25,25.75,2729,15256818.0,6.523205639854624e-05
2024-07-25,09:44:09,39.7871,27.25,25.75,2728,15256818.0,6.533647386137191e-05
2024-07-25,09:44:09,39.7924,27.25,25.75,2728,15256818.0,6.533647386137191e-05
2024-07-25,09:44:09,39.7977,27.25,25.75,2729,15256818.0,6.523205639854624e-05
2024-07-25,09:44:09,39.8029,27.25,25.75,2729,15256818.0,6.523205639854624e-05
2024-07-25,09:44:09,39.8082,27.25,25.75,2729,15256818.0,6.523205639854624e-05
2024-07-25,09:44:09,39.8134,27.25,25.75,2729,15256818.0,6.523205639854624e-05
2024-07-25,09:44:09,39.8187,27.25,25.75,2729,15256819.0,6.523205639854624e-05
2024-07-25,09:44:09,39.8239,27.25,25.75,2729,15256819.0,6.523205639854624e-05
2024-07-25,09:44:09,39.8292,27.25,25.75,2729,15256820.0,6.523205639854624e-05
2024-07-25,09:44:09,39.8344,27.25,25.75,2729,15256820.0,6.523205639854624e-05
2024-07-25,09:44:09,39.8397,27.25,25.75,2729,15256821.0,6.523205639854624e-05
2024-07-25,09:44:09,39.8448,27.25,25.75,2729,15256820.0,6.523205639854624e-05
2024-07-25,09:44:09,39.85,27.25,25.75,2729,15256819.0,6.523205639854624e-05
2024-07-25,09:44:09,39.8553,27.25,25.75,2729,15256819.0,6.523205639854624e-05
2024-07-25,09:44:09,39.8604,27.25,25.75,2729,15256819.0,6.523205639854624e-05
2024-07-25,09:44:09,39.8657,27.25,25.75,2729,15256819.0,6.523205639854624e-05
2024-07-25,09:44:09,39.8709,27.25,25.75,2729,15256819.0,6.523205639854624e-05
2024-07-25,09:44:09,39.8761,27.25,25.75,2729,15256819.0,6.523205639854624e-05
2024-07-25,09:44:09,39.8814,27.25,25.75,2729,15256819.0,6.523205639854624e-05
2024-07-25,09:44:09,39.8866,27.25,25.75,2729,15256819.0,6.523205639854624e-05
2024-07-25,09:44:09,39.8919,27.25,25.75,2728,15256819.0,6.533647386137191e-05
2024-07-25,09:44:09,39.8971,27.25,25.75,2728,15256818.0,6.533647386137191e-05
2024-07-25,09:44:09,39.9024,27.25,25.75,2729,15256819.0,6.523205639854624e-05
2024-07-25,09:44:09,39.9076,27.25,25.75,2729,15256819.0,6.523205639854624e-05
2024-07-25,09:44:09,39.9129,27.25,25.75,2728,15256818.0,6.533647386137191e-05
2024-07-25,09:44:09,39.9181,27.25,25.75,2728,15256818.0,6.533647386137191e-05
2024-07-25,09:44:09,39.9234,27.25,25.75,2729,15256818.0,6.523205639854624e-05
2024-07-25,09:44:09,39.9285,27.25,25.75,2729,15256818.0,6.523205639854624e-05
2024-07-25,09:44:09,39.9337,27.25,25.75,2729,15256819.0,6.523205639854624e-05
2024-07-25,09:44:09,39.939,27.25,25.75,2729,15256818.0,6.523205639854624e-05
2024-07-25,09:44:09,39.9442,27.25,25.75,2728,15256817.0,6.533647386137191e-05
2024-07-25,09:44:09,39.9496,27.25,25.75,2727,15256817.0,6.5441058466047e-05
2024-07-25,09:44:09,39.9549,27.25,25.75,2727,15256818.0,6.5441058466047e-05
2024-07-25,09:44:09,39.9601,27.25,25.75,2727,15256819.0,6.5441058466047e-05
2024-07-25,09:44:09,39.9654,27.25,25.75,2727,15256817.0,6.5441058466047e-05
2024-07-25,09:44:09,39.9706,27.25,25.75,2727,15256816.0,6.5441058466047e-05
2024-07-25,09:44:09,39.9759,27.25,25.75,2727,15256817.0,6.5441058466047e-05
2024-07-25,09:44:09,39.9811,27.25,25.75,2728,15256817.0,6.533647386137191e-05
2024-07-25,09:44:09,39.9864,27.25,25.75,2728,15256819.0,6.533647386137191e-05
2024-07-25,09:44:09,39.9916,27.25,25.75,2727,15256819.0,6.5441058466047e-05
2024-07-25,09:44:09,39.9969,27.25,25.75,2727,15256818.0,6.5441058466047e-05
2024-07-25,09:44:09,40.0021,27.25,25.75,2728,15256817.0,6.533647386137191e-05
2024-07-25,09:44:09,40.0075,27.25,25.75,2728,15256817.0,6.533647386137191e-05
2024-07-25,09:44:09,40.0127,27.25,25.75,2727,15256818.0,6.5441058466047e-05
2024-07-25,09:44:09,40.0178,27.25,25.75,2727,15256818.0,6.5441058466047e-05
2024-07-25,09:44:09,40.0231,27.25,25.75,2727,15256818.0,6.5441058466047e-05
2024-07-25,09:44:09,40.0285,27.25,25.75,2727,15256818.0,6.5441058466047e-05
2024-07-25,09:44:09,40.0337,27.25,25.75,2727,15256818.0,6.5441058466047e-05
2024-07-25,09:44:09,40.039,27.25,25.75,2727,15256819.0,6.5441058466047e-05
2024-07-25,09:44:09,40.0442,27.25,25.75,2727,15256819.0,6.5441058466047e-05
2024-07-25,09:44:09,40.0495,27.25,25.75,2727,15256818.0,6.5441058466047e-05
2024-07-25,09:44:09,40.0547,27.25,25.75,2727,15256819.0,6.5441058466047e-05
2024-07-25,09:44:09,40.06,27.25,25.75,2727,15256819.0,6.5441058466047e-05
2024-07-25,09:44:09,40.0652,27.25,25.75,2728,15256819.0,6.533647386137191e-05
2024-07-25,09:44:09,40.0705,27.25,25.75,2728,15256819.0,6.533647386137191e-05
2024-07-25,09:44:09,40.0758,27.25,25.75,2726,15256819.0,6.554581048011662e-05
2024-07-25,09:44:09,40.0811,27.25,25.75,2726,15256819.0,6.554581048011662e-05
2024-07-25,09:44:09,40.0862,27.25,25.75,2727,15256819.0,6.5441058466047e-05
2024-07-25,09:44:09,40.0913,27.25,25.75,2727,15256818.0,6.5441058466047e-05
2024-07-25,09:44:09,40.0966,27.25,25.75,2727,15256818.0,6.5441058466047e-05
2024-07-25,09:44:09,40.1019,27.25,25.75,2727,15256819.0,6.5441058466047e-05
2024-07-25,09:44:09,40.1072,27.25,25.75,2727,15256819.0,6.5441058466047e-05
2024-07-25,09:44:09,40.1124,27.25,25.75,2727,15256819.0,6.5441058466047e-05
2024-07-25,09:44:09,40.1177,27.25,25.75,2727,15256818.0,6.5441058466047e-05
2024-07-25,09:44:09,40.1229,27.25,25.75,2727,15256818.0,6.5441058466047e-05
2024-07-25,09:44:09,40.1282,27.25,25.75,2727,15256818.0,6.5441058466047e-05
2024-07-25,09:44:09,40.1333,27.25,25.75,2727,15256820.0,6.5441058466047e-05
2024-07-25,09:44:09,40.1385,27.25,25.75,2727,15256821.0,6.5441058466047e-05
2024-07-25,09:44:09,40.1438,27.25,25.75,2727,15256819.0,6.5441058466047e-05
2024-07-25,09:44:09,40.149,27.25,25.75,2728,15256818.0,6.533647386137191e-05
2024-07-25,09:44:09,40.1544,27.25,25.75,2728,15256819.0,6.533647386137191e-05
2024-07-25,09:44:09,40.1597,27.25,25.75,2727,15256819.0,6.5441058466047e-05
2024-07-25,09:44:09,40.1648,27.25,25.75,2727,15256818.0,6.5441058466047e-05
2024-07-25,09:44:09,40.17,27.31,25.75,2727,15256817.0,6.5441058466047e-05
2024-07-25,09:44:09,40.1754,27.31,25.75,2727,15256817.0,6.5441058466047e-05
2024-07-25,09:44:09,40.1807,27.31,25.75,2727,15256817.0,6.5441058466047e-05
2024-07-25,09:44:09,40.1859,27.31,25.75,2727,15256817.0,6.5441058466047e-05
2024-07-25,09:44:09,40.1913,27.31,25.75,2727,15256817.0,6.5441058466047e-05
2024-07-25,09:44:09,40.1965,27.31,25.75,2727,15256817.0,6.5441058466047e-05
2024-07-25,09:44:09,40.2017,27.31,25.75,2727,15256817.0,6.5441058466047e-05
2024-07-25,09:44:09,40.2069,27.31,25.75,2727,15256819.0,6.5441058466047e-05
2024-07-25,09:44:09,40.2121,27.31,25.75,2727,15256819.0,6.5441058466047e-05
2024-07-25,09:44:09,40.2173,27.31,25.75,2727,15256819.0,6.5441058466047e-05
2024-07-25,09:44:09,40.2226,27.31,25.75,2727,15256818.0,6.5441058466047e-05
2024-07-25,09:44:09,40.228,27.31,25.75,2727,15256817.0,6.5441058466047e-05
2024-07-25,09:44:09,40.2333,27.31,25.75,2728,15256817.0,6.533647386137191e-05
2024-07-25,09:44:09,40.2385,27.31,25.75,2729,15256819.0,6.523205639854624e-05
2024-07-25,09:44:09,40.2436,27.31,25.75,2728,15256819.0,6.533647386137191e-05
2024-07-25,09:44:09,40.2489,27.31,25.75,2727,15256818.0,6.5441058466047e-05
2024-07-25,09:44:09,40.2541,27.31,25.75,2727,15256818.0,6.5441058466047e-05
2024-07-25,09:44:09,40.2594,27.31,25.75,2727,15256818.0,6.5441058466047e-05
2024-07-25,09:44:09,40.2646,27.31,25.75,2727,15256817.0,6.5441058466047e-05
2024-07-25,09:44:09,40.2697,27.31,25.75,2727,15256816.0,6.5441058466047e-05
2024-07-25,09:44:09,40.275,27.31,25.75,2728,15256816.0,6.533647386137191e-05
2024-07-25,09:44:09,40.2804,27.31,25.75,2728,15256817.0,6.533647386137191e-05
2024-07-25,09:44:09,40.2856,27.31,25.75,2727,15256817.0,6.5441058466047e-05
2024-07-25,09:44:09,40.2907,27.31,25.75,2727,15256817.0,6.5441058466047e-05
2024-07-25,09:44:09,40.296,27.31,25.75,2727,15256817.0,6.5441058466047e-05
2024-07-25,09:44:09,40.3014,27.31,25.75,2727,15256817.0,6.5441058466047e-05
2024-07-25,09:44:09,40.3066,27.31,25.75,2727,15256817.0,6.5441058466047e-05
2024-07-25,09:44:09,40.3117,27.31,25.75,2726,15256816.0,6.554581048011662e-05
2024-07-25,09:44:09,40.317,27.31,25.75,2727,15256816.0,6.5441058466047e-05
2024-07-25,09:44:09,40.3224,27.31,25.75,2728,15256818.0,6.533647386137191e-05
2024-07-25,09:44:09,40.3277,27.31,25.75,2727,15256818.0,6.5441058466047e-05
2024-07-25,09:44:09,40.3329,27.31,25.75,2727,15256816.0,6.5441058466047e-05
2024-07-25,09:44:09,40.338,27.31,25.75,2727,15256816.0,6.5441058466047e-05
2024-07-25,09:44:09,40.3433,27.31,25.75,2727,15256817.0,6.5441058466047e-05
2024-07-25,09:44:09,40.3486,27.31,25.75,2727,15256817.0,6.5441058466047e-05
2024-07-25,09:44:09,40.3538,27.31,25.75,2727,15256817.0,6.5441058466047e-05
2024-07-25,09:44:09,40.3591,27.31,25.75,2727,15256817.0,6.5441058466047e-05
2024-07-25,09:44:09,40.3643,27.31,25.75,2726,15256814.0,6.554581048011662e-05
2024-07-25,09:44:09,40.3696,27.31,25.75,2726,15256815.0,6.554581048011662e-05
2024-07-25,09:44:09,40.3748,27.31,25.75,2726,15256816.0,6.554581048011662e-05
2024-07-25,09:44:09,40.3801,27.31,25.75,2725,15256816.0,6.565073017155446e-05
2024-07-25,09:44:09,40.3853,27.31,25.75,2725,15256816.0,6.565073017155446e-05
2024-07-25,09:44:09,40.3906,27.31,25.75,2726,15256815.0,6.554581048011662e-05
2024-07-25,09:44:09,40.3958,27.31,25.75,2726,15256815.0,6.554581048011662e-05
2024-07-25,09:44:09,40.4011,27.31,25.75,2725,15256816.0,6.565073017155446e-05
2024-07-25,09:44:09,40.4063,27.31,25.75,2726,15256816.0,6.554581048011662e-05
2024-07-25,09:44:09,40.4117,27.31,25.75,2726,15256816.0,6.554581048011662e-05
2024-07-25,09:44:09,40.4169,27.31,25.75,2726,15256817.0,6.554581048011662e-05
2024-07-25,09:44:09,40.4222,27.31,25.75,2727,15256816.0,6.5441058466047e-05
2024-07-25,09:44:09,40.4274,27.31,25.75,2726,15256815.0,6.554581048011662e-05
2024-07-25,09:44:09,40.4326,27.31,25.75,2725,15256816.0,6.565073017155446e-05
2024-07-25,09:44:09,40.4378,27.31,25.75,2725,15256816.0,6.565073017155446e-05
2024-07-25,09:44:09,40.4432,27.31,25.75,2725,15256817.0,6.565073017155446e-05
2024-07-25,09:44:09,40.4484,27.31,25.75,2725,15256814.0,6.565073017155446e-05
2024-07-25,09:44:09,40.4537,27.31,25.75,2725,15256813.0,6.565073017155446e-05
2024-07-25,09:44:09,40.4589,27.31,25.75,2725,15256815.0,6.565073017155446e-05
2024-07-25,09:44:09,40.4642,27.31,25.75,2725,15256815.0,6.565073017155446e-05
2024-07-25,09:44:09,40.4696,27.31,25.75,2725,15256816.0,6.565073017155446e-05
2024-07-25,09:44:09,40.4748,27.31,25.75,2725,15256816.0,6.565073017155446e-05
2024-07-25,09:44:09,40.4799,27.31,25.75,2724,15256814.0,6.575581780876284e-05
2024-07-25,09:44:09,40.4852,27.31,25.75,2724,15256813.0,6.575581780876284e-05
2024-07-25,09:44:09,40.4905,27.31,25.75,2725,15256815.0,6.565073017155446e-05
2024-07-25,09:44:09,40.4959,27.31,25.75,2725,15256815.0,6.565073017155446e-05
2024-07-25,09:44:09,40.5012,27.31,25.75,2724,15256813.0,6.575581780876284e-05
2024-07-25,09:44:09,40.5063,27.31,25.75,2724,15256813.0,6.575581780876284e-05
2024-07-25,09:44:09,40.5115,27.31,25.75,2725,15256814.0,6.565073017155446e-05
2024-07-25,09:44:09,40.5169,27.31,25.75,2725,15256814.0,6.565073017155446e-05
2024-07-25,09:44:09,40.5222,27.31,25.75,2724,15256814.0,6.575581780876284e-05
2024-07-25,09:44:09,40.5274,27.31,25.75,2723,15256814.0,6.586107366057399e-05
2024-07-25,09:44:09,40.5327,27.31,25.75,2723,15256815.0,6.586107366057399e-05
2024-07-25,09:44:09,40.5379,27.31,25.75,2723,15256815.0,6.586107366057399e-05
2024-07-25,09:44:09,40.5433,27.31,25.75,2723,15256815.0,6.586107366057399e-05
2024-07-25,09:44:09,40.5485,27.31,25.75,2723,15256814.0,6.586107366057399e-05
2024-07-25,09:44:09,40.5538,27.31,25.75,2723,15256813.0,6.586107366057399e-05
2024-07-25,09:44:09,40.5592,27.31,25.75,2723,15256813.0,6.586107366057399e-05
2024-07-25,09:44:09,40.5644,27.31,25.75,2723,15256813.0,6.586107366057399e-05
2024-07-25,09:44:09,40.5697,27.31,25.75,2724,15256813.0,6.575581780876284e-05
2024-07-25,09:44:09,40.5749,27.31,25.75,2723,15256813.0,6.586107366057399e-05
2024-07-25,09:44:09,40.5801,27.31,25.75,2722,15256814.0,6.596649799625023e-05
2024-07-25,09:44:09,40.5855,27.31,25.75,2722,15256815.0,6.596649799625023e-05
2024-07-25,09:44:09,40.5908,27.31,25.75,2722,15256814.0,6.596649799625023e-05
2024-07-25,09:44:09,40.596,27.31,25.75,2723,15256813.0,6.586107366057399e-05
2024-07-25,09:44:09,40.6014,27.31,25.75,2724,15256812.0,6.575581780876284e-05
2024-07-25,09:44:09,40.6066,27.31,25.75,2724,15256814.0,6.575581780876284e-05
2024-07-25,09:44:09,40.6119,27.31,25.75,2723,15256815.0,6.586107366057399e-05
2024-07-25,09:44:09,40.6173,27.31,25.75,2723,15256815.0,6.586107366057399e-05
2024-07-25,09:44:09,40.6226,27.31,25.75,2723,15256814.0,6.586107366057399e-05
2024-07-25,09:44:09,40.6279,27.31,25.75,2723,15256813.0,6.586107366057399e-05
2024-07-25,09:44:09,40.6331,27.31,25.75,2723,15256814.0,6.586107366057399e-05
2024-07-25,09:44:09,40.6384,27.31,25.75,2722,15256813.0,6.596649799625023e-05
2024-07-25,09:44:09,40.6436,27.31,25.75,2721,15256814.0,6.607209108548514e-05
2024-07-25,09:44:09,40.649,27.31,25.75,2722,15256815.0,6.596649799625023e-05
2024-07-25,09:44:09,40.6544,27.31,25.75,2723,15256815.0,6.586107366057399e-05
2024-07-25,09:44:09,40.6596,27.31,25.75,2723,15256815.0,6.586107366057399e-05
2024-07-25,09:44:09,40.6648,27.31,25.75,2723,15256815.0,6.586107366057399e-05
2024-07-25,09:44:09,40.67,27.31,25.75,2723,15256815.0,6.586107366057399e-05
2024-07-25,09:44:09,40.6754,27.25,25.75,2723,15256815.0,6.586107366057399e-05
2024-07-25,09:44:09,40.6806,27.25,25.75,2722,15256814.0,6.596649799625023e-05
2024-07-25,09:44:09,40.6859,27.25,25.75,2722,15256814.0,6.596649799625023e-05
2024-07-25,09:44:09,40.6913,27.25,25.75,2722,15256813.0,6.596649799625023e-05
2024-07-25,09:44:09,40.6966,27.25,25.75,2721,15256814.0,6.607209108548514e-05
2024-07-25,09:44:09,40.7019,27.25,25.75,2722,15256816.0,6.596649799625023e-05
2024-07-25,09:44:09,40.7071,27.25,25.75,2723,15256816.0,6.586107366057399e-05
2024-07-25,09:44:09,40.7124,27.25,25.75,2722,15256812.0,6.596649799625023e-05
2024-07-25,09:44:09,40.7176,27.25,25.75,2722,15256812.0,6.596649799625023e-05
2024-07-25,09:44:09,40.723,27.25,25.75,2723,15256814.0,6.586107366057399e-05
2024-07-25,09:44:10,40.7284,27.25,25.75,2723,15256815.0,6.586107366057399e-05
2024-07-25,09:44:10,40.7336,27.25,25.75,2722,15256814.0,6.596649799625023e-05
2024-07-25,09:44:10,40.7389,27.25,25.75,2721,15256814.0,6.607209108548514e-05
2024-07-25,09:44:10,40.7441,27.25,25.75,2721,15256814.0,6.607209108548514e-05
2024-07-25,09:44:10,40.7495,27.25,25.75,2721,15256814.0,6.607209108548514e-05
2024-07-25,09:44:10,40.7549,27.25,25.75,2721,15256814.0,6.607209108548514e-05
2024-07-25,09:44:10,40.76,27.25,25.75,2721,15256814.0,6.607209108548514e-05
2024-07-25,09:44:10,40.7652,27.25,25.75,2721,15256815.0,6.607209108548514e-05
2024-07-25,09:44:10,40.7705,27.25,25.75,2721,15256815.0,6.607209108548514e-05
2024-07-25,09:44:10,40.7757,27.25,25.75,2720,15256811.0,6.61778531984037e-05
2024-07-25,09:44:10,40.7812,27.25,25.75,2720,15256811.0,6.61778531984037e-05
2024-07-25,09:44:10,40.7866,27.25,25.75,2720,15256811.0,6.61778531984037e-05
2024-07-25,09:44:10,40.7919,27.25,25.75,2720,15256811.0,6.61778531984037e-05
2024-07-25,09:44:10,40.7971,27.25,25.75,2720,15256812.0,6.61778531984037e-05
2024-07-25,09:44:10,40.8025,27.25,25.75,2720,15256812.0,6.61778531984037e-05
2024-07-25,09:44:10,40.8079,27.25,25.75,2720,15256811.0,6.61778531984037e-05
2024-07-25,09:44:10,40.8131,27.25,25.75,2719,15256811.0,6.62837846055636e-05
2024-07-25,09:44:10,40.8185,27.25,25.75,2719,15256816.0,6.62837846055636e-05
2024-07-25,09:44:10,40.8239,27.25,25.75,2720,15256816.0,6.61778531984037e-05
2024-07-25,09:44:10,40.8291,27.25,25.75,2720,15256815.0,6.61778531984037e-05
2024-07-25,09:44:10,40.8344,27.25,25.75,2720,15256815.0,6.61778531984037e-05
2024-07-25,09:44:10,40.8396,27.25,25.75,2719,15256810.0,6.62837846055636e-05
2024-07-25,09:44:10,40.845,27.25,25.75,2718,15256810.0,6.63898855779553e-05
2024-07-25,09:44:10,40.8504,27.25,25.75,2718,15256812.0,6.63898855779553e-05
2024-07-25,09:44:10,40.8556,27.25,25.75,2718,15256812.0,6.63898855779553e-05
2024-07-25,09:44:10,40.861,27.25,25.75,2719,15256815.0,6.62837846055636e-05
2024-07-25,09:44:10,40.8662,27.25,25.75,2719,15256815.0,6.62837846055636e-05
2024-07-25,09:44:10,40.8715,27.25,25.75,2718,15256813.0,6.63898855779553e-05
2024-07-25,09:44:10,40.8769,27.25,25.75,2718,15256814.0,6.63898855779553e-05
2024-07-25,09:44:10,40.8822,27.25,25.75,2718,15256813.0,6.63898855779553e-05
2024-07-25,09:44:10,40.8876,27.25,25.75,2717,15256813.0,6.649615638700334e-05
2024-07-25,09:44:10,40.8929,27.25,25.75,2717,15256815.0,6.649615638700334e-05
2024-07-25,09:44:10,40.8981,27.25,25.75,2717,15256815.0,6.649615638700334e-05
2024-07-25,09:44:10,40.9035,27.25,25.75,2716,15256813.0,6.660259730456647e-05
2024-07-25,09:44:10,40.9089,27.25,25.75,2716,15256813.0,6.660259730456647e-05
2024-07-25,09:44:10,40.9141,27.25,25.75,2717,15256813.0,6.649615638700334e-05
2024-07-25,09:44:10,40.9193,27.25,25.75,2717,15256814.0,6.649615638700334e-05
2024-07-25,09:44:10,40.9247,27.25,25.75,2716,15256814.0,6.660259730456647e-05
2024-07-25,09:44:10,40.9301,27.25,25.75,2716,15256815.0,6.660259730456647e-05
2024-07-25,09:44:10,40.9355,27.25,25.75,2716,15256814.0,6.660259730456647e-05
2024-07-25,09:44:10,40.9409,27.25,25.75,2716,15256814.0,6.660259730456647e-05
2024-07-25,09:44:10,40.9462,27.25,25.75,2716,15256812.0,6.660259730456647e-05
2024-07-25,09:44:10,40.9516,27.25,25.75,2716,15256812.0,6.660259730456647e-05
2024-07-25,09:44:10,40.957,27.25,25.75,2716,15256811.0,6.660259730456647e-05
2024-07-25,09:44:10,40.9624,27.25,25.75,2716,15256812.0,6.660259730456647e-05
2024-07-25,09:44:10,40.9676,27.25,25.75,2716,15256816.0,6.660259730456647e-05
2024-07-25,09:44:10,40.9729,27.25,25.75,2716,15256816.0,6.660259730456647e-05
2024-07-25,09:44:10,40.9782,27.25,25.75,2717,15256816.0,6.649615638700334e-05
2024-07-25,09:44:10,40.9836,27.25,25.75,2717,15256816.0,6.649615638700334e-05
2024-07-25,09:44:10,40.989,27.25,25.75,2716,15256815.0,6.660259730456647e-05
2024-07-25,09:44:10,40.9944,27.25,25.75,2716,15256815.0,6.660259730456647e-05
2024-07-25,09:44:10,40.9996,27.25,25.75,2716,15256812.0,6.660259730456647e-05
2024-07-25,09:44:10,41.0049,27.25,25.75,2716,15256812.0,6.660259730456647e-05
2024-07-25,09:44:10,41.0102,27.25,25.75,2716,15256813.0,6.660259730456647e-05
2024-07-25,09:44:10,41.0156,27.25,25.75,2716,15256812.0,6.660259730456647e-05
2024-07-25,09:44:10,41.021,27.25,25.75,2716,15256814.0,6.660259730456647e-05
2024-07-25,09:44:10,41.0262,27.25,25.75,2716,15256814.0,6.660259730456647e-05
2024-07-25,09:44:10,41.0315,27.25,25.75,2716,15256813.0,6.660259730456647e-05
2024-07-25,09:44:10,41.0369,27.25,25.75,2716,15256814.0,6.660259730456647e-05
2024-07-25,09:44:10,41.0422,27.25,25.75,2716,15256812.0,6.660259730456647e-05
2024-07-25,09:44:10,41.0476,27.25,25.75,2716,15256812.0,6.660259730456647e-05
2024-07-25,09:44:10,41.053,27.25,25.75,2715,15256812.0,6.670920860293882e-05
2024-07-25,09:44:10,41.0584,27.25,25.75,2714,15256812.0,6.681599055485017e-05
2024-07-25,09:44:10,41.0637,27.25,25.75,2715,15256814.0,6.670920860293882e-05
2024-07-25,09:44:10,41.0691,27.25,25.75,2715,15256814.0,6.670920860293882e-05
2024-07-25,09:44:10,41.0745,27.25,25.75,2715,15256813.0,6.670920860293882e-05
2024-07-25,09:44:10,41.0799,27.25,25.75,2716,15256813.0,6.660259730456647e-05
2024-07-25,09:44:10,41.0851,27.25,25.75,2715,15256812.0,6.670920860293882e-05
2024-07-25,09:44:10,41.0905,27.25,25.75,2714,15256812.0,6.681599055485017e-05
2024-07-25,09:44:10,41.0959,27.25,25.75,2715,15256813.0,6.670920860293882e-05
2024-07-25,09:44:10,41.1011,27.25,25.75,2716,15256813.0,6.660259730456647e-05
2024-07-25,09:44:10,41.1065,27.25,25.75,2716,15256813.0,6.660259730456647e-05
2024-07-25,09:44:10,41.1119,27.25,25.75,2716,15256813.0,6.660259730456647e-05
2024-07-25,09:44:10,41.1172,27.25,25.75,2716,15256817.0,6.660259730456647e-05
2024-07-25,09:44:10,41.1226,27.25,25.75,2715,15256817.0,6.670920860293882e-05
2024-07-25,09:44:10,41.128,27.25,25.75,2714,15256814.0,6.681599055485017e-05
2024-07-25,09:44:10,41.1334,27.25,25.75,2714,15256813.0,6.681599055485017e-05
2024-07-25,09:44:10,41.1386,27.25,25.75,2715,15256815.0,6.670920860293882e-05
2024-07-25,09:44:10,41.144,27.25,25.75,2716,15256815.0,6.660259730456647e-05
2024-07-25,09:44:10,41.1494,27.25,25.75,2716,15256813.0,6.660259730456647e-05
2024-07-25,09:44:10,41.1547,27.25,25.75,2716,15256813.0,6.660259730456647e-05
2024-07-25,09:44:10,41.1601,27.25,25.75,2715,15256813.0,6.670920860293882e-05
2024-07-25,09:44:10,41.1654,27.25,25.75,2714,15256814.0,6.681599055485017e-05
2024-07-25,09:44:10,41.1707,27.25,25.75,2714,15256814.0,6.681599055485017e-05
2024-07-25,09:44:10,41.1761,27.31,25.75,2714,15256814.0,6.681599055485017e-05
2024-07-25,09:44:10,41.1815,27.31,25.75,2714,15256814.0,6.681599055485017e-05
2024-07-25,09:44:10,41.1869,27.31,25.75,2715,15256813.0,6.670920860293882e-05
2024-07-25,09:44:10,41.1922,27.31,25.75,2715,15256814.0,6.670920860293882e-05
2024-07-25,09:44:10,41.1976,27.31,25.75,2714,15256814.0,6.681599055485017e-05
2024-07-25,09:44:10,41.203,27.31,25.75,2714,15256813.0,6.681599055485017e-05
2024-07-25,09:44:10,41.2084,27.31,25.75,2713,15256814.0,6.692294343346708e-05
2024-07-25,09:44:10,41.2136,27.31,25.75,2713,15256814.0,6.692294343346708e-05
2024-07-25,09:44:10,41.2189,27.31,25.75,2714,15256813.0,6.681599055485017e-05
2024-07-25,09:44:10,41.2242,27.31,25.75,2713,15256812.0,6.692294343346708e-05
2024-07-25,09:44:10,41.2297,27.31,25.75,2713,15256812.0,6.692294343346708e-05
2024-07-25,09:44:10,41.2351,27.31,25.75,2714,15256813.0,6.681599055485017e-05
2024-07-25,09:44:10,41.2405,27.31,25.75,2714,15256812.0,6.681599055485017e-05
2024-07-25,09:44:10,41.246,27.31,25.75,2713,15256811.0,6.692294343346708e-05
2024-07-25,09:44:10,41.2514,27.31,25.75,2713,15256811.0,6.692294343346708e-05
2024-07-25,09:44:10,41.2566,27.31,25.75,2714,15256814.0,6.681599055485017e-05
2024-07-25,09:44:10,41.2619,27.31,25.75,2714,15256813.0,6.681599055485017e-05
2024-07-25,09:44:10,41.2673,27.31,25.75,2713,15256814.0,6.692294343346708e-05
2024-07-25,09:44:10,41.2728,27.31,25.75,2712,15256814.0,6.703006751239318e-05
2024-07-25,09:44:10,41.2781,27.31,25.75,2713,15256816.0,6.692294343346708e-05
2024-07-25,09:44:10,41.2834,27.31,25.75,2713,15256816.0,6.692294343346708e-05
2024-07-25,09:44:10,41.2888,27.31,25.75,2712,15256813.0,6.703006751239318e-05
2024-07-25,09:44:10,41.2941,27.31,25.75,2713,15256813.0,6.692294343346708e-05
2024-07-25,09:44:10,41.2995,27.31,25.75,2714,15256814.0,6.681599055485017e-05
2024-07-25,09:44:10,41.3049,27.31,25.75,2714,15256815.0,6.681599055485017e-05
2024-07-25,09:44:10,41.3101,27.31,25.75,2714,15256815.0,6.681599055485017e-05
2024-07-25,09:44:10,41.3155,27.31,25.75,2714,15256815.0,6.681599055485017e-05
2024-07-25,09:44:10,41.3209,27.31,25.75,2714,15256814.0,6.681599055485017e-05
2024-07-25,09:44:10,41.3263,27.31,25.75,2714,15256813.0,6.681599055485017e-05
2024-07-25,09:44:10,41.3316,27.31,25.75,2713,15256811.0,6.692294343346708e-05
2024-07-25,09:44:10,41.3369,27.31,25.75,2712,15256812.0,6.703006751239318e-05
2024-07-25,09:44:10,41.3424,27.31,25.75,2712,15256816.0,6.703006751239318e-05
2024-07-25,09:44:10,41.3478,27.31,25.75,2712,15256816.0,6.703006751239318e-05
2024-07-25,09:44:10,41.353,27.31,25.75,2713,15256816.0,6.692294343346708e-05
2024-07-25,09:44:10,41.3584,27.31,25.75,2713,15256815.0,6.692294343346708e-05
2024-07-25,09:44:10,41.3638,27.31,25.75,2712,15256813.0,6.703006751239318e-05
2024-07-25,09:44:10,41.3691,27.31,25.75,2713,15256812.0,6.692294343346708e-05
2024-07-25,09:44:10,41.3745,27.31,25.75,2713,15256813.0,6.692294343346708e-05
2024-07-25,09:44:10,41.3799,27.31,25.75,2712,15256814.0,6.703006751239318e-05
2024-07-25,09:44:10,41.3853,27.31,25.75,2713,15256814.0,6.692294343346708e-05
2024-07-25,09:44:10,41.3906,27.31,25.75,2713,15256814.0,6.692294343346708e-05
2024-07-25,09:44:10,41.396,27.31,25.75,2712,15256812.0,6.703006751239318e-05
2024-07-25,09:44:10,41.4014,27.31,25.75,2712,15256813.0,6.703006751239318e-05
2024-07-25,09:44:10,41.4068,27.31,25.75,2712,15256813.0,6.703006751239318e-05
2024-07-25,09:44:10,41.4121,27.31,25.75,2712,15256813.0,6.703006751239318e-05
2024-07-25,09:44:10,41.4175,27.31,25.75,2712,15256815.0,6.703006751239318e-05
2024-07-25,09:44:10,41.4229,27.31,25.75,2712,15256815.0,6.703006751239318e-05
2024-07-25,09:44:10,41.4283,27.31,25.75,2712,15256815.0,6.703006751239318e-05
2024-07-25,09:44:10,41.4337,27.31,25.75,2712,15256815.0,6.703006751239318e-05
2024-07-25,09:44:10,41.4389,27.31,25.75,2712,15256815.0,6.703006751239318e-05
2024-07-25,09:44:10,41.4443,27.31,25.75,2712,15256815.0,6.703006751239318e-05
2024-07-25,09:44:10,41.4497,27.31,25.75,2712,15256813.0,6.703006751239318e-05
2024-07-25,09:44:10,41.455,27.31,25.75,2712,15256812.0,6.703006751239318e-05
2024-07-25,09:44:10,41.4604,27.31,25.75,2712,15256814.0,6.703006751239318e-05
2024-07-25,09:44:10,41.4657,27.31,25.75,2712,15256814.0,6.703006751239318e-05
2024-07-25,09:44:10,41.471,27.31,25.75,2712,15256813.0,6.703006751239318e-05
2024-07-25,09:44:10,41.4765,27.31,25.75,2712,15256813.0,6.703006751239318e-05
2024-07-25,09:44:10,41.4819,27.31,25.75,2712,15256813.0,6.703006751239318e-05
2024-07-25,09:44:10,41.4873,27.31,25.75,2712,15256813.0,6.703006751239318e-05
2024-07-25,09:44:10,41.4927,27.31,25.75,2711,15256813.0,6.713736306567024e-05
2024-07-25,09:44:10,41.498,27.31,25.75,2711,15256814.0,6.713736306567024e-05
2024-07-25,09:44:10,41.5034,27.31,25.75,2712,15256813.0,6.703006751239318e-05
2024-07-25,09:44:10,41.5088,27.31,25.75,2712,15256812.0,6.703006751239318e-05
2024-07-25,09:44:10,41.5142,27.31,25.75,2711,15256812.0,6.713736306567024e-05
2024-07-25,09:44:10,41.5195,27.31,25.75,2711,15256812.0,6.713736306567024e-05
2024-07-25,09:44:10,41.525,27.31,25.75,2712,15256813.0,6.703006751239318e-05
2024-07-25,09:44:10,41.5303,27.31,25.75,2711,15256813.0,6.713736306567024e-05
2024-07-25,09:44:10,41.5355,27.31,25.75,2711,15256813.0,6.713736306567024e-05
2024-07-25,09:44:10,41.541,27.31,25.75,2712,15256813.0,6.703006751239318e-05
2024-07-25,09:44:10,41.5464,27.31,25.75,2712,15256815.0,6.703006751239318e-05
2024-07-25,09:44:10,41.5518,27.31,25.75,2712,15256815.0,6.703006751239318e-05
2024-07-25,09:44:10,41.5572,27.31,25.75,2712,15256815.0,6.703006751239318e-05
2024-07-25,09:44:10,41.5625,27.31,25.75,2712,15256815.0,6.703006751239318e-05
2024-07-25,09:44:10,41.5679,27.31,25.75,2712,15256814.0,6.703006751239318e-05
2024-07-25,09:44:10,41.5733,27.31,25.75,2712,15256813.0,6.703006751239318e-05
2024-07-25,09:44:10,41.5787,27.31,25.75,2712,15256815.0,6.703006751239318e-05
2024-07-25,09:44:10,41.5839,27.31,25.75,2712,15256816.0,6.703006751239318e-05
2024-07-25,09:44:10,41.5893,27.31,25.75,2711,15256814.0,6.713736306567024e-05
2024-07-25,09:44:10,41.5947,27.31,25.75,2711,15256814.0,6.713736306567024e-05
2024-07-25,09:44:10,41.6001,27.31,25.75,2712,15256815.0,6.703006751239318e-05
2024-07-25,09:44:10,41.6054,27.31,25.75,2712,15256814.0,6.703006751239318e-05
2024-07-25,09:44:10,41.6108,27.31,25.75,2712,15256812.0,6.703006751239318e-05
2024-07-25,09:44:10,41.6162,27.31,25.75,2712,15256812.0,6.703006751239318e-05
2024-07-25,09:44:10,41.6216,27.31,25.75,2711,15256815.0,6.713736306567024e-05
2024-07-25,09:44:10,41.6269,27.31,25.75,2711,15256816.0,6.713736306567024e-05
2024-07-25,09:44:10,41.6323,27.31,25.75,2711,15256813.0,6.713736306567024e-05
2024-07-25,09:44:10,41.6377,27.31,25.75,2711,15256813.0,6.713736306567024e-05
2024-07-25,09:44:10,41.6431,27.31,25.75,2711,15256813.0,6.713736306567024e-05
2024-07-25,09:44:10,41.6486,27.31,25.75,2710,15256814.0,6.724483036777847e-05
2024-07-25,09:44:10,41.6539,27.31,25.75,2710,15256814.0,6.724483036777847e-05
2024-07-25,09:44:10,41.6593,27.31,25.75,2710,15256814.0,6.724483036777847e-05
2024-07-25,09:44:10,41.6647,27.31,25.75,2710,15256815.0,6.724483036777847e-05
2024-07-25,09:44:10,41.6701,27.31,25.75,2710,15256815.0,6.724483036777847e-05
2024-07-25,09:44:10,41.6754,27.31,25.75,2710,15256813.0,6.724483036777847e-05
2024-07-25,09:44:10,41.6808,27.31,25.75,2710,15256813.0,6.724483036777847e-05
2024-07-25,09:44:10,41.6862,27.31,25.75,2710,15256812.0,6.724483036777847e-05
2024-07-25,09:44:10,41.6914,27.31,25.75,2710,15256812.0,6.724483036777847e-05
2024-07-25,09:44:10,41.6968,27.31,25.75,2710,15256812.0,6.724483036777847e-05
2024-07-25,09:44:10,41.7022,27.31,25.75,2710,15256812.0,6.724483036777847e-05
2024-07-25,09:44:10,41.7076,27.31,25.75,2711,15256814.0,6.713736306567024e-05
2024-07-25,09:44:10,41.7129,27.31,25.75,2711,15256814.0,6.713736306567024e-05
2024-07-25,09:44:10,41.7183,27.31,25.75,2709,15256810.0,6.735246969363769e-05
2024-07-25,09:44:10,41.7238,27.31,25.75,2710,15256809.0,6.724483036777847e-05
2024-07-25,09:44:11,41.7292,27.31,25.75,2711,15256814.0,6.713736306567024e-05
2024-07-25,09:44:11,41.7346,27.31,25.75,2710,15256814.0,6.724483036777847e-05
2024-07-25,09:44:11,41.74,27.31,25.75,2709,15256811.0,6.735246969363769e-05
2024-07-25,09:44:11,41.7453,27.31,25.75,2709,15256811.0,6.735246969363769e-05
2024-07-25,09:44:11,41.7507,27.31,25.75,2710,15256812.0,6.724483036777847e-05
2024-07-25,09:44:11,41.7561,27.31,25.75,2710,15256812.0,6.724483036777847e-05
2024-07-25,09:44:11,41.7616,27.31,25.75,2710,15256811.0,6.724483036777847e-05
2024-07-25,09:44:11,41.767,27.31,25.75,2710,15256811.0,6.724483036777847e-05
2024-07-25,09:44:11,41.7723,27.31,25.75,2710,15256813.0,6.724483036777847e-05
2024-07-25,09:44:11,41.7777,27.31,25.75,2710,15256814.0,6.724483036777847e-05
2024-07-25,09:44:11,41.7831,27.31,25.75,2710,15256812.0,6.724483036777847e-05
2024-07-25,09:44:11,41.7885,27.31,25.75,2710,15256812.0,6.724483036777847e-05
2024-07-25,09:44:11,41.7938,27.31,25.75,2709,15256812.0,6.735246969363769e-05
2024-07-25,09:44:11,41.7992,27.31,25.75,2709,15256812.0,6.735246969363769e-05
2024-07-25,09:44:11,41.8046,27.31,25.75,2710,15256813.0,6.724483036777847e-05
2024-07-25,09:44:11,41.8101,27.31,25.75,2710,15256814.0,6.724483036777847e-05
2024-07-25,09:44:11,41.8155,27.31,25.75,2709,15256812.0,6.735246969363769e-05
2024-07-25,09:44:11,41.8207,27.31,25.75,2709,15256812.0,6.735246969363769e-05
2024-07-25,09:44:11,41.8262,27.31,25.75,2710,15256812.0,6.724483036777847e-05
2024-07-25,09:44:11,41.8317,27.31,25.75,2710,15256812.0,6.724483036777847e-05
2024-07-25,09:44:11,41.8371,27.31,25.75,2710,15256812.0,6.724483036777847e-05
2024-07-25,09:44:11,41.8425,27.31,25.75,2710,15256811.0,6.724483036777847e-05
2024-07-25,09:44:11,41.8479,27.31,25.75,2710,15256812.0,6.724483036777847e-05
2024-07-25,09:44:11,41.8532,27.31,25.75,2710,15256812.0,6.724483036777847e-05
2024-07-25,09:44:11,41.8586,27.31,25.75,2710,15256813.0,6.724483036777847e-05
2024-07-25,09:44:11,41.8641,27.31,25.75,2710,15256814.0,6.724483036777847e-05
2024-07-25,09:44:11,41.8695,27.31,25.75,2710,15256812.0,6.724483036777847e-05
2024-07-25,09:44:11,41.8749,27.31,25.75,2710,15256811.0,6.724483036777847e-05
2024-07-25,09:44:11,41.8802,27.31,25.75,2710,15256812.0,6.724483036777847e-05
2024-07-25,09:44:11,41.8856,27.31,25.75,2711,15256812.0,6.713736306567024e-05
2024-07-25,09:44:11,41.891,27.31,25.75,2711,15256812.0,6.713736306567024e-05
2024-07-25,09:44:11,41.8964,27.31,25.75,2710,15256812.0,6.724483036777847e-05
2024-07-25,09:44:11,41.9019,27.31,25.75,2710,15256814.0,6.724483036777847e-05
2024-07-25,09:44:11,41.9073,27.31,25.75,2710,15256814.0,6.724483036777847e-05
2024-07-25,09:44:11,41.9125,27.31,25.75,2710,15256813.0,6.724483036777847e-05
2024-07-25,09:44:11,41.9179,27.31,25.75,2711,15256812.0,6.713736306567024e-05
2024-07-25,09:44:11,41.9234,27.31,25.75,2711,15256812.0,6.713736306567024e-05
2024-07-25,09:44:11,41.9288,27.31,25.75,2711,15256812.0,6.713736306567024e-05
2024-07-25,09:44:11,41.9341,27.31,25.75,2711,15256812.0,6.713736306567024e-05
2024-07-25,09:44:11,41.9395,27.31,25.75,2710,15256812.0,6.724483036777847e-05
2024-07-25,09:44:11,41.9449,27.31,25.75,2710,15256812.0,6.724483036777847e-05
2024-07-25,09:44:11,41.9504,27.31,25.75,2710,15256812.0,6.724483036777847e-05
2024-07-25,09:44:11,41.9559,27.31,25.75,2710,15256813.0,6.724483036777847e-05
2024-07-25,09:44:11,41.9613,27.31,25.75,2711,15256812.0,6.713736306567024e-05
2024-07-25,09:44:11,41.9666,27.31,25.75,2711,15256812.0,6.713736306567024e-05
2024-07-25,09:44:11,41.972,27.31,25.75,2711,15256812.0,6.713736306567024e-05
2024-07-25,09:44:11,41.9773,27.31,25.75,2711,15256813.0,6.713736306567024e-05
2024-07-25,09:44:11,41.9826,27.31,25.75,2710,15256814.0,6.724483036777847e-05
2024-07-25,09:44:11,41.988,27.31,25.75,2710,15256814.0,6.724483036777847e-05
2024-07-25,09:44:11,41.9934,27.31,25.75,2710,15256813.0,6.724483036777847e-05
2024-07-25,09:44:11,41.9989,27.31,25.75,2710,15256812.0,6.724483036777847e-05
2024-07-25,09:44:11,42.0043,27.31,25.75,2710,15256812.0,6.724483036777847e-05
2024-07-25,09:44:11,42.0097,27.31,25.75,2709,15256812.0,6.735246969363769e-05
2024-07-25,09:44:11,42.0152,27.31,25.75,2709,15256812.0,6.735246969363769e-05
2024-07-25,09:44:11,42.0205,27.31,25.75,2710,15256814.0,6.724483036777847e-05
2024-07-25,09:44:11,42.0259,27.31,25.75,2710,15256813.0,6.724483036777847e-05
2024-07-25,09:44:11,42.0313,27.31,25.75,2710,15256813.0,6.724483036777847e-05
2024-07-25,09:44:11,42.0365,27.31,25.75,2710,15256814.0,6.724483036777847e-05
2024-07-25,09:44:11,42.0419,27.31,25.75,2709,15256813.0,6.735246969363769e-05
2024-07-25,09:44:11,42.0474,27.31,25.75,2709,15256813.0,6.735246969363769e-05
2024-07-25,09:44:11,42.0528,27.31,25.75,2710,15256815.0,6.724483036777847e-05
2024-07-25,09:44:11,42.0582,27.31,25.75,2710,15256814.0,6.724483036777847e-05
2024-07-25,09:44:11,42.0637,27.31,25.75,2710,15256811.0,6.724483036777847e-05
2024-07-25,09:44:11,42.069,27.31,25.75,2710,15256811.0,6.724483036777847e-05
2024-07-25,09:44:11,42.0743,27.31,25.75,2710,15256812.0,6.724483036777847e-05
2024-07-25,09:44:11,42.0797,27.31,25.75,2711,15256812.0,6.713736306567024e-05
2024-07-25,09:44:11,42.085,27.31,25.75,2710,15256813.0,6.724483036777847e-05
2024-07-25,09:44:11,42.0905,27.31,25.75,2708,15256813.0,6.746028131860756e-05
2024-07-25,09:44:11,42.0961,27.31,25.75,2709,15256814.0,6.735246969363769e-05
2024-07-25,09:44:11,42.1013,27.31,25.75,2710,15256813.0,6.724483036777847e-05
2024-07-25,09:44:11,42.1067,27.31,25.75,2710,15256813.0,6.724483036777847e-05
2024-07-25,09:44:11,42.1122,27.31,25.75,2710,15256813.0,6.724483036777847e-05
2024-07-25,09:44:11,42.1177,27.31,25.75,2709,15256812.0,6.735246969363769e-05
2024-07-25,09:44:11,42.1229,27.31,25.75,2709,15256812.0,6.735246969363769e-05
2024-07-25,09:44:11,42.1283,27.31,25.75,2710,15256814.0,6.724483036777847e-05
2024-07-25,09:44:11,42.1338,27.31,25.75,2710,15256814.0,6.724483036777847e-05
2024-07-25,09:44:11,42.1391,27.31,25.75,2710,15256813.0,6.724483036777847e-05
2024-07-25,09:44:11,42.1444,27.31,25.75,2710,15256813.0,6.724483036777847e-05
2024-07-25,09:44:11,42.1499,27.31,25.75,2709,15256812.0,6.735246969363769e-05
2024-07-25,09:44:11,42.1553,27.31,25.75,2710,15256812.0,6.724483036777847e-05
2024-07-25,09:44:11,42.1607,27.31,25.75,2711,15256813.0,6.713736306567024e-05
2024-07-25,09:44:11,42.1661,27.31,25.75,2710,15256814.0,6.724483036777847e-05
2024-07-25,09:44:11,42.1714,27.31,25.75,2710,15256813.0,6.724483036777847e-05
2024-07-25,09:44:11,42.1768,27.31,25.75,2710,15256813.0,6.724483036777847e-05
2024-07-25,09:44:11,42.1822,27.38,25.75,2710,15256813.0,6.724483036777847e-05
2024-07-25,09:44:11,42.1877,27.38,25.75,2710,15256813.0,6.724483036777847e-05
2024-07-25,09:44:11,42.1931,27.38,25.75,2710,15256812.0,6.724483036777847e-05
2024-07-25,09:44:11,42.1985,27.38,25.75,2710,15256812.0,6.724483036777847e-05
2024-07-25,09:44:11,42.2038,27.38,25.75,2711,15256816.0,6.713736306567024e-05
2024-07-25,09:44:11,42.2092,27.38,25.75,2711,15256816.0,6.713736306567024e-05
2024-07-25,09:44:11,42.2146,27.38,25.75,2709,15256811.0,6.735246969363769e-05
2024-07-25,09:44:11,42.22,27.38,25.75,2709,15256811.0,6.735246969363769e-05
2024-07-25,09:44:11,42.2253,27.38,25.75,2710,15256815.0,6.724483036777847e-05
2024-07-25,09:44:11,42.2306,27.38,25.75,2710,15256814.0,6.724483036777847e-05
2024-07-25,09:44:11,42.2361,27.38,25.75,2710,15256814.0,6.724483036777847e-05
2024-07-25,09:44:11,42.2416,27.38,25.75,2711,15256814.0,6.713736306567024e-05
2024-07-25,09:44:11,42.247,27.38,25.75,2711,15256814.0,6.713736306567024e-05
2024-07-25,09:44:11,42.2523,27.38,25.75,2710,15256814.0,6.724483036777847e-05
2024-07-25,09:44:11,42.2577,27.38,25.75,2710,15256815.0,6.724483036777847e-05
2024-07-25,09:44:11,42.2631,27.38,25.75,2710,15256815.0,6.724483036777847e-05
2024-07-25,09:44:11,42.2685,27.38,25.75,2710,15256812.0,6.724483036777847e-05
2024-07-25,09:44:11,42.274,27.38,25.75,2711,15256812.0,6.713736306567024e-05
2024-07-25,09:44:11,42.2793,27.38,25.75,2711,15256815.0,6.713736306567024e-05
2024-07-25,09:44:11,42.2847,27.38,25.75,2711,15256816.0,6.713736306567024e-05
2024-07-25,09:44:11,42.2901,27.38,25.75,2711,15256815.0,6.713736306567024e-05
2024-07-25,09:44:11,42.2955,27.38,25.75,2710,15256816.0,6.724483036777847e-05
2024-07-25,09:44:11,42.3009,27.38,25.75,2711,15256815.0,6.713736306567024e-05
2024-07-25,09:44:11,42.3062,27.38,25.75,2712,15256815.0,6.703006751239318e-05
2024-07-25,09:44:11,42.3117,27.38,25.75,2711,15256814.0,6.713736306567024e-05
2024-07-25,09:44:11,42.3171,27.38,25.75,2711,15256814.0,6.713736306567024e-05
2024-07-25,09:44:11,42.3225,27.38,25.75,2711,15256815.0,6.713736306567024e-05
2024-07-25,09:44:11,42.3279,27.38,25.75,2711,15256816.0,6.713736306567024e-05
2024-07-25,09:44:11,42.3331,27.38,25.75,2711,15256816.0,6.713736306567024e-05
2024-07-25,09:44:11,42.3385,27.38,25.75,2710,15256816.0,6.724483036777847e-05
2024-07-25,09:44:11,42.344,27.38,25.75,2711,15256815.0,6.713736306567024e-05
2024-07-25,09:44:11,42.3494,27.38,25.75,2712,15256815.0,6.703006751239318e-05
2024-07-25,09:44:11,42.3547,27.38,25.75,2711,15256814.0,6.713736306567024e-05
2024-07-25,09:44:11,42.3602,27.38,25.75,2710,15256815.0,6.724483036777847e-05
2024-07-25,09:44:11,42.3656,27.38,25.75,2710,15256814.0,6.724483036777847e-05
2024-07-25,09:44:11,42.3709,27.38,25.75,2711,15256814.0,6.713736306567024e-05
2024-07-25,09:44:11,42.3762,27.38,25.75,2711,15256815.0,6.713736306567024e-05
2024-07-25,09:44:11,42.3816,27.38,25.75,2712,15256814.0,6.703006751239318e-05
2024-07-25,09:44:11,42.387,27.38,25.75,2712,15256810.0,6.703006751239318e-05
2024-07-25,09:44:11,42.3925,27.38,25.75,2710,15256812.0,6.724483036777847e-05
2024-07-25,09:44:11,42.3979,27.38,25.75,2710,15256815.0,6.724483036777847e-05
2024-07-25,09:44:11,42.4033,27.38,25.75,2711,15256815.0,6.713736306567024e-05
2024-07-25,09:44:11,42.4086,27.38,25.75,2712,15256815.0,6.703006751239318e-05
2024-07-25,09:44:11,42.414,27.38,25.75,2711,15256815.0,6.713736306567024e-05
2024-07-25,09:44:11,42.4194,27.38,25.75,2711,15256816.0,6.713736306567024e-05
2024-07-25,09:44:11,42.4248,27.38,25.75,2712,15256815.0,6.703006751239318e-05
2024-07-25,09:44:11,42.4301,27.38,25.75,2712,15256816.0,6.703006751239318e-05
2024-07-25,09:44:11,42.4354,27.38,25.75,2712,15256816.0,6.703006751239318e-05
2024-07-25,09:44:11,42.4408,27.38,25.75,2712,15256814.0,6.703006751239318e-05
2024-07-25,09:44:11,42.4461,27.38,25.75,2712,15256814.0,6.703006751239318e-05
2024-07-25,09:44:11,42.4515,27.38,25.75,2711,15256814.0,6.713736306567024e-05
2024-07-25,09:44:11,42.457,27.38,25.75,2710,15256814.0,6.724483036777847e-05
2024-07-25,09:44:11,42.4624,27.38,25.75,2710,15256812.0,6.724483036777847e-05
2024-07-25,09:44:11,42.4678,27.38,25.75,2711,15256812.0,6.713736306567024e-05
2024-07-25,09:44:11,42.4733,27.38,25.75,2712,15256815.0,6.703006751239318e-05
2024-07-25,09:44:11,42.4786,27.38,25.75,2712,15256816.0,6.703006751239318e-05
2024-07-25,09:44:11,42.4839,27.38,25.75,2711,15256814.0,6.713736306567024e-05
2024-07-25,09:44:11,42.4893,27.38,25.75,2710,15256814.0,6.724483036777847e-05
2024-07-25,09:44:11,42.4948,27.38,25.75,2710,15256813.0,6.724483036777847e-05
2024-07-25,09:44:11,42.5003,27.38,25.75,2710,15256813.0,6.724483036777847e-05
2024-07-25,09:44:11,42.5057,27.38,25.75,2710,15256813.0,6.724483036777847e-05
2024-07-25,09:44:11,42.511,27.38,25.75,2710,15256814.0,6.724483036777847e-05
2024-07-25,09:44:11,42.5164,27.38,25.75,2710,15256812.0,6.724483036777847e-05
2024-07-25,09:44:11,42.5217,27.38,25.75,2710,15256812.0,6.724483036777847e-05
2024-07-25,09:44:11,42.527,27.38,25.75,2710,15256814.0,6.724483036777847e-05
2024-07-25,09:44:11,42.5325,27.38,25.75,2710,15256813.0,6.724483036777847e-05
2024-07-25,09:44:11,42.5379,27.38,25.75,2710,15256811.0,6.724483036777847e-05
2024-07-25,09:44:11,42.5433,27.38,25.75,2711,15256811.0,6.713736306567024e-05
2024-07-25,09:44:11,42.5487,27.38,25.75,2711,15256812.0,6.713736306567024e-05
2024-07-25,09:44:11,42.554,27.38,25.75,2711,15256812.0,6.713736306567024e-05
2024-07-25,09:44:11,42.5595,27.38,25.75,2711,15256812.0,6.713736306567024e-05
2024-07-25,09:44:11,42.565,27.38,25.75,2711,15256812.0,6.713736306567024e-05
2024-07-25,09:44:11,42.5704,27.38,25.75,2711,15256813.0,6.713736306567024e-05
2024-07-25,09:44:11,42.5758,27.38,25.75,2711,15256813.0,6.713736306567024e-05
2024-07-25,09:44:11,42.5813,27.38,25.75,2711,15256812.0,6.713736306567024e-05
2024-07-25,09:44:11,42.5865,27.38,25.75,2711,15256812.0,6.713736306567024e-05
2024-07-25,09:44:11,42.5918,27.38,25.75,2711,15256812.0,6.713736306567024e-05
2024-07-25,09:44:11,42.5973,27.38,25.75,2710,15256812.0,6.724483036777847e-05
2024-07-25,09:44:11,42.6027,27.38,25.75,2710,15256813.0,6.724483036777847e-05
2024-07-25,09:44:11,42.6081,27.38,25.75,2710,15256813.0,6.724483036777847e-05
2024-07-25,09:44:11,42.6136,27.38,25.75,2710,15256814.0,6.724483036777847e-05
2024-07-25,09:44:11,42.6189,27.38,25.75,2710,15256814.0,6.724483036777847e-05
2024-07-25,09:44:11,42.6243,27.38,25.75,2710,15256814.0,6.724483036777847e-05
2024-07-25,09:44:11,42.6297,27.38,25.75,2710,15256813.0,6.724483036777847e-05
2024-07-25,09:44:11,42.6351,27.38,25.75,2711,15256814.0,6.713736306567024e-05
2024-07-25,09:44:11,42.6404,27.38,25.75,2711,15256814.0,6.713736306567024e-05
2024-07-25,09:44:11,42.6458,27.38,25.75,2710,15256812.0,6.724483036777847e-05
2024-07-25,09:44:11,42.6512,27.38,25.75,2711,15256812.0,6.713736306567024e-05
2024-07-25,09:44:11,42.6566,27.38,25.75,2712,15256813.0,6.703006751239318e-05
2024-07-25,09:44:11,42.6619,27.38,25.75,2711,15256814.0,6.713736306567024e-05
2024-07-25,09:44:11,42.6673,27.38,25.75,2710,15256813.0,6.724483036777847e-05
2024-07-25,09:44:11,42.6727,27.38,25.75,2710,15256813.0,6.724483036777847e-05
2024-07-25,09:44:11,42.6781,27.38,25.75,2710,15256814.0,6.724483036777847e-05
2024-07-25,09:44:11,42.6834,27.31,25.75,2710,15256814.0,6.724483036777847e-05
2024-07-25,09:44:11,42.6888,27.31,25.75,2710,15256812.0,6.724483036777847e-05
2024-07-25,09:44:11,42.6943,27.31,25.75,2711,15256812.0,6.713736306567024e-05
2024-07-25,09:44:11,42.6997,27.31,25.75,2711,15256812.0,6.713736306567024e-05
2024-07-25,09:44:11,42.7051,27.31,25.75,2710,15256812.0,6.724483036777847e-05
2024-07-25,09:44:11,42.7105,27.31,25.75,2710,15256813.0,6.724483036777847e-05
2024-07-25,09:44:11,42.7158,27.31,25.75,2710,15256813.0,6.724483036777847e-05
2024-07-25,09:44:11,42.7213,27.31,25.75,2710,15256814.0,6.724483036777847e-05
2024-07-25,09:44:12,42.7267,27.31,25.75,2711,15256813.0,6.713736306567024e-05
2024-07-25,09:44:12,42.7321,27.31,25.75,2710,15256811.0,6.724483036777847e-05
2024-07-25,09:44:12,42.7375,27.31,25.75,2710,15256812.0,6.724483036777847e-05
2024-07-25,09:44:12,42.7428,27.31,25.75,2711,15256813.0,6.713736306567024e-05
2024-07-25,09:44:12,42.7483,27.31,25.75,2710,15256814.0,6.724483036777847e-05
2024-07-25,09:44:12,42.7537,27.31,25.75,2710,15256814.0,6.724483036777847e-05
2024-07-25,09:44:12,42.759,27.31,25.75,2710,15256813.0,6.724483036777847e-05
2024-07-25,09:44:12,42.7643,27.31,25.75,2710,15256813.0,6.724483036777847e-05
2024-07-25,09:44:12,42.7698,27.31,25.75,2710,15256813.0,6.724483036777847e-05
2024-07-25,09:44:12,42.7752,27.31,25.75,2710,15256814.0,6.724483036777847e-05
2024-07-25,09:44:12,42.7805,27.31,25.75,2710,15256814.0,6.724483036777847e-05
2024-07-25,09:44:12,42.7858,27.31,25.75,2710,15256814.0,6.724483036777847e-05
2024-07-25,09:44:12,42.7912,27.31,25.75,2710,15256814.0,6.724483036777847e-05
2024-07-25,09:44:12,42.7967,27.31,25.75,2709,15256813.0,6.735246969363769e-05
2024-07-25,09:44:12,42.8021,27.31,25.75,2709,15256812.0,6.735246969363769e-05
2024-07-25,09:44:12,42.8073,27.31,25.75,2710,15256813.0,6.724483036777847e-05
2024-07-25,09:44:12,42.8127,27.31,25.75,2710,15256812.0,6.724483036777847e-05
2024-07-25,09:44:12,42.8182,27.31,25.75,2709,15256813.0,6.735246969363769e-05
2024-07-25,09:44:12,42.8237,27.31,25.75,2709,15256813.0,6.735246969363769e-05
2024-07-25,09:44:12,42.8291,27.31,25.75,2710,15256815.0,6.724483036777847e-05
2024-07-25,09:44:12,42.8345,27.31,25.75,2710,15256815.0,6.724483036777847e-05
2024-07-25,09:44:12,42.8399,27.31,25.75,2710,15256815.0,6.724483036777847e-05
2024-07-25,09:44:12,42.8452,27.31,25.75,2710,15256814.0,6.724483036777847e-05
2024-07-25,09:44:12,42.8506,27.31,25.75,2710,15256813.0,6.724483036777847e-05
2024-07-25,09:44:12,42.856,27.31,25.75,2710,15256813.0,6.724483036777847e-05
2024-07-25,09:44:12,42.8614,27.31,25.75,2710,15256815.0,6.724483036777847e-05
2024-07-25,09:44:12,42.8667,27.31,25.75,2711,15256815.0,6.713736306567024e-05
2024-07-25,09:44:12,42.8721,27.31,25.75,2711,15256814.0,6.713736306567024e-05
2024-07-25,09:44:12,42.8775,27.31,25.75,2710,15256814.0,6.724483036777847e-05
2024-07-25,09:44:12,42.8829,27.31,25.75,2710,15256813.0,6.724483036777847e-05
2024-07-25,09:44:12,42.8884,27.31,25.75,2710,15256814.0,6.724483036777847e-05
2024-07-25,09:44:12,42.8937,27.31,25.75,2710,15256813.0,6.724483036777847e-05
2024-07-25,09:44:12,42.8991,27.31,25.75,2710,15256812.0,6.724483036777847e-05
2024-07-25,09:44:12,42.9045,27.31,25.75,2710,15256812.0,6.724483036777847e-05
2024-07-25,09:44:12,42.9099,27.31,25.75,2710,15256813.0,6.724483036777847e-05
2024-07-25,09:44:12,42.9153,27.31,25.75,2710,15256814.0,6.724483036777847e-05
2024-07-25,09:44:12,42.9205,27.31,25.75,2710,15256814.0,6.724483036777847e-05
2024-07-25,09:44:12,42.926,27.31,25.75,2710,15256814.0,6.724483036777847e-05
2024-07-25,09:44:12,42.9315,27.31,25.75,2710,15256813.0,6.724483036777847e-05
2024-07-25,09:44:12,42.9368,27.31,25.75,2710,15256814.0,6.724483036777847e-05
2024-07-25,09:44:12,42.942,27.31,25.75,2710,15256814.0,6.724483036777847e-05
2024-07-25,09:44:12,42.9475,27.31,25.75,2710,15256814.0,6.724483036777847e-05
2024-07-25,09:44:12,42.953,27.31,25.75,2710,15256814.0,6.724483036777847e-05
2024-07-25,09:44:12,42.9584,27.31,25.75,2709,15256814.0,6.735246969363769e-05
2024-07-25,09:44:12,42.9638,27.31,25.75,2709,15256814.0,6.735246969363769e-05
2024-07-25,09:44:12,42.9691,27.31,25.75,2710,15256814.0,6.724483036777847e-05
2024-07-25,09:44:12,42.9745,27.31,25.75,2710,15256813.0,6.724483036777847e-05
2024-07-25,09:44:12,42.9799,27.31,25.75,2710,15256814.0,6.724483036777847e-05
2024-07-25,09:44:12,42.9854,27.31,25.75,2709,15256814.0,6.735246969363769e-05
2024-07-25,09:44:12,42.9908,27.31,25.75,2709,15256815.0,6.735246969363769e-05
2024-07-25,09:44:12,42.996,27.31,25.75,2710,15256814.0,6.724483036777847e-05
2024-07-25,09:44:12,43.0014,27.31,25.75,2709,15256812.0,6.735246969363769e-05
2024-07-25,09:44:12,43.0069,27.31,25.75,2709,15256812.0,6.735246969363769e-05
2024-07-25,09:44:12,43.0123,27.31,25.75,2710,15256814.0,6.724483036777847e-05
2024-07-25,09:44:12,43.0177,27.31,25.75,2710,15256814.0,6.724483036777847e-05
2024-07-25,09:44:12,43.023,27.31,25.75,2709,15256813.0,6.735246969363769e-05
2024-07-25,09:44:12,43.0284,27.31,25.75,2709,15256813.0,6.735246969363769e-05
2024-07-25,09:44:12,43.0339,27.31,25.75,2711,15256817.0,6.713736306567024e-05
2024-07-25,09:44:12,43.0393,27.31,25.75,2711,15256817.0,6.713736306567024e-05
2024-07-25,09:44:12,43.0447,27.31,25.75,2710,15256815.0,6.724483036777847e-05
2024-07-25,09:44:12,43.05,27.31,25.75,2710,15256815.0,6.724483036777847e-05
2024-07-25,09:44:12,43.0554,27.31,25.75,2710,15256816.0,6.724483036777847e-05
2024-07-25,09:44:12,43.0608,27.31,25.75,2710,15256816.0,6.724483036777847e-05
2024-07-25,09:44:12,43.066,27.31,25.75,2710,15256813.0,6.724483036777847e-05
2024-07-25,09:44:12,43.0714,27.31,25.75,2710,15256813.0,6.724483036777847e-05
2024-07-25,09:44:12,43.0769,27.31,25.75,2709,15256813.0,6.735246969363769e-05
2024-07-25,09:44:12,43.0823,27.31,25.75,2709,15256812.0,6.735246969363769e-05
2024-07-25,09:44:12,43.0877,27.31,25.75,2709,15256812.0,6.735246969363769e-05
2024-07-25,09:44:12,43.0932,27.31,25.75,2709,15256811.0,6.735246969363769e-05
2024-07-25,09:44:12,43.0985,27.31,25.75,2710,15256814.0,6.724483036777847e-05
2024-07-25,09:44:12,43.1039,27.31,25.75,2710,15256815.0,6.724483036777847e-05
2024-07-25,09:44:12,43.1093,27.31,25.75,2710,15256815.0,6.724483036777847e-05
2024-07-25,09:44:12,43.1147,27.31,25.75,2710,15256815.0,6.724483036777847e-05
2024-07-25,09:44:12,43.1201,27.31,25.75,2710,15256813.0,6.724483036777847e-05
2024-07-25,09:44:12,43.1254,27.31,25.75,2710,15256813.0,6.724483036777847e-05
2024-07-25,09:44:12,43.1308,27.31,25.75,2711,15256815.0,6.713736306567024e-05
2024-07-25,09:44:12,43.1362,27.31,25.75,2711,15256814.0,6.713736306567024e-05
2024-07-25,09:44:12,43.1417,27.31,25.75,2710,15256813.0,6.724483036777847e-05
2024-07-25,09:44:12,43.1469,27.31,25.75,2710,15256813.0,6.724483036777847e-05
2024-07-25,09:44:12,43.1522,27.31,25.75,2710,15256812.0,6.724483036777847e-05
2024-07-25,09:44:12,43.1577,27.31,25.75,2710,15256811.0,6.724483036777847e-05
2024-07-25,09:44:12,43.1632,27.31,25.75,2710,15256814.0,6.724483036777847e-05
2024-07-25,09:44:12,43.1686,27.31,25.75,2711,15256814.0,6.713736306567024e-05
2024-07-25,09:44:12,43.1739,27.31,25.75,2710,15256813.0,6.724483036777847e-05
2024-07-25,09:44:12,43.1793,27.31,25.75,2710,15256813.0,6.724483036777847e-05
2024-07-25,09:44:12,43.1847,27.38,25.75,2711,15256813.0,6.713736306567024e-05
2024-07-25,09:44:12,43.1901,27.38,25.75,2710,15256813.0,6.724483036777847e-05
2024-07-25,09:44:12,43.1954,27.38,25.75,2710,15256812.0,6.724483036777847e-05
2024-07-25,09:44:12,43.2009,27.38,25.75,2710,15256813.0,6.724483036777847e-05
2024-07-25,09:44:12,43.2063,27.38,25.75,2710,15256812.0,6.724483036777847e-05
2024-07-25,09:44:12,43.2116,27.38,25.75,2710,15256812.0,6.724483036777847e-05
2024-07-25,09:44:12,43.2169,27.38,25.75,2710,15256814.0,6.724483036777847e-05
2024-07-25,09:44:12,43.2225,27.38,25.75,2710,15256814.0,6.724483036777847e-05
2024-07-25,09:44:12,43.2278,27.38,25.75,2710,15256813.0,6.724483036777847e-05
2024-07-25,09:44:12,43.2331,27.38,25.75,2710,15256813.0,6.724483036777847e-05
2024-07-25,09:44:12,43.2385,27.38,25.75,2709,15256812.0,6.735246969363769e-05
2024-07-25,09:44:12,43.2438,27.38,25.75,2709,15256813.0,6.735246969363769e-05
2024-07-25,09:44:12,43.2492,27.38,25.75,2710,15256812.0,6.724483036777847e-05
2024-07-25,09:44:12,43.2548,27.38,25.75,2710,15256812.0,6.724483036777847e-05
2024-07-25,09:44:12,43.2603,27.38,25.75,2709,15256812.0,6.735246969363769e-05
2024-07-25,09:44:12,43.2656,27.38,25.75,2709,15256812.0,6.735246969363769e-05
2024-07-25,09:44:12,43.271,27.38,25.75,2710,15256814.0,6.724483036777847e-05
2024-07-25,09:44:12,43.2765,27.38,25.75,2710,15256814.0,6.724483036777847e-05
2024-07-25,09:44:12,43.282,27.38,25.75,2710,15256813.0,6.724483036777847e-05
2024-07-25,09:44:12,43.2873,27.38,25.75,2710,15256813.0,6.724483036777847e-05
2024-07-25,09:44:12,43.2926,27.38,25.75,2710,15256812.0,6.724483036777847e-05
2024-07-25,09:44:12,43.298,27.38,25.75,2710,15256812.0,6.724483036777847e-05
2024-07-25,09:44:12,43.3033,27.38,25.75,2710,15256814.0,6.724483036777847e-05
2024-07-25,09:44:12,43.3087,27.38,25.75,2710,15256815.0,6.724483036777847e-05
2024-07-25,09:44:12,43.3141,27.38,25.75,2710,15256813.0,6.724483036777847e-05
2024-07-25,09:44:12,43.3195,27.38,25.75,2710,15256812.0,6.724483036777847e-05
2024-07-25,09:44:12,43.3249,27.38,25.75,2710,15256813.0,6.724483036777847e-05
