Date,Time,Relative_time,Ambient,Temperature,Peak Magnitude (RAW),Resonance_Frequency,Dissipation
2022-08-30,11:07:38,0.068,26.31,24.0,2528,15041082.0,8.996638039413886e-05
2022-08-30,11:07:38,0.0000,26.31,24.0,2528,15041082.0,8.996638039413886e-05
2022-08-30,11:07:38,0.0007,26.31,24.0,2546,15041076.0,8.741320379388576e-05
2022-08-30,11:07:38,0.0014,26.31,24.0,2546,15041078.0,8.741320379388576e-05
2022-08-30,11:07:38,0.0021,26.31,24.0,2550,15041074.0,8.68557444061914e-05
2022-08-30,11:07:38,0.0028,26.31,24.0,2549,15041073.0,8.699477507551945e-05
2022-08-30,11:07:38,0.0036,26.31,24.0,2537,15041092.0,8.86806041025382e-05
2022-08-30,11:07:38,0.0043,26.31,24.0,2525,15040906.0,9.039910198243775e-05
2022-08-30,11:07:38,0.0050,26.31,24.0,2458,15040905.0,0.0001006245247850783
2022-08-30,11:07:38,0.0057,26.31,24.0,2397,15040904.0,0.00011093685042668647
2022-08-30,11:07:38,0.0064,26.31,24.0,2352,15040905.0,0.00011921581079593075
2022-08-30,11:07:38,0.0071,26.31,24.0,2314,15040911.0,0.00012668626208578703
2022-08-30,11:07:38,0.0078,26.31,24.0,2271,15040876.0,0.00013570576631597152
2022-08-30,11:07:38,0.0085,26.31,24.0,2238,15040866.0,0.000143060867251292
2022-08-30,11:07:38,0.0092,26.31,24.0,2224,15040837.0,0.0001463004198131712
2022-08-30,11:07:38,0.0100,26.31,24.0,2208,15040803.0,0.00015009268847252752
2022-08-30,11:07:38,0.0107,26.31,24.0,2182,15040777.0,0.00015646590953358395
2022-08-30,11:07:38,0.0114,26.31,24.0,2159,15040744.0,0.0001623289774374733
2022-08-30,11:07:38,0.0121,26.31,24.0,2136,15040721.0,0.00016841174537281415
2022-08-30,11:07:38,0.0128,26.31,24.0,2116,15040695.0,0.00017388608611345084
2022-08-30,11:07:38,0.0135,26.31,24.0,2096,15040672.0,0.00017953837410164
2022-08-30,11:07:38,0.0142,26.31,24.0,2077,15040649.0,0.00018507813761395686
2022-08-30,11:07:38,0.0149,26.31,24.0,2060,15040659.0,0.0001901795029047713
2022-08-30,11:07:38,0.0156,26.31,24.0,2164,15040937.0,0.00016103598684021628
2022-08-30,11:07:38,0.0164,26.31,24.0,2301,15040938.0,0.00012934797036244416
2022-08-30,11:07:38,0.0171,26.31,24.0,2305,15040938.0,0.00012852308078937946
2022-08-30,11:07:38,0.0178,26.31,24.0,2306,15041054.0,0.00012831768167281487
2022-08-30,11:07:38,0.0185,26.31,24.0,2317,15041011.0,0.0001260798414539089
2022-08-30,11:07:38,0.0192,26.31,24.0,2313,15041000.0,0.0001268890497762601
2022-08-30,11:07:38,0.0199,26.31,24.0,2303,15040876.0,0.00012893486590071233
2022-08-30,11:07:38,0.0206,26.31,24.0,2269,15040871.0,0.0001361405645930414
2022-08-30,11:07:38,0.0213,26.31,24.0,2265,15041037.0,0.0001370143448628124
2022-08-30,11:07:38,0.0220,26.31,24.0,2300,15041053.0,0.00012955501867017164
2022-08-30,11:07:38,0.0228,26.31,24.0,2315,15041016.0,0.0001264837984803905
2022-08-30,11:07:38,0.0235,26.31,24.0,2313,15041010.0,0.0001268890497762601
2022-08-30,11:07:38,0.0242,26.31,24.0,2306,15040878.0,0.00012831768167281487
2022-08-30,11:07:38,0.0249,26.31,24.0,2279,15040868.0,0.00013398041527818542
2022-08-30,11:07:38,0.0256,26.31,24.0,2253,15040868.0,0.00013966947857040773
2022-08-30,11:07:38,0.0263,26.31,24.0,2229,15040832.0,0.00014513510065586893
2022-08-30,11:07:38,0.0270,26.31,24.0,2205,15040812.0,0.0001508146064408101
2022-08-30,11:07:38,0.0277,26.31,24.0,2185,15040787.0,0.00015571693995973635
2022-08-30,11:07:38,0.0284,26.31,24.0,2167,15040749.0,0.00016026514126243273
2022-08-30,11:07:38,0.0292,26.31,24.0,2141,15040726.0,0.00016707030401913738
2022-08-30,11:07:38,0.0299,26.31,24.0,2119,15040704.0,0.0001730537297988859
2022-08-30,11:07:38,0.0306,26.31,24.0,2103,15040681.0,0.0001775394738366617
2022-08-30,11:07:38,0.0313,26.31,24.0,2087,15040656.0,0.00018214149332019546
2022-08-30,11:07:38,0.0320,26.31,24.0,2071,15040646.0,0.00018686280223761758
2022-08-30,11:07:38,0.0327,26.31,24.0,2059,15040623.0,0.00019048392472237343
2022-08-30,11:07:38,0.0334,26.31,24.0,2049,15040620.0,0.0001935550729840486
2022-08-30,11:07:38,0.0341,26.31,24.0,2040,15040627.0,0.0001963614197210891
2022-08-30,11:07:38,0.0348,26.31,24.0,2041,15040616.0,0.0001960476047869126
2022-08-30,11:07:38,0.0356,26.31,24.0,2040,15040610.0,0.0001963614197210891
2022-08-30,11:07:38,0.0363,26.31,24.0,2033,15040592.0,0.00019857223450740023
2022-08-30,11:07:38,0.0370,26.31,24.0,2024,15040571.0,0.00020145132485509983
2022-08-30,11:07:38,0.0377,26.31,24.0,2013,15040556.0,0.0002050269628929811
2022-08-30,11:07:38,0.0384,26.31,24.0,2003,15040535.0,0.00020833258672240946
2022-08-30,11:07:38,0.0391,26.31,24.0,1995,15040522.0,0.00021101541797024413
2022-08-30,11:07:38,0.0398,26.31,24.0,1988,15040509.0,0.0002133912207468327
2022-08-30,11:07:38,0.0405,26.31,24.0,1981,15040496.0,0.00021579377246379514
2022-08-30,11:07:38,0.0413,26.31,24.0,1976,15040483.0,0.0002175264244269812
2022-08-30,11:07:38,0.0420,26.31,24.0,1970,15040471.0,0.00021962398019121734
2022-08-30,11:07:38,0.0427,26.31,24.0,1965,15040456.0,0.00022138738566903244
2022-08-30,11:07:38,0.0434,26.31,24.0,1961,15040444.0,0.00022280829890052985
2022-08-30,11:07:38,0.0441,26.31,24.0,1958,15040429.0,0.00022387996545601439
2022-08-30,11:07:38,0.0448,26.31,24.0,1954,15040428.0,0.0002253168766161616
2022-08-30,11:07:38,0.0455,26.31,24.0,1951,15040426.0,0.0002264006089647649
2022-08-30,11:07:38,0.0462,26.31,24.0,1954,15040421.0,0.0002253168766161616
2022-08-30,11:07:38,0.0469,26.31,24.0,1953,15040419.0,0.00022567754310265606
2022-08-30,11:07:38,0.0477,26.31,24.0,1950,15040418.0,0.0002267630101901051
2022-08-30,11:07:38,0.0484,26.31,24.0,1952,15040413.0,0.00022603878691081602
2022-08-30,11:07:38,0.0491,26.31,24.0,1951,15040419.0,0.0002264006089647649
2022-08-30,11:07:38,0.0498,26.31,24.0,2004,15040551.0,0.00020799964007188124
2022-08-30,11:07:38,0.0505,26.31,24.0,2070,15040553.0,0.0001871619149865235
2022-08-30,11:07:38,0.0512,26.31,24.0,2177,15040820.0,0.00015772220605331108
2022-08-30,11:07:38,0.0519,26.31,24.0,2299,15040935.0,0.0001297623984017445
2022-08-30,11:07:38,0.0526,26.31,24.0,2295,15040937.0,0.00013059524218949093
2022-08-30,11:07:38,0.0533,26.31,24.0,2291,15041045.0,0.0001314334313529651
2022-08-30,11:07:38,0.0541,26.31,24.0,2298,15041034.0,0.0001299701100876755
2022-08-30,11:07:38,0.0548,26.31,24.0,2299,15041041.0,0.0001297623984017445
2022-08-30,11:07:38,0.0555,26.31,24.0,2304,15040899.0,0.00012872880868991624
2022-08-30,11:07:38,0.0562,26.31,24.0,2272,15040873.0,0.00013548888819304745
2022-08-30,11:07:38,0.0569,26.31,24.0,2242,15040852.0,0.00014214852655218004
2022-08-30,11:07:38,0.0576,26.31,24.0,2216,15040822.0,0.00014818442338659723
2022-08-30,11:07:38,0.0583,26.31,24.0,2196,15040795.0,0.00015300126097875696
2022-08-30,11:07:38,0.0590,26.31,24.0,2175,15040770.0,0.00015822754451688063
2022-08-30,11:07:38,0.0597,26.31,24.0,2152,15040739.0,0.00016415662415175805
2022-08-30,11:07:38,0.0605,26.31,24.0,2130,15040711.0,0.00017003569992547307
2022-08-30,11:07:38,0.0612,26.31,24.0,2104,15040687.0,0.0001772557391887104
2022-08-30,11:07:38,0.0619,26.31,24.0,2089,15040668.0,0.000181559779797005
2022-08-30,11:07:38,0.0626,26.31,24.0,2077,15040639.0,0.00018507813761395686
2022-08-30,11:07:38,0.0633,26.31,24.0,2058,15040638.0,0.00019078883383035974
2022-08-30,11:07:38,0.0640,26.31,24.0,2050,15040627.0,0.00019324574301192739
2022-08-30,11:07:38,0.0647,26.31,24.0,2048,15040611.0,0.0001938648981030754
2022-08-30,11:07:38,0.0654,26.31,24.0,2041,15040611.0,0.0001960476047869126
2022-08-30,11:07:38,0.0661,26.31,24.0,2037,15040600.0,0.00019730588169733035
2022-08-30,11:07:38,0.0669,26.31,24.0,2031,15040576.0,0.00019920845555961922
2022-08-30,11:07:38,0.0676,26.31,24.0,2017,15040571.0,0.00020371944640537297
2022-08-30,11:07:38,0.0683,26.31,24.0,2007,15040572.0,0.00020700398931160072
2022-08-30,11:07:38,0.0690,26.31,24.0,2008,15040554.0,0.00020667316595855936
2022-08-30,11:07:38,0.0697,26.31,24.0,2004,15040534.0,0.00020799964007188124
2022-08-30,11:07:38,0.0704,26.31,24.0,1994,15040528.0,0.00021135319200003922
2022-08-30,11:07:38,0.0711,26.31,24.0,1991,15040517.0,0.00021236976161786333
2022-08-30,11:07:38,0.0718,26.31,24.0,1986,15040499.0,0.00021407492150356055
2022-08-30,11:07:38,0.0725,26.31,24.0,2127,15040841.0,0.0001708535400766152
2022-08-30,11:07:38,0.0733,26.31,24.0,2296,15040860.0,0.0001303865314489103
2022-08-30,11:07:38,0.0740,26.31,24.0,2295,15040862.0,0.00013059524218949093
2022-08-30,11:07:38,0.0747,26.31,24.0,2294,15041045.0,0.00013080428701498626
2022-08-30,11:07:38,0.0754,26.31,24.0,2302,15041040.0,0.0001291412529488972
2022-08-30,11:07:38,0.0761,26.31,24.0,2303,15041040.0,0.00012893486590071233
2022-08-30,11:07:38,0.0768,26.31,24.0,2304,15040896.0,0.00012872880868991624
2022-08-30,11:07:38,0.0775,26.31,24.0,2271,15040874.0,0.00013570576631597152
2022-08-30,11:07:38,0.0782,26.31,24.0,2240,15040860.0,0.00014260396729070404
2022-08-30,11:07:38,0.0789,26.31,24.0,2220,15040834.0,0.00014723940828199452
2022-08-30,11:07:38,0.0797,26.31,24.0,2204,15040806.0,0.00015105601656078844
2022-08-30,11:07:38,0.0804,26.31,24.0,2180,15040774.0,0.0001569672228508602
2022-08-30,11:07:38,0.0811,26.31,24.0,2155,15040749.0,0.00016337084073604974
2022-08-30,11:07:38,0.0818,26.31,24.0,2141,15040732.0,0.00016707030401913738
2022-08-30,11:07:38,0.0825,26.31,24.0,2124,15040697.0,0.00017167531388706018
2022-08-30,11:07:38,0.0832,26.31,24.0,2100,15040671.0,0.00017839340574731292
2022-08-30,11:07:38,0.0839,26.31,24.0,2083,15040654.0,0.0001833105177299704
2022-08-30,11:07:39,0.0846,26.31,24.0,2073,15040639.0,0.00018626601005665203
2022-08-30,11:07:39,0.0853,26.31,24.0,2060,15040614.0,0.0001901795029047713
2022-08-30,11:07:39,0.0861,26.31,24.0,2038,15040597.0,0.00019699055737157722
2022-08-30,11:07:39,0.0868,26.31,24.0,2025,15040584.0,0.00020112937549081556
2022-08-30,11:07:39,0.0875,26.31,24.0,2019,15040562.0,0.00020306881839771439
2022-08-30,11:07:39,0.0882,26.31,24.0,2006,15040543.0,0.00020733534221617047
2022-08-30,11:07:39,0.0889,26.31,24.0,2000,15040531.0,0.00020933462778959463
2022-08-30,11:07:39,0.0896,26.31,24.0,2002,15040509.0,0.00020866606632324506
2022-08-30,11:07:39,0.0903,26.31,24.0,1991,15040489.0,0.00021236976161786333
2022-08-30,11:07:39,0.0910,26.31,24.0,1976,15040477.0,0.0002175264244269812
2022-08-30,11:07:39,0.0917,26.31,24.0,1969,15040497.0,0.000219975534013883
2022-08-30,11:07:39,0.0925,26.31,24.0,2121,15040862.0,0.00017250104027697894
2022-08-30,11:07:39,0.0932,26.31,24.0,2298,15040862.0,0.0001299701100876755
2022-08-30,11:07:39,0.0939,26.31,24.0,2299,15040857.0,0.0001297623984017445
2022-08-30,11:07:39,0.0946,26.31,24.0,2300,15041043.0,0.00012955501867017164
2022-08-30,11:07:39,0.0953,26.31,24.0,2307,15041027.0,0.00012811261081477652
2022-08-30,11:07:39,0.0960,26.31,24.0,2306,15041024.0,0.00012831768167281487
2022-08-30,11:07:39,0.0967,26.31,24.0,2304,15040885.0,0.00012872880868991624
2022-08-30,11:07:39,0.0974,26.31,24.0,2268,15040865.0,0.0001363584858594754
2022-08-30,11:07:39,0.0981,26.31,24.0,2238,15040847.0,0.000143060867251292
2022-08-30,11:07:39,0.0989,26.31,24.0,2214,15040813.0,0.00014865920300522498
2022-08-30,11:07:39,0.0996,26.31,24.0,2190,15040791.0,0.00015447661588217522
2022-08-30,11:07:39,0.1003,26.31,24.0,2173,15040777.0,0.0001587345020737228
2022-08-30,11:07:39,0.1010,26.31,24.0,2159,15040749.0,0.0001623289774374733
2022-08-30,11:07:39,0.1017,26.31,24.0,2140,15040723.0,0.00016733773476135735
2022-08-30,11:07:39,0.1024,26.31,24.0,2121,15040703.0,0.00017250104027697894
2022-08-30,11:07:39,0.1031,26.31,24.0,2105,15040684.0,0.00017697245799118739
2022-08-30,11:07:39,0.1038,26.31,24.0,2089,15040658.0,0.000181559779797005
2022-08-30,11:07:39,0.1045,26.31,24.0,2070,15040669.0,0.0001871619149865235
2022-08-30,11:07:39,0.1053,26.31,24.0,2168,15040946.0,0.00016000901358303676
2022-08-30,11:07:39,0.1060,26.31,24.0,2300,15040949.0,0.00012955501867017164
2022-08-30,11:07:39,0.1067,26.31,24.0,2299,15040943.0,0.0001297623984017445
2022-08-30,11:07:39,0.1074,26.31,24.0,2298,15041044.0,0.0001299701100876755
2022-08-30,11:07:39,0.1081,26.31,24.0,2309,15041023.0,0.00012770345177669188
2022-08-30,11:07:39,0.1088,26.31,24.0,2309,15041026.0,0.00012770345177669188
2022-08-30,11:07:39,0.1095,26.31,24.0,2306,15040895.0,0.00012831768167281487
2022-08-30,11:07:39,0.1102,26.31,24.0,2274,15040874.0,0.00013505617120436337
2022-08-30,11:07:39,0.1109,26.31,24.0,2246,15040859.0,0.00014124200411467412
2022-08-30,11:07:39,0.1117,26.31,24.0,2223,15040822.0,0.0001465346040393114
2022-08-30,11:07:39,0.1124,26.31,24.0,2199,15040795.0,0.0001522688759526832
2022-08-30,11:07:39,0.1131,26.31,24.0,2177,15040773.0,0.00015772220605331108
2022-08-30,11:07:39,0.1138,26.31,24.0,2156,15040737.0,0.0001631097496841274
2022-08-30,11:07:39,0.1145,26.31,24.0,2131,15040714.0,0.00016976395743117072
2022-08-30,11:07:39,0.1152,26.31,24.0,2110,15040693.0,0.0001755628284366354
2022-08-30,11:07:39,0.1159,26.31,24.0,2097,15040669.0,0.00017925144491193006
2022-08-30,11:07:39,0.1166,26.31,24.0,2077,15040646.0,0.00018507813761395686
2022-08-30,11:07:39,0.1173,26.31,24.0,2062,15040632.0,0.0001895721180269123
2022-08-30,11:07:39,0.1181,26.31,24.0,2056,15040607.0,0.00019140011703877157
2022-08-30,11:07:39,0.1188,26.31,24.0,2039,15040590.0,0.00019667573698128486
2022-08-30,11:07:39,0.1195,26.31,24.0,2023,15040577.0,0.00020177378956624936
2022-08-30,11:07:39,0.1202,26.31,24.0,2014,15040554.0,0.0002046992991240185
2022-08-30,11:07:39,0.1209,26.31,24.0,2001,15040538.0,0.00020900007972748567
2022-08-30,11:07:39,0.1216,26.31,24.0,1996,15040531.0,0.00021067818375389646
2022-08-30,11:07:39,0.1223,26.31,24.0,1995,15040510.0,0.00021101541797024413
2022-08-30,11:07:39,0.1230,26.31,24.0,1987,15040504.0,0.0002137327977427123
2022-08-30,11:07:39,0.1238,26.31,24.0,1980,15040498.0,0.00021613919524299732
2022-08-30,11:07:39,0.1245,26.31,24.0,1976,15040507.0,0.0002175264244269812
2022-08-30,11:07:39,0.1252,26.31,24.0,2125,15040865.0,0.00017140095104427918
2022-08-30,11:07:39,0.1259,26.31,24.0,2302,15040866.0,0.0001291412529488972
2022-08-30,11:07:39,0.1266,26.31,24.0,2300,15040862.0,0.00012955501867017164
2022-08-30,11:07:39,0.1273,26.31,24.0,2297,15041036.0,0.00013017815425932658
2022-08-30,11:07:39,0.1280,26.31,24.0,2309,15040995.0,0.00012770345177669188
2022-08-30,11:07:39,0.1287,26.31,24.0,2308,15041004.0,0.00012790786769065814
2022-08-30,11:07:39,0.1294,26.31,24.0,2305,15040892.0,0.00012852308078937946
2022-08-30,11:07:39,0.1302,26.31,24.0,2273,15040870.0,0.0001352723566738196
2022-08-30,11:07:39,0.1309,26.31,24.0,2242,15040856.0,0.00014214852655218004
2022-08-30,11:07:39,0.1316,26.31,24.0,2216,15040819.0,0.00014818442338659723
2022-08-30,11:07:39,0.1323,26.31,24.0,2187,15040794.0,0.00015521961972746407
2022-08-30,11:07:39,0.1330,26.31,24.0,2169,15040778.0,0.00015975329523400199
2022-08-30,11:07:39,0.1337,26.31,24.0,2160,15040739.0,0.0001620695514390168
2022-08-30,11:07:39,0.1344,26.31,24.0,2138,15040719.0,0.00016787388116646743
2022-08-30,11:07:39,0.1351,26.31,24.0,2111,15040708.0,0.0001752822527638381
2022-08-30,11:07:39,0.1358,26.31,24.0,2100,15040690.0,0.00017839340574731292
2022-08-30,11:07:39,0.1366,26.31,24.0,2092,15040666.0,0.00018069069111623236
2022-08-30,11:07:39,0.1373,26.31,24.0,2074,15040647.0,0.00018596832909789613
2022-08-30,11:07:39,0.1380,26.31,24.0,2061,15040630.0,0.0001898755675987904
2022-08-30,11:07:39,0.1387,26.31,24.0,2050,15040616.0,0.00019324574301192739
2022-08-30,11:07:39,0.1394,26.31,24.0,2038,15040599.0,0.00019699055737157722
2022-08-30,11:07:39,0.1401,26.31,24.0,2026,15040581.0,0.00020080794064979504
2022-08-30,11:07:39,0.1408,26.31,24.0,2013,15040567.0,0.0002050269628929811
2022-08-30,11:07:39,0.1415,26.31,24.0,2006,15040552.0,0.00020733534221617047
2022-08-30,11:07:39,0.1422,26.31,24.0,2001,15040533.0,0.00020900007972748567
2022-08-30,11:07:39,0.1430,26.31,24.0,1992,15040510.0,0.0002120303629576894
2022-08-30,11:07:39,0.1437,26.31,24.0,1981,15040493.0,0.00021579377246379514
2022-08-30,11:07:39,0.1444,26.31,24.0,1975,15040498.0,0.00021787462067573106
2022-08-30,11:07:39,0.1451,26.31,24.0,2121,15040855.0,0.00017250104027697894
2022-08-30,11:07:39,0.1458,26.31,24.0,2292,15040855.0,0.00013122338106066628
2022-08-30,11:07:39,0.1465,26.31,24.0,2297,15040850.0,0.00013017815425932658
2022-08-30,11:07:39,0.1472,26.31,24.0,2301,15041046.0,0.00012934797036244416
2022-08-30,11:07:39,0.1479,26.31,24.0,2309,15041026.0,0.00012770345177669188
2022-08-30,11:07:39,0.1486,26.31,24.0,2309,15041028.0,0.00012770345177669188
2022-08-30,11:07:39,0.1494,26.31,24.0,2312,15040890.0,0.00012709216207057523
2022-08-30,11:07:39,0.1501,26.31,24.0,2281,15040877.0,0.00013355251596765881
2022-08-30,11:07:39,0.1508,26.31,24.0,2251,15040886.0,0.00014011697649396883
2022-08-30,11:07:39,0.1515,26.31,24.0,2237,15040855.0,0.0001432898659003114
2022-08-30,11:07:39,0.1522,26.31,24.0,2223,15040817.0,0.0001465346040393114
2022-08-30,11:07:39,0.1529,26.31,24.0,2195,15040796.0,0.00015324617129375498
2022-08-30,11:07:39,0.1536,26.31,24.0,2169,15040766.0,0.00015975329523400199
2022-08-30,11:07:39,0.1543,26.31,24.0,2150,15040736.0,0.00016468257834875661
2022-08-30,11:07:39,0.1550,26.31,24.0,2127,15040714.0,0.0001708535400766152
2022-08-30,11:07:39,0.1558,26.31,24.0,2111,15040694.0,0.0001752822527638381
2022-08-30,11:07:39,0.1565,26.31,24.0,2094,15040665.0,0.00018011361108564227
2022-08-30,11:07:39,0.1572,26.31,24.0,2074,15040648.0,0.00018596832909789613
2022-08-30,11:07:39,0.1579,26.31,24.0,2064,15040627.0,0.0001889666729816021
2022-08-30,11:07:39,0.1586,26.31,24.0,2052,15040614.0,0.00019262856534439058
2022-08-30,11:07:39,0.1593,26.31,24.0,2039,15040597.0,0.00019667573698128486
2022-08-30,11:07:39,0.1600,26.31,24.0,2026,15040576.0,0.00020080794064979504
2022-08-30,11:07:39,0.1607,26.31,24.0,2013,15040573.0,0.0002050269628929811
2022-08-30,11:07:39,0.1614,26.31,24.0,2013,15040566.0,0.0002050269628929811
2022-08-30,11:07:39,0.1622,26.31,24.0,2010,15040538.0,0.0002060131045232041
2022-08-30,11:07:39,0.1629,26.31,24.0,1996,15040533.0,0.00021067818375389646
2022-08-30,11:07:39,0.1636,26.31,24.0,2133,15040865.0,0.00016922177460402963
2022-08-30,11:07:39,0.1643,26.31,24.0,2299,15040880.0,0.0001297623984017445
2022-08-30,11:07:39,0.1650,26.31,24.0,2299,15040882.0,0.0001297623984017445
2022-08-30,11:07:39,0.1657,26.31,24.0,2299,15041043.0,0.0001297623984017445
2022-08-30,11:07:39,0.1664,26.31,24.0,2310,15041022.0,0.00012749936254994695
2022-08-30,11:07:39,0.1671,26.31,24.0,2308,15041019.0,0.00012790786769065814
2022-08-30,11:07:39,0.1678,26.31,24.0,2301,15040884.0,0.00012934797036244416
2022-08-30,11:07:39,0.1686,26.31,24.0,2267,15040874.0,0.00013657675595418484
2022-08-30,11:07:39,0.1693,26.31,24.0,2241,15040876.0,0.0001423760648103074
2022-08-30,11:07:39,0.1700,26.31,24.0,2225,15040837.0,0.00014606660984847004
2022-08-30,11:07:39,0.1707,26.31,24.0,2204,15040806.0,0.00015105601656078844
2022-08-30,11:07:39,0.1714,26.31,24.0,2182,15040783.0,0.00015646590953358395
2022-08-30,11:07:39,0.1721,26.31,24.0,2159,15040747.0,0.0001623289774374733
2022-08-30,11:07:39,0.1728,26.31,24.0,2134,15040725.0,0.00016895133288419474
2022-08-30,11:07:39,0.1735,26.31,24.0,2117,15040703.0,0.00017360819012581026
2022-08-30,11:07:39,0.1742,26.31,24.0,2100,15040686.0,0.00017839340574731292
2022-08-30,11:07:39,0.1750,26.31,24.0,2090,15040662.0,0.00018126962009849077
2022-08-30,11:07:39,0.1757,26.31,24.0,2075,15040672.0,0.00018567112387786022
2022-08-30,11:07:39,0.1764,26.31,24.0,2168,15040942.0,0.00016000901358303676
2022-08-30,11:07:39,0.1771,26.31,24.0,2299,15040949.0,0.0001297623984017445
2022-08-30,11:07:39,0.1778,26.31,24.0,2298,15040954.0,0.0001299701100876755
2022-08-30,11:07:39,0.1785,26.31,24.0,2298,15041043.0,0.0001299701100876755
2022-08-30,11:07:39,0.1792,26.31,24.0,2303,15041032.0,0.00012893486590071233
2022-08-30,11:07:39,0.1799,26.31,24.0,2306,15041037.0,0.00012831768167281487
2022-08-30,11:07:39,0.1806,26.31,24.0,2310,15040884.0,0.00012749936254994695
2022-08-30,11:07:39,0.1814,26.31,24.0,2274,15040871.0,0.00013505617120436337
2022-08-30,11:07:39,0.1821,26.31,24.0,2246,15040870.0,0.00014124200411467412
2022-08-30,11:07:39,0.1828,26.31,24.0,2227,15040832.0,0.00014560011031183745
2022-08-30,11:07:39,0.1835,26.31,24.0,2205,15040802.0,0.0001508146064408101
2022-08-30,11:07:39,0.1842,26.31,24.0,2182,15040781.0,0.00015646590953358395
2022-08-30,11:07:39,0.1849,26.31,24.0,2163,15040744.0,0.00016129375840373647
2022-08-30,11:07:39,0.1856,26.31,24.0,2139,15040719.0,0.00016760559358205783
2022-08-30,11:07:39,0.1863,26.31,24.0,2113,15040697.0,0.00017472244590736982
2022-08-30,11:07:39,0.1870,26.31,24.0,2097,15040677.0,0.00017925144491193006
2022-08-30,11:07:39,0.1878,26.31,24.0,2086,15040650.0,0.00018243304863299414
2022-08-30,11:07:39,0.1885,26.31,24.0,2067,15040669.0,0.0001880621290527915
2022-08-30,11:07:39,0.1892,26.31,24.0,2057,15040676.0,0.00019109423100873975
2022-08-30,11:07:39,0.1899,26.31,24.0,2066,15040645.0,0.00018836316157350982
2022-08-30,11:07:39,0.1906,26.31,24.0,2068,15040644.0,0.00018776157762709076
2022-08-30,11:07:39,0.1913,26.31,24.0,2065,15040638.0,0.00018866467595933823
2022-08-30,11:07:39,0.1920,26.31,24.0,2060,15040600.0,0.0001901795029047713
2022-08-30,11:07:39,0.1927,26.31,24.0,2043,15040596.0,0.000195421478686732
2022-08-30,11:07:39,0.1934,26.31,24.0,2028,15040591.0,0.0002001666112497189
2022-08-30,11:07:39,0.1942,26.31,24.0,2016,15040565.0,0.0002040455417164259
2022-08-30,11:07:39,0.1949,26.31,24.0,2142,15040883.0,0.00016680330067126448
2022-08-30,11:07:39,0.1956,26.31,24.0,2300,15040911.0,0.00012955501867017164
2022-08-30,11:07:39,0.1963,26.31,24.0,2298,15040913.0,0.0001299701100876755
2022-08-30,11:07:39,0.1970,26.31,24.0,2295,15041053.0,0.00013059524218949093
2022-08-30,11:07:39,0.1977,26.31,24.0,2304,15041037.0,0.00012872880868991624
2022-08-30,11:07:39,0.1984,26.31,24.0,2306,15041033.0,0.00012831768167281487
2022-08-30,11:07:39,0.1991,26.31,24.0,2308,15040877.0,0.00012790786769065814
2022-08-30,11:07:39,0.1999,26.31,24.0,2274,15040863.0,0.00013505617120436337
2022-08-30,11:07:39,0.2006,26.31,24.0,2244,15040869.0,0.00014169454037533653
2022-08-30,11:07:39,0.2013,26.31,24.0,2229,15040838.0,0.00014513510065586893
2022-08-30,11:07:39,0.2020,26.31,24.0,2211,15040801.0,0.0001493742261745227
2022-08-30,11:07:39,0.2027,26.31,24.0,2183,15040773.0,0.00015621585359504528
2022-08-30,11:07:39,0.2034,26.31,24.0,2157,15040744.0,0.0001628490758947783
2022-08-30,11:07:39,0.2041,26.31,24.0,2136,15040726.0,0.00016841174537281415
2022-08-30,11:07:39,0.2048,26.31,24.0,2122,15040696.0,0.000172225357799857
2022-08-30,11:07:39,0.2055,26.31,24.0,2103,15040670.0,0.0001775394738366617
2022-08-30,11:07:39,0.2063,26.31,24.0,2082,15040650.0,0.0001836039443092842
2022-08-30,11:07:39,0.2070,26.31,24.0,2068,15040637.0,0.00018776157762709076
2022-08-30,11:07:39,0.2077,26.31,24.0,2059,15040612.0,0.00019048392472237343
2022-08-30,11:07:39,0.2084,26.31,24.0,2044,15040622.0,0.00019510916591899047
2022-08-30,11:07:39,0.2091,26.31,24.0,2155,15040917.0,0.00016337084073604974
2022-08-30,11:07:39,0.2098,26.31,24.0,2302,15040921.0,0.0001291412529488972
2022-08-30,11:07:39,0.2105,26.31,24.0,2300,15040927.0,0.00012955501867017164
2022-08-30,11:07:39,0.2112,26.31,24.0,2301,15041052.0,0.00012934797036244416
2022-08-30,11:07:39,0.2119,26.31,24.0,2310,15041026.0,0.00012749936254994695
2022-08-30,11:07:39,0.2127,26.31,24.0,2309,15041025.0,0.00012770345177669188
2022-08-30,11:07:39,0.2134,26.31,24.0,2310,15040891.0,0.00012749936254994695
2022-08-30,11:07:39,0.2141,26.31,24.0,2278,15040873.0,0.00013419487877671762
2022-08-30,11:07:39,0.2148,26.31,24.0,2248,15040863.0,0.00014079091313952993
2022-08-30,11:07:39,0.2155,26.31,24.0,2223,15040825.0,0.0001465346040393114
2022-08-30,11:07:39,0.2162,26.31,24.0,2200,15040804.0,0.00015202552750189234
2022-08-30,11:07:39,0.2169,26.31,24.0,2182,15040781.0,0.00015646590953358395
2022-08-30,11:07:39,0.2176,26.31,24.0,2159,15040741.0,0.0001623289774374733
2022-08-30,11:07:39,0.2183,26.31,24.0,2131,15040714.0,0.00016976395743117072
2022-08-30,11:07:39,0.2191,26.31,24.0,2109,15040693.0,0.00017584385322910644
2022-08-30,11:07:39,0.2198,26.31,24.0,2095,15040670.0,0.0001798257625811478
2022-08-30,11:07:39,0.2205,26.31,24.0,2077,15040640.0,0.00018507813761395686
2022-08-30,11:07:39,0.2212,26.31,24.0,2059,15040624.0,0.00019048392472237343
2022-08-30,11:07:39,0.2219,26.31,24.0,2051,15040601.0,0.00019293690739539276
2022-08-30,11:07:39,0.2226,26.31,24.0,2036,15040579.0,0.00019762171076519774
2022-08-30,11:07:39,0.2233,26.31,24.0,2015,15040564.0,0.0002043721590107935
2022-08-30,11:07:39,0.2240,26.31,24.0,2008,15040550.0,0.00020667316595855936
2022-08-30,11:07:39,0.2247,26.31,24.0,2004,15040527.0,0.00020799964007188124
2022-08-30,11:07:39,0.2255,26.31,24.0,1993,15040515.0,0.0002116915067073654
2022-08-30,11:07:39,0.2262,26.31,24.0,1986,15040501.0,0.00021407492150356055
2022-08-30,11:07:39,0.2269,26.31,24.0,1980,15040481.0,0.00021613919524299732
2022-08-30,11:07:39,0.2276,26.31,24.0,2127,15040838.0,0.0001708535400766152
2022-08-30,11:07:39,0.2283,26.31,24.0,2301,15040848.0,0.00012934797036244416
2022-08-30,11:07:39,0.2290,26.31,24.0,2300,15040850.0,0.00012955501867017164
2022-08-30,11:07:39,0.2297,26.31,24.0,2302,15041055.0,0.0001291412529488972
2022-08-30,11:07:39,0.2304,26.31,24.0,2313,15041037.0,0.0001268890497762601
2022-08-30,11:07:39,0.2311,26.31,24.0,2313,15041031.0,0.0001268890497762601
2022-08-30,11:07:39,0.2319,26.31,24.0,2316,15040881.0,0.000126281658442134
2022-08-30,11:07:39,0.2326,26.31,24.0,2282,15040865.0,0.000133339079061025
2022-08-30,11:07:39,0.2333,26.31,24.0,2248,15040866.0,0.00014079091313952993
2022-08-30,11:07:39,0.2340,26.31,24.0,2229,15040837.0,0.00014513510065586893
2022-08-30,11:07:39,0.2347,26.31,24.0,2212,15040804.0,0.00014913550380726135
2022-08-30,11:07:39,0.2354,26.31,24.0,2187,15040777.0,0.00015521961972746407
2022-08-30,11:07:39,0.2361,26.31,24.0,2161,15040748.0,0.0001618105400421289
2022-08-30,11:07:39,0.2368,26.31,24.0,2138,15040721.0,0.00016787388116646743
2022-08-30,11:07:39,0.2375,26.31,24.0,2114,15040695.0,0.00017444321329161742
2022-08-30,11:07:39,0.2383,26.31,24.0,2097,15040677.0,0.00017925144491193006
2022-08-30,11:07:39,0.2390,26.31,24.0,2087,15040648.0,0.00018214149332019546
2022-08-30,11:07:39,0.2397,26.31,24.0,2067,15040635.0,0.0001880621290527915
2022-08-30,11:07:39,0.2404,26.31,24.0,2053,15040619.0,0.00019232071607012925
2022-08-30,11:07:39,0.2411,26.31,24.0,2043,15040603.0,0.000195421478686732
2022-08-30,11:07:39,0.2418,26.31,24.0,2159,15040901.0,0.0001623289774374733
2022-08-30,11:07:39,0.2425,26.31,24.0,2306,15040917.0,0.00012831768167281487
2022-08-30,11:07:39,0.2432,26.31,24.0,2304,15040916.0,0.00012872880868991624
2022-08-30,11:07:39,0.2439,26.31,24.0,2301,15041053.0,0.00012934797036244416
2022-08-30,11:07:39,0.2447,26.31,24.0,2311,15041020.0,0.00012729559948832832
2022-08-30,11:07:39,0.2454,26.31,24.0,2311,15041021.0,0.00012729559948832832
2022-08-30,11:07:39,0.2461,26.31,24.0,2309,15040906.0,0.00012770345177669188
2022-08-30,11:07:39,0.2468,26.31,24.0,2275,15040878.0,0.00013484033123163948
2022-08-30,11:07:39,0.2475,26.31,24.0,2244,15040861.0,0.00014169454037533653
2022-08-30,11:07:39,0.2482,26.31,24.0,2224,15040835.0,0.0001463004198131712
2022-08-30,11:07:39,0.2489,26.31,24.0,2203,15040801.0,0.0001512978131078338
2022-08-30,11:07:39,0.2496,26.31,24.0,2179,15040781.0,0.00015721848151204276
2022-08-30,11:07:39,0.2503,26.31,24.0,2157,15040758.0,0.0001628490758947783
2022-08-30,11:07:39,0.2511,26.31,24.0,2137,15040733.0,0.0001681425982009115
2022-08-30,11:07:39,0.2518,26.31,24.0,2123,15040714.0,0.00017195011590458932
2022-08-30,11:07:39,0.2525,26.31,24.0,2112,15040692.0,0.00017500212549295406
2022-08-30,11:07:39,0.2532,26.31,24.0,2096,15040668.0,0.00017953837410164
2022-08-30,11:07:39,0.2539,26.31,24.0,2078,15040648.0,0.00018478235505312935
2022-08-30,11:07:39,0.2546,26.31,24.0,2068,15040622.0,0.00018776157762709076
2022-08-30,11:07:39,0.2553,26.31,24.0,2050,15040604.0,0.00019324574301192739
2022-08-30,11:07:39,0.2560,26.31,24.0,2029,15040585.0,0.0001998467150500332
2022-08-30,11:07:39,0.2567,26.31,24.0,2017,15040563.0,0.00020371944640537297
2022-08-30,11:07:39,0.2575,26.31,24.0,2003,15040545.0,0.00020833258672240946
2022-08-30,11:07:39,0.2582,26.31,24.0,1997,15040531.0,0.00021034148848829355
2022-08-30,11:07:39,0.2589,26.31,24.0,1991,15040509.0,0.00021236976161786333
2022-08-30,11:07:39,0.2596,26.31,24.0,1982,15040503.0,0.00021544890172188667
2022-08-30,11:07:39,0.2603,26.31,24.0,1978,15040499.0,0.0002168317004492987
2022-08-30,11:07:39,0.2610,26.31,24.0,1980,15040488.0,0.00021613919524299732
2022-08-30,11:07:39,0.2617,26.31,24.0,1978,15040477.0,0.0002168317004492987
2022-08-30,11:07:39,0.2624,26.31,24.0,1970,15040461.0,0.00021962398019121734
2022-08-30,11:07:39,0.2631,26.31,24.0,1962,15040446.0,0.00022245221789565244
2022-08-30,11:07:39,0.2639,26.31,24.0,1956,15040451.0,0.0002245972719190581
2022-08-30,11:07:39,0.2646,26.31,24.0,1958,15040458.0,0.00022387996545601439
2022-08-30,11:07:39,0.2653,26.31,24.0,1963,15040456.0,0.0002220967059615083
2022-08-30,11:07:39,0.2660,26.31,24.0,1964,15040456.0,0.0002217417621886372
2022-08-30,11:07:39,0.2667,26.31,24.0,1963,15040451.0,0.0002220967059615083
2022-08-30,11:07:39,0.2674,26.31,24.0,1961,15040435.0,0.00022280829890052985
2022-08-30,11:07:39,0.2681,26.31,24.0,1955,15040441.0,0.0002249567865286862
2022-08-30,11:07:39,0.2688,26.31,24.0,1953,15040446.0,0.00022567754310265606
2022-08-30,11:07:39,0.2695,26.31,24.0,1956,15040425.0,0.0002245972719190581
2022-08-30,11:07:39,0.2703,26.31,24.0,2006,15040537.0,0.00020733534221617047
2022-08-30,11:07:39,0.2710,26.31,24.0,2064,15040553.0,0.0001889666729816021
2022-08-30,11:07:39,0.2717,26.31,24.0,2066,15040557.0,0.00018836316157350982
2022-08-30,11:07:39,0.2724,26.31,24.0,2070,15040650.0,0.0001871619149865235
2022-08-30,11:07:39,0.2731,26.31,24.0,2072,15040650.0,0.00018656416751564663
2022-08-30,11:07:39,0.2738,26.31,24.0,2068,15040646.0,0.00018776157762709076
2022-08-30,11:07:39,0.2745,26.31,24.0,2068,15040610.0,0.00018776157762709076
2022-08-30,11:07:39,0.2752,26.31,24.0,2052,15040608.0,0.00019262856534439058
2022-08-30,11:07:40,0.2759,26.31,24.0,2034,15040609.0,0.00019825488636034705
2022-08-30,11:07:40,0.2767,26.31,24.0,2026,15040595.0,0.00020080794064979504
2022-08-30,11:07:40,0.2774,26.31,24.0,2022,15040588.0,0.0002020967704491839
2022-08-30,11:07:40,0.2781,26.31,24.0,2020,15040579.0,0.00020274428403669126
2022-08-30,11:07:40,0.2788,26.31,24.0,2017,15040565.0,0.00020371944640537297
2022-08-30,11:07:40,0.2795,26.31,24.0,2010,15040546.0,0.0002060131045232041
2022-08-30,11:07:40,0.2802,26.31,24.0,2002,15040537.0,0.00020866606632324506
2022-08-30,11:07:40,0.2809,26.31,24.0,1996,15040527.0,0.00021067818375389646
2022-08-30,11:07:40,0.2816,26.31,24.0,1990,15040508.0,0.00021270970355612685
2022-08-30,11:07:40,0.2824,26.31,24.0,1983,15040505.0,0.00021510458213503357
2022-08-30,11:07:40,0.2831,26.31,24.0,1977,15040505.0,0.00021717878464794436
2022-08-30,11:07:40,0.2838,26.31,24.0,1976,15040485.0,0.0002175264244269812
2022-08-30,11:07:40,0.2845,26.31,24.0,1973,15040473.0,0.00021857268614677738
2022-08-30,11:07:40,0.2852,26.31,24.0,1968,15040467.0,0.00022032765057150192
2022-08-30,11:07:40,0.2859,26.31,24.0,1967,15040447.0,0.00022068033076484838
2022-08-30,11:07:40,0.2866,26.31,24.0,1959,15040451.0,0.00022352217176760655
2022-08-30,11:07:40,0.2873,26.31,24.0,1955,15040457.0,0.0002249567865286862
2022-08-30,11:07:40,0.2880,26.31,24.0,1959,15040453.0,0.00022352217176760655
2022-08-30,11:07:40,0.2888,26.31,24.0,1960,15040458.0,0.00022316494988705655
2022-08-30,11:07:40,0.2895,26.31,24.0,1962,15040460.0,0.00022245221789565244
2022-08-30,11:07:40,0.2902,26.31,24.0,1966,15040459.0,0.00022103357549613847
2022-08-30,11:07:40,0.2909,26.31,24.0,1965,15040446.0,0.00022138738566903244
2022-08-30,11:07:40,0.2916,26.31,24.0,1958,15040436.0,0.00022387996545601439
2022-08-30,11:07:40,0.2923,26.31,24.0,1955,15040421.0,0.0002249567865286862
2022-08-30,11:07:40,0.2930,26.31,24.0,1951,15040402.0,0.0002264006089647649
2022-08-30,11:07:40,0.2937,26.31,24.0,1944,15040401.0,0.00022894963216209203
2022-08-30,11:07:40,0.2944,26.31,24.0,1942,15040395.0,0.00022968318172525561
2022-08-30,11:07:40,0.2952,26.31,24.0,1942,15040389.0,0.00022968318172525561
2022-08-30,11:07:40,0.2959,26.31,24.0,1940,15040388.0,0.00023041908156501295
2022-08-30,11:07:40,0.2966,26.31,24.0,1937,15040381.0,0.00023152735457224473
2022-08-30,11:07:40,0.2973,26.31,24.0,1935,15040366.0,0.0002322691631010597
2022-08-30,11:07:40,0.2980,26.31,24.0,1931,15040356.0,0.00023375991798811778
2022-08-30,11:07:40,0.2987,26.31,24.0,1927,15040355.0,0.00023526024086992654
2022-08-30,11:07:40,0.2994,26.31,24.0,1927,15040357.0,0.00023526024086992654
2022-08-30,11:07:40,0.3001,26.31,24.0,1928,15040353.0,0.00023488425979835046
2022-08-30,11:07:40,0.3008,26.31,24.0,1924,15040359.0,0.0002363917989547001
2022-08-30,11:07:40,0.3016,26.31,24.0,1927,15040379.0,0.00023526024086992654
2022-08-30,11:07:40,0.3023,26.31,24.0,1937,15040377.0,0.00023152735457224473
2022-08-30,11:07:40,0.3030,26.31,24.0,1936,15040374.0,0.00023189796221937265
2022-08-30,11:07:40,0.3037,26.31,24.0,1935,15040380.0,0.0002322691631010597
2022-08-30,11:07:40,0.3044,26.31,24.0,1937,15040372.0,0.00023152735457224473
2022-08-30,11:07:40,0.3051,26.31,24.0,1935,15040374.0,0.0002322691631010597
2022-08-30,11:07:40,0.3058,26.31,24.0,1932,15040366.0,0.00023338633465702998
2022-08-30,11:07:40,0.3065,26.31,24.0,1931,15040365.0,0.00023375991798811778
2022-08-30,11:07:40,0.3072,26.31,24.0,1932,15040364.0,0.00023338633465702998
2022-08-30,11:07:40,0.3080,26.31,24.0,1931,15040361.0,0.00023375991798811778
2022-08-30,11:07:40,0.3087,26.31,24.0,1931,15040361.0,0.00023375991798811778
2022-08-30,11:07:40,0.3094,26.31,24.0,1934,15040363.0,0.00023264095816690104
2022-08-30,11:07:40,0.3101,26.31,24.0,1934,15040364.0,0.00023264095816690104
2022-08-30,11:07:40,0.3108,26.31,24.0,1931,15040353.0,0.00023375991798811778
2022-08-30,11:07:40,0.3115,26.31,24.0,1927,15040350.0,0.00023526024086992654
2022-08-30,11:07:40,0.3122,26.31,24.0,1925,15040355.0,0.00023601400948396702
2022-08-30,11:07:40,0.3129,26.31,24.0,1926,15040348.0,0.0002356368237773443
2022-08-30,11:07:40,0.3136,26.31,24.0,1926,15040338.0,0.0002356368237773443
2022-08-30,11:07:40,0.3144,26.31,24.0,1926,15040341.0,0.0002356368237773443
2022-08-30,11:07:40,0.3151,26.31,24.0,1924,15040335.0,0.0002363917989547001
2022-08-30,11:07:40,0.3158,26.31,24.0,1921,15040334.0,0.0002375287996237985
2022-08-30,11:07:40,0.3165,26.31,24.0,1921,15040341.0,0.0002375287996237985
2022-08-30,11:07:40,0.3172,26.31,24.0,1925,15040339.0,0.00023601400948396702
2022-08-30,11:07:40,0.3179,26.31,24.0,1924,15040330.0,0.0002363917989547001
2022-08-30,11:07:40,0.3186,26.31,24.0,1921,15040325.0,0.0002375287996237985
2022-08-30,11:07:40,0.3193,26.31,24.0,1920,15040325.0,0.0002379090138309549
2022-08-30,11:07:40,0.3200,26.31,24.0,1919,15040325.0,0.0002382898366499661
2022-08-30,11:07:40,0.3208,26.31,24.0,1919,15040320.0,0.0002382898366499661
2022-08-30,11:07:40,0.3215,26.31,24.0,1919,15040311.0,0.0002382898366499661
2022-08-30,11:07:40,0.3222,26.31,24.0,1915,15040321.0,0.00023981923355216126
2022-08-30,11:07:40,0.3229,26.31,24.0,1917,15040328.0,0.00023905331202195165
2022-08-30,11:07:40,0.3236,26.31,24.0,1922,15040319.0,0.00023714919305584418
2022-08-30,11:07:40,0.3243,26.31,24.0,1920,15040317.0,0.0002379090138309549
2022-08-30,11:07:40,0.3250,26.31,24.0,1922,15040322.0,0.00023714919305584418
2022-08-30,11:07:40,0.3257,26.31,24.0,1920,15040311.0,0.0002379090138309549
2022-08-30,11:07:40,0.3264,26.31,24.0,1913,15040308.0,0.0002405876090780318
2022-08-30,11:07:40,0.3272,26.31,24.0,1916,15040310.0,0.00023943596652802623
2022-08-30,11:07:40,0.3279,26.31,24.0,1917,15040301.0,0.00023905331202195165
2022-08-30,11:07:40,0.3286,26.31,24.0,1912,15040302.0,0.00024097271954540302
2022-08-30,11:07:40,0.3293,26.31,24.0,1913,15040303.0,0.0002405876090780318
2022-08-30,11:07:40,0.3300,26.31,24.0,1914,15040300.0,0.00024020311407481912
2022-08-30,11:07:40,0.3307,26.31,24.0,1912,15040301.0,0.00024097271954540302
2022-08-30,11:07:40,0.3314,26.31,24.0,1912,15040298.0,0.00024097271954540302
2022-08-30,11:07:40,0.3321,26.31,24.0,1911,15040300.0,0.00024135844646211115
2022-08-30,11:07:40,0.3328,26.31,24.0,1910,15040303.0,0.00024174479081491145
2022-08-30,11:07:40,0.3336,26.31,24.0,1912,15040291.0,0.00024097271954540302
2022-08-30,11:07:40,0.3343,26.31,24.0,1910,15040286.0,0.00024174479081491145
2022-08-30,11:07:40,0.3350,26.31,24.0,1908,15040289.0,0.00024251933578370963
2022-08-30,11:07:40,0.3357,26.31,24.0,1907,15040284.0,0.00024290753838112578
2022-08-30,11:07:40,0.3364,26.31,24.0,1911,15040289.0,0.00024135844646211115
2022-08-30,11:07:40,0.3371,26.31,24.0,1915,15040288.0,0.00023981923355216126
2022-08-30,11:07:40,0.3378,26.31,24.0,1910,15040282.0,0.00024174479081491145
2022-08-30,11:07:40,0.3385,26.31,24.0,1908,15040286.0,0.00024251933578370963
2022-08-30,11:07:40,0.3392,26.31,24.0,1910,15040279.0,0.00024174479081491145
2022-08-30,11:07:40,0.3400,26.31,24.0,1909,15040274.0,0.00024213175359213867
2022-08-30,11:07:40,0.3407,26.31,24.0,1905,15040269.0,0.00024368580876743705
2022-08-30,11:07:40,0.3414,26.31,24.0,1905,15040258.0,0.00024368580876743705
2022-08-30,11:07:40,0.3421,26.31,24.0,1905,15040262.0,0.00024368580876743705
2022-08-30,11:07:40,0.3428,26.31,24.0,1899,15040261.0,0.00024603561327596595
2022-08-30,11:07:40,0.3435,26.31,24.0,1894,15040261.0,0.00024801108311223196
2022-08-30,11:07:40,0.3442,26.31,24.0,1898,15040272.0,0.00024642944440626303
2022-08-30,11:07:40,0.3449,26.31,24.0,1907,15040269.0,0.00024290753838112578
2022-08-30,11:07:40,0.3456,26.31,24.0,1908,15040270.0,0.00024251933578370963
2022-08-30,11:07:40,0.3464,26.31,24.0,1906,15040268.0,0.00024329636237747554
2022-08-30,11:07:40,0.3471,26.31,24.0,1904,15040265.0,0.00024407587854728064
2022-08-30,11:07:40,0.3478,26.31,24.0,1900,15040276.0,0.00024564241154675183
2022-08-30,11:07:40,0.3485,26.31,24.0,1900,15040276.0,0.00024564241154675183
2022-08-30,11:07:40,0.3492,26.31,24.0,1905,15040276.0,0.00024368580876743705
2022-08-30,11:07:40,0.3499,26.31,24.0,1905,15040275.0,0.00024368580876743705
2022-08-30,11:07:40,0.3506,26.31,24.0,1905,15040267.0,0.00024368580876743705
2022-08-30,11:07:40,0.3513,26.31,24.0,1906,15040270.0,0.00024329636237747554
2022-08-30,11:07:40,0.3520,26.31,24.0,1905,15040270.0,0.00024368580876743705
2022-08-30,11:07:40,0.3528,26.31,24.0,1904,15040261.0,0.00024407587854728064
2022-08-30,11:07:40,0.3535,26.31,24.0,1903,15040261.0,0.0002444665727148714
2022-08-30,11:07:40,0.3542,26.31,24.0,1904,15040260.0,0.00024407587854728064
2022-08-30,11:07:40,0.3549,26.31,24.0,1900,15040263.0,0.00024564241154675183
2022-08-30,11:07:40,0.3556,26.31,24.0,1900,15040268.0,0.00024564241154675183
2022-08-30,11:07:40,0.3563,26.31,24.0,1904,15040266.0,0.00024407587854728064
2022-08-30,11:07:40,0.3570,26.31,24.0,1905,15040264.0,0.00024368580876743705
2022-08-30,11:07:40,0.3577,26.31,24.0,1904,15040256.0,0.00024407587854728064
2022-08-30,11:07:40,0.3585,26.31,24.0,1902,15040250.0,0.00024485789226967163
2022-08-30,11:07:40,0.3592,26.31,24.0,1899,15040250.0,0.00024603561327596595
2022-08-30,11:07:40,0.3599,26.31,24.0,1899,15040244.0,0.00024603561327596595
2022-08-30,11:07:40,0.3606,26.31,24.0,1898,15040242.0,0.00024642944440626303
2022-08-30,11:07:40,0.3613,26.31,24.0,1899,15040242.0,0.00024603561327596595
2022-08-30,11:07:40,0.3620,26.31,24.0,1902,15040247.0,0.00024485789226967163
2022-08-30,11:07:40,0.3627,26.31,24.0,1901,15040259.0,0.0002452498382127436
2022-08-30,11:07:40,0.3634,26.31,24.0,1904,15040257.0,0.00024407587854728064
2022-08-30,11:07:40,0.3641,26.31,24.0,1906,15040256.0,0.00024329636237747554
2022-08-30,11:07:40,0.3649,26.31,24.0,1903,15040255.0,0.0002444665727148714
2022-08-30,11:07:40,0.3656,26.31,24.0,1901,15040242.0,0.0002452498382127436
2022-08-30,11:07:40,0.3663,26.31,24.0,1898,15040234.0,0.00024642944440626303
2022-08-30,11:07:40,0.3670,26.31,24.0,1897,15040235.0,0.00024682390594513035
2022-08-30,11:07:40,0.3677,26.31,24.0,1897,15040238.0,0.00024682390594513035
2022-08-30,11:07:40,0.3684,26.31,24.0,1896,15040238.0,0.0002472189989016678
2022-08-30,11:07:40,0.3691,26.31,24.0,1898,15040238.0,0.00024642944440626303
2022-08-30,11:07:40,0.3698,26.31,24.0,1900,15040237.0,0.00024564241154675183
2022-08-30,11:07:40,0.3705,26.31,24.0,1899,15040243.0,0.00024603561327596595
2022-08-30,11:07:40,0.3713,26.31,24.0,1896,15040243.0,0.0002472189989016678
2022-08-30,11:07:40,0.3720,26.31,24.0,1893,15040243.0,0.00024840807639254516
2022-08-30,11:07:40,0.3727,26.31,24.0,1895,15040249.0,0.00024761472428659067
2022-08-30,11:07:40,0.3734,26.31,24.0,1897,15040249.0,0.00024682390594513035
2022-08-30,11:07:40,0.3741,26.31,24.0,1900,15040249.0,0.00024564241154675183
2022-08-30,11:07:40,0.3748,26.31,24.0,1901,15040241.0,0.0002452498382127436
2022-08-30,11:07:40,0.3755,26.31,24.0,1897,15040241.0,0.00024682390594513035
2022-08-30,11:07:40,0.3762,26.31,24.0,1897,15040241.0,0.00024682390594513035
2022-08-30,11:07:40,0.3769,26.31,24.0,1899,15040228.0,0.00024603561327596595
2022-08-30,11:07:40,0.3777,26.31,24.0,1895,15040230.0,0.00024761472428659067
2022-08-30,11:07:40,0.3784,26.31,24.0,1894,15040231.0,0.00024801108311223196
2022-08-30,11:07:40,0.3791,26.31,24.0,1897,15040230.0,0.00024682390594513035
2022-08-30,11:07:40,0.3798,26.31,24.0,1896,15040230.0,0.0002472189989016678
2022-08-30,11:07:40,0.3805,26.31,24.0,1893,15040228.0,0.00024840807639254516
2022-08-30,11:07:40,0.3812,26.31,24.0,1892,15040226.0,0.00024880570514310683
2022-08-30,11:07:40,0.3819,26.31,24.0,1893,15040222.0,0.00024840807639254516
2022-08-30,11:07:40,0.3826,26.31,24.0,1894,15040231.0,0.00024801108311223196
2022-08-30,11:07:40,0.3833,26.31,24.0,1897,15040231.0,0.00024682390594513035
2022-08-30,11:07:40,0.3841,26.31,24.0,1898,15040227.0,0.00024642944440626303
2022-08-30,11:07:40,0.3848,26.31,24.0,1897,15040228.0,0.00024682390594513035
2022-08-30,11:07:40,0.3855,26.31,24.0,1896,15040223.0,0.0002472189989016678
2022-08-30,11:07:40,0.3862,26.31,24.0,1892,15040222.0,0.00024880570514310683
2022-08-30,11:07:40,0.3869,26.31,24.0,1894,15040225.0,0.00024801108311223196
2022-08-30,11:07:40,0.3876,26.31,24.0,1897,15040223.0,0.00024682390594513035
2022-08-30,11:07:40,0.3883,26.31,24.0,1899,15040222.0,0.00024603561327596595
2022-08-30,11:07:40,0.3890,26.31,24.0,1898,15040221.0,0.00024642944440626303
2022-08-30,11:07:40,0.3897,26.31,24.0,1894,15040212.0,0.00024801108311223196
2022-08-30,11:07:40,0.3905,26.31,24.0,1892,15040212.0,0.00024880570514310683
2022-08-30,11:07:40,0.3912,26.31,24.0,1892,15040213.0,0.00024880570514310683
2022-08-30,11:07:40,0.3919,26.31,24.0,1889,15040214.0,0.0002500024143964487
2022-08-30,11:07:40,0.3926,26.31,24.0,1887,15040213.0,0.0002508034166087629
2022-08-30,11:07:40,0.3933,26.31,24.0,1889,15040207.0,0.0002500024143964487
2022-08-30,11:07:40,0.3940,26.31,24.0,1890,15040207.0,0.00024960287312541276
2022-08-30,11:07:40,0.3947,26.31,24.0,1891,15040207.0,0.00024920397038111924
2022-08-30,11:07:40,0.3954,26.31,24.0,1891,15040206.0,0.00024920397038111924
2022-08-30,11:07:40,0.3961,26.31,24.0,1890,15040203.0,0.00024960287312541276
2022-08-30,11:07:40,0.3969,26.31,24.0,1892,15040198.0,0.00024880570514310683
2022-08-30,11:07:40,0.3976,26.31,24.0,1893,15040198.0,0.00024840807639254516
2022-08-30,11:07:40,0.3983,26.31,24.0,1889,15040199.0,0.0002500024143964487
2022-08-30,11:07:40,0.3990,26.31,24.0,1884,15040197.0,0.00025200973448339856
2022-08-30,11:07:40,0.3997,26.31,24.0,1886,15040196.0,0.0002512048795991415
2022-08-30,11:07:40,0.4004,26.31,24.0,1887,15040199.0,0.0002508034166087629
2022-08-30,11:07:40,0.4011,26.31,24.0,1885,15040198.0,0.0002516069852144684
2022-08-30,11:07:40,0.4018,26.31,24.0,1886,15040196.0,0.0002512048795991415
2022-08-30,11:07:40,0.4025,26.31,24.0,1888,15040195.0,0.0002504025952163218
2022-08-30,11:07:40,0.4033,26.31,24.0,1886,15040191.0,0.0002512048795991415
2022-08-30,11:07:40,0.4040,26.31,24.0,1887,15040189.0,0.0002508034166087629
2022-08-30,11:07:40,0.4047,26.31,24.0,1889,15040190.0,0.0002500024143964487
2022-08-30,11:07:40,0.4054,26.31,24.0,1887,15040195.0,0.0002508034166087629
2022-08-30,11:07:40,0.4061,26.31,24.0,1887,15040196.0,0.0002508034166087629
2022-08-30,11:07:40,0.4068,26.31,24.0,1888,15040195.0,0.0002504025952163218
2022-08-30,11:07:40,0.4075,26.31,24.0,1888,15040191.0,0.0002504025952163218
2022-08-30,11:07:40,0.4082,26.31,24.0,1886,15040190.0,0.0002512048795991415
2022-08-30,11:07:40,0.4089,26.31,24.0,1883,15040196.0,0.0002524131284362331
2022-08-30,11:07:40,0.4097,26.31,24.0,1883,15040199.0,0.0002524131284362331
2022-08-30,11:07:40,0.4104,26.31,24.0,1887,15040201.0,0.0002508034166087629
2022-08-30,11:07:40,0.4111,26.31,24.0,1890,15040198.0,0.00024960287312541276
2022-08-30,11:07:40,0.4118,26.31,24.0,1889,15040195.0,0.0002500024143964487
2022-08-30,11:07:40,0.4125,26.31,24.0,1891,15040194.0,0.00024920397038111924
2022-08-30,11:07:40,0.4132,26.31,24.0,1892,15040195.0,0.00024880570514310683
2022-08-30,11:07:40,0.4139,26.31,24.0,1890,15040198.0,0.00024960287312541276
2022-08-30,11:07:40,0.4146,26.31,24.0,1889,15040197.0,0.0002500024143964487
2022-08-30,11:07:40,0.4153,26.31,24.0,1889,15040195.0,0.0002500024143964487
2022-08-30,11:07:40,0.4161,26.31,24.0,1891,15040190.0,0.00024920397038111924
2022-08-30,11:07:40,0.4168,26.31,24.0,1887,15040187.0,0.0002508034166087629
2022-08-30,11:07:40,0.4175,26.31,24.0,1889,15040188.0,0.0002500024143964487
2022-08-30,11:07:40,0.4182,26.31,24.0,1888,15040187.0,0.0002504025952163218
2022-08-30,11:07:40,0.4189,26.31,24.0,1885,15040191.0,0.0002516069852144684
2022-08-30,11:07:40,0.4196,26.31,24.0,1888,15040192.0,0.0002504025952163218
2022-08-30,11:07:40,0.4203,26.31,24.0,1884,15040192.0,0.00025200973448339856
2022-08-30,11:07:40,0.4210,26.31,24.0,1884,15040191.0,0.00025200973448339856
2022-08-30,11:07:40,0.4217,26.31,24.0,1886,15040189.0,0.0002512048795991415
2022-08-30,11:07:40,0.4225,26.31,24.0,1887,15040189.0,0.0002508034166087629
2022-08-30,11:07:40,0.4232,26.31,24.0,1885,15040188.0,0.0002516069852144684
2022-08-30,11:07:40,0.4239,26.31,24.0,1886,15040193.0,0.0002512048795991415
2022-08-30,11:07:40,0.4246,26.31,24.0,1888,15040196.0,0.0002504025952163218
2022-08-30,11:07:40,0.4253,26.31,24.0,1887,15040198.0,0.0002508034166087629
2022-08-30,11:07:40,0.4260,26.31,24.0,1887,15040199.0,0.0002508034166087629
2022-08-30,11:07:40,0.4267,26.31,24.0,1888,15040201.0,0.0002504025952163218
2022-08-30,11:07:40,0.4274,26.31,24.0,1889,15040198.0,0.0002500024143964487
2022-08-30,11:07:40,0.4281,26.31,24.0,1888,15040197.0,0.0002504025952163218
2022-08-30,11:07:41,0.4289,26.31,24.0,1886,15040199.0,0.0002512048795991415
2022-08-30,11:07:41,0.4296,26.31,24.0,1887,15040196.0,0.0002508034166087629
2022-08-30,11:07:41,0.4303,26.31,24.0,1887,15040196.0,0.0002508034166087629
2022-08-30,11:07:41,0.4310,26.31,24.0,1886,15040199.0,0.0002512048795991415
2022-08-30,11:07:41,0.4317,26.31,24.0,1890,15040197.0,0.00024960287312541276
2022-08-30,11:07:41,0.4324,26.31,24.0,1889,15040190.0,0.0002500024143964487
2022-08-30,11:07:41,0.4331,26.31,24.0,1885,15040188.0,0.0002516069852144684
2022-08-30,11:07:41,0.4338,26.31,24.0,1885,15040186.0,0.0002516069852144684
2022-08-30,11:07:41,0.4346,26.31,24.0,1885,15040189.0,0.0002516069852144684
2022-08-30,11:07:41,0.4353,26.31,24.0,1887,15040187.0,0.0002508034166087629
2022-08-30,11:07:41,0.4360,26.31,24.0,1884,15040187.0,0.00025200973448339856
2022-08-30,11:07:41,0.4367,26.31,24.0,1882,15040197.0,0.0002528171681049227
2022-08-30,11:07:41,0.4374,26.31,24.0,1886,15040198.0,0.0002512048795991415
2022-08-30,11:07:41,0.4381,26.31,24.0,1889,15040192.0,0.0002500024143964487
2022-08-30,11:07:41,0.4388,26.31,24.0,1889,15040195.0,0.0002500024143964487
2022-08-30,11:07:41,0.4395,26.31,24.0,1890,15040195.0,0.00024960287312541276
2022-08-30,11:07:41,0.4402,26.31,24.0,1890,15040193.0,0.00024960287312541276
2022-08-30,11:07:41,0.4410,26.31,24.0,1887,15040194.0,0.0002508034166087629
2022-08-30,11:07:41,0.4417,26.31,24.0,1886,15040194.0,0.0002512048795991415
2022-08-30,11:07:41,0.4424,26.31,24.0,1887,15040193.0,0.0002508034166087629
2022-08-30,11:07:41,0.4431,26.31,24.0,1884,15040190.0,0.00025200973448339856
2022-08-30,11:07:41,0.4438,26.31,24.0,1886,15040189.0,0.0002512048795991415
2022-08-30,11:07:41,0.4445,26.31,24.0,1888,15040190.0,0.0002504025952163218
2022-08-30,11:07:41,0.4452,26.31,24.0,1884,15040190.0,0.00025200973448339856
2022-08-30,11:07:41,0.4459,26.31,24.0,1887,15040192.0,0.0002508034166087629
2022-08-30,11:07:41,0.4466,26.31,24.0,1887,15040194.0,0.0002508034166087629
2022-08-30,11:07:41,0.4474,26.31,24.0,1882,15040195.0,0.0002528171681049227
2022-08-30,11:07:41,0.4481,26.31,24.0,1883,15040203.0,0.0002524131284362331
2022-08-30,11:07:41,0.4488,26.31,24.0,1889,15040201.0,0.0002500024143964487
2022-08-30,11:07:41,0.4495,26.31,24.0,1890,15040199.0,0.00024960287312541276
2022-08-30,11:07:41,0.4502,26.31,24.0,1889,15040200.0,0.0002500024143964487
2022-08-30,11:07:41,0.4509,26.31,24.0,1889,15040202.0,0.0002500024143964487
2022-08-30,11:07:41,0.4516,26.31,24.0,1891,15040204.0,0.00024920397038111924
2022-08-30,11:07:41,0.4523,26.31,24.0,1894,15040202.0,0.00024801108311223196
2022-08-30,11:07:41,0.4530,26.31,24.0,1893,15040203.0,0.00024840807639254516
2022-08-30,11:07:41,0.4538,26.31,24.0,1889,15040198.0,0.0002500024143964487
2022-08-30,11:07:41,0.4545,26.31,24.0,1885,15040198.0,0.0002516069852144684
2022-08-30,11:07:41,0.4552,26.31,24.0,1885,15040201.0,0.0002516069852144684
2022-08-30,11:07:41,0.4559,26.31,24.0,1887,15040203.0,0.0002508034166087629
2022-08-30,11:07:41,0.4566,26.31,24.0,1889,15040209.0,0.0002500024143964487
2022-08-30,11:07:41,0.4573,26.31,24.0,1893,15040208.0,0.00024840807639254516
2022-08-30,11:07:41,0.4580,26.31,24.0,1894,15040206.0,0.00024801108311223196
2022-08-30,11:07:41,0.4587,26.31,24.0,1891,15040207.0,0.00024920397038111924
2022-08-30,11:07:41,0.4594,26.31,24.0,1892,15040198.0,0.00024880570514310683
2022-08-30,11:07:41,0.4602,26.31,24.0,1891,15040197.0,0.00024920397038111924
2022-08-30,11:07:41,0.4609,26.31,24.0,1888,15040198.0,0.0002504025952163218
2022-08-30,11:07:41,0.4616,26.31,24.0,1886,15040191.0,0.0002512048795991415
2022-08-30,11:07:41,0.4623,26.31,24.0,1884,15040189.0,0.00025200973448339856
2022-08-30,11:07:41,0.4630,26.31,24.0,1886,15040192.0,0.0002512048795991415
2022-08-30,11:07:41,0.4637,26.31,24.0,1888,15040188.0,0.0002504025952163218
2022-08-30,11:07:41,0.4644,26.31,24.0,1884,15040180.0,0.00025200973448339856
2022-08-30,11:07:41,0.4651,26.31,24.0,1883,15040180.0,0.0002524131284362331
2022-08-30,11:07:41,0.4658,26.31,24.0,1884,15040178.0,0.00025200973448339856
2022-08-30,11:07:41,0.4666,26.31,24.0,1888,15040174.0,0.0002504025952163218
2022-08-30,11:07:41,0.4673,26.31,24.0,1885,15040175.0,0.0002516069852144684
2022-08-30,11:07:41,0.4680,26.31,24.0,1882,15040174.0,0.0002528171681049227
2022-08-30,11:07:41,0.4687,26.31,24.0,1888,15040178.0,0.0002504025952163218
2022-08-30,11:07:41,0.4694,26.31,24.0,1887,15040177.0,0.0002508034166087629
2022-08-30,11:07:41,0.4701,26.31,24.0,1882,15040165.0,0.0002528171681049227
2022-08-30,11:07:41,0.4708,26.31,24.0,1884,15040167.0,0.00025200973448339856
2022-08-30,11:07:41,0.4715,26.31,24.0,1883,15040173.0,0.0002524131284362331
2022-08-30,11:07:41,0.4722,26.31,24.0,1883,15040173.0,0.0002524131284362331
2022-08-30,11:07:41,0.4730,26.31,24.0,1884,15040174.0,0.00025200973448339856
2022-08-30,11:07:41,0.4737,26.31,24.0,1886,15040170.0,0.0002512048795991415
2022-08-30,11:07:41,0.4744,26.31,24.0,1884,15040169.0,0.00025200973448339856
2022-08-30,11:07:41,0.4751,26.31,24.0,1882,15040169.0,0.0002528171681049227
2022-08-30,11:07:41,0.4758,26.31,24.0,1882,15040172.0,0.0002528171681049227
2022-08-30,11:07:41,0.4765,26.31,24.0,1880,15040173.0,0.0002536271887259313
2022-08-30,11:07:41,0.4772,26.31,24.0,1881,15040164.0,0.0002532218545230698
2022-08-30,11:07:41,0.4779,26.31,24.0,1882,15040163.0,0.0002528171681049227
2022-08-30,11:07:41,0.4786,26.31,24.0,1878,15040163.0,0.0002544398046351134
2022-08-30,11:07:41,0.4794,26.31,24.0,1878,15040155.0,0.0002544398046351134
2022-08-30,11:07:41,0.4801,26.31,24.0,1881,15040156.0,0.0002532218545230698
2022-08-30,11:07:41,0.4808,26.31,24.0,1880,15040156.0,0.0002536271887259313
2022-08-30,11:07:41,0.4815,26.31,24.0,1879,15040156.0,0.0002540331717504212
2022-08-30,11:07:41,0.4822,26.31,24.0,1876,15040158.0,0.0002552550241477151
2022-08-30,11:07:41,0.4829,26.31,24.0,1877,15040159.0,0.00025484708842024427
2022-08-30,11:07:41,0.4836,26.31,24.0,1879,15040160.0,0.0002540331717504212
2022-08-30,11:07:41,0.4843,26.31,24.0,1875,15040162.0,0.0002556636128610952
2022-08-30,11:07:41,0.4850,26.31,24.0,1874,15040162.0,0.00025607285560562415
2022-08-30,11:07:41,0.4858,26.31,24.0,1880,15040158.0,0.0002536271887259313
2022-08-30,11:07:41,0.4865,26.31,24.0,1882,15040159.0,0.0002528171681049227
2022-08-30,11:07:41,0.4872,26.31,24.0,1882,15040157.0,0.0002528171681049227
2022-08-30,11:07:41,0.4879,26.31,24.0,1880,15040154.0,0.0002536271887259313
2022-08-30,11:07:41,0.4886,26.31,24.0,1878,15040154.0,0.0002544398046351134
2022-08-30,11:07:41,0.4893,26.31,24.0,1881,15040154.0,0.0002532218545230698
2022-08-30,11:07:41,0.4900,26.31,24.0,1880,15040152.0,0.0002536271887259313
2022-08-30,11:07:41,0.4907,26.31,24.0,1879,15040148.0,0.0002540331717504212
2022-08-30,11:07:41,0.4914,26.31,24.0,1876,15040147.0,0.0002552550241477151
2022-08-30,11:07:41,0.4922,26.31,24.0,1873,15040145.0,0.00025648275342821477
2022-08-30,11:07:41,0.4929,26.31,24.0,1878,15040147.0,0.0002544398046351134
2022-08-30,11:07:41,0.4936,26.31,24.0,1880,15040147.0,0.0002536271887259313
2022-08-30,11:07:41,0.4943,26.31,24.0,1876,15040145.0,0.0002552550241477151
2022-08-30,11:07:41,0.4950,26.31,24.0,1877,15040145.0,0.00025484708842024427
2022-08-30,11:07:41,0.4957,26.31,24.0,1876,15040144.0,0.0002552550241477151
2022-08-30,11:07:41,0.4964,26.31,24.0,1875,15040143.0,0.0002556636128610952
2022-08-30,11:07:41,0.4971,26.31,24.0,1876,15040142.0,0.0002552550241477151
2022-08-30,11:07:41,0.4978,26.31,24.0,1875,15040142.0,0.0002556636128610952
2022-08-30,11:07:41,0.4986,26.31,24.0,1876,15040139.0,0.0002552550241477151
2022-08-30,11:07:41,0.4993,26.31,24.0,1873,15040138.0,0.00025648275342821477
2022-08-30,11:07:41,0.5000,26.31,24.0,1874,15040143.0,0.00025607285560562415
2022-08-30,11:07:41,0.5007,26.31,24.0,1877,15040145.0,0.00025484708842024427
2022-08-30,11:07:41,0.5014,26.31,24.0,1876,15040145.0,0.0002552550241477151
2022-08-30,11:07:41,0.5021,26.31,24.0,1879,15040144.0,0.0002540331717504212
2022-08-30,11:07:41,0.5028,26.31,24.0,1880,15040143.0,0.0002536271887259313
2022-08-30,11:07:41,0.5035,26.31,24.0,1878,15040142.0,0.0002544398046351134
2022-08-30,11:07:41,0.5042,26.31,24.0,1876,15040142.0,0.0002552550241477151
2022-08-30,11:07:41,0.5050,26.31,24.0,1875,15040142.0,0.0002556636128610952
2022-08-30,11:07:41,0.5057,26.31,24.0,1877,15040142.0,0.00025484708842024427
2022-08-30,11:07:41,0.5064,26.31,24.0,1878,15040140.0,0.0002544398046351134
2022-08-30,11:07:41,0.5071,26.31,24.0,1874,15040139.0,0.00025607285560562415
2022-08-30,11:07:41,0.5078,26.31,24.0,1872,15040142.0,0.00025689330737745564
2022-08-30,11:07:41,0.5085,26.31,24.0,1872,15040140.0,0.00025689330737745564
2022-08-30,11:07:41,0.5092,26.31,24.0,1875,15040138.0,0.0002556636128610952
2022-08-30,11:07:41,0.5099,26.31,24.0,1873,15040141.0,0.00025648275342821477
2022-08-30,11:07:41,0.5106,26.31,24.0,1872,15040141.0,0.00025689330737745564
2022-08-30,11:07:41,0.5114,26.31,24.0,1874,15040140.0,0.00025607285560562415
2022-08-30,11:07:41,0.5121,26.31,24.0,1874,15040140.0,0.00025607285560562415
2022-08-30,11:07:41,0.5128,26.31,24.0,1872,15040139.0,0.00025689330737745564
2022-08-30,11:07:41,0.5135,26.31,24.0,1874,15040138.0,0.00025607285560562415
2022-08-30,11:07:41,0.5142,26.31,24.0,1877,15040137.0,0.00025484708842024427
2022-08-30,11:07:41,0.5149,26.31,24.0,1875,15040136.0,0.0002556636128610952
2022-08-30,11:07:41,0.5156,26.31,24.0,1874,15040136.0,0.00025607285560562415
2022-08-30,11:07:41,0.5163,26.31,24.0,1870,15040135.0,0.00025771638785863747
2022-08-30,11:07:41,0.5171,26.31,24.0,1870,15040134.0,0.00025771638785863747
2022-08-30,11:07:41,0.5178,26.31,24.0,1872,15040134.0,0.00025689330737745564
2022-08-30,11:07:41,0.5185,26.31,24.0,1870,15040130.0,0.00025771638785863747
2022-08-30,11:07:41,0.5192,26.31,24.0,1872,15040130.0,0.00025689330737745564
2022-08-30,11:07:41,0.5199,26.31,24.0,1876,15040131.0,0.0002552550241477151
2022-08-30,11:07:41,0.5206,26.31,24.0,1874,15040129.0,0.00025607285560562415
2022-08-30,11:07:41,0.5213,26.31,24.0,1873,15040128.0,0.00025648275342821477
2022-08-30,11:07:41,0.5220,26.31,24.0,1875,15040127.0,0.0002556636128610952
2022-08-30,11:07:41,0.5227,26.31,24.0,1874,15040128.0,0.00025607285560562415
2022-08-30,11:07:41,0.5235,26.31,24.0,1873,15040128.0,0.00025648275342821477
2022-08-30,11:07:41,0.5242,26.31,24.0,1872,15040122.0,0.00025689330737745564
2022-08-30,11:07:41,0.5249,26.31,24.0,1873,15040122.0,0.00025648275342821477
2022-08-30,11:07:41,0.5256,26.31,24.0,1872,15040125.0,0.00025689330737745564
2022-08-30,11:07:41,0.5263,26.31,24.0,1870,15040125.0,0.00025771638785863747
2022-08-30,11:07:41,0.5270,26.31,24.0,1868,15040125.0,0.0002585421054714964
2022-08-30,11:07:41,0.5277,26.31,24.0,1869,15040124.0,0.0002581289164961588
2022-08-30,11:07:41,0.5284,26.31,24.0,1873,15040125.0,0.00025648275342821477
2022-08-30,11:07:41,0.5291,26.31,24.0,1875,15040126.0,0.0002556636128610952
2022-08-30,11:07:41,0.5299,26.31,24.0,1874,15040125.0,0.00025607285560562415
2022-08-30,11:07:41,0.5306,26.31,24.0,1871,15040125.0,0.0002573045185036138
2022-08-30,11:07:41,0.5313,26.31,24.0,1875,15040126.0,0.0002556636128610952
2022-08-30,11:07:41,0.5320,26.31,24.0,1875,15040128.0,0.0002556636128610952
2022-08-30,11:07:41,0.5327,26.31,24.0,1869,15040125.0,0.0002581289164961588
2022-08-30,11:07:41,0.5334,26.31,24.0,1871,15040126.0,0.0002573045185036138
2022-08-30,11:07:41,0.5341,26.31,24.0,1874,15040126.0,0.00025607285560562415
2022-08-30,11:07:41,0.5348,26.31,24.0,1876,15040126.0,0.0002552550241477151
2022-08-30,11:07:41,0.5355,26.31,24.0,1873,15040125.0,0.00025648275342821477
2022-08-30,11:07:41,0.5363,26.31,24.0,1870,15040126.0,0.00025771638785863747
2022-08-30,11:07:41,0.5370,26.31,24.0,1872,15040128.0,0.00025689330737745564
2022-08-30,11:07:41,0.5377,26.31,24.0,1874,15040130.0,0.00025607285560562415
2022-08-30,11:07:41,0.5384,26.31,24.0,1872,15040133.0,0.00025689330737745564
2022-08-30,11:07:41,0.5391,26.31,24.0,1872,15040134.0,0.00025689330737745564
2022-08-30,11:07:41,0.5398,26.31,24.0,1877,15040136.0,0.00025484708842024427
2022-08-30,11:07:41,0.5405,26.31,24.0,1877,15040135.0,0.00025484708842024427
2022-08-30,11:07:41,0.5412,26.31,24.0,1878,15040136.0,0.0002544398046351134
2022-08-30,11:07:41,0.5419,26.31,24.0,1875,15040134.0,0.0002556636128610952
2022-08-30,11:07:41,0.5427,26.31,24.0,1873,15040133.0,0.00025648275342821477
2022-08-30,11:07:41,0.5434,26.31,24.0,1876,15040133.0,0.0002552550241477151
2022-08-30,11:07:41,0.5441,26.31,24.0,1875,15040134.0,0.0002556636128610952
2022-08-30,11:07:41,0.5448,26.31,24.0,1874,15040137.0,0.00025607285560562415
2022-08-30,11:07:41,0.5455,26.31,24.0,1874,15040136.0,0.00025607285560562415
2022-08-30,11:07:41,0.5462,26.31,24.0,1873,15040136.0,0.00025648275342821477
2022-08-30,11:07:41,0.5469,26.31,24.0,1875,15040137.0,0.0002556636128610952
2022-08-30,11:07:41,0.5476,26.31,24.0,1877,15040136.0,0.00025484708842024427
2022-08-30,11:07:41,0.5483,26.31,24.0,1876,15040136.0,0.0002552550241477151
2022-08-30,11:07:41,0.5491,26.31,24.0,1874,15040143.0,0.00025607285560562415
2022-08-30,11:07:41,0.5498,26.31,24.0,1879,15040142.0,0.0002540331717504212
2022-08-30,11:07:41,0.5505,26.31,24.0,1880,15040141.0,0.0002536271887259313
2022-08-30,11:07:41,0.5512,26.31,24.0,1876,15040142.0,0.0002552550241477151
2022-08-30,11:07:41,0.5519,26.31,24.0,1876,15040141.0,0.0002552550241477151
2022-08-30,11:07:41,0.5526,26.31,24.0,1877,15040142.0,0.00025484708842024427
2022-08-30,11:07:41,0.5533,26.31,24.0,1878,15040139.0,0.0002544398046351134
2022-08-30,11:07:41,0.5540,26.31,24.0,1876,15040134.0,0.0002552550241477151
2022-08-30,11:07:41,0.5547,26.31,24.0,1874,15040129.0,0.00025607285560562415
2022-08-30,11:07:41,0.5555,26.31,24.0,1875,15040133.0,0.0002556636128610952
2022-08-30,11:07:41,0.5562,26.31,24.0,1874,15040134.0,0.00025607285560562415
2022-08-30,11:07:41,0.5569,26.31,24.0,1873,15040132.0,0.00025648275342821477
2022-08-30,11:07:41,0.5576,26.31,24.0,1870,15040133.0,0.00025771638785863747
2022-08-30,11:07:41,0.5583,26.31,24.0,1873,15040132.0,0.00025648275342821477
2022-08-30,11:07:41,0.5590,26.31,24.0,1877,15040129.0,0.00025484708842024427
2022-08-30,11:07:41,0.5597,26.31,24.0,1875,15040129.0,0.0002556636128610952
2022-08-30,11:07:41,0.5604,26.31,24.0,1873,15040129.0,0.00025648275342821477
2022-08-30,11:07:41,0.5611,26.31,24.0,1874,15040129.0,0.00025607285560562415
2022-08-30,11:07:41,0.5619,26.31,24.0,1875,15040130.0,0.0002556636128610952
2022-08-30,11:07:41,0.5626,26.31,24.0,1871,15040129.0,0.0002573045185036138
2022-08-30,11:07:41,0.5633,26.31,24.0,1871,15040125.0,0.0002573045185036138
2022-08-30,11:07:41,0.5640,26.31,24.0,1876,15040125.0,0.0002552550241477151
2022-08-30,11:07:41,0.5647,26.31,24.0,1875,15040125.0,0.0002556636128610952
2022-08-30,11:07:41,0.5654,26.31,24.0,1871,15040124.0,0.0002573045185036138
2022-08-30,11:07:41,0.5661,26.31,24.0,1870,15040125.0,0.00025771638785863747
2022-08-30,11:07:41,0.5668,26.31,24.0,1873,15040127.0,0.00025648275342821477
2022-08-30,11:07:41,0.5675,26.31,24.0,1873,15040127.0,0.00025648275342821477
2022-08-30,11:07:41,0.5683,26.31,24.0,1870,15040127.0,0.00025771638785863747
2022-08-30,11:07:41,0.5690,26.31,24.0,1872,15040128.0,0.00025689330737745564
2022-08-30,11:07:41,0.5697,26.31,24.0,1874,15040128.0,0.00025607285560562415
2022-08-30,11:07:41,0.5704,26.31,24.0,1874,15040128.0,0.00025607285560562415
2022-08-30,11:07:41,0.5711,26.31,24.0,1871,15040129.0,0.0002573045185036138
2022-08-30,11:07:41,0.5718,26.31,24.0,1877,15040128.0,0.00025484708842024427
2022-08-30,11:07:41,0.5725,26.31,24.0,1877,15040128.0,0.00025484708842024427
2022-08-30,11:07:41,0.5732,26.31,24.0,1870,15040132.0,0.00025771638785863747
2022-08-30,11:07:41,0.5739,26.31,24.0,1873,15040130.0,0.00025648275342821477
2022-08-30,11:07:41,0.5747,26.31,24.0,1874,15040126.0,0.00025607285560562415
2022-08-30,11:07:41,0.5754,26.31,24.0,1873,15040126.0,0.00025648275342821477
2022-08-30,11:07:41,0.5761,26.31,24.0,1870,15040125.0,0.00025771638785863747
2022-08-30,11:07:41,0.5768,26.31,24.0,1870,15040122.0,0.00025771638785863747
2022-08-30,11:07:41,0.5775,26.31,24.0,1871,15040123.0,0.0002573045185036138
2022-08-30,11:07:41,0.5782,26.31,24.0,1871,15040123.0,0.0002573045185036138
2022-08-30,11:07:41,0.5789,26.31,24.0,1873,15040125.0,0.00025648275342821477
2022-08-30,11:07:41,0.5796,26.31,24.0,1872,15040124.0,0.00025689330737745564
2022-08-30,11:07:41,0.5803,26.31,24.0,1873,15040123.0,0.00025648275342821477
2022-08-30,11:07:41,0.5811,26.31,24.0,1873,15040124.0,0.00025648275342821477
2022-08-30,11:07:41,0.5818,26.31,24.0,1873,15040128.0,0.00025648275342821477
2022-08-30,11:07:41,0.5825,26.31,24.0,1876,15040131.0,0.0002552550241477151
2022-08-30,11:07:41,0.5832,26.31,24.0,1876,15040133.0,0.0002552550241477151
2022-08-30,11:07:41,0.5839,26.31,24.0,1875,15040138.0,0.0002556636128610952
2022-08-30,11:07:41,0.5846,26.31,24.0,1874,15040138.0,0.00025607285560562415
2022-08-30,11:07:41,0.5853,26.31,24.0,1875,15040138.0,0.0002556636128610952
2022-08-30,11:07:41,0.5860,26.31,24.0,1876,15040137.0,0.0002552550241477151
2022-08-30,11:07:41,0.5867,26.31,24.0,1876,15040137.0,0.0002552550241477151
2022-08-30,11:07:41,0.5875,26.31,24.0,1874,15040137.0,0.00025607285560562415
2022-08-30,11:07:41,0.5882,26.31,24.0,1875,15040132.0,0.0002556636128610952
2022-08-30,11:07:41,0.5889,26.31,24.0,1875,15040131.0,0.0002556636128610952
2022-08-30,11:07:41,0.5896,26.31,24.0,1874,15040132.0,0.00025607285560562415
2022-08-30,11:07:41,0.5903,26.31,24.0,1873,15040129.0,0.00025648275342821477
2022-08-30,11:07:41,0.5910,26.31,24.0,1870,15040128.0,0.00025771638785863747
2022-08-30,11:07:41,0.5917,26.31,24.0,1870,15040128.0,0.00025771638785863747
2022-08-30,11:07:41,0.5924,26.31,24.0,1876,15040130.0,0.0002552550241477151
2022-08-30,11:07:41,0.5932,26.31,24.0,1876,15040129.0,0.0002552550241477151
2022-08-30,11:07:41,0.5939,26.31,24.0,1871,15040128.0,0.0002573045185036138
2022-08-30,11:07:41,0.5946,26.31,24.0,1870,15040128.0,0.00025771638785863747
2022-08-30,11:07:41,0.5953,26.31,24.0,1868,15040127.0,0.0002585421054714964
2022-08-30,11:07:41,0.5960,26.31,24.0,1872,15040132.0,0.00025689330737745564
2022-08-30,11:07:41,0.5967,26.31,24.0,1873,15040132.0,0.00025648275342821477
2022-08-30,11:07:41,0.5974,26.31,24.0,1875,15040131.0,0.0002556636128610952
2022-08-30,11:07:41,0.5981,26.31,24.0,1874,15040135.0,0.00025607285560562415
2022-08-30,11:07:41,0.5988,26.31,24.0,1868,15040134.0,0.0002585421054714964
2022-08-30,11:07:41,0.5996,26.31,24.0,1872,15040134.0,0.00025689330737745564
2022-08-30,11:07:41,0.6003,26.31,24.0,1874,15040135.0,0.00025607285560562415
2022-08-30,11:07:41,0.6010,26.31,24.0,1874,15040136.0,0.00025607285560562415
2022-08-30,11:07:41,0.6017,26.31,24.0,1875,15040135.0,0.0002556636128610952
2022-08-30,11:07:41,0.6024,26.31,24.0,1873,15040134.0,0.00025648275342821477
2022-08-30,11:07:41,0.6031,26.31,24.0,1875,15040132.0,0.0002556636128610952
2022-08-30,11:07:41,0.6038,26.31,24.0,1877,15040134.0,0.00025484708842024427
2022-08-30,11:07:41,0.6045,26.31,24.0,1873,15040135.0,0.00025648275342821477
2022-08-30,11:07:41,0.6052,26.31,24.0,1874,15040134.0,0.00025607285560562415
2022-08-30,11:07:41,0.6060,26.31,24.0,1877,15040135.0,0.00025484708842024427
2022-08-30,11:07:41,0.6067,26.31,24.0,1874,15040127.0,0.00025607285560562415
2022-08-30,11:07:41,0.6074,26.31,24.0,1873,15040124.0,0.00025648275342821477
2022-08-30,11:07:41,0.6081,26.31,24.0,1873,15040125.0,0.00025648275342821477
2022-08-30,11:07:41,0.6088,26.31,24.0,1871,15040124.0,0.0002573045185036138
2022-08-30,11:07:41,0.6095,26.31,24.0,1874,15040129.0,0.00025607285560562415
2022-08-30,11:07:41,0.6102,26.31,24.0,1874,15040128.0,0.00025607285560562415
2022-08-30,11:07:41,0.6109,26.31,24.0,1872,15040129.0,0.00025689330737745564
2022-08-30,11:07:41,0.6116,26.31,24.0,1871,15040129.0,0.0002573045185036138
2022-08-30,11:07:41,0.6124,26.31,24.0,1868,15040128.0,0.0002585421054714964
2022-08-30,11:07:41,0.6131,26.31,24.0,1879,15040128.0,0.0002540331717504212
2022-08-30,11:07:41,0.6138,26.31,24.0,1884,15040127.0,0.00025200973448339856
2022-08-30,11:07:41,0.6145,26.31,24.0,1874,15040126.0,0.00025607285560562415
2022-08-30,11:07:41,0.6152,26.31,24.0,1871,15040127.0,0.0002573045185036138
2022-08-30,11:07:41,0.6159,26.31,24.0,1872,15040130.0,0.00025689330737745564
2022-08-30,11:07:41,0.6166,26.31,24.0,1872,15040129.0,0.00025689330737745564
2022-08-30,11:07:41,0.6173,26.31,24.0,1873,15040126.0,0.00025648275342821477
2022-08-30,11:07:41,0.6180,26.31,24.0,1875,15040121.0,0.0002556636128610952
2022-08-30,11:07:41,0.6188,26.31,24.0,1874,15040120.0,0.00025607285560562415
2022-08-30,11:07:41,0.6195,26.31,24.0,1869,15040122.0,0.0002581289164961588
2022-08-30,11:07:41,0.6202,26.31,24.0,1868,15040118.0,0.0002585421054714964
2022-08-30,11:07:41,0.6209,26.31,24.0,1871,15040117.0,0.0002573045185036138
2022-08-30,11:07:41,0.6216,26.31,24.0,1871,15040117.0,0.0002573045185036138
2022-08-30,11:07:41,0.6223,26.31,24.0,1874,15040111.0,0.00025607285560562415
2022-08-30,11:07:41,0.6230,26.31,24.0,1873,15040112.0,0.00025648275342821477
2022-08-30,11:07:41,0.6237,26.31,24.0,1872,15040112.0,0.00025689330737745564
2022-08-30,11:07:41,0.6244,26.31,24.0,1870,15040106.0,0.00025771638785863747
2022-08-30,11:07:41,0.6252,26.31,24.0,1865,15040106.0,0.0002597856450029483
2022-08-30,11:07:41,0.6259,26.31,24.0,1869,15040113.0,0.0002581289164961588
2022-08-30,11:07:41,0.6266,26.31,24.0,1871,15040114.0,0.0002573045185036138
2022-08-30,11:07:41,0.6273,26.31,24.0,1872,15040113.0,0.00025689330737745564
2022-08-30,11:07:41,0.6280,26.31,24.0,1873,15040116.0,0.00025648275342821477
2022-08-30,11:07:41,0.6287,26.31,24.0,1871,15040116.0,0.0002573045185036138
2022-08-30,11:07:41,0.6294,26.31,24.0,1872,15040115.0,0.00025689330737745564
2022-08-30,11:07:41,0.6301,26.31,24.0,1873,15040116.0,0.00025648275342821477
2022-08-30,11:07:41,0.6308,26.31,24.0,1871,15040113.0,0.0002573045185036138
2022-08-30,11:07:41,0.6316,26.31,24.0,1871,15040112.0,0.0002573045185036138
2022-08-30,11:07:41,0.6323,26.31,24.0,1871,15040112.0,0.0002573045185036138
2022-08-30,11:07:41,0.6330,26.31,24.0,1871,15040112.0,0.0002573045185036138
2022-08-30,11:07:41,0.6337,26.31,24.0,1867,15040114.0,0.0002589559558416581
2022-08-30,11:07:41,0.6344,26.31,24.0,1868,15040112.0,0.0002585421054714964
2022-08-30,11:07:41,0.6351,26.31,24.0,1870,15040112.0,0.00025771638785863747
2022-08-30,11:07:41,0.6358,26.31,24.0,1868,15040113.0,0.0002585421054714964
2022-08-30,11:07:41,0.6365,26.31,24.0,1867,15040112.0,0.0002589559558416581
2022-08-30,11:07:41,0.6372,26.31,24.0,1866,15040113.0,0.0002593704686653439
2022-08-30,11:07:41,0.6380,26.31,24.0,1867,15040113.0,0.0002589559558416581
2022-08-30,11:07:41,0.6387,26.31,24.0,1872,15040112.0,0.00025689330737745564
2022-08-30,11:07:41,0.6394,26.31,24.0,1874,15040112.0,0.00025607285560562415
2022-08-30,11:07:41,0.6401,26.31,24.0,1872,15040113.0,0.00025689330737745564
2022-08-30,11:07:41,0.6408,26.31,24.0,1872,15040113.0,0.00025689330737745564
2022-08-30,11:07:41,0.6415,26.31,24.0,1870,15040114.0,0.00025771638785863747
2022-08-30,11:07:41,0.6422,26.31,24.0,1869,15040114.0,0.0002581289164961588
2022-08-30,11:07:41,0.6429,26.31,24.0,1868,15040114.0,0.0002585421054714964
2022-08-30,11:07:41,0.6436,26.31,24.0,1870,15040116.0,0.00025771638785863747
2022-08-30,11:07:41,0.6444,26.31,24.0,1872,15040121.0,0.00025689330737745564
2022-08-30,11:07:41,0.6451,26.31,24.0,1869,15040122.0,0.0002581289164961588
2022-08-30,11:07:41,0.6458,26.31,24.0,1873,15040117.0,0.00025648275342821477
2022-08-30,11:07:41,0.6465,26.31,24.0,1877,15040115.0,0.00025484708842024427
2022-08-30,11:07:41,0.6472,26.31,24.0,1873,15040115.0,0.00025648275342821477
2022-08-30,11:07:41,0.6479,26.31,24.0,1869,15040115.0,0.0002581289164961588
2022-08-30,11:07:41,0.6486,26.31,24.0,1871,15040113.0,0.0002573045185036138
2022-08-30,11:07:41,0.6493,26.31,24.0,1870,15040113.0,0.00025771638785863747
2022-08-30,11:07:41,0.6500,26.31,24.0,1867,15040116.0,0.0002589559558416581
2022-08-30,11:07:41,0.6508,26.31,24.0,1873,15040116.0,0.00025648275342821477
2022-08-30,11:07:41,0.6515,26.31,24.0,1874,15040112.0,0.00025607285560562415
2022-08-30,11:07:42,0.6522,26.31,24.0,1868,15040112.0,0.0002585421054714964
2022-08-30,11:07:42,0.6529,26.31,24.0,1867,15040114.0,0.0002589559558416581
2022-08-30,11:07:42,0.6536,26.31,24.0,1866,15040114.0,0.0002593704686653439
2022-08-30,11:07:42,0.6543,26.31,24.0,1869,15040114.0,0.0002581289164961588
2022-08-30,11:07:42,0.6550,26.31,24.0,1872,15040115.0,0.00025689330737745564
2022-08-30,11:07:42,0.6557,26.31,24.0,1871,15040114.0,0.0002573045185036138
2022-08-30,11:07:42,0.6564,26.31,24.0,1869,15040114.0,0.0002581289164961588
2022-08-30,11:07:42,0.6572,26.31,24.0,1868,15040114.0,0.0002585421054714964
2022-08-30,11:07:42,0.6579,26.31,24.0,1870,15040111.0,0.00025771638785863747
2022-08-30,11:07:42,0.6586,26.31,24.0,1870,15040112.0,0.00025771638785863747
2022-08-30,11:07:42,0.6593,26.31,24.0,1868,15040114.0,0.0002585421054714964
2022-08-30,11:07:42,0.6600,26.31,24.0,1870,15040111.0,0.00025771638785863747
2022-08-30,11:07:42,0.6607,26.31,24.0,1873,15040111.0,0.00025648275342821477
2022-08-30,11:07:42,0.6614,26.31,24.0,1872,15040112.0,0.00025689330737745564
2022-08-30,11:07:42,0.6621,26.31,24.0,1873,15040113.0,0.00025648275342821477
2022-08-30,11:07:42,0.6628,26.31,24.0,1872,15040114.0,0.00025689330737745564
2022-08-30,11:07:42,0.6636,26.31,24.0,1870,15040111.0,0.00025771638785863747
2022-08-30,11:07:42,0.6643,26.31,24.0,1873,15040111.0,0.00025648275342821477
2022-08-30,11:07:42,0.6650,26.31,24.0,1873,15040116.0,0.00025648275342821477
2022-08-30,11:07:42,0.6657,26.31,24.0,1870,15040115.0,0.00025771638785863747
2022-08-30,11:07:42,0.6664,26.31,24.0,1868,15040113.0,0.0002585421054714964
2022-08-30,11:07:42,0.6671,26.31,24.0,1870,15040115.0,0.00025771638785863747
2022-08-30,11:07:42,0.6678,26.31,24.0,1870,15040117.0,0.00025771638785863747
2022-08-30,11:07:42,0.6685,26.31,24.0,1868,15040120.0,0.0002585421054714964
2022-08-30,11:07:42,0.6692,26.31,24.0,1873,15040122.0,0.00025648275342821477
2022-08-30,11:07:42,0.6700,26.31,24.0,1875,15040120.0,0.0002556636128610952
2022-08-30,11:07:42,0.6707,26.31,24.0,1870,15040121.0,0.00025771638785863747
2022-08-30,11:07:42,0.6714,26.31,24.0,1870,15040127.0,0.00025771638785863747
2022-08-30,11:07:42,0.6721,26.31,24.0,1875,15040127.0,0.0002556636128610952
2022-08-30,11:07:42,0.6728,26.31,24.0,1875,15040128.0,0.0002556636128610952
2022-08-30,11:07:42,0.6735,26.31,24.0,1870,15040128.0,0.00025771638785863747
2022-08-30,11:07:42,0.6742,26.31,24.0,1874,15040127.0,0.00025607285560562415
2022-08-30,11:07:42,0.6749,26.31,24.0,1875,15040130.0,0.0002556636128610952
2022-08-30,11:07:42,0.6757,26.31,24.0,1868,15040132.0,0.0002585421054714964
2022-08-30,11:07:42,0.6764,26.31,24.0,1871,15040130.0,0.0002573045185036138
2022-08-30,11:07:42,0.6771,26.31,24.0,1872,15040130.0,0.00025689330737745564
2022-08-30,11:07:42,0.6778,26.31,24.0,1877,15040131.0,0.00025484708842024427
2022-08-30,11:07:42,0.6785,26.31,24.0,1879,15040130.0,0.0002540331717504212
2022-08-30,11:07:42,0.6792,26.31,24.0,1870,15040133.0,0.00025771638785863747
2022-08-30,11:07:42,0.6799,26.31,24.0,1869,15040134.0,0.0002581289164961588
2022-08-30,11:07:42,0.6806,26.31,24.0,1871,15040123.0,0.0002573045185036138
2022-08-30,11:07:42,0.6813,26.31,24.0,1871,15040123.0,0.0002573045185036138
2022-08-30,11:07:42,0.6821,26.31,24.0,1870,15040128.0,0.00025771638785863747
2022-08-30,11:07:42,0.6828,26.31,24.0,1871,15040124.0,0.0002573045185036138
2022-08-30,11:07:42,0.6835,26.31,24.0,1872,15040121.0,0.00025689330737745564
2022-08-30,11:07:42,0.6842,26.31,24.0,1873,15040121.0,0.00025648275342821477
2022-08-30,11:07:42,0.6849,26.31,24.0,1875,15040120.0,0.0002556636128610952
2022-08-30,11:07:42,0.6856,26.31,24.0,1872,15040117.0,0.00025689330737745564
2022-08-30,11:07:42,0.6863,26.31,24.0,1872,15040118.0,0.00025689330737745564
2022-08-30,11:07:42,0.6870,26.31,24.0,1873,15040119.0,0.00025648275342821477
2022-08-30,11:07:42,0.6877,26.31,24.0,1870,15040118.0,0.00025771638785863747
2022-08-30,11:07:42,0.6885,26.31,24.0,1872,15040117.0,0.00025689330737745564
2022-08-30,11:07:42,0.6892,26.31,24.0,1870,15040119.0,0.00025771638785863747
2022-08-30,11:07:42,0.6899,26.31,24.0,1867,15040118.0,0.0002589559558416581
2022-08-30,11:07:42,0.6906,26.31,24.0,1869,15040115.0,0.0002581289164961588
2022-08-30,11:07:42,0.6913,26.31,24.0,1871,15040118.0,0.0002573045185036138
2022-08-30,11:07:42,0.6920,26.31,24.0,1872,15040116.0,0.00025689330737745564
2022-08-30,11:07:42,0.6927,26.31,24.0,1873,15040117.0,0.00025648275342821477
2022-08-30,11:07:42,0.6934,26.31,24.0,1871,15040119.0,0.0002573045185036138
2022-08-30,11:07:42,0.6941,26.31,24.0,1873,15040118.0,0.00025648275342821477
2022-08-30,11:07:42,0.6949,26.31,24.0,1873,15040119.0,0.00025648275342821477
2022-08-30,11:07:42,0.6956,26.31,24.0,1873,15040120.0,0.00025648275342821477
2022-08-30,11:07:42,0.6963,26.31,24.0,1875,15040125.0,0.0002556636128610952
2022-08-30,11:07:42,0.6970,26.31,24.0,1872,15040125.0,0.00025689330737745564
2022-08-30,11:07:42,0.6977,26.31,24.0,1870,15040127.0,0.00025771638785863747
2022-08-30,11:07:42,0.6984,26.31,24.0,1870,15040128.0,0.00025771638785863747
2022-08-30,11:07:42,0.6991,26.31,24.0,1872,15040128.0,0.00025689330737745564
2022-08-30,11:07:42,0.6998,26.31,24.0,1872,15040129.0,0.00025689330737745564
2022-08-30,11:07:42,0.7005,26.31,24.0,1877,15040129.0,0.00025484708842024427
2022-08-30,11:07:42,0.7013,26.31,24.0,1881,15040128.0,0.0002532218545230698
2022-08-30,11:07:42,0.7020,26.31,24.0,1874,15040128.0,0.00025607285560562415
2022-08-30,11:07:42,0.7027,26.31,24.0,1873,15040128.0,0.00025648275342821477
2022-08-30,11:07:42,0.7034,26.31,24.0,1877,15040129.0,0.00025484708842024427
2022-08-30,11:07:42,0.7041,26.31,24.0,1875,15040128.0,0.0002556636128610952
2022-08-30,11:07:42,0.7048,26.31,24.0,1873,15040128.0,0.00025648275342821477
2022-08-30,11:07:42,0.7055,26.31,24.0,1871,15040129.0,0.0002573045185036138
2022-08-30,11:07:42,0.7062,26.31,24.0,1873,15040127.0,0.00025648275342821477
2022-08-30,11:07:42,0.7069,26.31,24.0,1876,15040128.0,0.0002552550241477151
2022-08-30,11:07:42,0.7077,26.31,24.0,1873,15040128.0,0.00025648275342821477
2022-08-30,11:07:42,0.7084,26.31,24.0,1874,15040128.0,0.00025607285560562415
2022-08-30,11:07:42,0.7091,26.31,24.0,1873,15040130.0,0.00025648275342821477
2022-08-30,11:07:42,0.7098,26.31,24.0,1872,15040132.0,0.00025689330737745564
2022-08-30,11:07:42,0.7105,26.31,24.0,1874,15040133.0,0.00025607285560562415
2022-08-30,11:07:42,0.7107,26.31,24.0,1870,15040131.0,0.00025771638785863747
2022-08-30,11:07:42,0.7108,26.31,24.0,1866,15040129.0,0.0002593704686653439
2022-08-30,11:07:42,0.7109,26.31,24.0,1872,15040134.0,0.00025689330737745564
2022-08-30,11:07:42,0.7110,26.31,24.0,1874,15040135.0,0.00025607285560562415
2022-08-30,11:07:42,0.7111,26.31,24.0,1873,15040136.0,0.00025648275342821477
2022-08-30,11:07:42,0.7113,26.31,24.0,1874,15040140.0,0.00025607285560562415
2022-08-30,11:07:42,0.7114,26.31,24.0,1875,15040140.0,0.0002556636128610952
2022-08-30,11:07:42,0.7115,26.31,24.0,1881,15040142.0,0.0002532218545230698
2022-08-30,11:07:42,0.7116,26.31,24.0,1881,15040143.0,0.0002532218545230698
2022-08-30,11:07:42,0.7117,26.31,24.0,1876,15040143.0,0.0002552550241477151
2022-08-30,11:07:42,0.7118,26.31,24.0,1874,15040143.0,0.00025607285560562415
2022-08-30,11:07:42,0.7119,26.31,24.0,1875,15040141.0,0.0002556636128610952
2022-08-30,11:07:42,0.7120,26.31,24.0,1878,15040140.0,0.0002544398046351134
2022-08-30,11:07:42,0.7121,26.31,24.0,1879,15040140.0,0.0002540331717504212
2022-08-30,11:07:42,0.7122,26.31,24.0,1876,15040141.0,0.0002552550241477151
2022-08-30,11:07:42,0.7124,26.31,24.0,1875,15040141.0,0.0002556636128610952
2022-08-30,11:07:42,0.7125,26.31,24.0,1873,15040140.0,0.00025648275342821477
2022-08-30,11:07:42,0.7126,26.31,24.0,1875,15040143.0,0.0002556636128610952
2022-08-30,11:07:42,0.7127,26.31,24.0,1881,15040146.0,0.0002532218545230698
2022-08-30,11:07:42,0.7128,26.31,24.0,1880,15040146.0,0.0002536271887259313
2022-08-30,11:07:42,0.7129,26.31,24.0,1878,15040147.0,0.0002544398046351134
2022-08-30,11:07:42,0.7130,26.31,24.0,1876,15040147.0,0.0002552550241477151
2022-08-30,11:07:42,0.7131,26.31,24.0,1877,15040146.0,0.00025484708842024427
2022-08-30,11:07:42,0.7132,26.31,24.0,1878,15040146.0,0.0002544398046351134
2022-08-30,11:07:42,0.7133,26.31,24.0,1878,15040149.0,0.0002544398046351134
2022-08-30,11:07:42,0.7135,26.31,24.0,1878,15040150.0,0.0002544398046351134
2022-08-30,11:07:42,0.7136,26.31,24.0,1876,15040146.0,0.0002552550241477151
2022-08-30,11:07:42,0.7137,26.31,24.0,1877,15040144.0,0.00025484708842024427
2022-08-30,11:07:42,0.7138,26.31,24.0,1877,15040148.0,0.00025484708842024427
2022-08-30,11:07:42,0.7139,26.31,24.0,1878,15040147.0,0.0002544398046351134
2022-08-30,11:07:42,0.7140,26.31,24.0,1878,15040145.0,0.0002544398046351134
2022-08-30,11:07:42,0.7141,26.31,24.0,1878,15040144.0,0.0002544398046351134
2022-08-30,11:07:42,0.7142,26.31,24.0,1878,15040142.0,0.0002544398046351134
2022-08-30,11:07:42,0.7143,26.31,24.0,1877,15040142.0,0.00025484708842024427
2022-08-30,11:07:42,0.7144,26.31,24.0,1877,15040142.0,0.00025484708842024427
2022-08-30,11:07:42,0.7146,26.31,24.0,1878,15040144.0,0.0002544398046351134
2022-08-30,11:07:42,0.7147,26.31,24.0,1878,15040143.0,0.0002544398046351134
2022-08-30,11:07:42,0.7148,26.31,24.0,1875,15040143.0,0.0002556636128610952
2022-08-30,11:07:42,0.7149,26.31,24.0,1873,15040143.0,0.00025648275342821477
2022-08-30,11:07:42,0.7150,26.31,24.0,1878,15040143.0,0.0002544398046351134
2022-08-30,11:07:42,0.7151,26.31,24.0,1885,15040143.0,0.0002516069852144684
2022-08-30,11:07:42,0.7152,26.31,24.0,1881,15040143.0,0.0002532218545230698
2022-08-30,11:07:42,0.7153,26.31,24.0,1875,15040144.0,0.0002556636128610952
2022-08-30,11:07:42,0.7154,26.31,24.0,1878,15040146.0,0.0002544398046351134
2022-08-30,11:07:42,0.7155,26.31,24.0,1881,15040147.0,0.0002532218545230698
2022-08-30,11:07:42,0.7157,26.31,24.0,1876,15040148.0,0.0002552550241477151
2022-08-30,11:07:42,0.7158,26.31,24.0,1871,15040149.0,0.0002573045185036138
2022-08-30,11:07:42,0.7159,26.31,24.0,1879,15040151.0,0.0002540331717504212
2022-08-30,11:07:42,0.7160,26.31,24.0,1883,15040150.0,0.0002524131284362331
2022-08-30,11:07:42,0.7161,26.31,24.0,1876,15040147.0,0.0002552550241477151
2022-08-30,11:07:42,0.7162,26.31,24.0,1877,15040147.0,0.00025484708842024427
2022-08-30,11:07:42,0.7163,26.31,24.0,1882,15040149.0,0.0002528171681049227
2022-08-30,11:07:42,0.7164,26.31,24.0,1881,15040152.0,0.0002532218545230698
2022-08-30,11:07:42,0.7165,26.31,24.0,1879,15040152.0,0.0002540331717504212
2022-08-30,11:07:42,0.7166,26.31,24.0,1881,15040155.0,0.0002532218545230698
2022-08-30,11:07:42,0.7168,26.31,24.0,1880,15040151.0,0.0002536271887259313
2022-08-30,11:07:42,0.7169,26.31,24.0,1880,15040150.0,0.0002536271887259313
2022-08-30,11:07:42,0.7170,26.31,24.0,1881,15040150.0,0.0002532218545230698
2022-08-30,11:07:42,0.7171,26.31,24.0,1879,15040141.0,0.0002540331717504212
2022-08-30,11:07:42,0.7172,26.31,24.0,1880,15040140.0,0.0002536271887259313
2022-08-30,11:07:42,0.7173,26.31,24.0,1879,15040140.0,0.0002540331717504212
2022-08-30,11:07:42,0.7174,26.31,24.0,1873,15040137.0,0.00025648275342821477
2022-08-30,11:07:42,0.7175,26.31,24.0,1874,15040137.0,0.00025607285560562415
2022-08-30,11:07:42,0.7176,26.31,24.0,1876,15040140.0,0.0002552550241477151
2022-08-30,11:07:42,0.7177,26.31,24.0,1876,15040139.0,0.0002552550241477151
2022-08-30,11:07:42,0.7179,26.31,24.0,1878,15040136.0,0.0002544398046351134
2022-08-30,11:07:42,0.7180,26.31,24.0,1878,15040135.0,0.0002544398046351134
2022-08-30,11:07:42,0.7181,26.31,24.0,1876,15040132.0,0.0002552550241477151
2022-08-30,11:07:42,0.7182,26.31,24.0,1873,15040131.0,0.00025648275342821477
2022-08-30,11:07:42,0.7183,26.31,24.0,1873,15040131.0,0.00025648275342821477
2022-08-30,11:07:42,0.7184,26.31,24.0,1874,15040133.0,0.00025607285560562415
2022-08-30,11:07:42,0.7185,26.31,24.0,1872,15040138.0,0.00025689330737745564
2022-08-30,11:07:42,0.7186,26.31,24.0,1873,15040134.0,0.00025648275342821477
2022-08-30,11:07:42,0.7187,26.31,24.0,1876,15040134.0,0.0002552550241477151
2022-08-30,11:07:42,0.7188,26.31,24.0,1874,15040133.0,0.00025607285560562415
2022-08-30,11:07:42,0.7190,26.31,24.0,1872,15040132.0,0.00025689330737745564
2022-08-30,11:07:42,0.7191,26.31,24.0,1874,15040132.0,0.00025607285560562415
2022-08-30,11:07:42,0.7192,26.31,24.0,1874,15040134.0,0.00025607285560562415
2022-08-30,11:07:42,0.7193,26.31,24.0,1876,15040139.0,0.0002552550241477151
2022-08-30,11:07:42,0.7194,26.31,24.0,1874,15040138.0,0.00025607285560562415
2022-08-30,11:07:42,0.7195,26.31,24.0,1877,15040138.0,0.00025484708842024427
2022-08-30,11:07:42,0.7196,26.31,24.0,1879,15040143.0,0.0002540331717504212
2022-08-30,11:07:42,0.7197,26.31,24.0,1875,15040141.0,0.0002556636128610952
2022-08-30,11:07:42,0.7198,26.31,24.0,1876,15040132.0,0.0002552550241477151
2022-08-30,11:07:42,0.7199,26.31,24.0,1876,15040132.0,0.0002552550241477151
2022-08-30,11:07:42,0.7201,26.31,24.0,1876,15040132.0,0.0002552550241477151
2022-08-30,11:07:42,0.7202,26.31,24.0,1874,15040134.0,0.00025607285560562415
2022-08-30,11:07:42,0.7203,26.31,24.0,1873,15040140.0,0.00025648275342821477
2022-08-30,11:07:42,0.7204,26.31,24.0,1875,15040138.0,0.0002556636128610952
2022-08-30,11:07:42,0.7205,26.31,24.0,1876,15040134.0,0.0002552550241477151
2022-08-30,11:07:42,0.7206,26.31,24.0,1877,15040135.0,0.00025484708842024427
2022-08-30,11:07:42,0.7207,26.31,24.0,1875,15040131.0,0.0002556636128610952
2022-08-30,11:07:42,0.7208,26.31,24.0,1871,15040127.0,0.0002573045185036138
2022-08-30,11:07:42,0.7209,26.31,24.0,1871,15040128.0,0.0002573045185036138
2022-08-30,11:07:42,0.7210,26.31,24.0,1875,15040128.0,0.0002556636128610952
2022-08-30,11:07:42,0.7212,26.31,24.0,1874,15040128.0,0.00025607285560562415
2022-08-30,11:07:42,0.7213,26.31,24.0,1870,15040127.0,0.00025771638785863747
2022-08-30,11:07:42,0.7214,26.31,24.0,1868,15040128.0,0.0002585421054714964
2022-08-30,11:07:42,0.7215,26.31,24.0,1871,15040128.0,0.0002573045185036138
2022-08-30,11:07:42,0.7216,26.31,24.0,1874,15040128.0,0.00025607285560562415
2022-08-30,11:07:42,0.7217,26.31,24.0,1872,15040128.0,0.00025689330737745564
2022-08-30,11:07:42,0.7218,26.31,24.0,1871,15040128.0,0.0002573045185036138
2022-08-30,11:07:42,0.7219,26.31,24.0,1871,15040128.0,0.0002573045185036138
2022-08-30,11:07:42,0.7220,26.31,24.0,1874,15040126.0,0.00025607285560562415
2022-08-30,11:07:42,0.7221,26.31,24.0,1875,15040126.0,0.0002556636128610952
2022-08-30,11:07:42,0.7223,26.31,24.0,1875,15040126.0,0.0002556636128610952
2022-08-30,11:07:42,0.7224,26.31,24.0,1874,15040125.0,0.00025607285560562415
2022-08-30,11:07:42,0.7225,26.31,24.0,1870,15040128.0,0.00025771638785863747
2022-08-30,11:07:42,0.7226,26.31,24.0,1868,15040132.0,0.0002585421054714964
2022-08-30,11:07:42,0.7227,26.31,24.0,1872,15040132.0,0.00025689330737745564
2022-08-30,11:07:42,0.7228,26.31,24.0,1875,15040131.0,0.0002556636128610952
2022-08-30,11:07:42,0.7229,26.31,24.0,1874,15040131.0,0.00025607285560562415
2022-08-30,11:07:42,0.7230,26.31,24.0,1872,15040131.0,0.00025689330737745564
2022-08-30,11:07:42,0.7231,26.31,24.0,1874,15040132.0,0.00025607285560562415
2022-08-30,11:07:42,0.7232,26.31,24.0,1873,15040132.0,0.00025648275342821477
2022-08-30,11:07:42,0.7234,26.31,24.0,1871,15040133.0,0.0002573045185036138
2022-08-30,11:07:42,0.7235,26.31,24.0,1869,15040133.0,0.0002581289164961588
2022-08-30,11:07:42,0.7236,26.31,24.0,1872,15040127.0,0.00025689330737745564
2022-08-30,11:07:42,0.7237,26.31,24.0,1873,15040128.0,0.00025648275342821477
2022-08-30,11:07:42,0.7238,26.31,24.0,1872,15040130.0,0.00025689330737745564
2022-08-30,11:07:42,0.7239,26.31,24.0,1874,15040129.0,0.00025607285560562415
2022-08-30,11:07:42,0.7240,26.31,24.0,1874,15040135.0,0.00025607285560562415
2022-08-30,11:07:42,0.7241,26.31,24.0,1874,15040135.0,0.00025607285560562415
2022-08-30,11:07:42,0.7242,26.31,24.0,1875,15040131.0,0.0002556636128610952
2022-08-30,11:07:42,0.7243,26.31,24.0,1876,15040131.0,0.0002552550241477151
2022-08-30,11:07:42,0.7245,26.31,24.0,1875,15040135.0,0.0002556636128610952
2022-08-30,11:07:42,0.7246,26.31,24.0,1875,15040136.0,0.0002556636128610952
2022-08-30,11:07:42,0.7247,26.31,24.0,1878,15040136.0,0.0002544398046351134
2022-08-30,11:07:42,0.7248,26.31,24.0,1876,15040137.0,0.0002552550241477151
2022-08-30,11:07:42,0.7249,26.31,24.0,1873,15040137.0,0.00025648275342821477
2022-08-30,11:07:42,0.7250,26.31,24.0,1876,15040140.0,0.0002552550241477151
2022-08-30,11:07:42,0.7251,26.31,24.0,1875,15040141.0,0.0002556636128610952
2022-08-30,11:07:42,0.7252,26.31,24.0,1871,15040140.0,0.0002573045185036138
2022-08-30,11:07:42,0.7253,26.31,24.0,1875,15040141.0,0.0002556636128610952
2022-08-30,11:07:42,0.7254,26.31,24.0,1879,15040141.0,0.0002540331717504212
2022-08-30,11:07:42,0.7256,26.31,24.0,1876,15040140.0,0.0002552550241477151
2022-08-30,11:07:42,0.7257,26.31,24.0,1876,15040140.0,0.0002552550241477151
2022-08-30,11:07:42,0.7258,26.31,24.0,1876,15040135.0,0.0002552550241477151
2022-08-30,11:07:42,0.7259,26.31,24.0,1877,15040142.0,0.00025484708842024427
2022-08-30,11:07:42,0.7260,26.31,24.0,1878,15040141.0,0.0002544398046351134
2022-08-30,11:07:42,0.7261,26.31,24.0,1877,15040141.0,0.00025484708842024427
2022-08-30,11:07:42,0.7262,26.31,24.0,1879,15040142.0,0.0002540331717504212
2022-08-30,11:07:42,0.7263,26.31,24.0,1877,15040137.0,0.00025484708842024427
2022-08-30,11:07:42,0.7264,26.31,24.0,1875,15040140.0,0.0002556636128610952
2022-08-30,11:07:42,0.7265,26.31,24.0,1875,15040137.0,0.0002556636128610952
2022-08-30,11:07:42,0.7267,26.31,24.0,1872,15040139.0,0.00025689330737745564
2022-08-30,11:07:42,0.7268,26.31,24.0,1872,15040145.0,0.00025689330737745564
2022-08-30,11:07:42,0.7269,26.31,24.0,1875,15040137.0,0.0002556636128610952
2022-08-30,11:07:42,0.7270,26.31,24.0,1874,15040137.0,0.00025607285560562415
2022-08-30,11:07:42,0.7271,26.31,24.0,1877,15040139.0,0.00025484708842024427
2022-08-30,11:07:42,0.7272,26.31,24.0,1878,15040129.0,0.0002544398046351134
2022-08-30,11:07:42,0.7273,26.31,24.0,1873,15040128.0,0.00025648275342821477
2022-08-30,11:07:42,0.7274,26.31,24.0,1870,15040128.0,0.00025771638785863747
2022-08-30,11:07:42,0.7275,26.31,24.0,1873,15040130.0,0.00025648275342821477
2022-08-30,11:07:42,0.7276,26.31,24.0,1875,15040127.0,0.0002556636128610952
2022-08-30,11:07:42,0.7278,26.31,24.0,1872,15040126.0,0.00025689330737745564
2022-08-30,11:07:42,0.7279,26.31,24.0,1871,15040125.0,0.0002573045185036138
2022-08-30,11:07:42,0.7280,26.31,24.0,1872,15040126.0,0.00025689330737745564
2022-08-30,11:07:42,0.7281,26.31,24.0,1878,15040126.0,0.0002544398046351134
2022-08-30,11:07:42,0.7282,26.31,24.0,1877,15040124.0,0.00025484708842024427
2022-08-30,11:07:42,0.7283,26.31,24.0,1872,15040124.0,0.00025689330737745564
2022-08-30,11:07:42,0.7284,26.31,24.0,1869,15040124.0,0.0002581289164961588
2022-08-30,11:07:42,0.7285,26.31,24.0,1870,15040123.0,0.00025771638785863747
2022-08-30,11:07:42,0.7286,26.31,24.0,1871,15040120.0,0.0002573045185036138
2022-08-30,11:07:42,0.7287,26.31,24.0,1870,15040122.0,0.00025771638785863747
2022-08-30,11:07:42,0.7289,26.31,24.0,1870,15040120.0,0.00025771638785863747
2022-08-30,11:07:42,0.7290,26.31,24.0,1872,15040120.0,0.00025689330737745564
2022-08-30,11:07:42,0.7291,26.31,24.0,1874,15040123.0,0.00025607285560562415
2022-08-30,11:07:42,0.7292,26.31,24.0,1873,15040120.0,0.00025648275342821477
2022-08-30,11:07:42,0.7293,26.31,24.0,1869,15040119.0,0.0002581289164961588
2022-08-30,11:07:42,0.7294,26.31,24.0,1871,15040122.0,0.0002573045185036138
2022-08-30,11:07:42,0.7295,26.31,24.0,1875,15040123.0,0.0002556636128610952
2022-08-30,11:07:42,0.7296,26.31,24.0,1874,15040123.0,0.00025607285560562415
2022-08-30,11:07:42,0.7297,26.31,24.0,1875,15040118.0,0.0002556636128610952
2022-08-30,11:07:42,0.7298,26.31,24.0,1875,15040118.0,0.0002556636128610952
2022-08-30,11:07:42,0.7300,26.31,24.0,1876,15040120.0,0.0002552550241477151
2022-08-30,11:07:42,0.7301,26.31,24.0,1873,15040114.0,0.00025648275342821477
2022-08-30,11:07:42,0.7302,26.31,24.0,1868,15040114.0,0.0002585421054714964
2022-08-30,11:07:42,0.7303,26.31,24.0,1869,15040114.0,0.0002581289164961588
2022-08-30,11:07:42,0.7304,26.31,24.0,1870,15040113.0,0.00025771638785863747
2022-08-30,11:07:42,0.7305,26.31,24.0,1870,15040112.0,0.00025771638785863747
2022-08-30,11:07:42,0.7306,26.31,24.0,1871,15040114.0,0.0002573045185036138
2022-08-30,11:07:42,0.7307,26.31,24.0,1872,15040119.0,0.00025689330737745564
2022-08-30,11:07:42,0.7308,26.31,24.0,1870,15040119.0,0.00025771638785863747
2022-08-30,11:07:42,0.7309,26.31,24.0,1872,15040119.0,0.00025689330737745564
2022-08-30,11:07:42,0.7311,26.31,24.0,1874,15040121.0,0.00025607285560562415
2022-08-30,11:07:42,0.7312,26.31,24.0,1873,15040121.0,0.00025648275342821477
2022-08-30,11:07:42,0.7313,26.31,24.0,1873,15040120.0,0.00025648275342821477
2022-08-30,11:07:42,0.7314,26.31,24.0,1871,15040116.0,0.0002573045185036138
2022-08-30,11:07:42,0.7315,26.31,24.0,1868,15040117.0,0.0002585421054714964
2022-08-30,11:07:42,0.7316,26.31,24.0,1868,15040119.0,0.0002585421054714964
2022-08-30,11:07:42,0.7317,26.31,24.0,1869,15040118.0,0.0002581289164961588
2022-08-30,11:07:42,0.7318,26.31,24.0,1873,15040117.0,0.00025648275342821477
2022-08-30,11:07:42,0.7319,26.31,24.0,1878,15040118.0,0.0002544398046351134
2022-08-30,11:07:42,0.7320,26.31,24.0,1870,15040118.0,0.00025771638785863747
2022-08-30,11:07:42,0.7322,26.31,24.0,1865,15040117.0,0.0002597856450029483
2022-08-30,11:07:42,0.7323,26.31,24.0,1870,15040118.0,0.00025771638785863747
2022-08-30,11:07:42,0.7324,26.31,24.0,1871,15040117.0,0.0002573045185036138
2022-08-30,11:07:42,0.7325,26.31,24.0,1871,15040116.0,0.0002573045185036138
2022-08-30,11:07:43,0.7326,26.31,24.0,1870,15040116.0,0.00025771638785863747
2022-08-30,11:07:43,0.7327,26.31,24.0,1870,15040118.0,0.00025771638785863747
2022-08-30,11:07:43,0.7328,26.31,24.0,1870,15040118.0,0.00025771638785863747
2022-08-30,11:07:43,0.7329,26.31,24.0,1871,15040119.0,0.0002573045185036138
2022-08-30,11:07:43,0.7330,26.31,24.0,1871,15040118.0,0.0002573045185036138
2022-08-30,11:07:43,0.7331,26.31,24.0,1869,15040118.0,0.0002581289164961588
2022-08-30,11:07:43,0.7333,26.31,24.0,1867,15040119.0,0.0002589559558416581
2022-08-30,11:07:43,0.7334,26.31,24.0,1873,15040117.0,0.00025648275342821477
2022-08-30,11:07:43,0.7335,26.31,24.0,1875,15040115.0,0.0002556636128610952
2022-08-30,11:07:43,0.7336,26.31,24.0,1869,15040114.0,0.0002581289164961588
2022-08-30,11:07:43,0.7337,26.31,24.0,1870,15040116.0,0.00025771638785863747
2022-08-30,11:07:43,0.7338,26.31,24.0,1875,15040115.0,0.0002556636128610952
2022-08-30,11:07:43,0.7339,26.31,24.0,1872,15040115.0,0.00025689330737745564
2022-08-30,11:07:43,0.7340,26.31,24.0,1866,15040118.0,0.0002593704686653439
2022-08-30,11:07:43,0.7341,26.31,24.0,1866,15040117.0,0.0002593704686653439
2022-08-30,11:07:43,0.7342,26.31,24.0,1870,15040116.0,0.00025771638785863747
2022-08-30,11:07:43,0.7344,26.31,24.0,1873,15040116.0,0.00025648275342821477
2022-08-30,11:07:43,0.7345,26.31,24.0,1869,15040114.0,0.0002581289164961588
2022-08-30,11:07:43,0.7346,26.31,24.0,1871,15040115.0,0.0002573045185036138
2022-08-30,11:07:43,0.7347,26.31,24.0,1870,15040115.0,0.00025771638785863747
2022-08-30,11:07:43,0.7348,26.31,24.0,1868,15040114.0,0.0002585421054714964
2022-08-30,11:07:43,0.7349,26.31,24.0,1873,15040114.0,0.00025648275342821477
2022-08-30,11:07:43,0.7350,26.31,24.0,1871,15040112.0,0.0002573045185036138
2022-08-30,11:07:43,0.7351,26.31,24.0,1870,15040116.0,0.00025771638785863747
2022-08-30,11:07:43,0.7352,26.31,24.0,1874,15040118.0,0.00025607285560562415
2022-08-30,11:07:43,0.7353,26.31,24.0,1875,15040118.0,0.0002556636128610952
2022-08-30,11:07:43,0.7355,26.31,24.0,1872,15040120.0,0.00025689330737745564
2022-08-30,11:07:43,0.7356,26.31,24.0,1866,15040118.0,0.0002593704686653439
2022-08-30,11:07:43,0.7357,26.31,24.0,1867,15040118.0,0.0002589559558416581
2022-08-30,11:07:43,0.7358,26.31,24.0,1871,15040119.0,0.0002573045185036138
2022-08-30,11:07:43,0.7359,26.31,24.0,1872,15040117.0,0.00025689330737745564
2022-08-30,11:07:43,0.7360,26.31,24.0,1874,15040117.0,0.00025607285560562415
2022-08-30,11:07:43,0.7361,26.31,24.0,1871,15040117.0,0.0002573045185036138
2022-08-30,11:07:43,0.7362,26.31,24.0,1866,15040115.0,0.0002593704686653439
2022-08-30,11:07:43,0.7363,26.31,24.0,1870,15040117.0,0.00025771638785863747
2022-08-30,11:07:43,0.7364,26.31,24.0,1872,15040122.0,0.00025689330737745564
2022-08-30,11:07:43,0.7366,26.31,24.0,1870,15040121.0,0.00025771638785863747
2022-08-30,11:07:43,0.7367,26.31,24.0,1871,15040116.0,0.0002573045185036138
2022-08-30,11:07:43,0.7368,26.31,24.0,1871,15040117.0,0.0002573045185036138
2022-08-30,11:07:43,0.7369,26.31,24.0,1867,15040116.0,0.0002589559558416581
2022-08-30,11:07:43,0.7370,26.31,24.0,1871,15040116.0,0.0002573045185036138
2022-08-30,11:07:43,0.7371,26.31,24.0,1875,15040122.0,0.0002556636128610952
2022-08-30,11:07:43,0.7372,26.31,24.0,1874,15040122.0,0.00025607285560562415
2022-08-30,11:07:43,0.7373,26.31,24.0,1877,15040121.0,0.00025484708842024427
2022-08-30,11:07:43,0.7374,26.31,24.0,1876,15040125.0,0.0002552550241477151
2022-08-30,11:07:43,0.7375,26.31,24.0,1870,15040123.0,0.00025771638785863747
2022-08-30,11:07:43,0.7377,26.31,24.0,1872,15040123.0,0.00025689330737745564
2022-08-30,11:07:43,0.7378,26.31,24.0,1873,15040127.0,0.00025648275342821477
2022-08-30,11:07:43,0.7379,26.31,24.0,1874,15040127.0,0.00025607285560562415
2022-08-30,11:07:43,0.7380,26.31,24.0,1874,15040125.0,0.00025607285560562415
2022-08-30,11:07:43,0.7381,26.31,24.0,1873,15040128.0,0.00025648275342821477
2022-08-30,11:07:43,0.7382,26.31,24.0,1872,15040127.0,0.00025689330737745564
2022-08-30,11:07:43,0.7383,26.31,24.0,1871,15040125.0,0.0002573045185036138
2022-08-30,11:07:43,0.7384,26.31,24.0,1872,15040125.0,0.00025689330737745564
2022-08-30,11:07:43,0.7385,26.31,24.0,1869,15040125.0,0.0002581289164961588
2022-08-30,11:07:43,0.7386,26.31,24.0,1870,15040124.0,0.00025771638785863747
2022-08-30,11:07:43,0.7388,26.31,24.0,1875,15040125.0,0.0002556636128610952
2022-08-30,11:07:43,0.7389,26.31,24.0,1873,15040126.0,0.00025648275342821477
2022-08-30,11:07:43,0.7390,26.31,24.0,1870,15040125.0,0.00025771638785863747
2022-08-30,11:07:43,0.7391,26.31,24.0,1871,15040124.0,0.0002573045185036138
2022-08-30,11:07:43,0.7392,26.31,24.0,1874,15040125.0,0.00025607285560562415
2022-08-30,11:07:43,0.7393,26.31,24.0,1870,15040124.0,0.00025771638785863747
2022-08-30,11:07:43,0.7394,26.31,24.0,1866,15040126.0,0.0002593704686653439
2022-08-30,11:07:43,0.7395,26.31,24.0,1870,15040128.0,0.00025771638785863747
2022-08-30,11:07:43,0.7396,26.31,24.0,1874,15040128.0,0.00025607285560562415
2022-08-30,11:07:43,0.7397,26.31,24.0,1873,15040129.0,0.00025648275342821477
2022-08-30,11:07:43,0.7399,26.31,24.0,1874,15040130.0,0.00025607285560562415
2022-08-30,11:07:43,0.7400,26.31,24.0,1872,15040130.0,0.00025689330737745564
2022-08-30,11:07:43,0.7401,26.31,24.0,1871,15040131.0,0.0002573045185036138
2022-08-30,11:07:43,0.7402,26.31,24.0,1871,15040132.0,0.0002573045185036138
2022-08-30,11:07:43,0.7403,26.31,24.0,1873,15040132.0,0.00025648275342821477
2022-08-30,11:07:43,0.7404,26.31,24.0,1877,15040130.0,0.00025484708842024427
2022-08-30,11:07:43,0.7405,26.31,24.0,1874,15040128.0,0.00025607285560562415
2022-08-30,11:07:43,0.7406,26.31,24.0,1874,15040128.0,0.00025607285560562415
2022-08-30,11:07:43,0.7407,26.31,24.0,1877,15040128.0,0.00025484708842024427
2022-08-30,11:07:43,0.7408,26.31,24.0,1872,15040130.0,0.00025689330737745564
2022-08-30,11:07:43,0.7410,26.31,24.0,1870,15040125.0,0.00025771638785863747
2022-08-30,11:07:43,0.7411,26.31,24.0,1872,15040125.0,0.00025689330737745564
2022-08-30,11:07:43,0.7412,26.31,24.0,1872,15040126.0,0.00025689330737745564
2022-08-30,11:07:43,0.7413,26.31,24.0,1870,15040120.0,0.00025771638785863747
2022-08-30,11:07:43,0.7414,26.31,24.0,1868,15040120.0,0.0002585421054714964
2022-08-30,11:07:43,0.7415,26.31,24.0,1869,15040124.0,0.0002581289164961588
2022-08-30,11:07:43,0.7416,26.31,24.0,1870,15040126.0,0.00025771638785863747
2022-08-30,11:07:43,0.7417,26.31,24.0,1873,15040122.0,0.00025648275342821477
2022-08-30,11:07:43,0.7418,26.31,24.0,1875,15040121.0,0.0002556636128610952
2022-08-30,11:07:43,0.7419,26.31,24.0,1871,15040121.0,0.0002573045185036138
2022-08-30,11:07:43,0.7421,26.31,24.0,1869,15040122.0,0.0002581289164961588
2022-08-30,11:07:43,0.7422,26.31,24.0,1871,15040123.0,0.0002573045185036138
2022-08-30,11:07:43,0.7423,26.31,24.0,1872,15040123.0,0.00025689330737745564
2022-08-30,11:07:43,0.7424,26.31,24.0,1872,15040125.0,0.00025689330737745564
2022-08-30,11:07:43,0.7425,26.31,24.0,1873,15040126.0,0.00025648275342821477
2022-08-30,11:07:43,0.7426,26.31,24.0,1874,15040125.0,0.00025607285560562415
2022-08-30,11:07:43,0.7427,26.31,24.0,1870,15040123.0,0.00025771638785863747
2022-08-30,11:07:43,0.7428,26.31,24.0,1871,15040121.0,0.0002573045185036138
2022-08-30,11:07:43,0.7429,26.31,24.0,1876,15040123.0,0.0002552550241477151
2022-08-30,11:07:43,0.7430,26.31,24.0,1873,15040123.0,0.00025648275342821477
2022-08-30,11:07:43,0.7432,26.31,24.0,1869,15040122.0,0.0002581289164961588
2022-08-30,11:07:43,0.7433,26.31,24.0,1871,15040122.0,0.0002573045185036138
2022-08-30,11:07:43,0.7434,26.31,24.0,1872,15040123.0,0.00025689330737745564
2022-08-30,11:07:43,0.7435,26.31,24.0,1868,15040124.0,0.0002585421054714964
2022-08-30,11:07:43,0.7436,26.31,24.0,1867,15040122.0,0.0002589559558416581
2022-08-30,11:07:43,0.7437,26.31,24.0,1871,15040121.0,0.0002573045185036138
2022-08-30,11:07:43,0.7438,26.31,24.0,1872,15040119.0,0.00025689330737745564
2022-08-30,11:07:43,0.7439,26.31,24.0,1873,15040118.0,0.00025648275342821477
2022-08-30,11:07:43,0.7440,26.31,24.0,1873,15040119.0,0.00025648275342821477
2022-08-30,11:07:43,0.7441,26.31,24.0,1870,15040116.0,0.00025771638785863747
2022-08-30,11:07:43,0.7443,26.31,24.0,1869,15040113.0,0.0002581289164961588
2022-08-30,11:07:43,0.7444,26.31,24.0,1871,15040113.0,0.0002573045185036138
2022-08-30,11:07:43,0.7445,26.31,24.0,1872,15040112.0,0.00025689330737745564
2022-08-30,11:07:43,0.7446,26.31,24.0,1869,15040109.0,0.0002581289164961588
2022-08-30,11:07:43,0.7447,26.31,24.0,1869,15040108.0,0.0002581289164961588
2022-08-30,11:07:43,0.7448,26.31,24.0,1869,15040108.0,0.0002581289164961588
2022-08-30,11:07:43,0.7449,26.31,24.0,1870,15040102.0,0.00025771638785863747
2022-08-30,11:07:43,0.7450,26.31,24.0,1872,15040100.0,0.00025689330737745564
2022-08-30,11:07:43,0.7451,26.31,24.0,1870,15040099.0,0.00025771638785863747
2022-08-30,11:07:43,0.7452,26.31,24.0,1870,15040093.0,0.00025771638785863747
2022-08-30,11:07:43,0.7454,26.31,24.0,1867,15040092.0,0.0002589559558416581
2022-08-30,11:07:43,0.7455,26.31,24.0,1865,15040092.0,0.0002597856450029483
2022-08-30,11:07:43,0.7456,26.31,24.0,1866,15040092.0,0.0002593704686653439
2022-08-30,11:07:43,0.7457,26.31,24.0,1863,15040092.0,0.00026061799246998054
2022-08-30,11:07:43,0.7458,26.31,24.0,1861,15040094.0,0.0002614530067599077
2022-08-30,11:07:43,0.7459,26.31,24.0,1868,15040093.0,0.0002585421054714964
2022-08-30,11:07:43,0.7460,26.31,24.0,1866,15040093.0,0.0002593704686653439
2022-08-30,11:07:43,0.7461,26.31,24.0,1863,15040093.0,0.00026061799246998054
2022-08-30,11:07:43,0.7462,26.31,24.0,1866,15040093.0,0.0002593704686653439
2022-08-30,11:07:43,0.7463,26.31,24.0,1862,15040095.0,0.0002610351657286952
2022-08-30,11:07:43,0.7465,26.31,24.0,1866,15040095.0,0.0002593704686653439
2022-08-30,11:07:43,0.7466,26.31,24.0,1871,15040094.0,0.0002573045185036138
2022-08-30,11:07:43,0.7467,26.31,24.0,1866,15040097.0,0.0002593704686653439
2022-08-30,11:07:43,0.7468,26.31,24.0,1869,15040098.0,0.0002581289164961588
2022-08-30,11:07:43,0.7469,26.31,24.0,1870,15040093.0,0.00025771638785863747
2022-08-30,11:07:43,0.7470,26.31,24.0,1867,15040093.0,0.0002589559558416581
2022-08-30,11:07:43,0.7471,26.31,24.0,1867,15040088.0,0.0002589559558416581
2022-08-30,11:07:43,0.7472,26.31,24.0,1865,15040083.0,0.0002597856450029483
2022-08-30,11:07:43,0.7473,26.31,24.0,1864,15040081.0,0.0002602014859165631
2022-08-30,11:07:43,0.7474,26.31,24.0,1863,15040080.0,0.00026061799246998054
2022-08-30,11:07:43,0.7476,26.31,24.0,1864,15040086.0,0.0002602014859165631
2022-08-30,11:07:43,0.7477,26.31,24.0,1865,15040087.0,0.0002597856450029483
2022-08-30,11:07:43,0.7478,26.31,24.0,1863,15040087.0,0.00026061799246998054
2022-08-30,11:07:43,0.7479,26.31,24.0,1865,15040089.0,0.0002597856450029483
2022-08-30,11:07:43,0.7480,26.31,24.0,1865,15040084.0,0.0002597856450029483
2022-08-30,11:07:43,0.7481,26.31,24.0,1865,15040086.0,0.0002597856450029483
2022-08-30,11:07:43,0.7482,26.31,24.0,1866,15040087.0,0.0002593704686653439
2022-08-30,11:07:43,0.7483,26.31,24.0,1864,15040079.0,0.0002602014859165631
2022-08-30,11:07:43,0.7484,26.31,24.0,1864,15040078.0,0.0002602014859165631
2022-08-30,11:07:43,0.7485,26.31,24.0,1868,15040079.0,0.0002585421054714964
2022-08-30,11:07:43,0.7487,26.31,24.0,1867,15040079.0,0.0002589559558416581
2022-08-30,11:07:43,0.7488,26.31,24.0,1863,15040079.0,0.00026061799246998054
2022-08-30,11:07:43,0.7489,26.31,24.0,1862,15040078.0,0.0002610351657286952
2022-08-30,11:07:43,0.7490,26.31,24.0,1864,15040077.0,0.0002602014859165631
2022-08-30,11:07:43,0.7491,26.31,24.0,1862,15040075.0,0.0002610351657286952
2022-08-30,11:07:43,0.7492,26.31,24.0,1861,15040074.0,0.0002614530067599077
2022-08-30,11:07:43,0.7493,26.31,24.0,1864,15040074.0,0.0002602014859165631
2022-08-30,11:07:43,0.7494,26.31,24.0,1864,15040073.0,0.0002602014859165631
2022-08-30,11:07:43,0.7495,26.31,24.0,1863,15040070.0,0.00026061799246998054
2022-08-30,11:07:43,0.7496,26.31,24.0,1864,15040069.0,0.0002602014859165631
2022-08-30,11:07:43,0.7498,26.31,24.0,1865,15040068.0,0.0002597856450029483
2022-08-30,11:07:43,0.7499,26.31,24.0,1863,15040064.0,0.00026061799246998054
2022-08-30,11:07:43,0.7500,26.31,24.0,1863,15040064.0,0.00026061799246998054
2022-08-30,11:07:43,0.7501,26.31,24.0,1863,15040064.0,0.00026061799246998054
2022-08-30,11:07:43,0.7502,26.31,24.0,1861,15040064.0,0.0002614530067599077
2022-08-30,11:07:43,0.7503,26.31,24.0,1861,15040068.0,0.0002614530067599077
2022-08-30,11:07:43,0.7504,26.31,24.0,1861,15040067.0,0.0002614530067599077
2022-08-30,11:07:43,0.7505,26.31,24.0,1860,15040064.0,0.0002618715166325266
2022-08-30,11:07:43,0.7506,26.31,24.0,1859,15040066.0,0.00026229069641717153
2022-08-30,11:07:43,0.7507,26.31,24.0,1862,15040069.0,0.0002610351657286952
2022-08-30,11:07:43,0.7509,26.31,24.0,1861,15040069.0,0.0002614530067599077
2022-08-30,11:07:43,0.7510,26.31,24.0,1863,15040072.0,0.00026061799246998054
2022-08-30,11:07:43,0.7511,26.31,24.0,1864,15040072.0,0.0002602014859165631
2022-08-30,11:07:43,0.7512,26.31,24.0,1867,15040072.0,0.0002589559558416581
2022-08-30,11:07:43,0.7513,26.31,24.0,1867,15040075.0,0.0002589559558416581
2022-08-30,11:07:43,0.7514,26.31,24.0,1861,15040075.0,0.0002614530067599077
2022-08-30,11:07:43,0.7515,26.31,24.0,1862,15040076.0,0.0002610351657286952
2022-08-30,11:07:43,0.7516,26.31,24.0,1861,15040074.0,0.0002614530067599077
2022-08-30,11:07:43,0.7517,26.31,24.0,1858,15040073.0,0.00026271054718617596
2022-08-30,11:07:43,0.7518,26.31,24.0,1862,15040073.0,0.0002610351657286952
2022-08-30,11:07:43,0.7520,26.31,24.0,1865,15040074.0,0.0002597856450029483
2022-08-30,11:07:43,0.7521,26.31,24.0,1862,15040073.0,0.0002610351657286952
2022-08-30,11:07:43,0.7522,26.31,24.0,1862,15040073.0,0.0002610351657286952
2022-08-30,11:07:43,0.7523,26.31,24.0,1861,15040076.0,0.0002614530067599077
2022-08-30,11:07:43,0.7524,26.31,24.0,1862,15040076.0,0.0002610351657286952
2022-08-30,11:07:43,0.7525,26.31,24.0,1866,15040076.0,0.0002593704686653439
2022-08-30,11:07:43,0.7526,26.31,24.0,1862,15040076.0,0.0002610351657286952
2022-08-30,11:07:43,0.7527,26.31,24.0,1860,15040076.0,0.0002618715166325266
2022-08-30,11:07:43,0.7528,26.31,24.0,1862,15040074.0,0.0002610351657286952
2022-08-30,11:07:43,0.7529,26.31,24.0,1864,15040073.0,0.0002602014859165631
2022-08-30,11:07:43,0.7531,26.31,24.0,1864,15040075.0,0.0002602014859165631
2022-08-30,11:07:43,0.7532,26.31,24.0,1862,15040076.0,0.0002610351657286952
2022-08-30,11:07:43,0.7533,26.31,24.0,1862,15040075.0,0.0002610351657286952
2022-08-30,11:07:43,0.7534,26.31,24.0,1862,15040075.0,0.0002610351657286952
2022-08-30,11:07:43,0.7535,26.31,24.0,1861,15040075.0,0.0002614530067599077
2022-08-30,11:07:43,0.7536,26.31,24.0,1862,15040073.0,0.0002610351657286952
2022-08-30,11:07:43,0.7537,26.31,24.0,1865,15040071.0,0.0002597856450029483
2022-08-30,11:07:43,0.7538,26.31,24.0,1866,15040071.0,0.0002593704686653439
2022-08-30,11:07:43,0.7539,26.31,24.0,1861,15040072.0,0.0002614530067599077
2022-08-30,11:07:43,0.7540,26.31,24.0,1857,15040073.0,0.00026313107001358976
2022-08-30,11:07:43,0.7542,26.31,24.0,1860,15040069.0,0.0002618715166325266
2022-08-30,11:07:43,0.7543,26.31,24.0,1861,15040068.0,0.0002614530067599077
2022-08-30,11:07:43,0.7544,26.31,24.0,1864,15040071.0,0.0002602014859165631
2022-08-30,11:07:43,0.7545,26.31,24.0,1860,15040070.0,0.0002618715166325266
2022-08-30,11:07:43,0.7546,26.31,24.0,1862,15040070.0,0.0002610351657286952
2022-08-30,11:07:43,0.7547,26.31,24.0,1869,15040071.0,0.0002581289164961588
2022-08-30,11:07:43,0.7548,26.31,24.0,1864,15040071.0,0.0002602014859165631
2022-08-30,11:07:43,0.7549,26.31,24.0,1861,15040073.0,0.0002614530067599077
2022-08-30,11:07:43,0.7550,26.31,24.0,1861,15040073.0,0.0002614530067599077
2022-08-30,11:07:43,0.7551,26.31,24.0,1863,15040071.0,0.00026061799246998054
2022-08-30,11:07:43,0.7553,26.31,24.0,1863,15040072.0,0.00026061799246998054
2022-08-30,11:07:43,0.7554,26.31,24.0,1858,15040074.0,0.00026271054718617596
2022-08-30,11:07:43,0.7555,26.31,24.0,1858,15040074.0,0.00026271054718617596
2022-08-30,11:07:43,0.7556,26.31,24.0,1863,15040073.0,0.00026061799246998054
2022-08-30,11:07:43,0.7557,26.31,24.0,1860,15040075.0,0.0002618715166325266
2022-08-30,11:07:43,0.7558,26.31,24.0,1857,15040079.0,0.00026313107001358976
2022-08-30,11:07:43,0.7559,26.31,24.0,1861,15040079.0,0.0002614530067599077
2022-08-30,11:07:43,0.7560,26.31,24.0,1864,15040077.0,0.0002602014859165631
2022-08-30,11:07:43,0.7561,26.31,24.0,1865,15040076.0,0.0002597856450029483
2022-08-30,11:07:43,0.7562,26.31,24.0,1866,15040075.0,0.0002593704686653439
2022-08-30,11:07:43,0.7564,26.31,24.0,1864,15040072.0,0.0002602014859165631
2022-08-30,11:07:43,0.7565,26.31,24.0,1864,15040072.0,0.0002602014859165631
2022-08-30,11:07:43,0.7566,26.31,24.0,1861,15040071.0,0.0002614530067599077
2022-08-30,11:07:43,0.7567,26.31,24.0,1859,15040069.0,0.00026229069641717153
2022-08-30,11:07:43,0.7568,26.31,24.0,1867,15040072.0,0.0002589559558416581
2022-08-30,11:07:43,0.7569,26.31,24.0,1865,15040074.0,0.0002597856450029483
2022-08-30,11:07:43,0.7570,26.31,24.0,1861,15040074.0,0.0002614530067599077
2022-08-30,11:07:43,0.7571,26.31,24.0,1866,15040073.0,0.0002593704686653439
2022-08-30,11:07:43,0.7572,26.31,24.0,1867,15040072.0,0.0002589559558416581
2022-08-30,11:07:43,0.7573,26.31,24.0,1864,15040073.0,0.0002602014859165631
2022-08-30,11:07:43,0.7575,26.31,24.0,1860,15040073.0,0.0002618715166325266
2022-08-30,11:07:43,0.7576,26.31,24.0,1859,15040075.0,0.00026229069641717153
2022-08-30,11:07:43,0.7577,26.31,24.0,1862,15040073.0,0.0002610351657286952
2022-08-30,11:07:43,0.7578,26.31,24.0,1866,15040071.0,0.0002593704686653439
2022-08-30,11:07:43,0.7579,26.31,24.0,1870,15040074.0,0.00025771638785863747
2022-08-30,11:07:43,0.7580,26.31,24.0,1869,15040076.0,0.0002581289164961588
2022-08-30,11:07:43,0.7581,26.31,24.0,1864,15040074.0,0.0002602014859165631
2022-08-30,11:07:43,0.7582,26.31,24.0,1864,15040075.0,0.0002602014859165631
2022-08-30,11:07:43,0.7583,26.31,24.0,1865,15040075.0,0.0002597856450029483
2022-08-30,11:07:43,0.7584,26.31,24.0,1863,15040076.0,0.00026061799246998054
2022-08-30,11:07:43,0.7586,26.31,24.0,1862,15040081.0,0.0002610351657286952
2022-08-30,11:07:43,0.7587,26.31,24.0,1863,15040082.0,0.00026061799246998054
2022-08-30,11:07:43,0.7588,26.31,24.0,1863,15040082.0,0.00026061799246998054
2022-08-30,11:07:43,0.7589,26.31,24.0,1863,15040087.0,0.00026061799246998054
2022-08-30,11:07:43,0.7590,26.31,24.0,1867,15040088.0,0.0002589559558416581
2022-08-30,11:07:43,0.7591,26.31,24.0,1872,15040086.0,0.00025689330737745564
2022-08-30,11:07:43,0.7592,26.31,24.0,1872,15040088.0,0.00025689330737745564
2022-08-30,11:07:43,0.7593,26.31,24.0,1865,15040088.0,0.0002597856450029483
2022-08-30,11:07:43,0.7594,26.31,24.0,1860,15040087.0,0.0002618715166325266
2022-08-30,11:07:43,0.7595,26.31,24.0,1862,15040087.0,0.0002610351657286952
2022-08-30,11:07:43,0.7597,26.31,24.0,1866,15040087.0,0.0002593704686653439
2022-08-30,11:07:43,0.7598,26.31,24.0,1866,15040087.0,0.0002593704686653439
2022-08-30,11:07:43,0.7599,26.31,24.0,1866,15040087.0,0.0002593704686653439
2022-08-30,11:07:43,0.7600,26.31,24.0,1866,15040088.0,0.0002593704686653439
2022-08-30,11:07:43,0.7601,26.31,24.0,1865,15040089.0,0.0002597856450029483
2022-08-30,11:07:43,0.7602,26.31,24.0,1865,15040089.0,0.0002597856450029483
2022-08-30,11:07:43,0.7603,26.31,24.0,1862,15040088.0,0.0002610351657286952
2022-08-30,11:07:43,0.7604,26.31,24.0,1866,15040092.0,0.0002593704686653439
2022-08-30,11:07:43,0.7605,26.31,24.0,1870,15040094.0,0.00025771638785863747
2022-08-30,11:07:43,0.7606,26.31,24.0,1868,15040094.0,0.0002585421054714964
2022-08-30,11:07:43,0.7608,26.31,24.0,1867,15040095.0,0.0002589559558416581
2022-08-30,11:07:43,0.7609,26.31,24.0,1865,15040094.0,0.0002597856450029483
2022-08-30,11:07:43,0.7610,26.31,24.0,1866,15040092.0,0.0002593704686653439
2022-08-30,11:07:43,0.7611,26.31,24.0,1867,15040089.0,0.0002589559558416581
2022-08-30,11:07:43,0.7612,26.31,24.0,1865,15040088.0,0.0002597856450029483
2022-08-30,11:07:43,0.7613,26.31,24.0,1866,15040088.0,0.0002593704686653439
2022-08-30,11:07:43,0.7614,26.31,24.0,1866,15040089.0,0.0002593704686653439
2022-08-30,11:07:43,0.7615,26.31,24.0,1864,15040087.0,0.0002602014859165631
2022-08-30,11:07:43,0.7616,26.31,24.0,1867,15040089.0,0.0002589559558416581
2022-08-30,11:07:43,0.7617,26.31,24.0,1868,15040091.0,0.0002585421054714964
2022-08-30,11:07:43,0.7619,26.31,24.0,1865,15040092.0,0.0002597856450029483
2022-08-30,11:07:43,0.7620,26.31,24.0,1866,15040091.0,0.0002593704686653439
2022-08-30,11:07:43,0.7621,26.31,24.0,1865,15040091.0,0.0002597856450029483
2022-08-30,11:07:43,0.7622,26.31,24.0,1864,15040094.0,0.0002602014859165631
2022-08-30,11:07:43,0.7623,26.31,24.0,1868,15040094.0,0.0002585421054714964
2022-08-30,11:07:43,0.7624,26.31,24.0,1865,15040092.0,0.0002597856450029483
2022-08-30,11:07:43,0.7625,26.31,24.0,1864,15040093.0,0.0002602014859165631
2022-08-30,11:07:43,0.7626,26.31,24.0,1865,15040096.0,0.0002597856450029483
2022-08-30,11:07:43,0.7627,26.31,24.0,1866,15040094.0,0.0002593704686653439
2022-08-30,11:07:43,0.7628,26.31,24.0,1867,15040089.0,0.0002589559558416581
2022-08-30,11:07:43,0.7630,26.31,24.0,1865,15040092.0,0.0002597856450029483
2022-08-30,11:07:43,0.7631,26.31,24.0,1864,15040094.0,0.0002602014859165631
2022-08-30,11:07:43,0.7632,26.31,24.0,1865,15040093.0,0.0002597856450029483
2022-08-30,11:07:43,0.7633,26.31,24.0,1868,15040093.0,0.0002585421054714964
2022-08-30,11:07:43,0.7634,26.31,24.0,1869,15040094.0,0.0002581289164961588
2022-08-30,11:07:43,0.7635,26.31,24.0,1866,15040094.0,0.0002593704686653439
2022-08-30,11:07:43,0.7636,26.31,24.0,1868,15040096.0,0.0002585421054714964
2022-08-30,11:07:43,0.7637,26.31,24.0,1868,15040099.0,0.0002585421054714964
2022-08-30,11:07:43,0.7638,26.31,24.0,1864,15040097.0,0.0002602014859165631
2022-08-30,11:07:43,0.7639,26.31,24.0,1867,15040095.0,0.0002589559558416581
2022-08-30,11:07:43,0.7641,26.31,24.0,1869,15040096.0,0.0002581289164961588
2022-08-30,11:07:43,0.7642,26.31,24.0,1865,15040095.0,0.0002597856450029483
2022-08-30,11:07:43,0.7643,26.31,24.0,1866,15040096.0,0.0002593704686653439
2022-08-30,11:07:43,0.7644,26.31,24.0,1865,15040096.0,0.0002597856450029483
2022-08-30,11:07:43,0.7645,26.31,24.0,1868,15040096.0,0.0002585421054714964
2022-08-30,11:07:43,0.7646,26.31,24.0,1873,15040096.0,0.00025648275342821477
2022-08-30,11:07:43,0.7647,26.31,24.0,1867,15040095.0,0.0002589559558416581
2022-08-30,11:07:43,0.7648,26.31,24.0,1865,15040095.0,0.0002597856450029483
2022-08-30,11:07:43,0.7649,26.31,24.0,1866,15040093.0,0.0002593704686653439
2022-08-30,11:07:43,0.7650,26.31,24.0,1864,15040093.0,0.0002602014859165631
2022-08-30,11:07:43,0.7652,26.31,24.0,1864,15040090.0,0.0002602014859165631
2022-08-30,11:07:43,0.7653,26.31,24.0,1865,15040091.0,0.0002597856450029483
2022-08-30,11:07:43,0.7654,26.31,24.0,1864,15040094.0,0.0002602014859165631
2022-08-30,11:07:43,0.7655,26.31,24.0,1865,15040091.0,0.0002597856450029483
2022-08-30,11:07:43,0.7656,26.31,24.0,1862,15040090.0,0.0002610351657286952
2022-08-30,11:07:44,0.7657,26.31,24.0,1862,15040090.0,0.0002610351657286952
2022-08-30,11:07:44,0.7658,26.31,24.0,1865,15040086.0,0.0002597856450029483
2022-08-30,11:07:44,0.7659,26.31,24.0,1865,15040086.0,0.0002597856450029483
2022-08-30,11:07:44,0.7660,26.31,24.0,1862,15040088.0,0.0002610351657286952
2022-08-30,11:07:44,0.7661,26.31,24.0,1862,15040089.0,0.0002610351657286952
2022-08-30,11:07:44,0.7663,26.31,24.0,1865,15040090.0,0.0002597856450029483
2022-08-30,11:07:44,0.7664,26.31,24.0,1864,15040088.0,0.0002602014859165631
2022-08-30,11:07:44,0.7665,26.31,24.0,1863,15040087.0,0.00026061799246998054
2022-08-30,11:07:44,0.7666,26.31,24.0,1864,15040093.0,0.0002602014859165631
2022-08-30,11:07:44,0.7667,26.31,24.0,1866,15040095.0,0.0002593704686653439
2022-08-30,11:07:44,0.7668,26.31,24.0,1867,15040095.0,0.0002589559558416581
2022-08-30,11:07:44,0.7669,26.31,24.0,1866,15040099.0,0.0002593704686653439
2022-08-30,11:07:44,0.7670,26.31,24.0,1865,15040099.0,0.0002597856450029483
2022-08-30,11:07:44,0.7671,26.31,24.0,1867,15040097.0,0.0002589559558416581
2022-08-30,11:07:44,0.7672,26.31,24.0,1869,15040097.0,0.0002581289164961588
2022-08-30,11:07:44,0.7674,26.31,24.0,1867,15040098.0,0.0002589559558416581
2022-08-30,11:07:44,0.7675,26.31,24.0,1863,15040097.0,0.00026061799246998054
2022-08-30,11:07:44,0.7676,26.31,24.0,1863,15040097.0,0.00026061799246998054
2022-08-30,11:07:44,0.7677,26.31,24.0,1866,15040099.0,0.0002593704686653439
2022-08-30,11:07:44,0.7678,26.31,24.0,1866,15040099.0,0.0002593704686653439
2022-08-30,11:07:44,0.7679,26.31,24.0,1863,15040099.0,0.00026061799246998054
2022-08-30,11:07:44,0.7680,26.31,24.0,1865,15040100.0,0.0002597856450029483
2022-08-30,11:07:44,0.7681,26.31,24.0,1868,15040100.0,0.0002585421054714964
2022-08-30,11:07:44,0.7682,26.31,24.0,1867,15040099.0,0.0002589559558416581
2022-08-30,11:07:44,0.7683,26.31,24.0,1867,15040098.0,0.0002589559558416581
2022-08-30,11:07:44,0.7685,26.31,24.0,1865,15040099.0,0.0002597856450029483
2022-08-30,11:07:44,0.7686,26.31,24.0,1867,15040100.0,0.0002589559558416581
2022-08-30,11:07:44,0.7687,26.31,24.0,1868,15040100.0,0.0002585421054714964
2022-08-30,11:07:44,0.7688,26.31,24.0,1866,15040102.0,0.0002593704686653439
2022-08-30,11:07:44,0.7689,26.31,24.0,1867,15040104.0,0.0002589559558416581
2022-08-30,11:07:44,0.7690,26.31,24.0,1870,15040103.0,0.00025771638785863747
2022-08-30,11:07:44,0.7691,26.31,24.0,1872,15040102.0,0.00025689330737745564
2022-08-30,11:07:44,0.7692,26.31,24.0,1870,15040105.0,0.00025771638785863747
2022-08-30,11:07:44,0.7693,26.31,24.0,1866,15040105.0,0.0002593704686653439
2022-08-30,11:07:44,0.7694,26.31,24.0,1868,15040102.0,0.0002585421054714964
2022-08-30,11:07:44,0.7696,26.31,24.0,1869,15040103.0,0.0002581289164961588
2022-08-30,11:07:44,0.7697,26.31,24.0,1865,15040103.0,0.0002597856450029483
2022-08-30,11:07:44,0.7698,26.31,24.0,1867,15040105.0,0.0002589559558416581
2022-08-30,11:07:44,0.7699,26.31,24.0,1869,15040108.0,0.0002581289164961588
2022-08-30,11:07:44,0.7700,26.31,24.0,1868,15040108.0,0.0002585421054714964
2022-08-30,11:07:44,0.7701,26.31,24.0,1867,15040108.0,0.0002589559558416581
2022-08-30,11:07:44,0.7702,26.31,24.0,1870,15040109.0,0.00025771638785863747
2022-08-30,11:07:44,0.7703,26.31,24.0,1869,15040109.0,0.0002581289164961588
2022-08-30,11:07:44,0.7704,26.31,24.0,1867,15040110.0,0.0002589559558416581
2022-08-30,11:07:44,0.7705,26.31,24.0,1874,15040108.0,0.00025607285560562415
2022-08-30,11:07:44,0.7707,26.31,24.0,1871,15040109.0,0.0002573045185036138
2022-08-30,11:07:44,0.7708,26.31,24.0,1868,15040111.0,0.0002585421054714964
2022-08-30,11:07:44,0.7709,26.31,24.0,1869,15040110.0,0.0002581289164961588
2022-08-30,11:07:44,0.7710,26.31,24.0,1868,15040110.0,0.0002585421054714964
2022-08-30,11:07:44,0.7711,26.31,24.0,1871,15040110.0,0.0002573045185036138
2022-08-30,11:07:44,0.7712,26.31,24.0,1872,15040111.0,0.00025689330737745564
2022-08-30,11:07:44,0.7713,26.31,24.0,1870,15040111.0,0.00025771638785863747
2022-08-30,11:07:44,0.7714,26.31,24.0,1869,15040112.0,0.0002581289164961588
2022-08-30,11:07:44,0.7715,26.31,24.0,1870,15040112.0,0.00025771638785863747
2022-08-30,11:07:44,0.7716,26.31,24.0,1873,15040112.0,0.00025648275342821477
2022-08-30,11:07:44,0.7718,26.31,24.0,1872,15040112.0,0.00025689330737745564
2022-08-30,11:07:44,0.7719,26.31,24.0,1869,15040112.0,0.0002581289164961588
2022-08-30,11:07:44,0.7720,26.31,24.0,1868,15040114.0,0.0002585421054714964
2022-08-30,11:07:44,0.7721,26.31,24.0,1868,15040114.0,0.0002585421054714964
2022-08-30,11:07:44,0.7722,26.31,24.0,1869,15040111.0,0.0002581289164961588
2022-08-30,11:07:44,0.7723,26.31,24.0,1869,15040115.0,0.0002581289164961588
2022-08-30,11:07:44,0.7724,26.31,24.0,1873,15040115.0,0.00025648275342821477
2022-08-30,11:07:44,0.7725,26.31,24.0,1876,15040115.0,0.0002552550241477151
2022-08-30,11:07:44,0.7726,26.31,24.0,1874,15040118.0,0.00025607285560562415
2022-08-30,11:07:44,0.7727,26.31,24.0,1868,15040116.0,0.0002585421054714964
2022-08-30,11:07:44,0.7729,26.31,24.0,1869,15040115.0,0.0002581289164961588
2022-08-30,11:07:44,0.7730,26.31,24.0,1871,15040115.0,0.0002573045185036138
2022-08-30,11:07:44,0.7731,26.31,24.0,1867,15040110.0,0.0002589559558416581
2022-08-30,11:07:44,0.7732,26.31,24.0,1868,15040110.0,0.0002585421054714964
2022-08-30,11:07:44,0.7733,26.31,24.0,1870,15040111.0,0.00025771638785863747
2022-08-30,11:07:44,0.7734,26.31,24.0,1870,15040110.0,0.00025771638785863747
2022-08-30,11:07:44,0.7735,26.31,24.0,1870,15040110.0,0.00025771638785863747
2022-08-30,11:07:44,0.7736,26.31,24.0,1867,15040110.0,0.0002589559558416581
2022-08-30,11:07:44,0.7737,26.31,24.0,1868,15040111.0,0.0002585421054714964
2022-08-30,11:07:44,0.7738,26.31,24.0,1868,15040115.0,0.0002585421054714964
2022-08-30,11:07:44,0.7740,26.31,24.0,1870,15040117.0,0.00025771638785863747
2022-08-30,11:07:44,0.7741,26.31,24.0,1875,15040115.0,0.0002556636128610952
2022-08-30,11:07:44,0.7742,26.31,24.0,1873,15040115.0,0.00025648275342821477
2022-08-30,11:07:44,0.7743,26.31,24.0,1869,15040116.0,0.0002581289164961588
2022-08-30,11:07:44,0.7744,26.31,24.0,1869,15040116.0,0.0002581289164961588
2022-08-30,11:07:44,0.7745,26.31,24.0,1873,15040116.0,0.00025648275342821477
2022-08-30,11:07:44,0.7746,26.31,24.0,1871,15040111.0,0.0002573045185036138
2022-08-30,11:07:44,0.7747,26.31,24.0,1870,15040110.0,0.00025771638785863747
2022-08-30,11:07:44,0.7748,26.31,24.0,1871,15040110.0,0.0002573045185036138
2022-08-30,11:07:44,0.7749,26.31,24.0,1868,15040108.0,0.0002585421054714964
2022-08-30,11:07:44,0.7751,26.31,24.0,1869,15040108.0,0.0002581289164961588
2022-08-30,11:07:44,0.7752,26.31,24.0,1868,15040106.0,0.0002585421054714964
2022-08-30,11:07:44,0.7753,26.31,24.0,1866,15040108.0,0.0002593704686653439
2022-08-30,11:07:44,0.7754,26.31,24.0,1868,15040108.0,0.0002585421054714964
2022-08-30,11:07:44,0.7755,26.31,24.0,1871,15040108.0,0.0002573045185036138
2022-08-30,11:07:44,0.7756,26.31,24.0,1870,15040109.0,0.00025771638785863747
2022-08-30,11:07:44,0.7757,26.31,24.0,1869,15040108.0,0.0002581289164961588
2022-08-30,11:07:44,0.7758,26.31,24.0,1868,15040108.0,0.0002585421054714964
2022-08-30,11:07:44,0.7759,26.31,24.0,1869,15040104.0,0.0002581289164961588
2022-08-30,11:07:44,0.7760,26.31,24.0,1870,15040104.0,0.00025771638785863747
2022-08-30,11:07:44,0.7762,26.31,24.0,1869,15040105.0,0.0002581289164961588
2022-08-30,11:07:44,0.7763,26.31,24.0,1867,15040104.0,0.0002589559558416581
2022-08-30,11:07:44,0.7764,26.31,24.0,1867,15040108.0,0.0002589559558416581
2022-08-30,11:07:44,0.7765,26.31,24.0,1870,15040108.0,0.00025771638785863747
2022-08-30,11:07:44,0.7766,26.31,24.0,1871,15040107.0,0.0002573045185036138
2022-08-30,11:07:44,0.7767,26.31,24.0,1873,15040107.0,0.00025648275342821477
2022-08-30,11:07:44,0.7768,26.31,24.0,1870,15040107.0,0.00025771638785863747
2022-08-30,11:07:44,0.7769,26.31,24.0,1868,15040107.0,0.0002585421054714964
2022-08-30,11:07:44,0.7770,26.31,24.0,1868,15040108.0,0.0002585421054714964
2022-08-30,11:07:44,0.7771,26.31,24.0,1864,15040107.0,0.0002602014859165631
2022-08-30,11:07:44,0.7773,26.31,24.0,1864,15040107.0,0.0002602014859165631
2022-08-30,11:07:44,0.7774,26.31,24.0,1869,15040109.0,0.0002581289164961588
2022-08-30,11:07:44,0.7775,26.31,24.0,1871,15040109.0,0.0002573045185036138
2022-08-30,11:07:44,0.7776,26.31,24.0,1868,15040111.0,0.0002585421054714964
2022-08-30,11:07:44,0.7777,26.31,24.0,1869,15040111.0,0.0002581289164961588
2022-08-30,11:07:44,0.7778,26.31,24.0,1871,15040112.0,0.0002573045185036138
2022-08-30,11:07:44,0.7779,26.31,24.0,1868,15040115.0,0.0002585421054714964
2022-08-30,11:07:44,0.7780,26.31,24.0,1866,15040114.0,0.0002593704686653439
2022-08-30,11:07:44,0.7781,26.31,24.0,1868,15040114.0,0.0002585421054714964
2022-08-30,11:07:44,0.7782,26.31,24.0,1873,15040116.0,0.00025648275342821477
2022-08-30,11:07:44,0.7784,26.31,24.0,1875,15040116.0,0.0002556636128610952
2022-08-30,11:07:44,0.7785,26.31,24.0,1874,15040116.0,0.00025607285560562415
2022-08-30,11:07:44,0.7786,26.31,24.0,1870,15040116.0,0.00025771638785863747
2022-08-30,11:07:44,0.7787,26.31,24.0,1869,15040119.0,0.0002581289164961588
2022-08-30,11:07:44,0.7788,26.31,24.0,1868,15040120.0,0.0002585421054714964
2022-08-30,11:07:44,0.7789,26.31,24.0,1866,15040118.0,0.0002593704686653439
2022-08-30,11:07:44,0.7790,26.31,24.0,1870,15040116.0,0.00025771638785863747
2022-08-30,11:07:44,0.7791,26.31,24.0,1872,15040116.0,0.00025689330737745564
2022-08-30,11:07:44,0.7792,26.31,24.0,1869,15040113.0,0.0002581289164961588
2022-08-30,11:07:44,0.7793,26.31,24.0,1875,15040111.0,0.0002556636128610952
2022-08-30,11:07:44,0.7795,26.31,24.0,1875,15040112.0,0.0002556636128610952
2022-08-30,11:07:44,0.7796,26.31,24.0,1865,15040110.0,0.0002597856450029483
2022-08-30,11:07:44,0.7797,26.31,24.0,1863,15040109.0,0.00026061799246998054
2022-08-30,11:07:44,0.7798,26.31,24.0,1868,15040109.0,0.0002585421054714964
2022-08-30,11:07:44,0.7799,26.31,24.0,1869,15040111.0,0.0002581289164961588
2022-08-30,11:07:44,0.7800,26.31,24.0,1866,15040115.0,0.0002593704686653439
2022-08-30,11:07:44,0.7801,26.31,24.0,1869,15040114.0,0.0002581289164961588
2022-08-30,11:07:44,0.7802,26.31,24.0,1871,15040114.0,0.0002573045185036138
2022-08-30,11:07:44,0.7803,26.31,24.0,1869,15040117.0,0.0002581289164961588
2022-08-30,11:07:44,0.7804,26.31,24.0,1869,15040122.0,0.0002581289164961588
2022-08-30,11:07:44,0.7806,26.31,24.0,1872,15040122.0,0.00025689330737745564
2022-08-30,11:07:44,0.7807,26.31,24.0,1873,15040122.0,0.00025648275342821477
2022-08-30,11:07:44,0.7808,26.31,24.0,1873,15040125.0,0.00025648275342821477
2022-08-30,11:07:44,0.7809,26.31,24.0,1871,15040124.0,0.0002573045185036138
2022-08-30,11:07:44,0.7810,26.31,24.0,1865,15040125.0,0.0002597856450029483
2022-08-30,11:07:44,0.7811,26.31,24.0,1866,15040126.0,0.0002593704686653439
2022-08-30,11:07:44,0.7812,26.31,24.0,1871,15040125.0,0.0002573045185036138
2022-08-30,11:07:44,0.7813,26.31,24.0,1874,15040126.0,0.00025607285560562415
2022-08-30,11:07:44,0.7814,26.31,24.0,1875,15040127.0,0.0002556636128610952
2022-08-30,11:07:44,0.7815,26.31,24.0,1874,15040133.0,0.00025607285560562415
2022-08-30,11:07:44,0.7817,26.31,24.0,1874,15040128.0,0.00025607285560562415
2022-08-30,11:07:44,0.7818,26.31,24.0,1874,15040129.0,0.00025607285560562415
2022-08-30,11:07:44,0.7819,26.31,24.0,1874,15040131.0,0.00025607285560562415
2022-08-30,11:07:44,0.7820,26.31,24.0,1878,15040130.0,0.0002544398046351134
2022-08-30,11:07:44,0.7821,26.31,24.0,1881,15040130.0,0.0002532218545230698
2022-08-30,11:07:44,0.7822,26.31,24.0,1880,15040121.0,0.0002536271887259313
2022-08-30,11:07:44,0.7823,26.31,24.0,1879,15040122.0,0.0002540331717504212
2022-08-30,11:07:44,0.7824,26.31,24.0,1873,15040123.0,0.00025648275342821477
2022-08-30,11:07:44,0.7825,26.31,24.0,1870,15040125.0,0.00025771638785863747
2022-08-30,11:07:44,0.7826,26.31,24.0,1873,15040125.0,0.00025648275342821477
2022-08-30,11:07:44,0.7828,26.31,24.0,1873,15040125.0,0.00025648275342821477
2022-08-30,11:07:44,0.7829,26.31,24.0,1868,15040126.0,0.0002585421054714964
2022-08-30,11:07:44,0.7830,26.31,24.0,1870,15040123.0,0.00025771638785863747
2022-08-30,11:07:44,0.7831,26.31,24.0,1875,15040122.0,0.0002556636128610952
2022-08-30,11:07:44,0.7832,26.31,24.0,1871,15040122.0,0.0002573045185036138
2022-08-30,11:07:44,0.7833,26.31,24.0,1871,15040120.0,0.0002573045185036138
2022-08-30,11:07:44,0.7834,26.31,24.0,1875,15040120.0,0.0002556636128610952
2022-08-30,11:07:44,0.7835,26.31,24.0,1871,15040121.0,0.0002573045185036138
2022-08-30,11:07:44,0.7836,26.31,24.0,1872,15040112.0,0.00025689330737745564
2022-08-30,11:07:44,0.7837,26.31,24.0,1873,15040113.0,0.00025648275342821477
2022-08-30,11:07:44,0.7839,26.31,24.0,1868,15040113.0,0.0002585421054714964
2022-08-30,11:07:44,0.7840,26.31,24.0,1871,15040113.0,0.0002573045185036138
2022-08-30,11:07:44,0.7841,26.31,24.0,1872,15040122.0,0.00025689330737745564
2022-08-30,11:07:44,0.7842,26.31,24.0,1871,15040122.0,0.0002573045185036138
2022-08-30,11:07:44,0.7843,26.31,24.0,1873,15040121.0,0.00025648275342821477
2022-08-30,11:07:44,0.7844,26.31,24.0,1870,15040126.0,0.00025771638785863747
2022-08-30,11:07:44,0.7845,26.31,24.0,1874,15040127.0,0.00025607285560562415
2022-08-30,11:07:44,0.7846,26.31,24.0,1878,15040124.0,0.0002544398046351134
2022-08-30,11:07:44,0.7847,26.31,24.0,1873,15040124.0,0.00025648275342821477
2022-08-30,11:07:44,0.7848,26.31,24.0,1870,15040126.0,0.00025771638785863747
2022-08-30,11:07:44,0.7850,26.31,24.0,1871,15040126.0,0.0002573045185036138
2022-08-30,11:07:44,0.7851,26.31,24.0,1873,15040124.0,0.00025648275342821477
2022-08-30,11:07:44,0.7852,26.31,24.0,1875,15040124.0,0.0002556636128610952
2022-08-30,11:07:44,0.7853,26.31,24.0,1872,15040129.0,0.00025689330737745564
2022-08-30,11:07:44,0.7854,26.31,24.0,1872,15040128.0,0.00025689330737745564
2022-08-30,11:07:44,0.7855,26.31,24.0,1877,15040122.0,0.00025484708842024427
2022-08-30,11:07:44,0.7856,26.31,24.0,1874,15040122.0,0.00025607285560562415
2022-08-30,11:07:44,0.7857,26.31,24.0,1868,15040121.0,0.0002585421054714964
2022-08-30,11:07:44,0.7858,26.31,24.0,1870,15040117.0,0.00025771638785863747
2022-08-30,11:07:44,0.7859,26.31,24.0,1875,15040117.0,0.0002556636128610952
2022-08-30,11:07:44,0.7861,26.31,24.0,1873,15040119.0,0.00025648275342821477
2022-08-30,11:07:44,0.7862,26.31,24.0,1869,15040118.0,0.0002581289164961588
2022-08-30,11:07:44,0.7863,26.31,24.0,1871,15040117.0,0.0002573045185036138
2022-08-30,11:07:44,0.7864,26.31,24.0,1869,15040119.0,0.0002581289164961588
2022-08-30,11:07:44,0.7865,26.31,24.0,1870,15040117.0,0.00025771638785863747
2022-08-30,11:07:44,0.7866,26.31,24.0,1876,15040116.0,0.0002552550241477151
2022-08-30,11:07:44,0.7867,26.31,24.0,1873,15040116.0,0.00025648275342821477
2022-08-30,11:07:44,0.7868,26.31,24.0,1871,15040114.0,0.0002573045185036138
2022-08-30,11:07:44,0.7869,26.31,24.0,1874,15040115.0,0.00025607285560562415
2022-08-30,11:07:44,0.7870,26.31,24.0,1871,15040115.0,0.0002573045185036138
2022-08-30,11:07:44,0.7872,26.31,24.0,1865,15040116.0,0.0002597856450029483
2022-08-30,11:07:44,0.7873,26.31,24.0,1866,15040116.0,0.0002593704686653439
2022-08-30,11:07:44,0.7874,26.31,24.0,1873,15040116.0,0.00025648275342821477
2022-08-30,11:07:44,0.7875,26.31,24.0,1876,15040116.0,0.0002552550241477151
2022-08-30,11:07:44,0.7876,26.31,24.0,1870,15040116.0,0.00025771638785863747
2022-08-30,11:07:44,0.7877,26.31,24.0,1873,15040115.0,0.00025648275342821477
2022-08-30,11:07:44,0.7878,26.31,24.0,1876,15040113.0,0.0002552550241477151
2022-08-30,11:07:44,0.7879,26.31,24.0,1873,15040112.0,0.00025648275342821477
2022-08-30,11:07:44,0.7880,26.31,24.0,1870,15040112.0,0.00025771638785863747
2022-08-30,11:07:44,0.7881,26.31,24.0,1870,15040110.0,0.00025771638785863747
2022-08-30,11:07:44,0.7883,26.31,24.0,1873,15040110.0,0.00025648275342821477
2022-08-30,11:07:44,0.7884,26.31,24.0,1873,15040113.0,0.00025648275342821477
2022-08-30,11:07:44,0.7885,26.31,24.0,1870,15040113.0,0.00025771638785863747
2022-08-30,11:07:44,0.7886,26.31,24.0,1872,15040111.0,0.00025689330737745564
2022-08-30,11:07:44,0.7887,26.31,24.0,1874,15040111.0,0.00025607285560562415
2022-08-30,11:07:44,0.7888,26.31,24.0,1871,15040110.0,0.0002573045185036138
2022-08-30,11:07:44,0.7889,26.31,24.0,1868,15040111.0,0.0002585421054714964
2022-08-30,11:07:44,0.7890,26.31,24.0,1867,15040112.0,0.0002589559558416581
2022-08-30,11:07:44,0.7891,26.31,24.0,1867,15040109.0,0.0002589559558416581
2022-08-30,11:07:44,0.7892,26.31,24.0,1870,15040109.0,0.00025771638785863747
2022-08-30,11:07:44,0.7894,26.31,24.0,1870,15040108.0,0.00025771638785863747
2022-08-30,11:07:44,0.7895,26.31,24.0,1869,15040107.0,0.0002581289164961588
2022-08-30,11:07:44,0.7896,26.31,24.0,1871,15040107.0,0.0002573045185036138
2022-08-30,11:07:44,0.7897,26.31,24.0,1869,15040106.0,0.0002581289164961588
2022-08-30,11:07:44,0.7898,26.31,24.0,1866,15040105.0,0.0002593704686653439
2022-08-30,11:07:44,0.7899,26.31,24.0,1866,15040105.0,0.0002593704686653439
2022-08-30,11:07:44,0.7900,26.31,24.0,1870,15040105.0,0.00025771638785863747
2022-08-30,11:07:44,0.7901,26.31,24.0,1872,15040106.0,0.00025689330737745564
2022-08-30,11:07:44,0.7902,26.31,24.0,1871,15040106.0,0.0002573045185036138
2022-08-30,11:07:44,0.7903,26.31,24.0,1869,15040106.0,0.0002581289164961588
2022-08-30,11:07:44,0.7905,26.31,24.0,1871,15040106.0,0.0002573045185036138
2022-08-30,11:07:44,0.7906,26.31,24.0,1872,15040105.0,0.00025689330737745564
2022-08-30,11:07:44,0.7907,26.31,24.0,1870,15040105.0,0.00025771638785863747
2022-08-30,11:07:44,0.7908,26.31,24.0,1868,15040105.0,0.0002585421054714964
2022-08-30,11:07:44,0.7909,26.31,24.0,1868,15040104.0,0.0002585421054714964
2022-08-30,11:07:44,0.7910,26.31,24.0,1868,15040106.0,0.0002585421054714964
2022-08-30,11:07:44,0.7911,26.31,24.0,1870,15040105.0,0.00025771638785863747
2022-08-30,11:07:44,0.7912,26.31,24.0,1870,15040104.0,0.00025771638785863747
2022-08-30,11:07:44,0.7913,26.31,24.0,1871,15040108.0,0.0002573045185036138
2022-08-30,11:07:44,0.7914,26.31,24.0,1869,15040111.0,0.0002581289164961588
2022-08-30,11:07:44,0.7916,26.31,24.0,1866,15040110.0,0.0002593704686653439
2022-08-30,11:07:44,0.7917,26.31,24.0,1870,15040107.0,0.00025771638785863747
2022-08-30,11:07:44,0.7918,26.31,24.0,1873,15040107.0,0.00025648275342821477
2022-08-30,11:07:44,0.7919,26.31,24.0,1871,15040110.0,0.0002573045185036138
2022-08-30,11:07:44,0.7920,26.31,24.0,1869,15040110.0,0.0002581289164961588
2022-08-30,11:07:44,0.7921,26.31,24.0,1871,15040108.0,0.0002573045185036138
2022-08-30,11:07:44,0.7922,26.31,24.0,1870,15040107.0,0.00025771638785863747
2022-08-30,11:07:44,0.7923,26.31,24.0,1866,15040106.0,0.0002593704686653439
2022-08-30,11:07:44,0.7924,26.31,24.0,1866,15040104.0,0.0002593704686653439
2022-08-30,11:07:44,0.7925,26.31,24.0,1870,15040101.0,0.00025771638785863747
2022-08-30,11:07:44,0.7927,26.31,24.0,1868,15040103.0,0.0002585421054714964
2022-08-30,11:07:44,0.7928,26.31,24.0,1866,15040104.0,0.0002593704686653439
2022-08-30,11:07:44,0.7929,26.31,24.0,1868,15040099.0,0.0002585421054714964
2022-08-30,11:07:44,0.7930,26.31,24.0,1869,15040098.0,0.0002581289164961588
2022-08-30,11:07:44,0.7931,26.31,24.0,1871,15040097.0,0.0002573045185036138
2022-08-30,11:07:44,0.7932,26.31,24.0,1868,15040092.0,0.0002585421054714964
2022-08-30,11:07:44,0.7933,26.31,24.0,1864,15040091.0,0.0002602014859165631
2022-08-30,11:07:44,0.7934,26.31,24.0,1866,15040091.0,0.0002593704686653439
2022-08-30,11:07:44,0.7935,26.31,24.0,1867,15040090.0,0.0002589559558416581
2022-08-30,11:07:44,0.7936,26.31,24.0,1864,15040092.0,0.0002602014859165631
2022-08-30,11:07:44,0.7938,26.31,24.0,1864,15040095.0,0.0002602014859165631
2022-08-30,11:07:44,0.7939,26.31,24.0,1867,15040094.0,0.0002589559558416581
2022-08-30,11:07:44,0.7940,26.31,24.0,1866,15040094.0,0.0002593704686653439
2022-08-30,11:07:44,0.7941,26.31,24.0,1867,15040094.0,0.0002589559558416581
2022-08-30,11:07:44,0.7942,26.31,24.0,1868,15040092.0,0.0002585421054714964
2022-08-30,11:07:44,0.7943,26.31,24.0,1870,15040092.0,0.00025771638785863747
2022-08-30,11:07:44,0.7944,26.31,24.0,1867,15040093.0,0.0002589559558416581
2022-08-30,11:07:44,0.7945,26.31,24.0,1866,15040090.0,0.0002593704686653439
2022-08-30,11:07:44,0.7946,26.31,24.0,1869,15040089.0,0.0002581289164961588
2022-08-30,11:07:44,0.7947,26.31,24.0,1865,15040088.0,0.0002597856450029483
2022-08-30,11:07:44,0.7949,26.31,24.0,1863,15040086.0,0.00026061799246998054
2022-08-30,11:07:44,0.7950,26.31,24.0,1867,15040086.0,0.0002589559558416581
2022-08-30,11:07:44,0.7951,26.31,24.0,1866,15040087.0,0.0002593704686653439
2022-08-30,11:07:44,0.7952,26.31,24.0,1861,15040084.0,0.0002614530067599077
2022-08-30,11:07:44,0.7953,26.31,24.0,1860,15040084.0,0.0002618715166325266
2022-08-30,11:07:44,0.7954,26.31,24.0,1864,15040086.0,0.0002602014859165631
2022-08-30,11:07:44,0.7955,26.31,24.0,1868,15040086.0,0.0002585421054714964
2022-08-30,11:07:44,0.7956,26.31,24.0,1865,15040086.0,0.0002597856450029483
2022-08-30,11:07:44,0.7957,26.31,24.0,1864,15040086.0,0.0002602014859165631
2022-08-30,11:07:44,0.7958,26.31,24.0,1867,15040088.0,0.0002589559558416581
2022-08-30,11:07:44,0.7960,26.31,24.0,1865,15040088.0,0.0002597856450029483
2022-08-30,11:07:44,0.7961,26.31,24.0,1862,15040091.0,0.0002610351657286952
2022-08-30,11:07:44,0.7962,26.31,24.0,1864,15040087.0,0.0002602014859165631
2022-08-30,11:07:44,0.7963,26.31,24.0,1866,15040088.0,0.0002593704686653439
2022-08-30,11:07:44,0.7964,26.31,24.0,1867,15040087.0,0.0002589559558416581
2022-08-30,11:07:44,0.7965,26.31,24.0,1866,15040077.0,0.0002593704686653439
2022-08-30,11:07:44,0.7966,26.31,24.0,1862,15040077.0,0.0002610351657286952
2022-08-30,11:07:44,0.7967,26.31,24.0,1863,15040076.0,0.00026061799246998054
2022-08-30,11:07:44,0.7968,26.31,24.0,1864,15040075.0,0.0002602014859165631
2022-08-30,11:07:44,0.7969,26.31,24.0,1864,15040077.0,0.0002602014859165631
2022-08-30,11:07:44,0.7971,26.31,24.0,1865,15040077.0,0.0002597856450029483
2022-08-30,11:07:44,0.7972,26.31,24.0,1867,15040077.0,0.0002589559558416581
2022-08-30,11:07:44,0.7973,26.31,24.0,1866,15040079.0,0.0002593704686653439
2022-08-30,11:07:44,0.7974,26.31,24.0,1872,15040079.0,0.00025689330737745564
2022-08-30,11:07:44,0.7975,26.31,24.0,1870,15040078.0,0.00025771638785863747
2022-08-30,11:07:44,0.7976,26.31,24.0,1864,15040081.0,0.0002602014859165631
2022-08-30,11:07:44,0.7977,26.31,24.0,1867,15040084.0,0.0002589559558416581
2022-08-30,11:07:44,0.7978,26.31,24.0,1865,15040084.0,0.0002597856450029483
2022-08-30,11:07:44,0.7979,26.31,24.0,1864,15040085.0,0.0002602014859165631
2022-08-30,11:07:44,0.7980,26.31,24.0,1870,15040084.0,0.00025771638785863747
2022-08-30,11:07:44,0.7982,26.31,24.0,1872,15040083.0,0.00025689330737745564
2022-08-30,11:07:44,0.7983,26.31,24.0,1865,15040082.0,0.0002597856450029483
2022-08-30,11:07:44,0.7984,26.31,24.0,1861,15040080.0,0.0002614530067599077
2022-08-30,11:07:44,0.7985,26.31,24.0,1862,15040081.0,0.0002610351657286952
2022-08-30,11:07:44,0.7986,26.31,24.0,1864,15040080.0,0.0002602014859165631
2022-08-30,11:07:44,0.7987,26.31,24.0,1863,15040080.0,0.00026061799246998054
2022-08-30,11:07:44,0.7988,26.31,24.0,1862,15040080.0,0.0002610351657286952
2022-08-30,11:07:44,0.7989,26.31,24.0,1865,15040079.0,0.0002597856450029483
2022-08-30,11:07:44,0.7990,26.31,24.0,1864,15040081.0,0.0002602014859165631
2022-08-30,11:07:44,0.7991,26.31,24.0,1861,15040083.0,0.0002614530067599077
2022-08-30,11:07:44,0.7993,26.31,24.0,1869,15040083.0,0.0002581289164961588
2022-08-30,11:07:44,0.7994,26.31,24.0,1872,15040082.0,0.00025689330737745564
2022-08-30,11:07:44,0.7995,26.31,24.0,1866,15040081.0,0.0002593704686653439
2022-08-30,11:07:44,0.7996,26.31,24.0,1861,15040082.0,0.0002614530067599077
2022-08-30,11:07:44,0.7997,26.31,24.0,1870,15040083.0,0.00025771638785863747
2022-08-30,11:07:44,0.7998,26.31,24.0,1874,15040083.0,0.00025607285560562415
2022-08-30,11:07:44,0.7999,26.31,24.0,1867,15040083.0,0.0002589559558416581
2022-08-30,11:07:44,0.8000,26.31,24.0,1866,15040083.0,0.0002593704686653439
2022-08-30,11:07:44,0.8001,26.31,24.0,1863,15040083.0,0.00026061799246998054
2022-08-30,11:07:44,0.8002,26.31,24.0,1863,15040085.0,0.00026061799246998054
2022-08-30,11:07:44,0.8004,26.31,24.0,1864,15040085.0,0.0002602014859165631
2022-08-30,11:07:44,0.8005,26.31,24.0,1861,15040083.0,0.0002614530067599077
2022-08-30,11:07:44,0.8006,26.31,24.0,1862,15040083.0,0.0002610351657286952
2022-08-30,11:07:44,0.8007,26.31,24.0,1866,15040089.0,0.0002593704686653439
2022-08-30,11:07:44,0.8008,26.31,24.0,1867,15040090.0,0.0002589559558416581
2022-08-30,11:07:44,0.8009,26.31,24.0,1866,15040089.0,0.0002593704686653439
2022-08-30,11:07:44,0.8010,26.31,24.0,1865,15040091.0,0.0002597856450029483
2022-08-30,11:07:44,0.8011,26.31,24.0,1865,15040089.0,0.0002597856450029483
2022-08-30,11:07:44,0.8012,26.31,24.0,1864,15040090.0,0.0002602014859165631
2022-08-30,11:07:44,0.8013,26.31,24.0,1866,15040093.0,0.0002593704686653439
2022-08-30,11:07:44,0.8015,26.31,24.0,1870,15040093.0,0.00025771638785863747
2022-08-30,11:07:44,0.8016,26.31,24.0,1866,15040094.0,0.0002593704686653439
2022-08-30,11:07:44,0.8017,26.31,24.0,1862,15040096.0,0.0002610351657286952
2022-08-30,11:07:45,0.8018,26.31,24.0,1866,15040097.0,0.0002593704686653439
2022-08-30,11:07:45,0.8019,26.31,24.0,1869,15040097.0,0.0002581289164961588
2022-08-30,11:07:45,0.8020,26.31,24.0,1866,15040097.0,0.0002593704686653439
2022-08-30,11:07:45,0.8021,26.31,24.0,1868,15040098.0,0.0002585421054714964
2022-08-30,11:07:45,0.8022,26.31,24.0,1874,15040098.0,0.00025607285560562415
2022-08-30,11:07:45,0.8023,26.31,24.0,1869,15040099.0,0.0002581289164961588
2022-08-30,11:07:45,0.8024,26.31,24.0,1864,15040100.0,0.0002602014859165631
2022-08-30,11:07:45,0.8026,26.31,24.0,1867,15040097.0,0.0002589559558416581
2022-08-30,11:07:45,0.8027,26.31,24.0,1868,15040097.0,0.0002585421054714964
2022-08-30,11:07:45,0.8028,26.31,24.0,1866,15040097.0,0.0002593704686653439
2022-08-30,11:07:45,0.8029,26.31,24.0,1867,15040092.0,0.0002589559558416581
2022-08-30,11:07:45,0.8030,26.31,24.0,1868,15040090.0,0.0002585421054714964
2022-08-30,11:07:45,0.8031,26.31,24.0,1863,15040091.0,0.00026061799246998054
2022-08-30,11:07:45,0.8032,26.31,24.0,1865,15040091.0,0.0002597856450029483
2022-08-30,11:07:45,0.8033,26.31,24.0,1870,15040090.0,0.00025771638785863747
2022-08-30,11:07:45,0.8034,26.31,24.0,1868,15040090.0,0.0002585421054714964
2022-08-30,11:07:45,0.8035,26.31,24.0,1862,15040091.0,0.0002610351657286952
2022-08-30,11:07:45,0.8037,26.31,24.0,1866,15040092.0,0.0002593704686653439
2022-08-30,11:07:45,0.8038,26.31,24.0,1871,15040092.0,0.0002573045185036138
2022-08-30,11:07:45,0.8039,26.31,24.0,1866,15040091.0,0.0002593704686653439
2022-08-30,11:07:45,0.8040,26.31,24.0,1864,15040091.0,0.0002602014859165631
2022-08-30,11:07:45,0.8041,26.31,24.0,1866,15040090.0,0.0002593704686653439
2022-08-30,11:07:45,0.8042,26.31,24.0,1867,15040089.0,0.0002589559558416581
2022-08-30,11:07:45,0.8043,26.31,24.0,1866,15040090.0,0.0002593704686653439
2022-08-30,11:07:45,0.8044,26.31,24.0,1864,15040090.0,0.0002602014859165631
2022-08-30,11:07:45,0.8045,26.31,24.0,1864,15040089.0,0.0002602014859165631
2022-08-30,11:07:45,0.8046,26.31,24.0,1864,15040091.0,0.0002602014859165631
2022-08-30,11:07:45,0.8048,26.31,24.0,1868,15040091.0,0.0002585421054714964
2022-08-30,11:07:45,0.8049,26.31,24.0,1869,15040087.0,0.0002581289164961588
2022-08-30,11:07:45,0.8050,26.31,24.0,1871,15040087.0,0.0002573045185036138
2022-08-30,11:07:45,0.8051,26.31,24.0,1873,15040088.0,0.00025648275342821477
2022-08-30,11:07:45,0.8052,26.31,24.0,1866,15040087.0,0.0002593704686653439
2022-08-30,11:07:45,0.8053,26.31,24.0,1865,15040089.0,0.0002597856450029483
2022-08-30,11:07:45,0.8054,26.31,24.0,1870,15040091.0,0.00025771638785863747
2022-08-30,11:07:45,0.8055,26.31,24.0,1867,15040093.0,0.0002589559558416581
2022-08-30,11:07:45,0.8056,26.31,24.0,1864,15040095.0,0.0002602014859165631
2022-08-30,11:07:45,0.8057,26.31,24.0,1867,15040096.0,0.0002589559558416581
2022-08-30,11:07:45,0.8059,26.31,24.0,1866,15040095.0,0.0002593704686653439
2022-08-30,11:07:45,0.8060,26.31,24.0,1867,15040095.0,0.0002589559558416581
2022-08-30,11:07:45,0.8061,26.31,24.0,1869,15040097.0,0.0002581289164961588
2022-08-30,11:07:45,0.8062,26.31,24.0,1868,15040102.0,0.0002585421054714964
2022-08-30,11:07:45,0.8063,26.31,24.0,1870,15040102.0,0.00025771638785863747
2022-08-30,11:07:45,0.8064,26.31,24.0,1871,15040100.0,0.0002573045185036138
2022-08-30,11:07:45,0.8065,26.31,24.0,1869,15040103.0,0.0002581289164961588
2022-08-30,11:07:45,0.8066,26.31,24.0,1868,15040106.0,0.0002585421054714964
2022-08-30,11:07:45,0.8067,26.31,24.0,1871,15040105.0,0.0002573045185036138
2022-08-30,11:07:45,0.8068,26.31,24.0,1872,15040106.0,0.00025689330737745564
2022-08-30,11:07:45,0.8070,26.31,24.0,1870,15040106.0,0.00025771638785863747
2022-08-30,11:07:45,0.8071,26.31,24.0,1872,15040101.0,0.00025689330737745564
2022-08-30,11:07:45,0.8072,26.31,24.0,1872,15040101.0,0.00025689330737745564
2022-08-30,11:07:45,0.8073,26.31,24.0,1868,15040102.0,0.0002585421054714964
2022-08-30,11:07:45,0.8074,26.31,24.0,1865,15040101.0,0.0002597856450029483
2022-08-30,11:07:45,0.8075,26.31,24.0,1865,15040103.0,0.0002597856450029483
2022-08-30,11:07:45,0.8076,26.31,24.0,1868,15040103.0,0.0002585421054714964
2022-08-30,11:07:45,0.8077,26.31,24.0,1870,15040102.0,0.00025771638785863747
2022-08-30,11:07:45,0.8078,26.31,24.0,1868,15040104.0,0.0002585421054714964
2022-08-30,11:07:45,0.8079,26.31,24.0,1868,15040104.0,0.0002585421054714964
2022-08-30,11:07:45,0.8081,26.31,24.0,1871,15040103.0,0.0002573045185036138
2022-08-30,11:07:45,0.8082,26.31,24.0,1868,15040103.0,0.0002585421054714964
2022-08-30,11:07:45,0.8083,26.31,24.0,1865,15040104.0,0.0002597856450029483
2022-08-30,11:07:45,0.8084,26.31,24.0,1868,15040106.0,0.0002585421054714964
2022-08-30,11:07:45,0.8085,26.31,24.0,1871,15040106.0,0.0002573045185036138
2022-08-30,11:07:45,0.8086,26.31,24.0,1869,15040106.0,0.0002581289164961588
2022-08-30,11:07:45,0.8087,26.31,24.0,1868,15040109.0,0.0002585421054714964
2022-08-30,11:07:45,0.8088,26.31,24.0,1871,15040110.0,0.0002573045185036138
2022-08-30,11:07:45,0.8089,26.31,24.0,1871,15040107.0,0.0002573045185036138
2022-08-30,11:07:45,0.8090,26.31,24.0,1871,15040107.0,0.0002573045185036138
2022-08-30,11:07:45,0.8092,26.31,24.0,1869,15040106.0,0.0002581289164961588
2022-08-30,11:07:45,0.8093,26.31,24.0,1869,15040103.0,0.0002581289164961588
2022-08-30,11:07:45,0.8094,26.31,24.0,1867,15040102.0,0.0002589559558416581
2022-08-30,11:07:45,0.8095,26.31,24.0,1864,15040102.0,0.0002602014859165631
2022-08-30,11:07:45,0.8096,26.31,24.0,1864,15040101.0,0.0002602014859165631
2022-08-30,11:07:45,0.8097,26.31,24.0,1865,15040099.0,0.0002597856450029483
2022-08-30,11:07:45,0.8098,26.31,24.0,1869,15040099.0,0.0002581289164961588
2022-08-30,11:07:45,0.8099,26.31,24.0,1868,15040101.0,0.0002585421054714964
2022-08-30,11:07:45,0.8100,26.31,24.0,1866,15040101.0,0.0002593704686653439
2022-08-30,11:07:45,0.8101,26.31,24.0,1868,15040103.0,0.0002585421054714964
2022-08-30,11:07:45,0.8103,26.31,24.0,1869,15040103.0,0.0002581289164961588
2022-08-30,11:07:45,0.8104,26.31,24.0,1869,15040105.0,0.0002581289164961588
2022-08-30,11:07:45,0.8105,26.31,24.0,1869,15040106.0,0.0002581289164961588
2022-08-30,11:07:45,0.8106,26.31,24.0,1867,15040102.0,0.0002589559558416581
2022-08-30,11:07:45,0.8107,26.31,24.0,1873,15040102.0,0.00025648275342821477
2022-08-30,11:07:45,0.8108,26.31,24.0,1874,15040105.0,0.00025607285560562415
2022-08-30,11:07:45,0.8109,26.31,24.0,1867,15040105.0,0.0002589559558416581
2022-08-30,11:07:45,0.8110,26.31,24.0,1865,15040108.0,0.0002597856450029483
2022-08-30,11:07:45,0.8111,26.31,24.0,1868,15040112.0,0.0002585421054714964
2022-08-30,11:07:45,0.8112,26.31,24.0,1868,15040110.0,0.0002585421054714964
2022-08-30,11:07:45,0.8114,26.31,24.0,1868,15040108.0,0.0002585421054714964
2022-08-30,11:07:45,0.8115,26.31,24.0,1869,15040108.0,0.0002581289164961588
2022-08-30,11:07:45,0.8116,26.31,24.0,1867,15040110.0,0.0002589559558416581
2022-08-30,11:07:45,0.8117,26.31,24.0,1866,15040111.0,0.0002593704686653439
2022-08-30,11:07:45,0.8118,26.31,24.0,1866,15040110.0,0.0002593704686653439
2022-08-30,11:07:45,0.8119,26.31,24.0,1866,15040110.0,0.0002593704686653439
2022-08-30,11:07:45,0.8120,26.31,24.0,1868,15040112.0,0.0002585421054714964
2022-08-30,11:07:45,0.8121,26.31,24.0,1872,15040111.0,0.00025689330737745564
2022-08-30,11:07:45,0.8122,26.31,24.0,1871,15040111.0,0.0002573045185036138
2022-08-30,11:07:45,0.8123,26.31,24.0,1868,15040112.0,0.0002585421054714964
2022-08-30,11:07:45,0.8125,26.31,24.0,1867,15040112.0,0.0002589559558416581
2022-08-30,11:07:45,0.8126,26.31,24.0,1869,15040113.0,0.0002581289164961588
2022-08-30,11:07:45,0.8127,26.31,24.0,1868,15040113.0,0.0002585421054714964
2022-08-30,11:07:45,0.8128,26.31,24.0,1866,15040114.0,0.0002593704686653439
2022-08-30,11:07:45,0.8129,26.31,24.0,1867,15040113.0,0.0002589559558416581
2022-08-30,11:07:45,0.8130,26.31,24.0,1873,15040112.0,0.00025648275342821477
2022-08-30,11:07:45,0.8131,26.31,24.0,1871,15040113.0,0.0002573045185036138
2022-08-30,11:07:45,0.8132,26.31,24.0,1864,15040113.0,0.0002602014859165631
2022-08-30,11:07:45,0.8133,26.31,24.0,1864,15040114.0,0.0002602014859165631
2022-08-30,11:07:45,0.8134,26.31,24.0,1870,15040114.0,0.00025771638785863747
2022-08-30,11:07:45,0.8136,26.31,24.0,1873,15040112.0,0.00025648275342821477
2022-08-30,11:07:45,0.8137,26.31,24.0,1871,15040112.0,0.0002573045185036138
2022-08-30,11:07:45,0.8138,26.31,24.0,1870,15040113.0,0.00025771638785863747
2022-08-30,11:07:45,0.8139,26.31,24.0,1872,15040119.0,0.00025689330737745564
2022-08-30,11:07:45,0.8140,26.31,24.0,1870,15040119.0,0.00025771638785863747
2022-08-30,11:07:45,0.8141,26.31,24.0,1869,15040120.0,0.0002581289164961588
2022-08-30,11:07:45,0.8142,26.31,24.0,1871,15040122.0,0.0002573045185036138
2022-08-30,11:07:45,0.8143,26.31,24.0,1874,15040116.0,0.00025607285560562415
2022-08-30,11:07:45,0.8144,26.31,24.0,1877,15040113.0,0.00025484708842024427
2022-08-30,11:07:45,0.8145,26.31,24.0,1874,15040113.0,0.00025607285560562415
2022-08-30,11:07:45,0.8147,26.31,24.0,1873,15040113.0,0.00025648275342821477
2022-08-30,11:07:45,0.8148,26.31,24.0,1871,15040115.0,0.0002573045185036138
2022-08-30,11:07:45,0.8149,26.31,24.0,1871,15040114.0,0.0002573045185036138
2022-08-30,11:07:45,0.8150,26.31,24.0,1872,15040114.0,0.00025689330737745564
2022-08-30,11:07:45,0.8151,26.31,24.0,1870,15040115.0,0.00025771638785863747
2022-08-30,11:07:45,0.8152,26.31,24.0,1869,15040111.0,0.0002581289164961588
2022-08-30,11:07:45,0.8153,26.31,24.0,1868,15040106.0,0.0002585421054714964
2022-08-30,11:07:45,0.8154,26.31,24.0,1869,15040108.0,0.0002581289164961588
2022-08-30,11:07:45,0.8155,26.31,24.0,1869,15040110.0,0.0002581289164961588
2022-08-30,11:07:45,0.8156,26.31,24.0,1870,15040116.0,0.00025771638785863747
2022-08-30,11:07:45,0.8158,26.31,24.0,1872,15040118.0,0.00025689330737745564
2022-08-30,11:07:45,0.8159,26.31,24.0,1872,15040114.0,0.00025689330737745564
2022-08-30,11:07:45,0.8160,26.31,24.0,1869,15040115.0,0.0002581289164961588
2022-08-30,11:07:45,0.8161,26.31,24.0,1869,15040112.0,0.0002581289164961588
2022-08-30,11:07:45,0.8162,26.31,24.0,1871,15040112.0,0.0002573045185036138
2022-08-30,11:07:45,0.8163,26.31,24.0,1869,15040112.0,0.0002581289164961588
2022-08-30,11:07:45,0.8164,26.31,24.0,1866,15040112.0,0.0002593704686653439
2022-08-30,11:07:45,0.8165,26.31,24.0,1870,15040111.0,0.00025771638785863747
2022-08-30,11:07:45,0.8166,26.31,24.0,1873,15040109.0,0.00025648275342821477
2022-08-30,11:07:45,0.8167,26.31,24.0,1870,15040109.0,0.00025771638785863747
2022-08-30,11:07:45,0.8169,26.31,24.0,1869,15040111.0,0.0002581289164961588
2022-08-30,11:07:45,0.8170,26.31,24.0,1870,15040113.0,0.00025771638785863747
2022-08-30,11:07:45,0.8171,26.31,24.0,1872,15040113.0,0.00025689330737745564
2022-08-30,11:07:45,0.8172,26.31,24.0,1872,15040113.0,0.00025689330737745564
2022-08-30,11:07:45,0.8173,26.31,24.0,1870,15040113.0,0.00025771638785863747
2022-08-30,11:07:45,0.8174,26.31,24.0,1877,15040112.0,0.00025484708842024427
2022-08-30,11:07:45,0.8175,26.31,24.0,1881,15040110.0,0.0002532218545230698
2022-08-30,11:07:45,0.8176,26.31,24.0,1872,15040111.0,0.00025689330737745564
2022-08-30,11:07:45,0.8177,26.31,24.0,1869,15040111.0,0.0002581289164961588
2022-08-30,11:07:45,0.8178,26.31,24.0,1870,15040116.0,0.00025771638785863747
2022-08-30,11:07:45,0.8180,26.31,24.0,1870,15040115.0,0.00025771638785863747
2022-08-30,11:07:45,0.8181,26.31,24.0,1871,15040114.0,0.0002573045185036138
2022-08-30,11:07:45,0.8182,26.31,24.0,1870,15040120.0,0.00025771638785863747
2022-08-30,11:07:45,0.8183,26.31,24.0,1865,15040123.0,0.0002597856450029483
2022-08-30,11:07:45,0.8184,26.31,24.0,1867,15040122.0,0.0002589559558416581
2022-08-30,11:07:45,0.8185,26.31,24.0,1870,15040122.0,0.00025771638785863747
2022-08-30,11:07:45,0.8186,26.31,24.0,1867,15040123.0,0.0002589559558416581
2022-08-30,11:07:45,0.8187,26.31,24.0,1869,15040123.0,0.0002581289164961588
2022-08-30,11:07:45,0.8188,26.31,24.0,1871,15040121.0,0.0002573045185036138
2022-08-30,11:07:45,0.8189,26.31,24.0,1871,15040124.0,0.0002573045185036138
2022-08-30,11:07:45,0.8191,26.31,24.0,1873,15040122.0,0.00025648275342821477
2022-08-30,11:07:45,0.8192,26.31,24.0,1876,15040120.0,0.0002552550241477151
2022-08-30,11:07:45,0.8193,26.31,24.0,1876,15040116.0,0.0002552550241477151
2022-08-30,11:07:45,0.8194,26.31,24.0,1871,15040113.0,0.0002573045185036138
2022-08-30,11:07:45,0.8195,26.31,24.0,1869,15040111.0,0.0002581289164961588
2022-08-30,11:07:45,0.8196,26.31,24.0,1869,15040106.0,0.0002581289164961588
2022-08-30,11:07:45,0.8197,26.31,24.0,1868,15040106.0,0.0002585421054714964
2022-08-30,11:07:45,0.8198,26.31,24.0,1869,15040104.0,0.0002581289164961588
2022-08-30,11:07:45,0.8199,26.31,24.0,1869,15040101.0,0.0002581289164961588
2022-08-30,11:07:45,0.8200,26.31,24.0,1867,15040101.0,0.0002589559558416581
2022-08-30,11:07:45,0.8202,26.31,24.0,1866,15040100.0,0.0002593704686653439
2022-08-30,11:07:45,0.8203,26.31,24.0,1865,15040099.0,0.0002597856450029483
2022-08-30,11:07:45,0.8204,26.31,24.0,1869,15040101.0,0.0002581289164961588
2022-08-30,11:07:45,0.8205,26.31,24.0,1870,15040100.0,0.00025771638785863747
2022-08-30,11:07:45,0.8206,26.31,24.0,1867,15040099.0,0.0002589559558416581
2022-08-30,11:07:45,0.8208,26.31,24.0,1868,15040101.0,0.0002585421054714964
2022-08-30,11:07:45,0.8209,26.31,24.0,1868,15040100.0,0.0002585421054714964
2022-08-30,11:07:45,0.8210,26.31,24.0,1869,15040100.0,0.0002581289164961588
2022-08-30,11:07:45,0.8211,26.31,24.0,1867,15040100.0,0.0002589559558416581
2022-08-30,11:07:45,0.8212,26.31,24.0,1869,15040098.0,0.0002581289164961588
2022-08-30,11:07:45,0.8213,26.31,24.0,1869,15040095.0,0.0002581289164961588
2022-08-30,11:07:45,0.8214,26.31,24.0,1869,15040095.0,0.0002581289164961588
2022-08-30,11:07:45,0.8215,26.31,24.0,1869,15040098.0,0.0002581289164961588
2022-08-30,11:07:45,0.8216,26.31,24.0,1865,15040099.0,0.0002597856450029483
2022-08-30,11:07:45,0.8217,26.31,24.0,1866,15040097.0,0.0002593704686653439
2022-08-30,11:07:45,0.8218,26.31,24.0,1865,15040099.0,0.0002597856450029483
2022-08-30,11:07:45,0.8219,26.31,24.0,1866,15040098.0,0.0002593704686653439
2022-08-30,11:07:45,0.8220,26.31,24.0,1871,15040097.0,0.0002573045185036138
2022-08-30,11:07:45,0.8221,26.31,24.0,1872,15040098.0,0.00025689330737745564
2022-08-30,11:07:45,0.8222,26.31,24.0,1871,15040094.0,0.0002573045185036138
2022-08-30,11:07:45,0.8223,26.31,24.0,1869,15040091.0,0.0002581289164961588
2022-08-30,11:07:45,0.8224,26.31,24.0,1866,15040091.0,0.0002593704686653439
2022-08-30,11:07:45,0.8225,26.31,24.0,1867,15040093.0,0.0002589559558416581
2022-08-30,11:07:45,0.8225,26.31,24.0,1870,15040092.0,0.00025771638785863747
2022-08-30,11:07:45,0.8226,26.31,24.0,1868,15040092.0,0.0002585421054714964
2022-08-30,11:07:45,0.8227,26.31,24.0,1863,15040092.0,0.00026061799246998054
2022-08-30,11:07:45,0.8228,26.31,24.0,1864,15040090.0,0.0002602014859165631
2022-08-30,11:07:45,0.8229,26.31,24.0,1865,15040090.0,0.0002597856450029483
2022-08-30,11:07:45,0.8230,26.31,24.0,1868,15040090.0,0.0002585421054714964
2022-08-30,11:07:45,0.8231,26.31,24.0,1869,15040090.0,0.0002581289164961588
2022-08-30,11:07:45,0.8232,26.31,24.0,1867,15040090.0,0.0002589559558416581
2022-08-30,11:07:45,0.8233,26.31,24.0,1866,15040089.0,0.0002593704686653439
2022-08-30,11:07:45,0.8234,26.31,24.0,1866,15040084.0,0.0002593704686653439
2022-08-30,11:07:45,0.8235,26.31,24.0,1867,15040084.0,0.0002589559558416581
2022-08-30,11:07:45,0.8236,26.31,24.0,1866,15040084.0,0.0002593704686653439
2022-08-30,11:07:45,0.8237,26.31,24.0,1863,15040081.0,0.00026061799246998054
2022-08-30,11:07:45,0.8238,26.31,24.0,1861,15040082.0,0.0002614530067599077
2022-08-30,11:07:45,0.8239,26.31,24.0,1862,15040081.0,0.0002610351657286952
2022-08-30,11:07:45,0.8240,26.31,24.0,1863,15040080.0,0.00026061799246998054
2022-08-30,11:07:45,0.8241,26.31,24.0,1866,15040080.0,0.0002593704686653439
2022-08-30,11:07:45,0.8242,26.31,24.0,1864,15040079.0,0.0002602014859165631
2022-08-30,11:07:45,0.8243,26.31,24.0,1864,15040078.0,0.0002602014859165631
2022-08-30,11:07:45,0.8244,26.31,24.0,1866,15040078.0,0.0002593704686653439
2022-08-30,11:07:45,0.8245,26.31,24.0,1864,15040080.0,0.0002602014859165631
2022-08-30,11:07:45,0.8246,26.31,24.0,1863,15040079.0,0.00026061799246998054
2022-08-30,11:07:45,0.8247,26.31,24.0,1862,15040077.0,0.0002610351657286952
2022-08-30,11:07:45,0.8248,26.31,24.0,1864,15040076.0,0.0002602014859165631
2022-08-30,11:07:45,0.8249,26.31,24.0,1863,15040074.0,0.00026061799246998054
2022-08-30,11:07:45,0.8250,26.31,24.0,1864,15040073.0,0.0002602014859165631
2022-08-30,11:07:45,0.8251,26.31,24.0,1866,15040073.0,0.0002593704686653439
2022-08-30,11:07:45,0.8252,26.31,24.0,1863,15040072.0,0.00026061799246998054
2022-08-30,11:07:45,0.8253,26.31,24.0,1862,15040071.0,0.0002610351657286952
2022-08-30,11:07:45,0.8254,26.31,24.0,1862,15040071.0,0.0002610351657286952
2022-08-30,11:07:45,0.8255,26.31,24.0,1859,15040070.0,0.00026229069641717153
2022-08-30,11:07:45,0.8256,26.31,24.0,1858,15040070.0,0.00026271054718617596
2022-08-30,11:07:45,0.8257,26.31,24.0,1861,15040068.0,0.0002614530067599077
2022-08-30,11:07:45,0.8258,26.31,24.0,1863,15040065.0,0.00026061799246998054
2022-08-30,11:07:45,0.8259,26.31,24.0,1861,15040066.0,0.0002614530067599077
2022-08-30,11:07:45,0.8259,26.31,24.0,1859,15040067.0,0.00026229069641717153
2022-08-30,11:07:45,0.8260,26.31,24.0,1861,15040068.0,0.0002614530067599077
2022-08-30,11:07:45,0.8261,26.31,24.0,1862,15040068.0,0.0002610351657286952
2022-08-30,11:07:45,0.8262,26.31,24.0,1862,15040067.0,0.0002610351657286952
2022-08-30,11:07:45,0.8263,26.31,24.0,1863,15040066.0,0.00026061799246998054
2022-08-30,11:07:45,0.8264,26.31,24.0,1862,15040065.0,0.0002610351657286952
2022-08-30,11:07:45,0.8265,26.31,24.0,1861,15040063.0,0.0002614530067599077
2022-08-30,11:07:45,0.8266,26.31,24.0,1863,15040063.0,0.00026061799246998054
2022-08-30,11:07:45,0.8267,26.31,24.0,1860,15040064.0,0.0002618715166325266
2022-08-30,11:07:45,0.8268,26.31,24.0,1863,15040060.0,0.00026061799246998054
2022-08-30,11:07:45,0.8269,26.31,24.0,1865,15040060.0,0.0002597856450029483
2022-08-30,11:07:45,0.8270,26.31,24.0,1862,15040061.0,0.0002610351657286952
2022-08-30,11:07:45,0.8271,26.31,24.0,1862,15040060.0,0.0002610351657286952
2022-08-30,11:07:45,0.8272,26.31,24.0,1858,15040061.0,0.00026271054718617596
2022-08-30,11:07:45,0.8273,26.31,24.0,1858,15040062.0,0.00026271054718617596
2022-08-30,11:07:45,0.8274,26.31,24.0,1862,15040062.0,0.0002610351657286952
2022-08-30,11:07:45,0.8275,26.31,24.0,1862,15040062.0,0.0002610351657286952
2022-08-30,11:07:45,0.8276,26.31,24.0,1860,15040062.0,0.0002618715166325266
