1066
1087
1093
1414
2745
