Date,Time,Relative_time,Ambient,Temperature,Peak Magnitude (RAW),Resonance_Frequency,Dissipation
2024-02-02,12:13:47,0.0541,27.06,24.25,3412,15312052.0,2.187931457002984e-05
2024-02-02,12:13:47,0.0822,27.06,24.25,3379,15312378.0,2.306514897800561e-05
2024-02-02,12:13:47,0.1127,27.06,24.25,3392,15312288.0,2.259051688470672e-05
2024-02-02,12:13:47,0.1169,27.06,24.25,3384,15312290.0,2.288142934135367e-05
2024-02-02,12:13:47,0.1212,27.06,24.25,3383,15312290.0,2.291805582424504e-05
2024-02-02,12:13:47,0.1255,27.06,24.25,3383,15312290.0,2.291805582424504e-05
2024-02-02,12:13:47,0.1298,27.06,24.25,3384,15312290.0,2.288142934135367e-05
2024-02-02,12:13:47,0.134,27.06,24.25,3383,15312290.0,2.291805582424504e-05
2024-02-02,12:13:47,0.1382,27.06,24.25,3383,15312290.0,2.291805582424504e-05
2024-02-02,12:13:47,0.1425,27.06,24.25,3384,15312290.0,2.288142934135367e-05
2024-02-02,12:13:47,0.1468,27.06,24.25,3383,15312289.0,2.291805582424504e-05
2024-02-02,12:13:47,0.151,27.06,24.25,3382,15312290.0,2.2954740935434e-05
2024-02-02,12:13:47,0.1553,27.06,24.25,3382,15312293.0,2.2954740935434e-05
2024-02-02,12:13:47,0.1596,27.06,24.25,3383,15312293.0,2.291805582424504e-05
2024-02-02,12:13:47,0.1638,27.06,24.25,3383,15312289.0,2.291805582424504e-05
2024-02-02,12:13:47,0.1681,27.06,24.25,3382,15312289.0,2.2954740935434e-05
2024-02-02,12:13:47,0.1723,27.06,24.25,3383,15312290.0,2.291805582424504e-05
2024-02-02,12:13:47,0.1765,27.06,24.25,3383,15312290.0,2.291805582424504e-05
2024-02-02,12:13:47,0.1808,27.06,24.25,3383,15312290.0,2.291805582424504e-05
2024-02-02,12:13:47,0.1851,27.06,24.25,3383,15312290.0,2.291805582424504e-05
2024-02-02,12:13:47,0.1893,27.06,24.25,3383,15312290.0,2.291805582424504e-05
2024-02-02,12:13:47,0.1936,27.06,24.25,3384,15312290.0,2.288142934135367e-05
2024-02-02,12:13:47,0.1978,27.06,24.25,3384,15312289.0,2.288142934135367e-05
2024-02-02,12:13:47,0.2021,27.06,24.25,3384,15312290.0,2.288142934135367e-05
2024-02-02,12:13:47,0.2063,27.06,24.25,3384,15312290.0,2.288142934135367e-05
2024-02-02,12:13:47,0.2105,27.06,24.25,3384,15312290.0,2.288142934135367e-05
2024-02-02,12:13:47,0.2148,27.06,24.25,3384,15312290.0,2.288142934135367e-05
2024-02-02,12:13:47,0.2191,27.06,24.25,3385,15312290.0,2.284486139306312e-05
2024-02-02,12:13:47,0.2233,27.06,24.25,3385,15312290.0,2.284486139306312e-05
2024-02-02,12:13:47,0.2275,27.06,24.25,3384,15312290.0,2.288142934135367e-05
2024-02-02,12:13:47,0.2318,27.06,24.25,3384,15312290.0,2.288142934135367e-05
2024-02-02,12:13:47,0.2361,27.06,24.25,3384,15312290.0,2.288142934135367e-05
2024-02-02,12:13:47,0.2403,27.06,24.25,3384,15312290.0,2.288142934135367e-05
2024-02-02,12:13:47,0.2446,27.06,24.25,3384,15312290.0,2.288142934135367e-05
2024-02-02,12:13:47,0.2489,27.06,24.25,3383,15312290.0,2.291805582424504e-05
2024-02-02,12:13:47,0.2531,27.06,24.25,3384,15312290.0,2.288142934135367e-05
2024-02-02,12:13:47,0.2574,27.06,24.25,3385,15312290.0,2.284486139306312e-05
2024-02-02,12:13:47,0.2616,27.06,24.25,3384,15312290.0,2.288142934135367e-05
2024-02-02,12:13:47,0.2659,27.06,24.25,3384,15312290.0,2.288142934135367e-05
2024-02-02,12:13:47,0.2701,27.06,24.25,3384,15312290.0,2.288142934135367e-05
2024-02-02,12:13:47,0.2744,27.06,24.25,3383,15312290.0,2.291805582424504e-05
2024-02-02,12:13:47,0.2787,27.06,24.25,3383,15312290.0,2.291805582424504e-05
2024-02-02,12:13:47,0.2829,27.06,24.25,3384,15312290.0,2.288142934135367e-05
2024-02-02,12:13:47,0.2872,27.06,24.25,3384,15312290.0,2.288142934135367e-05
2024-02-02,12:13:47,0.2914,27.06,24.25,3384,15312290.0,2.288142934135367e-05
2024-02-02,12:13:47,0.2957,27.06,24.25,3384,15312290.0,2.288142934135367e-05
2024-02-02,12:13:47,0.2999,27.06,24.25,3384,15312290.0,2.288142934135367e-05
2024-02-02,12:13:47,0.3042,27.06,24.25,3384,15312290.0,2.288142934135367e-05
2024-02-02,12:13:47,0.3085,27.06,24.25,3384,15312290.0,2.288142934135367e-05
2024-02-02,12:13:47,0.3127,27.06,24.25,3384,15312290.0,2.288142934135367e-05
2024-02-02,12:13:47,0.317,27.06,24.25,3384,15312290.0,2.288142934135367e-05
2024-02-02,12:13:47,0.3212,27.06,24.25,3383,15312290.0,2.291805582424504e-05
2024-02-02,12:13:47,0.3255,27.06,24.25,3384,15312291.0,2.288142934135367e-05
2024-02-02,12:13:47,0.3297,27.06,24.25,3385,15312290.0,2.284486139306312e-05
2024-02-02,12:13:47,0.334,27.06,24.25,3384,15312290.0,2.288142934135367e-05
2024-02-02,12:13:47,0.3383,27.06,24.25,3384,15312290.0,2.288142934135367e-05
2024-02-02,12:13:47,0.3426,27.06,24.25,3384,15312290.0,2.288142934135367e-05
2024-02-02,12:13:47,0.3468,27.06,24.25,3384,15312290.0,2.288142934135367e-05
2024-02-02,12:13:47,0.3511,27.06,24.25,3384,15312290.0,2.288142934135367e-05
2024-02-02,12:13:47,0.3553,27.06,24.25,3384,15312290.0,2.288142934135367e-05
2024-02-02,12:13:47,0.3596,27.06,24.25,3384,15312290.0,2.288142934135367e-05
2024-02-02,12:13:47,0.3639,27.06,24.25,3383,15312290.0,2.291805582424504e-05
2024-02-02,12:13:47,0.3681,27.06,24.25,3383,15312290.0,2.291805582424504e-05
2024-02-02,12:13:47,0.3724,27.06,24.25,3383,15312290.0,2.291805582424504e-05
2024-02-02,12:13:47,0.3767,27.06,24.25,3383,15312290.0,2.291805582424504e-05
2024-02-02,12:13:47,0.3809,27.06,24.25,3384,15312290.0,2.288142934135367e-05
2024-02-02,12:13:47,0.3852,27.06,24.25,3383,15312290.0,2.291805582424504e-05
2024-02-02,12:13:47,0.3894,27.06,24.25,3383,15312290.0,2.291805582424504e-05
2024-02-02,12:13:47,0.3937,27.06,24.25,3383,15312290.0,2.291805582424504e-05
2024-02-02,12:13:47,0.398,27.06,24.25,3383,15312290.0,2.291805582424504e-05
2024-02-02,12:13:47,0.4022,27.06,24.25,3384,15312290.0,2.288142934135367e-05
2024-02-02,12:13:47,0.4065,27.06,24.25,3383,15312290.0,2.291805582424504e-05
2024-02-02,12:13:47,0.4108,27.06,24.25,3383,15312290.0,2.291805582424504e-05
2024-02-02,12:13:47,0.415,27.06,24.25,3383,15312290.0,2.291805582424504e-05
2024-02-02,12:13:47,0.4193,27.06,24.25,3383,15312291.0,2.291805582424504e-05
2024-02-02,12:13:47,0.4236,27.06,24.25,3384,15312290.0,2.288142934135367e-05
2024-02-02,12:13:47,0.4278,27.06,24.25,3384,15312290.0,2.288142934135367e-05
2024-02-02,12:13:48,0.4321,27.06,24.25,3384,15312290.0,2.288142934135367e-05
2024-02-02,12:13:48,0.4364,27.06,24.25,3384,15312290.0,2.288142934135367e-05
2024-02-02,12:13:48,0.4406,27.06,24.25,3383,15312291.0,2.291805582424504e-05
2024-02-02,12:13:48,0.4449,27.06,24.25,3383,15312291.0,2.291805582424504e-05
2024-02-02,12:13:48,0.4492,27.06,24.5,3384,15312291.0,2.288142934135367e-05
2024-02-02,12:13:48,0.4534,27.06,24.5,3384,15312290.0,2.288142934135367e-05
2024-02-02,12:13:48,0.4577,27.06,24.5,3384,15312290.0,2.288142934135367e-05
2024-02-02,12:13:48,0.4619,27.06,24.5,3384,15312290.0,2.288142934135367e-05
2024-02-02,12:13:48,0.4662,27.06,24.5,3384,15312290.0,2.288142934135367e-05
2024-02-02,12:13:48,0.4705,27.06,24.5,3384,15312290.0,2.288142934135367e-05
2024-02-02,12:13:48,0.4747,27.06,24.5,3384,15312290.0,2.288142934135367e-05
2024-02-02,12:13:48,0.479,27.06,24.5,3384,15312290.0,2.288142934135367e-05
2024-02-02,12:13:48,0.4832,27.06,24.5,3384,15312290.0,2.288142934135367e-05
2024-02-02,12:13:48,0.4875,27.06,24.5,3384,15312290.0,2.288142934135367e-05
2024-02-02,12:13:48,0.4918,27.06,24.5,3383,15312290.0,2.291805582424504e-05
2024-02-02,12:13:48,0.496,27.06,24.5,3383,15312291.0,2.291805582424504e-05
2024-02-02,12:13:48,0.5003,27.06,24.5,3384,15312291.0,2.288142934135367e-05
2024-02-02,12:13:48,0.5045,27.06,24.5,3384,15312290.0,2.288142934135367e-05
2024-02-02,12:13:48,0.5088,27.06,24.5,3384,15312290.0,2.288142934135367e-05
2024-02-02,12:13:48,0.5131,27.06,24.5,3384,15312290.0,2.288142934135367e-05
2024-02-02,12:13:48,0.5174,27.06,24.5,3384,15312291.0,2.288142934135367e-05
2024-02-02,12:13:48,0.5216,27.06,24.5,3384,15312291.0,2.288142934135367e-05
2024-02-02,12:13:48,0.5259,27.06,24.5,3384,15312291.0,2.288142934135367e-05
2024-02-02,12:13:48,0.5301,27.06,24.5,3384,15312291.0,2.288142934135367e-05
2024-02-02,12:13:48,0.5344,27.06,24.5,3384,15312291.0,2.288142934135367e-05
2024-02-02,12:13:48,0.5387,27.06,24.5,3384,15312290.0,2.288142934135367e-05
2024-02-02,12:13:48,0.543,27.06,24.5,3384,15312290.0,2.288142934135367e-05
2024-02-02,12:13:48,0.5472,27.06,24.5,3385,15312291.0,2.284486139306312e-05
2024-02-02,12:13:48,0.5515,27.06,24.5,3384,15312291.0,2.288142934135367e-05
2024-02-02,12:13:48,0.5558,27.06,24.5,3384,15312291.0,2.288142934135367e-05
2024-02-02,12:13:48,0.56,27.06,24.5,3386,15312291.0,2.280835188582631e-05
2024-02-02,12:13:48,0.5643,27.06,24.5,3385,15312290.0,2.284486139306312e-05
2024-02-02,12:13:48,0.5686,27.06,24.5,3384,15312290.0,2.288142934135367e-05
2024-02-02,12:13:48,0.5729,27.06,24.5,3384,15312291.0,2.288142934135367e-05
2024-02-02,12:13:48,0.5771,27.06,24.5,3384,15312290.0,2.288142934135367e-05
2024-02-02,12:13:48,0.5814,27.06,24.5,3383,15312290.0,2.291805582424504e-05
2024-02-02,12:13:48,0.5856,27.06,24.5,3383,15312290.0,2.291805582424504e-05
2024-02-02,12:13:48,0.5899,27.06,24.5,3384,15312291.0,2.288142934135367e-05
2024-02-02,12:13:48,0.5942,27.06,24.5,3384,15312290.0,2.288142934135367e-05
2024-02-02,12:13:48,0.5984,27.06,24.5,3384,15312290.0,2.288142934135367e-05
2024-02-02,12:13:48,0.6027,27.06,24.5,3383,15312290.0,2.291805582424504e-05
2024-02-02,12:13:48,0.607,27.06,24.5,3383,15312291.0,2.291805582424504e-05
2024-02-02,12:13:48,0.6113,27.06,24.5,3383,15312291.0,2.291805582424504e-05
2024-02-02,12:13:48,0.6155,27.06,24.5,3383,15312291.0,2.291805582424504e-05
2024-02-02,12:13:48,0.6198,27.06,24.5,3383,15312291.0,2.291805582424504e-05
2024-02-02,12:13:48,0.624,27.06,24.5,3383,15312291.0,2.291805582424504e-05
2024-02-02,12:13:48,0.6283,27.06,24.5,3384,15312291.0,2.288142934135367e-05
2024-02-02,12:13:48,0.6326,27.06,24.5,3384,15312291.0,2.288142934135367e-05
2024-02-02,12:13:48,0.6369,27.06,24.5,3384,15312291.0,2.288142934135367e-05
2024-02-02,12:13:48,0.6411,27.06,24.5,3384,15312291.0,2.288142934135367e-05
2024-02-02,12:13:48,0.6454,27.06,24.5,3383,15312291.0,2.291805582424504e-05
2024-02-02,12:13:48,0.6497,27.06,24.5,3383,15312290.0,2.291805582424504e-05
2024-02-02,12:13:48,0.6539,27.06,24.5,3384,15312290.0,2.288142934135367e-05
2024-02-02,12:13:48,0.6582,27.06,24.5,3384,15312291.0,2.288142934135367e-05
2024-02-02,12:13:48,0.6625,27.06,24.5,3383,15312291.0,2.291805582424504e-05
2024-02-02,12:13:48,0.6667,27.06,24.5,3383,15312291.0,2.291805582424504e-05
2024-02-02,12:13:48,0.671,27.06,24.5,3384,15312291.0,2.288142934135367e-05
2024-02-02,12:13:48,0.6753,27.06,24.5,3384,15312291.0,2.288142934135367e-05
2024-02-02,12:13:48,0.6795,27.06,24.5,3383,15312291.0,2.291805582424504e-05
2024-02-02,12:13:48,0.6838,27.06,24.5,3384,15312291.0,2.288142934135367e-05
2024-02-02,12:13:48,0.688,27.06,24.5,3385,15312291.0,2.284486139306312e-05
2024-02-02,12:13:48,0.6923,27.06,24.5,3384,15312291.0,2.288142934135367e-05
2024-02-02,12:13:48,0.6966,27.06,24.5,3384,15312291.0,2.288142934135367e-05
2024-02-02,12:13:48,0.7008,27.06,24.5,3384,15312291.0,2.288142934135367e-05
2024-02-02,12:13:48,0.7051,27.06,24.5,3384,15312291.0,2.288142934135367e-05
2024-02-02,12:13:48,0.7094,27.06,24.5,3384,15312291.0,2.288142934135367e-05
2024-02-02,12:13:48,0.7136,27.06,24.5,3384,15312291.0,2.288142934135367e-05
2024-02-02,12:13:48,0.7179,27.06,24.5,3384,15312291.0,2.288142934135367e-05
2024-02-02,12:13:48,0.7221,27.06,24.5,3384,15312290.0,2.288142934135367e-05
2024-02-02,12:13:48,0.7264,27.06,24.5,3384,15312290.0,2.288142934135367e-05
2024-02-02,12:13:48,0.7306,27.06,24.5,3383,15312291.0,2.291805582424504e-05
2024-02-02,12:13:48,0.735,27.06,24.5,3383,15312291.0,2.291805582424504e-05
2024-02-02,12:13:48,0.7393,27.06,24.5,3383,15312291.0,2.291805582424504e-05
2024-02-02,12:13:48,0.7435,27.06,24.5,3384,15312291.0,2.288142934135367e-05
2024-02-02,12:13:48,0.7478,27.06,24.5,3384,15312291.0,2.288142934135367e-05
2024-02-02,12:13:48,0.752,27.06,24.5,3384,15312292.0,2.288142934135367e-05
2024-02-02,12:13:48,0.7563,27.06,24.5,3385,15312291.0,2.284486139306312e-05
2024-02-02,12:13:48,0.7606,27.06,24.5,3384,15312291.0,2.288142934135367e-05
2024-02-02,12:13:48,0.7649,27.06,24.5,3384,15312291.0,2.288142934135367e-05
2024-02-02,12:13:48,0.7691,27.06,24.5,3385,15312291.0,2.284486139306312e-05
2024-02-02,12:13:48,0.7734,27.06,24.5,3385,15312291.0,2.284486139306312e-05
2024-02-02,12:13:48,0.7777,27.06,24.5,3384,15312291.0,2.288142934135367e-05
2024-02-02,12:13:48,0.7819,27.06,24.5,3384,15312291.0,2.288142934135367e-05
2024-02-02,12:13:48,0.7862,27.06,24.5,3384,15312291.0,2.288142934135367e-05
2024-02-02,12:13:48,0.7905,27.06,24.5,3384,15312291.0,2.288142934135367e-05
2024-02-02,12:13:48,0.7947,27.06,24.5,3384,15312291.0,2.288142934135367e-05
2024-02-02,12:13:48,0.799,27.06,24.5,3384,15312291.0,2.288142934135367e-05
2024-02-02,12:13:48,0.8032,27.06,24.5,3385,15312291.0,2.284486139306312e-05
2024-02-02,12:13:48,0.8075,27.06,24.5,3385,15312291.0,2.284486139306312e-05
2024-02-02,12:13:48,0.8118,27.06,24.5,3384,15312291.0,2.288142934135367e-05
2024-02-02,12:13:48,0.8161,27.06,24.5,3384,15312291.0,2.288142934135367e-05
2024-02-02,12:13:48,0.8203,27.06,24.5,3385,15312291.0,2.284486139306312e-05
2024-02-02,12:13:48,0.8246,27.06,24.5,3385,15312291.0,2.284486139306312e-05
2024-02-02,12:13:48,0.8288,27.06,24.5,3384,15312291.0,2.288142934135367e-05
2024-02-02,12:13:48,0.8331,27.06,24.5,3384,15312291.0,2.288142934135367e-05
2024-02-02,12:13:48,0.8374,27.06,24.5,3384,15312291.0,2.288142934135367e-05
2024-02-02,12:13:48,0.8416,27.06,24.5,3384,15312291.0,2.288142934135367e-05
2024-02-02,12:13:48,0.8459,27.06,24.5,3384,15312291.0,2.288142934135367e-05
2024-02-02,12:13:48,0.8502,27.06,24.5,3384,15312291.0,2.288142934135367e-05
2024-02-02,12:13:48,0.8544,27.06,24.5,3384,15312291.0,2.288142934135367e-05
2024-02-02,12:13:48,0.8587,27.06,24.5,3384,15312291.0,2.288142934135367e-05
2024-02-02,12:13:48,0.8629,27.06,24.5,3385,15312292.0,2.284486139306312e-05
2024-02-02,12:13:48,0.8672,27.06,24.5,3385,15312292.0,2.284486139306312e-05
2024-02-02,12:13:48,0.8714,27.06,24.5,3384,15312291.0,2.288142934135367e-05
2024-02-02,12:13:48,0.8757,27.06,24.5,3384,15312291.0,2.288142934135367e-05
2024-02-02,12:13:48,0.88,27.06,24.5,3384,15312291.0,2.288142934135367e-05
2024-02-02,12:13:48,0.8842,27.06,24.5,3384,15312291.0,2.288142934135367e-05
2024-02-02,12:13:48,0.8885,27.06,24.5,3385,15312291.0,2.284486139306312e-05
2024-02-02,12:13:48,0.8928,27.06,24.5,3385,15312291.0,2.284486139306312e-05
2024-02-02,12:13:48,0.8971,27.06,24.5,3385,15312291.0,2.284486139306312e-05
2024-02-02,12:13:48,0.9013,27.06,24.5,3384,15312292.0,2.288142934135367e-05
2024-02-02,12:13:48,0.9056,27.06,24.5,3383,15312291.0,2.291805582424504e-05
2024-02-02,12:13:48,0.9098,27.06,24.5,3383,15312291.0,2.291805582424504e-05
2024-02-02,12:13:48,0.9141,27.06,24.5,3383,15312292.0,2.291805582424504e-05
2024-02-02,12:13:48,0.9184,27.06,24.5,3384,15312291.0,2.288142934135367e-05
2024-02-02,12:13:48,0.9227,27.06,24.5,3383,15312291.0,2.291805582424504e-05
2024-02-02,12:13:48,0.9269,27.06,24.5,3382,15312291.0,2.2954740935434e-05
2024-02-02,12:13:48,0.9312,27.06,24.5,3384,15312291.0,2.288142934135367e-05
2024-02-02,12:13:48,0.9355,27.06,24.5,3384,15312291.0,2.288142934135367e-05
2024-02-02,12:13:48,0.9397,27.06,24.5,3383,15312292.0,2.291805582424504e-05
2024-02-02,12:13:48,0.944,27.06,24.5,3383,15312292.0,2.291805582424504e-05
2024-02-02,12:13:48,0.9483,27.06,24.5,3384,15312292.0,2.288142934135367e-05
2024-02-02,12:13:48,0.9525,27.06,24.5,3385,15312291.0,2.284486139306312e-05
2024-02-02,12:13:48,0.9568,27.06,24.5,3385,15312291.0,2.284486139306312e-05
2024-02-02,12:13:48,0.9611,27.06,24.5,3388,15312290.0,2.273550782107305e-05
2024-02-02,12:13:48,0.9653,27.06,24.5,3387,15312290.0,2.277190072624573e-05
2024-02-02,12:13:48,0.9696,27.06,24.5,3384,15312291.0,2.288142934135367e-05
2024-02-02,12:13:48,0.9739,27.06,24.5,3384,15312291.0,2.288142934135367e-05
2024-02-02,12:13:48,0.9781,27.06,24.5,3385,15312291.0,2.284486139306312e-05
2024-02-02,12:13:48,0.9824,27.06,24.5,3386,15312291.0,2.280835188582631e-05
2024-02-02,12:13:48,0.9867,27.06,24.5,3385,15312291.0,2.284486139306312e-05
2024-02-02,12:13:48,0.9909,27.06,24.5,3385,15312291.0,2.284486139306312e-05
2024-02-02,12:13:48,0.9952,27.06,24.5,3385,15312291.0,2.284486139306312e-05
2024-02-02,12:13:48,0.9994,27.06,24.5,3385,15312291.0,2.284486139306312e-05
2024-02-02,12:13:48,1.0037,27.06,24.5,3385,15312292.0,2.284486139306312e-05
2024-02-02,12:13:48,1.008,27.06,24.5,3384,15312291.0,2.288142934135367e-05
2024-02-02,12:13:48,1.0122,27.06,24.5,3383,15312291.0,2.291805582424504e-05
2024-02-02,12:13:48,1.0165,27.06,24.5,3384,15312291.0,2.288142934135367e-05
2024-02-02,12:13:48,1.0208,27.06,24.5,3385,15312291.0,2.284486139306312e-05
2024-02-02,12:13:48,1.025,27.06,24.5,3385,15312291.0,2.284486139306312e-05
2024-02-02,12:13:48,1.0293,27.06,24.5,3385,15312291.0,2.284486139306312e-05
2024-02-02,12:13:48,1.0336,27.06,24.5,3384,15312291.0,2.288142934135367e-05
2024-02-02,12:13:48,1.0378,27.06,24.5,3384,15312291.0,2.288142934135367e-05
2024-02-02,12:13:48,1.0421,27.06,24.5,3384,15312291.0,2.288142934135367e-05
2024-02-02,12:13:48,1.0464,27.06,24.5,3384,15312291.0,2.288142934135367e-05
2024-02-02,12:13:48,1.0506,27.06,24.5,3384,15312291.0,2.288142934135367e-05
2024-02-02,12:13:48,1.0549,27.06,24.5,3384,15312291.0,2.288142934135367e-05
2024-02-02,12:13:48,1.0592,27.06,24.5,3384,15312291.0,2.288142934135367e-05
2024-02-02,12:13:48,1.0634,27.06,24.5,3385,15312291.0,2.284486139306312e-05
2024-02-02,12:13:48,1.0677,27.06,24.5,3386,15312291.0,2.280835188582631e-05
2024-02-02,12:13:48,1.072,27.06,24.5,3384,15312291.0,2.288142934135367e-05
2024-02-02,12:13:48,1.0762,27.06,24.5,3384,15312291.0,2.288142934135367e-05
2024-02-02,12:13:48,1.0805,27.06,24.5,3385,15312291.0,2.284486139306312e-05
2024-02-02,12:13:48,1.0848,27.06,24.5,3385,15312291.0,2.284486139306312e-05
2024-02-02,12:13:48,1.0891,27.06,24.5,3385,15312292.0,2.284486139306312e-05
2024-02-02,12:13:48,1.0933,27.06,24.5,3385,15312292.0,2.284486139306312e-05
2024-02-02,12:13:48,1.0975,27.06,24.5,3385,15312291.0,2.284486139306312e-05
2024-02-02,12:13:48,1.1018,27.06,24.5,3385,15312291.0,2.284486139306312e-05
2024-02-02,12:13:48,1.1061,27.06,24.5,3385,15312291.0,2.284486139306312e-05
2024-02-02,12:13:48,1.1104,27.06,24.5,3384,15312291.0,2.288142934135367e-05
2024-02-02,12:13:48,1.1146,27.06,24.5,3384,15312291.0,2.288142934135367e-05
2024-02-02,12:13:48,1.1189,27.06,24.5,3385,15312292.0,2.284486139306312e-05
2024-02-02,12:13:48,1.1231,27.06,24.5,3384,15312292.0,2.288142934135367e-05
2024-02-02,12:13:48,1.1274,27.06,24.5,3383,15312291.0,2.291805582424504e-05
2024-02-02,12:13:48,1.1316,27.06,24.5,3384,15312291.0,2.288142934135367e-05
2024-02-02,12:13:48,1.1359,27.06,24.5,3384,15312291.0,2.288142934135367e-05
2024-02-02,12:13:48,1.1402,27.06,24.5,3384,15312291.0,2.288142934135367e-05
2024-02-02,12:13:48,1.1444,27.06,24.5,3385,15312291.0,2.284486139306312e-05
2024-02-02,12:13:48,1.1487,27.06,24.5,3385,15312292.0,2.284486139306312e-05
2024-02-02,12:13:48,1.153,27.06,24.5,3384,15312292.0,2.288142934135367e-05
2024-02-02,12:13:48,1.1573,27.06,24.5,3383,15312292.0,2.291805582424504e-05
2024-02-02,12:13:48,1.1616,27.06,24.5,3384,15312293.0,2.288142934135367e-05
2024-02-02,12:13:48,1.1658,27.06,24.5,3385,15312292.0,2.284486139306312e-05
2024-02-02,12:13:48,1.1701,27.06,24.5,3384,15312291.0,2.288142934135367e-05
2024-02-02,12:13:48,1.1744,27.06,24.5,3384,15312291.0,2.288142934135367e-05
2024-02-02,12:13:48,1.1786,27.06,24.5,3384,15312291.0,2.288142934135367e-05
2024-02-02,12:13:48,1.1829,27.06,24.5,3384,15312291.0,2.288142934135367e-05
2024-02-02,12:13:48,1.1871,27.06,24.5,3384,15312291.0,2.288142934135367e-05
2024-02-02,12:13:48,1.1914,27.06,24.5,3384,15312291.0,2.288142934135367e-05
2024-02-02,12:13:48,1.1957,27.06,24.5,3385,15312291.0,2.284486139306312e-05
2024-02-02,12:13:48,1.1999,27.06,24.5,3385,15312291.0,2.284486139306312e-05
2024-02-02,12:13:48,1.2042,27.06,24.5,3385,15312292.0,2.284486139306312e-05
2024-02-02,12:13:48,1.2085,27.06,24.5,3384,15312292.0,2.288142934135367e-05
2024-02-02,12:13:48,1.2128,27.06,24.5,3383,15312292.0,2.291805582424504e-05
2024-02-02,12:13:48,1.217,27.06,24.5,3384,15312291.0,2.288142934135367e-05
2024-02-02,12:13:48,1.2212,27.06,24.5,3385,15312291.0,2.284486139306312e-05
2024-02-02,12:13:48,1.2255,27.06,24.5,3385,15312291.0,2.284486139306312e-05
2024-02-02,12:13:48,1.2298,27.06,24.5,3385,15312291.0,2.284486139306312e-05
2024-02-02,12:13:48,1.234,27.06,24.5,3385,15312291.0,2.284486139306312e-05
2024-02-02,12:13:48,1.2383,27.06,24.5,3384,15312291.0,2.288142934135367e-05
2024-02-02,12:13:48,1.2426,27.06,24.5,3384,15312291.0,2.288142934135367e-05
2024-02-02,12:13:48,1.2468,27.06,24.5,3385,15312291.0,2.284486139306312e-05
2024-02-02,12:13:48,1.2511,27.06,24.5,3386,15312291.0,2.280835188582631e-05
2024-02-02,12:13:48,1.2554,27.06,24.5,3385,15312291.0,2.284486139306312e-05
2024-02-02,12:13:48,1.2597,27.06,24.5,3384,15312291.0,2.288142934135367e-05
2024-02-02,12:13:48,1.2639,27.06,24.5,3384,15312291.0,2.288142934135367e-05
2024-02-02,12:13:48,1.2682,27.06,24.5,3384,15312291.0,2.288142934135367e-05
2024-02-02,12:13:48,1.2725,27.06,24.5,3384,15312291.0,2.288142934135367e-05
2024-02-02,12:13:48,1.2767,27.06,24.5,3384,15312291.0,2.288142934135367e-05
2024-02-02,12:13:48,1.281,27.06,24.5,3385,15312291.0,2.284486139306312e-05
2024-02-02,12:13:48,1.2852,27.06,24.5,3385,15312291.0,2.284486139306312e-05
2024-02-02,12:13:48,1.2895,27.06,24.5,3385,15312292.0,2.284486139306312e-05
2024-02-02,12:13:48,1.2937,27.06,24.5,3384,15312292.0,2.288142934135367e-05
2024-02-02,12:13:48,1.298,27.06,24.5,3383,15312291.0,2.291805582424504e-05
2024-02-02,12:13:48,1.3022,27.06,24.5,3384,15312292.0,2.288142934135367e-05
2024-02-02,12:13:48,1.3065,27.06,24.5,3384,15312292.0,2.288142934135367e-05
2024-02-02,12:13:48,1.3108,27.06,24.5,3384,15312292.0,2.288142934135367e-05
2024-02-02,12:13:48,1.3151,27.06,24.5,3384,15312291.0,2.288142934135367e-05
2024-02-02,12:13:48,1.3193,27.06,24.5,3384,15312291.0,2.288142934135367e-05
2024-02-02,12:13:48,1.3236,27.06,24.5,3384,15312291.0,2.288142934135367e-05
2024-02-02,12:13:48,1.3279,27.06,24.5,3384,15312291.0,2.288142934135367e-05
2024-02-02,12:13:48,1.3321,27.06,24.5,3385,15312291.0,2.284486139306312e-05
2024-02-02,12:13:48,1.3363,27.06,24.5,3384,15312292.0,2.288142934135367e-05
2024-02-02,12:13:48,1.3406,27.06,24.5,3384,15312292.0,2.288142934135367e-05
2024-02-02,12:13:48,1.3449,27.06,24.5,3385,15312292.0,2.284486139306312e-05
2024-02-02,12:13:48,1.3492,27.06,24.5,3385,15312292.0,2.284486139306312e-05
2024-02-02,12:13:48,1.3534,27.06,24.5,3384,15312291.0,2.288142934135367e-05
2024-02-02,12:13:48,1.3577,27.06,24.5,3384,15312291.0,2.288142934135367e-05
2024-02-02,12:13:48,1.362,27.06,24.5,3385,15312290.0,2.284486139306312e-05
2024-02-02,12:13:48,1.3662,27.06,24.5,3384,15312290.0,2.288142934135367e-05
2024-02-02,12:13:48,1.3705,27.06,24.5,3384,15312292.0,2.288142934135367e-05
2024-02-02,12:13:48,1.3748,27.06,24.5,3385,15312292.0,2.284486139306312e-05
2024-02-02,12:13:48,1.379,27.06,24.5,3384,15312291.0,2.288142934135367e-05
2024-02-02,12:13:48,1.3833,27.06,24.5,3384,15312292.0,2.288142934135367e-05
2024-02-02,12:13:48,1.3875,27.06,24.5,3385,15312292.0,2.284486139306312e-05
2024-02-02,12:13:48,1.3918,27.06,24.5,3384,15312291.0,2.288142934135367e-05
2024-02-02,12:13:48,1.3961,27.06,24.5,3383,15312291.0,2.291805582424504e-05
2024-02-02,12:13:48,1.4004,27.06,24.5,3384,15312292.0,2.288142934135367e-05
2024-02-02,12:13:48,1.4046,27.06,24.5,3384,15312292.0,2.288142934135367e-05
2024-02-02,12:13:48,1.4089,27.06,24.5,3383,15312292.0,2.291805582424504e-05
2024-02-02,12:13:48,1.4132,27.06,24.5,3384,15312292.0,2.288142934135367e-05
2024-02-02,12:13:48,1.4174,27.06,24.5,3384,15312292.0,2.288142934135367e-05
2024-02-02,12:13:48,1.4217,27.06,24.5,3384,15312292.0,2.288142934135367e-05
2024-02-02,12:13:48,1.426,27.06,24.5,3384,15312292.0,2.288142934135367e-05
2024-02-02,12:13:49,1.4302,27.06,24.5,3384,15312292.0,2.288142934135367e-05
2024-02-02,12:13:49,1.4345,27.06,24.5,3384,15312291.0,2.288142934135367e-05
2024-02-02,12:13:49,1.4387,27.06,24.5,3384,15312291.0,2.288142934135367e-05
2024-02-02,12:13:49,1.443,27.06,24.5,3384,15312291.0,2.288142934135367e-05
2024-02-02,12:13:49,1.4473,27.06,24.5,3384,15312291.0,2.288142934135367e-05
2024-02-02,12:13:49,1.4515,27.06,24.5,3385,15312291.0,2.284486139306312e-05
2024-02-02,12:13:49,1.4558,27.06,24.5,3385,15312291.0,2.284486139306312e-05
2024-02-02,12:13:49,1.4601,27.06,24.5,3385,15312291.0,2.284486139306312e-05
2024-02-02,12:13:49,1.4643,27.06,24.5,3385,15312291.0,2.284486139306312e-05
2024-02-02,12:13:49,1.4686,27.06,24.5,3385,15312291.0,2.284486139306312e-05
2024-02-02,12:13:49,1.4729,27.06,24.5,3385,15312291.0,2.284486139306312e-05
2024-02-02,12:13:49,1.4771,27.06,24.5,3385,15312292.0,2.284486139306312e-05
2024-02-02,12:13:49,1.4814,27.06,24.5,3385,15312292.0,2.284486139306312e-05
2024-02-02,12:13:49,1.4856,27.06,24.5,3384,15312291.0,2.288142934135367e-05
2024-02-02,12:13:49,1.4899,27.06,24.5,3385,15312291.0,2.284486139306312e-05
2024-02-02,12:13:49,1.4942,27.06,24.5,3385,15312291.0,2.284486139306312e-05
2024-02-02,12:13:49,1.4985,27.06,24.5,3384,15312291.0,2.288142934135367e-05
2024-02-02,12:13:49,1.5027,27.06,24.5,3385,15312292.0,2.284486139306312e-05
2024-02-02,12:13:49,1.507,27.06,24.5,3385,15312292.0,2.284486139306312e-05
2024-02-02,12:13:49,1.5113,27.06,24.5,3385,15312292.0,2.284486139306312e-05
2024-02-02,12:13:49,1.5155,27.06,24.5,3385,15312292.0,2.284486139306312e-05
2024-02-02,12:13:49,1.5198,27.06,24.5,3384,15312291.0,2.288142934135367e-05
2024-02-02,12:13:49,1.524,27.06,24.5,3384,15312291.0,2.288142934135367e-05
2024-02-02,12:13:49,1.5283,27.06,24.5,3384,15312291.0,2.288142934135367e-05
2024-02-02,12:13:49,1.5326,27.06,24.5,3383,15312292.0,2.291805582424504e-05
2024-02-02,12:13:49,1.5368,27.06,24.5,3383,15312292.0,2.291805582424504e-05
2024-02-02,12:13:49,1.5411,27.06,24.5,3383,15312292.0,2.291805582424504e-05
2024-02-02,12:13:49,1.5453,27.06,24.5,3384,15312292.0,2.288142934135367e-05
2024-02-02,12:13:49,1.5496,27.06,24.5,3385,15312292.0,2.284486139306312e-05
2024-02-02,12:13:49,1.5539,27.06,24.5,3385,15312291.0,2.284486139306312e-05
2024-02-02,12:13:49,1.5581,27.06,24.5,3385,15312291.0,2.284486139306312e-05
2024-02-02,12:13:49,1.5624,27.06,24.5,3384,15312295.0,2.288142934135367e-05
2024-02-02,12:13:49,1.5666,27.06,24.5,3383,15312296.0,2.291805582424504e-05
2024-02-02,12:13:49,1.5709,27.06,24.5,3383,15312292.0,2.291805582424504e-05
2024-02-02,12:13:49,1.5752,27.06,24.5,3384,15312291.0,2.288142934135367e-05
2024-02-02,12:13:49,1.5794,27.06,24.5,3385,15312292.0,2.284486139306312e-05
2024-02-02,12:13:49,1.5837,27.06,24.5,3385,15312291.0,2.284486139306312e-05
2024-02-02,12:13:49,1.5879,27.06,24.5,3385,15312291.0,2.284486139306312e-05
2024-02-02,12:13:49,1.5922,27.06,24.5,3385,15312292.0,2.284486139306312e-05
2024-02-02,12:13:49,1.5964,27.06,24.5,3384,15312291.0,2.288142934135367e-05
2024-02-02,12:13:49,1.6007,27.06,24.5,3384,15312291.0,2.288142934135367e-05
2024-02-02,12:13:49,1.605,27.06,24.5,3385,15312292.0,2.284486139306312e-05
2024-02-02,12:13:49,1.6093,27.06,24.5,3385,15312292.0,2.284486139306312e-05
2024-02-02,12:13:49,1.6136,27.06,24.5,3385,15312292.0,2.284486139306312e-05
2024-02-02,12:13:49,1.6178,27.06,24.5,3385,15312292.0,2.284486139306312e-05
2024-02-02,12:13:49,1.6221,27.06,24.5,3384,15312291.0,2.288142934135367e-05
2024-02-02,12:13:49,1.6263,27.06,24.5,3384,15312291.0,2.288142934135367e-05
2024-02-02,12:13:49,1.6306,27.06,24.5,3385,15312292.0,2.284486139306312e-05
2024-02-02,12:13:49,1.6348,27.06,24.5,3384,15312292.0,2.288142934135367e-05
2024-02-02,12:13:49,1.6391,27.06,24.5,3384,15312292.0,2.288142934135367e-05
2024-02-02,12:13:49,1.6434,27.06,24.5,3385,15312292.0,2.284486139306312e-05
2024-02-02,12:13:49,1.6476,27.06,24.5,3386,15312292.0,2.280835188582631e-05
2024-02-02,12:13:49,1.6519,27.06,24.5,3386,15312292.0,2.280835188582631e-05
2024-02-02,12:13:49,1.6561,27.06,24.5,3384,15312291.0,2.288142934135367e-05
2024-02-02,12:13:49,1.6604,27.06,24.5,3384,15312291.0,2.288142934135367e-05
2024-02-02,12:13:49,1.6647,27.06,24.5,3385,15312292.0,2.284486139306312e-05
2024-02-02,12:13:49,1.669,27.06,24.5,3385,15312291.0,2.284486139306312e-05
2024-02-02,12:13:49,1.6732,27.06,24.5,3384,15312291.0,2.288142934135367e-05
2024-02-02,12:13:49,1.6775,27.06,24.5,3383,15312292.0,2.291805582424504e-05
2024-02-02,12:13:49,1.6818,27.06,24.5,3383,15312292.0,2.291805582424504e-05
2024-02-02,12:13:49,1.686,27.06,24.5,3384,15312291.0,2.288142934135367e-05
2024-02-02,12:13:49,1.6903,27.06,24.5,3385,15312291.0,2.284486139306312e-05
2024-02-02,12:13:49,1.6946,27.06,24.5,3385,15312292.0,2.284486139306312e-05
2024-02-02,12:13:49,1.6989,27.06,24.5,3385,15312292.0,2.284486139306312e-05
2024-02-02,12:13:49,1.7031,27.06,24.5,3385,15312292.0,2.284486139306312e-05
2024-02-02,12:13:49,1.7074,27.06,24.5,3385,15312292.0,2.284486139306312e-05
2024-02-02,12:13:49,1.7116,27.06,24.5,3385,15312292.0,2.284486139306312e-05
2024-02-02,12:13:49,1.7159,27.06,24.5,3384,15312292.0,2.288142934135367e-05
2024-02-02,12:13:49,1.7201,27.06,24.5,3384,15312292.0,2.288142934135367e-05
2024-02-02,12:13:49,1.7244,27.06,24.5,3384,15312291.0,2.288142934135367e-05
2024-02-02,12:13:49,1.7287,27.06,24.5,3384,15312291.0,2.288142934135367e-05
2024-02-02,12:13:49,1.7329,27.06,24.5,3385,15312292.0,2.284486139306312e-05
2024-02-02,12:13:49,1.7372,27.06,24.5,3384,15312292.0,2.288142934135367e-05
2024-02-02,12:13:49,1.7414,27.06,24.5,3384,15312292.0,2.288142934135367e-05
2024-02-02,12:13:49,1.7457,27.06,24.5,3385,15312292.0,2.284486139306312e-05
2024-02-02,12:13:49,1.75,27.06,24.5,3385,15312292.0,2.284486139306312e-05
2024-02-02,12:13:49,1.7542,27.06,24.5,3385,15312292.0,2.284486139306312e-05
2024-02-02,12:13:49,1.7585,27.06,24.5,3385,15312292.0,2.284486139306312e-05
2024-02-02,12:13:49,1.7628,27.06,24.5,3385,15312292.0,2.284486139306312e-05
2024-02-02,12:13:49,1.767,27.06,24.5,3385,15312291.0,2.284486139306312e-05
2024-02-02,12:13:49,1.7713,27.06,24.5,3385,15312291.0,2.284486139306312e-05
2024-02-02,12:13:49,1.7756,27.06,24.5,3385,15312292.0,2.284486139306312e-05
2024-02-02,12:13:49,1.7798,27.06,24.5,3385,15312292.0,2.284486139306312e-05
2024-02-02,12:13:49,1.7841,27.06,24.5,3385,15312292.0,2.284486139306312e-05
2024-02-02,12:13:49,1.7884,27.06,24.5,3385,15312292.0,2.284486139306312e-05
2024-02-02,12:13:49,1.7926,27.06,24.5,3385,15312292.0,2.284486139306312e-05
2024-02-02,12:13:49,1.7969,27.06,24.5,3385,15312292.0,2.284486139306312e-05
2024-02-02,12:13:49,1.8012,27.06,24.5,3385,15312292.0,2.284486139306312e-05
2024-02-02,12:13:49,1.8054,27.06,24.5,3384,15312292.0,2.288142934135367e-05
2024-02-02,12:13:49,1.8096,27.06,24.5,3383,15312292.0,2.291805582424504e-05
2024-02-02,12:13:49,1.8139,27.06,24.5,3383,15312292.0,2.291805582424504e-05
2024-02-02,12:13:49,1.8182,27.06,24.5,3383,15312292.0,2.291805582424504e-05
2024-02-02,12:13:49,1.8225,27.06,24.5,3384,15312292.0,2.288142934135367e-05
2024-02-02,12:13:49,1.8267,27.06,24.5,3384,15312291.0,2.288142934135367e-05
2024-02-02,12:13:49,1.831,27.06,24.5,3383,15312292.0,2.291805582424504e-05
2024-02-02,12:13:49,1.8353,27.06,24.5,3383,15312292.0,2.291805582424504e-05
2024-02-02,12:13:49,1.8395,27.06,24.5,3384,15312292.0,2.288142934135367e-05
2024-02-02,12:13:49,1.8438,27.06,24.5,3385,15312292.0,2.284486139306312e-05
2024-02-02,12:13:49,1.8481,27.06,24.5,3385,15312292.0,2.284486139306312e-05
2024-02-02,12:13:49,1.8523,27.06,24.5,3385,15312292.0,2.284486139306312e-05
2024-02-02,12:13:49,1.8566,27.06,24.5,3385,15312292.0,2.284486139306312e-05
2024-02-02,12:13:49,1.8608,27.06,24.5,3385,15312292.0,2.284486139306312e-05
2024-02-02,12:13:49,1.8651,27.06,24.5,3385,15312291.0,2.284486139306312e-05
2024-02-02,12:13:49,1.8693,27.06,24.5,3385,15312292.0,2.284486139306312e-05
2024-02-02,12:13:49,1.8736,27.06,24.5,3385,15312292.0,2.284486139306312e-05
2024-02-02,12:13:49,1.8779,27.06,24.5,3385,15312292.0,2.284486139306312e-05
2024-02-02,12:13:49,1.8822,27.06,24.5,3385,15312292.0,2.284486139306312e-05
2024-02-02,12:13:49,1.8864,27.06,24.5,3385,15312292.0,2.284486139306312e-05
2024-02-02,12:13:49,1.8907,27.06,24.5,3385,15312292.0,2.284486139306312e-05
2024-02-02,12:13:49,1.8949,27.06,24.5,3385,15312292.0,2.284486139306312e-05
2024-02-02,12:13:49,1.8991,27.06,24.5,3385,15312292.0,2.284486139306312e-05
2024-02-02,12:13:49,1.9034,27.06,24.5,3384,15312291.0,2.288142934135367e-05
2024-02-02,12:13:49,1.9077,27.06,24.5,3383,15312292.0,2.291805582424504e-05
2024-02-02,12:13:49,1.912,27.06,24.5,3384,15312292.0,2.288142934135367e-05
2024-02-02,12:13:49,1.9162,27.06,24.5,3385,15312292.0,2.284486139306312e-05
2024-02-02,12:13:49,1.9205,27.06,24.5,3384,15312292.0,2.288142934135367e-05
2024-02-02,12:13:49,1.9248,27.06,24.5,3383,15312292.0,2.291805582424504e-05
2024-02-02,12:13:49,1.929,27.06,24.5,3384,15312292.0,2.288142934135367e-05
2024-02-02,12:13:49,1.9333,27.06,24.5,3385,15312291.0,2.284486139306312e-05
2024-02-02,12:13:49,1.9375,27.06,24.5,3385,15312291.0,2.284486139306312e-05
2024-02-02,12:13:49,1.9418,27.06,24.5,3385,15312292.0,2.284486139306312e-05
2024-02-02,12:13:49,1.946,27.06,24.5,3384,15312292.0,2.288142934135367e-05
2024-02-02,12:13:49,1.9503,27.06,24.5,3385,15312291.0,2.284486139306312e-05
2024-02-02,12:13:49,1.9546,27.06,24.5,3386,15312292.0,2.280835188582631e-05
2024-02-02,12:13:49,1.9588,27.12,24.5,3386,15312292.0,2.280835188582631e-05
2024-02-02,12:13:49,1.9631,27.12,24.5,3386,15312291.0,2.280835188582631e-05
2024-02-02,12:13:49,1.9674,27.12,24.5,3385,15312292.0,2.284486139306312e-05
2024-02-02,12:13:49,1.9717,27.12,24.5,3385,15312292.0,2.284486139306312e-05
2024-02-02,12:13:49,1.976,27.12,24.5,3384,15312292.0,2.288142934135367e-05
2024-02-02,12:13:49,1.9802,27.12,24.5,3384,15312292.0,2.288142934135367e-05
2024-02-02,12:13:49,1.9845,27.12,24.5,3384,15312292.0,2.288142934135367e-05
2024-02-02,12:13:49,1.9888,27.12,24.5,3384,15312292.0,2.288142934135367e-05
2024-02-02,12:13:49,1.993,27.12,24.5,3384,15312292.0,2.288142934135367e-05
2024-02-02,12:13:49,1.9973,27.12,24.5,3384,15312292.0,2.288142934135367e-05
2024-02-02,12:13:49,2.0016,27.12,24.5,3385,15312292.0,2.284486139306312e-05
2024-02-02,12:13:49,2.0058,27.12,24.5,3386,15312292.0,2.280835188582631e-05
2024-02-02,12:13:49,2.0101,27.12,24.5,3386,15312292.0,2.280835188582631e-05
2024-02-02,12:13:49,2.0143,27.12,24.5,3385,15312292.0,2.284486139306312e-05
2024-02-02,12:13:49,2.0186,27.12,24.5,3385,15312292.0,2.284486139306312e-05
2024-02-02,12:13:49,2.0228,27.12,24.5,3385,15312293.0,2.284486139306312e-05
2024-02-02,12:13:49,2.027,27.12,24.5,3384,15312292.0,2.288142934135367e-05
2024-02-02,12:13:49,2.0313,27.12,24.5,3384,15312292.0,2.288142934135367e-05
2024-02-02,12:13:49,2.0356,27.12,24.5,3384,15312292.0,2.288142934135367e-05
2024-02-02,12:13:49,2.0398,27.12,24.5,3384,15312292.0,2.288142934135367e-05
2024-02-02,12:13:49,2.044,27.12,24.5,3385,15312292.0,2.284486139306312e-05
2024-02-02,12:13:49,2.0483,27.12,24.5,3384,15312292.0,2.288142934135367e-05
2024-02-02,12:13:49,2.0526,27.12,24.5,3384,15312292.0,2.288142934135367e-05
2024-02-02,12:13:49,2.0569,27.12,24.5,3385,15312292.0,2.284486139306312e-05
2024-02-02,12:13:49,2.0611,27.12,24.5,3385,15312292.0,2.284486139306312e-05
2024-02-02,12:13:49,2.0654,27.12,24.5,3385,15312292.0,2.284486139306312e-05
2024-02-02,12:13:49,2.0696,27.12,24.5,3386,15312292.0,2.280835188582631e-05
2024-02-02,12:13:49,2.0739,27.12,24.5,3386,15312292.0,2.280835188582631e-05
2024-02-02,12:13:49,2.0781,27.12,24.5,3385,15312292.0,2.284486139306312e-05
2024-02-02,12:13:49,2.0824,27.12,24.5,3385,15312292.0,2.284486139306312e-05
2024-02-02,12:13:49,2.0867,27.12,24.5,3384,15312292.0,2.288142934135367e-05
2024-02-02,12:13:49,2.091,27.12,24.5,3384,15312292.0,2.288142934135367e-05
2024-02-02,12:13:49,2.0952,27.12,24.5,3385,15312292.0,2.284486139306312e-05
2024-02-02,12:13:49,2.0995,27.12,24.5,3385,15312292.0,2.284486139306312e-05
2024-02-02,12:13:49,2.1037,27.12,24.5,3385,15312292.0,2.284486139306312e-05
2024-02-02,12:13:49,2.108,27.12,24.5,3385,15312292.0,2.284486139306312e-05
2024-02-02,12:13:49,2.1123,27.12,24.5,3385,15312292.0,2.284486139306312e-05
2024-02-02,12:13:49,2.1165,27.12,24.5,3385,15312292.0,2.284486139306312e-05
2024-02-02,12:13:49,2.1208,27.12,24.5,3385,15312292.0,2.284486139306312e-05
2024-02-02,12:13:49,2.125,27.12,24.5,3385,15312292.0,2.284486139306312e-05
2024-02-02,12:13:49,2.1293,27.12,24.5,3385,15312292.0,2.284486139306312e-05
2024-02-02,12:13:49,2.1335,27.12,24.5,3384,15312292.0,2.288142934135367e-05
2024-02-02,12:13:49,2.1378,27.12,24.5,3384,15312292.0,2.288142934135367e-05
2024-02-02,12:13:49,2.1421,27.12,24.5,3385,15312292.0,2.284486139306312e-05
2024-02-02,12:13:49,2.1463,27.12,24.5,3386,15312292.0,2.280835188582631e-05
2024-02-02,12:13:49,2.1506,27.12,24.5,3386,15312292.0,2.280835188582631e-05
2024-02-02,12:13:49,2.1548,27.12,24.5,3385,15312292.0,2.284486139306312e-05
2024-02-02,12:13:49,2.1591,27.12,24.5,3385,15312293.0,2.284486139306312e-05
2024-02-02,12:13:49,2.1634,27.12,24.5,3385,15312292.0,2.284486139306312e-05
2024-02-02,12:13:49,2.1677,27.12,24.5,3385,15312292.0,2.284486139306312e-05
2024-02-02,12:13:49,2.1719,27.12,24.5,3384,15312293.0,2.288142934135367e-05
2024-02-02,12:13:49,2.1762,27.12,24.5,3384,15312293.0,2.288142934135367e-05
2024-02-02,12:13:49,2.1805,27.12,24.5,3384,15312293.0,2.288142934135367e-05
2024-02-02,12:13:49,2.1848,27.12,24.5,3385,15312293.0,2.284486139306312e-05
2024-02-02,12:13:49,2.1891,27.12,24.5,3386,15312293.0,2.280835188582631e-05
2024-02-02,12:13:49,2.1933,27.12,24.5,3385,15312293.0,2.284486139306312e-05
2024-02-02,12:13:49,2.1975,27.12,24.5,3385,15312293.0,2.284486139306312e-05
2024-02-02,12:13:49,2.2018,27.12,24.5,3385,15312292.0,2.284486139306312e-05
2024-02-02,12:13:49,2.206,27.12,24.5,3385,15312292.0,2.284486139306312e-05
2024-02-02,12:13:49,2.2103,27.12,24.5,3385,15312292.0,2.284486139306312e-05
2024-02-02,12:13:49,2.2145,27.12,24.5,3385,15312292.0,2.284486139306312e-05
2024-02-02,12:13:49,2.2188,27.12,24.5,3385,15312292.0,2.284486139306312e-05
2024-02-02,12:13:49,2.2231,27.12,24.5,3385,15312292.0,2.284486139306312e-05
2024-02-02,12:13:49,2.2274,27.12,24.5,3385,15312292.0,2.284486139306312e-05
2024-02-02,12:13:49,2.2316,27.12,24.5,3385,15312292.0,2.284486139306312e-05
2024-02-02,12:13:49,2.2359,27.12,24.5,3384,15312292.0,2.288142934135367e-05
2024-02-02,12:13:49,2.2402,27.12,24.5,3384,15312292.0,2.288142934135367e-05
2024-02-02,12:13:49,2.2444,27.12,24.5,3385,15312292.0,2.284486139306312e-05
2024-02-02,12:13:49,2.2487,27.12,24.5,3385,15312292.0,2.284486139306312e-05
2024-02-02,12:13:49,2.2529,27.12,24.5,3385,15312293.0,2.284486139306312e-05
2024-02-02,12:13:49,2.2572,27.12,24.5,3384,15312292.0,2.288142934135367e-05
2024-02-02,12:13:49,2.2615,27.12,24.5,3384,15312292.0,2.288142934135367e-05
2024-02-02,12:13:49,2.2657,27.12,24.5,3385,15312292.0,2.284486139306312e-05
2024-02-02,12:13:49,2.27,27.12,24.5,3385,15312292.0,2.284486139306312e-05
2024-02-02,12:13:49,2.2742,27.12,24.5,3385,15312292.0,2.284486139306312e-05
2024-02-02,12:13:49,2.2785,27.12,24.5,3385,15312292.0,2.284486139306312e-05
2024-02-02,12:13:49,2.2828,27.12,24.5,3384,15312293.0,2.288142934135367e-05
2024-02-02,12:13:49,2.2871,27.12,24.5,3384,15312293.0,2.288142934135367e-05
2024-02-02,12:13:49,2.2913,27.12,24.5,3384,15312293.0,2.288142934135367e-05
2024-02-02,12:13:49,2.2956,27.12,24.5,3384,15312293.0,2.288142934135367e-05
2024-02-02,12:13:49,2.2998,27.12,24.5,3384,15312293.0,2.288142934135367e-05
2024-02-02,12:13:49,2.3041,27.12,24.5,3385,15312293.0,2.284486139306312e-05
2024-02-02,12:13:49,2.3084,27.12,24.5,3386,15312292.0,2.280835188582631e-05
2024-02-02,12:13:49,2.3126,27.12,24.5,3384,15312292.0,2.288142934135367e-05
2024-02-02,12:13:49,2.3169,27.12,24.5,3383,15312293.0,2.291805582424504e-05
2024-02-02,12:13:49,2.3211,27.12,24.5,3383,15312293.0,2.291805582424504e-05
2024-02-02,12:13:49,2.3254,27.12,24.5,3384,15312292.0,2.288142934135367e-05
2024-02-02,12:13:49,2.3296,27.12,24.5,3385,15312293.0,2.284486139306312e-05
2024-02-02,12:13:49,2.3339,27.12,24.5,3384,15312293.0,2.288142934135367e-05
2024-02-02,12:13:49,2.3382,27.12,24.5,3384,15312293.0,2.288142934135367e-05
2024-02-02,12:13:49,2.3424,27.12,24.5,3385,15312293.0,2.284486139306312e-05
2024-02-02,12:13:49,2.3467,27.12,24.5,3385,15312292.0,2.284486139306312e-05
2024-02-02,12:13:49,2.3509,27.12,24.5,3385,15312292.0,2.284486139306312e-05
2024-02-02,12:13:49,2.3552,27.12,24.5,3385,15312292.0,2.284486139306312e-05
2024-02-02,12:13:49,2.3595,27.12,24.5,3385,15312293.0,2.284486139306312e-05
2024-02-02,12:13:49,2.3637,27.12,24.5,3385,15312293.0,2.284486139306312e-05
2024-02-02,12:13:49,2.368,27.12,24.5,3387,15312292.0,2.277190072624573e-05
2024-02-02,12:13:49,2.3723,27.12,24.5,3387,15312292.0,2.277190072624573e-05
2024-02-02,12:13:49,2.3765,27.12,24.5,3385,15312293.0,2.284486139306312e-05
2024-02-02,12:13:49,2.3808,27.12,24.5,3385,15312292.0,2.284486139306312e-05
2024-02-02,12:13:49,2.385,27.12,24.5,3386,15312292.0,2.280835188582631e-05
2024-02-02,12:13:49,2.3893,27.12,24.5,3386,15312292.0,2.280835188582631e-05
2024-02-02,12:13:49,2.3936,27.12,24.5,3385,15312293.0,2.284486139306312e-05
2024-02-02,12:13:49,2.3979,27.12,24.5,3385,15312293.0,2.284486139306312e-05
2024-02-02,12:13:49,2.4022,27.12,24.5,3384,15312293.0,2.288142934135367e-05
2024-02-02,12:13:49,2.4064,27.12,24.5,3384,15312293.0,2.288142934135367e-05
2024-02-02,12:13:49,2.4107,27.12,24.5,3385,15312292.0,2.284486139306312e-05
2024-02-02,12:13:49,2.415,27.12,24.5,3385,15312292.0,2.284486139306312e-05
2024-02-02,12:13:49,2.4192,27.12,24.5,3384,15312293.0,2.288142934135367e-05
2024-02-02,12:13:49,2.4234,27.12,24.5,3384,15312293.0,2.288142934135367e-05
2024-02-02,12:13:49,2.4277,27.12,24.5,3384,15312293.0,2.288142934135367e-05
2024-02-02,12:13:49,2.432,27.12,24.5,3384,15312293.0,2.288142934135367e-05
2024-02-02,12:13:49,2.4363,27.12,24.5,3385,15312293.0,2.284486139306312e-05
2024-02-02,12:13:50,2.4405,27.12,24.5,3385,15312292.0,2.284486139306312e-05
2024-02-02,12:13:50,2.4448,27.12,24.5,3384,15312292.0,2.288142934135367e-05
2024-02-02,12:13:50,2.4491,27.12,24.5,3384,15312293.0,2.288142934135367e-05
2024-02-02,12:13:50,2.4533,27.12,24.5,3385,15312292.0,2.284486139306312e-05
2024-02-02,12:13:50,2.4575,27.12,24.5,3385,15312292.0,2.284486139306312e-05
2024-02-02,12:13:50,2.4618,27.12,24.75,3385,15312292.0,2.284486139306312e-05
2024-02-02,12:13:50,2.4661,27.12,24.75,3386,15312293.0,2.280835188582631e-05
2024-02-02,12:13:50,2.4704,27.12,24.75,3385,15312293.0,2.284486139306312e-05
2024-02-02,12:13:50,2.4746,27.12,24.75,3384,15312293.0,2.288142934135367e-05
2024-02-02,12:13:50,2.4788,27.12,24.75,3384,15312293.0,2.288142934135367e-05
2024-02-02,12:13:50,2.4831,27.12,24.75,3384,15312293.0,2.288142934135367e-05
2024-02-02,12:13:50,2.4874,27.12,24.75,3385,15312293.0,2.284486139306312e-05
2024-02-02,12:13:50,2.4916,27.12,24.75,3385,15312293.0,2.284486139306312e-05
2024-02-02,12:13:50,2.4959,27.12,24.75,3384,15312293.0,2.288142934135367e-05
2024-02-02,12:13:50,2.5001,27.12,24.75,3384,15312293.0,2.288142934135367e-05
2024-02-02,12:13:50,2.5044,27.12,24.75,3385,15312293.0,2.284486139306312e-05
2024-02-02,12:13:50,2.5086,27.12,24.75,3385,15312293.0,2.284486139306312e-05
2024-02-02,12:13:50,2.5129,27.12,24.75,3385,15312293.0,2.284486139306312e-05
2024-02-02,12:13:50,2.5172,27.12,24.75,3385,15312293.0,2.284486139306312e-05
2024-02-02,12:13:50,2.5214,27.12,24.75,3385,15312292.0,2.284486139306312e-05
2024-02-02,12:13:50,2.5257,27.12,24.75,3385,15312292.0,2.284486139306312e-05
2024-02-02,12:13:50,2.53,27.12,24.75,3384,15312293.0,2.288142934135367e-05
2024-02-02,12:13:50,2.5342,27.12,24.75,3384,15312293.0,2.288142934135367e-05
2024-02-02,12:13:50,2.5385,27.12,24.75,3385,15312293.0,2.284486139306312e-05
2024-02-02,12:13:50,2.5427,27.12,24.75,3385,15312293.0,2.284486139306312e-05
2024-02-02,12:13:50,2.547,27.12,24.75,3384,15312293.0,2.288142934135367e-05
2024-02-02,12:13:50,2.5513,27.12,24.75,3384,15312292.0,2.288142934135367e-05
2024-02-02,12:13:50,2.5555,27.12,24.75,3384,15312293.0,2.288142934135367e-05
2024-02-02,12:13:50,2.5598,27.12,24.75,3384,15312293.0,2.288142934135367e-05
2024-02-02,12:13:50,2.564,27.12,24.75,3384,15312293.0,2.288142934135367e-05
2024-02-02,12:13:50,2.5683,27.12,24.75,3385,15312294.0,2.284486139306312e-05
2024-02-02,12:13:50,2.5726,27.12,24.75,3385,15312294.0,2.284486139306312e-05
2024-02-02,12:13:50,2.5769,27.12,24.75,3384,15312293.0,2.288142934135367e-05
2024-02-02,12:13:50,2.5811,27.12,24.75,3384,15312293.0,2.288142934135367e-05
2024-02-02,12:13:50,2.5854,27.12,24.75,3384,15312293.0,2.288142934135367e-05
2024-02-02,12:13:50,2.5897,27.12,24.75,3384,15312293.0,2.288142934135367e-05
2024-02-02,12:13:50,2.5939,27.12,24.75,3384,15312293.0,2.288142934135367e-05
2024-02-02,12:13:50,2.5982,27.12,24.75,3385,15312293.0,2.284486139306312e-05
2024-02-02,12:13:50,2.6024,27.12,24.75,3386,15312293.0,2.280835188582631e-05
2024-02-02,12:13:50,2.6067,27.12,24.75,3386,15312293.0,2.280835188582631e-05
2024-02-02,12:13:50,2.6109,27.12,24.75,3385,15312293.0,2.284486139306312e-05
2024-02-02,12:13:50,2.6152,27.12,24.75,3385,15312292.0,2.284486139306312e-05
2024-02-02,12:13:50,2.6195,27.12,24.75,3384,15312292.0,2.288142934135367e-05
2024-02-02,12:13:50,2.6237,27.12,24.75,3384,15312292.0,2.288142934135367e-05
2024-02-02,12:13:50,2.628,27.12,24.75,3385,15312293.0,2.284486139306312e-05
2024-02-02,12:13:50,2.6323,27.12,24.75,3384,15312293.0,2.288142934135367e-05
2024-02-02,12:13:50,2.6365,27.12,24.75,3384,15312293.0,2.288142934135367e-05
2024-02-02,12:13:50,2.6408,27.12,24.75,3384,15312293.0,2.288142934135367e-05
2024-02-02,12:13:50,2.6451,27.12,24.75,3384,15312293.0,2.288142934135367e-05
2024-02-02,12:13:50,2.6493,27.12,24.75,3384,15312293.0,2.288142934135367e-05
2024-02-02,12:13:50,2.6536,27.12,24.75,3384,15312293.0,2.288142934135367e-05
2024-02-02,12:13:50,2.6578,27.12,24.75,3385,15312293.0,2.284486139306312e-05
2024-02-02,12:13:50,2.6621,27.12,24.75,3385,15312293.0,2.284486139306312e-05
2024-02-02,12:13:50,2.6664,27.12,24.75,3384,15312293.0,2.288142934135367e-05
2024-02-02,12:13:50,2.6706,27.12,24.75,3384,15312293.0,2.288142934135367e-05
2024-02-02,12:13:50,2.6749,27.12,24.75,3384,15312293.0,2.288142934135367e-05
2024-02-02,12:13:50,2.6792,27.12,24.75,3384,15312293.0,2.288142934135367e-05
2024-02-02,12:13:50,2.6834,27.12,24.75,3385,15312293.0,2.284486139306312e-05
2024-02-02,12:13:50,2.6877,27.12,24.75,3385,15312293.0,2.284486139306312e-05
2024-02-02,12:13:50,2.6919,27.12,24.75,3385,15312293.0,2.284486139306312e-05
2024-02-02,12:13:50,2.6962,27.12,24.75,3385,15312292.0,2.284486139306312e-05
2024-02-02,12:13:50,2.7004,27.12,24.75,3385,15312293.0,2.284486139306312e-05
2024-02-02,12:13:50,2.7047,27.12,24.75,3385,15312293.0,2.284486139306312e-05
2024-02-02,12:13:50,2.709,27.12,24.75,3385,15312293.0,2.284486139306312e-05
2024-02-02,12:13:50,2.7132,27.12,24.75,3385,15312293.0,2.284486139306312e-05
2024-02-02,12:13:50,2.7175,27.12,24.75,3384,15312293.0,2.288142934135367e-05
2024-02-02,12:13:50,2.7217,27.12,24.75,3384,15312293.0,2.288142934135367e-05
2024-02-02,12:13:50,2.726,27.12,24.75,3385,15312292.0,2.284486139306312e-05
2024-02-02,12:13:50,2.7303,27.12,24.75,3385,15312292.0,2.284486139306312e-05
2024-02-02,12:13:50,2.7345,27.12,24.75,3384,15312293.0,2.288142934135367e-05
2024-02-02,12:13:50,2.7388,27.12,24.75,3384,15312293.0,2.288142934135367e-05
2024-02-02,12:13:50,2.7431,27.12,24.75,3384,15312293.0,2.288142934135367e-05
2024-02-02,12:13:50,2.7473,27.12,24.75,3384,15312293.0,2.288142934135367e-05
2024-02-02,12:13:50,2.7516,27.12,24.75,3384,15312293.0,2.288142934135367e-05
2024-02-02,12:13:50,2.7558,27.12,24.75,3384,15312293.0,2.288142934135367e-05
2024-02-02,12:13:50,2.7601,27.12,24.75,3384,15312293.0,2.288142934135367e-05
2024-02-02,12:13:50,2.7644,27.12,24.75,3384,15312293.0,2.288142934135367e-05
2024-02-02,12:13:50,2.7686,27.12,24.75,3385,15312290.0,2.284486139306312e-05
2024-02-02,12:13:50,2.7729,27.12,24.75,3385,15312290.0,2.284486139306312e-05
2024-02-02,12:13:50,2.7771,27.12,24.75,3385,15312293.0,2.284486139306312e-05
2024-02-02,12:13:50,2.7814,27.12,24.75,3384,15312293.0,2.288142934135367e-05
2024-02-02,12:13:50,2.7857,27.12,24.75,3383,15312293.0,2.291805582424504e-05
2024-02-02,12:13:50,2.79,27.12,24.75,3384,15312293.0,2.288142934135367e-05
2024-02-02,12:13:50,2.7942,27.12,24.75,3384,15312293.0,2.288142934135367e-05
2024-02-02,12:13:50,2.7985,27.12,24.75,3384,15312293.0,2.288142934135367e-05
2024-02-02,12:13:50,2.8028,27.12,24.75,3384,15312293.0,2.288142934135367e-05
2024-02-02,12:13:50,2.807,27.12,24.75,3384,15312293.0,2.288142934135367e-05
2024-02-02,12:13:50,2.8113,27.12,24.75,3385,15312293.0,2.284486139306312e-05
2024-02-02,12:13:50,2.8155,27.12,24.75,3385,15312293.0,2.284486139306312e-05
2024-02-02,12:13:50,2.8198,27.12,24.75,3384,15312293.0,2.288142934135367e-05
2024-02-02,12:13:50,2.824,27.12,24.75,3384,15312294.0,2.288142934135367e-05
2024-02-02,12:13:50,2.8283,27.12,24.75,3384,15312293.0,2.288142934135367e-05
2024-02-02,12:13:50,2.8326,27.12,24.75,3384,15312293.0,2.288142934135367e-05
2024-02-02,12:13:50,2.8369,27.12,24.75,3384,15312293.0,2.288142934135367e-05
2024-02-02,12:13:50,2.8411,27.12,24.75,3384,15312293.0,2.288142934135367e-05
2024-02-02,12:13:50,2.8454,27.12,24.75,3384,15312293.0,2.288142934135367e-05
2024-02-02,12:13:50,2.8496,27.12,24.75,3385,15312294.0,2.284486139306312e-05
2024-02-02,12:13:50,2.8539,27.12,24.75,3385,15312294.0,2.284486139306312e-05
2024-02-02,12:13:50,2.8582,27.12,24.75,3384,15312293.0,2.288142934135367e-05
2024-02-02,12:13:50,2.8625,27.12,24.75,3384,15312293.0,2.288142934135367e-05
2024-02-02,12:13:50,2.8667,27.12,24.75,3384,15312293.0,2.288142934135367e-05
2024-02-02,12:13:50,2.871,27.12,24.75,3384,15312293.0,2.288142934135367e-05
2024-02-02,12:13:50,2.8753,27.12,24.75,3383,15312293.0,2.291805582424504e-05
2024-02-02,12:13:50,2.8795,27.12,24.75,3383,15312293.0,2.291805582424504e-05
2024-02-02,12:13:50,2.8838,27.12,24.75,3385,15312294.0,2.284486139306312e-05
2024-02-02,12:13:50,2.888,27.12,24.75,3386,15312293.0,2.280835188582631e-05
2024-02-02,12:13:50,2.8923,27.12,24.75,3385,15312293.0,2.284486139306312e-05
2024-02-02,12:13:50,2.8966,27.12,24.75,3384,15312293.0,2.288142934135367e-05
2024-02-02,12:13:50,2.9008,27.12,24.75,3384,15312293.0,2.288142934135367e-05
2024-02-02,12:13:50,2.9051,27.12,24.75,3384,15312293.0,2.288142934135367e-05
2024-02-02,12:13:50,2.9093,27.12,24.75,3384,15312293.0,2.288142934135367e-05
2024-02-02,12:13:50,2.9136,27.12,24.75,3384,15312293.0,2.288142934135367e-05
2024-02-02,12:13:50,2.9179,27.12,24.75,3384,15312293.0,2.288142934135367e-05
2024-02-02,12:13:50,2.9221,27.12,24.75,3385,15312293.0,2.284486139306312e-05
2024-02-02,12:13:50,2.9264,27.12,24.75,3385,15312292.0,2.284486139306312e-05
2024-02-02,12:13:50,2.9306,27.12,24.75,3385,15312293.0,2.284486139306312e-05
2024-02-02,12:13:50,2.9349,27.12,24.75,3385,15312293.0,2.284486139306312e-05
2024-02-02,12:13:50,2.9392,27.12,24.75,3385,15312293.0,2.284486139306312e-05
2024-02-02,12:13:50,2.9434,27.12,24.75,3385,15312293.0,2.284486139306312e-05
2024-02-02,12:13:50,2.9477,27.12,24.75,3384,15312293.0,2.288142934135367e-05
2024-02-02,12:13:50,2.9519,27.12,24.75,3384,15312293.0,2.288142934135367e-05
2024-02-02,12:13:50,2.9562,27.12,24.75,3385,15312293.0,2.284486139306312e-05
2024-02-02,12:13:50,2.9605,27.12,24.75,3385,15312292.0,2.284486139306312e-05
2024-02-02,12:13:50,2.9647,27.12,24.75,3384,15312293.0,2.288142934135367e-05
2024-02-02,12:13:50,2.969,27.12,24.75,3384,15312298.0,2.288142934135367e-05
2024-02-02,12:13:50,2.9732,27.12,24.75,3384,15312297.0,2.288142934135367e-05
2024-02-02,12:13:50,2.9775,27.12,24.75,3385,15312293.0,2.284486139306312e-05
2024-02-02,12:13:50,2.9818,27.12,24.75,3386,15312293.0,2.280835188582631e-05
2024-02-02,12:13:50,2.986,27.12,24.75,3385,15312293.0,2.284486139306312e-05
2024-02-02,12:13:50,2.9902,27.12,24.75,3385,15312293.0,2.284486139306312e-05
2024-02-02,12:13:50,2.9945,27.12,24.75,3386,15312293.0,2.280835188582631e-05
2024-02-02,12:13:50,2.9988,27.12,24.75,3386,15312293.0,2.280835188582631e-05
2024-02-02,12:13:50,3.0031,27.12,24.75,3386,15312293.0,2.280835188582631e-05
2024-02-02,12:13:50,3.0073,27.12,24.75,3386,15312293.0,2.280835188582631e-05
2024-02-02,12:13:50,3.0116,27.12,24.75,3385,15312293.0,2.284486139306312e-05
2024-02-02,12:13:50,3.0159,27.12,24.75,3384,15312293.0,2.288142934135367e-05
2024-02-02,12:13:50,3.0201,27.12,24.75,3384,15312293.0,2.288142934135367e-05
2024-02-02,12:13:50,3.0244,27.12,24.75,3385,15312293.0,2.284486139306312e-05
2024-02-02,12:13:50,3.0287,27.12,24.75,3385,15312293.0,2.284486139306312e-05
2024-02-02,12:13:50,3.0329,27.12,24.75,3385,15312293.0,2.284486139306312e-05
2024-02-02,12:13:50,3.0372,27.12,24.75,3385,15312293.0,2.284486139306312e-05
2024-02-02,12:13:50,3.0415,27.12,24.75,3384,15312293.0,2.288142934135367e-05
2024-02-02,12:13:50,3.0457,27.12,24.75,3384,15312293.0,2.288142934135367e-05
2024-02-02,12:13:50,3.05,27.12,24.75,3384,15312293.0,2.288142934135367e-05
2024-02-02,12:13:50,3.0543,27.12,24.75,3384,15312293.0,2.288142934135367e-05
2024-02-02,12:13:50,3.0585,27.12,24.75,3384,15312293.0,2.288142934135367e-05
2024-02-02,12:13:50,3.0628,27.12,24.75,3384,15312293.0,2.288142934135367e-05
2024-02-02,12:13:50,3.0671,27.12,24.75,3384,15312293.0,2.288142934135367e-05
2024-02-02,12:13:50,3.0713,27.12,24.75,3384,15312293.0,2.288142934135367e-05
2024-02-02,12:13:50,3.0756,27.12,24.75,3384,15312293.0,2.288142934135367e-05
2024-02-02,12:13:50,3.0799,27.12,24.75,3384,15312293.0,2.288142934135367e-05
2024-02-02,12:13:50,3.0842,27.12,24.75,3385,15312293.0,2.284486139306312e-05
2024-02-02,12:13:50,3.0884,27.12,24.75,3385,15312293.0,2.284486139306312e-05
2024-02-02,12:13:50,3.0927,27.12,24.75,3384,15312293.0,2.288142934135367e-05
2024-02-02,12:13:50,3.097,27.12,24.75,3384,15312293.0,2.288142934135367e-05
2024-02-02,12:13:50,3.1012,27.12,24.75,3385,15312293.0,2.284486139306312e-05
2024-02-02,12:13:50,3.1055,27.12,24.75,3385,15312293.0,2.284486139306312e-05
2024-02-02,12:13:50,3.1097,27.12,24.75,3385,15312293.0,2.284486139306312e-05
2024-02-02,12:13:50,3.1139,27.12,24.75,3385,15312293.0,2.284486139306312e-05
2024-02-02,12:13:50,3.1183,27.12,24.75,3384,15312293.0,2.288142934135367e-05
2024-02-02,12:13:50,3.1225,27.12,24.75,3385,15312293.0,2.284486139306312e-05
2024-02-02,12:13:50,3.1267,27.12,24.75,3387,15312293.0,2.277190072624573e-05
2024-02-02,12:13:50,3.131,27.12,24.75,3386,15312293.0,2.280835188582631e-05
2024-02-02,12:13:50,3.1352,27.12,24.75,3385,15312293.0,2.284486139306312e-05
2024-02-02,12:13:50,3.1395,27.12,24.75,3385,15312293.0,2.284486139306312e-05
2024-02-02,12:13:50,3.1438,27.12,24.75,3384,15312293.0,2.288142934135367e-05
2024-02-02,12:13:50,3.148,27.12,24.75,3384,15312293.0,2.288142934135367e-05
2024-02-02,12:13:50,3.1523,27.12,24.75,3385,15312293.0,2.284486139306312e-05
2024-02-02,12:13:50,3.1566,27.12,24.75,3385,15312293.0,2.284486139306312e-05
2024-02-02,12:13:50,3.1608,27.12,24.75,3385,15312293.0,2.284486139306312e-05
2024-02-02,12:13:50,3.1651,27.12,24.75,3385,15312293.0,2.284486139306312e-05
2024-02-02,12:13:50,3.1693,27.12,24.75,3384,15312293.0,2.288142934135367e-05
2024-02-02,12:13:50,3.1736,27.12,24.75,3384,15312293.0,2.288142934135367e-05
2024-02-02,12:13:50,3.1779,27.12,24.75,3384,15312293.0,2.288142934135367e-05
2024-02-02,12:13:50,3.1822,27.12,24.75,3384,15312293.0,2.288142934135367e-05
2024-02-02,12:13:50,3.1865,27.12,24.75,3385,15312293.0,2.284486139306312e-05
2024-02-02,12:13:50,3.1907,27.12,24.75,3385,15312293.0,2.284486139306312e-05
2024-02-02,12:13:50,3.195,27.12,24.75,3384,15312293.0,2.288142934135367e-05
2024-02-02,12:13:50,3.1992,27.12,24.75,3384,15312293.0,2.288142934135367e-05
2024-02-02,12:13:50,3.2035,27.12,24.75,3384,15312293.0,2.288142934135367e-05
2024-02-02,12:13:50,3.2078,27.12,24.75,3384,15312293.0,2.288142934135367e-05
2024-02-02,12:13:50,3.212,27.12,24.75,3384,15312293.0,2.288142934135367e-05
2024-02-02,12:13:50,3.2163,27.12,24.75,3384,15312293.0,2.288142934135367e-05
2024-02-02,12:13:50,3.2206,27.12,24.75,3385,15312293.0,2.284486139306312e-05
2024-02-02,12:13:50,3.2248,27.12,24.75,3385,15312293.0,2.284486139306312e-05
2024-02-02,12:13:50,3.2291,27.12,24.75,3385,15312293.0,2.284486139306312e-05
2024-02-02,12:13:50,3.2333,27.12,24.75,3385,15312293.0,2.284486139306312e-05
2024-02-02,12:13:50,3.2376,27.12,24.75,3385,15312293.0,2.284486139306312e-05
2024-02-02,12:13:50,3.2419,27.12,24.75,3386,15312293.0,2.280835188582631e-05
2024-02-02,12:13:50,3.2461,27.12,24.75,3386,15312293.0,2.280835188582631e-05
2024-02-02,12:13:50,3.2503,27.12,24.75,3385,15312293.0,2.284486139306312e-05
2024-02-02,12:13:50,3.2546,27.12,24.75,3384,15312294.0,2.288142934135367e-05
2024-02-02,12:13:50,3.2589,27.12,24.75,3384,15312294.0,2.288142934135367e-05
2024-02-02,12:13:50,3.2632,27.12,24.75,3385,15312293.0,2.284486139306312e-05
2024-02-02,12:13:50,3.2674,27.12,24.75,3385,15312293.0,2.284486139306312e-05
2024-02-02,12:13:50,3.2717,27.12,24.75,3385,15312293.0,2.284486139306312e-05
2024-02-02,12:13:50,3.2759,27.12,24.75,3385,15312293.0,2.284486139306312e-05
2024-02-02,12:13:50,3.2802,27.12,24.75,3384,15312293.0,2.288142934135367e-05
2024-02-02,12:13:50,3.2844,27.12,24.75,3384,15312293.0,2.288142934135367e-05
2024-02-02,12:13:50,3.2887,27.12,24.75,3385,15312293.0,2.284486139306312e-05
2024-02-02,12:13:50,3.293,27.12,24.75,3385,15312293.0,2.284486139306312e-05
2024-02-02,12:13:50,3.2973,27.12,24.75,3384,15312293.0,2.288142934135367e-05
2024-02-02,12:13:50,3.3015,27.12,24.75,3384,15312293.0,2.288142934135367e-05
2024-02-02,12:13:50,3.3058,27.12,24.75,3385,15312293.0,2.284486139306312e-05
2024-02-02,12:13:50,3.3101,27.12,24.75,3385,15312293.0,2.284486139306312e-05
2024-02-02,12:13:50,3.3143,27.12,24.75,3384,15312293.0,2.288142934135367e-05
2024-02-02,12:13:50,3.3186,27.12,24.75,3384,15312293.0,2.288142934135367e-05
2024-02-02,12:13:50,3.3228,27.12,24.75,3385,15312293.0,2.284486139306312e-05
2024-02-02,12:13:50,3.3271,27.12,24.75,3385,15312294.0,2.284486139306312e-05
2024-02-02,12:13:50,3.3314,27.12,24.75,3385,15312293.0,2.284486139306312e-05
2024-02-02,12:13:50,3.3357,27.12,24.75,3385,15312293.0,2.284486139306312e-05
2024-02-02,12:13:50,3.3399,27.12,24.75,3385,15312293.0,2.284486139306312e-05
2024-02-02,12:13:50,3.3442,27.12,24.75,3386,15312293.0,2.280835188582631e-05
2024-02-02,12:13:50,3.3484,27.12,24.75,3386,15312293.0,2.280835188582631e-05
2024-02-02,12:13:50,3.3527,27.12,24.75,3385,15312293.0,2.284486139306312e-05
2024-02-02,12:13:50,3.357,27.12,24.75,3384,15312293.0,2.288142934135367e-05
2024-02-02,12:13:50,3.3612,27.12,24.75,3384,15312293.0,2.288142934135367e-05
2024-02-02,12:13:50,3.3655,27.12,24.75,3384,15312294.0,2.288142934135367e-05
2024-02-02,12:13:50,3.3697,27.12,24.75,3384,15312293.0,2.288142934135367e-05
2024-02-02,12:13:50,3.374,27.12,24.75,3386,15312293.0,2.280835188582631e-05
2024-02-02,12:13:50,3.3783,27.12,24.75,3386,15312293.0,2.280835188582631e-05
2024-02-02,12:13:50,3.3826,27.12,24.75,3385,15312294.0,2.284486139306312e-05
2024-02-02,12:13:50,3.3868,27.12,24.75,3385,15312294.0,2.284486139306312e-05
2024-02-02,12:13:50,3.3911,27.12,24.75,3385,15312293.0,2.284486139306312e-05
2024-02-02,12:13:50,3.3954,27.12,24.75,3385,15312293.0,2.284486139306312e-05
2024-02-02,12:13:50,3.3996,27.12,24.75,3385,15312293.0,2.284486139306312e-05
2024-02-02,12:13:50,3.4039,27.12,24.75,3386,15312294.0,2.280835188582631e-05
2024-02-02,12:13:50,3.4082,27.12,24.75,3386,15312293.0,2.280835188582631e-05
2024-02-02,12:13:50,3.4124,27.12,24.75,3385,15312293.0,2.284486139306312e-05
2024-02-02,12:13:50,3.4167,27.12,24.75,3384,15312294.0,2.288142934135367e-05
2024-02-02,12:13:50,3.421,27.12,24.75,3384,15312294.0,2.288142934135367e-05
2024-02-02,12:13:50,3.4253,27.12,24.75,3385,15312293.0,2.284486139306312e-05
2024-02-02,12:13:50,3.4295,27.12,24.75,3385,15312293.0,2.284486139306312e-05
2024-02-02,12:13:50,3.4338,27.12,24.75,3385,15312293.0,2.284486139306312e-05
2024-02-02,12:13:51,3.4381,27.12,24.75,3385,15312293.0,2.284486139306312e-05
2024-02-02,12:13:51,3.4423,27.12,24.75,3385,15312293.0,2.284486139306312e-05
2024-02-02,12:13:51,3.4466,27.12,24.75,3385,15312293.0,2.284486139306312e-05
2024-02-02,12:13:51,3.4508,27.12,24.75,3384,15312293.0,2.288142934135367e-05
2024-02-02,12:13:51,3.4551,27.12,24.75,3384,15312293.0,2.288142934135367e-05
2024-02-02,12:13:51,3.4594,27.12,24.75,3384,15312293.0,2.288142934135367e-05
2024-02-02,12:13:51,3.4636,27.12,24.75,3384,15312293.0,2.288142934135367e-05
2024-02-02,12:13:51,3.4679,27.06,24.75,3384,15312294.0,2.288142934135367e-05
2024-02-02,12:13:51,3.4722,27.06,24.75,3384,15312294.0,2.288142934135367e-05
2024-02-02,12:13:51,3.4765,27.06,24.75,3385,15312293.0,2.284486139306312e-05
2024-02-02,12:13:51,3.4807,27.06,24.75,3385,15312293.0,2.284486139306312e-05
2024-02-02,12:13:51,3.485,27.06,24.75,3384,15312293.0,2.288142934135367e-05
2024-02-02,12:13:51,3.4892,27.06,24.75,3384,15312293.0,2.288142934135367e-05
2024-02-02,12:13:51,3.4935,27.06,24.75,3385,15312293.0,2.284486139306312e-05
2024-02-02,12:13:51,3.4978,27.06,24.75,3385,15312293.0,2.284486139306312e-05
2024-02-02,12:13:51,3.502,27.06,24.75,3385,15312293.0,2.284486139306312e-05
2024-02-02,12:13:51,3.5063,27.06,24.75,3386,15312294.0,2.280835188582631e-05
2024-02-02,12:13:51,3.5105,27.06,24.75,3386,15312294.0,2.280835188582631e-05
2024-02-02,12:13:51,3.5148,27.06,24.75,3385,15312293.0,2.284486139306312e-05
2024-02-02,12:13:51,3.5191,27.06,24.75,3385,15312293.0,2.284486139306312e-05
2024-02-02,12:13:51,3.5233,27.06,24.75,3385,15312294.0,2.284486139306312e-05
2024-02-02,12:13:51,3.5276,27.06,24.75,3384,15312294.0,2.288142934135367e-05
2024-02-02,12:13:51,3.5319,27.06,24.75,3384,15312294.0,2.288142934135367e-05
2024-02-02,12:13:51,3.5361,27.06,24.75,3385,15312293.0,2.284486139306312e-05
2024-02-02,12:13:51,3.5404,27.06,24.75,3385,15312293.0,2.284486139306312e-05
2024-02-02,12:13:51,3.5447,27.06,24.75,3385,15312294.0,2.284486139306312e-05
2024-02-02,12:13:51,3.5489,27.06,24.75,3385,15312293.0,2.284486139306312e-05
2024-02-02,12:13:51,3.5532,27.06,24.75,3385,15312293.0,2.284486139306312e-05
2024-02-02,12:13:51,3.5575,27.06,24.75,3385,15312293.0,2.284486139306312e-05
2024-02-02,12:13:51,3.5617,27.06,24.75,3384,15312293.0,2.288142934135367e-05
2024-02-02,12:13:51,3.566,27.06,24.75,3384,15312293.0,2.288142934135367e-05
2024-02-02,12:13:51,3.5702,27.06,24.75,3385,15312294.0,2.284486139306312e-05
2024-02-02,12:13:51,3.5746,27.06,24.75,3386,15312294.0,2.280835188582631e-05
2024-02-02,12:13:51,3.5789,27.06,24.75,3384,15312294.0,2.288142934135367e-05
2024-02-02,12:13:51,3.5831,27.06,24.75,3384,15312294.0,2.288142934135367e-05
2024-02-02,12:13:51,3.5874,27.06,24.75,3385,15312294.0,2.284486139306312e-05
2024-02-02,12:13:51,3.5916,27.06,24.75,3384,15312294.0,2.288142934135367e-05
2024-02-02,12:13:51,3.5959,27.06,24.75,3385,15312294.0,2.284486139306312e-05
2024-02-02,12:13:51,3.6002,27.06,24.75,3385,15312293.0,2.284486139306312e-05
2024-02-02,12:13:51,3.6044,27.06,24.75,3384,15312294.0,2.288142934135367e-05
2024-02-02,12:13:51,3.6087,27.06,24.75,3384,15312294.0,2.288142934135367e-05
2024-02-02,12:13:51,3.6129,27.06,24.75,3384,15312293.0,2.288142934135367e-05
2024-02-02,12:13:51,3.6172,27.06,24.75,3384,15312294.0,2.288142934135367e-05
2024-02-02,12:13:51,3.6215,27.06,24.75,3385,15312294.0,2.284486139306312e-05
2024-02-02,12:13:51,3.6258,27.06,24.75,3386,15312294.0,2.280835188582631e-05
2024-02-02,12:13:51,3.63,27.06,24.75,3386,15312294.0,2.280835188582631e-05
2024-02-02,12:13:51,3.6343,27.06,24.75,3385,15312293.0,2.284486139306312e-05
2024-02-02,12:13:51,3.6386,27.06,24.75,3385,15312294.0,2.284486139306312e-05
2024-02-02,12:13:51,3.6428,27.06,24.75,3385,15312293.0,2.284486139306312e-05
2024-02-02,12:13:51,3.6471,27.06,24.75,3385,15312293.0,2.284486139306312e-05
2024-02-02,12:13:51,3.6513,27.06,24.75,3385,15312293.0,2.284486139306312e-05
2024-02-02,12:13:51,3.6556,27.06,24.75,3384,15312294.0,2.288142934135367e-05
2024-02-02,12:13:51,3.6599,27.06,24.75,3384,15312293.0,2.288142934135367e-05
2024-02-02,12:13:51,3.6641,27.06,24.75,3385,15312293.0,2.284486139306312e-05
2024-02-02,12:13:51,3.6684,27.06,24.75,3386,15312294.0,2.280835188582631e-05
2024-02-02,12:13:51,3.6727,27.06,24.75,3385,15312294.0,2.284486139306312e-05
2024-02-02,12:13:51,3.6769,27.06,24.75,3384,15312294.0,2.288142934135367e-05
2024-02-02,12:13:51,3.6812,27.06,24.75,3385,15312293.0,2.284486139306312e-05
2024-02-02,12:13:51,3.6855,27.06,24.75,3385,15312293.0,2.284486139306312e-05
2024-02-02,12:13:51,3.6898,27.06,24.75,3384,15312294.0,2.288142934135367e-05
2024-02-02,12:13:51,3.694,27.06,24.75,3384,15312294.0,2.288142934135367e-05
2024-02-02,12:13:51,3.6983,27.06,24.75,3385,15312293.0,2.284486139306312e-05
2024-02-02,12:13:51,3.7025,27.06,24.75,3385,15312293.0,2.284486139306312e-05
2024-02-02,12:13:51,3.7068,27.06,24.75,3384,15312294.0,2.288142934135367e-05
2024-02-02,12:13:51,3.7111,27.06,24.75,3384,15312294.0,2.288142934135367e-05
2024-02-02,12:13:51,3.7153,27.06,24.75,3385,15312294.0,2.284486139306312e-05
2024-02-02,12:13:51,3.7196,27.06,24.75,3385,15312294.0,2.284486139306312e-05
2024-02-02,12:13:51,3.7239,27.06,24.75,3384,15312294.0,2.288142934135367e-05
2024-02-02,12:13:51,3.7281,27.06,24.75,3384,15312294.0,2.288142934135367e-05
2024-02-02,12:13:51,3.7324,27.06,24.75,3385,15312294.0,2.284486139306312e-05
2024-02-02,12:13:51,3.7366,27.06,24.75,3385,15312293.0,2.284486139306312e-05
2024-02-02,12:13:51,3.7409,27.06,24.75,3385,15312294.0,2.284486139306312e-05
2024-02-02,12:13:51,3.7452,27.06,24.75,3386,15312294.0,2.280835188582631e-05
2024-02-02,12:13:51,3.7494,27.06,24.75,3385,15312294.0,2.284486139306312e-05
2024-02-02,12:13:51,3.7537,27.06,24.75,3384,15312294.0,2.288142934135367e-05
2024-02-02,12:13:51,3.758,27.06,24.75,3384,15312294.0,2.288142934135367e-05
2024-02-02,12:13:51,3.7622,27.06,24.75,3384,15312294.0,2.288142934135367e-05
2024-02-02,12:13:51,3.7665,27.06,24.75,3385,15312294.0,2.284486139306312e-05
2024-02-02,12:13:51,3.7708,27.06,24.75,3386,15312294.0,2.280835188582631e-05
2024-02-02,12:13:51,3.775,27.06,24.75,3388,15312293.0,2.273550782107305e-05
2024-02-02,12:13:51,3.7793,27.06,24.75,3387,15312293.0,2.277190072624573e-05
2024-02-02,12:13:51,3.7836,27.06,24.75,3384,15312294.0,2.288142934135367e-05
2024-02-02,12:13:51,3.7879,27.06,24.75,3384,15312294.0,2.288142934135367e-05
2024-02-02,12:13:51,3.7921,27.06,24.75,3385,15312294.0,2.284486139306312e-05
2024-02-02,12:13:51,3.7964,27.06,24.75,3385,15312294.0,2.284486139306312e-05
2024-02-02,12:13:51,3.8006,27.06,24.75,3385,15312293.0,2.284486139306312e-05
2024-02-02,12:13:51,3.8049,27.06,24.75,3385,15312294.0,2.284486139306312e-05
2024-02-02,12:13:51,3.8092,27.06,24.75,3385,15312294.0,2.284486139306312e-05
2024-02-02,12:13:51,3.8134,27.06,24.75,3385,15312293.0,2.284486139306312e-05
2024-02-02,12:13:51,3.8177,27.06,24.75,3384,15312294.0,2.288142934135367e-05
2024-02-02,12:13:51,3.8219,27.06,24.75,3384,15312294.0,2.288142934135367e-05
2024-02-02,12:13:51,3.8262,27.06,24.75,3384,15312294.0,2.288142934135367e-05
2024-02-02,12:13:51,3.8305,27.06,24.75,3384,15312294.0,2.288142934135367e-05
2024-02-02,12:13:51,3.8347,27.06,24.75,3384,15312294.0,2.288142934135367e-05
2024-02-02,12:13:51,3.839,27.06,24.75,3384,15312294.0,2.288142934135367e-05
2024-02-02,12:13:51,3.8433,27.06,24.75,3384,15312295.0,2.288142934135367e-05
2024-02-02,12:13:51,3.8475,27.06,24.75,3385,15312294.0,2.284486139306312e-05
2024-02-02,12:13:51,3.8518,27.06,24.75,3386,15312294.0,2.280835188582631e-05
2024-02-02,12:13:51,3.8561,27.06,24.75,3385,15312294.0,2.284486139306312e-05
2024-02-02,12:13:51,3.8603,27.06,24.75,3384,15312294.0,2.288142934135367e-05
2024-02-02,12:13:51,3.8646,27.06,24.75,3384,15312294.0,2.288142934135367e-05
2024-02-02,12:13:51,3.8689,27.06,24.75,3384,15312294.0,2.288142934135367e-05
2024-02-02,12:13:51,3.8731,27.06,24.75,3384,15312294.0,2.288142934135367e-05
2024-02-02,12:13:51,3.8774,27.06,24.75,3383,15312294.0,2.291805582424504e-05
2024-02-02,12:13:51,3.8817,27.06,24.75,3383,15312294.0,2.291805582424504e-05
2024-02-02,12:13:51,3.8859,27.06,24.75,3384,15312294.0,2.288142934135367e-05
2024-02-02,12:13:51,3.8902,27.06,24.75,3384,15312294.0,2.288142934135367e-05
2024-02-02,12:13:51,3.8945,27.06,24.75,3385,15312294.0,2.284486139306312e-05
2024-02-02,12:13:51,3.8987,27.06,24.75,3385,15312294.0,2.284486139306312e-05
2024-02-02,12:13:51,3.903,27.06,24.75,3384,15312294.0,2.288142934135367e-05
2024-02-02,12:13:51,3.9072,27.06,24.75,3384,15312294.0,2.288142934135367e-05
2024-02-02,12:13:51,3.9115,27.06,24.75,3384,15312294.0,2.288142934135367e-05
2024-02-02,12:13:51,3.9158,27.06,24.75,3384,15312294.0,2.288142934135367e-05
2024-02-02,12:13:51,3.92,27.06,24.75,3384,15312294.0,2.288142934135367e-05
2024-02-02,12:13:51,3.9243,27.06,24.75,3384,15312294.0,2.288142934135367e-05
2024-02-02,12:13:51,3.9286,27.06,24.75,3385,15312294.0,2.284486139306312e-05
2024-02-02,12:13:51,3.9328,27.06,24.75,3386,15312294.0,2.280835188582631e-05
2024-02-02,12:13:51,3.9371,27.06,24.75,3385,15312294.0,2.284486139306312e-05
2024-02-02,12:13:51,3.9413,27.06,24.75,3384,15312294.0,2.288142934135367e-05
2024-02-02,12:13:51,3.9456,27.06,24.75,3385,15312294.0,2.284486139306312e-05
2024-02-02,12:13:51,3.9499,27.06,24.75,3385,15312294.0,2.284486139306312e-05
2024-02-02,12:13:51,3.9542,27.06,24.75,3384,15312294.0,2.288142934135367e-05
2024-02-02,12:13:51,3.9584,27.06,24.75,3384,15312294.0,2.288142934135367e-05
2024-02-02,12:13:51,3.9627,27.06,24.75,3385,15312294.0,2.284486139306312e-05
2024-02-02,12:13:51,3.967,27.06,24.75,3385,15312294.0,2.284486139306312e-05
2024-02-02,12:13:51,3.9712,27.12,24.75,3385,15312294.0,2.284486139306312e-05
2024-02-02,12:13:51,3.9755,27.12,24.75,3386,15312295.0,2.280835188582631e-05
2024-02-02,12:13:51,3.9798,27.12,24.75,3385,15312295.0,2.284486139306312e-05
2024-02-02,12:13:51,3.984,27.12,24.75,3384,15312294.0,2.288142934135367e-05
2024-02-02,12:13:51,3.9883,27.12,24.75,3384,15312294.0,2.288142934135367e-05
2024-02-02,12:13:51,3.9926,27.12,24.75,3384,15312294.0,2.288142934135367e-05
2024-02-02,12:13:51,3.9969,27.12,24.75,3384,15312294.0,2.288142934135367e-05
2024-02-02,12:13:51,4.0011,27.12,24.75,3384,15312294.0,2.288142934135367e-05
2024-02-02,12:13:51,4.0053,27.12,24.75,3384,15312294.0,2.288142934135367e-05
2024-02-02,12:13:51,4.0096,27.12,24.75,3384,15312294.0,2.288142934135367e-05
2024-02-02,12:13:51,4.0139,27.12,24.75,3385,15312294.0,2.284486139306312e-05
2024-02-02,12:13:51,4.0182,27.12,24.75,3385,15312294.0,2.284486139306312e-05
2024-02-02,12:13:51,4.0224,27.12,24.75,3385,15312294.0,2.284486139306312e-05
2024-02-02,12:13:51,4.0267,27.12,24.75,3385,15312294.0,2.284486139306312e-05
2024-02-02,12:13:51,4.031,27.12,24.75,3385,15312294.0,2.284486139306312e-05
2024-02-02,12:13:51,4.0353,27.12,24.75,3385,15312294.0,2.284486139306312e-05
2024-02-02,12:13:51,4.0396,27.12,24.75,3384,15312294.0,2.288142934135367e-05
2024-02-02,12:13:51,4.0438,27.12,24.75,3384,15312294.0,2.288142934135367e-05
2024-02-02,12:13:51,4.0481,27.12,24.75,3384,15312294.0,2.288142934135367e-05
2024-02-02,12:13:51,4.0523,27.12,24.75,3384,15312294.0,2.288142934135367e-05
2024-02-02,12:13:51,4.0566,27.12,24.75,3385,15312293.0,2.284486139306312e-05
2024-02-02,12:13:51,4.0608,27.12,24.75,3385,15312294.0,2.284486139306312e-05
2024-02-02,12:13:51,4.0651,27.12,24.75,3384,15312294.0,2.288142934135367e-05
2024-02-02,12:13:51,4.0694,27.12,24.75,3384,15312294.0,2.288142934135367e-05
2024-02-02,12:13:51,4.0736,27.12,24.75,3384,15312294.0,2.288142934135367e-05
2024-02-02,12:13:51,4.0779,27.12,24.75,3384,15312294.0,2.288142934135367e-05
2024-02-02,12:13:51,4.0822,27.12,24.75,3384,15312294.0,2.288142934135367e-05
2024-02-02,12:13:51,4.0865,27.12,24.75,3385,15312294.0,2.284486139306312e-05
2024-02-02,12:13:51,4.0907,27.12,24.75,3385,15312295.0,2.284486139306312e-05
2024-02-02,12:13:51,4.095,27.12,24.75,3384,15312295.0,2.288142934135367e-05
2024-02-02,12:13:51,4.0992,27.12,24.75,3384,15312294.0,2.288142934135367e-05
2024-02-02,12:13:51,4.1035,27.12,24.75,3384,15312294.0,2.288142934135367e-05
2024-02-02,12:13:51,4.1078,27.12,24.75,3385,15312294.0,2.284486139306312e-05
2024-02-02,12:13:51,4.1121,27.12,24.75,3385,15312294.0,2.284486139306312e-05
2024-02-02,12:13:51,4.1163,27.12,24.75,3385,15312294.0,2.284486139306312e-05
2024-02-02,12:13:51,4.1206,27.12,24.75,3385,15312294.0,2.284486139306312e-05
2024-02-02,12:13:51,4.1249,27.12,24.75,3385,15312294.0,2.284486139306312e-05
2024-02-02,12:13:51,4.1291,27.12,24.75,3385,15312294.0,2.284486139306312e-05
2024-02-02,12:13:51,4.1334,27.12,24.75,3384,15312294.0,2.288142934135367e-05
2024-02-02,12:13:51,4.1376,27.12,24.75,3384,15312294.0,2.288142934135367e-05
2024-02-02,12:13:51,4.1419,27.12,24.75,3385,15312294.0,2.284486139306312e-05
2024-02-02,12:13:51,4.1462,27.12,24.75,3385,15312294.0,2.284486139306312e-05
2024-02-02,12:13:51,4.1504,27.12,24.75,3385,15312294.0,2.284486139306312e-05
2024-02-02,12:13:51,4.1547,27.12,24.75,3385,15312294.0,2.284486139306312e-05
2024-02-02,12:13:51,4.159,27.12,24.75,3385,15312294.0,2.284486139306312e-05
2024-02-02,12:13:51,4.1633,27.12,24.75,3385,15312294.0,2.284486139306312e-05
2024-02-02,12:13:51,4.1675,27.12,24.75,3384,15312294.0,2.288142934135367e-05
2024-02-02,12:13:51,4.1718,27.12,24.75,3384,15312294.0,2.288142934135367e-05
2024-02-02,12:13:51,4.176,27.12,24.75,3385,15312293.0,2.284486139306312e-05
2024-02-02,12:13:51,4.1803,27.12,24.75,3385,15312293.0,2.284486139306312e-05
2024-02-02,12:13:51,4.1846,27.12,24.75,3385,15312294.0,2.284486139306312e-05
2024-02-02,12:13:51,4.1889,27.12,24.75,3385,15312294.0,2.284486139306312e-05
2024-02-02,12:13:51,4.1931,27.12,24.75,3384,15312295.0,2.288142934135367e-05
2024-02-02,12:13:51,4.1974,27.12,24.75,3383,15312294.0,2.291805582424504e-05
2024-02-02,12:13:51,4.2016,27.12,24.75,3384,15312294.0,2.288142934135367e-05
2024-02-02,12:13:51,4.2059,27.12,24.75,3385,15312294.0,2.284486139306312e-05
2024-02-02,12:13:51,4.2102,27.12,24.75,3384,15312294.0,2.288142934135367e-05
2024-02-02,12:13:51,4.2144,27.12,24.75,3384,15312295.0,2.288142934135367e-05
2024-02-02,12:13:51,4.2187,27.12,24.75,3384,15312294.0,2.288142934135367e-05
2024-02-02,12:13:51,4.223,27.12,24.75,3385,15312294.0,2.284486139306312e-05
2024-02-02,12:13:51,4.2272,27.12,24.75,3386,15312294.0,2.280835188582631e-05
2024-02-02,12:13:51,4.2315,27.12,24.75,3385,15312294.0,2.284486139306312e-05
2024-02-02,12:13:51,4.2358,27.12,24.75,3384,15312295.0,2.288142934135367e-05
2024-02-02,12:13:51,4.24,27.12,24.75,3384,15312295.0,2.288142934135367e-05
2024-02-02,12:13:51,4.2443,27.12,24.75,3384,15312295.0,2.288142934135367e-05
2024-02-02,12:13:51,4.2486,27.12,24.75,3384,15312294.0,2.288142934135367e-05
2024-02-02,12:13:51,4.2528,27.12,24.75,3385,15312294.0,2.284486139306312e-05
2024-02-02,12:13:51,4.2571,27.12,24.75,3386,15312294.0,2.280835188582631e-05
2024-02-02,12:13:51,4.2613,27.12,24.75,3386,15312294.0,2.280835188582631e-05
2024-02-02,12:13:51,4.2656,27.12,24.75,3385,15312294.0,2.284486139306312e-05
2024-02-02,12:13:51,4.2699,27.12,24.75,3384,15312294.0,2.288142934135367e-05
2024-02-02,12:13:51,4.2741,27.12,24.75,3384,15312294.0,2.288142934135367e-05
2024-02-02,12:13:51,4.2784,27.12,24.75,3384,15312295.0,2.288142934135367e-05
2024-02-02,12:13:51,4.2827,27.12,24.75,3385,15312295.0,2.284486139306312e-05
2024-02-02,12:13:51,4.287,27.12,24.75,3385,15312294.0,2.284486139306312e-05
2024-02-02,12:13:51,4.2913,27.12,24.75,3384,15312294.0,2.288142934135367e-05
2024-02-02,12:13:51,4.2955,27.12,24.75,3384,15312294.0,2.288142934135367e-05
2024-02-02,12:13:51,4.2998,27.12,24.75,3385,15312294.0,2.284486139306312e-05
2024-02-02,12:13:51,4.304,27.12,24.75,3386,15312294.0,2.280835188582631e-05
2024-02-02,12:13:51,4.3083,27.12,24.75,3385,15312294.0,2.284486139306312e-05
2024-02-02,12:13:51,4.3126,27.12,24.75,3385,15312294.0,2.284486139306312e-05
2024-02-02,12:13:51,4.3169,27.12,24.75,3385,15312294.0,2.284486139306312e-05
2024-02-02,12:13:51,4.3211,27.12,24.75,3385,15312294.0,2.284486139306312e-05
2024-02-02,12:13:51,4.3254,27.12,24.75,3385,15312294.0,2.284486139306312e-05
2024-02-02,12:13:51,4.3297,27.12,24.75,3385,15312294.0,2.284486139306312e-05
2024-02-02,12:13:51,4.3339,27.12,24.75,3385,15312294.0,2.284486139306312e-05
2024-02-02,12:13:51,4.3382,27.12,24.75,3385,15312295.0,2.284486139306312e-05
2024-02-02,12:13:51,4.3425,27.12,24.75,3386,15312295.0,2.280835188582631e-05
2024-02-02,12:13:51,4.3467,27.12,24.75,3385,15312295.0,2.284486139306312e-05
2024-02-02,12:13:51,4.351,27.12,24.75,3384,15312295.0,2.288142934135367e-05
2024-02-02,12:13:51,4.3553,27.12,24.75,3384,15312294.0,2.288142934135367e-05
2024-02-02,12:13:51,4.3595,27.12,24.75,3384,15312294.0,2.288142934135367e-05
2024-02-02,12:13:51,4.3638,27.12,24.75,3385,15312294.0,2.284486139306312e-05
2024-02-02,12:13:51,4.368,27.12,24.75,3386,15312295.0,2.280835188582631e-05
2024-02-02,12:13:51,4.3723,27.12,24.75,3386,15312295.0,2.280835188582631e-05
2024-02-02,12:13:51,4.3766,27.12,24.75,3385,15312297.0,2.284486139306312e-05
2024-02-02,12:13:51,4.3809,27.12,24.75,3383,15312298.0,2.291805582424504e-05
2024-02-02,12:13:51,4.3851,27.12,24.75,3383,15312295.0,2.291805582424504e-05
2024-02-02,12:13:51,4.3894,27.12,24.75,3385,15312294.0,2.284486139306312e-05
2024-02-02,12:13:51,4.3936,27.12,24.75,3385,15312294.0,2.284486139306312e-05
2024-02-02,12:13:51,4.3979,27.12,24.75,3384,15312294.0,2.288142934135367e-05
2024-02-02,12:13:51,4.4022,27.12,24.75,3384,15312295.0,2.288142934135367e-05
2024-02-02,12:13:51,4.4065,27.12,24.75,3384,15312295.0,2.288142934135367e-05
2024-02-02,12:13:51,4.4107,27.12,24.75,3384,15312295.0,2.288142934135367e-05
2024-02-02,12:13:51,4.415,27.12,24.75,3384,15312295.0,2.288142934135367e-05
2024-02-02,12:13:51,4.4193,27.12,24.75,3384,15312295.0,2.288142934135367e-05
2024-02-02,12:13:51,4.4235,27.12,24.75,3384,15312295.0,2.288142934135367e-05
2024-02-02,12:13:51,4.4278,27.12,24.75,3384,15312295.0,2.288142934135367e-05
2024-02-02,12:13:52,4.4321,27.12,24.75,3385,15312294.0,2.284486139306312e-05
2024-02-02,12:13:52,4.4363,27.12,24.75,3385,15312294.0,2.284486139306312e-05
2024-02-02,12:13:52,4.4405,27.12,24.75,3385,15312294.0,2.284486139306312e-05
2024-02-02,12:13:52,4.4448,27.12,24.75,3385,15312294.0,2.284486139306312e-05
2024-02-02,12:13:52,4.4491,27.12,24.75,3384,15312295.0,2.288142934135367e-05
2024-02-02,12:13:52,4.4534,27.12,24.75,3384,15312294.0,2.288142934135367e-05
2024-02-02,12:13:52,4.4576,27.12,24.75,3385,15312294.0,2.284486139306312e-05
2024-02-02,12:13:52,4.4619,27.12,24.75,3385,15312295.0,2.284486139306312e-05
2024-02-02,12:13:52,4.4662,27.12,24.75,3384,15312295.0,2.288142934135367e-05
2024-02-02,12:13:52,4.4705,27.12,24.75,3385,15312295.0,2.284486139306312e-05
2024-02-02,12:13:52,4.4747,27.12,24.75,3385,15312295.0,2.284486139306312e-05
2024-02-02,12:13:52,4.4789,27.12,24.75,3384,15312294.0,2.288142934135367e-05
2024-02-02,12:13:52,4.4832,27.12,24.75,3384,15312295.0,2.288142934135367e-05
2024-02-02,12:13:52,4.4875,27.12,24.75,3384,15312294.0,2.288142934135367e-05
2024-02-02,12:13:52,4.4917,27.12,24.75,3385,15312294.0,2.284486139306312e-05
2024-02-02,12:13:52,4.496,27.12,24.75,3385,15312295.0,2.284486139306312e-05
2024-02-02,12:13:52,4.5003,27.12,24.75,3384,15312295.0,2.288142934135367e-05
2024-02-02,12:13:52,4.5045,27.12,24.75,3384,15312295.0,2.288142934135367e-05
2024-02-02,12:13:52,4.5088,27.12,24.75,3384,15312295.0,2.288142934135367e-05
2024-02-02,12:13:52,4.5131,27.12,24.75,3384,15312295.0,2.288142934135367e-05
2024-02-02,12:13:52,4.5173,27.12,24.75,3385,15312294.0,2.284486139306312e-05
2024-02-02,12:13:52,4.5216,27.12,24.75,3385,15312294.0,2.284486139306312e-05
2024-02-02,12:13:52,4.5259,27.12,24.75,3384,15312295.0,2.288142934135367e-05
2024-02-02,12:13:52,4.5302,27.12,24.75,3384,15312295.0,2.288142934135367e-05
2024-02-02,12:13:52,4.5344,27.12,24.75,3383,15312295.0,2.291805582424504e-05
2024-02-02,12:13:52,4.5387,27.12,24.75,3383,15312294.0,2.291805582424504e-05
2024-02-02,12:13:52,4.543,27.12,24.75,3384,15312294.0,2.288142934135367e-05
2024-02-02,12:13:52,4.5472,27.12,24.75,3384,15312295.0,2.288142934135367e-05
2024-02-02,12:13:52,4.5515,27.12,24.75,3385,15312294.0,2.284486139306312e-05
2024-02-02,12:13:52,4.5558,27.12,24.75,3385,15312294.0,2.284486139306312e-05
2024-02-02,12:13:52,4.56,27.12,24.75,3385,15312294.0,2.284486139306312e-05
2024-02-02,12:13:52,4.5643,27.12,24.75,3386,15312294.0,2.280835188582631e-05
2024-02-02,12:13:52,4.5686,27.12,24.75,3385,15312295.0,2.284486139306312e-05
2024-02-02,12:13:52,4.5728,27.12,24.75,3384,15312294.0,2.288142934135367e-05
2024-02-02,12:13:52,4.5771,27.12,24.75,3384,15312290.0,2.288142934135367e-05
2024-02-02,12:13:52,4.5813,27.12,24.75,3384,15312290.0,2.288142934135367e-05
2024-02-02,12:13:52,4.5856,27.12,24.75,3384,15312295.0,2.288142934135367e-05
2024-02-02,12:13:52,4.5898,27.12,24.75,3384,15312295.0,2.288142934135367e-05
2024-02-02,12:13:52,4.5941,27.12,24.75,3385,15312294.0,2.284486139306312e-05
2024-02-02,12:13:52,4.5984,27.12,24.75,3386,15312294.0,2.280835188582631e-05
2024-02-02,12:13:52,4.6027,27.12,24.75,3386,15312294.0,2.280835188582631e-05
2024-02-02,12:13:52,4.6069,27.12,24.75,3385,15312295.0,2.284486139306312e-05
2024-02-02,12:13:52,4.6111,27.12,24.75,3384,15312295.0,2.288142934135367e-05
2024-02-02,12:13:52,4.6154,27.12,24.75,3384,15312295.0,2.288142934135367e-05
2024-02-02,12:13:52,4.6197,27.12,24.75,3385,15312295.0,2.284486139306312e-05
2024-02-02,12:13:52,4.6239,27.12,24.75,3386,15312295.0,2.280835188582631e-05
2024-02-02,12:13:52,4.6282,27.12,24.75,3385,15312295.0,2.284486139306312e-05
2024-02-02,12:13:52,4.6324,27.12,24.75,3384,15312295.0,2.288142934135367e-05
2024-02-02,12:13:52,4.6367,27.12,24.75,3384,15312295.0,2.288142934135367e-05
2024-02-02,12:13:52,4.641,27.12,24.75,3384,15312295.0,2.288142934135367e-05
2024-02-02,12:13:52,4.6453,27.12,24.75,3384,15312295.0,2.288142934135367e-05
2024-02-02,12:13:52,4.6495,27.12,24.75,3384,15312295.0,2.288142934135367e-05
2024-02-02,12:13:52,4.6538,27.12,24.75,3384,15312295.0,2.288142934135367e-05
2024-02-02,12:13:52,4.658,27.12,24.75,3385,15312295.0,2.284486139306312e-05
2024-02-02,12:13:52,4.6623,27.12,24.75,3385,15312295.0,2.284486139306312e-05
2024-02-02,12:13:52,4.6666,27.12,24.75,3384,15312295.0,2.288142934135367e-05
2024-02-02,12:13:52,4.6708,27.12,24.75,3384,15312295.0,2.288142934135367e-05
2024-02-02,12:13:52,4.6751,27.12,24.75,3385,15312295.0,2.284486139306312e-05
2024-02-02,12:13:52,4.6794,27.12,24.75,3384,15312295.0,2.288142934135367e-05
2024-02-02,12:13:52,4.6837,27.12,24.75,3383,15312295.0,2.291805582424504e-05
2024-02-02,12:13:52,4.6879,27.12,24.75,3384,15312295.0,2.288142934135367e-05
2024-02-02,12:13:52,4.6922,27.12,24.75,3385,15312295.0,2.284486139306312e-05
2024-02-02,12:13:52,4.6964,27.12,24.75,3386,15312295.0,2.280835188582631e-05
2024-02-02,12:13:52,4.7007,27.12,24.75,3385,15312294.0,2.284486139306312e-05
2024-02-02,12:13:52,4.7049,27.12,24.75,3384,15312294.0,2.288142934135367e-05
2024-02-02,12:13:52,4.7092,27.12,24.75,3385,15312295.0,2.284486139306312e-05
2024-02-02,12:13:52,4.7135,27.12,24.75,3385,15312295.0,2.284486139306312e-05
2024-02-02,12:13:52,4.7178,27.12,24.75,3384,15312295.0,2.288142934135367e-05
2024-02-02,12:13:52,4.722,27.12,24.75,3384,15312295.0,2.288142934135367e-05
2024-02-02,12:13:52,4.7263,27.12,24.75,3384,15312295.0,2.288142934135367e-05
2024-02-02,12:13:52,4.7306,27.12,24.75,3384,15312295.0,2.288142934135367e-05
2024-02-02,12:13:52,4.7348,27.12,24.75,3384,15312295.0,2.288142934135367e-05
2024-02-02,12:13:52,4.7391,27.12,24.75,3385,15312295.0,2.284486139306312e-05
2024-02-02,12:13:52,4.7433,27.12,24.75,3385,15312295.0,2.284486139306312e-05
2024-02-02,12:13:52,4.7476,27.12,24.75,3385,15312295.0,2.284486139306312e-05
2024-02-02,12:13:52,4.7519,27.12,24.75,3385,15312295.0,2.284486139306312e-05
2024-02-02,12:13:52,4.7562,27.12,24.75,3384,15312295.0,2.288142934135367e-05
2024-02-02,12:13:52,4.7604,27.12,24.75,3384,15312295.0,2.288142934135367e-05
2024-02-02,12:13:52,4.7647,27.12,24.75,3384,15312295.0,2.288142934135367e-05
2024-02-02,12:13:52,4.7689,27.12,24.75,3385,15312295.0,2.284486139306312e-05
2024-02-02,12:13:52,4.7731,27.12,24.75,3385,15312295.0,2.284486139306312e-05
2024-02-02,12:13:52,4.7774,27.12,24.75,3384,15312295.0,2.288142934135367e-05
2024-02-02,12:13:52,4.7817,27.12,24.75,3385,15312295.0,2.284486139306312e-05
2024-02-02,12:13:52,4.786,27.12,24.75,3385,15312295.0,2.284486139306312e-05
2024-02-02,12:13:52,4.7903,27.12,24.75,3384,15312295.0,2.288142934135367e-05
2024-02-02,12:13:52,4.7945,27.12,24.75,3385,15312295.0,2.284486139306312e-05
2024-02-02,12:13:52,4.7988,27.12,24.75,3385,15312295.0,2.284486139306312e-05
2024-02-02,12:13:52,4.803,27.12,24.75,3384,15312295.0,2.288142934135367e-05
2024-02-02,12:13:52,4.8073,27.12,24.75,3384,15312295.0,2.288142934135367e-05
2024-02-02,12:13:52,4.8115,27.12,24.75,3384,15312295.0,2.288142934135367e-05
2024-02-02,12:13:52,4.8158,27.12,24.75,3384,15312295.0,2.288142934135367e-05
2024-02-02,12:13:52,4.82,27.12,24.75,3385,15312295.0,2.284486139306312e-05
2024-02-02,12:13:52,4.8243,27.12,24.75,3385,15312295.0,2.284486139306312e-05
2024-02-02,12:13:52,4.8286,27.12,24.75,3384,15312295.0,2.288142934135367e-05
2024-02-02,12:13:52,4.8328,27.12,24.75,3384,15312295.0,2.288142934135367e-05
2024-02-02,12:13:52,4.8371,27.12,24.75,3384,15312295.0,2.288142934135367e-05
2024-02-02,12:13:52,4.8414,27.12,24.75,3385,15312294.0,2.284486139306312e-05
2024-02-02,12:13:52,4.8456,27.12,24.75,3386,15312295.0,2.280835188582631e-05
2024-02-02,12:13:52,4.8499,27.12,24.75,3385,15312295.0,2.284486139306312e-05
2024-02-02,12:13:52,4.8541,27.12,24.75,3385,15312295.0,2.284486139306312e-05
2024-02-02,12:13:52,4.8584,27.12,24.75,3386,15312295.0,2.280835188582631e-05
2024-02-02,12:13:52,4.8627,27.12,24.75,3385,15312295.0,2.284486139306312e-05
2024-02-02,12:13:52,4.8669,27.12,24.75,3384,15312295.0,2.288142934135367e-05
2024-02-02,12:13:52,4.8712,27.12,24.75,3384,15312295.0,2.288142934135367e-05
2024-02-02,12:13:52,4.8755,27.12,24.75,3384,15312295.0,2.288142934135367e-05
2024-02-02,12:13:52,4.8797,27.12,24.75,3384,15312295.0,2.288142934135367e-05
2024-02-02,12:13:52,4.884,27.12,24.75,3384,15312295.0,2.288142934135367e-05
2024-02-02,12:13:52,4.8882,27.12,24.75,3385,15312295.0,2.284486139306312e-05
2024-02-02,12:13:52,4.8925,27.12,24.75,3385,15312295.0,2.284486139306312e-05
2024-02-02,12:13:52,4.8968,27.12,24.75,3385,15312295.0,2.284486139306312e-05
2024-02-02,12:13:52,4.901,27.12,24.75,3385,15312295.0,2.284486139306312e-05
2024-02-02,12:13:52,4.9052,27.12,24.75,3384,15312295.0,2.288142934135367e-05
2024-02-02,12:13:52,4.9095,27.12,24.75,3384,15312295.0,2.288142934135367e-05
2024-02-02,12:13:52,4.9138,27.12,24.75,3385,15312295.0,2.284486139306312e-05
2024-02-02,12:13:52,4.918,27.12,24.75,3385,15312295.0,2.284486139306312e-05
2024-02-02,12:13:52,4.9223,27.12,24.75,3384,15312295.0,2.288142934135367e-05
2024-02-02,12:13:52,4.9266,27.12,24.75,3384,15312295.0,2.288142934135367e-05
2024-02-02,12:13:52,4.9308,27.12,24.75,3384,15312295.0,2.288142934135367e-05
2024-02-02,12:13:52,4.935,27.12,24.75,3384,15312295.0,2.288142934135367e-05
2024-02-02,12:13:52,4.9393,27.12,24.75,3385,15312296.0,2.284486139306312e-05
2024-02-02,12:13:52,4.9436,27.12,24.75,3385,15312295.0,2.284486139306312e-05
2024-02-02,12:13:52,4.9478,27.12,24.75,3384,15312295.0,2.288142934135367e-05
2024-02-02,12:13:52,4.9521,27.12,24.75,3385,15312295.0,2.284486139306312e-05
2024-02-02,12:13:52,4.9564,27.12,24.75,3386,15312295.0,2.280835188582631e-05
2024-02-02,12:13:52,4.9606,27.12,24.75,3385,15312295.0,2.284486139306312e-05
2024-02-02,12:13:52,4.9649,27.12,24.75,3384,15312295.0,2.288142934135367e-05
2024-02-02,12:13:52,4.9691,27.12,24.75,3383,15312295.0,2.291805582424504e-05
2024-02-02,12:13:52,4.9734,27.12,24.75,3383,15312295.0,2.291805582424504e-05
2024-02-02,12:13:52,4.9777,27.12,24.75,3384,15312295.0,2.288142934135367e-05
2024-02-02,12:13:52,4.9819,27.12,24.75,3385,15312295.0,2.284486139306312e-05
2024-02-02,12:13:52,4.9863,27.12,24.75,3385,15312295.0,2.284486139306312e-05
2024-02-02,12:13:52,4.9905,27.12,24.75,3384,15312295.0,2.288142934135367e-05
2024-02-02,12:13:52,4.9948,27.12,24.75,3384,15312295.0,2.288142934135367e-05
2024-02-02,12:13:52,4.999,27.12,24.75,3385,15312296.0,2.284486139306312e-05
2024-02-02,12:13:52,5.0033,27.12,24.75,3385,15312295.0,2.284486139306312e-05
2024-02-02,12:13:52,5.0075,27.12,24.75,3385,15312295.0,2.284486139306312e-05
2024-02-02,12:13:52,5.0118,27.12,24.75,3386,15312295.0,2.280835188582631e-05
2024-02-02,12:13:52,5.0161,27.12,24.75,3385,15312295.0,2.284486139306312e-05
2024-02-02,12:13:52,5.0203,27.12,24.75,3384,15312295.0,2.288142934135367e-05
2024-02-02,12:13:52,5.0246,27.12,24.75,3384,15312295.0,2.288142934135367e-05
2024-02-02,12:13:52,5.0288,27.12,24.75,3384,15312295.0,2.288142934135367e-05
2024-02-02,12:13:52,5.0331,27.12,24.75,3384,15312295.0,2.288142934135367e-05
2024-02-02,12:13:52,5.0374,27.12,24.75,3385,15312295.0,2.284486139306312e-05
2024-02-02,12:13:52,5.0417,27.12,24.75,3386,15312295.0,2.280835188582631e-05
2024-02-02,12:13:52,5.0459,27.12,24.75,3386,15312295.0,2.280835188582631e-05
2024-02-02,12:13:52,5.0502,27.12,24.75,3385,15312295.0,2.284486139306312e-05
2024-02-02,12:13:52,5.0545,27.12,24.75,3384,15312295.0,2.288142934135367e-05
2024-02-02,12:13:52,5.0587,27.12,24.75,3384,15312295.0,2.288142934135367e-05
2024-02-02,12:13:52,5.063,27.12,24.75,3384,15312295.0,2.288142934135367e-05
2024-02-02,12:13:52,5.0672,27.12,24.75,3385,15312295.0,2.284486139306312e-05
2024-02-02,12:13:52,5.0715,27.12,24.75,3385,15312295.0,2.284486139306312e-05
2024-02-02,12:13:52,5.0757,27.12,24.75,3384,15312295.0,2.288142934135367e-05
2024-02-02,12:13:52,5.08,27.12,24.75,3384,15312295.0,2.288142934135367e-05
2024-02-02,12:13:52,5.0842,27.12,24.75,3384,15312295.0,2.288142934135367e-05
2024-02-02,12:13:52,5.0885,27.12,24.75,3385,15312295.0,2.284486139306312e-05
2024-02-02,12:13:52,5.0928,27.12,24.75,3386,15312295.0,2.280835188582631e-05
2024-02-02,12:13:52,5.097,27.12,24.75,3386,15312295.0,2.280835188582631e-05
2024-02-02,12:13:52,5.1013,27.12,24.75,3385,15312295.0,2.284486139306312e-05
2024-02-02,12:13:52,5.1056,27.12,24.75,3385,15312295.0,2.284486139306312e-05
2024-02-02,12:13:52,5.1098,27.12,24.75,3386,15312295.0,2.280835188582631e-05
2024-02-02,12:13:52,5.1141,27.12,24.75,3385,15312295.0,2.284486139306312e-05
2024-02-02,12:13:52,5.1183,27.12,24.75,3385,15312295.0,2.284486139306312e-05
2024-02-02,12:13:52,5.1226,27.12,24.75,3386,15312295.0,2.280835188582631e-05
2024-02-02,12:13:52,5.1268,27.12,24.75,3385,15312295.0,2.284486139306312e-05
2024-02-02,12:13:52,5.1311,27.12,24.75,3384,15312295.0,2.288142934135367e-05
2024-02-02,12:13:52,5.1354,27.12,24.75,3384,15312295.0,2.288142934135367e-05
2024-02-02,12:13:52,5.1396,27.12,24.75,3383,15312296.0,2.291805582424504e-05
2024-02-02,12:13:52,5.1439,27.12,24.75,3384,15312296.0,2.288142934135367e-05
2024-02-02,12:13:52,5.1481,27.12,24.75,3384,15312296.0,2.288142934135367e-05
2024-02-02,12:13:52,5.1524,27.12,24.75,3384,15312296.0,2.288142934135367e-05
2024-02-02,12:13:52,5.1566,27.12,24.75,3385,15312296.0,2.284486139306312e-05
2024-02-02,12:13:52,5.1609,27.12,24.75,3384,15312295.0,2.288142934135367e-05
2024-02-02,12:13:52,5.1651,27.12,24.75,3384,15312295.0,2.288142934135367e-05
2024-02-02,12:13:52,5.1694,27.12,24.75,3384,15312295.0,2.288142934135367e-05
2024-02-02,12:13:52,5.1737,27.12,24.75,3384,15312295.0,2.288142934135367e-05
2024-02-02,12:13:52,5.178,27.12,24.75,3385,15312296.0,2.284486139306312e-05
2024-02-02,12:13:52,5.1822,27.12,24.75,3388,15312295.0,2.273550782107305e-05
2024-02-02,12:13:52,5.1865,27.12,24.75,3387,15312294.0,2.277190072624573e-05
2024-02-02,12:13:52,5.1907,27.12,24.75,3385,15312295.0,2.284486139306312e-05
2024-02-02,12:13:52,5.195,27.12,24.75,3385,15312295.0,2.284486139306312e-05
2024-02-02,12:13:52,5.1992,27.12,24.75,3384,15312295.0,2.288142934135367e-05
2024-02-02,12:13:52,5.2035,27.12,24.75,3384,15312295.0,2.288142934135367e-05
2024-02-02,12:13:52,5.2078,27.12,24.75,3385,15312295.0,2.284486139306312e-05
2024-02-02,12:13:52,5.2121,27.12,24.75,3385,15312295.0,2.284486139306312e-05
2024-02-02,12:13:52,5.2163,27.12,24.75,3384,15312296.0,2.288142934135367e-05
2024-02-02,12:13:52,5.2206,27.12,24.75,3384,15312295.0,2.288142934135367e-05
2024-02-02,12:13:52,5.2248,27.12,24.75,3385,15312295.0,2.284486139306312e-05
2024-02-02,12:13:52,5.2291,27.12,24.75,3385,15312295.0,2.284486139306312e-05
2024-02-02,12:13:52,5.2334,27.12,24.75,3385,15312295.0,2.284486139306312e-05
2024-02-02,12:13:52,5.2376,27.12,24.75,3385,15312295.0,2.284486139306312e-05
2024-02-02,12:13:52,5.2419,27.12,24.75,3384,15312296.0,2.288142934135367e-05
2024-02-02,12:13:52,5.2461,27.12,24.75,3385,15312296.0,2.284486139306312e-05
2024-02-02,12:13:52,5.2504,27.12,24.75,3385,15312295.0,2.284486139306312e-05
2024-02-02,12:13:52,5.2546,27.12,24.75,3384,15312295.0,2.288142934135367e-05
2024-02-02,12:13:52,5.2589,27.12,24.75,3385,15312295.0,2.284486139306312e-05
2024-02-02,12:13:52,5.2631,27.12,24.75,3385,15312295.0,2.284486139306312e-05
2024-02-02,12:13:52,5.2674,27.12,24.75,3384,15312295.0,2.288142934135367e-05
2024-02-02,12:13:52,5.2717,27.12,24.75,3384,15312295.0,2.288142934135367e-05
2024-02-02,12:13:52,5.2759,27.12,24.75,3384,15312295.0,2.288142934135367e-05
2024-02-02,12:13:52,5.2802,27.12,24.75,3384,15312295.0,2.288142934135367e-05
2024-02-02,12:13:52,5.2845,27.12,24.75,3384,15312295.0,2.288142934135367e-05
2024-02-02,12:13:52,5.2887,27.12,24.75,3384,15312295.0,2.288142934135367e-05
2024-02-02,12:13:52,5.293,27.12,24.75,3384,15312295.0,2.288142934135367e-05
2024-02-02,12:13:52,5.2972,27.12,24.75,3384,15312296.0,2.288142934135367e-05
2024-02-02,12:13:52,5.3015,27.12,24.75,3385,15312295.0,2.284486139306312e-05
2024-02-02,12:13:52,5.3058,27.12,24.75,3386,15312295.0,2.280835188582631e-05
2024-02-02,12:13:52,5.31,27.12,24.75,3386,15312295.0,2.280835188582631e-05
2024-02-02,12:13:52,5.3143,27.12,24.75,3386,15312295.0,2.280835188582631e-05
2024-02-02,12:13:52,5.3185,27.12,24.75,3385,15312296.0,2.284486139306312e-05
2024-02-02,12:13:52,5.3228,27.12,24.75,3384,15312296.0,2.288142934135367e-05
2024-02-02,12:13:52,5.327,27.12,24.75,3385,15312295.0,2.284486139306312e-05
2024-02-02,12:13:52,5.3313,27.12,24.75,3385,15312295.0,2.284486139306312e-05
2024-02-02,12:13:52,5.3355,27.12,24.75,3384,15312295.0,2.288142934135367e-05
2024-02-02,12:13:52,5.3398,27.12,24.75,3384,15312295.0,2.288142934135367e-05
2024-02-02,12:13:52,5.3441,27.12,24.75,3384,15312295.0,2.288142934135367e-05
2024-02-02,12:13:52,5.3483,27.12,24.75,3384,15312295.0,2.288142934135367e-05
2024-02-02,12:13:52,5.3526,27.12,24.75,3385,15312295.0,2.284486139306312e-05
2024-02-02,12:13:52,5.3568,27.12,24.75,3385,15312295.0,2.284486139306312e-05
2024-02-02,12:13:52,5.3611,27.12,24.75,3384,15312295.0,2.288142934135367e-05
2024-02-02,12:13:52,5.3654,27.12,24.75,3385,15312295.0,2.284486139306312e-05
2024-02-02,12:13:52,5.3696,27.12,24.75,3384,15312296.0,2.288142934135367e-05
2024-02-02,12:13:52,5.3739,27.12,24.75,3383,15312296.0,2.291805582424504e-05
2024-02-02,12:13:52,5.3782,27.12,24.75,3385,15312296.0,2.284486139306312e-05
2024-02-02,12:13:52,5.3824,27.12,24.75,3386,15312296.0,2.280835188582631e-05
2024-02-02,12:13:52,5.3867,27.12,24.75,3385,15312296.0,2.284486139306312e-05
2024-02-02,12:13:52,5.3909,27.12,24.75,3384,15312295.0,2.288142934135367e-05
2024-02-02,12:13:52,5.3952,27.12,24.75,3385,15312295.0,2.284486139306312e-05
2024-02-02,12:13:52,5.3995,27.12,24.75,3386,15312295.0,2.280835188582631e-05
2024-02-02,12:13:52,5.4037,27.12,24.75,3384,15312296.0,2.288142934135367e-05
2024-02-02,12:13:52,5.408,27.12,24.75,3383,15312296.0,2.291805582424504e-05
2024-02-02,12:13:52,5.4123,27.12,24.75,3384,15312295.0,2.288142934135367e-05
2024-02-02,12:13:52,5.4165,27.12,24.75,3385,15312295.0,2.284486139306312e-05
2024-02-02,12:13:52,5.4208,27.12,24.75,3385,15312296.0,2.284486139306312e-05
2024-02-02,12:13:52,5.425,27.12,24.75,3384,15312295.0,2.288142934135367e-05
2024-02-02,12:13:53,5.4293,27.12,24.75,3385,15312295.0,2.284486139306312e-05
2024-02-02,12:13:53,5.4335,27.12,24.75,3385,15312295.0,2.284486139306312e-05
2024-02-02,12:13:53,5.4378,27.12,24.75,3385,15312295.0,2.284486139306312e-05
2024-02-02,12:13:53,5.4421,27.12,24.75,3386,15312295.0,2.280835188582631e-05
2024-02-02,12:13:53,5.4463,27.12,24.75,3385,15312296.0,2.284486139306312e-05
2024-02-02,12:13:53,5.4506,27.12,24.75,3384,15312296.0,2.288142934135367e-05
2024-02-02,12:13:53,5.4549,27.12,24.75,3385,15312295.0,2.284486139306312e-05
2024-02-02,12:13:53,5.4591,27.12,24.75,3386,15312295.0,2.280835188582631e-05
2024-02-02,12:13:53,5.4634,27.12,24.75,3384,15312296.0,2.288142934135367e-05
2024-02-02,12:13:53,5.4676,27.12,24.75,3383,15312295.0,2.291805582424504e-05
2024-02-02,12:13:53,5.4719,27.12,24.75,3385,15312295.0,2.284486139306312e-05
2024-02-02,12:13:53,5.4762,27.12,24.75,3386,15312295.0,2.280835188582631e-05
2024-02-02,12:13:53,5.4804,27.12,24.75,3384,15312296.0,2.288142934135367e-05
2024-02-02,12:13:53,5.4847,27.12,24.75,3383,15312295.0,2.291805582424504e-05
2024-02-02,12:13:53,5.489,27.12,24.75,3384,15312295.0,2.288142934135367e-05
2024-02-02,12:13:53,5.4932,27.12,24.75,3384,15312295.0,2.288142934135367e-05
2024-02-02,12:13:53,5.4975,27.12,24.75,3385,15312295.0,2.284486139306312e-05
2024-02-02,12:13:53,5.5018,27.12,24.75,3385,15312295.0,2.284486139306312e-05
2024-02-02,12:13:53,5.506,27.12,24.75,3384,15312296.0,2.288142934135367e-05
2024-02-02,12:13:53,5.5102,27.12,24.75,3385,15312296.0,2.284486139306312e-05
2024-02-02,12:13:53,5.5145,27.12,24.75,3385,15312296.0,2.284486139306312e-05
2024-02-02,12:13:53,5.5188,27.12,24.75,3384,15312295.0,2.288142934135367e-05
2024-02-02,12:13:53,5.523,27.12,24.75,3384,15312295.0,2.288142934135367e-05
2024-02-02,12:13:53,5.5273,27.12,24.75,3384,15312296.0,2.288142934135367e-05
2024-02-02,12:13:53,5.5315,27.12,24.75,3384,15312295.0,2.288142934135367e-05
2024-02-02,12:13:53,5.5358,27.12,24.75,3384,15312295.0,2.288142934135367e-05
2024-02-02,12:13:53,5.5401,27.12,24.75,3384,15312295.0,2.288142934135367e-05
2024-02-02,12:13:53,5.5444,27.12,24.75,3384,15312295.0,2.288142934135367e-05
2024-02-02,12:13:53,5.5487,27.12,24.75,3385,15312295.0,2.284486139306312e-05
2024-02-02,12:13:53,5.5529,27.12,24.75,3385,15312295.0,2.284486139306312e-05
2024-02-02,12:13:53,5.5571,27.12,24.75,3383,15312295.0,2.291805582424504e-05
2024-02-02,12:13:53,5.5614,27.12,24.75,3384,15312295.0,2.288142934135367e-05
2024-02-02,12:13:53,5.5657,27.12,24.75,3385,15312295.0,2.284486139306312e-05
2024-02-02,12:13:53,5.5699,27.12,24.75,3384,15312295.0,2.288142934135367e-05
2024-02-02,12:13:53,5.5742,27.12,24.75,3384,15312295.0,2.288142934135367e-05
2024-02-02,12:13:53,5.5785,27.12,24.75,3384,15312295.0,2.288142934135367e-05
2024-02-02,12:13:53,5.5827,27.12,24.75,3383,15312294.0,2.291805582424504e-05
2024-02-02,12:13:53,5.587,27.12,24.75,3383,15312293.0,2.291805582424504e-05
2024-02-02,12:13:53,5.5913,27.12,24.75,3384,15312295.0,2.288142934135367e-05
2024-02-02,12:13:53,5.5955,27.12,24.75,3384,15312295.0,2.288142934135367e-05
2024-02-02,12:13:53,5.5998,27.12,24.75,3384,15312296.0,2.288142934135367e-05
2024-02-02,12:13:53,5.604,27.12,24.75,3384,15312295.0,2.288142934135367e-05
2024-02-02,12:13:53,5.6083,27.12,24.75,3384,15312295.0,2.288142934135367e-05
2024-02-02,12:13:53,5.6126,27.12,24.75,3384,15312295.0,2.288142934135367e-05
2024-02-02,12:13:53,5.6168,27.12,24.75,3385,15312295.0,2.284486139306312e-05
2024-02-02,12:13:53,5.6211,27.12,24.75,3386,15312296.0,2.280835188582631e-05
2024-02-02,12:13:53,5.6254,27.12,24.75,3385,15312296.0,2.284486139306312e-05
2024-02-02,12:13:53,5.6296,27.12,24.75,3384,15312295.0,2.288142934135367e-05
2024-02-02,12:13:53,5.6338,27.12,24.75,3384,15312295.0,2.288142934135367e-05
2024-02-02,12:13:53,5.6381,27.12,24.75,3384,15312295.0,2.288142934135367e-05
2024-02-02,12:13:53,5.6424,27.12,24.75,3384,15312295.0,2.288142934135367e-05
2024-02-02,12:13:53,5.6466,27.12,24.75,3384,15312295.0,2.288142934135367e-05
2024-02-02,12:13:53,5.6509,27.12,24.75,3385,15312295.0,2.284486139306312e-05
2024-02-02,12:13:53,5.6551,27.12,24.75,3385,15312295.0,2.284486139306312e-05
2024-02-02,12:13:53,5.6594,27.12,24.75,3384,15312295.0,2.288142934135367e-05
2024-02-02,12:13:53,5.6637,27.12,24.75,3385,15312296.0,2.284486139306312e-05
2024-02-02,12:13:53,5.668,27.12,24.75,3385,15312296.0,2.284486139306312e-05
2024-02-02,12:13:53,5.6722,27.12,24.75,3384,15312295.0,2.288142934135367e-05
2024-02-02,12:13:53,5.6765,27.12,24.75,3385,15312295.0,2.284486139306312e-05
2024-02-02,12:13:53,5.6807,27.12,24.75,3386,15312295.0,2.280835188582631e-05
2024-02-02,12:13:53,5.685,27.12,24.75,3386,15312295.0,2.280835188582631e-05
2024-02-02,12:13:53,5.6892,27.12,24.75,3386,15312295.0,2.280835188582631e-05
2024-02-02,12:13:53,5.6935,27.12,24.75,3385,15312296.0,2.284486139306312e-05
2024-02-02,12:13:53,5.6977,27.12,24.75,3385,15312296.0,2.284486139306312e-05
2024-02-02,12:13:53,5.702,27.12,24.75,3385,15312296.0,2.284486139306312e-05
2024-02-02,12:13:53,5.7063,27.12,24.75,3384,15312295.0,2.288142934135367e-05
2024-02-02,12:13:53,5.7105,27.12,24.75,3384,15312295.0,2.288142934135367e-05
2024-02-02,12:13:53,5.7148,27.12,24.75,3384,15312295.0,2.288142934135367e-05
2024-02-02,12:13:53,5.719,27.12,24.75,3383,15312295.0,2.291805582424504e-05
2024-02-02,12:13:53,5.7233,27.12,24.75,3384,15312296.0,2.288142934135367e-05
2024-02-02,12:13:53,5.7276,27.12,24.75,3385,15312295.0,2.284486139306312e-05
2024-02-02,12:13:53,5.7318,27.12,24.75,3385,15312296.0,2.284486139306312e-05
2024-02-02,12:13:53,5.736,27.12,24.75,3386,15312295.0,2.280835188582631e-05
2024-02-02,12:13:53,5.7403,27.12,24.75,3386,15312295.0,2.280835188582631e-05
2024-02-02,12:13:53,5.7445,27.12,24.75,3386,15312295.0,2.280835188582631e-05
2024-02-02,12:13:53,5.7488,27.12,24.75,3385,15312295.0,2.284486139306312e-05
2024-02-02,12:13:53,5.7531,27.12,24.75,3384,15312295.0,2.288142934135367e-05
2024-02-02,12:13:53,5.7573,27.12,24.75,3384,15312295.0,2.288142934135367e-05
2024-02-02,12:13:53,5.7616,27.12,24.75,3384,15312295.0,2.288142934135367e-05
2024-02-02,12:13:53,5.7659,27.12,24.75,3384,15312295.0,2.288142934135367e-05
2024-02-02,12:13:53,5.7701,27.12,24.75,3384,15312295.0,2.288142934135367e-05
2024-02-02,12:13:53,5.7744,27.12,24.75,3384,15312295.0,2.288142934135367e-05
2024-02-02,12:13:53,5.7787,27.12,24.75,3384,15312295.0,2.288142934135367e-05
2024-02-02,12:13:53,5.7829,27.12,24.75,3384,15312298.0,2.288142934135367e-05
2024-02-02,12:13:53,5.7872,27.12,24.75,3384,15312298.0,2.288142934135367e-05
2024-02-02,12:13:53,5.7914,27.12,24.75,3384,15312295.0,2.288142934135367e-05
2024-02-02,12:13:53,5.7957,27.12,24.75,3384,15312295.0,2.288142934135367e-05
2024-02-02,12:13:53,5.8,27.12,24.75,3385,15312296.0,2.284486139306312e-05
2024-02-02,12:13:53,5.8042,27.12,24.75,3385,15312295.0,2.284486139306312e-05
2024-02-02,12:13:53,5.8085,27.12,24.75,3384,15312295.0,2.288142934135367e-05
2024-02-02,12:13:53,5.8128,27.12,24.75,3385,15312295.0,2.284486139306312e-05
2024-02-02,12:13:53,5.817,27.12,24.75,3386,15312296.0,2.280835188582631e-05
2024-02-02,12:13:53,5.8213,27.12,24.75,3385,15312296.0,2.284486139306312e-05
2024-02-02,12:13:53,5.8255,27.12,24.75,3384,15312295.0,2.288142934135367e-05
2024-02-02,12:13:53,5.8298,27.12,24.75,3384,15312295.0,2.288142934135367e-05
2024-02-02,12:13:53,5.8341,27.12,24.75,3385,15312296.0,2.284486139306312e-05
2024-02-02,12:13:53,5.8383,27.12,24.75,3385,15312296.0,2.284486139306312e-05
2024-02-02,12:13:53,5.8426,27.12,24.75,3385,15312296.0,2.284486139306312e-05
2024-02-02,12:13:53,5.8468,27.12,24.75,3385,15312296.0,2.284486139306312e-05
2024-02-02,12:13:53,5.8511,27.12,24.75,3384,15312295.0,2.288142934135367e-05
2024-02-02,12:13:53,5.8553,27.12,24.75,3384,15312296.0,2.288142934135367e-05
2024-02-02,12:13:53,5.8596,27.12,24.75,3385,15312296.0,2.284486139306312e-05
2024-02-02,12:13:53,5.8638,27.12,24.75,3385,15312296.0,2.284486139306312e-05
2024-02-02,12:13:53,5.8681,27.12,24.75,3385,15312295.0,2.284486139306312e-05
2024-02-02,12:13:53,5.8723,27.12,24.75,3385,15312296.0,2.284486139306312e-05
2024-02-02,12:13:53,5.8766,27.12,24.75,3384,15312295.0,2.288142934135367e-05
2024-02-02,12:13:53,5.8808,27.12,24.75,3384,15312295.0,2.288142934135367e-05
2024-02-02,12:13:53,5.8851,27.12,24.75,3384,15312295.0,2.288142934135367e-05
2024-02-02,12:13:53,5.8894,27.12,24.75,3385,15312295.0,2.284486139306312e-05
2024-02-02,12:13:53,5.8937,27.12,24.75,3385,15312295.0,2.284486139306312e-05
2024-02-02,12:13:53,5.8979,27.12,24.75,3383,15312296.0,2.291805582424504e-05
2024-02-02,12:13:53,5.9022,27.12,24.75,3383,15312296.0,2.291805582424504e-05
2024-02-02,12:13:53,5.9065,27.12,24.75,3384,15312295.0,2.288142934135367e-05
2024-02-02,12:13:53,5.9107,27.12,24.75,3385,15312296.0,2.284486139306312e-05
2024-02-02,12:13:53,5.915,27.12,24.75,3386,15312295.0,2.280835188582631e-05
2024-02-02,12:13:53,5.9193,27.12,24.75,3386,15312295.0,2.280835188582631e-05
2024-02-02,12:13:53,5.9236,27.12,24.75,3384,15312296.0,2.288142934135367e-05
2024-02-02,12:13:53,5.9279,27.12,24.75,3384,15312296.0,2.288142934135367e-05
2024-02-02,12:13:53,5.9321,27.12,24.75,3385,15312296.0,2.284486139306312e-05
2024-02-02,12:13:53,5.9363,27.12,24.75,3384,15312295.0,2.288142934135367e-05
2024-02-02,12:13:53,5.9406,27.12,24.75,3385,15312295.0,2.284486139306312e-05
2024-02-02,12:13:53,5.9449,27.12,24.75,3386,15312295.0,2.280835188582631e-05
2024-02-02,12:13:53,5.9491,27.12,24.75,3386,15312295.0,2.280835188582631e-05
2024-02-02,12:13:53,5.9533,27.12,24.75,3385,15312295.0,2.284486139306312e-05
2024-02-02,12:13:53,5.9576,27.12,24.75,3385,15312295.0,2.284486139306312e-05
2024-02-02,12:13:53,5.9619,27.12,24.75,3385,15312295.0,2.284486139306312e-05
2024-02-02,12:13:53,5.9661,27.12,24.75,3384,15312296.0,2.288142934135367e-05
2024-02-02,12:13:53,5.9704,27.12,24.75,3384,15312296.0,2.288142934135367e-05
2024-02-02,12:13:53,5.9746,27.12,24.75,3384,15312296.0,2.288142934135367e-05
2024-02-02,12:13:53,5.9789,27.12,24.75,3384,15312296.0,2.288142934135367e-05
2024-02-02,12:13:53,5.9832,27.12,24.75,3384,15312296.0,2.288142934135367e-05
2024-02-02,12:13:53,5.9875,27.12,24.75,3385,15312296.0,2.284486139306312e-05
2024-02-02,12:13:53,5.9917,27.12,24.75,3385,15312296.0,2.284486139306312e-05
2024-02-02,12:13:53,5.996,27.12,24.75,3384,15312296.0,2.288142934135367e-05
2024-02-02,12:13:53,6.0002,27.12,24.75,3384,15312295.0,2.288142934135367e-05
2024-02-02,12:13:53,6.0045,27.12,24.75,3385,15312296.0,2.284486139306312e-05
2024-02-02,12:13:53,6.0087,27.12,24.75,3385,15312296.0,2.284486139306312e-05
2024-02-02,12:13:53,6.013,27.12,24.75,3385,15312295.0,2.284486139306312e-05
2024-02-02,12:13:53,6.0173,27.12,24.75,3385,15312296.0,2.284486139306312e-05
2024-02-02,12:13:53,6.0215,27.12,24.75,3384,15312295.0,2.288142934135367e-05
2024-02-02,12:13:53,6.0258,27.12,24.75,3384,15312295.0,2.288142934135367e-05
2024-02-02,12:13:53,6.03,27.12,24.75,3384,15312295.0,2.288142934135367e-05
2024-02-02,12:13:53,6.0343,27.12,24.75,3383,15312295.0,2.291805582424504e-05
2024-02-02,12:13:53,6.0385,27.12,24.75,3384,15312296.0,2.288142934135367e-05
2024-02-02,12:13:53,6.0428,27.12,24.75,3385,15312296.0,2.284486139306312e-05
2024-02-02,12:13:53,6.0471,27.12,24.75,3384,15312295.0,2.288142934135367e-05
2024-02-02,12:13:53,6.0513,27.12,24.75,3384,15312295.0,2.288142934135367e-05
2024-02-02,12:13:53,6.0556,27.12,24.75,3384,15312295.0,2.288142934135367e-05
2024-02-02,12:13:53,6.0599,27.12,24.75,3384,15312295.0,2.288142934135367e-05
2024-02-02,12:13:53,6.0641,27.12,24.75,3384,15312295.0,2.288142934135367e-05
2024-02-02,12:13:53,6.0684,27.12,24.75,3384,15312296.0,2.288142934135367e-05
2024-02-02,12:13:53,6.0727,27.12,24.75,3384,15312296.0,2.288142934135367e-05
2024-02-02,12:13:53,6.0769,27.12,24.75,3383,15312296.0,2.291805582424504e-05
2024-02-02,12:13:53,6.0812,27.12,24.75,3383,15312296.0,2.291805582424504e-05
2024-02-02,12:13:53,6.0854,27.12,24.75,3385,15312295.0,2.284486139306312e-05
2024-02-02,12:13:53,6.0897,27.12,24.75,3385,15312295.0,2.284486139306312e-05
2024-02-02,12:13:53,6.094,27.12,24.75,3385,15312295.0,2.284486139306312e-05
2024-02-02,12:13:53,6.0983,27.12,24.75,3385,15312295.0,2.284486139306312e-05
2024-02-02,12:13:53,6.1025,27.12,24.75,3383,15312296.0,2.291805582424504e-05
2024-02-02,12:13:53,6.1068,27.12,24.75,3383,15312296.0,2.291805582424504e-05
2024-02-02,12:13:53,6.111,27.12,24.75,3384,15312295.0,2.288142934135367e-05
2024-02-02,12:13:53,6.1153,27.12,24.75,3384,15312295.0,2.288142934135367e-05
2024-02-02,12:13:53,6.1195,27.12,24.75,3384,15312296.0,2.288142934135367e-05
2024-02-02,12:13:53,6.1238,27.12,24.75,3384,15312295.0,2.288142934135367e-05
2024-02-02,12:13:53,6.128,27.12,24.75,3385,15312295.0,2.284486139306312e-05
2024-02-02,12:13:53,6.1323,27.12,24.75,3385,15312295.0,2.284486139306312e-05
2024-02-02,12:13:53,6.1365,27.12,24.75,3385,15312295.0,2.284486139306312e-05
2024-02-02,12:13:53,6.1408,27.12,24.75,3386,15312295.0,2.280835188582631e-05
2024-02-02,12:13:53,6.145,27.12,24.75,3385,15312295.0,2.284486139306312e-05
2024-02-02,12:13:53,6.1493,27.12,24.75,3384,15312295.0,2.288142934135367e-05
2024-02-02,12:13:53,6.1536,27.12,24.75,3384,15312295.0,2.288142934135367e-05
2024-02-02,12:13:53,6.1579,27.12,24.75,3385,15312296.0,2.284486139306312e-05
2024-02-02,12:13:53,6.1621,27.12,24.75,3385,15312295.0,2.284486139306312e-05
2024-02-02,12:13:53,6.1664,27.12,24.75,3384,15312295.0,2.288142934135367e-05
2024-02-02,12:13:53,6.1706,27.12,24.75,3385,15312295.0,2.284486139306312e-05
2024-02-02,12:13:53,6.1749,27.12,24.75,3385,15312295.0,2.284486139306312e-05
2024-02-02,12:13:53,6.1791,27.12,24.75,3384,15312295.0,2.288142934135367e-05
2024-02-02,12:13:53,6.1834,27.12,24.75,3385,15312295.0,2.284486139306312e-05
2024-02-02,12:13:53,6.1877,27.12,24.75,3387,15312295.0,2.277190072624573e-05
2024-02-02,12:13:53,6.1919,27.12,24.75,3387,15312295.0,2.277190072624573e-05
2024-02-02,12:13:53,6.1962,27.12,24.75,3384,15312296.0,2.288142934135367e-05
2024-02-02,12:13:53,6.2004,27.12,24.75,3383,15312296.0,2.291805582424504e-05
2024-02-02,12:13:53,6.2047,27.12,24.75,3384,15312295.0,2.288142934135367e-05
2024-02-02,12:13:53,6.209,27.12,24.75,3385,15312295.0,2.284486139306312e-05
2024-02-02,12:13:53,6.2132,27.12,24.75,3386,15312295.0,2.280835188582631e-05
2024-02-02,12:13:53,6.2175,27.12,24.75,3385,15312295.0,2.284486139306312e-05
2024-02-02,12:13:53,6.2217,27.12,24.75,3385,15312295.0,2.284486139306312e-05
2024-02-02,12:13:53,6.226,27.12,24.75,3386,15312295.0,2.280835188582631e-05
2024-02-02,12:13:53,6.2303,27.12,24.75,3385,15312296.0,2.284486139306312e-05
2024-02-02,12:13:53,6.2345,27.12,24.75,3384,15312295.0,2.288142934135367e-05
2024-02-02,12:13:53,6.2387,27.12,24.75,3385,15312295.0,2.284486139306312e-05
2024-02-02,12:13:53,6.2431,27.12,24.75,3385,15312295.0,2.284486139306312e-05
2024-02-02,12:13:53,6.2473,27.12,24.75,3385,15312295.0,2.284486139306312e-05
2024-02-02,12:13:53,6.2516,27.12,24.75,3385,15312295.0,2.284486139306312e-05
2024-02-02,12:13:53,6.2558,27.12,24.75,3384,15312296.0,2.288142934135367e-05
2024-02-02,12:13:53,6.2601,27.12,24.75,3385,15312295.0,2.284486139306312e-05
2024-02-02,12:13:53,6.2643,27.12,24.75,3385,15312295.0,2.284486139306312e-05
2024-02-02,12:13:53,6.2685,27.12,24.75,3384,15312296.0,2.288142934135367e-05
2024-02-02,12:13:53,6.2728,27.12,24.75,3385,15312295.0,2.284486139306312e-05
2024-02-02,12:13:53,6.2771,27.12,24.75,3386,15312295.0,2.280835188582631e-05
2024-02-02,12:13:53,6.2813,27.12,24.75,3386,15312295.0,2.280835188582631e-05
2024-02-02,12:13:53,6.2856,27.12,24.75,3386,15312296.0,2.280835188582631e-05
2024-02-02,12:13:53,6.2898,27.12,24.75,3385,15312296.0,2.284486139306312e-05
2024-02-02,12:13:53,6.2941,27.12,24.75,3385,15312296.0,2.284486139306312e-05
2024-02-02,12:13:53,6.2983,27.12,24.75,3385,15312295.0,2.284486139306312e-05
2024-02-02,12:13:53,6.3026,27.12,24.75,3384,15312295.0,2.288142934135367e-05
2024-02-02,12:13:53,6.3069,27.12,24.75,3384,15312295.0,2.288142934135367e-05
2024-02-02,12:13:53,6.3112,27.12,24.75,3384,15312295.0,2.288142934135367e-05
2024-02-02,12:13:53,6.3154,27.12,24.75,3384,15312295.0,2.288142934135367e-05
2024-02-02,12:13:53,6.3197,27.12,24.75,3385,15312295.0,2.284486139306312e-05
2024-02-02,12:13:53,6.324,27.12,24.75,3385,15312295.0,2.284486139306312e-05
2024-02-02,12:13:53,6.3283,27.12,24.75,3384,15312295.0,2.288142934135367e-05
2024-02-02,12:13:53,6.3325,27.12,24.75,3383,15312296.0,2.291805582424504e-05
2024-02-02,12:13:53,6.3367,27.12,24.75,3384,15312296.0,2.288142934135367e-05
2024-02-02,12:13:53,6.341,27.12,24.75,3385,15312295.0,2.284486139306312e-05
2024-02-02,12:13:53,6.3453,27.12,24.75,3384,15312295.0,2.288142934135367e-05
2024-02-02,12:13:53,6.3495,27.12,24.75,3384,15312295.0,2.288142934135367e-05
2024-02-02,12:13:53,6.3538,27.12,24.75,3384,15312295.0,2.288142934135367e-05
2024-02-02,12:13:53,6.358,27.12,24.75,3384,15312295.0,2.288142934135367e-05
2024-02-02,12:13:53,6.3623,27.12,24.75,3384,15312296.0,2.288142934135367e-05
2024-02-02,12:13:53,6.3665,27.12,24.75,3384,15312295.0,2.288142934135367e-05
2024-02-02,12:13:53,6.3708,27.12,24.75,3384,15312295.0,2.288142934135367e-05
2024-02-02,12:13:53,6.3751,27.12,24.75,3384,15312295.0,2.288142934135367e-05
2024-02-02,12:13:53,6.3793,27.12,24.75,3384,15312295.0,2.288142934135367e-05
2024-02-02,12:13:53,6.3836,27.12,24.75,3385,15312295.0,2.284486139306312e-05
2024-02-02,12:13:53,6.3879,27.12,24.75,3387,15312296.0,2.277190072624573e-05
2024-02-02,12:13:53,6.3921,27.12,24.75,3386,15312296.0,2.280835188582631e-05
2024-02-02,12:13:53,6.3964,27.12,24.75,3384,15312295.0,2.288142934135367e-05
2024-02-02,12:13:53,6.4007,27.12,24.75,3383,15312296.0,2.291805582424504e-05
2024-02-02,12:13:53,6.4049,27.12,24.75,3384,15312296.0,2.288142934135367e-05
2024-02-02,12:13:53,6.4092,27.12,24.75,3384,15312296.0,2.288142934135367e-05
2024-02-02,12:13:53,6.4134,27.12,24.75,3384,15312296.0,2.288142934135367e-05
2024-02-02,12:13:53,6.4177,27.12,24.75,3384,15312296.0,2.288142934135367e-05
2024-02-02,12:13:53,6.422,27.12,24.75,3384,15312295.0,2.288142934135367e-05
2024-02-02,12:13:53,6.4262,27.12,24.75,3385,15312295.0,2.284486139306312e-05
2024-02-02,12:13:54,6.4305,27.12,24.75,3384,15312295.0,2.288142934135367e-05
2024-02-02,12:13:54,6.4348,27.12,24.75,3384,15312295.0,2.288142934135367e-05
2024-02-02,12:13:54,6.4391,27.12,24.75,3385,15312295.0,2.284486139306312e-05
2024-02-02,12:13:54,6.4433,27.12,24.75,3385,15312295.0,2.284486139306312e-05
2024-02-02,12:13:54,6.4475,27.12,24.75,3384,15312296.0,2.288142934135367e-05
2024-02-02,12:13:54,6.4518,27.12,24.75,3384,15312295.0,2.288142934135367e-05
2024-02-02,12:13:54,6.456,27.12,24.75,3384,15312295.0,2.288142934135367e-05
2024-02-02,12:13:54,6.4603,27.12,24.75,3385,15312295.0,2.284486139306312e-05
2024-02-02,12:13:54,6.4646,27.12,24.75,3385,15312295.0,2.284486139306312e-05
2024-02-02,12:13:54,6.4688,27.12,24.75,3384,15312295.0,2.288142934135367e-05
2024-02-02,12:13:54,6.4731,27.12,24.75,3384,15312296.0,2.288142934135367e-05
2024-02-02,12:13:54,6.4774,27.12,24.75,3384,15312295.0,2.288142934135367e-05
2024-02-02,12:13:54,6.4816,27.12,24.75,3384,15312295.0,2.288142934135367e-05
2024-02-02,12:13:54,6.4859,27.12,24.75,3385,15312295.0,2.284486139306312e-05
2024-02-02,12:13:54,6.4902,27.12,24.75,3385,15312295.0,2.284486139306312e-05
2024-02-02,12:13:54,6.4944,27.12,24.75,3384,15312295.0,2.288142934135367e-05
2024-02-02,12:13:54,6.4987,27.12,24.75,3384,15312296.0,2.288142934135367e-05
2024-02-02,12:13:54,6.5029,27.12,24.75,3384,15312296.0,2.288142934135367e-05
2024-02-02,12:13:54,6.5072,27.12,24.75,3384,15312295.0,2.288142934135367e-05
2024-02-02,12:13:54,6.5115,27.12,24.75,3385,15312295.0,2.284486139306312e-05
2024-02-02,12:13:54,6.5157,27.12,24.75,3385,15312295.0,2.284486139306312e-05
2024-02-02,12:13:54,6.5199,27.12,24.75,3383,15312296.0,2.291805582424504e-05
2024-02-02,12:13:54,6.5242,27.12,24.75,3384,15312296.0,2.288142934135367e-05
2024-02-02,12:13:54,6.5285,27.12,24.75,3385,15312295.0,2.284486139306312e-05
2024-02-02,12:13:54,6.5327,27.12,24.75,3384,15312295.0,2.288142934135367e-05
2024-02-02,12:13:54,6.537,27.12,24.75,3384,15312295.0,2.288142934135367e-05
2024-02-02,12:13:54,6.5413,27.12,24.75,3385,15312295.0,2.284486139306312e-05
2024-02-02,12:13:54,6.5456,27.12,24.75,3385,15312296.0,2.284486139306312e-05
2024-02-02,12:13:54,6.5498,27.12,24.75,3385,15312296.0,2.284486139306312e-05
2024-02-02,12:13:54,6.5541,27.12,24.75,3385,15312296.0,2.284486139306312e-05
2024-02-02,12:13:54,6.5583,27.12,24.75,3384,15312296.0,2.288142934135367e-05
2024-02-02,12:13:54,6.5626,27.12,24.75,3384,15312295.0,2.288142934135367e-05
2024-02-02,12:13:54,6.5669,27.12,24.75,3385,15312296.0,2.284486139306312e-05
2024-02-02,12:13:54,6.5711,27.12,24.75,3385,15312296.0,2.284486139306312e-05
2024-02-02,12:13:54,6.5754,27.12,24.75,3384,15312296.0,2.288142934135367e-05
2024-02-02,12:13:54,6.5796,27.12,24.75,3384,15312296.0,2.288142934135367e-05
2024-02-02,12:13:54,6.5839,27.12,24.75,3384,15312296.0,2.288142934135367e-05
2024-02-02,12:13:54,6.5881,27.12,24.75,3384,15312294.0,2.288142934135367e-05
2024-02-02,12:13:54,6.5924,27.12,24.75,3384,15312294.0,2.288142934135367e-05
2024-02-02,12:13:54,6.5967,27.12,24.75,3384,15312296.0,2.288142934135367e-05
2024-02-02,12:13:54,6.6009,27.12,24.75,3384,15312296.0,2.288142934135367e-05
2024-02-02,12:13:54,6.6052,27.12,24.75,3384,15312296.0,2.288142934135367e-05
2024-02-02,12:13:54,6.6095,27.12,24.75,3385,15312296.0,2.284486139306312e-05
2024-02-02,12:13:54,6.6137,27.12,24.75,3385,15312296.0,2.284486139306312e-05
2024-02-02,12:13:54,6.618,27.12,24.75,3385,15312295.0,2.284486139306312e-05
2024-02-02,12:13:54,6.6222,27.12,24.75,3384,15312296.0,2.288142934135367e-05
2024-02-02,12:13:54,6.6265,27.12,24.75,3384,15312296.0,2.288142934135367e-05
2024-02-02,12:13:54,6.6308,27.12,24.75,3384,15312296.0,2.288142934135367e-05
2024-02-02,12:13:54,6.6351,27.12,24.75,3384,15312296.0,2.288142934135367e-05
2024-02-02,12:13:54,6.6393,27.12,24.75,3385,15312296.0,2.284486139306312e-05
2024-02-02,12:13:54,6.6436,27.12,24.75,3385,15312295.0,2.284486139306312e-05
2024-02-02,12:13:54,6.6478,27.12,24.75,3385,15312296.0,2.284486139306312e-05
2024-02-02,12:13:54,6.6521,27.12,24.75,3384,15312296.0,2.288142934135367e-05
2024-02-02,12:13:54,6.6563,27.12,24.75,3384,15312295.0,2.288142934135367e-05
2024-02-02,12:13:54,6.6606,27.12,24.75,3384,15312295.0,2.288142934135367e-05
2024-02-02,12:13:54,6.6648,27.12,24.75,3384,15312296.0,2.288142934135367e-05
2024-02-02,12:13:54,6.6691,27.12,24.75,3384,15312295.0,2.288142934135367e-05
2024-02-02,12:13:54,6.6733,27.12,24.75,3384,15312295.0,2.288142934135367e-05
2024-02-02,12:13:54,6.6775,27.12,24.75,3385,15312295.0,2.284486139306312e-05
2024-02-02,12:13:54,6.6818,27.12,24.75,3385,15312296.0,2.284486139306312e-05
2024-02-02,12:13:54,6.6861,27.12,24.75,3385,15312296.0,2.284486139306312e-05
2024-02-02,12:13:54,6.6903,27.12,24.75,3385,15312296.0,2.284486139306312e-05
2024-02-02,12:13:54,6.6946,27.12,24.75,3384,15312295.0,2.288142934135367e-05
2024-02-02,12:13:54,6.6988,27.12,24.75,3384,15312295.0,2.288142934135367e-05
2024-02-02,12:13:54,6.7031,27.12,24.75,3384,15312296.0,2.288142934135367e-05
2024-02-02,12:13:54,6.7074,27.12,24.75,3384,15312296.0,2.288142934135367e-05
2024-02-02,12:13:54,6.7116,27.12,24.75,3385,15312295.0,2.284486139306312e-05
2024-02-02,12:13:54,6.7159,27.12,24.75,3386,15312295.0,2.280835188582631e-05
2024-02-02,12:13:54,6.7202,27.12,24.75,3386,15312296.0,2.280835188582631e-05
2024-02-02,12:13:54,6.7244,27.12,24.75,3385,15312296.0,2.284486139306312e-05
2024-02-02,12:13:54,6.7287,27.12,24.75,3385,15312296.0,2.284486139306312e-05
2024-02-02,12:13:54,6.7329,27.12,24.75,3384,15312296.0,2.288142934135367e-05
2024-02-02,12:13:54,6.7372,27.12,24.75,3383,15312296.0,2.291805582424504e-05
2024-02-02,12:13:54,6.7414,27.12,24.75,3384,15312296.0,2.288142934135367e-05
2024-02-02,12:13:54,6.7457,27.12,24.75,3384,15312295.0,2.288142934135367e-05
2024-02-02,12:13:54,6.75,27.12,24.75,3385,15312295.0,2.284486139306312e-05
2024-02-02,12:13:54,6.7542,27.12,24.75,3385,15312295.0,2.284486139306312e-05
2024-02-02,12:13:54,6.7585,27.12,24.75,3385,15312295.0,2.284486139306312e-05
2024-02-02,12:13:54,6.7628,27.12,24.75,3385,15312295.0,2.284486139306312e-05
2024-02-02,12:13:54,6.767,27.12,24.75,3383,15312296.0,2.291805582424504e-05
2024-02-02,12:13:54,6.7713,27.12,24.75,3384,15312296.0,2.288142934135367e-05
2024-02-02,12:13:54,6.7756,27.12,24.75,3386,15312296.0,2.280835188582631e-05
2024-02-02,12:13:54,6.7798,27.12,24.75,3386,15312296.0,2.280835188582631e-05
2024-02-02,12:13:54,6.784,27.12,24.75,3385,15312296.0,2.284486139306312e-05
2024-02-02,12:13:54,6.7883,27.12,24.75,3384,15312300.0,2.288142934135367e-05
2024-02-02,12:13:54,6.7925,27.12,24.75,3383,15312300.0,2.291805582424504e-05
2024-02-02,12:13:54,6.7968,27.12,24.75,3383,15312296.0,2.291805582424504e-05
2024-02-02,12:13:54,6.8011,27.12,24.75,3385,15312295.0,2.284486139306312e-05
2024-02-02,12:13:54,6.8054,27.12,24.75,3386,15312295.0,2.280835188582631e-05
2024-02-02,12:13:54,6.8096,27.12,24.75,3385,15312296.0,2.284486139306312e-05
2024-02-02,12:13:54,6.8139,27.12,24.75,3385,15312296.0,2.284486139306312e-05
2024-02-02,12:13:54,6.8181,27.12,24.75,3385,15312296.0,2.284486139306312e-05
2024-02-02,12:13:54,6.8224,27.12,24.75,3385,15312296.0,2.284486139306312e-05
2024-02-02,12:13:54,6.8266,27.12,24.75,3385,15312296.0,2.284486139306312e-05
2024-02-02,12:13:54,6.8309,27.12,24.75,3384,15312295.0,2.288142934135367e-05
2024-02-02,12:13:54,6.8351,27.12,24.75,3384,15312295.0,2.288142934135367e-05
2024-02-02,12:13:54,6.8394,27.12,24.75,3384,15312295.0,2.288142934135367e-05
2024-02-02,12:13:54,6.8436,27.12,24.75,3384,15312296.0,2.288142934135367e-05
2024-02-02,12:13:54,6.8479,27.12,24.75,3384,15312296.0,2.288142934135367e-05
2024-02-02,12:13:54,6.8521,27.12,24.75,3385,15312295.0,2.284486139306312e-05
2024-02-02,12:13:54,6.8564,27.12,24.75,3386,15312295.0,2.280835188582631e-05
2024-02-02,12:13:54,6.8606,27.12,24.75,3385,15312296.0,2.284486139306312e-05
2024-02-02,12:13:54,6.8649,27.12,24.75,3385,15312296.0,2.284486139306312e-05
2024-02-02,12:13:54,6.8691,27.12,24.75,3385,15312296.0,2.284486139306312e-05
2024-02-02,12:13:54,6.8734,27.12,24.75,3384,15312296.0,2.288142934135367e-05
2024-02-02,12:13:54,6.8777,27.12,24.75,3384,15312296.0,2.288142934135367e-05
2024-02-02,12:13:54,6.8819,27.12,24.75,3385,15312296.0,2.284486139306312e-05
2024-02-02,12:13:54,6.8862,27.12,24.75,3384,15312296.0,2.288142934135367e-05
2024-02-02,12:13:54,6.8905,27.12,24.75,3384,15312296.0,2.288142934135367e-05
2024-02-02,12:13:54,6.8947,27.12,24.75,3385,15312296.0,2.284486139306312e-05
2024-02-02,12:13:54,6.899,27.12,24.75,3384,15312296.0,2.288142934135367e-05
2024-02-02,12:13:54,6.9032,27.12,24.75,3384,15312296.0,2.288142934135367e-05
2024-02-02,12:13:54,6.9075,27.12,24.75,3384,15312295.0,2.288142934135367e-05
2024-02-02,12:13:54,6.9117,27.12,24.75,3384,15312295.0,2.288142934135367e-05
2024-02-02,12:13:54,6.916,27.12,24.75,3384,15312296.0,2.288142934135367e-05
2024-02-02,12:13:54,6.9202,27.12,24.75,3384,15312295.0,2.288142934135367e-05
2024-02-02,12:13:54,6.9245,27.12,24.75,3384,15312296.0,2.288142934135367e-05
2024-02-02,12:13:54,6.9287,27.12,24.75,3384,15312296.0,2.288142934135367e-05
2024-02-02,12:13:54,6.9331,27.12,24.75,3384,15312296.0,2.288142934135367e-05
2024-02-02,12:13:54,6.9373,27.12,24.75,3384,15312296.0,2.288142934135367e-05
2024-02-02,12:13:54,6.9416,27.12,24.75,3384,15312296.0,2.288142934135367e-05
2024-02-02,12:13:54,6.9459,27.12,24.75,3384,15312296.0,2.288142934135367e-05
2024-02-02,12:13:54,6.9501,27.12,24.75,3384,15312296.0,2.288142934135367e-05
2024-02-02,12:13:54,6.9544,27.12,24.75,3384,15312296.0,2.288142934135367e-05
2024-02-02,12:13:54,6.9587,27.12,24.75,3385,15312296.0,2.284486139306312e-05
2024-02-02,12:13:54,6.9629,27.12,24.75,3385,15312296.0,2.284486139306312e-05
2024-02-02,12:13:54,6.9672,27.12,24.75,3384,15312296.0,2.288142934135367e-05
2024-02-02,12:13:54,6.9714,27.12,24.75,3384,15312296.0,2.288142934135367e-05
2024-02-02,12:13:54,6.9756,27.12,24.75,3384,15312295.0,2.288142934135367e-05
2024-02-02,12:13:54,6.9799,27.12,24.75,3384,15312295.0,2.288142934135367e-05
2024-02-02,12:13:54,6.9842,27.12,24.75,3384,15312296.0,2.288142934135367e-05
2024-02-02,12:13:54,6.9884,27.12,24.75,3384,15312295.0,2.288142934135367e-05
2024-02-02,12:13:54,6.9927,27.12,24.75,3384,15312296.0,2.288142934135367e-05
2024-02-02,12:13:54,6.997,27.12,24.75,3383,15312296.0,2.291805582424504e-05
2024-02-02,12:13:54,7.0013,27.12,24.75,3383,15312296.0,2.291805582424504e-05
2024-02-02,12:13:54,7.0055,27.12,24.75,3384,15312296.0,2.288142934135367e-05
2024-02-02,12:13:54,7.0098,27.12,24.75,3384,15312296.0,2.288142934135367e-05
2024-02-02,12:13:54,7.014,27.12,24.75,3384,15312296.0,2.288142934135367e-05
2024-02-02,12:13:54,7.0183,27.12,24.75,3384,15312296.0,2.288142934135367e-05
2024-02-02,12:13:54,7.0225,27.12,24.75,3384,15312296.0,2.288142934135367e-05
2024-02-02,12:13:54,7.0268,27.12,24.75,3385,15312296.0,2.284486139306312e-05
2024-02-02,12:13:54,7.0311,27.12,24.75,3385,15312296.0,2.284486139306312e-05
2024-02-02,12:13:54,7.0353,27.12,24.75,3385,15312296.0,2.284486139306312e-05
2024-02-02,12:13:54,7.0396,27.12,24.75,3385,15312296.0,2.284486139306312e-05
2024-02-02,12:13:54,7.0439,27.12,24.75,3385,15312296.0,2.284486139306312e-05
2024-02-02,12:13:54,7.0481,27.12,24.75,3384,15312296.0,2.288142934135367e-05
2024-02-02,12:13:54,7.0524,27.12,24.75,3383,15312296.0,2.291805582424504e-05
2024-02-02,12:13:54,7.0566,27.12,24.75,3383,15312296.0,2.291805582424504e-05
2024-02-02,12:13:54,7.0609,27.12,24.75,3383,15312296.0,2.291805582424504e-05
2024-02-02,12:13:54,7.0652,27.12,24.75,3384,15312296.0,2.288142934135367e-05
2024-02-02,12:13:54,7.0694,27.12,24.75,3384,15312296.0,2.288142934135367e-05
2024-02-02,12:13:54,7.0737,27.12,24.75,3384,15312296.0,2.288142934135367e-05
2024-02-02,12:13:54,7.078,27.12,24.75,3385,15312296.0,2.284486139306312e-05
2024-02-02,12:13:54,7.0823,27.12,24.75,3385,15312296.0,2.284486139306312e-05
2024-02-02,12:13:54,7.0865,27.12,24.75,3384,15312295.0,2.288142934135367e-05
2024-02-02,12:13:54,7.0908,27.12,24.75,3384,15312296.0,2.288142934135367e-05
2024-02-02,12:13:54,7.095,27.12,24.75,3384,15312296.0,2.288142934135367e-05
2024-02-02,12:13:54,7.0993,27.12,24.75,3383,15312296.0,2.291805582424504e-05
2024-02-02,12:13:54,7.1036,27.12,24.75,3383,15312296.0,2.291805582424504e-05
2024-02-02,12:13:54,7.1079,27.12,24.75,3384,15312296.0,2.288142934135367e-05
2024-02-02,12:13:54,7.1122,27.12,24.75,3384,15312296.0,2.288142934135367e-05
2024-02-02,12:13:54,7.1164,27.12,24.75,3385,15312296.0,2.284486139306312e-05
2024-02-02,12:13:54,7.1206,27.12,24.75,3385,15312295.0,2.284486139306312e-05
2024-02-02,12:13:54,7.1249,27.12,24.75,3384,15312296.0,2.288142934135367e-05
2024-02-02,12:13:54,7.1291,27.12,24.75,3385,15312296.0,2.284486139306312e-05
2024-02-02,12:13:54,7.1334,27.12,24.75,3385,15312296.0,2.284486139306312e-05
2024-02-02,12:13:54,7.1377,27.12,24.75,3384,15312296.0,2.288142934135367e-05
2024-02-02,12:13:54,7.142,27.12,24.75,3385,15312296.0,2.284486139306312e-05
2024-02-02,12:13:54,7.1462,27.12,24.75,3386,15312296.0,2.280835188582631e-05
2024-02-02,12:13:54,7.1505,27.12,24.75,3385,15312296.0,2.284486139306312e-05
2024-02-02,12:13:54,7.1547,27.12,24.75,3384,15312296.0,2.288142934135367e-05
2024-02-02,12:13:54,7.159,27.12,24.75,3384,15312296.0,2.288142934135367e-05
2024-02-02,12:13:54,7.1632,27.12,24.75,3385,15312296.0,2.284486139306312e-05
2024-02-02,12:13:54,7.1674,27.12,24.75,3385,15312296.0,2.284486139306312e-05
2024-02-02,12:13:54,7.1717,27.12,24.75,3384,15312295.0,2.288142934135367e-05
2024-02-02,12:13:54,7.176,27.12,24.75,3384,15312295.0,2.288142934135367e-05
2024-02-02,12:13:54,7.1802,27.12,24.75,3385,15312296.0,2.284486139306312e-05
2024-02-02,12:13:54,7.1845,27.12,24.75,3385,15312296.0,2.284486139306312e-05
2024-02-02,12:13:54,7.1888,27.12,24.75,3384,15312296.0,2.288142934135367e-05
2024-02-02,12:13:54,7.193,27.12,24.75,3386,15312296.0,2.280835188582631e-05
2024-02-02,12:13:54,7.1973,27.12,24.75,3387,15312296.0,2.277190072624573e-05
2024-02-02,12:13:54,7.2015,27.12,24.75,3386,15312296.0,2.280835188582631e-05
2024-02-02,12:13:54,7.2058,27.12,24.75,3385,15312296.0,2.284486139306312e-05
2024-02-02,12:13:54,7.2101,27.12,24.75,3384,15312296.0,2.288142934135367e-05
2024-02-02,12:13:54,7.2143,27.12,24.75,3385,15312296.0,2.284486139306312e-05
2024-02-02,12:13:54,7.2186,27.12,24.75,3384,15312296.0,2.288142934135367e-05
2024-02-02,12:13:54,7.2228,27.12,24.75,3383,15312296.0,2.291805582424504e-05
2024-02-02,12:13:54,7.2271,27.12,24.75,3384,15312296.0,2.288142934135367e-05
2024-02-02,12:13:54,7.2314,27.12,24.75,3384,15312296.0,2.288142934135367e-05
2024-02-02,12:13:54,7.2356,27.12,24.75,3384,15312296.0,2.288142934135367e-05
2024-02-02,12:13:54,7.2399,27.12,24.75,3385,15312296.0,2.284486139306312e-05
2024-02-02,12:13:54,7.2441,27.12,24.75,3384,15312296.0,2.288142934135367e-05
2024-02-02,12:13:54,7.2484,27.12,24.75,3383,15312296.0,2.291805582424504e-05
2024-02-02,12:13:54,7.2527,27.12,24.75,3384,15312296.0,2.288142934135367e-05
2024-02-02,12:13:54,7.2569,27.12,24.75,3384,15312296.0,2.288142934135367e-05
2024-02-02,12:13:54,7.2612,27.12,24.75,3385,15312296.0,2.284486139306312e-05
2024-02-02,12:13:54,7.2654,27.12,24.75,3385,15312296.0,2.284486139306312e-05
2024-02-02,12:13:54,7.2697,27.12,24.75,3384,15312296.0,2.288142934135367e-05
2024-02-02,12:13:54,7.274,27.12,24.75,3384,15312296.0,2.288142934135367e-05
2024-02-02,12:13:54,7.2783,27.12,24.75,3384,15312296.0,2.288142934135367e-05
2024-02-02,12:13:54,7.2825,27.12,24.75,3384,15312296.0,2.288142934135367e-05
2024-02-02,12:13:54,7.2868,27.12,24.75,3384,15312296.0,2.288142934135367e-05
2024-02-02,12:13:54,7.291,27.12,24.75,3384,15312296.0,2.288142934135367e-05
2024-02-02,12:13:54,7.2953,27.12,24.75,3384,15312296.0,2.288142934135367e-05
2024-02-02,12:13:54,7.2996,27.12,24.75,3385,15312296.0,2.284486139306312e-05
2024-02-02,12:13:54,7.3038,27.12,24.75,3385,15312296.0,2.284486139306312e-05
2024-02-02,12:13:54,7.3081,27.12,24.75,3384,15312296.0,2.288142934135367e-05
2024-02-02,12:13:54,7.3124,27.12,24.75,3384,15312296.0,2.288142934135367e-05
2024-02-02,12:13:54,7.3166,27.12,24.75,3384,15312296.0,2.288142934135367e-05
2024-02-02,12:13:54,7.3209,27.12,24.75,3384,15312296.0,2.288142934135367e-05
2024-02-02,12:13:54,7.3251,27.12,24.75,3384,15312296.0,2.288142934135367e-05
2024-02-02,12:13:54,7.3294,27.12,24.75,3385,15312295.0,2.284486139306312e-05
2024-02-02,12:13:54,7.3337,27.12,24.75,3385,15312296.0,2.284486139306312e-05
2024-02-02,12:13:54,7.3379,27.12,24.75,3384,15312296.0,2.288142934135367e-05
2024-02-02,12:13:54,7.3421,27.12,24.75,3385,15312296.0,2.284486139306312e-05
2024-02-02,12:13:54,7.3464,27.12,24.75,3384,15312296.0,2.288142934135367e-05
2024-02-02,12:13:54,7.3507,27.12,24.75,3384,15312296.0,2.288142934135367e-05
2024-02-02,12:13:54,7.3549,27.12,24.75,3385,15312296.0,2.284486139306312e-05
2024-02-02,12:13:54,7.3592,27.12,24.75,3384,15312296.0,2.288142934135367e-05
2024-02-02,12:13:54,7.3635,27.12,24.75,3384,15312296.0,2.288142934135367e-05
2024-02-02,12:13:54,7.3677,27.12,24.75,3384,15312296.0,2.288142934135367e-05
2024-02-02,12:13:54,7.372,27.12,24.75,3383,15312296.0,2.291805582424504e-05
2024-02-02,12:13:54,7.3763,27.12,24.75,3383,15312296.0,2.291805582424504e-05
2024-02-02,12:13:54,7.3805,27.12,24.75,3383,15312296.0,2.291805582424504e-05
2024-02-02,12:13:54,7.3848,27.12,24.75,3383,15312296.0,2.291805582424504e-05
2024-02-02,12:13:54,7.3891,27.12,24.75,3383,15312296.0,2.291805582424504e-05
2024-02-02,12:13:54,7.3933,27.12,24.75,3384,15312297.0,2.288142934135367e-05
2024-02-02,12:13:54,7.3977,27.12,24.75,3385,15312296.0,2.284486139306312e-05
2024-02-02,12:13:54,7.4019,27.12,24.75,3385,15312296.0,2.284486139306312e-05
2024-02-02,12:13:54,7.4062,27.12,24.75,3384,15312296.0,2.288142934135367e-05
2024-02-02,12:13:54,7.4104,27.12,24.75,3383,15312296.0,2.291805582424504e-05
2024-02-02,12:13:54,7.4147,27.12,24.75,3384,15312296.0,2.288142934135367e-05
2024-02-02,12:13:54,7.419,27.12,24.75,3384,15312296.0,2.288142934135367e-05
2024-02-02,12:13:54,7.4232,27.12,24.75,3383,15312296.0,2.291805582424504e-05
2024-02-02,12:13:54,7.4274,27.12,24.75,3384,15312297.0,2.288142934135367e-05
2024-02-02,12:13:54,7.4318,27.12,24.75,3384,15312296.0,2.288142934135367e-05
2024-02-02,12:13:54,7.436,27.12,24.75,3384,15312296.0,2.288142934135367e-05
2024-02-02,12:13:55,7.4403,27.12,24.75,3385,15312296.0,2.284486139306312e-05
2024-02-02,12:13:55,7.4446,27.12,24.75,3384,15312296.0,2.288142934135367e-05
2024-02-02,12:13:55,7.4488,27.12,24.75,3384,15312296.0,2.288142934135367e-05
2024-02-02,12:13:55,7.4531,27.12,24.75,3384,15312296.0,2.288142934135367e-05
2024-02-02,12:13:55,7.4573,27.12,24.75,3384,15312295.0,2.288142934135367e-05
2024-02-02,12:13:55,7.4616,27.12,24.75,3384,15312295.0,2.288142934135367e-05
2024-02-02,12:13:55,7.4658,27.12,24.75,3384,15312296.0,2.288142934135367e-05
2024-02-02,12:13:55,7.4701,27.12,24.75,3384,15312296.0,2.288142934135367e-05
2024-02-02,12:13:55,7.4743,27.12,24.75,3384,15312296.0,2.288142934135367e-05
2024-02-02,12:13:55,7.4786,27.12,24.75,3384,15312296.0,2.288142934135367e-05
2024-02-02,12:13:55,7.4829,27.12,24.75,3384,15312296.0,2.288142934135367e-05
2024-02-02,12:13:55,7.4871,27.12,24.75,3384,15312295.0,2.288142934135367e-05
2024-02-02,12:13:55,7.4914,27.19,24.75,3385,15312295.0,2.284486139306312e-05
2024-02-02,12:13:55,7.4956,27.19,24.75,3385,15312296.0,2.284486139306312e-05
2024-02-02,12:13:55,7.4999,27.19,24.75,3384,15312296.0,2.288142934135367e-05
2024-02-02,12:13:55,7.5041,27.19,24.75,3384,15312295.0,2.288142934135367e-05
2024-02-02,12:13:55,7.5084,27.19,24.75,3384,15312296.0,2.288142934135367e-05
2024-02-02,12:13:55,7.5127,27.19,24.75,3385,15312296.0,2.284486139306312e-05
2024-02-02,12:13:55,7.517,27.19,24.75,3385,15312296.0,2.284486139306312e-05
2024-02-02,12:13:55,7.5212,27.19,24.75,3384,15312296.0,2.288142934135367e-05
2024-02-02,12:13:55,7.5255,27.19,24.75,3383,15312296.0,2.291805582424504e-05
2024-02-02,12:13:55,7.5297,27.19,24.75,3383,15312296.0,2.291805582424504e-05
2024-02-02,12:13:55,7.534,27.19,24.75,3385,15312295.0,2.284486139306312e-05
2024-02-02,12:13:55,7.5383,27.19,24.75,3385,15312295.0,2.284486139306312e-05
2024-02-02,12:13:55,7.5425,27.19,24.75,3384,15312296.0,2.288142934135367e-05
2024-02-02,12:13:55,7.5468,27.19,24.75,3384,15312296.0,2.288142934135367e-05
2024-02-02,12:13:55,7.551,27.19,24.75,3384,15312296.0,2.288142934135367e-05
2024-02-02,12:13:55,7.5553,27.19,24.75,3384,15312296.0,2.288142934135367e-05
2024-02-02,12:13:55,7.5595,27.19,24.75,3384,15312296.0,2.288142934135367e-05
2024-02-02,12:13:55,7.5638,27.19,24.75,3384,15312296.0,2.288142934135367e-05
2024-02-02,12:13:55,7.568,27.19,24.75,3384,15312296.0,2.288142934135367e-05
2024-02-02,12:13:55,7.5723,27.19,24.75,3384,15312296.0,2.288142934135367e-05
2024-02-02,12:13:55,7.5766,27.19,24.75,3384,15312296.0,2.288142934135367e-05
2024-02-02,12:13:55,7.5808,27.19,24.75,3384,15312296.0,2.288142934135367e-05
2024-02-02,12:13:55,7.5851,27.19,24.75,3384,15312296.0,2.288142934135367e-05
2024-02-02,12:13:55,7.5894,27.19,24.75,3384,15312296.0,2.288142934135367e-05
2024-02-02,12:13:55,7.5936,27.19,24.75,3384,15312295.0,2.288142934135367e-05
2024-02-02,12:13:55,7.5979,27.19,24.75,3384,15312295.0,2.288142934135367e-05
2024-02-02,12:13:55,7.6021,27.19,24.75,3384,15312296.0,2.288142934135367e-05
2024-02-02,12:13:55,7.6064,27.19,24.75,3384,15312296.0,2.288142934135367e-05
2024-02-02,12:13:55,7.6106,27.19,24.75,3384,15312296.0,2.288142934135367e-05
2024-02-02,12:13:55,7.6149,27.19,24.75,3384,15312296.0,2.288142934135367e-05
2024-02-02,12:13:55,7.6191,27.19,24.75,3384,15312296.0,2.288142934135367e-05
2024-02-02,12:13:55,7.6234,27.19,24.75,3384,15312296.0,2.288142934135367e-05
2024-02-02,12:13:55,7.6277,27.19,24.75,3384,15312296.0,2.288142934135367e-05
2024-02-02,12:13:55,7.632,27.19,24.75,3384,15312296.0,2.288142934135367e-05
2024-02-02,12:13:55,7.6362,27.19,24.75,3384,15312296.0,2.288142934135367e-05
2024-02-02,12:13:55,7.6405,27.19,24.75,3385,15312296.0,2.284486139306312e-05
2024-02-02,12:13:55,7.6447,27.19,24.75,3385,15312296.0,2.284486139306312e-05
2024-02-02,12:13:55,7.649,27.19,24.75,3384,15312296.0,2.288142934135367e-05
2024-02-02,12:13:55,7.6533,27.19,24.75,3384,15312296.0,2.288142934135367e-05
2024-02-02,12:13:55,7.6575,27.19,24.75,3385,15312296.0,2.284486139306312e-05
2024-02-02,12:13:55,7.6617,27.19,24.75,3385,15312296.0,2.284486139306312e-05
2024-02-02,12:13:55,7.6659,27.19,24.75,3384,15312296.0,2.288142934135367e-05
2024-02-02,12:13:55,7.6702,27.19,24.75,3384,15312296.0,2.288142934135367e-05
2024-02-02,12:13:55,7.6745,27.19,24.75,3385,15312296.0,2.284486139306312e-05
2024-02-02,12:13:55,7.6787,27.19,24.75,3384,15312296.0,2.288142934135367e-05
2024-02-02,12:13:55,7.683,27.19,24.75,3384,15312297.0,2.288142934135367e-05
2024-02-02,12:13:55,7.6873,27.19,24.75,3385,15312296.0,2.284486139306312e-05
2024-02-02,12:13:55,7.6915,27.19,24.75,3385,15312296.0,2.284486139306312e-05
2024-02-02,12:13:55,7.6958,27.19,24.75,3386,15312296.0,2.280835188582631e-05
2024-02-02,12:13:55,7.7,27.19,24.75,3385,15312296.0,2.284486139306312e-05
2024-02-02,12:13:55,7.7043,27.19,24.75,3384,15312296.0,2.288142934135367e-05
2024-02-02,12:13:55,7.7085,27.19,24.75,3384,15312296.0,2.288142934135367e-05
2024-02-02,12:13:55,7.7128,27.19,24.75,3383,15312296.0,2.291805582424504e-05
2024-02-02,12:13:55,7.7171,27.19,24.75,3383,15312296.0,2.291805582424504e-05
2024-02-02,12:13:55,7.7213,27.19,24.75,3385,15312296.0,2.284486139306312e-05
2024-02-02,12:13:55,7.7255,27.19,24.75,3385,15312296.0,2.284486139306312e-05
2024-02-02,12:13:55,7.7298,27.19,24.75,3384,15312296.0,2.288142934135367e-05
2024-02-02,12:13:55,7.7341,27.19,24.75,3384,15312296.0,2.288142934135367e-05
2024-02-02,12:13:55,7.7383,27.19,24.75,3384,15312296.0,2.288142934135367e-05
2024-02-02,12:13:55,7.7426,27.19,24.75,3384,15312296.0,2.288142934135367e-05
2024-02-02,12:13:55,7.7468,27.19,24.75,3384,15312296.0,2.288142934135367e-05
2024-02-02,12:13:55,7.7511,27.19,24.75,3384,15312296.0,2.288142934135367e-05
2024-02-02,12:13:55,7.7554,27.19,24.75,3384,15312296.0,2.288142934135367e-05
2024-02-02,12:13:55,7.7596,27.19,24.75,3385,15312296.0,2.284486139306312e-05
2024-02-02,12:13:55,7.7638,27.19,24.75,3384,15312296.0,2.288142934135367e-05
2024-02-02,12:13:55,7.7681,27.19,24.75,3383,15312296.0,2.291805582424504e-05
2024-02-02,12:13:55,7.7723,27.19,24.75,3383,15312296.0,2.291805582424504e-05
2024-02-02,12:13:55,7.7766,27.19,24.75,3383,15312296.0,2.291805582424504e-05
2024-02-02,12:13:55,7.7809,27.19,24.75,3383,15312296.0,2.291805582424504e-05
2024-02-02,12:13:55,7.7852,27.19,24.75,3383,15312296.0,2.291805582424504e-05
2024-02-02,12:13:55,7.7895,27.19,24.75,3383,15312296.0,2.291805582424504e-05
2024-02-02,12:13:55,7.7937,27.19,24.75,3383,15312299.0,2.291805582424504e-05
2024-02-02,12:13:55,7.798,27.19,24.75,3383,15312299.0,2.291805582424504e-05
2024-02-02,12:13:55,7.8023,27.19,24.75,3383,15312296.0,2.291805582424504e-05
2024-02-02,12:13:55,7.8065,27.19,24.75,3384,15312296.0,2.288142934135367e-05
2024-02-02,12:13:55,7.8108,27.19,24.75,3384,15312296.0,2.288142934135367e-05
2024-02-02,12:13:55,7.815,27.19,24.75,3384,15312296.0,2.288142934135367e-05
2024-02-02,12:13:55,7.8193,27.19,24.75,3384,15312296.0,2.288142934135367e-05
2024-02-02,12:13:55,7.8236,27.19,24.75,3384,15312296.0,2.288142934135367e-05
2024-02-02,12:13:55,7.8279,27.19,24.75,3384,15312296.0,2.288142934135367e-05
2024-02-02,12:13:55,7.8321,27.19,24.75,3384,15312296.0,2.288142934135367e-05
2024-02-02,12:13:55,7.8364,27.19,24.75,3384,15312296.0,2.288142934135367e-05
2024-02-02,12:13:55,7.8406,27.19,24.75,3385,15312296.0,2.284486139306312e-05
2024-02-02,12:13:55,7.8449,27.19,24.75,3385,15312295.0,2.284486139306312e-05
2024-02-02,12:13:55,7.8491,27.19,24.75,3384,15312295.0,2.288142934135367e-05
2024-02-02,12:13:55,7.8534,27.19,24.75,3384,15312296.0,2.288142934135367e-05
2024-02-02,12:13:55,7.8577,27.19,24.75,3384,15312296.0,2.288142934135367e-05
2024-02-02,12:13:55,7.8619,27.19,24.75,3385,15312296.0,2.284486139306312e-05
2024-02-02,12:13:55,7.8662,27.19,24.75,3385,15312296.0,2.284486139306312e-05
2024-02-02,12:13:55,7.8704,27.19,24.75,3384,15312296.0,2.288142934135367e-05
2024-02-02,12:13:55,7.8747,27.19,24.75,3384,15312296.0,2.288142934135367e-05
2024-02-02,12:13:55,7.879,27.19,24.75,3385,15312296.0,2.284486139306312e-05
2024-02-02,12:13:55,7.8833,27.19,24.75,3385,15312296.0,2.284486139306312e-05
2024-02-02,12:13:55,7.8875,27.19,24.75,3384,15312296.0,2.288142934135367e-05
2024-02-02,12:13:55,7.8918,27.19,24.75,3384,15312296.0,2.288142934135367e-05
2024-02-02,12:13:55,7.8961,27.19,24.75,3385,15312296.0,2.284486139306312e-05
2024-02-02,12:13:55,7.9003,27.19,24.75,3385,15312296.0,2.284486139306312e-05
2024-02-02,12:13:55,7.9045,27.19,24.75,3385,15312296.0,2.284486139306312e-05
2024-02-02,12:13:55,7.9088,27.19,24.75,3385,15312296.0,2.284486139306312e-05
2024-02-02,12:13:55,7.9131,27.19,24.75,3385,15312296.0,2.284486139306312e-05
2024-02-02,12:13:55,7.9173,27.19,24.75,3385,15312296.0,2.284486139306312e-05
2024-02-02,12:13:55,7.9215,27.19,24.75,3384,15312296.0,2.288142934135367e-05
2024-02-02,12:13:55,7.9258,27.19,24.75,3385,15312295.0,2.284486139306312e-05
2024-02-02,12:13:55,7.9301,27.19,24.75,3386,15312296.0,2.280835188582631e-05
2024-02-02,12:13:55,7.9343,27.19,24.75,3384,15312296.0,2.288142934135367e-05
2024-02-02,12:13:55,7.9386,27.19,24.75,3383,15312296.0,2.291805582424504e-05
2024-02-02,12:13:55,7.9429,27.19,24.75,3383,15312296.0,2.291805582424504e-05
2024-02-02,12:13:55,7.9471,27.19,24.75,3383,15312296.0,2.291805582424504e-05
2024-02-02,12:13:55,7.9513,27.19,24.75,3383,15312296.0,2.291805582424504e-05
2024-02-02,12:13:55,7.9556,27.19,24.75,3383,15312296.0,2.291805582424504e-05
2024-02-02,12:13:55,7.9599,27.19,24.75,3384,15312296.0,2.288142934135367e-05
2024-02-02,12:13:55,7.9641,27.19,24.75,3384,15312296.0,2.288142934135367e-05
2024-02-02,12:13:55,7.9684,27.19,24.75,3384,15312296.0,2.288142934135367e-05
2024-02-02,12:13:55,7.9726,27.19,24.75,3384,15312296.0,2.288142934135367e-05
2024-02-02,12:13:55,7.9769,27.19,24.75,3385,15312296.0,2.284486139306312e-05
2024-02-02,12:13:55,7.9812,27.19,24.75,3385,15312296.0,2.284486139306312e-05
2024-02-02,12:13:55,7.9854,27.19,24.75,3384,15312296.0,2.288142934135367e-05
2024-02-02,12:13:55,7.9897,27.19,24.75,3384,15312296.0,2.288142934135367e-05
2024-02-02,12:13:55,7.9939,27.19,24.75,3384,15312293.0,2.288142934135367e-05
2024-02-02,12:13:55,7.9982,27.19,24.75,3384,15312293.0,2.288142934135367e-05
2024-02-02,12:13:55,8.0024,27.19,24.75,3384,15312295.0,2.288142934135367e-05
2024-02-02,12:13:55,8.0067,27.19,24.75,3384,15312296.0,2.288142934135367e-05
2024-02-02,12:13:55,8.0109,27.19,24.75,3384,15312296.0,2.288142934135367e-05
2024-02-02,12:13:55,8.0152,27.19,24.75,3384,15312296.0,2.288142934135367e-05
2024-02-02,12:13:55,8.0194,27.19,24.75,3384,15312296.0,2.288142934135367e-05
2024-02-02,12:13:55,8.0237,27.19,24.75,3385,15312296.0,2.284486139306312e-05
2024-02-02,12:13:55,8.0279,27.19,24.75,3385,15312296.0,2.284486139306312e-05
2024-02-02,12:13:55,8.0321,27.19,24.75,3385,15312296.0,2.284486139306312e-05
2024-02-02,12:13:55,8.0364,27.19,24.75,3385,15312296.0,2.284486139306312e-05
2024-02-02,12:13:55,8.0407,27.19,24.75,3384,15312296.0,2.288142934135367e-05
2024-02-02,12:13:55,8.0449,27.19,24.75,3384,15312296.0,2.288142934135367e-05
2024-02-02,12:13:55,8.0492,27.19,24.75,3384,15312296.0,2.288142934135367e-05
2024-02-02,12:13:55,8.0535,27.19,24.75,3384,15312296.0,2.288142934135367e-05
2024-02-02,12:13:55,8.0577,27.19,24.75,3384,15312296.0,2.288142934135367e-05
2024-02-02,12:13:55,8.062,27.19,24.75,3384,15312296.0,2.288142934135367e-05
2024-02-02,12:13:55,8.0662,27.19,24.75,3384,15312295.0,2.288142934135367e-05
2024-02-02,12:13:55,8.0705,27.19,24.75,3385,15312295.0,2.284486139306312e-05
2024-02-02,12:13:55,8.0747,27.19,24.75,3385,15312295.0,2.284486139306312e-05
2024-02-02,12:13:55,8.079,27.19,24.75,3385,15312295.0,2.284486139306312e-05
2024-02-02,12:13:55,8.0832,27.19,24.75,3386,15312296.0,2.280835188582631e-05
2024-02-02,12:13:55,8.0875,27.19,24.75,3385,15312296.0,2.284486139306312e-05
2024-02-02,12:13:55,8.0917,27.19,24.75,3385,15312295.0,2.284486139306312e-05
2024-02-02,12:13:55,8.096,27.19,24.75,3385,15312295.0,2.284486139306312e-05
2024-02-02,12:13:55,8.1002,27.19,24.75,3384,15312296.0,2.288142934135367e-05
2024-02-02,12:13:55,8.1045,27.19,24.75,3383,15312296.0,2.291805582424504e-05
2024-02-02,12:13:55,8.1087,27.19,24.75,3384,15312295.0,2.288142934135367e-05
2024-02-02,12:13:55,8.113,27.19,24.75,3385,15312296.0,2.284486139306312e-05
2024-02-02,12:13:55,8.1172,27.19,24.75,3385,15312296.0,2.284486139306312e-05
2024-02-02,12:13:55,8.1215,27.19,24.75,3384,15312296.0,2.288142934135367e-05
2024-02-02,12:13:55,8.1258,27.19,24.75,3383,15312296.0,2.291805582424504e-05
2024-02-02,12:13:55,8.1301,27.19,24.75,3384,15312296.0,2.288142934135367e-05
2024-02-02,12:13:55,8.1343,27.19,24.75,3384,15312296.0,2.288142934135367e-05
2024-02-02,12:13:55,8.1385,27.19,24.75,3384,15312296.0,2.288142934135367e-05
2024-02-02,12:13:55,8.1428,27.19,24.75,3384,15312295.0,2.288142934135367e-05
2024-02-02,12:13:55,8.147,27.19,24.75,3385,15312295.0,2.284486139306312e-05
2024-02-02,12:13:55,8.1513,27.19,24.75,3386,15312295.0,2.280835188582631e-05
2024-02-02,12:13:55,8.1556,27.19,24.75,3384,15312295.0,2.288142934135367e-05
2024-02-02,12:13:55,8.1598,27.19,24.75,3383,15312295.0,2.291805582424504e-05
2024-02-02,12:13:55,8.164,27.19,24.75,3384,15312295.0,2.288142934135367e-05
2024-02-02,12:13:55,8.1683,27.19,24.75,3384,15312295.0,2.288142934135367e-05
2024-02-02,12:13:55,8.1725,27.19,24.75,3385,15312295.0,2.284486139306312e-05
2024-02-02,12:13:55,8.1768,27.19,24.75,3385,15312295.0,2.284486139306312e-05
2024-02-02,12:13:55,8.1811,27.19,24.75,3384,15312295.0,2.288142934135367e-05
2024-02-02,12:13:55,8.1853,27.19,24.75,3385,15312296.0,2.284486139306312e-05
2024-02-02,12:13:55,8.1896,27.19,24.75,3385,15312296.0,2.284486139306312e-05
2024-02-02,12:13:55,8.1939,27.19,24.75,3384,15312296.0,2.288142934135367e-05
2024-02-02,12:13:55,8.1982,27.19,24.75,3386,15312295.0,2.280835188582631e-05
2024-02-02,12:13:55,8.2025,27.19,24.75,3387,15312295.0,2.277190072624573e-05
2024-02-02,12:13:55,8.2067,27.19,24.75,3383,15312296.0,2.291805582424504e-05
2024-02-02,12:13:55,8.211,27.19,24.75,3383,15312296.0,2.291805582424504e-05
2024-02-02,12:13:55,8.2152,27.19,24.75,3384,15312296.0,2.288142934135367e-05
2024-02-02,12:13:55,8.2194,27.19,24.75,3384,15312296.0,2.288142934135367e-05
2024-02-02,12:13:55,8.2237,27.19,24.75,3384,15312296.0,2.288142934135367e-05
2024-02-02,12:13:55,8.228,27.19,24.75,3383,15312296.0,2.291805582424504e-05
2024-02-02,12:13:55,8.2323,27.19,24.75,3384,15312296.0,2.288142934135367e-05
2024-02-02,12:13:55,8.2365,27.19,24.75,3384,15312295.0,2.288142934135367e-05
2024-02-02,12:13:55,8.2408,27.19,24.75,3384,15312295.0,2.288142934135367e-05
2024-02-02,12:13:55,8.2451,27.19,24.75,3384,15312296.0,2.288142934135367e-05
2024-02-02,12:13:55,8.2493,27.19,24.75,3384,15312295.0,2.288142934135367e-05
2024-02-02,12:13:55,8.2536,27.19,24.75,3384,15312296.0,2.288142934135367e-05
2024-02-02,12:13:55,8.2578,27.19,24.75,3383,15312296.0,2.291805582424504e-05
2024-02-02,12:13:55,8.2621,27.19,24.75,3383,15312296.0,2.291805582424504e-05
2024-02-02,12:13:55,8.2664,27.19,24.75,3385,15312295.0,2.284486139306312e-05
2024-02-02,12:13:55,8.2706,27.19,24.75,3385,15312296.0,2.284486139306312e-05
2024-02-02,12:13:55,8.2748,27.19,24.75,3383,15312296.0,2.291805582424504e-05
2024-02-02,12:13:55,8.2791,27.19,24.75,3383,15312296.0,2.291805582424504e-05
2024-02-02,12:13:55,8.2834,27.19,24.75,3384,15312296.0,2.288142934135367e-05
2024-02-02,12:13:55,8.2877,27.19,24.75,3385,15312296.0,2.284486139306312e-05
2024-02-02,12:13:55,8.2919,27.19,24.75,3384,15312296.0,2.288142934135367e-05
2024-02-02,12:13:55,8.2962,27.19,24.75,3384,15312296.0,2.288142934135367e-05
2024-02-02,12:13:55,8.3004,27.19,24.75,3386,15312296.0,2.280835188582631e-05
2024-02-02,12:13:55,8.3046,27.19,24.75,3386,15312295.0,2.280835188582631e-05
2024-02-02,12:13:55,8.3089,27.19,24.75,3385,15312296.0,2.284486139306312e-05
2024-02-02,12:13:55,8.3131,27.19,24.75,3385,15312296.0,2.284486139306312e-05
2024-02-02,12:13:55,8.3174,27.19,24.75,3384,15312296.0,2.288142934135367e-05
2024-02-02,12:13:55,8.3217,27.19,24.75,3383,15312296.0,2.291805582424504e-05
2024-02-02,12:13:55,8.3259,27.19,24.75,3383,15312296.0,2.291805582424504e-05
2024-02-02,12:13:55,8.3302,27.19,24.75,3383,15312296.0,2.291805582424504e-05
2024-02-02,12:13:55,8.3345,27.19,24.75,3383,15312296.0,2.291805582424504e-05
2024-02-02,12:13:55,8.3387,27.19,24.75,3383,15312295.0,2.291805582424504e-05
2024-02-02,12:13:55,8.343,27.19,24.75,3384,15312295.0,2.288142934135367e-05
2024-02-02,12:13:55,8.3473,27.19,24.75,3385,15312296.0,2.284486139306312e-05
2024-02-02,12:13:55,8.3515,27.19,24.75,3384,15312296.0,2.288142934135367e-05
2024-02-02,12:13:55,8.3558,27.19,24.75,3383,15312296.0,2.291805582424504e-05
2024-02-02,12:13:55,8.36,27.19,24.75,3384,15312295.0,2.288142934135367e-05
2024-02-02,12:13:55,8.3643,27.19,24.75,3385,15312296.0,2.284486139306312e-05
2024-02-02,12:13:55,8.3685,27.19,24.75,3385,15312296.0,2.284486139306312e-05
2024-02-02,12:13:55,8.3728,27.19,24.75,3384,15312295.0,2.288142934135367e-05
2024-02-02,12:13:55,8.377,27.19,24.75,3384,15312295.0,2.288142934135367e-05
2024-02-02,12:13:55,8.3813,27.19,24.75,3384,15312296.0,2.288142934135367e-05
2024-02-02,12:13:55,8.3855,27.19,24.75,3385,15312296.0,2.284486139306312e-05
2024-02-02,12:13:55,8.3898,27.19,24.75,3385,15312295.0,2.284486139306312e-05
2024-02-02,12:13:55,8.394,27.19,24.75,3383,15312296.0,2.291805582424504e-05
2024-02-02,12:13:55,8.3983,27.19,24.75,3384,15312296.0,2.288142934135367e-05
2024-02-02,12:13:55,8.4026,27.19,24.75,3385,15312296.0,2.284486139306312e-05
2024-02-02,12:13:55,8.4069,27.19,24.75,3385,15312296.0,2.284486139306312e-05
2024-02-02,12:13:55,8.4111,27.19,24.75,3385,15312296.0,2.284486139306312e-05
2024-02-02,12:13:55,8.4154,27.19,24.75,3384,15312296.0,2.288142934135367e-05
2024-02-02,12:13:55,8.4196,27.19,24.75,3383,15312296.0,2.291805582424504e-05
2024-02-02,12:13:55,8.4239,27.19,24.75,3383,15312296.0,2.291805582424504e-05
2024-02-02,12:13:55,8.4282,27.19,24.75,3383,15312296.0,2.291805582424504e-05
2024-02-02,12:13:55,8.4325,27.19,24.75,3383,15312296.0,2.291805582424504e-05
2024-02-02,12:13:56,8.4367,27.19,24.75,3384,15312296.0,2.288142934135367e-05
2024-02-02,12:13:56,8.441,27.19,24.75,3384,15312296.0,2.288142934135367e-05
2024-02-02,12:13:56,8.4452,27.19,24.75,3383,15312296.0,2.291805582424504e-05
2024-02-02,12:13:56,8.4495,27.19,24.75,3383,15312296.0,2.291805582424504e-05
2024-02-02,12:13:56,8.4538,27.19,24.75,3383,15312296.0,2.291805582424504e-05
2024-02-02,12:13:56,8.458,27.19,24.75,3384,15312296.0,2.288142934135367e-05
2024-02-02,12:13:56,8.4623,27.19,24.75,3385,15312296.0,2.284486139306312e-05
2024-02-02,12:13:56,8.4665,27.19,24.75,3384,15312296.0,2.288142934135367e-05
2024-02-02,12:13:56,8.4708,27.19,24.75,3383,15312296.0,2.291805582424504e-05
2024-02-02,12:13:56,8.4751,27.19,24.75,3384,15312296.0,2.288142934135367e-05
2024-02-02,12:13:56,8.4793,27.19,24.75,3385,15312296.0,2.284486139306312e-05
2024-02-02,12:13:56,8.4836,27.19,24.75,3384,15312296.0,2.288142934135367e-05
2024-02-02,12:13:56,8.4878,27.19,24.75,3384,15312296.0,2.288142934135367e-05
2024-02-02,12:13:56,8.4921,27.19,24.75,3384,15312296.0,2.288142934135367e-05
2024-02-02,12:13:56,8.4964,27.19,24.75,3384,15312296.0,2.288142934135367e-05
2024-02-02,12:13:56,8.5006,27.19,24.75,3384,15312296.0,2.288142934135367e-05
2024-02-02,12:13:56,8.5049,27.19,24.75,3383,15312296.0,2.291805582424504e-05
2024-02-02,12:13:56,8.5091,27.19,24.75,3383,15312296.0,2.291805582424504e-05
2024-02-02,12:13:56,8.5135,27.19,24.75,3384,15312296.0,2.288142934135367e-05
2024-02-02,12:13:56,8.5177,27.19,24.75,3385,15312296.0,2.284486139306312e-05
2024-02-02,12:13:56,8.5219,27.19,24.75,3385,15312296.0,2.284486139306312e-05
2024-02-02,12:13:56,8.5262,27.19,24.75,3384,15312295.0,2.288142934135367e-05
2024-02-02,12:13:56,8.5304,27.19,24.75,3384,15312296.0,2.288142934135367e-05
2024-02-02,12:13:56,8.5347,27.19,24.75,3384,15312296.0,2.288142934135367e-05
2024-02-02,12:13:56,8.539,27.19,24.75,3384,15312296.0,2.288142934135367e-05
2024-02-02,12:13:56,8.5433,27.19,24.75,3384,15312296.0,2.288142934135367e-05
2024-02-02,12:13:56,8.5475,27.19,24.75,3384,15312296.0,2.288142934135367e-05
2024-02-02,12:13:56,8.5517,27.19,24.75,3385,15312296.0,2.284486139306312e-05
2024-02-02,12:13:56,8.556,27.19,24.75,3385,15312296.0,2.284486139306312e-05
2024-02-02,12:13:56,8.5603,27.19,24.75,3384,15312296.0,2.288142934135367e-05
2024-02-02,12:13:56,8.5645,27.19,24.75,3383,15312296.0,2.291805582424504e-05
2024-02-02,12:13:56,8.5688,27.19,24.75,3383,15312296.0,2.291805582424504e-05
2024-02-02,12:13:56,8.573,27.19,24.75,3383,15312296.0,2.291805582424504e-05
2024-02-02,12:13:56,8.5773,27.19,24.75,3384,15312296.0,2.288142934135367e-05
2024-02-02,12:13:56,8.5816,27.19,24.75,3385,15312296.0,2.284486139306312e-05
2024-02-02,12:13:56,8.5858,27.19,24.75,3384,15312296.0,2.288142934135367e-05
2024-02-02,12:13:56,8.5901,27.19,24.75,3384,15312296.0,2.288142934135367e-05
2024-02-02,12:13:56,8.5944,27.19,24.75,3384,15312296.0,2.288142934135367e-05
2024-02-02,12:13:56,8.5986,27.19,24.75,3385,15312295.0,2.284486139306312e-05
2024-02-02,12:13:56,8.6029,27.19,24.75,3385,15312295.0,2.284486139306312e-05
2024-02-02,12:13:56,8.6072,27.19,24.75,3384,15312296.0,2.288142934135367e-05
2024-02-02,12:13:56,8.6114,27.19,24.75,3384,15312296.0,2.288142934135367e-05
2024-02-02,12:13:56,8.6157,27.19,24.75,3383,15312296.0,2.291805582424504e-05
2024-02-02,12:13:56,8.6199,27.19,24.75,3383,15312296.0,2.291805582424504e-05
2024-02-02,12:13:56,8.6242,27.19,24.75,3382,15312296.0,2.2954740935434e-05
2024-02-02,12:13:56,8.6284,27.19,24.75,3382,15312296.0,2.2954740935434e-05
2024-02-02,12:13:56,8.6327,27.19,24.75,3383,15312296.0,2.291805582424504e-05
2024-02-02,12:13:56,8.637,27.19,24.75,3383,15312296.0,2.291805582424504e-05
2024-02-02,12:13:56,8.6413,27.19,24.75,3383,15312296.0,2.291805582424504e-05
2024-02-02,12:13:56,8.6455,27.19,24.75,3384,15312296.0,2.288142934135367e-05
2024-02-02,12:13:56,8.6498,27.19,24.75,3385,15312296.0,2.284486139306312e-05
2024-02-02,12:13:56,8.654,27.19,24.75,3385,15312296.0,2.284486139306312e-05
2024-02-02,12:13:56,8.6583,27.19,24.75,3384,15312296.0,2.288142934135367e-05
2024-02-02,12:13:56,8.6626,27.19,24.75,3383,15312296.0,2.291805582424504e-05
2024-02-02,12:13:56,8.6669,27.19,24.75,3383,15312296.0,2.291805582424504e-05
2024-02-02,12:13:56,8.6711,27.19,24.75,3383,15312296.0,2.291805582424504e-05
2024-02-02,12:13:56,8.6754,27.19,24.75,3382,15312297.0,2.2954740935434e-05
2024-02-02,12:13:56,8.6796,27.19,24.75,3382,15312296.0,2.2954740935434e-05
2024-02-02,12:13:56,8.6839,27.19,24.75,3383,15312296.0,2.291805582424504e-05
2024-02-02,12:13:56,8.6881,27.19,24.75,3384,15312297.0,2.288142934135367e-05
2024-02-02,12:13:56,8.6924,27.19,24.75,3385,15312296.0,2.284486139306312e-05
2024-02-02,12:13:56,8.6967,27.19,24.75,3384,15312296.0,2.288142934135367e-05
2024-02-02,12:13:56,8.7009,27.19,24.75,3384,15312296.0,2.288142934135367e-05
2024-02-02,12:13:56,8.7052,27.19,24.75,3385,15312296.0,2.284486139306312e-05
2024-02-02,12:13:56,8.7095,27.19,24.75,3385,15312296.0,2.284486139306312e-05
2024-02-02,12:13:56,8.7137,27.19,24.75,3384,15312296.0,2.288142934135367e-05
2024-02-02,12:13:56,8.718,27.19,24.75,3383,15312296.0,2.291805582424504e-05
2024-02-02,12:13:56,8.7223,27.19,24.75,3383,15312296.0,2.291805582424504e-05
2024-02-02,12:13:56,8.7265,27.19,24.75,3383,15312296.0,2.291805582424504e-05
2024-02-02,12:13:56,8.7308,27.19,24.75,3383,15312296.0,2.291805582424504e-05
2024-02-02,12:13:56,8.735,27.19,24.75,3384,15312296.0,2.288142934135367e-05
2024-02-02,12:13:56,8.7393,27.19,24.75,3385,15312296.0,2.284486139306312e-05
2024-02-02,12:13:56,8.7435,27.19,24.75,3385,15312296.0,2.284486139306312e-05
2024-02-02,12:13:56,8.7478,27.19,24.75,3385,15312296.0,2.284486139306312e-05
2024-02-02,12:13:56,8.7521,27.19,24.75,3385,15312296.0,2.284486139306312e-05
2024-02-02,12:13:56,8.7563,27.19,24.75,3384,15312296.0,2.288142934135367e-05
2024-02-02,12:13:56,8.7606,27.19,24.75,3383,15312296.0,2.291805582424504e-05
2024-02-02,12:13:56,8.7649,27.19,24.75,3383,15312296.0,2.291805582424504e-05
2024-02-02,12:13:56,8.7691,27.19,24.75,3384,15312296.0,2.288142934135367e-05
2024-02-02,12:13:56,8.7734,27.19,24.75,3384,15312296.0,2.288142934135367e-05
2024-02-02,12:13:56,8.7776,27.19,24.75,3383,15312296.0,2.291805582424504e-05
2024-02-02,12:13:56,8.7819,27.19,24.75,3383,15312296.0,2.291805582424504e-05
2024-02-02,12:13:56,8.7862,27.19,24.75,3383,15312296.0,2.291805582424504e-05
2024-02-02,12:13:56,8.7904,27.19,24.75,3383,15312296.0,2.291805582424504e-05
2024-02-02,12:13:56,8.7947,27.19,24.75,3384,15312296.0,2.288142934135367e-05
2024-02-02,12:13:56,8.799,27.19,24.75,3384,15312298.0,2.288142934135367e-05
2024-02-02,12:13:56,8.8033,27.19,24.75,3384,15312298.0,2.288142934135367e-05
2024-02-02,12:13:56,8.8075,27.19,24.75,3385,15312296.0,2.284486139306312e-05
2024-02-02,12:13:56,8.8118,27.19,24.75,3385,15312296.0,2.284486139306312e-05
2024-02-02,12:13:56,8.816,27.19,24.75,3384,15312296.0,2.288142934135367e-05
2024-02-02,12:13:56,8.8203,27.19,24.75,3384,15312296.0,2.288142934135367e-05
2024-02-02,12:13:56,8.8245,27.19,24.75,3384,15312296.0,2.288142934135367e-05
2024-02-02,12:13:56,8.8289,27.19,24.75,3383,15312296.0,2.291805582424504e-05
2024-02-02,12:13:56,8.8331,27.19,24.75,3383,15312297.0,2.291805582424504e-05
2024-02-02,12:13:56,8.8373,27.19,24.75,3384,15312296.0,2.288142934135367e-05
2024-02-02,12:13:56,8.8416,27.19,24.75,3385,15312296.0,2.284486139306312e-05
2024-02-02,12:13:56,8.8459,27.19,24.75,3384,15312297.0,2.288142934135367e-05
2024-02-02,12:13:56,8.8502,27.19,24.75,3383,15312296.0,2.291805582424504e-05
2024-02-02,12:13:56,8.8544,27.19,24.75,3384,15312296.0,2.288142934135367e-05
2024-02-02,12:13:56,8.8587,27.19,24.75,3384,15312296.0,2.288142934135367e-05
2024-02-02,12:13:56,8.8629,27.19,24.75,3384,15312296.0,2.288142934135367e-05
2024-02-02,12:13:56,8.8671,27.19,24.75,3384,15312296.0,2.288142934135367e-05
2024-02-02,12:13:56,8.8714,27.19,24.75,3383,15312296.0,2.291805582424504e-05
2024-02-02,12:13:56,8.8757,27.19,24.75,3383,15312296.0,2.291805582424504e-05
2024-02-02,12:13:56,8.88,27.19,24.75,3383,15312296.0,2.291805582424504e-05
2024-02-02,12:13:56,8.8842,27.19,24.75,3383,15312296.0,2.291805582424504e-05
2024-02-02,12:13:56,8.8885,27.19,24.75,3384,15312296.0,2.288142934135367e-05
2024-02-02,12:13:56,8.8928,27.19,24.75,3385,15312296.0,2.284486139306312e-05
2024-02-02,12:13:56,8.897,27.19,24.75,3385,15312296.0,2.284486139306312e-05
2024-02-02,12:13:56,8.9013,27.19,24.75,3384,15312296.0,2.288142934135367e-05
2024-02-02,12:13:56,8.9056,27.19,24.75,3383,15312296.0,2.291805582424504e-05
2024-02-02,12:13:56,8.9098,27.19,24.75,3383,15312296.0,2.291805582424504e-05
2024-02-02,12:13:56,8.9141,27.19,24.75,3383,15312296.0,2.291805582424504e-05
2024-02-02,12:13:56,8.9183,27.19,24.75,3383,15312296.0,2.291805582424504e-05
2024-02-02,12:13:56,8.9226,27.19,24.75,3384,15312296.0,2.288142934135367e-05
2024-02-02,12:13:56,8.9268,27.19,24.75,3384,15312296.0,2.288142934135367e-05
2024-02-02,12:13:56,8.9311,27.19,24.75,3385,15312296.0,2.284486139306312e-05
2024-02-02,12:13:56,8.9354,27.19,24.75,3385,15312296.0,2.284486139306312e-05
2024-02-02,12:13:56,8.9396,27.19,24.75,3384,15312296.0,2.288142934135367e-05
2024-02-02,12:13:56,8.9439,27.19,24.75,3384,15312296.0,2.288142934135367e-05
2024-02-02,12:13:56,8.9481,27.19,24.75,3383,15312296.0,2.291805582424504e-05
2024-02-02,12:13:56,8.9524,27.19,24.75,3383,15312296.0,2.291805582424504e-05
2024-02-02,12:13:56,8.9567,27.19,24.75,3384,15312296.0,2.288142934135367e-05
2024-02-02,12:13:56,8.961,27.19,24.75,3384,15312296.0,2.288142934135367e-05
2024-02-02,12:13:56,8.9652,27.19,24.75,3384,15312296.0,2.288142934135367e-05
2024-02-02,12:13:56,8.9695,27.19,24.75,3385,15312296.0,2.284486139306312e-05
2024-02-02,12:13:56,8.9737,27.19,24.75,3385,15312296.0,2.284486139306312e-05
2024-02-02,12:13:56,8.978,27.19,24.75,3384,15312296.0,2.288142934135367e-05
2024-02-02,12:13:56,8.9823,27.19,24.75,3385,15312296.0,2.284486139306312e-05
2024-02-02,12:13:56,8.9865,27.19,24.75,3385,15312296.0,2.284486139306312e-05
2024-02-02,12:13:56,8.9907,27.19,24.75,3383,15312296.0,2.291805582424504e-05
2024-02-02,12:13:56,8.995,27.19,24.75,3383,15312296.0,2.291805582424504e-05
2024-02-02,12:13:56,8.9993,27.19,24.75,3383,15312292.0,2.291805582424504e-05
2024-02-02,12:13:56,9.0035,27.19,24.75,3383,15312293.0,2.291805582424504e-05
2024-02-02,12:13:56,9.0078,27.19,24.75,3384,15312296.0,2.288142934135367e-05
2024-02-02,12:13:56,9.012,27.19,24.75,3384,15312296.0,2.288142934135367e-05
2024-02-02,12:13:56,9.0163,27.19,24.75,3384,15312296.0,2.288142934135367e-05
2024-02-02,12:13:56,9.0205,27.19,24.75,3384,15312296.0,2.288142934135367e-05
2024-02-02,12:13:56,9.0248,27.19,24.75,3384,15312296.0,2.288142934135367e-05
2024-02-02,12:13:56,9.0291,27.19,24.75,3384,15312296.0,2.288142934135367e-05
2024-02-02,12:13:56,9.0333,27.19,24.75,3383,15312296.0,2.291805582424504e-05
2024-02-02,12:13:56,9.0376,27.19,24.75,3384,15312296.0,2.288142934135367e-05
2024-02-02,12:13:56,9.0418,27.19,24.75,3384,15312296.0,2.288142934135367e-05
2024-02-02,12:13:56,9.0461,27.19,24.75,3383,15312296.0,2.291805582424504e-05
2024-02-02,12:13:56,9.0503,27.19,24.75,3383,15312296.0,2.291805582424504e-05
2024-02-02,12:13:56,9.0547,27.19,24.75,3383,15312296.0,2.291805582424504e-05
2024-02-02,12:13:56,9.0589,27.19,24.75,3384,15312296.0,2.288142934135367e-05
2024-02-02,12:13:56,9.0631,27.19,24.75,3384,15312296.0,2.288142934135367e-05
2024-02-02,12:13:56,9.0674,27.19,24.75,3384,15312296.0,2.288142934135367e-05
2024-02-02,12:13:56,9.0717,27.19,24.75,3384,15312296.0,2.288142934135367e-05
2024-02-02,12:13:56,9.0759,27.19,24.75,3383,15312296.0,2.291805582424504e-05
2024-02-02,12:13:56,9.0802,27.19,24.75,3383,15312296.0,2.291805582424504e-05
2024-02-02,12:13:56,9.0844,27.19,24.75,3384,15312296.0,2.288142934135367e-05
2024-02-02,12:13:56,9.0887,27.19,24.75,3384,15312296.0,2.288142934135367e-05
2024-02-02,12:13:56,9.093,27.19,24.75,3384,15312296.0,2.288142934135367e-05
2024-02-02,12:13:56,9.0972,27.19,24.75,3384,15312296.0,2.288142934135367e-05
2024-02-02,12:13:56,9.1015,27.19,24.75,3384,15312296.0,2.288142934135367e-05
2024-02-02,12:13:56,9.1058,27.19,24.75,3384,15312296.0,2.288142934135367e-05
2024-02-02,12:13:56,9.11,27.19,24.75,3384,15312296.0,2.288142934135367e-05
2024-02-02,12:13:56,9.1143,27.19,24.75,3384,15312296.0,2.288142934135367e-05
2024-02-02,12:13:56,9.1186,27.19,24.75,3383,15312296.0,2.291805582424504e-05
2024-02-02,12:13:56,9.1228,27.19,24.75,3383,15312296.0,2.291805582424504e-05
2024-02-02,12:13:56,9.1271,27.19,24.75,3383,15312296.0,2.291805582424504e-05
2024-02-02,12:13:56,9.1314,27.19,24.75,3383,15312296.0,2.291805582424504e-05
2024-02-02,12:13:56,9.1356,27.19,24.75,3383,15312296.0,2.291805582424504e-05
2024-02-02,12:13:56,9.1399,27.19,24.75,3383,15312296.0,2.291805582424504e-05
2024-02-02,12:13:56,9.1441,27.19,24.75,3384,15312296.0,2.288142934135367e-05
2024-02-02,12:13:56,9.1484,27.19,24.75,3385,15312296.0,2.284486139306312e-05
2024-02-02,12:13:56,9.1526,27.19,24.75,3385,15312296.0,2.284486139306312e-05
2024-02-02,12:13:56,9.1569,27.19,24.75,3385,15312296.0,2.284486139306312e-05
2024-02-02,12:13:56,9.1612,27.19,24.75,3384,15312297.0,2.288142934135367e-05
2024-02-02,12:13:56,9.1655,27.19,24.75,3383,15312296.0,2.291805582424504e-05
2024-02-02,12:13:56,9.1697,27.19,24.75,3383,15312296.0,2.291805582424504e-05
2024-02-02,12:13:56,9.174,27.19,24.75,3383,15312296.0,2.291805582424504e-05
2024-02-02,12:13:56,9.1783,27.19,24.75,3384,15312296.0,2.288142934135367e-05
2024-02-02,12:13:56,9.1825,27.19,24.75,3384,15312296.0,2.288142934135367e-05
2024-02-02,12:13:56,9.1867,27.19,24.75,3385,15312296.0,2.284486139306312e-05
2024-02-02,12:13:56,9.191,27.19,24.75,3385,15312296.0,2.284486139306312e-05
2024-02-02,12:13:56,9.1953,27.19,24.75,3384,15312296.0,2.288142934135367e-05
2024-02-02,12:13:56,9.1995,27.19,24.75,3385,15312296.0,2.284486139306312e-05
2024-02-02,12:13:56,9.2038,27.19,24.75,3385,15312296.0,2.284486139306312e-05
2024-02-02,12:13:56,9.2081,27.19,24.75,3385,15312296.0,2.284486139306312e-05
2024-02-02,12:13:56,9.2123,27.19,24.75,3385,15312296.0,2.284486139306312e-05
2024-02-02,12:13:56,9.2166,27.19,24.75,3384,15312296.0,2.288142934135367e-05
2024-02-02,12:13:56,9.2209,27.19,24.75,3384,15312296.0,2.288142934135367e-05
2024-02-02,12:13:56,9.2251,27.19,24.75,3384,15312296.0,2.288142934135367e-05
2024-02-02,12:13:56,9.2294,27.19,24.75,3384,15312296.0,2.288142934135367e-05
2024-02-02,12:13:56,9.2337,27.19,24.75,3384,15312296.0,2.288142934135367e-05
2024-02-02,12:13:56,9.2379,27.19,24.75,3384,15312296.0,2.288142934135367e-05
2024-02-02,12:13:56,9.2422,27.19,24.75,3384,15312296.0,2.288142934135367e-05
2024-02-02,12:13:56,9.2464,27.19,24.75,3383,15312296.0,2.291805582424504e-05
2024-02-02,12:13:56,9.2507,27.19,24.75,3382,15312296.0,2.2954740935434e-05
2024-02-02,12:13:56,9.255,27.19,24.75,3383,15312296.0,2.291805582424504e-05
2024-02-02,12:13:56,9.2592,27.19,24.75,3384,15312296.0,2.288142934135367e-05
2024-02-02,12:13:56,9.2635,27.19,24.75,3384,15312296.0,2.288142934135367e-05
2024-02-02,12:13:56,9.2678,27.19,24.75,3384,15312296.0,2.288142934135367e-05
2024-02-02,12:13:56,9.272,27.19,24.75,3384,15312296.0,2.288142934135367e-05
2024-02-02,12:13:56,9.2763,27.19,24.75,3385,15312296.0,2.284486139306312e-05
2024-02-02,12:13:56,9.2805,27.19,24.75,3384,15312296.0,2.288142934135367e-05
2024-02-02,12:13:56,9.2848,27.19,24.75,3384,15312296.0,2.288142934135367e-05
2024-02-02,12:13:56,9.2891,27.19,24.75,3385,15312296.0,2.284486139306312e-05
2024-02-02,12:13:56,9.2933,27.19,24.75,3385,15312296.0,2.284486139306312e-05
2024-02-02,12:13:56,9.2976,27.19,24.75,3385,15312296.0,2.284486139306312e-05
2024-02-02,12:13:56,9.3018,27.19,24.75,3384,15312296.0,2.288142934135367e-05
2024-02-02,12:13:56,9.3061,27.19,24.75,3383,15312296.0,2.291805582424504e-05
2024-02-02,12:13:56,9.3104,27.19,24.75,3384,15312296.0,2.288142934135367e-05
2024-02-02,12:13:56,9.3147,27.19,24.75,3385,15312296.0,2.284486139306312e-05
2024-02-02,12:13:56,9.3189,27.19,24.75,3384,15312296.0,2.288142934135367e-05
2024-02-02,12:13:56,9.3232,27.19,24.75,3384,15312296.0,2.288142934135367e-05
2024-02-02,12:13:56,9.3275,27.19,24.75,3385,15312296.0,2.284486139306312e-05
2024-02-02,12:13:56,9.3317,27.19,24.75,3385,15312296.0,2.284486139306312e-05
2024-02-02,12:13:56,9.336,27.19,24.75,3384,15312296.0,2.288142934135367e-05
2024-02-02,12:13:56,9.3403,27.19,24.75,3384,15312296.0,2.288142934135367e-05
2024-02-02,12:13:56,9.3445,27.19,24.75,3384,15312296.0,2.288142934135367e-05
2024-02-02,12:13:56,9.3488,27.19,24.75,3384,15312296.0,2.288142934135367e-05
2024-02-02,12:13:56,9.353,27.19,24.75,3384,15312296.0,2.288142934135367e-05
2024-02-02,12:13:56,9.3573,27.19,24.75,3383,15312296.0,2.291805582424504e-05
2024-02-02,12:13:56,9.3615,27.19,24.75,3383,15312296.0,2.291805582424504e-05
2024-02-02,12:13:56,9.3658,27.19,24.75,3384,15312296.0,2.288142934135367e-05
2024-02-02,12:13:56,9.3701,27.19,24.75,3385,15312296.0,2.284486139306312e-05
2024-02-02,12:13:56,9.3743,27.19,24.75,3385,15312296.0,2.284486139306312e-05
2024-02-02,12:13:56,9.3786,27.19,24.75,3384,15312296.0,2.288142934135367e-05
2024-02-02,12:13:56,9.3829,27.19,24.75,3384,15312296.0,2.288142934135367e-05
2024-02-02,12:13:56,9.3871,27.19,24.75,3385,15312296.0,2.284486139306312e-05
2024-02-02,12:13:56,9.3913,27.19,24.75,3385,15312296.0,2.284486139306312e-05
2024-02-02,12:13:56,9.3956,27.19,24.75,3385,15312296.0,2.284486139306312e-05
2024-02-02,12:13:56,9.3998,27.19,24.75,3384,15312296.0,2.288142934135367e-05
2024-02-02,12:13:56,9.4041,27.19,24.75,3385,15312296.0,2.284486139306312e-05
2024-02-02,12:13:56,9.4084,27.19,24.75,3385,15312297.0,2.284486139306312e-05
2024-02-02,12:13:56,9.4127,27.19,24.75,3383,15312296.0,2.291805582424504e-05
2024-02-02,12:13:56,9.417,27.19,24.75,3384,15312296.0,2.288142934135367e-05
2024-02-02,12:13:56,9.4212,27.19,24.75,3385,15312296.0,2.284486139306312e-05
2024-02-02,12:13:56,9.4254,27.19,24.75,3385,15312296.0,2.284486139306312e-05
2024-02-02,12:13:56,9.4297,27.19,24.75,3384,15312296.0,2.288142934135367e-05
2024-02-02,12:13:56,9.434,27.19,24.75,3385,15312296.0,2.284486139306312e-05
2024-02-02,12:13:57,9.4382,27.19,24.75,3386,15312296.0,2.280835188582631e-05
2024-02-02,12:13:57,9.4425,27.19,24.75,3385,15312296.0,2.284486139306312e-05
2024-02-02,12:13:57,9.4467,27.19,24.75,3385,15312296.0,2.284486139306312e-05
2024-02-02,12:13:57,9.451,27.19,24.75,3384,15312296.0,2.288142934135367e-05
2024-02-02,12:13:57,9.4552,27.19,24.75,3383,15312296.0,2.291805582424504e-05
2024-02-02,12:13:57,9.4595,27.19,24.75,3384,15312296.0,2.288142934135367e-05
2024-02-02,12:13:57,9.4638,27.19,24.75,3384,15312296.0,2.288142934135367e-05
2024-02-02,12:13:57,9.468,27.19,24.75,3384,15312296.0,2.288142934135367e-05
2024-02-02,12:13:57,9.4723,27.19,24.75,3385,15312296.0,2.284486139306312e-05
2024-02-02,12:13:57,9.4765,27.19,24.75,3385,15312296.0,2.284486139306312e-05
2024-02-02,12:13:57,9.4808,27.19,24.75,3385,15312296.0,2.284486139306312e-05
2024-02-02,12:13:57,9.485,27.19,24.75,3384,15312295.0,2.288142934135367e-05
2024-02-02,12:13:57,9.4893,27.19,24.75,3384,15312296.0,2.288142934135367e-05
2024-02-02,12:13:57,9.4935,27.19,24.75,3385,15312296.0,2.284486139306312e-05
2024-02-02,12:13:57,9.4978,27.19,24.75,3384,15312296.0,2.288142934135367e-05
2024-02-02,12:13:57,9.5021,27.19,24.75,3385,15312295.0,2.284486139306312e-05
2024-02-02,12:13:57,9.5063,27.19,24.75,3385,15312295.0,2.284486139306312e-05
2024-02-02,12:13:57,9.5106,27.19,24.75,3384,15312296.0,2.288142934135367e-05
2024-02-02,12:13:57,9.5149,27.19,24.75,3384,15312296.0,2.288142934135367e-05
2024-02-02,12:13:57,9.5191,27.19,24.75,3384,15312296.0,2.288142934135367e-05
2024-02-02,12:13:57,9.5234,27.19,24.75,3384,15312296.0,2.288142934135367e-05
2024-02-02,12:13:57,9.5276,27.19,24.75,3383,15312296.0,2.291805582424504e-05
2024-02-02,12:13:57,9.5319,27.19,24.75,3383,15312296.0,2.291805582424504e-05
2024-02-02,12:13:57,9.5361,27.19,24.75,3384,15312295.0,2.288142934135367e-05
2024-02-02,12:13:57,9.5404,27.19,24.75,3384,15312295.0,2.288142934135367e-05
2024-02-02,12:13:57,9.5446,27.19,24.75,3383,15312296.0,2.291805582424504e-05
2024-02-02,12:13:57,9.5489,27.19,24.75,3383,15312296.0,2.291805582424504e-05
2024-02-02,12:13:57,9.5532,27.19,24.75,3385,15312295.0,2.284486139306312e-05
2024-02-02,12:13:57,9.5575,27.19,24.75,3385,15312295.0,2.284486139306312e-05
2024-02-02,12:13:57,9.5617,27.19,24.75,3384,15312296.0,2.288142934135367e-05
2024-02-02,12:13:57,9.566,27.19,24.75,3384,15312296.0,2.288142934135367e-05
2024-02-02,12:13:57,9.5702,27.19,24.75,3384,15312295.0,2.288142934135367e-05
2024-02-02,12:13:57,9.5745,27.19,24.75,3385,15312296.0,2.284486139306312e-05
2024-02-02,12:13:57,9.5787,27.19,24.75,3384,15312296.0,2.288142934135367e-05
2024-02-02,12:13:57,9.583,27.19,24.75,3384,15312296.0,2.288142934135367e-05
2024-02-02,12:13:57,9.5873,27.19,24.75,3385,15312296.0,2.284486139306312e-05
2024-02-02,12:13:57,9.5915,27.19,24.75,3385,15312296.0,2.284486139306312e-05
2024-02-02,12:13:57,9.5958,27.19,24.75,3384,15312296.0,2.288142934135367e-05
2024-02-02,12:13:57,9.6,27.19,24.75,3384,15312296.0,2.288142934135367e-05
2024-02-02,12:13:57,9.6043,27.19,24.75,3388,15312295.0,2.273550782107305e-05
2024-02-02,12:13:57,9.6086,27.19,24.75,3388,15312295.0,2.273550782107305e-05
2024-02-02,12:13:57,9.6129,27.19,24.75,3384,15312296.0,2.288142934135367e-05
2024-02-02,12:13:57,9.6171,27.19,24.75,3383,15312296.0,2.291805582424504e-05
2024-02-02,12:13:57,9.6214,27.19,24.75,3383,15312296.0,2.291805582424504e-05
2024-02-02,12:13:57,9.6256,27.19,24.75,3384,15312296.0,2.288142934135367e-05
2024-02-02,12:13:57,9.6299,27.19,24.75,3384,15312296.0,2.288142934135367e-05
2024-02-02,12:13:57,9.6341,27.19,24.75,3383,15312296.0,2.291805582424504e-05
2024-02-02,12:13:57,9.6384,27.19,24.75,3384,15312296.0,2.288142934135367e-05
2024-02-02,12:13:57,9.6427,27.19,24.75,3384,15312296.0,2.288142934135367e-05
2024-02-02,12:13:57,9.6469,27.19,24.75,3382,15312296.0,2.2954740935434e-05
2024-02-02,12:13:57,9.6512,27.19,24.75,3382,15312296.0,2.2954740935434e-05
2024-02-02,12:13:57,9.6554,27.19,24.75,3383,15312296.0,2.291805582424504e-05
2024-02-02,12:13:57,9.6597,27.19,24.75,3383,15312296.0,2.291805582424504e-05
2024-02-02,12:13:57,9.6639,27.19,24.75,3385,15312295.0,2.284486139306312e-05
2024-02-02,12:13:57,9.6682,27.19,24.75,3385,15312295.0,2.284486139306312e-05
2024-02-02,12:13:57,9.6725,27.19,24.75,3383,15312295.0,2.291805582424504e-05
2024-02-02,12:13:57,9.6767,27.19,24.75,3383,15312295.0,2.291805582424504e-05
2024-02-02,12:13:57,9.681,27.19,24.75,3384,15312295.0,2.288142934135367e-05
2024-02-02,12:13:57,9.6852,27.19,24.75,3384,15312295.0,2.288142934135367e-05
2024-02-02,12:13:57,9.6895,27.19,24.75,3384,15312295.0,2.288142934135367e-05
2024-02-02,12:13:57,9.6938,27.19,24.75,3384,15312296.0,2.288142934135367e-05
2024-02-02,12:13:57,9.698,27.19,24.75,3382,15312296.0,2.2954740935434e-05
2024-02-02,12:13:57,9.7023,27.19,24.75,3383,15312296.0,2.291805582424504e-05
2024-02-02,12:13:57,9.7066,27.19,24.75,3384,15312296.0,2.288142934135367e-05
2024-02-02,12:13:57,9.7108,27.19,24.75,3383,15312296.0,2.291805582424504e-05
2024-02-02,12:13:57,9.7151,27.19,24.75,3384,15312295.0,2.288142934135367e-05
2024-02-02,12:13:57,9.7193,27.19,24.75,3384,15312295.0,2.288142934135367e-05
2024-02-02,12:13:57,9.7236,27.19,24.75,3384,15312296.0,2.288142934135367e-05
2024-02-02,12:13:57,9.7278,27.19,24.75,3384,15312296.0,2.288142934135367e-05
2024-02-02,12:13:57,9.7321,27.19,24.75,3384,15312295.0,2.288142934135367e-05
2024-02-02,12:13:57,9.7364,27.19,24.75,3385,15312295.0,2.284486139306312e-05
2024-02-02,12:13:57,9.7406,27.19,24.75,3383,15312296.0,2.291805582424504e-05
2024-02-02,12:13:57,9.7449,27.19,24.75,3382,15312296.0,2.2954740935434e-05
2024-02-02,12:13:57,9.7492,27.19,24.75,3384,15312295.0,2.288142934135367e-05
2024-02-02,12:13:57,9.7534,27.19,24.75,3384,15312295.0,2.288142934135367e-05
2024-02-02,12:13:57,9.7577,27.19,24.75,3384,15312295.0,2.288142934135367e-05
2024-02-02,12:13:57,9.762,27.19,24.75,3384,15312296.0,2.288142934135367e-05
2024-02-02,12:13:57,9.7662,27.19,24.75,3384,15312296.0,2.288142934135367e-05
2024-02-02,12:13:57,9.7704,27.19,24.75,3385,15312296.0,2.284486139306312e-05
2024-02-02,12:13:57,9.7747,27.19,24.75,3384,15312296.0,2.288142934135367e-05
2024-02-02,12:13:57,9.7789,27.19,24.75,3383,15312296.0,2.291805582424504e-05
2024-02-02,12:13:57,9.7832,27.19,24.75,3382,15312296.0,2.2954740935434e-05
2024-02-02,12:13:57,9.7875,27.19,24.75,3382,15312296.0,2.2954740935434e-05
2024-02-02,12:13:57,9.7917,27.19,24.75,3383,15312296.0,2.291805582424504e-05
2024-02-02,12:13:57,9.796,27.19,24.75,3383,15312296.0,2.291805582424504e-05
2024-02-02,12:13:57,9.8003,27.19,24.75,3384,15312295.0,2.288142934135367e-05
2024-02-02,12:13:57,9.8046,27.19,24.75,3384,15312296.0,2.288142934135367e-05
2024-02-02,12:13:57,9.8088,27.19,24.75,3383,15312296.0,2.291805582424504e-05
2024-02-02,12:13:57,9.8131,27.19,24.75,3384,15312296.0,2.288142934135367e-05
2024-02-02,12:13:57,9.8174,27.19,24.75,3385,15312296.0,2.284486139306312e-05
2024-02-02,12:13:57,9.8216,27.19,24.75,3385,15312295.0,2.284486139306312e-05
2024-02-02,12:13:57,9.8259,27.19,24.75,3385,15312295.0,2.284486139306312e-05
2024-02-02,12:13:57,9.8301,27.19,24.75,3384,15312295.0,2.288142934135367e-05
2024-02-02,12:13:57,9.8344,27.19,24.75,3384,15312295.0,2.288142934135367e-05
2024-02-02,12:13:57,9.8387,27.19,24.75,3384,15312295.0,2.288142934135367e-05
2024-02-02,12:13:57,9.8429,27.19,24.75,3383,15312296.0,2.291805582424504e-05
2024-02-02,12:13:57,9.8472,27.19,24.75,3383,15312296.0,2.291805582424504e-05
2024-02-02,12:13:57,9.8515,27.19,24.75,3383,15312295.0,2.291805582424504e-05
2024-02-02,12:13:57,9.8557,27.19,24.75,3383,15312295.0,2.291805582424504e-05
2024-02-02,12:13:57,9.86,27.19,24.75,3383,15312295.0,2.291805582424504e-05
2024-02-02,12:13:57,9.8642,27.19,24.75,3383,15312296.0,2.291805582424504e-05
2024-02-02,12:13:57,9.8685,27.19,24.75,3384,15312295.0,2.288142934135367e-05
2024-02-02,12:13:57,9.8728,27.19,24.75,3384,15312295.0,2.288142934135367e-05
2024-02-02,12:13:57,9.877,27.19,24.75,3385,15312295.0,2.284486139306312e-05
2024-02-02,12:13:57,9.8813,27.19,24.75,3385,15312295.0,2.284486139306312e-05
2024-02-02,12:13:57,9.8855,27.19,24.75,3383,15312296.0,2.291805582424504e-05
2024-02-02,12:13:57,9.8898,27.19,24.75,3383,15312296.0,2.291805582424504e-05
2024-02-02,12:13:57,9.8941,27.19,24.75,3384,15312295.0,2.288142934135367e-05
2024-02-02,12:13:57,9.8983,27.19,24.75,3384,15312295.0,2.288142934135367e-05
2024-02-02,12:13:57,9.9026,27.19,24.75,3383,15312296.0,2.291805582424504e-05
2024-02-02,12:13:57,9.9069,27.19,24.75,3384,15312296.0,2.288142934135367e-05
2024-02-02,12:13:57,9.9112,27.19,24.75,3385,15312295.0,2.284486139306312e-05
2024-02-02,12:13:57,9.9154,27.19,24.75,3385,15312296.0,2.284486139306312e-05
2024-02-02,12:13:57,9.9196,27.19,24.75,3385,15312296.0,2.284486139306312e-05
2024-02-02,12:13:57,9.9239,27.19,24.75,3385,15312295.0,2.284486139306312e-05
2024-02-02,12:13:57,9.9281,27.19,24.75,3385,15312295.0,2.284486139306312e-05
2024-02-02,12:13:57,9.9324,27.19,24.75,3384,15312295.0,2.288142934135367e-05
2024-02-02,12:13:57,9.9367,27.19,24.75,3383,15312296.0,2.291805582424504e-05
2024-02-02,12:13:57,9.941,27.19,24.75,3383,15312296.0,2.291805582424504e-05
2024-02-02,12:13:57,9.9452,27.19,24.75,3384,15312295.0,2.288142934135367e-05
2024-02-02,12:13:57,9.9494,27.19,24.75,3385,15312295.0,2.284486139306312e-05
2024-02-02,12:13:57,9.9537,27.19,24.75,3384,15312296.0,2.288142934135367e-05
2024-02-02,12:13:57,9.9579,27.19,24.75,3383,15312295.0,2.291805582424504e-05
2024-02-02,12:13:57,9.9622,27.19,24.75,3384,15312295.0,2.288142934135367e-05
2024-02-02,12:13:57,9.9665,27.19,24.75,3384,15312295.0,2.288142934135367e-05
2024-02-02,12:13:57,9.9708,27.19,24.75,3384,15312295.0,2.288142934135367e-05
2024-02-02,12:13:57,9.975,27.19,24.75,3385,15312296.0,2.284486139306312e-05
2024-02-02,12:13:57,9.9792,27.19,24.75,3385,15312296.0,2.284486139306312e-05
2024-02-02,12:13:57,9.9835,27.19,24.75,3385,15312295.0,2.284486139306312e-05
2024-02-02,12:13:57,9.9877,27.19,24.75,3384,15312296.0,2.288142934135367e-05
2024-02-02,12:13:57,9.992,27.19,24.75,3383,15312295.0,2.291805582424504e-05
2024-02-02,12:13:57,9.9963,27.19,24.75,3383,15312295.0,2.291805582424504e-05
2024-02-02,12:13:57,10.0005,27.19,24.75,3384,15312296.0,2.288142934135367e-05
2024-02-02,12:13:57,10.0048,27.25,24.75,3384,15312294.0,2.288142934135367e-05
2024-02-02,12:13:57,10.0091,27.25,24.75,3383,15312293.0,2.291805582424504e-05
2024-02-02,12:13:57,10.0133,27.25,24.75,3385,15312294.0,2.284486139306312e-05
2024-02-02,12:13:57,10.0176,27.25,24.75,3385,15312295.0,2.284486139306312e-05
2024-02-02,12:13:57,10.0219,27.25,24.75,3385,15312295.0,2.284486139306312e-05
2024-02-02,12:13:57,10.0262,27.25,24.75,3385,15312295.0,2.284486139306312e-05
2024-02-02,12:13:57,10.0304,27.25,24.75,3383,15312295.0,2.291805582424504e-05
2024-02-02,12:13:57,10.0347,27.25,24.75,3383,15312295.0,2.291805582424504e-05
2024-02-02,12:13:57,10.0389,27.25,24.75,3384,15312295.0,2.288142934135367e-05
2024-02-02,12:13:57,10.0432,27.25,24.75,3384,15312295.0,2.288142934135367e-05
2024-02-02,12:13:57,10.0475,27.25,24.75,3383,15312295.0,2.291805582424504e-05
2024-02-02,12:13:57,10.0517,27.25,24.75,3384,15312295.0,2.288142934135367e-05
2024-02-02,12:13:57,10.0559,27.25,24.75,3384,15312296.0,2.288142934135367e-05
2024-02-02,12:13:57,10.0602,27.25,24.75,3383,15312295.0,2.291805582424504e-05
2024-02-02,12:13:57,10.0645,27.25,24.75,3384,15312295.0,2.288142934135367e-05
2024-02-02,12:13:57,10.0687,27.25,24.75,3384,15312295.0,2.288142934135367e-05
2024-02-02,12:13:57,10.073,27.25,24.75,3384,15312295.0,2.288142934135367e-05
2024-02-02,12:13:57,10.0773,27.25,24.75,3384,15312295.0,2.288142934135367e-05
2024-02-02,12:13:57,10.0816,27.25,24.75,3385,15312295.0,2.284486139306312e-05
2024-02-02,12:13:57,10.0858,27.25,24.75,3386,15312295.0,2.280835188582631e-05
2024-02-02,12:13:57,10.0901,27.25,24.75,3384,15312295.0,2.288142934135367e-05
2024-02-02,12:13:57,10.0943,27.25,24.75,3383,15312295.0,2.291805582424504e-05
2024-02-02,12:13:57,10.0986,27.25,24.75,3383,15312295.0,2.291805582424504e-05
2024-02-02,12:13:57,10.1028,27.25,24.75,3384,15312295.0,2.288142934135367e-05
2024-02-02,12:13:57,10.1071,27.25,24.75,3384,15312295.0,2.288142934135367e-05
2024-02-02,12:13:57,10.1114,27.25,24.75,3384,15312295.0,2.288142934135367e-05
2024-02-02,12:13:57,10.1156,27.25,24.75,3384,15312295.0,2.288142934135367e-05
2024-02-02,12:13:57,10.1199,27.25,24.75,3383,15312295.0,2.291805582424504e-05
2024-02-02,12:13:57,10.1241,27.25,24.75,3384,15312295.0,2.288142934135367e-05
2024-02-02,12:13:57,10.1284,27.25,24.75,3384,15312295.0,2.288142934135367e-05
2024-02-02,12:13:57,10.1327,27.25,24.75,3384,15312295.0,2.288142934135367e-05
2024-02-02,12:13:57,10.1369,27.25,24.75,3385,15312295.0,2.284486139306312e-05
2024-02-02,12:13:57,10.1411,27.25,24.75,3385,15312295.0,2.284486139306312e-05
2024-02-02,12:13:57,10.1454,27.25,24.75,3384,15312295.0,2.288142934135367e-05
2024-02-02,12:13:57,10.1497,27.25,24.75,3383,15312295.0,2.291805582424504e-05
2024-02-02,12:13:57,10.1539,27.25,24.75,3383,15312295.0,2.291805582424504e-05
2024-02-02,12:13:57,10.1582,27.25,24.75,3383,15312295.0,2.291805582424504e-05
2024-02-02,12:13:57,10.1624,27.25,24.75,3383,15312295.0,2.291805582424504e-05
2024-02-02,12:13:57,10.1667,27.25,24.75,3384,15312295.0,2.288142934135367e-05
2024-02-02,12:13:57,10.171,27.25,24.75,3384,15312295.0,2.288142934135367e-05
2024-02-02,12:13:57,10.1752,27.25,24.75,3385,15312295.0,2.284486139306312e-05
2024-02-02,12:13:57,10.1795,27.25,24.75,3385,15312295.0,2.284486139306312e-05
2024-02-02,12:13:57,10.1838,27.25,24.75,3383,15312295.0,2.291805582424504e-05
2024-02-02,12:13:57,10.188,27.25,24.75,3383,15312295.0,2.291805582424504e-05
2024-02-02,12:13:57,10.1923,27.25,24.75,3384,15312294.0,2.288142934135367e-05
2024-02-02,12:13:57,10.1966,27.25,24.75,3384,15312294.0,2.288142934135367e-05
2024-02-02,12:13:57,10.2008,27.25,24.75,3383,15312295.0,2.291805582424504e-05
2024-02-02,12:13:57,10.2051,27.25,24.75,3383,15312300.0,2.291805582424504e-05
2024-02-02,12:13:57,10.2093,27.25,24.75,3382,15312300.0,2.2954740935434e-05
2024-02-02,12:13:57,10.2136,27.25,24.75,3382,15312295.0,2.2954740935434e-05
2024-02-02,12:13:57,10.2179,27.25,24.75,3383,15312295.0,2.291805582424504e-05
2024-02-02,12:13:57,10.2221,27.25,24.75,3384,15312295.0,2.288142934135367e-05
2024-02-02,12:13:57,10.2264,27.25,24.75,3384,15312295.0,2.288142934135367e-05
2024-02-02,12:13:57,10.2306,27.25,24.75,3383,15312295.0,2.291805582424504e-05
2024-02-02,12:13:57,10.2349,27.25,24.75,3384,15312294.0,2.288142934135367e-05
2024-02-02,12:13:57,10.2391,27.25,24.75,3384,15312294.0,2.288142934135367e-05
2024-02-02,12:13:57,10.2434,27.25,24.75,3384,15312295.0,2.288142934135367e-05
2024-02-02,12:13:57,10.2477,27.25,24.75,3384,15312295.0,2.288142934135367e-05
2024-02-02,12:13:57,10.252,27.25,24.75,3383,15312295.0,2.291805582424504e-05
2024-02-02,12:13:57,10.2562,27.25,24.75,3384,15312295.0,2.288142934135367e-05
2024-02-02,12:13:57,10.2605,27.25,24.75,3383,15312295.0,2.291805582424504e-05
2024-02-02,12:13:57,10.2648,27.25,24.75,3382,15312295.0,2.2954740935434e-05
2024-02-02,12:13:57,10.269,27.25,24.75,3383,15312295.0,2.291805582424504e-05
2024-02-02,12:13:57,10.2733,27.25,24.75,3383,15312295.0,2.291805582424504e-05
2024-02-02,12:13:57,10.2776,27.25,24.75,3384,15312295.0,2.288142934135367e-05
2024-02-02,12:13:57,10.2818,27.25,24.75,3384,15312294.0,2.288142934135367e-05
2024-02-02,12:13:57,10.2861,27.25,24.75,3384,15312294.0,2.288142934135367e-05
2024-02-02,12:13:57,10.2903,27.25,24.75,3385,15312295.0,2.284486139306312e-05
2024-02-02,12:13:57,10.2946,27.25,24.75,3385,15312295.0,2.284486139306312e-05
2024-02-02,12:13:57,10.2989,27.25,24.75,3384,15312294.0,2.288142934135367e-05
2024-02-02,12:13:57,10.3032,27.25,24.75,3384,15312294.0,2.288142934135367e-05
2024-02-02,12:13:57,10.3074,27.25,24.75,3384,15312294.0,2.288142934135367e-05
2024-02-02,12:13:57,10.3117,27.25,24.75,3384,15312294.0,2.288142934135367e-05
2024-02-02,12:13:57,10.316,27.25,24.75,3385,15312295.0,2.284486139306312e-05
2024-02-02,12:13:57,10.3202,27.25,24.75,3384,15312295.0,2.288142934135367e-05
2024-02-02,12:13:57,10.3244,27.25,24.75,3384,15312295.0,2.288142934135367e-05
2024-02-02,12:13:57,10.3287,27.25,24.75,3384,15312295.0,2.288142934135367e-05
2024-02-02,12:13:57,10.333,27.25,24.75,3384,15312295.0,2.288142934135367e-05
2024-02-02,12:13:57,10.3372,27.25,24.75,3385,15312295.0,2.284486139306312e-05
2024-02-02,12:13:57,10.3415,27.25,24.75,3383,15312294.0,2.291805582424504e-05
2024-02-02,12:13:57,10.3458,27.25,24.75,3382,15312295.0,2.2954740935434e-05
2024-02-02,12:13:57,10.3501,27.25,24.75,3383,15312295.0,2.291805582424504e-05
2024-02-02,12:13:57,10.3543,27.25,24.75,3383,15312295.0,2.291805582424504e-05
2024-02-02,12:13:57,10.3586,27.25,24.75,3384,15312295.0,2.288142934135367e-05
2024-02-02,12:13:57,10.3628,27.25,24.75,3384,15312295.0,2.288142934135367e-05
2024-02-02,12:13:57,10.3671,27.25,24.75,3384,15312295.0,2.288142934135367e-05
2024-02-02,12:13:57,10.3713,27.25,24.75,3379,15312294.0,2.306514897800561e-05
2024-02-02,12:13:57,10.3756,27.25,24.75,3373,15312291.0,2.328756074392889e-05
2024-02-02,12:13:57,10.3799,27.25,24.75,3371,15312290.0,2.336217357405023e-05
2024-02-02,12:13:57,10.3842,27.25,24.75,3370,15312289.0,2.339956958799453e-05
2024-02-02,12:13:57,10.3885,27.25,24.75,3369,15312287.0,2.343702546203084e-05
2024-02-02,12:13:57,10.3927,27.25,24.75,3369,15312285.0,2.343702546203084e-05
2024-02-02,12:13:57,10.397,27.25,24.75,3370,15312283.0,2.339956958799453e-05
2024-02-02,12:13:57,10.4013,27.25,24.75,3371,15312281.0,2.336217357405023e-05
2024-02-02,12:13:57,10.4056,27.25,24.75,3370,15312279.0,2.339956958799453e-05
2024-02-02,12:13:57,10.4099,27.25,24.75,3369,15312277.0,2.343702546203084e-05
2024-02-02,12:13:57,10.4142,27.25,24.75,3368,15312275.0,2.347454129197761e-05
2024-02-02,12:13:57,10.4184,27.25,24.75,3368,15312272.0,2.347454129197761e-05
2024-02-02,12:13:57,10.4227,27.25,24.75,3368,15312270.0,2.347454129197761e-05
2024-02-02,12:13:57,10.427,27.25,24.75,3368,15312267.0,2.347454129197761e-05
2024-02-02,12:13:57,10.4313,27.25,24.75,3369,15312263.0,2.343702546203084e-05
2024-02-02,12:13:58,10.4355,27.25,24.75,3370,15312261.0,2.339956958799453e-05
2024-02-02,12:13:58,10.4398,27.25,24.75,3370,15312258.0,2.339956958799453e-05
2024-02-02,12:13:58,10.444,27.25,24.75,3369,15312254.0,2.343702546203084e-05
2024-02-02,12:13:58,10.4483,27.25,24.75,3368,15312250.0,2.347454129197761e-05
2024-02-02,12:13:58,10.4525,27.25,24.75,3368,15312246.0,2.347454129197761e-05
2024-02-02,12:13:58,10.4568,27.25,24.75,3367,15312242.0,2.351211717380678e-05
2024-02-02,12:13:58,10.4611,27.25,24.75,3367,15312238.0,2.351211717380678e-05
2024-02-02,12:13:58,10.4654,27.25,24.75,3368,15312234.0,2.347454129197761e-05
2024-02-02,12:13:58,10.4697,27.25,24.75,3367,15312230.0,2.351211717380678e-05
2024-02-02,12:13:58,10.4739,27.25,24.75,3365,15312225.0,2.358744947776824e-05
2024-02-02,12:13:58,10.4782,27.25,24.75,3365,15312220.0,2.358744947776824e-05
2024-02-02,12:13:58,10.4825,27.25,24.75,3366,15312215.0,2.354975320364386e-05
2024-02-02,12:13:58,10.4868,27.25,24.75,3365,15312210.0,2.358744947776824e-05
2024-02-02,12:13:58,10.4911,27.25,24.75,3364,15312205.0,2.362520609261339e-05
2024-02-02,12:13:58,10.4953,27.25,24.75,3364,15312199.0,2.362520609261339e-05
2024-02-02,12:13:58,10.4996,27.25,24.75,3364,15312194.0,2.362520609261339e-05
2024-02-02,12:13:58,10.5039,27.25,24.75,3364,15312189.0,2.362520609261339e-05
2024-02-02,12:13:58,10.5081,27.25,25.0,3364,15312183.0,2.362520609261339e-05
2024-02-02,12:13:58,10.5124,27.25,25.0,3364,15312177.0,2.362520609261339e-05
2024-02-02,12:13:58,10.5167,27.25,25.0,3364,15312172.0,2.362520609261339e-05
2024-02-02,12:13:58,10.521,27.25,25.0,3365,15312166.0,2.358744947776824e-05
2024-02-02,12:13:58,10.5253,27.25,25.0,3365,15312161.0,2.358744947776824e-05
2024-02-02,12:13:58,10.5296,27.25,25.0,3363,15312155.0,2.366302314476723e-05
2024-02-02,12:13:58,10.5339,27.25,25.0,3363,15312149.0,2.366302314476723e-05
2024-02-02,12:13:58,10.5381,27.25,25.0,3362,15312143.0,2.370090073097218e-05
2024-02-02,12:13:58,10.5424,27.25,25.0,3361,15312137.0,2.37388389481256e-05
2024-02-02,12:13:58,10.5467,27.25,25.0,3361,15312132.0,2.37388389481256e-05
2024-02-02,12:13:58,10.551,27.25,25.0,3360,15312126.0,2.377683789327991e-05
2024-02-02,12:13:58,10.5552,27.25,25.0,3360,15312120.0,2.377683789327991e-05
2024-02-02,12:13:58,10.5595,27.25,25.0,3361,15312114.0,2.37388389481256e-05
2024-02-02,12:13:58,10.5638,27.25,25.0,3362,15312109.0,2.370090073097218e-05
2024-02-02,12:13:58,10.5681,27.25,25.0,3363,15312103.0,2.366302314476723e-05
2024-02-02,12:13:58,10.5724,27.25,25.0,3365,15312099.0,2.358744947776824e-05
2024-02-02,12:13:58,10.5766,27.25,25.0,3366,15312094.0,2.354975320364386e-05
2024-02-02,12:13:58,10.5809,27.25,25.0,3366,15312088.0,2.354975320364386e-05
2024-02-02,12:13:58,10.5852,27.25,25.0,3366,15312082.0,2.354975320364386e-05
2024-02-02,12:13:58,10.5895,27.25,25.0,3368,15312076.0,2.347454129197761e-05
2024-02-02,12:13:58,10.5938,27.25,25.0,3369,15312069.0,2.343702546203084e-05
2024-02-02,12:13:58,10.598,27.25,25.0,3368,15312063.0,2.347454129197761e-05
2024-02-02,12:13:58,10.6023,27.25,25.0,3369,15312056.0,2.343702546203084e-05
2024-02-02,12:13:58,10.6065,27.25,25.0,3370,15312049.0,2.339956958799453e-05
2024-02-02,12:13:58,10.6109,27.25,25.0,3368,15312041.0,2.347454129197761e-05
2024-02-02,12:13:58,10.6151,27.25,25.0,3367,15312034.0,2.351211717380678e-05
2024-02-02,12:13:58,10.6194,27.25,25.0,3366,15312029.0,2.354975320364386e-05
2024-02-02,12:13:58,10.6237,27.25,25.0,3363,15312021.0,2.366302314476723e-05
2024-02-02,12:13:58,10.628,27.25,25.0,3365,15312013.0,2.358744947776824e-05
2024-02-02,12:13:58,10.6322,27.25,25.0,3366,15312007.0,2.354975320364386e-05
2024-02-02,12:13:58,10.6365,27.25,25.0,3363,15312001.0,2.366302314476723e-05
2024-02-02,12:13:58,10.6408,27.25,25.0,3360,15311995.0,2.377683789327991e-05
2024-02-02,12:13:58,10.6451,27.25,25.0,3359,15311988.0,2.381489766364291e-05
2024-02-02,12:13:58,10.6494,27.25,25.0,3357,15311984.0,2.389120006960434e-05
2024-02-02,12:13:58,10.6537,27.25,25.0,3359,15311981.0,2.381489766364291e-05
2024-02-02,12:13:58,10.6579,27.25,25.0,3360,15311977.0,2.377683789327991e-05
2024-02-02,12:13:58,10.6621,27.25,25.0,3355,15311975.0,2.396774694678868e-05
2024-02-02,12:13:58,10.6664,27.25,25.0,3353,15311973.0,2.404453907847634e-05
2024-02-02,12:13:58,10.6707,27.25,25.0,3352,15311972.0,2.408302736022003e-05
2024-02-02,12:13:58,10.675,27.25,25.0,3352,15311971.0,2.408302736022003e-05
2024-02-02,12:13:58,10.6793,27.25,25.0,3354,15311969.0,2.400611230676662e-05
2024-02-02,12:13:58,10.6835,27.25,25.0,3353,15311968.0,2.404453907847634e-05
2024-02-02,12:13:58,10.6878,27.25,25.0,3349,15311968.0,2.419886225103929e-05
2024-02-02,12:13:58,10.6921,27.25,25.0,3349,15311968.0,2.419886225103929e-05
2024-02-02,12:13:58,10.6964,27.25,25.0,3349,15311968.0,2.419886225103929e-05
2024-02-02,12:13:58,10.7007,27.25,25.0,3345,15311966.0,2.435417590387356e-05
2024-02-02,12:13:58,10.7049,27.25,25.0,3345,15311965.0,2.435417590387356e-05
2024-02-02,12:13:58,10.7092,27.25,25.0,3348,15311966.0,2.423759755909219e-05
2024-02-02,12:13:58,10.7135,27.25,25.0,3346,15311966.0,2.431525428617974e-05
2024-02-02,12:13:58,10.7177,27.25,25.0,3343,15311964.0,2.443220614540217e-05
2024-02-02,12:13:58,10.722,27.25,25.0,3342,15311963.0,2.447131496885164e-05
2024-02-02,12:13:58,10.7263,27.25,25.0,3341,15311962.0,2.451048639410068e-05
2024-02-02,12:13:58,10.7306,27.25,25.0,3341,15311962.0,2.451048639410068e-05
2024-02-02,12:13:58,10.7349,27.25,25.0,3341,15311961.0,2.451048639410068e-05
2024-02-02,12:13:58,10.7391,27.25,25.0,3341,15311960.0,2.451048639410068e-05
2024-02-02,12:13:58,10.7434,27.25,25.0,3339,15311960.0,2.458901745098655e-05
2024-02-02,12:13:58,10.7477,27.25,25.0,3339,15311959.0,2.458901745098655e-05
2024-02-02,12:13:58,10.752,27.25,25.0,3340,15311959.0,2.454972052135644e-05
2024-02-02,12:13:58,10.7563,27.25,25.0,3337,15311959.0,2.466780011964366e-05
2024-02-02,12:13:58,10.7606,27.25,25.0,3336,15311958.0,2.470728606021017e-05
2024-02-02,12:13:58,10.7648,27.25,25.0,3337,15311957.0,2.466780011964366e-05
2024-02-02,12:13:58,10.7691,27.25,25.0,3336,15311956.0,2.470728606021017e-05
2024-02-02,12:13:58,10.7734,27.25,25.0,3334,15311956.0,2.478644765887827e-05
2024-02-02,12:13:58,10.7777,27.25,25.0,3333,15311955.0,2.482612351948873e-05
2024-02-02,12:13:58,10.782,27.25,25.0,3332,15311955.0,2.486586288955955e-05
2024-02-02,12:13:58,10.7863,27.25,25.0,3331,15311954.0,2.490566587075084e-05
2024-02-02,12:13:58,10.7905,27.25,25.0,3332,15311952.0,2.486586288955955e-05
2024-02-02,12:13:58,10.7948,27.25,25.0,3331,15311951.0,2.490566587075084e-05
2024-02-02,12:13:58,10.7991,27.25,25.0,3331,15311951.0,2.490566587075084e-05
2024-02-02,12:13:58,10.8034,27.25,25.0,3330,15311951.0,2.494553256488538e-05
2024-02-02,12:13:58,10.8077,27.25,25.0,3329,15311951.0,2.498546307394902e-05
2024-02-02,12:13:58,10.8119,27.25,25.0,3330,15311950.0,2.494553256488538e-05
2024-02-02,12:13:58,10.8163,27.25,25.0,3328,15311949.0,2.502545750009077e-05
2024-02-02,12:13:58,10.8206,27.25,25.0,3327,15311949.0,2.506551594562326e-05
2024-02-02,12:13:58,10.8249,27.25,25.0,3327,15311949.0,2.506551594562326e-05
2024-02-02,12:13:58,10.8292,27.25,25.0,3325,15311948.0,2.51458253049297e-05
2024-02-02,12:13:58,10.8335,27.25,25.0,3324,15311948.0,2.51860764241487e-05
2024-02-02,12:13:58,10.8378,27.25,25.0,3324,15311947.0,2.51860764241487e-05
2024-02-02,12:13:58,10.8421,27.25,25.0,3324,15311946.0,2.51860764241487e-05
2024-02-02,12:13:58,10.8463,27.25,25.0,3323,15311945.0,2.522639197364904e-05
2024-02-02,12:13:58,10.8507,27.25,25.0,3322,15311944.0,2.526677205656473e-05
2024-02-02,12:13:58,10.855,27.25,25.0,3322,15311944.0,2.526677205656473e-05
2024-02-02,12:13:58,10.8592,27.25,25.0,3323,15311943.0,2.522639197364904e-05
2024-02-02,12:13:58,10.8635,27.25,25.0,3323,15311943.0,2.522639197364904e-05
2024-02-02,12:13:58,10.8678,27.25,25.0,3321,15311942.0,2.530721677619496e-05
2024-02-02,12:13:58,10.8721,27.25,25.0,3320,15311942.0,2.534772623600419e-05
2024-02-02,12:13:58,10.8764,27.25,25.0,3321,15311941.0,2.530721677619496e-05
2024-02-02,12:13:58,10.8806,27.25,25.0,3321,15311940.0,2.530721677619496e-05
2024-02-02,12:13:58,10.8849,27.25,25.0,3320,15311940.0,2.534772623600419e-05
2024-02-02,12:13:58,10.8892,27.25,25.0,3319,15311940.0,2.538830053962255e-05
2024-02-02,12:13:58,10.8935,27.25,25.0,3318,15311939.0,2.542893979084601e-05
2024-02-02,12:13:58,10.8978,27.25,25.0,3317,15311939.0,2.546964409363674e-05
2024-02-02,12:13:58,10.9021,27.25,25.0,3316,15311938.0,2.551041355212326e-05
2024-02-02,12:13:58,10.9064,27.25,25.0,3316,15311938.0,2.551041355212326e-05
2024-02-02,12:13:58,10.9107,27.25,25.0,3317,15311937.0,2.546964409363674e-05
2024-02-02,12:13:58,10.915,27.25,25.0,3316,15311936.0,2.551041355212326e-05
2024-02-02,12:13:58,10.9192,27.25,25.0,3315,15311935.0,2.555124827060083e-05
2024-02-02,12:13:58,10.9236,27.25,25.0,3315,15311935.0,2.555124827060083e-05
2024-02-02,12:13:58,10.9279,27.25,25.0,3315,15311934.0,2.555124827060083e-05
2024-02-02,12:13:58,10.9322,27.25,25.0,3315,15311934.0,2.555124827060083e-05
2024-02-02,12:13:58,10.9365,27.25,25.0,3314,15311934.0,2.559214835353161e-05
2024-02-02,12:13:58,10.9407,27.25,25.0,3313,15311933.0,2.5633113905545e-05
2024-02-02,12:13:58,10.945,27.25,25.0,3312,15311933.0,2.567414503143785e-05
2024-02-02,12:13:58,10.9493,27.25,25.0,3312,15311933.0,2.567414503143785e-05
2024-02-02,12:13:58,10.9536,27.25,25.0,3311,15311933.0,2.571524183617484e-05
2024-02-02,12:13:58,10.9579,27.25,25.0,3309,15311932.0,2.579763290287992e-05
2024-02-02,12:13:58,10.9622,27.25,25.0,3308,15311932.0,2.583892737561843e-05
2024-02-02,12:13:58,10.9665,27.25,25.0,3308,15311931.0,2.583892737561843e-05
2024-02-02,12:13:58,10.9708,27.25,25.0,3309,15311930.0,2.579763290287992e-05
2024-02-02,12:13:58,10.9751,27.25,25.0,3309,15311929.0,2.579763290287992e-05
2024-02-02,12:13:58,10.9794,27.25,25.0,3309,15311929.0,2.579763290287992e-05
2024-02-02,12:13:58,10.9837,27.25,25.0,3309,15311929.0,2.579763290287992e-05
2024-02-02,12:13:58,10.988,27.25,25.0,3310,15311928.0,2.575640442488854e-05
2024-02-02,12:13:58,10.9923,27.25,25.0,3309,15311928.0,2.579763290287992e-05
2024-02-02,12:13:58,10.9965,27.25,25.0,3307,15311928.0,2.588028794874243e-05
2024-02-02,12:13:58,11.0008,27.25,25.0,3307,15311927.0,2.588028794874243e-05
2024-02-02,12:13:58,11.0051,27.25,25.0,3306,15311927.0,2.592171472805926e-05
2024-02-02,12:13:58,11.0094,27.19,25.0,3306,15311929.0,2.592171472805926e-05
2024-02-02,12:13:58,11.0137,27.19,25.0,3306,15311930.0,2.592171472805926e-05
2024-02-02,12:13:58,11.018,27.19,25.0,3305,15311926.0,2.596320781954575e-05
2024-02-02,12:13:58,11.0222,27.19,25.0,3304,15311925.0,2.600476732934825e-05
2024-02-02,12:13:58,11.0265,27.19,25.0,3304,15311925.0,2.600476732934825e-05
2024-02-02,12:13:58,11.0308,27.19,25.0,3304,15311924.0,2.600476732934825e-05
2024-02-02,12:13:58,11.0352,27.19,25.0,3303,15311924.0,2.604639336378313e-05
2024-02-02,12:13:58,11.0395,27.19,25.0,3303,15311924.0,2.604639336378313e-05
2024-02-02,12:13:58,11.0437,27.19,25.0,3303,15311923.0,2.604639336378313e-05
2024-02-02,12:13:58,11.048,27.19,25.0,3303,15311923.0,2.604639336378313e-05
2024-02-02,12:13:58,11.0523,27.19,25.0,3302,15311922.0,2.608808602933685e-05
2024-02-02,12:13:58,11.0566,27.19,25.0,3301,15311922.0,2.61298454326664e-05
2024-02-02,12:13:58,11.0609,27.19,25.0,3301,15311922.0,2.61298454326664e-05
2024-02-02,12:13:58,11.0652,27.19,25.0,3301,15311921.0,2.61298454326664e-05
2024-02-02,12:13:58,11.0695,27.19,25.0,3301,15311921.0,2.61298454326664e-05
2024-02-02,12:13:58,11.0738,27.19,25.0,3300,15311921.0,2.617167168059942e-05
2024-02-02,12:13:58,11.0782,27.19,25.0,3299,15311920.0,2.621356488013463e-05
2024-02-02,12:13:58,11.0825,27.19,25.0,3298,15311920.0,2.625552513844194e-05
2024-02-02,12:13:58,11.0867,27.19,25.0,3298,15311919.0,2.625552513844194e-05
2024-02-02,12:13:58,11.091,27.19,25.0,3299,15311919.0,2.621356488013463e-05
2024-02-02,12:13:58,11.0953,27.19,25.0,3298,15311918.0,2.625552513844194e-05
2024-02-02,12:13:58,11.0996,27.19,25.0,3298,15311918.0,2.625552513844194e-05
2024-02-02,12:13:58,11.1039,27.19,25.0,3298,15311918.0,2.625552513844194e-05
2024-02-02,12:13:58,11.1082,27.19,25.0,3298,15311918.0,2.625552513844194e-05
2024-02-02,12:13:58,11.1125,27.19,25.0,3298,15311917.0,2.625552513844194e-05
2024-02-02,12:13:58,11.1168,27.19,25.0,3297,15311917.0,2.62975525628629e-05
2024-02-02,12:13:58,11.1211,27.19,25.0,3296,15311917.0,2.633964726091078e-05
2024-02-02,12:13:58,11.1254,27.19,25.0,3295,15311916.0,2.638180934027105e-05
2024-02-02,12:13:58,11.1297,27.19,25.0,3295,15311916.0,2.638180934027105e-05
2024-02-02,12:13:58,11.134,27.19,25.0,3295,15311915.0,2.638180934027105e-05
2024-02-02,12:13:58,11.1383,27.19,25.0,3294,15311915.0,2.642403890880146e-05
2024-02-02,12:13:58,11.1426,27.19,25.0,3294,15311914.0,2.642403890880146e-05
2024-02-02,12:13:58,11.1469,27.19,25.0,3294,15311914.0,2.642403890880146e-05
2024-02-02,12:13:58,11.1512,27.19,25.0,3293,15311914.0,2.64663360745325e-05
2024-02-02,12:13:58,11.1555,27.19,25.0,3292,15311913.0,2.650870094566748e-05
2024-02-02,12:13:58,11.1598,27.19,25.0,3291,15311913.0,2.655113363058303e-05
2024-02-02,12:13:58,11.1641,27.19,25.0,3291,15311913.0,2.655113363058303e-05
2024-02-02,12:13:58,11.1684,27.19,25.0,3292,15311913.0,2.650870094566748e-05
2024-02-02,12:13:58,11.1727,27.19,25.0,3291,15311912.0,2.655113363058303e-05
2024-02-02,12:13:58,11.177,27.19,25.0,3290,15311912.0,2.659363423782914e-05
2024-02-02,12:13:58,11.1813,27.19,25.0,3290,15311912.0,2.659363423782914e-05
2024-02-02,12:13:58,11.1857,27.19,25.0,3289,15311912.0,2.663620287612968e-05
2024-02-02,12:13:58,11.19,27.19,25.0,3289,15311912.0,2.663620287612968e-05
2024-02-02,12:13:58,11.1942,27.19,25.0,3288,15311912.0,2.667883965438242e-05
2024-02-02,12:13:58,11.1985,27.19,25.0,3288,15311911.0,2.667883965438242e-05
2024-02-02,12:13:58,11.2029,27.19,25.0,3289,15311911.0,2.663620287612968e-05
2024-02-02,12:13:58,11.2071,27.19,25.0,3288,15311911.0,2.667883965438242e-05
2024-02-02,12:13:58,11.2114,27.19,25.0,3288,15311910.0,2.667883965438242e-05
2024-02-02,12:13:58,11.2157,27.19,25.0,3287,15311909.0,2.672154468165959e-05
2024-02-02,12:13:58,11.2201,27.19,25.0,3287,15311909.0,2.672154468165959e-05
2024-02-02,12:13:58,11.2243,27.19,25.0,3288,15311909.0,2.667883965438242e-05
2024-02-02,12:13:58,11.2287,27.19,25.0,3287,15311909.0,2.672154468165959e-05
2024-02-02,12:13:58,11.233,27.19,25.0,3287,15311909.0,2.672154468165959e-05
2024-02-02,12:13:58,11.2372,27.19,25.0,3288,15311909.0,2.667883965438242e-05
2024-02-02,12:13:58,11.2415,27.19,25.0,3287,15311909.0,2.672154468165959e-05
2024-02-02,12:13:58,11.2458,27.19,25.0,3285,15311909.0,2.680715992044892e-05
2024-02-02,12:13:58,11.2501,27.19,25.0,3285,15311909.0,2.680715992044892e-05
2024-02-02,12:13:58,11.2544,27.19,25.0,3284,15311908.0,2.685007035097948e-05
2024-02-02,12:13:58,11.2587,27.19,25.0,3283,15311907.0,2.68930494685718e-05
2024-02-02,12:13:58,11.2631,27.19,25.0,3283,15311907.0,2.68930494685718e-05
2024-02-02,12:13:58,11.2674,27.19,25.0,3283,15311907.0,2.68930494685718e-05
2024-02-02,12:13:58,11.2716,27.19,25.0,3284,15311906.0,2.685007035097948e-05
2024-02-02,12:13:58,11.2759,27.19,25.0,3284,15311906.0,2.685007035097948e-05
2024-02-02,12:13:58,11.2802,27.19,25.0,3284,15311906.0,2.685007035097948e-05
2024-02-02,12:13:58,11.2845,27.19,25.0,3283,15311905.0,2.68930494685718e-05
2024-02-02,12:13:58,11.2888,27.19,25.0,3283,15311905.0,2.68930494685718e-05
2024-02-02,12:13:58,11.2931,27.19,25.0,3283,15311905.0,2.68930494685718e-05
2024-02-02,12:13:58,11.2974,27.19,25.0,3282,15311905.0,2.693609738317374e-05
2024-02-02,12:13:58,11.3017,27.19,25.0,3282,15311905.0,2.693609738317374e-05
2024-02-02,12:13:58,11.306,27.19,25.0,3281,15311905.0,2.697921420490927e-05
2024-02-02,12:13:58,11.3103,27.19,25.0,3281,15311904.0,2.697921420490927e-05
2024-02-02,12:13:58,11.3146,27.19,25.0,3281,15311904.0,2.697921420490927e-05
2024-02-02,12:13:58,11.3189,27.19,25.0,3280,15311904.0,2.702240004407852e-05
2024-02-02,12:13:58,11.3232,27.19,25.0,3279,15311904.0,2.706565501115829e-05
2024-02-02,12:13:58,11.3275,27.19,25.0,3279,15311903.0,2.706565501115829e-05
2024-02-02,12:13:58,11.3318,27.19,25.0,3280,15311903.0,2.702240004407852e-05
2024-02-02,12:13:58,11.3361,27.19,25.0,3280,15311903.0,2.702240004407852e-05
2024-02-02,12:13:58,11.3404,27.19,25.0,3280,15311902.0,2.702240004407852e-05
2024-02-02,12:13:58,11.3447,27.19,25.0,3279,15311902.0,2.706565501115829e-05
2024-02-02,12:13:58,11.349,27.19,25.0,3279,15311902.0,2.706565501115829e-05
2024-02-02,12:13:58,11.3533,27.19,25.0,3279,15311902.0,2.706565501115829e-05
2024-02-02,12:13:58,11.3576,27.19,25.0,3278,15311902.0,2.710897921680211e-05
2024-02-02,12:13:58,11.3619,27.19,25.0,3278,15311902.0,2.710897921680211e-05
2024-02-02,12:13:58,11.3662,27.19,25.0,3278,15311902.0,2.710897921680211e-05
2024-02-02,12:13:58,11.3705,27.19,25.0,3278,15311902.0,2.710897921680211e-05
2024-02-02,12:13:58,11.3748,27.19,25.0,3277,15311901.0,2.715237277184076e-05
2024-02-02,12:13:58,11.3791,27.19,25.0,3276,15311901.0,2.719583578728228e-05
2024-02-02,12:13:58,11.3834,27.19,25.0,3276,15311901.0,2.719583578728228e-05
2024-02-02,12:13:58,11.3877,27.19,25.0,3276,15311900.0,2.719583578728228e-05
2024-02-02,12:13:58,11.392,27.19,25.0,3276,15311900.0,2.719583578728228e-05
2024-02-02,12:13:58,11.3963,27.19,25.0,3276,15311900.0,2.719583578728228e-05
2024-02-02,12:13:58,11.4006,27.19,25.0,3276,15311900.0,2.719583578728228e-05
2024-02-02,12:13:58,11.4049,27.19,25.0,3276,15311900.0,2.719583578728228e-05
2024-02-02,12:13:58,11.4092,27.19,25.0,3276,15311899.0,2.719583578728228e-05
2024-02-02,12:13:58,11.4135,27.19,25.0,3276,15311899.0,2.719583578728228e-05
2024-02-02,12:13:58,11.4179,27.19,25.0,3276,15311899.0,2.719583578728228e-05
2024-02-02,12:13:58,11.4222,27.19,25.0,3274,15311898.0,2.728297064429532e-05
2024-02-02,12:13:58,11.4265,27.19,25.0,3273,15311899.0,2.732664270877265e-05
2024-02-02,12:13:58,11.4308,27.19,25.0,3274,15311898.0,2.728297064429532e-05
2024-02-02,12:13:59,11.4351,27.19,25.0,3274,15311898.0,2.728297064429532e-05
2024-02-02,12:13:59,11.4394,27.19,25.0,3273,15311898.0,2.732664270877265e-05
2024-02-02,12:13:59,11.4437,27.19,25.0,3272,15311898.0,2.73703846794651e-05
2024-02-02,12:13:59,11.448,27.19,25.0,3271,15311898.0,2.741419666827216e-05
2024-02-02,12:13:59,11.4523,27.19,25.0,3272,15311897.0,2.73703846794651e-05
2024-02-02,12:13:59,11.4566,27.19,25.0,3271,15311896.0,2.741419666827216e-05
2024-02-02,12:13:59,11.4609,27.19,25.0,3271,15311896.0,2.741419666827216e-05
2024-02-02,12:13:59,11.4652,27.19,25.0,3271,15311896.0,2.741419666827216e-05
2024-02-02,12:13:59,11.4696,27.19,25.0,3270,15311897.0,2.74580787872723e-05
2024-02-02,12:13:59,11.4739,27.19,25.0,3271,15311897.0,2.741419666827216e-05
2024-02-02,12:13:59,11.4782,27.19,25.0,3271,15311896.0,2.741419666827216e-05
2024-02-02,12:13:59,11.4825,27.19,25.0,3269,15311896.0,2.750203114872354e-05
2024-02-02,12:13:59,11.4868,27.19,25.0,3268,15311896.0,2.754605386506345e-05
2024-02-02,12:13:59,11.4911,27.19,25.0,3269,15311896.0,2.750203114872354e-05
2024-02-02,12:13:59,11.4954,27.19,25.0,3269,15311896.0,2.750203114872354e-05
2024-02-02,12:13:59,11.4997,27.19,25.0,3268,15311895.0,2.754605386506345e-05
2024-02-02,12:13:59,11.5041,27.19,25.0,3268,15311895.0,2.754605386506345e-05
2024-02-02,12:13:59,11.5084,27.19,25.0,3267,15311895.0,2.759014704890972e-05
2024-02-02,12:13:59,11.5126,27.25,25.0,3267,15311894.0,2.759014704890972e-05
2024-02-02,12:13:59,11.517,27.25,25.0,3266,15311894.0,2.763431081306017e-05
2024-02-02,12:13:59,11.5213,27.25,25.0,3266,15311894.0,2.763431081306017e-05
2024-02-02,12:13:59,11.5256,27.25,25.0,3267,15311894.0,2.759014704890972e-05
2024-02-02,12:13:59,11.53,27.25,25.0,3267,15311894.0,2.759014704890972e-05
2024-02-02,12:13:59,11.5343,27.25,25.0,3267,15311894.0,2.759014704890972e-05
2024-02-02,12:13:59,11.5386,27.25,25.0,3266,15311894.0,2.763431081306017e-05
2024-02-02,12:13:59,11.5429,27.25,25.0,3265,15311894.0,2.767854527049332e-05
2024-02-02,12:13:59,11.5473,27.25,25.0,3265,15311894.0,2.767854527049332e-05
2024-02-02,12:13:59,11.5516,27.25,25.0,3264,15311893.0,2.772285053436838e-05
2024-02-02,12:13:59,11.5559,27.25,25.0,3265,15311893.0,2.767854527049332e-05
2024-02-02,12:13:59,11.5602,27.25,25.0,3264,15311892.0,2.772285053436838e-05
2024-02-02,12:13:59,11.5645,27.25,25.0,3263,15311892.0,2.776722671802583e-05
2024-02-02,12:13:59,11.5689,27.25,25.0,3264,15311892.0,2.772285053436838e-05
2024-02-02,12:13:59,11.5732,27.25,25.0,3264,15311892.0,2.772285053436838e-05
2024-02-02,12:13:59,11.5775,27.25,25.0,3266,15311893.0,2.763431081306017e-05
2024-02-02,12:13:59,11.5818,27.25,25.0,3265,15311894.0,2.767854527049332e-05
2024-02-02,12:13:59,11.5861,27.25,25.0,3263,15311893.0,2.776722671802583e-05
2024-02-02,12:13:59,11.5905,27.25,25.0,3263,15311893.0,2.776722671802583e-05
2024-02-02,12:13:59,11.5948,27.25,25.0,3262,15311892.0,2.781167393498751e-05
2024-02-02,12:13:59,11.5992,27.25,25.0,3262,15311891.0,2.781167393498751e-05
2024-02-02,12:13:59,11.6035,27.25,25.0,3262,15311891.0,2.781167393498751e-05
2024-02-02,12:13:59,11.6078,27.25,25.0,3263,15311891.0,2.776722671802583e-05
2024-02-02,12:13:59,11.6121,27.25,25.0,3263,15311895.0,2.776722671802583e-05
2024-02-02,12:13:59,11.6164,27.25,25.0,3262,15311895.0,2.781167393498751e-05
2024-02-02,12:13:59,11.6207,27.25,25.0,3262,15311891.0,2.781167393498751e-05
2024-02-02,12:13:59,11.625,27.25,25.0,3262,15311891.0,2.781167393498751e-05
2024-02-02,12:13:59,11.6293,27.25,25.0,3261,15311890.0,2.785619229895698e-05
2024-02-02,12:13:59,11.6336,27.25,25.0,3261,15311890.0,2.785619229895698e-05
2024-02-02,12:13:59,11.638,27.25,25.0,3262,15311891.0,2.781167393498751e-05
2024-02-02,12:13:59,11.6423,27.25,25.0,3261,15311891.0,2.785619229895698e-05
2024-02-02,12:13:59,11.6466,27.25,25.0,3260,15311890.0,2.79007819238198e-05
2024-02-02,12:13:59,11.651,27.25,25.0,3260,15311890.0,2.79007819238198e-05
2024-02-02,12:13:59,11.6553,27.25,25.0,3260,15311890.0,2.79007819238198e-05
2024-02-02,12:13:59,11.6596,27.25,25.0,3261,15311889.0,2.785619229895698e-05
2024-02-02,12:13:59,11.6639,27.25,25.0,3260,15311889.0,2.79007819238198e-05
2024-02-02,12:13:59,11.6683,27.25,25.0,3260,15311889.0,2.79007819238198e-05
2024-02-02,12:13:59,11.6726,27.25,25.0,3261,15311889.0,2.785619229895698e-05
2024-02-02,12:13:59,11.677,27.25,25.0,3260,15311889.0,2.79007819238198e-05
2024-02-02,12:13:59,11.6813,27.25,25.0,3260,15311889.0,2.79007819238198e-05
2024-02-02,12:13:59,11.6856,27.25,25.0,3260,15311890.0,2.79007819238198e-05
2024-02-02,12:13:59,11.6899,27.25,25.0,3259,15311890.0,2.794544292364388e-05
2024-02-02,12:13:59,11.6942,27.25,25.0,3259,15311890.0,2.794544292364388e-05
2024-02-02,12:13:59,11.6986,27.25,25.0,3259,15311889.0,2.794544292364388e-05
2024-02-02,12:13:59,11.7029,27.25,25.0,3259,15311889.0,2.794544292364388e-05
2024-02-02,12:13:59,11.7072,27.25,25.0,3259,15311889.0,2.794544292364388e-05
2024-02-02,12:13:59,11.7116,27.25,25.0,3259,15311888.0,2.794544292364388e-05
2024-02-02,12:13:59,11.7159,27.25,25.0,3258,15311888.0,2.799017541267961e-05
2024-02-02,12:13:59,11.7202,27.25,25.0,3257,15311888.0,2.803497950536041e-05
2024-02-02,12:13:59,11.7246,27.25,25.0,3258,15311888.0,2.799017541267961e-05
2024-02-02,12:13:59,11.7289,27.25,25.0,3258,15311888.0,2.799017541267961e-05
2024-02-02,12:13:59,11.7332,27.25,25.0,3258,15311888.0,2.799017541267961e-05
2024-02-02,12:13:59,11.7375,27.25,25.0,3259,15311888.0,2.794544292364388e-05
2024-02-02,12:13:59,11.7418,27.25,25.0,3259,15311888.0,2.794544292364388e-05
2024-02-02,12:13:59,11.7461,27.25,25.0,3258,15311888.0,2.799017541267961e-05
2024-02-02,12:13:59,11.7505,27.25,25.0,3257,15311888.0,2.803497950536041e-05
2024-02-02,12:13:59,11.7548,27.25,25.0,3257,15311887.0,2.803497950536041e-05
2024-02-02,12:13:59,11.7592,27.25,25.0,3257,15311887.0,2.803497950536041e-05
2024-02-02,12:13:59,11.7635,27.25,25.0,3257,15311887.0,2.803497950536041e-05
2024-02-02,12:13:59,11.7678,27.25,25.0,3257,15311887.0,2.803497950536041e-05
2024-02-02,12:13:59,11.7722,27.25,25.0,3257,15311886.0,2.803497950536041e-05
2024-02-02,12:13:59,11.7765,27.25,25.0,3256,15311886.0,2.807985531630272e-05
2024-02-02,12:13:59,11.7809,27.25,25.0,3256,15311886.0,2.807985531630272e-05
2024-02-02,12:13:59,11.7852,27.25,25.0,3257,15311887.0,2.803497950536041e-05
2024-02-02,12:13:59,11.7895,27.25,25.0,3257,15311887.0,2.803497950536041e-05
2024-02-02,12:13:59,11.7939,27.25,25.0,3256,15311887.0,2.807985531630272e-05
2024-02-02,12:13:59,11.7982,27.25,25.0,3255,15311887.0,2.812480296030659e-05
2024-02-02,12:13:59,11.8025,27.25,25.0,3255,15311887.0,2.812480296030659e-05
2024-02-02,12:13:59,11.8068,27.25,25.0,3254,15311887.0,2.816982255235571e-05
2024-02-02,12:13:59,11.8112,27.25,25.0,3254,15311887.0,2.816982255235571e-05
2024-02-02,12:13:59,11.8156,27.25,25.0,3256,15311886.0,2.807985531630272e-05
2024-02-02,12:13:59,11.8199,27.25,25.0,3256,15311886.0,2.807985531630272e-05
2024-02-02,12:13:59,11.8242,27.25,25.0,3255,15311886.0,2.812480296030659e-05
2024-02-02,12:13:59,11.8286,27.25,25.0,3255,15311886.0,2.812480296030659e-05
2024-02-02,12:13:59,11.8329,27.25,25.0,3255,15311886.0,2.812480296030659e-05
2024-02-02,12:13:59,11.8372,27.25,25.0,3255,15311886.0,2.812480296030659e-05
2024-02-02,12:13:59,11.8416,27.25,25.0,3255,15311886.0,2.812480296030659e-05
2024-02-02,12:13:59,11.8459,27.25,25.0,3255,15311886.0,2.812480296030659e-05
2024-02-02,12:13:59,11.8502,27.25,25.0,3254,15311886.0,2.816982255235571e-05
2024-02-02,12:13:59,11.8545,27.25,25.0,3254,15311886.0,2.816982255235571e-05
2024-02-02,12:13:59,11.8589,27.25,25.0,3254,15311886.0,2.816982255235571e-05
2024-02-02,12:13:59,11.8632,27.25,25.0,3254,15311886.0,2.816982255235571e-05
2024-02-02,12:13:59,11.8675,27.25,25.0,3255,15311886.0,2.812480296030659e-05
2024-02-02,12:13:59,11.8718,27.25,25.0,3254,15311885.0,2.816982255235571e-05
2024-02-02,12:13:59,11.8762,27.25,25.0,3254,15311885.0,2.816982255235571e-05
2024-02-02,12:13:59,11.8805,27.25,25.0,3254,15311885.0,2.816982255235571e-05
2024-02-02,12:13:59,11.8848,27.25,25.0,3254,15311885.0,2.816982255235571e-05
2024-02-02,12:13:59,11.8892,27.25,25.0,3254,15311885.0,2.816982255235571e-05
2024-02-02,12:13:59,11.8935,27.25,25.0,3253,15311885.0,2.821491420761792e-05
2024-02-02,12:13:59,11.8978,27.25,25.0,3253,15311885.0,2.821491420761792e-05
2024-02-02,12:13:59,11.9021,27.25,25.0,3253,15311885.0,2.821491420761792e-05
2024-02-02,12:13:59,11.9065,27.25,25.0,3253,15311885.0,2.821491420761792e-05
2024-02-02,12:13:59,11.9108,27.25,25.0,3253,15311885.0,2.821491420761792e-05
2024-02-02,12:13:59,11.9151,27.25,25.0,3253,15311885.0,2.821491420761792e-05
2024-02-02,12:13:59,11.9195,27.25,25.0,3253,15311885.0,2.821491420761792e-05
2024-02-02,12:13:59,11.9238,27.25,25.0,3252,15311884.0,2.826007804144532e-05
2024-02-02,12:13:59,11.9281,27.25,25.0,3252,15311884.0,2.826007804144532e-05
2024-02-02,12:13:59,11.9325,27.25,25.0,3253,15311884.0,2.821491420761792e-05
2024-02-02,12:13:59,11.9369,27.25,25.0,3253,15311884.0,2.821491420761792e-05
2024-02-02,12:13:59,11.9412,27.25,25.0,3253,15311884.0,2.821491420761792e-05
2024-02-02,12:13:59,11.9456,27.25,25.0,3254,15311884.0,2.816982255235571e-05
2024-02-02,12:13:59,11.9499,27.25,25.0,3254,15311884.0,2.816982255235571e-05
2024-02-02,12:13:59,11.9542,27.25,25.0,3253,15311884.0,2.821491420761792e-05
2024-02-02,12:13:59,11.9586,27.25,25.0,3252,15311884.0,2.826007804144532e-05
2024-02-02,12:13:59,11.9629,27.25,25.0,3252,15311884.0,2.826007804144532e-05
2024-02-02,12:13:59,11.9673,27.25,25.0,3253,15311884.0,2.821491420761792e-05
2024-02-02,12:13:59,11.9716,27.25,25.0,3253,15311884.0,2.821491420761792e-05
2024-02-02,12:13:59,11.9759,27.25,25.0,3252,15311884.0,2.826007804144532e-05
2024-02-02,12:13:59,11.9803,27.25,25.0,3252,15311884.0,2.826007804144532e-05
2024-02-02,12:13:59,11.9846,27.25,25.0,3253,15311884.0,2.821491420761792e-05
2024-02-02,12:13:59,11.9889,27.25,25.0,3253,15311884.0,2.821491420761792e-05
2024-02-02,12:13:59,11.9933,27.25,25.0,3253,15311884.0,2.821491420761792e-05
2024-02-02,12:13:59,11.9976,27.25,25.0,3252,15311885.0,2.826007804144532e-05
2024-02-02,12:13:59,12.0019,27.25,25.0,3251,15311884.0,2.830531416937475e-05
2024-02-02,12:13:59,12.0063,27.25,25.0,3251,15311884.0,2.830531416937475e-05
2024-02-02,12:13:59,12.0107,27.25,25.0,3251,15311884.0,2.830531416937475e-05
2024-02-02,12:13:59,12.015,27.31,25.0,3251,15311883.0,2.830531416937475e-05
2024-02-02,12:13:59,12.0194,27.31,25.0,3251,15311883.0,2.830531416937475e-05
2024-02-02,12:13:59,12.0237,27.31,25.0,3252,15311883.0,2.826007804144532e-05
2024-02-02,12:13:59,12.028,27.31,25.0,3253,15311884.0,2.821491420761792e-05
2024-02-02,12:13:59,12.0323,27.31,25.0,3253,15311884.0,2.821491420761792e-05
2024-02-02,12:13:59,12.0367,27.31,25.0,3252,15311884.0,2.826007804144532e-05
2024-02-02,12:13:59,12.041,27.31,25.0,3251,15311884.0,2.830531416937475e-05
2024-02-02,12:13:59,12.0454,27.31,25.0,3252,15311884.0,2.826007804144532e-05
2024-02-02,12:13:59,12.0497,27.31,25.0,3252,15311884.0,2.826007804144532e-05
2024-02-02,12:13:59,12.054,27.31,25.0,3251,15311883.0,2.830531416937475e-05
2024-02-02,12:13:59,12.0584,27.31,25.0,3250,15311884.0,2.835062270712792e-05
2024-02-02,12:13:59,12.0628,27.31,25.0,3249,15311883.0,2.839600377061182e-05
2024-02-02,12:13:59,12.0671,27.31,25.0,3250,15311883.0,2.835062270712792e-05
2024-02-02,12:13:59,12.0714,27.31,25.0,3250,15311883.0,2.835062270712792e-05
2024-02-02,12:13:59,12.0757,27.31,25.0,3250,15311883.0,2.835062270712792e-05
2024-02-02,12:13:59,12.0801,27.31,25.0,3251,15311883.0,2.830531416937475e-05
2024-02-02,12:13:59,12.0844,27.31,25.0,3252,15311883.0,2.826007804144532e-05
2024-02-02,12:13:59,12.0887,27.31,25.0,3252,15311883.0,2.826007804144532e-05
2024-02-02,12:13:59,12.093,27.31,25.0,3251,15311883.0,2.830531416937475e-05
2024-02-02,12:13:59,12.0974,27.31,25.0,3251,15311883.0,2.830531416937475e-05
2024-02-02,12:13:59,12.1017,27.31,25.0,3250,15311883.0,2.835062270712792e-05
2024-02-02,12:13:59,12.106,27.31,25.0,3250,15311883.0,2.835062270712792e-05
2024-02-02,12:13:59,12.1104,27.31,25.0,3250,15311883.0,2.835062270712792e-05
2024-02-02,12:13:59,12.1147,27.31,25.0,3249,15311883.0,2.839600377061182e-05
2024-02-02,12:13:59,12.119,27.31,25.0,3249,15311882.0,2.839600377061182e-05
2024-02-02,12:13:59,12.1233,27.31,25.0,3249,15311882.0,2.839600377061182e-05
2024-02-02,12:13:59,12.1277,27.31,25.0,3250,15311882.0,2.835062270712792e-05
2024-02-02,12:13:59,12.132,27.31,25.0,3250,15311883.0,2.835062270712792e-05
2024-02-02,12:13:59,12.1364,27.31,25.0,3250,15311883.0,2.835062270712792e-05
2024-02-02,12:13:59,12.1407,27.31,25.0,3250,15311882.0,2.835062270712792e-05
2024-02-02,12:13:59,12.145,27.31,25.0,3249,15311882.0,2.839600377061182e-05
2024-02-02,12:13:59,12.1493,27.31,25.0,3250,15311883.0,2.835062270712792e-05
2024-02-02,12:13:59,12.1536,27.31,25.0,3250,15311883.0,2.835062270712792e-05
2024-02-02,12:13:59,12.158,27.31,25.0,3249,15311882.0,2.839600377061182e-05
2024-02-02,12:13:59,12.1623,27.31,25.0,3249,15311882.0,2.839600377061182e-05
2024-02-02,12:13:59,12.1666,27.31,25.0,3249,15311882.0,2.839600377061182e-05
2024-02-02,12:13:59,12.1709,27.31,25.0,3249,15311882.0,2.839600377061182e-05
2024-02-02,12:13:59,12.1753,27.31,25.0,3249,15311882.0,2.839600377061182e-05
2024-02-02,12:13:59,12.1796,27.31,25.0,3250,15311881.0,2.835062270712792e-05
2024-02-02,12:13:59,12.184,27.31,25.0,3250,15311882.0,2.835062270712792e-05
2024-02-02,12:13:59,12.1883,27.31,25.0,3249,15311882.0,2.839600377061182e-05
2024-02-02,12:13:59,12.1926,27.31,25.0,3249,15311882.0,2.839600377061182e-05
2024-02-02,12:13:59,12.197,27.31,25.0,3249,15311882.0,2.839600377061182e-05
2024-02-02,12:13:59,12.2014,27.31,25.0,3249,15311882.0,2.839600377061182e-05
2024-02-02,12:13:59,12.2057,27.31,25.0,3249,15311882.0,2.839600377061182e-05
2024-02-02,12:13:59,12.21,27.31,25.0,3248,15311882.0,2.844145747591892e-05
2024-02-02,12:13:59,12.2143,27.31,25.0,3248,15311882.0,2.844145747591892e-05
2024-02-02,12:13:59,12.2187,27.31,25.0,3249,15311882.0,2.839600377061182e-05
2024-02-02,12:13:59,12.2231,27.31,25.0,3249,15311882.0,2.839600377061182e-05
2024-02-02,12:13:59,12.2274,27.31,25.0,3248,15311882.0,2.844145747591892e-05
2024-02-02,12:13:59,12.2318,27.31,25.0,3248,15311881.0,2.844145747591892e-05
2024-02-02,12:13:59,12.2361,27.31,25.0,3248,15311882.0,2.844145747591892e-05
2024-02-02,12:13:59,12.2405,27.31,25.0,3248,15311882.0,2.844145747591892e-05
2024-02-02,12:13:59,12.2448,27.31,25.0,3249,15311882.0,2.839600377061182e-05
2024-02-02,12:13:59,12.2491,27.31,25.0,3248,15311882.0,2.844145747591892e-05
2024-02-02,12:13:59,12.2535,27.31,25.0,3248,15311882.0,2.844145747591892e-05
2024-02-02,12:13:59,12.2578,27.31,25.0,3249,15311882.0,2.839600377061182e-05
2024-02-02,12:13:59,12.2622,27.31,25.0,3248,15311881.0,2.844145747591892e-05
2024-02-02,12:13:59,12.2665,27.31,25.0,3248,15311881.0,2.844145747591892e-05
2024-02-02,12:13:59,12.2709,27.31,25.0,3249,15311882.0,2.839600377061182e-05
2024-02-02,12:13:59,12.2752,27.31,25.0,3249,15311882.0,2.839600377061182e-05
2024-02-02,12:13:59,12.2795,27.31,25.0,3248,15311882.0,2.844145747591892e-05
2024-02-02,12:13:59,12.2839,27.31,25.0,3247,15311882.0,2.848698393932761e-05
2024-02-02,12:13:59,12.2882,27.31,25.0,3248,15311882.0,2.844145747591892e-05
2024-02-02,12:13:59,12.2926,27.31,25.0,3249,15311882.0,2.839600377061182e-05
2024-02-02,12:13:59,12.2969,27.31,25.0,3248,15311881.0,2.844145747591892e-05
2024-02-02,12:13:59,12.3013,27.31,25.0,3247,15311881.0,2.848698393932761e-05
2024-02-02,12:13:59,12.3056,27.31,25.0,3248,15311882.0,2.844145747591892e-05
2024-02-02,12:13:59,12.3099,27.31,25.0,3248,15311882.0,2.844145747591892e-05
2024-02-02,12:13:59,12.3143,27.31,25.0,3247,15311881.0,2.848698393932761e-05
2024-02-02,12:13:59,12.3187,27.31,25.0,3247,15311881.0,2.848698393932761e-05
2024-02-02,12:13:59,12.323,27.31,25.0,3247,15311881.0,2.848698393932761e-05
2024-02-02,12:13:59,12.3273,27.31,25.0,3247,15311881.0,2.848698393932761e-05
2024-02-02,12:13:59,12.3317,27.31,25.0,3247,15311881.0,2.848698393932761e-05
2024-02-02,12:13:59,12.336,27.31,25.0,3247,15311881.0,2.848698393932761e-05
2024-02-02,12:13:59,12.3403,27.31,25.0,3247,15311881.0,2.848698393932761e-05
2024-02-02,12:13:59,12.3447,27.31,25.0,3247,15311882.0,2.848698393932761e-05
2024-02-02,12:13:59,12.349,27.31,25.0,3247,15311882.0,2.848698393932761e-05
2024-02-02,12:13:59,12.3534,27.31,25.0,3247,15311882.0,2.848698393932761e-05
2024-02-02,12:13:59,12.3577,27.31,25.0,3247,15311882.0,2.848698393932761e-05
2024-02-02,12:13:59,12.3621,27.31,25.0,3247,15311881.0,2.848698393932761e-05
2024-02-02,12:13:59,12.3664,27.31,25.0,3246,15311881.0,2.853258327730228e-05
2024-02-02,12:13:59,12.3708,27.31,25.0,3246,15311880.0,2.853258327730228e-05
2024-02-02,12:13:59,12.3751,27.31,25.0,3247,15311881.0,2.848698393932761e-05
2024-02-02,12:13:59,12.3794,27.31,25.0,3247,15311881.0,2.848698393932761e-05
2024-02-02,12:13:59,12.3837,27.31,25.0,3247,15311882.0,2.848698393932761e-05
2024-02-02,12:13:59,12.3881,27.31,25.0,3246,15311882.0,2.853258327730228e-05
2024-02-02,12:13:59,12.3925,27.31,25.0,3246,15311882.0,2.853258327730228e-05
2024-02-02,12:13:59,12.3968,27.31,25.0,3247,15311882.0,2.848698393932761e-05
2024-02-02,12:13:59,12.4011,27.31,25.0,3246,15311881.0,2.853258327730228e-05
2024-02-02,12:13:59,12.4055,27.31,25.0,3245,15311881.0,2.857825560649389e-05
2024-02-02,12:13:59,12.4098,27.31,25.0,3245,15311881.0,2.857825560649389e-05
2024-02-02,12:13:59,12.4142,27.31,25.0,3245,15311881.0,2.857825560649389e-05
2024-02-02,12:13:59,12.4185,27.31,25.0,3246,15311882.0,2.853258327730228e-05
2024-02-02,12:13:59,12.4229,27.31,25.0,3247,15311882.0,2.848698393932761e-05
2024-02-02,12:13:59,12.4272,27.31,25.0,3246,15311881.0,2.853258327730228e-05
2024-02-02,12:13:59,12.4316,27.31,25.0,3246,15311881.0,2.853258327730228e-05
2024-02-02,12:14:00,12.4359,27.31,25.0,3247,15311882.0,2.848698393932761e-05
2024-02-02,12:14:00,12.4403,27.31,25.0,3246,15311882.0,2.853258327730228e-05
2024-02-02,12:14:00,12.4446,27.31,25.0,3245,15311881.0,2.857825560649389e-05
2024-02-02,12:14:00,12.4489,27.31,25.0,3246,15311881.0,2.853258327730228e-05
2024-02-02,12:14:00,12.4533,27.31,25.0,3246,15311881.0,2.853258327730228e-05
2024-02-02,12:14:00,12.4577,27.31,25.0,3245,15311881.0,2.857825560649389e-05
2024-02-02,12:14:00,12.462,27.31,25.0,3245,15311881.0,2.857825560649389e-05
2024-02-02,12:14:00,12.4663,27.31,25.0,3246,15311880.0,2.853258327730228e-05
2024-02-02,12:14:00,12.4707,27.31,25.0,3245,15311880.0,2.857825560649389e-05
2024-02-02,12:14:00,12.475,27.31,25.0,3244,15311881.0,2.862400104373998e-05
2024-02-02,12:14:00,12.4793,27.31,25.0,3245,15311881.0,2.857825560649389e-05
2024-02-02,12:14:00,12.4837,27.31,25.0,3246,15311881.0,2.853258327730228e-05
2024-02-02,12:14:00,12.488,27.31,25.0,3247,15311881.0,2.848698393932761e-05
2024-02-02,12:14:00,12.4923,27.31,25.0,3246,15311882.0,2.853258327730228e-05
2024-02-02,12:14:00,12.4967,27.31,25.0,3245,15311881.0,2.857825560649389e-05
2024-02-02,12:14:00,12.501,27.31,25.0,3245,15311881.0,2.857825560649389e-05
2024-02-02,12:14:00,12.5054,27.31,25.0,3245,15311881.0,2.857825560649389e-05
2024-02-02,12:14:00,12.5097,27.31,25.0,3245,15311881.0,2.857825560649389e-05
2024-02-02,12:14:00,12.5141,27.31,25.0,3245,15311881.0,2.857825560649389e-05
2024-02-02,12:14:00,12.5184,27.25,25.0,3246,15311880.0,2.853258327730228e-05
2024-02-02,12:14:00,12.5227,27.25,25.0,3246,15311881.0,2.853258327730228e-05
2024-02-02,12:14:00,12.5271,27.25,25.0,3245,15311881.0,2.857825560649389e-05
2024-02-02,12:14:00,12.5314,27.25,25.0,3245,15311881.0,2.857825560649389e-05
2024-02-02,12:14:00,12.5357,27.25,25.0,3246,15311881.0,2.853258327730228e-05
2024-02-02,12:14:00,12.54,27.25,25.0,3246,15311880.0,2.853258327730228e-05
2024-02-02,12:14:00,12.5444,27.25,25.0,3245,15311881.0,2.857825560649389e-05
2024-02-02,12:14:00,12.5487,27.25,25.0,3245,15311881.0,2.857825560649389e-05
2024-02-02,12:14:00,12.5531,27.25,25.0,3245,15311881.0,2.857825560649389e-05
2024-02-02,12:14:00,12.5574,27.25,25.0,3245,15311881.0,2.857825560649389e-05
2024-02-02,12:14:00,12.5618,27.25,25.0,3245,15311881.0,2.857825560649389e-05
2024-02-02,12:14:00,12.5661,27.25,25.0,3245,15311881.0,2.857825560649389e-05
2024-02-02,12:14:00,12.5705,27.25,25.0,3246,15311881.0,2.853258327730228e-05
2024-02-02,12:14:00,12.5748,27.25,25.0,3246,15311881.0,2.853258327730228e-05
2024-02-02,12:14:00,12.5792,27.25,25.0,3245,15311881.0,2.857825560649389e-05
2024-02-02,12:14:00,12.5835,27.25,25.0,3245,15311881.0,2.857825560649389e-05
2024-02-02,12:14:00,12.5879,27.25,25.0,3245,15311881.0,2.857825560649389e-05
2024-02-02,12:14:00,12.5922,27.25,25.0,3244,15311881.0,2.862400104373998e-05
2024-02-02,12:14:00,12.5965,27.25,25.0,3243,15311881.0,2.866981970606527e-05
2024-02-02,12:14:00,12.6009,27.25,25.0,3244,15311882.0,2.862400104373998e-05
2024-02-02,12:14:00,12.6052,27.25,25.0,3245,15311882.0,2.857825560649389e-05
2024-02-02,12:14:00,12.6096,27.25,25.0,3244,15311881.0,2.862400104373998e-05
2024-02-02,12:14:00,12.6139,27.25,25.0,3244,15311881.0,2.862400104373998e-05
2024-02-02,12:14:00,12.6182,27.25,25.0,3245,15311882.0,2.857825560649389e-05
2024-02-02,12:14:00,12.6226,27.25,25.0,3245,15311881.0,2.857825560649389e-05
2024-02-02,12:14:00,12.627,27.25,25.0,3244,15311880.0,2.862400104373998e-05
2024-02-02,12:14:00,12.6313,27.25,25.0,3243,15311881.0,2.866981970606527e-05
2024-02-02,12:14:00,12.6357,27.25,25.0,3244,15311882.0,2.862400104373998e-05
2024-02-02,12:14:00,12.64,27.25,25.0,3245,15311881.0,2.857825560649389e-05
2024-02-02,12:14:00,12.6444,27.25,25.0,3245,15311881.0,2.857825560649389e-05
2024-02-02,12:14:00,12.6487,27.25,25.0,3245,15311881.0,2.857825560649389e-05
2024-02-02,12:14:00,12.653,27.25,25.0,3244,15311881.0,2.862400104373998e-05
2024-02-02,12:14:00,12.6574,27.25,25.0,3244,15311881.0,2.862400104373998e-05
2024-02-02,12:14:00,12.6617,27.25,25.0,3244,15311881.0,2.862400104373998e-05
2024-02-02,12:14:00,12.6661,27.25,25.0,3244,15311881.0,2.862400104373998e-05
2024-02-02,12:14:00,12.6704,27.25,25.0,3244,15311881.0,2.862400104373998e-05
2024-02-02,12:14:00,12.6748,27.25,25.0,3244,15311881.0,2.862400104373998e-05
2024-02-02,12:14:00,12.6791,27.25,25.0,3245,15311881.0,2.857825560649389e-05
2024-02-02,12:14:00,12.6835,27.25,25.0,3244,15311881.0,2.862400104373998e-05
2024-02-02,12:14:00,12.6878,27.25,25.0,3243,15311881.0,2.866981970606527e-05
2024-02-02,12:14:00,12.6921,27.25,25.0,3244,15311881.0,2.862400104373998e-05
2024-02-02,12:14:00,12.6965,27.25,25.0,3244,15311881.0,2.862400104373998e-05
2024-02-02,12:14:00,12.7008,27.25,25.0,3243,15311881.0,2.866981970606527e-05
2024-02-02,12:14:00,12.7052,27.25,25.0,3243,15311881.0,2.866981970606527e-05
2024-02-02,12:14:00,12.7095,27.25,25.0,3244,15311881.0,2.862400104373998e-05
2024-02-02,12:14:00,12.7139,27.25,25.0,3244,15311881.0,2.862400104373998e-05
2024-02-02,12:14:00,12.7182,27.25,25.0,3244,15311881.0,2.862400104373998e-05
2024-02-02,12:14:00,12.7225,27.25,25.0,3244,15311881.0,2.862400104373998e-05
2024-02-02,12:14:00,12.7269,27.25,25.0,3244,15311881.0,2.862400104373998e-05
2024-02-02,12:14:00,12.7312,27.25,25.0,3244,15311881.0,2.862400104373998e-05
2024-02-02,12:14:00,12.7355,27.25,25.0,3244,15311881.0,2.862400104373998e-05
2024-02-02,12:14:00,12.7399,27.25,25.0,3244,15311881.0,2.862400104373998e-05
2024-02-02,12:14:00,12.7443,27.25,25.0,3243,15311881.0,2.866981970606527e-05
2024-02-02,12:14:00,12.7486,27.25,25.0,3243,15311881.0,2.866981970606527e-05
2024-02-02,12:14:00,12.753,27.25,25.0,3243,15311881.0,2.866981970606527e-05
2024-02-02,12:14:00,12.7573,27.25,25.0,3242,15311881.0,2.871571171068163e-05
2024-02-02,12:14:00,12.7617,27.25,25.0,3243,15311880.0,2.866981970606527e-05
2024-02-02,12:14:00,12.766,27.25,25.0,3243,15311881.0,2.866981970606527e-05
2024-02-02,12:14:00,12.7704,27.25,25.0,3243,15311881.0,2.866981970606527e-05
2024-02-02,12:14:00,12.7747,27.25,25.0,3244,15311881.0,2.862400104373998e-05
2024-02-02,12:14:00,12.7791,27.25,25.0,3243,15311881.0,2.866981970606527e-05
