3813
3910
3913
5690
11001
18923