Date,Time,Relative_time,Ambient,Temperature,Peak Magnitude (RAW),Resonance_Frequency,Dissipation
2024-05-24,11:56:08,0.0528,26.81,25.0,3288,15026745.0,2.667883965438242e-05
2024-05-24,11:56:08,0.0807,26.81,25.0,3291,15027078.0,2.655113363058303e-05
2024-05-24,11:56:08,0.1119,26.81,25.0,3354,15027032.0,2.400611230676662e-05
2024-05-24,11:56:08,0.1176,26.81,25.0,3356,15027032.0,2.392944290039733e-05
2024-05-24,11:56:08,0.1234,26.81,25.0,3356,15027032.0,2.392944290039733e-05
2024-05-24,11:56:08,0.1291,26.81,25.0,3355,15027032.0,2.396774694678868e-05
2024-05-24,11:56:08,0.1349,26.81,25.0,3355,15027032.0,2.396774694678868e-05
2024-05-24,11:56:08,0.1407,26.81,25.0,3355,15027032.0,2.396774694678868e-05
2024-05-24,11:56:08,0.1464,26.81,25.0,3355,15027032.0,2.396774694678868e-05
2024-05-24,11:56:08,0.1521,26.81,25.0,3355,15027032.0,2.396774694678868e-05
2024-05-24,11:56:08,0.1577,26.81,25.0,3355,15027032.0,2.396774694678868e-05
2024-05-24,11:56:08,0.1634,26.81,25.0,3355,15027032.0,2.396774694678868e-05
2024-05-24,11:56:08,0.1692,26.81,25.0,3355,15027032.0,2.396774694678868e-05
2024-05-24,11:56:08,0.175,26.81,25.0,3355,15027032.0,2.396774694678868e-05
2024-05-24,11:56:08,0.1807,26.81,25.0,3355,15027032.0,2.396774694678868e-05
2024-05-24,11:56:08,0.1865,26.81,25.0,3356,15027032.0,2.392944290039733e-05
2024-05-24,11:56:08,0.1922,26.81,25.0,3356,15027032.0,2.392944290039733e-05
2024-05-24,11:56:08,0.198,26.81,25.0,3356,15027032.0,2.392944290039733e-05
2024-05-24,11:56:08,0.2036,26.81,25.0,3356,15027032.0,2.392944290039733e-05
2024-05-24,11:56:08,0.2093,26.81,25.0,3355,15027032.0,2.396774694678868e-05
2024-05-24,11:56:08,0.215,26.81,25.0,3355,15027032.0,2.396774694678868e-05
2024-05-24,11:56:08,0.2208,26.81,25.0,3355,15027032.0,2.396774694678868e-05
2024-05-24,11:56:08,0.2265,26.81,25.0,3355,15027032.0,2.396774694678868e-05
2024-05-24,11:56:08,0.2323,26.81,25.0,3356,15027032.0,2.392944290039733e-05
2024-05-24,11:56:08,0.2381,26.81,25.0,3356,15027032.0,2.392944290039733e-05
2024-05-24,11:56:08,0.2438,26.81,25.0,3355,15027032.0,2.396774694678868e-05
2024-05-24,11:56:08,0.2496,26.81,25.0,3355,15027032.0,2.396774694678868e-05
2024-05-24,11:56:08,0.2553,26.81,25.0,3355,15027032.0,2.396774694678868e-05
2024-05-24,11:56:08,0.261,26.81,25.0,3356,15027032.0,2.392944290039733e-05
2024-05-24,11:56:08,0.2666,26.81,25.0,3356,15027032.0,2.392944290039733e-05
2024-05-24,11:56:08,0.2724,26.81,25.0,3355,15027032.0,2.396774694678868e-05
2024-05-24,11:56:08,0.2781,26.81,25.0,3356,15027032.0,2.392944290039733e-05
2024-05-24,11:56:08,0.2839,26.81,25.0,3357,15027032.0,2.389120006960434e-05
2024-05-24,11:56:08,0.2897,26.81,25.0,3357,15027032.0,2.389120006960434e-05
2024-05-24,11:56:08,0.2954,26.81,25.0,3356,15027032.0,2.392944290039733e-05
2024-05-24,11:56:08,0.3012,26.81,25.0,3356,15027032.0,2.392944290039733e-05
2024-05-24,11:56:08,0.3069,26.81,25.0,3357,15027032.0,2.389120006960434e-05
2024-05-24,11:56:08,0.3127,26.81,25.0,3357,15027032.0,2.389120006960434e-05
2024-05-24,11:56:08,0.3183,26.81,25.0,3357,15027032.0,2.389120006960434e-05
2024-05-24,11:56:08,0.3241,26.81,25.0,3357,15027032.0,2.389120006960434e-05
2024-05-24,11:56:08,0.3298,26.81,25.0,3356,15027032.0,2.392944290039733e-05
2024-05-24,11:56:08,0.3355,26.81,25.0,3355,15027032.0,2.396774694678868e-05
2024-05-24,11:56:08,0.3412,26.81,25.0,3355,15027032.0,2.396774694678868e-05
2024-05-24,11:56:08,0.347,26.81,25.0,3356,15027032.0,2.392944290039733e-05
2024-05-24,11:56:08,0.3528,26.81,25.0,3356,15027032.0,2.392944290039733e-05
2024-05-24,11:56:08,0.3585,26.81,25.0,3355,15027032.0,2.396774694678868e-05
2024-05-24,11:56:08,0.3641,26.81,25.0,3355,15027032.0,2.396774694678868e-05
2024-05-24,11:56:08,0.3699,26.81,25.0,3355,15027032.0,2.396774694678868e-05
2024-05-24,11:56:08,0.3757,26.81,25.0,3355,15027032.0,2.396774694678868e-05
2024-05-24,11:56:08,0.3813,26.81,25.0,3355,15027032.0,2.396774694678868e-05
2024-05-24,11:56:08,0.3871,26.81,25.0,3355,15027032.0,2.396774694678868e-05
2024-05-24,11:56:08,0.3928,26.81,25.0,3356,15027032.0,2.392944290039733e-05
2024-05-24,11:56:08,0.3986,26.81,25.0,3356,15027032.0,2.392944290039733e-05
2024-05-24,11:56:08,0.41,26.81,25.0,3355,15027032.0,2.396774694678868e-05
2024-05-24,11:56:08,0.4156,26.81,25.0,3356,15027032.0,2.392944290039733e-05
2024-05-24,11:56:08,0.4214,26.81,25.0,3356,15027032.0,2.392944290039733e-05
2024-05-24,11:56:08,0.4271,26.81,25.0,3356,15027032.0,2.392944290039733e-05
2024-05-24,11:56:08,0.4329,26.81,25.0,3357,15027032.0,2.389120006960434e-05
2024-05-24,11:56:08,0.4386,26.81,25.0,3357,15027033.0,2.389120006960434e-05
2024-05-24,11:56:08,0.4444,26.81,25.0,3356,15027032.0,2.392944290039733e-05
2024-05-24,11:56:08,0.4502,26.88,25.0,3355,15027032.0,2.396774694678868e-05
2024-05-24,11:56:08,0.4559,26.88,25.0,3356,15027032.0,2.392944290039733e-05
2024-05-24,11:56:08,0.4617,26.88,25.0,3356,15027032.0,2.392944290039733e-05
2024-05-24,11:56:08,0.4674,26.88,25.0,3355,15027032.0,2.396774694678868e-05
2024-05-24,11:56:08,0.4732,26.88,25.0,3355,15027032.0,2.396774694678868e-05
2024-05-24,11:56:08,0.4788,26.88,25.0,3356,15027032.0,2.392944290039733e-05
2024-05-24,11:56:08,0.4846,26.88,25.0,3357,15027032.0,2.389120006960434e-05
2024-05-24,11:56:08,0.4904,26.88,25.0,3357,15027032.0,2.389120006960434e-05
2024-05-24,11:56:08,0.4961,26.88,25.0,3357,15027032.0,2.389120006960434e-05
2024-05-24,11:56:08,0.5019,26.88,25.0,3357,15027032.0,2.389120006960434e-05
2024-05-24,11:56:08,0.5075,26.88,25.0,3357,15027032.0,2.389120006960434e-05
2024-05-24,11:56:08,0.5133,26.88,25.0,3357,15027032.0,2.389120006960434e-05
2024-05-24,11:56:08,0.519,26.88,25.0,3357,15027032.0,2.389120006960434e-05
2024-05-24,11:56:08,0.5248,26.88,25.0,3356,15027032.0,2.392944290039733e-05
2024-05-24,11:56:08,0.5305,26.88,25.0,3356,15027032.0,2.392944290039733e-05
2024-05-24,11:56:08,0.5362,26.88,25.0,3356,15027032.0,2.392944290039733e-05
2024-05-24,11:56:08,0.5419,26.88,25.0,3355,15027032.0,2.396774694678868e-05
2024-05-24,11:56:08,0.5477,26.88,25.0,3355,15027032.0,2.396774694678868e-05
2024-05-24,11:56:08,0.5533,26.88,25.0,3356,15027032.0,2.392944290039733e-05
2024-05-24,11:56:08,0.5591,26.88,25.0,3356,15027032.0,2.392944290039733e-05
2024-05-24,11:56:08,0.5649,26.88,25.0,3355,15027032.0,2.396774694678868e-05
2024-05-24,11:56:08,0.5706,26.88,25.0,3356,15027032.0,2.392944290039733e-05
2024-05-24,11:56:08,0.5764,26.88,25.0,3356,15027032.0,2.392944290039733e-05
2024-05-24,11:56:08,0.582,26.88,25.0,3355,15027032.0,2.396774694678868e-05
2024-05-24,11:56:08,0.5876,26.88,25.0,3355,15027032.0,2.396774694678868e-05
2024-05-24,11:56:08,0.5934,26.88,25.0,3355,15027032.0,2.396774694678868e-05
2024-05-24,11:56:08,0.6049,26.88,25.0,3355,15027032.0,2.396774694678868e-05
2024-05-24,11:56:08,0.6107,26.88,25.0,3356,15027032.0,2.392944290039733e-05
2024-05-24,11:56:08,0.6164,26.88,25.0,3356,15027032.0,2.392944290039733e-05
2024-05-24,11:56:08,0.6222,26.88,25.0,3355,15027032.0,2.396774694678868e-05
2024-05-24,11:56:08,0.628,26.88,25.0,3355,15027032.0,2.396774694678868e-05
2024-05-24,11:56:08,0.6337,26.88,25.0,3355,15027032.0,2.396774694678868e-05
2024-05-24,11:56:08,0.6393,26.88,25.0,3355,15027032.0,2.396774694678868e-05
2024-05-24,11:56:08,0.6451,26.88,25.0,3356,15027032.0,2.392944290039733e-05
2024-05-24,11:56:08,0.6509,26.88,25.0,3357,15027032.0,2.389120006960434e-05
2024-05-24,11:56:08,0.6566,26.88,25.0,3356,15027032.0,2.392944290039733e-05
2024-05-24,11:56:08,0.6624,26.88,25.0,3355,15027032.0,2.396774694678868e-05
2024-05-24,11:56:08,0.668,26.88,25.0,3356,15027032.0,2.392944290039733e-05
2024-05-24,11:56:08,0.6738,26.88,25.0,3357,15027032.0,2.389120006960434e-05
2024-05-24,11:56:08,0.6795,26.88,25.0,3357,15027032.0,2.389120006960434e-05
2024-05-24,11:56:08,0.6853,26.88,25.0,3356,15027032.0,2.392944290039733e-05
2024-05-24,11:56:08,0.6911,26.88,25.0,3356,15027032.0,2.392944290039733e-05
2024-05-24,11:56:08,0.6968,26.88,25.0,3357,15027032.0,2.389120006960434e-05
2024-05-24,11:56:08,0.7026,26.88,25.0,3357,15027032.0,2.389120006960434e-05
2024-05-24,11:56:08,0.7083,26.88,25.0,3356,15027032.0,2.392944290039733e-05
2024-05-24,11:56:08,0.714,26.88,25.0,3356,15027032.0,2.392944290039733e-05
2024-05-24,11:56:08,0.7196,26.88,25.0,3356,15027032.0,2.392944290039733e-05
2024-05-24,11:56:08,0.7254,26.88,25.0,3356,15027032.0,2.392944290039733e-05
2024-05-24,11:56:08,0.7311,26.88,25.0,3357,15027032.0,2.389120006960434e-05
2024-05-24,11:56:08,0.7369,26.88,25.0,3356,15027032.0,2.392944290039733e-05
2024-05-24,11:56:08,0.7426,26.88,25.0,3356,15027033.0,2.392944290039733e-05
2024-05-24,11:56:08,0.7484,26.88,25.0,3357,15027033.0,2.389120006960434e-05
2024-05-24,11:56:08,0.7542,26.88,25.0,3356,15027032.0,2.392944290039733e-05
2024-05-24,11:56:08,0.7599,26.88,25.0,3355,15027032.0,2.396774694678868e-05
2024-05-24,11:56:08,0.7656,26.88,25.0,3356,15027032.0,2.392944290039733e-05
2024-05-24,11:56:09,0.7713,26.88,25.0,3357,15027032.0,2.389120006960434e-05
2024-05-24,11:56:09,0.7771,26.88,25.0,3357,15027032.0,2.389120006960434e-05
2024-05-24,11:56:09,0.7827,26.88,25.0,3356,15027032.0,2.392944290039733e-05
2024-05-24,11:56:09,0.7885,26.88,25.0,3355,15027032.0,2.396774694678868e-05
2024-05-24,11:56:09,0.8,26.88,25.0,3355,15027032.0,2.396774694678868e-05
2024-05-24,11:56:09,0.8057,26.88,25.0,3355,15027032.0,2.396774694678868e-05
2024-05-24,11:56:09,0.8115,26.88,25.0,3355,15027032.0,2.396774694678868e-05
2024-05-24,11:56:09,0.8171,26.88,25.0,3355,15027032.0,2.396774694678868e-05
2024-05-24,11:56:09,0.8228,26.88,25.0,3356,15027032.0,2.392944290039733e-05
2024-05-24,11:56:09,0.8287,26.88,25.0,3356,15027032.0,2.392944290039733e-05
2024-05-24,11:56:09,0.8344,26.88,25.0,3356,15027033.0,2.392944290039733e-05
2024-05-24,11:56:09,0.8401,26.88,25.0,3356,15027032.0,2.392944290039733e-05
2024-05-24,11:56:09,0.8458,26.88,25.0,3356,15027032.0,2.392944290039733e-05
2024-05-24,11:56:09,0.8516,26.88,25.0,3357,15027032.0,2.389120006960434e-05
2024-05-24,11:56:09,0.8573,26.88,25.0,3356,15027032.0,2.392944290039733e-05
2024-05-24,11:56:09,0.8631,26.88,25.0,3355,15027032.0,2.396774694678868e-05
2024-05-24,11:56:09,0.8689,26.88,25.0,3356,15027032.0,2.392944290039733e-05
2024-05-24,11:56:09,0.8746,26.88,25.0,3357,15027032.0,2.389120006960434e-05
2024-05-24,11:56:09,0.8804,26.88,25.0,3357,15027032.0,2.389120006960434e-05
2024-05-24,11:56:09,0.8861,26.88,25.0,3357,15027032.0,2.389120006960434e-05
2024-05-24,11:56:09,0.8918,26.88,25.0,3356,15027032.0,2.392944290039733e-05
2024-05-24,11:56:09,0.8975,26.88,25.0,3356,15027032.0,2.392944290039733e-05
2024-05-24,11:56:09,0.9034,26.88,25.0,3357,15027032.0,2.389120006960434e-05
2024-05-24,11:56:09,0.9092,26.88,25.0,3357,15027032.0,2.389120006960434e-05
2024-05-24,11:56:09,0.9148,26.88,25.0,3357,15027032.0,2.389120006960434e-05
2024-05-24,11:56:09,0.9206,26.88,25.0,3356,15027032.0,2.392944290039733e-05
2024-05-24,11:56:09,0.9263,26.88,25.0,3355,15027032.0,2.396774694678868e-05
2024-05-24,11:56:09,0.932,26.88,25.0,3355,15027032.0,2.396774694678868e-05
2024-05-24,11:56:09,0.9377,26.88,25.0,3355,15027032.0,2.396774694678868e-05
2024-05-24,11:56:09,0.9435,26.88,25.0,3355,15027032.0,2.396774694678868e-05
2024-05-24,11:56:09,0.9492,26.88,25.0,3356,15027032.0,2.392944290039733e-05
2024-05-24,11:56:09,0.955,26.81,24.75,3356,15027032.0,2.392944290039733e-05
2024-05-24,11:56:09,0.9608,26.81,24.75,3355,15027032.0,2.396774694678868e-05
2024-05-24,11:56:09,0.9665,26.81,24.75,3355,15027032.0,2.396774694678868e-05
2024-05-24,11:56:09,0.9721,26.81,24.75,3356,15027032.0,2.392944290039733e-05
2024-05-24,11:56:09,0.9779,26.81,24.75,3356,15027032.0,2.392944290039733e-05
2024-05-24,11:56:09,0.9837,26.81,24.75,3355,15027032.0,2.396774694678868e-05
2024-05-24,11:56:09,0.9893,26.81,24.75,3356,15027032.0,2.392944290039733e-05
2024-05-24,11:56:09,1.0008,26.81,24.75,3357,15027032.0,2.389120006960434e-05
2024-05-24,11:56:09,1.0066,26.81,24.75,3356,15027032.0,2.392944290039733e-05
2024-05-24,11:56:09,1.0123,26.81,24.75,3356,15027032.0,2.392944290039733e-05
2024-05-24,11:56:09,1.0181,26.81,24.75,3357,15027032.0,2.389120006960434e-05
2024-05-24,11:56:09,1.0239,26.81,24.75,3356,15027032.0,2.392944290039733e-05
2024-05-24,11:56:09,1.0296,26.81,24.75,3356,15027032.0,2.392944290039733e-05
2024-05-24,11:56:09,1.0354,26.81,24.75,3356,15027032.0,2.392944290039733e-05
2024-05-24,11:56:09,1.041,26.81,24.75,3355,15027032.0,2.396774694678868e-05
2024-05-24,11:56:09,1.0468,26.81,24.75,3355,15027032.0,2.396774694678868e-05
2024-05-24,11:56:09,1.0525,26.81,24.75,3355,15027032.0,2.396774694678868e-05
2024-05-24,11:56:09,1.0582,26.81,24.75,3355,15027032.0,2.396774694678868e-05
2024-05-24,11:56:09,1.0639,26.81,24.75,3355,15027032.0,2.396774694678868e-05
2024-05-24,11:56:09,1.0697,26.81,24.75,3355,15027032.0,2.396774694678868e-05
2024-05-24,11:56:09,1.0754,26.81,24.75,3356,15027032.0,2.392944290039733e-05
2024-05-24,11:56:09,1.0812,26.81,24.75,3357,15027032.0,2.389120006960434e-05
2024-05-24,11:56:09,1.087,26.81,24.75,3357,15027032.0,2.389120006960434e-05
2024-05-24,11:56:09,1.0927,26.81,24.75,3357,15027032.0,2.389120006960434e-05
2024-05-24,11:56:09,1.0985,26.81,24.75,3357,15027032.0,2.389120006960434e-05
2024-05-24,11:56:09,1.1042,26.81,24.75,3357,15027032.0,2.389120006960434e-05
2024-05-24,11:56:09,1.1099,26.81,24.75,3356,15027032.0,2.392944290039733e-05
2024-05-24,11:56:09,1.1156,26.81,24.75,3355,15027032.0,2.396774694678868e-05
2024-05-24,11:56:09,1.1214,26.81,24.75,3355,15027032.0,2.396774694678868e-05
2024-05-24,11:56:09,1.127,26.81,24.75,3355,15027032.0,2.396774694678868e-05
2024-05-24,11:56:09,1.1328,26.81,24.75,3356,15027032.0,2.392944290039733e-05
2024-05-24,11:56:09,1.1387,26.81,24.75,3356,15027032.0,2.392944290039733e-05
2024-05-24,11:56:09,1.1444,26.81,24.75,3355,15027032.0,2.396774694678868e-05
2024-05-24,11:56:09,1.1501,26.81,24.75,3356,15027032.0,2.392944290039733e-05
2024-05-24,11:56:09,1.1558,26.81,24.75,3356,15027032.0,2.392944290039733e-05
2024-05-24,11:56:09,1.1616,26.81,24.75,3355,15027032.0,2.396774694678868e-05
2024-05-24,11:56:09,1.1673,26.81,24.75,3356,15027032.0,2.392944290039733e-05
2024-05-24,11:56:09,1.173,26.81,24.75,3356,15027032.0,2.392944290039733e-05
2024-05-24,11:56:09,1.1786,26.81,24.75,3355,15027032.0,2.396774694678868e-05
2024-05-24,11:56:09,1.1844,26.81,24.75,3355,15027032.0,2.396774694678868e-05
2024-05-24,11:56:09,1.1959,26.81,24.75,3356,15027033.0,2.392944290039733e-05
2024-05-24,11:56:09,1.2015,26.81,24.75,3356,15027032.0,2.392944290039733e-05
2024-05-24,11:56:09,1.2073,26.81,24.75,3357,15027032.0,2.389120006960434e-05
2024-05-24,11:56:09,1.213,26.81,24.75,3356,15027032.0,2.392944290039733e-05
2024-05-24,11:56:09,1.2188,26.81,24.75,3355,15027032.0,2.396774694678868e-05
2024-05-24,11:56:09,1.2246,26.81,24.75,3356,15027032.0,2.392944290039733e-05
2024-05-24,11:56:09,1.2302,26.81,24.75,3356,15027032.0,2.392944290039733e-05
2024-05-24,11:56:09,1.236,26.81,24.75,3355,15027032.0,2.396774694678868e-05
2024-05-24,11:56:09,1.2417,26.81,24.75,3355,15027032.0,2.396774694678868e-05
2024-05-24,11:56:09,1.2475,26.81,24.75,3355,15027032.0,2.396774694678868e-05
2024-05-24,11:56:09,1.2532,26.81,24.75,3355,15027032.0,2.396774694678868e-05
2024-05-24,11:56:09,1.259,26.81,24.75,3356,15027032.0,2.392944290039733e-05
2024-05-24,11:56:09,1.2648,26.81,24.75,3357,15027032.0,2.389120006960434e-05
2024-05-24,11:56:09,1.2705,26.81,24.75,3356,15027032.0,2.392944290039733e-05
2024-05-24,11:56:09,1.2763,26.81,24.75,3356,15027032.0,2.392944290039733e-05
2024-05-24,11:56:09,1.282,26.81,24.75,3357,15027032.0,2.389120006960434e-05
2024-05-24,11:56:09,1.2878,26.81,24.75,3356,15027032.0,2.392944290039733e-05
2024-05-24,11:56:09,1.2934,26.81,24.75,3356,15027032.0,2.392944290039733e-05
2024-05-24,11:56:09,1.2991,26.81,24.75,3357,15027032.0,2.389120006960434e-05
2024-05-24,11:56:09,1.3048,26.81,24.75,3357,15027032.0,2.389120006960434e-05
2024-05-24,11:56:09,1.3107,26.81,24.75,3357,15027032.0,2.389120006960434e-05
2024-05-24,11:56:09,1.3165,26.81,24.75,3357,15027032.0,2.389120006960434e-05
2024-05-24,11:56:09,1.3221,26.81,24.75,3357,15027032.0,2.389120006960434e-05
2024-05-24,11:56:09,1.3279,26.81,24.75,3357,15027032.0,2.389120006960434e-05
2024-05-24,11:56:09,1.3336,26.81,24.75,3356,15027032.0,2.392944290039733e-05
2024-05-24,11:56:09,1.3394,26.81,24.75,3356,15027032.0,2.392944290039733e-05
2024-05-24,11:56:09,1.3451,26.81,24.75,3357,15027032.0,2.389120006960434e-05
2024-05-24,11:56:09,1.3509,26.81,24.75,3356,15027032.0,2.392944290039733e-05
2024-05-24,11:56:09,1.3567,26.81,24.75,3355,15027032.0,2.396774694678868e-05
2024-05-24,11:56:09,1.3624,26.81,24.75,3355,15027033.0,2.396774694678868e-05
2024-05-24,11:56:09,1.3682,26.81,24.75,3356,15027032.0,2.392944290039733e-05
2024-05-24,11:56:09,1.3738,26.81,24.75,3356,15027032.0,2.392944290039733e-05
2024-05-24,11:56:09,1.3796,26.81,24.75,3355,15027032.0,2.396774694678868e-05
2024-05-24,11:56:09,1.3853,26.81,24.75,3356,15027032.0,2.392944290039733e-05
2024-05-24,11:56:09,1.3967,26.81,24.75,3356,15027032.0,2.392944290039733e-05
2024-05-24,11:56:09,1.4025,26.81,24.75,3356,15027032.0,2.392944290039733e-05
2024-05-24,11:56:09,1.4082,26.81,24.75,3355,15027032.0,2.396774694678868e-05
2024-05-24,11:56:09,1.414,26.81,24.75,3355,15027033.0,2.396774694678868e-05
2024-05-24,11:56:09,1.4196,26.81,24.75,3356,15027033.0,2.392944290039733e-05
2024-05-24,11:56:09,1.4254,26.81,24.75,3356,15027032.0,2.392944290039733e-05
2024-05-24,11:56:09,1.4312,26.81,24.75,3355,15027032.0,2.396774694678868e-05
2024-05-24,11:56:09,1.4368,26.81,24.75,3355,15027032.0,2.396774694678868e-05
2024-05-24,11:56:09,1.4425,26.81,24.75,3356,15027033.0,2.392944290039733e-05
2024-05-24,11:56:09,1.4483,26.81,24.75,3356,15027033.0,2.392944290039733e-05
2024-05-24,11:56:09,1.4541,26.81,24.75,3356,15027033.0,2.392944290039733e-05
2024-05-24,11:56:09,1.4598,26.81,24.75,3357,15027032.0,2.389120006960434e-05
2024-05-24,11:56:09,1.4656,26.81,24.75,3357,15027032.0,2.389120006960434e-05
2024-05-24,11:56:09,1.4713,26.81,24.75,3356,15027032.0,2.392944290039733e-05
2024-05-24,11:56:09,1.4771,26.81,24.75,3356,15027032.0,2.392944290039733e-05
2024-05-24,11:56:09,1.4829,26.81,24.75,3356,15027032.0,2.392944290039733e-05
2024-05-24,11:56:09,1.4886,26.81,24.75,3356,15027033.0,2.392944290039733e-05
2024-05-24,11:56:09,1.4944,26.81,24.75,3357,15027033.0,2.389120006960434e-05
2024-05-24,11:56:09,1.5001,26.81,24.75,3357,15027033.0,2.389120006960434e-05
2024-05-24,11:56:09,1.5059,26.81,24.75,3356,15027033.0,2.392944290039733e-05
2024-05-24,11:56:09,1.5115,26.81,24.75,3356,15027032.0,2.392944290039733e-05
2024-05-24,11:56:09,1.5173,26.81,24.75,3357,15027032.0,2.389120006960434e-05
2024-05-24,11:56:09,1.5231,26.81,24.75,3356,15027032.0,2.392944290039733e-05
2024-05-24,11:56:09,1.5288,26.81,24.75,3355,15027032.0,2.396774694678868e-05
2024-05-24,11:56:09,1.5346,26.81,24.75,3356,15027032.0,2.392944290039733e-05
2024-05-24,11:56:09,1.5402,26.81,24.75,3357,15027032.0,2.389120006960434e-05
2024-05-24,11:56:09,1.546,26.81,24.75,3356,15027033.0,2.392944290039733e-05
2024-05-24,11:56:09,1.5517,26.81,24.75,3356,15027032.0,2.392944290039733e-05
2024-05-24,11:56:09,1.5575,26.81,24.75,3356,15027032.0,2.392944290039733e-05
2024-05-24,11:56:09,1.5633,26.81,24.75,3355,15027032.0,2.396774694678868e-05
2024-05-24,11:56:09,1.569,26.81,24.75,3356,15027033.0,2.392944290039733e-05
2024-05-24,11:56:09,1.5748,26.81,24.75,3356,15027032.0,2.392944290039733e-05
2024-05-24,11:56:09,1.5805,26.81,24.75,3356,15027033.0,2.392944290039733e-05
2024-05-24,11:56:09,1.5863,26.81,24.75,3356,15027032.0,2.392944290039733e-05
2024-05-24,11:56:09,1.5919,26.81,24.75,3356,15027033.0,2.392944290039733e-05
2024-05-24,11:56:09,1.6033,26.81,24.75,3355,15027032.0,2.396774694678868e-05
2024-05-24,11:56:09,1.6091,26.81,24.75,3356,15027032.0,2.392944290039733e-05
2024-05-24,11:56:09,1.6148,26.81,24.75,3357,15027033.0,2.389120006960434e-05
2024-05-24,11:56:09,1.6206,26.81,24.75,3357,15027033.0,2.389120006960434e-05
2024-05-24,11:56:09,1.6264,26.81,24.75,3357,15027033.0,2.389120006960434e-05
2024-05-24,11:56:09,1.6321,26.81,24.75,3356,15027033.0,2.392944290039733e-05
2024-05-24,11:56:09,1.6379,26.81,24.75,3356,15027033.0,2.392944290039733e-05
2024-05-24,11:56:09,1.6436,26.81,24.75,3356,15027033.0,2.392944290039733e-05
2024-05-24,11:56:09,1.6494,26.81,24.75,3355,15027033.0,2.396774694678868e-05
2024-05-24,11:56:09,1.6552,26.81,24.75,3356,15027032.0,2.392944290039733e-05
2024-05-24,11:56:09,1.6608,26.81,24.75,3357,15027032.0,2.389120006960434e-05
2024-05-24,11:56:09,1.6665,26.81,24.75,3357,15027032.0,2.389120006960434e-05
2024-05-24,11:56:09,1.6723,26.81,24.75,3357,15027032.0,2.389120006960434e-05
2024-05-24,11:56:09,1.6781,26.81,24.75,3357,15027032.0,2.389120006960434e-05
2024-05-24,11:56:09,1.6838,26.81,24.75,3357,15027032.0,2.389120006960434e-05
2024-05-24,11:56:09,1.6895,26.81,24.75,3357,15027032.0,2.389120006960434e-05
2024-05-24,11:56:09,1.6952,26.81,24.75,3357,15027032.0,2.389120006960434e-05
2024-05-24,11:56:09,1.701,26.81,24.75,3357,15027033.0,2.389120006960434e-05
2024-05-24,11:56:09,1.7067,26.81,24.75,3357,15027033.0,2.389120006960434e-05
2024-05-24,11:56:09,1.7125,26.81,24.75,3357,15027032.0,2.389120006960434e-05
2024-05-24,11:56:09,1.7183,26.81,24.75,3356,15027032.0,2.392944290039733e-05
2024-05-24,11:56:09,1.724,26.81,24.75,3355,15027032.0,2.396774694678868e-05
2024-05-24,11:56:09,1.7298,26.81,24.75,3356,15027033.0,2.392944290039733e-05
2024-05-24,11:56:09,1.7355,26.81,24.75,3356,15027033.0,2.392944290039733e-05
2024-05-24,11:56:09,1.7412,26.81,24.75,3355,15027033.0,2.396774694678868e-05
2024-05-24,11:56:09,1.7469,26.81,24.75,3355,15027033.0,2.396774694678868e-05
2024-05-24,11:56:09,1.7527,26.81,24.75,3355,15027033.0,2.396774694678868e-05
2024-05-24,11:56:09,1.7583,26.81,24.75,3356,15027032.0,2.392944290039733e-05
2024-05-24,11:56:09,1.7641,26.81,24.75,3356,15027032.0,2.392944290039733e-05
2024-05-24,11:56:10,1.7698,26.81,24.75,3356,15027032.0,2.392944290039733e-05
2024-05-24,11:56:10,1.7756,26.81,24.75,3357,15027033.0,2.389120006960434e-05
2024-05-24,11:56:10,1.7814,26.81,24.75,3356,15027032.0,2.392944290039733e-05
2024-05-24,11:56:10,1.7871,26.81,24.75,3355,15027032.0,2.396774694678868e-05
2024-05-24,11:56:10,1.7929,26.81,24.75,3355,15027032.0,2.396774694678868e-05
2024-05-24,11:56:10,1.8044,26.81,24.75,3355,15027033.0,2.396774694678868e-05
2024-05-24,11:56:10,1.81,26.81,24.75,3356,15027033.0,2.392944290039733e-05
2024-05-24,11:56:10,1.8158,26.81,24.75,3356,15027033.0,2.392944290039733e-05
2024-05-24,11:56:10,1.8216,26.81,24.75,3355,15027033.0,2.396774694678868e-05
2024-05-24,11:56:10,1.8272,26.81,24.75,3355,15027033.0,2.396774694678868e-05
2024-05-24,11:56:10,1.8329,26.81,24.75,3356,15027033.0,2.392944290039733e-05
2024-05-24,11:56:10,1.8387,26.81,24.75,3356,15027033.0,2.392944290039733e-05
2024-05-24,11:56:10,1.8445,26.81,24.75,3355,15027033.0,2.396774694678868e-05
2024-05-24,11:56:10,1.8502,26.81,24.75,3355,15027032.0,2.396774694678868e-05
2024-05-24,11:56:10,1.856,26.81,24.75,3355,15027032.0,2.396774694678868e-05
2024-05-24,11:56:10,1.8617,26.81,24.75,3356,15027032.0,2.392944290039733e-05
2024-05-24,11:56:10,1.8675,26.81,24.75,3357,15027033.0,2.389120006960434e-05
2024-05-24,11:56:10,1.8733,26.81,24.75,3356,15027033.0,2.392944290039733e-05
2024-05-24,11:56:10,1.879,26.81,24.75,3356,15027033.0,2.392944290039733e-05
2024-05-24,11:56:10,1.8848,26.81,24.75,3356,15027033.0,2.392944290039733e-05
2024-05-24,11:56:10,1.8904,26.81,24.75,3356,15027033.0,2.392944290039733e-05
2024-05-24,11:56:10,1.8962,26.81,24.75,3357,15027033.0,2.389120006960434e-05
2024-05-24,11:56:10,1.9019,26.81,24.75,3357,15027033.0,2.389120006960434e-05
2024-05-24,11:56:10,1.9076,26.81,24.75,3357,15027033.0,2.389120006960434e-05
2024-05-24,11:56:10,1.9133,26.81,24.75,3356,15027032.0,2.392944290039733e-05
2024-05-24,11:56:10,1.9192,26.81,24.75,3355,15027033.0,2.396774694678868e-05
2024-05-24,11:56:10,1.925,26.81,24.75,3356,15027033.0,2.392944290039733e-05
2024-05-24,11:56:10,1.9306,26.81,24.75,3356,15027033.0,2.392944290039733e-05
2024-05-24,11:56:10,1.9364,26.81,24.75,3356,15027033.0,2.392944290039733e-05
2024-05-24,11:56:10,1.9421,26.81,24.75,3356,15027033.0,2.392944290039733e-05
2024-05-24,11:56:10,1.9479,26.81,24.75,3355,15027032.0,2.396774694678868e-05
2024-05-24,11:56:10,1.9537,26.81,24.75,3355,15027032.0,2.396774694678868e-05
2024-05-24,11:56:10,1.9594,26.81,24.75,3355,15027033.0,2.396774694678868e-05
2024-05-24,11:56:10,1.965,26.75,24.75,3355,15027032.0,2.396774694678868e-05
2024-05-24,11:56:10,1.9707,26.75,24.75,3356,15027033.0,2.392944290039733e-05
2024-05-24,11:56:10,1.9766,26.75,24.75,3356,15027033.0,2.392944290039733e-05
2024-05-24,11:56:10,1.9823,26.75,24.75,3356,15027033.0,2.392944290039733e-05
2024-05-24,11:56:10,1.988,26.75,24.75,3356,15027032.0,2.392944290039733e-05
2024-05-24,11:56:10,1.9937,26.75,24.75,3356,15027033.0,2.392944290039733e-05
2024-05-24,11:56:10,1.9995,26.75,24.75,3356,15027033.0,2.392944290039733e-05
2024-05-24,11:56:10,2.011,26.75,24.75,3356,15027033.0,2.392944290039733e-05
2024-05-24,11:56:10,2.0168,26.75,24.75,3357,15027032.0,2.389120006960434e-05
2024-05-24,11:56:10,2.0225,26.75,24.75,3356,15027033.0,2.392944290039733e-05
2024-05-24,11:56:10,2.0283,26.75,24.75,3356,15027033.0,2.392944290039733e-05
2024-05-24,11:56:10,2.034,26.75,24.75,3356,15027033.0,2.392944290039733e-05
2024-05-24,11:56:10,2.0398,26.75,24.75,3355,15027033.0,2.396774694678868e-05
2024-05-24,11:56:10,2.0456,26.75,24.75,3355,15027033.0,2.396774694678868e-05
2024-05-24,11:56:10,2.0513,26.75,24.75,3355,15027033.0,2.396774694678868e-05
2024-05-24,11:56:10,2.0571,26.75,24.75,3356,15027032.0,2.392944290039733e-05
2024-05-24,11:56:10,2.0627,26.75,24.75,3356,15027032.0,2.392944290039733e-05
2024-05-24,11:56:10,2.0685,26.75,24.75,3355,15027033.0,2.396774694678868e-05
2024-05-24,11:56:10,2.0742,26.75,24.75,3356,15027033.0,2.392944290039733e-05
2024-05-24,11:56:10,2.0799,26.75,24.75,3356,15027033.0,2.392944290039733e-05
2024-05-24,11:56:10,2.0856,26.75,24.75,3355,15027033.0,2.396774694678868e-05
2024-05-24,11:56:10,2.0914,26.75,24.75,3356,15027033.0,2.392944290039733e-05
2024-05-24,11:56:10,2.0971,26.75,24.75,3356,15027032.0,2.392944290039733e-05
2024-05-24,11:56:10,2.1029,26.75,24.75,3356,15027032.0,2.392944290039733e-05
2024-05-24,11:56:10,2.1087,26.75,24.75,3357,15027033.0,2.389120006960434e-05
2024-05-24,11:56:10,2.1144,26.75,24.75,3357,15027033.0,2.389120006960434e-05
2024-05-24,11:56:10,2.1202,26.75,24.75,3357,15027033.0,2.389120006960434e-05
2024-05-24,11:56:10,2.1259,26.75,24.75,3357,15027033.0,2.389120006960434e-05
2024-05-24,11:56:10,2.1317,26.75,24.75,3357,15027033.0,2.389120006960434e-05
2024-05-24,11:56:10,2.1375,26.75,24.75,3356,15027033.0,2.392944290039733e-05
2024-05-24,11:56:10,2.1432,26.75,24.75,3355,15027033.0,2.396774694678868e-05
2024-05-24,11:56:10,2.149,26.75,24.75,3355,15027032.0,2.396774694678868e-05
2024-05-24,11:56:10,2.1546,26.75,24.75,3355,15027033.0,2.396774694678868e-05
2024-05-24,11:56:10,2.1604,26.75,24.75,3355,15027033.0,2.396774694678868e-05
2024-05-24,11:56:10,2.1661,26.75,24.75,3355,15027032.0,2.396774694678868e-05
2024-05-24,11:56:10,2.1718,26.75,24.75,3355,15027033.0,2.396774694678868e-05
2024-05-24,11:56:10,2.1775,26.75,24.75,3355,15027033.0,2.396774694678868e-05
2024-05-24,11:56:10,2.1833,26.75,24.75,3355,15027033.0,2.396774694678868e-05
2024-05-24,11:56:10,2.189,26.75,24.75,3355,15027033.0,2.396774694678868e-05
2024-05-24,11:56:10,2.1948,26.75,24.75,3355,15027032.0,2.396774694678868e-05
2024-05-24,11:56:10,2.2006,26.75,24.75,3356,15027033.0,2.392944290039733e-05
2024-05-24,11:56:10,2.212,26.75,24.75,3356,15027032.0,2.392944290039733e-05
2024-05-24,11:56:10,2.2177,26.75,24.75,3355,15027033.0,2.396774694678868e-05
2024-05-24,11:56:10,2.2235,26.75,24.75,3356,15027033.0,2.392944290039733e-05
2024-05-24,11:56:10,2.2291,26.75,24.75,3356,15027033.0,2.392944290039733e-05
2024-05-24,11:56:10,2.2349,26.75,24.75,3356,15027033.0,2.392944290039733e-05
2024-05-24,11:56:10,2.2406,26.75,24.75,3356,15027033.0,2.392944290039733e-05
2024-05-24,11:56:10,2.2464,26.75,24.75,3355,15027032.0,2.396774694678868e-05
2024-05-24,11:56:10,2.2521,26.75,24.75,3355,15027032.0,2.396774694678868e-05
2024-05-24,11:56:10,2.2579,26.75,24.75,3356,15027033.0,2.392944290039733e-05
2024-05-24,11:56:10,2.2637,26.75,24.75,3356,15027033.0,2.392944290039733e-05
2024-05-24,11:56:10,2.2694,26.75,24.75,3355,15027033.0,2.396774694678868e-05
2024-05-24,11:56:10,2.2752,26.75,24.75,3355,15027033.0,2.396774694678868e-05
2024-05-24,11:56:10,2.2809,26.75,24.75,3356,15027033.0,2.392944290039733e-05
2024-05-24,11:56:10,2.2867,26.75,24.75,3357,15027033.0,2.389120006960434e-05
2024-05-24,11:56:10,2.2923,26.75,24.75,3356,15027033.0,2.392944290039733e-05
2024-05-24,11:56:10,2.2981,26.75,24.75,3356,15027032.0,2.392944290039733e-05
2024-05-24,11:56:10,2.3039,26.75,24.75,3357,15027033.0,2.389120006960434e-05
2024-05-24,11:56:10,2.3095,26.75,24.75,3357,15027033.0,2.389120006960434e-05
2024-05-24,11:56:10,2.3153,26.75,24.75,3357,15027033.0,2.389120006960434e-05
2024-05-24,11:56:10,2.321,26.75,24.75,3356,15027033.0,2.392944290039733e-05
2024-05-24,11:56:10,2.3268,26.75,24.75,3355,15027033.0,2.396774694678868e-05
2024-05-24,11:56:10,2.3325,26.75,24.75,3355,15027032.0,2.396774694678868e-05
2024-05-24,11:56:10,2.3383,26.75,24.75,3355,15027032.0,2.396774694678868e-05
2024-05-24,11:56:10,2.3441,26.75,24.75,3355,15027032.0,2.396774694678868e-05
2024-05-24,11:56:10,2.3498,26.75,24.75,3356,15027033.0,2.392944290039733e-05
2024-05-24,11:56:10,2.3556,26.75,24.75,3356,15027033.0,2.392944290039733e-05
2024-05-24,11:56:10,2.3613,26.75,24.75,3356,15027033.0,2.392944290039733e-05
2024-05-24,11:56:10,2.3671,26.75,24.75,3356,15027033.0,2.392944290039733e-05
2024-05-24,11:56:10,2.3727,26.75,24.75,3356,15027033.0,2.392944290039733e-05
2024-05-24,11:56:10,2.3785,26.75,24.75,3356,15027033.0,2.392944290039733e-05
2024-05-24,11:56:10,2.3842,26.75,24.75,3356,15027033.0,2.392944290039733e-05
2024-05-24,11:56:10,2.39,26.75,24.75,3356,15027033.0,2.392944290039733e-05
2024-05-24,11:56:10,2.3958,26.75,24.75,3355,15027033.0,2.396774694678868e-05
2024-05-24,11:56:10,2.4014,26.75,24.75,3355,15027033.0,2.396774694678868e-05
2024-05-24,11:56:10,2.4072,26.75,24.75,3355,15027033.0,2.396774694678868e-05
2024-05-24,11:56:10,2.4187,26.75,24.75,3355,15027032.0,2.396774694678868e-05
2024-05-24,11:56:10,2.4244,26.75,24.75,3356,15027032.0,2.392944290039733e-05
2024-05-24,11:56:10,2.4301,26.75,24.75,3357,15027032.0,2.389120006960434e-05
2024-05-24,11:56:10,2.4358,26.75,24.75,3356,15027033.0,2.392944290039733e-05
2024-05-24,11:56:10,2.4416,26.75,24.75,3356,15027033.0,2.392944290039733e-05
2024-05-24,11:56:10,2.4472,26.75,24.75,3356,15027033.0,2.392944290039733e-05
2024-05-24,11:56:10,2.453,26.75,24.75,3356,15027033.0,2.392944290039733e-05
2024-05-24,11:56:10,2.4587,26.75,24.75,3356,15027033.0,2.392944290039733e-05
2024-05-24,11:56:10,2.4645,26.75,24.75,3355,15027033.0,2.396774694678868e-05
2024-05-24,11:56:10,2.4703,26.81,24.75,3355,15027033.0,2.396774694678868e-05
2024-05-24,11:56:10,2.476,26.81,24.75,3356,15027033.0,2.392944290039733e-05
2024-05-24,11:56:10,2.4818,26.81,24.75,3356,15027033.0,2.392944290039733e-05
2024-05-24,11:56:10,2.4875,26.81,24.75,3355,15027032.0,2.396774694678868e-05
2024-05-24,11:56:10,2.4933,26.81,24.75,3356,15027033.0,2.392944290039733e-05
2024-05-24,11:56:10,2.4991,26.81,24.75,3356,15027033.0,2.392944290039733e-05
2024-05-24,11:56:10,2.5048,26.81,24.75,3356,15027032.0,2.392944290039733e-05
2024-05-24,11:56:10,2.5106,26.81,24.75,3356,15027032.0,2.392944290039733e-05
2024-05-24,11:56:10,2.5163,26.81,24.75,3356,15027032.0,2.392944290039733e-05
2024-05-24,11:56:10,2.522,26.81,24.75,3357,15027033.0,2.389120006960434e-05
2024-05-24,11:56:10,2.5277,26.81,24.75,3356,15027033.0,2.392944290039733e-05
2024-05-24,11:56:10,2.5335,26.81,24.75,3356,15027033.0,2.392944290039733e-05
2024-05-24,11:56:10,2.5393,26.81,24.75,3356,15027033.0,2.392944290039733e-05
2024-05-24,11:56:10,2.545,26.81,24.75,3356,15027033.0,2.392944290039733e-05
2024-05-24,11:56:10,2.5506,26.81,24.75,3356,15027033.0,2.392944290039733e-05
2024-05-24,11:56:10,2.5564,26.81,24.75,3355,15027033.0,2.396774694678868e-05
2024-05-24,11:56:10,2.5623,26.81,24.75,3355,15027033.0,2.396774694678868e-05
2024-05-24,11:56:10,2.5681,26.81,24.75,3355,15027033.0,2.396774694678868e-05
2024-05-24,11:56:10,2.5737,26.81,24.75,3355,15027033.0,2.396774694678868e-05
2024-05-24,11:56:10,2.5794,26.81,24.75,3356,15027033.0,2.392944290039733e-05
2024-05-24,11:56:10,2.5852,26.81,24.75,3356,15027033.0,2.392944290039733e-05
2024-05-24,11:56:10,2.591,26.81,24.75,3355,15027033.0,2.396774694678868e-05
2024-05-24,11:56:10,2.5967,26.81,24.75,3355,15027033.0,2.396774694678868e-05
2024-05-24,11:56:10,2.6025,26.81,24.75,3355,15027033.0,2.396774694678868e-05
2024-05-24,11:56:10,2.6082,26.81,24.75,3356,15027033.0,2.392944290039733e-05
2024-05-24,11:56:10,2.6196,26.81,24.75,3356,15027033.0,2.392944290039733e-05
2024-05-24,11:56:10,2.6254,26.81,24.75,3355,15027033.0,2.396774694678868e-05
2024-05-24,11:56:10,2.631,26.81,24.75,3355,15027033.0,2.396774694678868e-05
2024-05-24,11:56:10,2.6368,26.81,24.75,3355,15027033.0,2.396774694678868e-05
2024-05-24,11:56:10,2.6425,26.81,24.75,3355,15027033.0,2.396774694678868e-05
2024-05-24,11:56:10,2.6483,26.81,24.75,3356,15027033.0,2.392944290039733e-05
2024-05-24,11:56:10,2.6541,26.81,24.75,3356,15027033.0,2.392944290039733e-05
2024-05-24,11:56:10,2.6598,26.81,24.75,3355,15027033.0,2.396774694678868e-05
2024-05-24,11:56:10,2.6656,26.81,24.75,3355,15027033.0,2.396774694678868e-05
2024-05-24,11:56:10,2.6713,26.81,24.75,3355,15027033.0,2.396774694678868e-05
2024-05-24,11:56:10,2.6771,26.81,24.75,3355,15027033.0,2.396774694678868e-05
2024-05-24,11:56:10,2.6827,26.81,24.75,3355,15027033.0,2.396774694678868e-05
2024-05-24,11:56:10,2.6885,26.81,24.75,3355,15027033.0,2.396774694678868e-05
2024-05-24,11:56:10,2.6943,26.81,24.75,3355,15027033.0,2.396774694678868e-05
2024-05-24,11:56:10,2.7,26.81,24.75,3355,15027033.0,2.396774694678868e-05
2024-05-24,11:56:10,2.7058,26.81,24.75,3356,15027033.0,2.392944290039733e-05
2024-05-24,11:56:10,2.7114,26.81,24.75,3357,15027033.0,2.389120006960434e-05
2024-05-24,11:56:10,2.7172,26.81,24.75,3357,15027033.0,2.389120006960434e-05
2024-05-24,11:56:10,2.7231,26.81,24.75,3357,15027033.0,2.389120006960434e-05
2024-05-24,11:56:10,2.7288,26.81,24.75,3356,15027033.0,2.392944290039733e-05
2024-05-24,11:56:10,2.7345,26.81,24.75,3355,15027033.0,2.396774694678868e-05
2024-05-24,11:56:10,2.7402,26.81,24.75,3355,15027033.0,2.396774694678868e-05
2024-05-24,11:56:10,2.746,26.81,24.75,3355,15027033.0,2.396774694678868e-05
2024-05-24,11:56:10,2.7517,26.81,24.75,3355,15027033.0,2.396774694678868e-05
2024-05-24,11:56:10,2.7575,26.81,24.75,3355,15027033.0,2.396774694678868e-05
2024-05-24,11:56:10,2.7633,26.81,24.75,3355,15027033.0,2.396774694678868e-05
2024-05-24,11:56:11,2.7689,26.81,24.75,3355,15027033.0,2.396774694678868e-05
2024-05-24,11:56:11,2.7745,26.81,24.75,3356,15027033.0,2.392944290039733e-05
2024-05-24,11:56:11,2.7804,26.81,24.75,3356,15027033.0,2.392944290039733e-05
2024-05-24,11:56:11,2.7862,26.81,24.75,3355,15027033.0,2.396774694678868e-05
2024-05-24,11:56:11,2.7918,26.81,24.75,3355,15027033.0,2.396774694678868e-05
2024-05-24,11:56:11,2.7976,26.81,24.75,3356,15027033.0,2.392944290039733e-05
2024-05-24,11:56:11,2.8033,26.81,24.75,3356,15027033.0,2.392944290039733e-05
2024-05-24,11:56:11,2.8091,26.81,24.75,3356,15027033.0,2.392944290039733e-05
2024-05-24,11:56:11,2.8148,26.81,24.75,3356,15027033.0,2.392944290039733e-05
2024-05-24,11:56:11,2.8264,26.81,24.75,3354,15027033.0,2.400611230676662e-05
2024-05-24,11:56:11,2.8321,26.81,24.75,3355,15027033.0,2.396774694678868e-05
2024-05-24,11:56:11,2.8379,26.81,24.75,3356,15027033.0,2.392944290039733e-05
2024-05-24,11:56:11,2.8436,26.81,24.75,3356,15027033.0,2.392944290039733e-05
2024-05-24,11:56:11,2.8494,26.81,24.75,3356,15027033.0,2.392944290039733e-05
2024-05-24,11:56:11,2.855,26.81,24.75,3355,15027033.0,2.396774694678868e-05
2024-05-24,11:56:11,2.8608,26.81,24.75,3356,15027033.0,2.392944290039733e-05
2024-05-24,11:56:11,2.8665,26.81,24.75,3357,15027033.0,2.389120006960434e-05
2024-05-24,11:56:11,2.8723,26.81,24.75,3356,15027033.0,2.392944290039733e-05
2024-05-24,11:56:11,2.8781,26.81,24.75,3356,15027033.0,2.392944290039733e-05
2024-05-24,11:56:11,2.8837,26.81,24.75,3356,15027033.0,2.392944290039733e-05
2024-05-24,11:56:11,2.8895,26.81,24.75,3356,15027033.0,2.392944290039733e-05
2024-05-24,11:56:11,2.8952,26.81,24.75,3357,15027033.0,2.389120006960434e-05
2024-05-24,11:56:11,2.901,26.81,24.75,3356,15027033.0,2.392944290039733e-05
2024-05-24,11:56:11,2.9067,26.81,24.75,3356,15027033.0,2.392944290039733e-05
2024-05-24,11:56:11,2.9125,26.81,24.75,3357,15027033.0,2.389120006960434e-05
2024-05-24,11:56:11,2.9183,26.81,24.75,3356,15027033.0,2.392944290039733e-05
2024-05-24,11:56:11,2.924,26.81,24.75,3356,15027033.0,2.392944290039733e-05
2024-05-24,11:56:11,2.9298,26.81,24.75,3356,15027033.0,2.392944290039733e-05
2024-05-24,11:56:11,2.9354,26.81,24.75,3356,15027033.0,2.392944290039733e-05
2024-05-24,11:56:11,2.9412,26.81,24.75,3356,15027033.0,2.392944290039733e-05
2024-05-24,11:56:11,2.9469,26.81,24.75,3356,15027033.0,2.392944290039733e-05
2024-05-24,11:56:11,2.9526,26.81,24.75,3356,15027033.0,2.392944290039733e-05
2024-05-24,11:56:11,2.9583,26.81,24.75,3355,15027033.0,2.396774694678868e-05
2024-05-24,11:56:11,2.9641,26.81,24.75,3355,15027033.0,2.396774694678868e-05
2024-05-24,11:56:11,2.9698,26.81,24.75,3355,15027033.0,2.396774694678868e-05
2024-05-24,11:56:11,2.9756,26.81,24.75,3355,15027033.0,2.396774694678868e-05
2024-05-24,11:56:11,2.9814,26.81,24.75,3355,15027033.0,2.396774694678868e-05
2024-05-24,11:56:11,2.9871,26.81,24.75,3355,15027033.0,2.396774694678868e-05
2024-05-24,11:56:11,2.9929,26.81,24.75,3355,15027033.0,2.396774694678868e-05
2024-05-24,11:56:11,2.9986,26.81,24.75,3355,15027033.0,2.396774694678868e-05
2024-05-24,11:56:11,3.0044,26.81,24.75,3355,15027033.0,2.396774694678868e-05
2024-05-24,11:56:11,3.0102,26.81,24.75,3355,15027033.0,2.396774694678868e-05
2024-05-24,11:56:11,3.0158,26.81,24.75,3356,15027033.0,2.392944290039733e-05
2024-05-24,11:56:11,3.0214,26.81,24.75,3356,15027033.0,2.392944290039733e-05
2024-05-24,11:56:11,3.0329,26.81,24.75,3355,15027033.0,2.396774694678868e-05
2024-05-24,11:56:11,3.0387,26.81,24.75,3355,15027033.0,2.396774694678868e-05
2024-05-24,11:56:11,3.0445,26.81,24.75,3355,15027033.0,2.396774694678868e-05
2024-05-24,11:56:11,3.0502,26.81,24.75,3356,15027033.0,2.392944290039733e-05
2024-05-24,11:56:11,3.056,26.81,24.75,3356,15027033.0,2.392944290039733e-05
2024-05-24,11:56:11,3.0617,26.81,24.75,3355,15027033.0,2.396774694678868e-05
2024-05-24,11:56:11,3.0675,26.81,24.75,3355,15027033.0,2.396774694678868e-05
2024-05-24,11:56:11,3.0733,26.81,24.75,3355,15027033.0,2.396774694678868e-05
2024-05-24,11:56:11,3.079,26.81,24.75,3356,15027033.0,2.392944290039733e-05
2024-05-24,11:56:11,3.0848,26.81,24.75,3357,15027033.0,2.389120006960434e-05
2024-05-24,11:56:11,3.0905,26.81,24.75,3357,15027033.0,2.389120006960434e-05
2024-05-24,11:56:11,3.0962,26.81,24.75,3357,15027033.0,2.389120006960434e-05
2024-05-24,11:56:11,3.1019,26.81,24.75,3356,15027033.0,2.392944290039733e-05
2024-05-24,11:56:11,3.1077,26.81,24.75,3356,15027033.0,2.392944290039733e-05
2024-05-24,11:56:11,3.1133,26.81,24.75,3356,15027033.0,2.392944290039733e-05
2024-05-24,11:56:11,3.1191,26.81,24.75,3356,15027033.0,2.392944290039733e-05
2024-05-24,11:56:11,3.1249,26.81,24.75,3356,15027033.0,2.392944290039733e-05
2024-05-24,11:56:11,3.1306,26.81,24.75,3355,15027033.0,2.396774694678868e-05
2024-05-24,11:56:11,3.1364,26.81,24.75,3355,15027033.0,2.396774694678868e-05
2024-05-24,11:56:11,3.1421,26.81,24.75,3356,15027033.0,2.392944290039733e-05
2024-05-24,11:56:11,3.1479,26.81,24.75,3357,15027033.0,2.389120006960434e-05
2024-05-24,11:56:11,3.1537,26.81,24.75,3356,15027033.0,2.392944290039733e-05
2024-05-24,11:56:11,3.1594,26.81,24.75,3355,15027033.0,2.396774694678868e-05
2024-05-24,11:56:11,3.1652,26.81,24.75,3355,15027033.0,2.396774694678868e-05
2024-05-24,11:56:11,3.1709,26.81,24.75,3355,15027033.0,2.396774694678868e-05
2024-05-24,11:56:11,3.1767,26.81,24.75,3355,15027033.0,2.396774694678868e-05
2024-05-24,11:56:11,3.1825,26.81,24.75,3355,15027033.0,2.396774694678868e-05
2024-05-24,11:56:11,3.1881,26.81,24.75,3356,15027033.0,2.392944290039733e-05
2024-05-24,11:56:11,3.1937,26.81,24.75,3356,15027033.0,2.392944290039733e-05
2024-05-24,11:56:11,3.1995,26.81,24.75,3356,15027033.0,2.392944290039733e-05
2024-05-24,11:56:11,3.2052,26.81,24.75,3356,15027033.0,2.392944290039733e-05
2024-05-24,11:56:11,3.211,26.81,24.75,3356,15027033.0,2.392944290039733e-05
2024-05-24,11:56:11,3.2168,26.81,24.75,3356,15027033.0,2.392944290039733e-05
2024-05-24,11:56:11,3.2225,26.81,24.75,3356,15027033.0,2.392944290039733e-05
2024-05-24,11:56:11,3.234,26.81,24.75,3356,15027033.0,2.392944290039733e-05
2024-05-24,11:56:11,3.2398,26.81,24.75,3356,15027033.0,2.392944290039733e-05
2024-05-24,11:56:11,3.2454,26.81,24.75,3356,15027033.0,2.392944290039733e-05
2024-05-24,11:56:11,3.2511,26.81,24.75,3356,15027033.0,2.392944290039733e-05
2024-05-24,11:56:11,3.2568,26.81,24.75,3356,15027033.0,2.392944290039733e-05
2024-05-24,11:56:11,3.2627,26.81,24.75,3356,15027033.0,2.392944290039733e-05
2024-05-24,11:56:11,3.2685,26.81,24.75,3355,15027033.0,2.396774694678868e-05
2024-05-24,11:56:11,3.2741,26.81,24.75,3355,15027033.0,2.396774694678868e-05
2024-05-24,11:56:11,3.2799,26.81,24.75,3356,15027033.0,2.392944290039733e-05
2024-05-24,11:56:11,3.2856,26.81,24.75,3356,15027033.0,2.392944290039733e-05
2024-05-24,11:56:11,3.2914,26.81,24.75,3355,15027033.0,2.396774694678868e-05
2024-05-24,11:56:11,3.2971,26.81,24.75,3355,15027033.0,2.396774694678868e-05
2024-05-24,11:56:11,3.3029,26.81,24.75,3356,15027033.0,2.392944290039733e-05
2024-05-24,11:56:11,3.3087,26.81,24.75,3356,15027033.0,2.392944290039733e-05
2024-05-24,11:56:11,3.3144,26.81,24.75,3355,15027033.0,2.396774694678868e-05
2024-05-24,11:56:11,3.3202,26.81,24.75,3355,15027033.0,2.396774694678868e-05
2024-05-24,11:56:11,3.3259,26.81,24.75,3356,15027033.0,2.392944290039733e-05
2024-05-24,11:56:11,3.3317,26.81,24.75,3357,15027033.0,2.389120006960434e-05
2024-05-24,11:56:11,3.3375,26.81,24.75,3357,15027033.0,2.389120006960434e-05
2024-05-24,11:56:11,3.3432,26.81,24.75,3356,15027033.0,2.392944290039733e-05
2024-05-24,11:56:11,3.3489,26.81,24.75,3356,15027033.0,2.392944290039733e-05
2024-05-24,11:56:11,3.3545,26.81,24.75,3356,15027033.0,2.392944290039733e-05
2024-05-24,11:56:11,3.3602,26.81,24.75,3355,15027033.0,2.396774694678868e-05
2024-05-24,11:56:11,3.366,26.81,24.75,3355,15027033.0,2.396774694678868e-05
2024-05-24,11:56:11,3.3718,26.81,24.75,3355,15027033.0,2.396774694678868e-05
2024-05-24,11:56:11,3.3775,26.81,24.75,3355,15027033.0,2.396774694678868e-05
2024-05-24,11:56:11,3.3833,26.81,24.75,3356,15027033.0,2.392944290039733e-05
2024-05-24,11:56:11,3.389,26.81,24.75,3356,15027033.0,2.392944290039733e-05
2024-05-24,11:56:11,3.3948,26.81,24.75,3355,15027033.0,2.396774694678868e-05
2024-05-24,11:56:11,3.4006,26.81,24.75,3355,15027033.0,2.396774694678868e-05
2024-05-24,11:56:11,3.4063,26.81,24.75,3355,15027033.0,2.396774694678868e-05
2024-05-24,11:56:11,3.4121,26.81,24.75,3355,15027033.0,2.396774694678868e-05
2024-05-24,11:56:11,3.4177,26.81,24.75,3356,15027034.0,2.392944290039733e-05
2024-05-24,11:56:11,3.4235,26.81,24.75,3356,15027033.0,2.392944290039733e-05
2024-05-24,11:56:11,3.4292,26.81,24.75,3356,15027033.0,2.392944290039733e-05
2024-05-24,11:56:11,3.4406,26.81,24.75,3356,15027033.0,2.392944290039733e-05
2024-05-24,11:56:11,3.4464,26.81,24.75,3356,15027034.0,2.392944290039733e-05
2024-05-24,11:56:11,3.4521,26.81,24.75,3356,15027033.0,2.392944290039733e-05
2024-05-24,11:56:11,3.4579,26.81,24.75,3356,15027033.0,2.392944290039733e-05
2024-05-24,11:56:11,3.4637,26.81,24.75,3356,15027033.0,2.392944290039733e-05
2024-05-24,11:56:11,3.4694,26.81,24.75,3356,15027033.0,2.392944290039733e-05
2024-05-24,11:56:11,3.4752,26.81,24.75,3356,15027033.0,2.392944290039733e-05
2024-05-24,11:56:11,3.4809,26.81,24.75,3356,15027033.0,2.392944290039733e-05
2024-05-24,11:56:11,3.4867,26.81,24.75,3356,15027034.0,2.392944290039733e-05
2024-05-24,11:56:11,3.4925,26.81,24.75,3356,15027033.0,2.392944290039733e-05
2024-05-24,11:56:11,3.4982,26.81,24.75,3355,15027033.0,2.396774694678868e-05
2024-05-24,11:56:11,3.504,26.81,24.75,3355,15027033.0,2.396774694678868e-05
2024-05-24,11:56:11,3.5097,26.81,24.75,3355,15027033.0,2.396774694678868e-05
2024-05-24,11:56:11,3.5155,26.81,24.75,3355,15027033.0,2.396774694678868e-05
2024-05-24,11:56:11,3.5213,26.81,24.75,3356,15027033.0,2.392944290039733e-05
2024-05-24,11:56:11,3.527,26.81,24.75,3356,15027033.0,2.392944290039733e-05
2024-05-24,11:56:11,3.5328,26.81,24.75,3356,15027033.0,2.392944290039733e-05
2024-05-24,11:56:11,3.5385,26.81,24.75,3357,15027033.0,2.389120006960434e-05
2024-05-24,11:56:11,3.5443,26.81,24.75,3357,15027033.0,2.389120006960434e-05
2024-05-24,11:56:11,3.5501,26.81,24.75,3357,15027033.0,2.389120006960434e-05
2024-05-24,11:56:11,3.5558,26.81,24.75,3357,15027033.0,2.389120006960434e-05
2024-05-24,11:56:11,3.5616,26.81,24.75,3356,15027034.0,2.392944290039733e-05
2024-05-24,11:56:11,3.5672,26.81,24.75,3356,15027033.0,2.392944290039733e-05
2024-05-24,11:56:11,3.573,26.81,24.75,3357,15027033.0,2.389120006960434e-05
2024-05-24,11:56:11,3.5787,26.81,24.75,3357,15027033.0,2.389120006960434e-05
2024-05-24,11:56:11,3.5845,26.81,24.75,3356,15027033.0,2.392944290039733e-05
2024-05-24,11:56:11,3.5903,26.81,24.75,3355,15027033.0,2.396774694678868e-05
2024-05-24,11:56:11,3.5959,26.81,24.75,3355,15027033.0,2.396774694678868e-05
2024-05-24,11:56:11,3.6017,26.81,24.75,3355,15027033.0,2.396774694678868e-05
2024-05-24,11:56:11,3.6074,26.81,24.75,3355,15027033.0,2.396774694678868e-05
2024-05-24,11:56:11,3.6132,26.81,24.75,3356,15027033.0,2.392944290039733e-05
2024-05-24,11:56:11,3.6189,26.81,24.75,3356,15027033.0,2.392944290039733e-05
2024-05-24,11:56:11,3.6246,26.81,24.75,3356,15027033.0,2.392944290039733e-05
2024-05-24,11:56:11,3.6303,26.81,24.75,3356,15027033.0,2.392944290039733e-05
2024-05-24,11:56:11,3.6361,26.81,24.75,3355,15027033.0,2.396774694678868e-05
2024-05-24,11:56:11,3.6417,26.81,24.75,3355,15027033.0,2.396774694678868e-05
2024-05-24,11:56:11,3.6532,26.81,24.75,3355,15027033.0,2.396774694678868e-05
2024-05-24,11:56:11,3.659,26.81,24.75,3355,15027033.0,2.396774694678868e-05
2024-05-24,11:56:11,3.6648,26.81,24.75,3355,15027033.0,2.396774694678868e-05
2024-05-24,11:56:11,3.6705,26.81,24.75,3355,15027033.0,2.396774694678868e-05
2024-05-24,11:56:11,3.6763,26.81,24.75,3355,15027033.0,2.396774694678868e-05
2024-05-24,11:56:11,3.682,26.81,24.75,3356,15027033.0,2.392944290039733e-05
2024-05-24,11:56:11,3.6878,26.81,24.75,3356,15027033.0,2.392944290039733e-05
2024-05-24,11:56:11,3.6936,26.81,24.75,3356,15027033.0,2.392944290039733e-05
2024-05-24,11:56:11,3.6993,26.81,24.75,3356,15027033.0,2.392944290039733e-05
2024-05-24,11:56:11,3.7051,26.81,24.75,3356,15027033.0,2.392944290039733e-05
2024-05-24,11:56:11,3.7108,26.81,24.75,3356,15027033.0,2.392944290039733e-05
2024-05-24,11:56:11,3.7166,26.81,24.75,3356,15027033.0,2.392944290039733e-05
2024-05-24,11:56:11,3.7224,26.81,24.75,3356,15027033.0,2.392944290039733e-05
2024-05-24,11:56:11,3.7281,26.81,24.75,3356,15027033.0,2.392944290039733e-05
2024-05-24,11:56:11,3.7339,26.81,24.75,3356,15027033.0,2.392944290039733e-05
2024-05-24,11:56:11,3.7395,26.81,24.75,3355,15027033.0,2.396774694678868e-05
2024-05-24,11:56:11,3.7453,26.81,24.75,3355,15027033.0,2.396774694678868e-05
2024-05-24,11:56:11,3.751,26.81,24.75,3355,15027033.0,2.396774694678868e-05
2024-05-24,11:56:11,3.7568,26.81,24.75,3355,15027033.0,2.396774694678868e-05
2024-05-24,11:56:11,3.7625,26.81,24.75,3356,15027033.0,2.392944290039733e-05
2024-05-24,11:56:11,3.7682,26.81,24.75,3357,15027033.0,2.389120006960434e-05
2024-05-24,11:56:12,3.7739,26.81,24.75,3357,15027033.0,2.389120006960434e-05
2024-05-24,11:56:12,3.7797,26.81,24.75,3356,15027033.0,2.392944290039733e-05
2024-05-24,11:56:12,3.7855,26.81,24.75,3355,15027033.0,2.396774694678868e-05
2024-05-24,11:56:12,3.7912,26.81,24.75,3355,15027033.0,2.396774694678868e-05
2024-05-24,11:56:12,3.797,26.81,24.75,3356,15027034.0,2.392944290039733e-05
2024-05-24,11:56:12,3.8027,26.81,24.75,3356,15027034.0,2.392944290039733e-05
2024-05-24,11:56:12,3.8085,26.81,24.75,3356,15027033.0,2.392944290039733e-05
2024-05-24,11:56:12,3.8143,26.81,24.75,3356,15027033.0,2.392944290039733e-05
2024-05-24,11:56:12,3.8199,26.81,24.75,3355,15027033.0,2.396774694678868e-05
2024-05-24,11:56:12,3.8257,26.81,24.75,3355,15027033.0,2.396774694678868e-05
2024-05-24,11:56:12,3.8314,26.81,24.75,3355,15027033.0,2.396774694678868e-05
2024-05-24,11:56:12,3.837,26.81,24.75,3355,15027033.0,2.396774694678868e-05
2024-05-24,11:56:12,3.8428,26.81,24.75,3356,15027034.0,2.392944290039733e-05
2024-05-24,11:56:12,3.8486,26.81,24.75,3356,15027033.0,2.392944290039733e-05
2024-05-24,11:56:12,3.8601,26.81,24.75,3355,15027033.0,2.396774694678868e-05
2024-05-24,11:56:12,3.8658,26.81,24.75,3355,15027033.0,2.396774694678868e-05
2024-05-24,11:56:12,3.8716,26.81,24.75,3355,15027033.0,2.396774694678868e-05
2024-05-24,11:56:12,3.8774,26.81,24.75,3356,15027033.0,2.392944290039733e-05
2024-05-24,11:56:12,3.8831,26.81,24.75,3356,15027033.0,2.392944290039733e-05
2024-05-24,11:56:12,3.8889,26.81,24.75,3355,15027033.0,2.396774694678868e-05
2024-05-24,11:56:12,3.8946,26.81,24.75,3355,15027033.0,2.396774694678868e-05
2024-05-24,11:56:12,3.9004,26.81,24.75,3355,15027033.0,2.396774694678868e-05
2024-05-24,11:56:12,3.9062,26.81,24.75,3355,15027033.0,2.396774694678868e-05
2024-05-24,11:56:12,3.9119,26.81,24.75,3356,15027033.0,2.392944290039733e-05
2024-05-24,11:56:12,3.9177,26.81,24.75,3357,15027033.0,2.389120006960434e-05
2024-05-24,11:56:12,3.9234,26.81,24.75,3356,15027033.0,2.392944290039733e-05
2024-05-24,11:56:12,3.9292,26.81,24.75,3355,15027033.0,2.396774694678868e-05
2024-05-24,11:56:12,3.935,26.81,24.75,3355,15027033.0,2.396774694678868e-05
2024-05-24,11:56:12,3.9406,26.81,24.75,3355,15027033.0,2.396774694678868e-05
2024-05-24,11:56:12,3.9464,26.81,24.75,3356,15027034.0,2.392944290039733e-05
2024-05-24,11:56:12,3.9522,26.81,24.75,3356,15027034.0,2.392944290039733e-05
2024-05-24,11:56:12,3.9579,26.81,24.75,3355,15027033.0,2.396774694678868e-05
2024-05-24,11:56:12,3.9636,26.81,24.75,3355,15027033.0,2.396774694678868e-05
2024-05-24,11:56:12,3.9694,26.81,24.75,3356,15027033.0,2.392944290039733e-05
2024-05-24,11:56:12,3.975,26.81,24.75,3356,15027033.0,2.392944290039733e-05
2024-05-24,11:56:12,3.9808,26.81,24.75,3356,15027033.0,2.392944290039733e-05
2024-05-24,11:56:12,3.9865,26.88,24.75,3356,15027033.0,2.392944290039733e-05
2024-05-24,11:56:12,3.9923,26.88,24.75,3356,15027033.0,2.392944290039733e-05
2024-05-24,11:56:12,3.9982,26.88,24.75,3356,15027033.0,2.392944290039733e-05
2024-05-24,11:56:12,4.004,26.88,24.75,3355,15027033.0,2.396774694678868e-05
2024-05-24,11:56:12,4.0096,26.88,24.75,3355,15027033.0,2.396774694678868e-05
2024-05-24,11:56:12,4.0153,26.88,24.75,3355,15027033.0,2.396774694678868e-05
2024-05-24,11:56:12,4.0211,26.88,24.75,3355,15027033.0,2.396774694678868e-05
2024-05-24,11:56:12,4.0269,26.88,24.75,3356,15027033.0,2.392944290039733e-05
2024-05-24,11:56:12,4.0326,26.88,24.75,3356,15027033.0,2.392944290039733e-05
2024-05-24,11:56:12,4.0383,26.88,24.75,3355,15027033.0,2.396774694678868e-05
2024-05-24,11:56:12,4.044,26.88,24.75,3355,15027033.0,2.396774694678868e-05
2024-05-24,11:56:12,4.0498,26.88,24.75,3355,15027033.0,2.396774694678868e-05
2024-05-24,11:56:12,4.0554,26.88,24.75,3355,15027033.0,2.396774694678868e-05
2024-05-24,11:56:12,4.0669,26.88,24.75,3356,15027034.0,2.392944290039733e-05
2024-05-24,11:56:12,4.0727,26.88,24.75,3355,15027033.0,2.396774694678868e-05
2024-05-24,11:56:12,4.0785,26.88,24.75,3355,15027033.0,2.396774694678868e-05
2024-05-24,11:56:12,4.0842,26.88,24.75,3356,15027033.0,2.392944290039733e-05
2024-05-24,11:56:12,4.09,26.88,24.75,3356,15027033.0,2.392944290039733e-05
2024-05-24,11:56:12,4.0957,26.88,24.75,3355,15027033.0,2.396774694678868e-05
2024-05-24,11:56:12,4.1015,26.88,24.75,3355,15027033.0,2.396774694678868e-05
2024-05-24,11:56:12,4.1073,26.88,24.75,3355,15027033.0,2.396774694678868e-05
2024-05-24,11:56:12,4.113,26.88,24.75,3355,15027033.0,2.396774694678868e-05
2024-05-24,11:56:12,4.1188,26.88,24.75,3356,15027033.0,2.392944290039733e-05
2024-05-24,11:56:12,4.1245,26.88,24.75,3356,15027033.0,2.392944290039733e-05
2024-05-24,11:56:12,4.1303,26.88,24.75,3356,15027033.0,2.392944290039733e-05
2024-05-24,11:56:12,4.1361,26.88,24.75,3356,15027033.0,2.392944290039733e-05
2024-05-24,11:56:12,4.1418,26.88,24.75,3356,15027033.0,2.392944290039733e-05
2024-05-24,11:56:12,4.1476,26.88,24.75,3356,15027033.0,2.392944290039733e-05
2024-05-24,11:56:12,4.1533,26.88,24.75,3355,15027033.0,2.396774694678868e-05
2024-05-24,11:56:12,4.1591,26.88,24.75,3355,15027033.0,2.396774694678868e-05
2024-05-24,11:56:12,4.1647,26.88,24.75,3356,15027033.0,2.392944290039733e-05
2024-05-24,11:56:12,4.1705,26.88,24.75,3356,15027033.0,2.392944290039733e-05
2024-05-24,11:56:12,4.1762,26.88,24.75,3355,15027033.0,2.396774694678868e-05
2024-05-24,11:56:12,4.1819,26.88,24.75,3356,15027033.0,2.392944290039733e-05
2024-05-24,11:56:12,4.1876,26.88,24.75,3357,15027033.0,2.389120006960434e-05
2024-05-24,11:56:12,4.1934,26.88,24.75,3356,15027034.0,2.392944290039733e-05
2024-05-24,11:56:12,4.1992,26.88,24.75,3356,15027033.0,2.392944290039733e-05
2024-05-24,11:56:12,4.2049,26.88,24.75,3356,15027033.0,2.392944290039733e-05
2024-05-24,11:56:12,4.2107,26.88,24.75,3356,15027033.0,2.392944290039733e-05
2024-05-24,11:56:12,4.2164,26.88,24.75,3356,15027033.0,2.392944290039733e-05
2024-05-24,11:56:12,4.2222,26.88,24.75,3355,15027033.0,2.396774694678868e-05
2024-05-24,11:56:12,4.228,26.88,24.75,3355,15027033.0,2.396774694678868e-05
2024-05-24,11:56:12,4.2337,26.88,24.75,3355,15027033.0,2.396774694678868e-05
2024-05-24,11:56:12,4.2395,26.88,24.75,3355,15027033.0,2.396774694678868e-05
2024-05-24,11:56:12,4.2452,26.88,24.75,3355,15027033.0,2.396774694678868e-05
2024-05-24,11:56:12,4.251,26.88,24.75,3355,15027033.0,2.396774694678868e-05
2024-05-24,11:56:12,4.2566,26.88,24.75,3355,15027033.0,2.396774694678868e-05
2024-05-24,11:56:12,4.2624,26.88,24.75,3355,15027033.0,2.396774694678868e-05
2024-05-24,11:56:12,4.2681,26.88,24.75,3356,15027034.0,2.392944290039733e-05
2024-05-24,11:56:12,4.2795,26.88,24.75,3355,15027033.0,2.396774694678868e-05
2024-05-24,11:56:12,4.2853,26.88,24.75,3355,15027033.0,2.396774694678868e-05
2024-05-24,11:56:12,4.2911,26.88,24.75,3355,15027033.0,2.396774694678868e-05
2024-05-24,11:56:12,4.2968,26.88,24.75,3355,15027033.0,2.396774694678868e-05
2024-05-24,11:56:12,4.3026,26.88,24.75,3355,15027033.0,2.396774694678868e-05
2024-05-24,11:56:12,4.3083,26.88,24.75,3356,15027033.0,2.392944290039733e-05
2024-05-24,11:56:12,4.3141,26.88,24.75,3356,15027033.0,2.392944290039733e-05
2024-05-24,11:56:12,4.3199,26.88,24.75,3355,15027033.0,2.396774694678868e-05
2024-05-24,11:56:12,4.3256,26.88,24.75,3356,15027033.0,2.392944290039733e-05
2024-05-24,11:56:12,4.3314,26.88,24.75,3356,15027034.0,2.392944290039733e-05
2024-05-24,11:56:12,4.3371,26.88,24.75,3355,15027034.0,2.396774694678868e-05
2024-05-24,11:56:12,4.3429,26.88,24.75,3355,15027033.0,2.396774694678868e-05
2024-05-24,11:56:12,4.3487,26.88,24.75,3356,15027033.0,2.392944290039733e-05
2024-05-24,11:56:12,4.3544,26.88,24.75,3356,15027033.0,2.392944290039733e-05
2024-05-24,11:56:12,4.3602,26.88,24.75,3356,15027033.0,2.392944290039733e-05
2024-05-24,11:56:12,4.3659,26.88,24.75,3357,15027033.0,2.389120006960434e-05
2024-05-24,11:56:12,4.3717,26.88,24.75,3357,15027033.0,2.389120006960434e-05
2024-05-24,11:56:12,4.3775,26.88,24.75,3356,15027033.0,2.392944290039733e-05
2024-05-24,11:56:12,4.3832,26.88,24.75,3356,15027034.0,2.392944290039733e-05
2024-05-24,11:56:12,4.389,26.88,24.75,3356,15027034.0,2.392944290039733e-05
2024-05-24,11:56:12,4.3947,26.88,24.75,3355,15027033.0,2.396774694678868e-05
2024-05-24,11:56:12,4.4005,26.88,24.75,3355,15027033.0,2.396774694678868e-05
2024-05-24,11:56:12,4.4063,26.88,24.75,3356,15027033.0,2.392944290039733e-05
2024-05-24,11:56:12,4.412,26.88,24.75,3356,15027033.0,2.392944290039733e-05
2024-05-24,11:56:12,4.4178,26.88,24.75,3355,15027033.0,2.396774694678868e-05
2024-05-24,11:56:12,4.4235,26.88,24.75,3354,15027033.0,2.400611230676662e-05
2024-05-24,11:56:12,4.4293,26.88,24.75,3355,15027034.0,2.396774694678868e-05
2024-05-24,11:56:12,4.4351,26.88,24.75,3356,15027034.0,2.392944290039733e-05
2024-05-24,11:56:12,4.4407,26.88,24.75,3356,15027033.0,2.392944290039733e-05
2024-05-24,11:56:12,4.4465,26.88,24.75,3356,15027033.0,2.392944290039733e-05
2024-05-24,11:56:12,4.4522,26.88,24.75,3356,15027034.0,2.392944290039733e-05
2024-05-24,11:56:12,4.4578,26.88,24.75,3356,15027033.0,2.392944290039733e-05
2024-05-24,11:56:12,4.4636,26.88,24.75,3355,15027033.0,2.396774694678868e-05
2024-05-24,11:56:12,4.4694,26.88,24.75,3355,15027033.0,2.396774694678868e-05
2024-05-24,11:56:12,4.4751,26.88,24.75,3356,15027034.0,2.392944290039733e-05
2024-05-24,11:56:12,4.4809,26.88,24.75,3356,15027033.0,2.392944290039733e-05
2024-05-24,11:56:12,4.4924,26.81,24.75,3355,15027034.0,2.396774694678868e-05
2024-05-24,11:56:12,4.4982,26.81,24.75,3355,15027033.0,2.396774694678868e-05
2024-05-24,11:56:12,4.5039,26.81,24.75,3355,15027033.0,2.396774694678868e-05
2024-05-24,11:56:12,4.5096,26.81,24.75,3356,15027033.0,2.392944290039733e-05
2024-05-24,11:56:12,4.5152,26.81,24.75,3356,15027033.0,2.392944290039733e-05
2024-05-24,11:56:12,4.5211,26.81,24.75,3356,15027033.0,2.392944290039733e-05
2024-05-24,11:56:12,4.527,26.81,24.75,3356,15027034.0,2.392944290039733e-05
2024-05-24,11:56:12,4.5327,26.81,24.75,3356,15027034.0,2.392944290039733e-05
2024-05-24,11:56:12,4.5385,26.81,24.75,3356,15027034.0,2.392944290039733e-05
2024-05-24,11:56:12,4.5442,26.81,24.75,3355,15027033.0,2.396774694678868e-05
2024-05-24,11:56:12,4.55,26.81,24.75,3355,15027033.0,2.396774694678868e-05
2024-05-24,11:56:12,4.5558,26.81,24.75,3356,15027033.0,2.392944290039733e-05
2024-05-24,11:56:12,4.5615,26.81,24.75,3356,15027034.0,2.392944290039733e-05
2024-05-24,11:56:12,4.5672,26.81,24.75,3355,15027033.0,2.396774694678868e-05
2024-05-24,11:56:12,4.5729,26.81,24.75,3355,15027033.0,2.396774694678868e-05
2024-05-24,11:56:12,4.5788,26.81,24.75,3356,15027033.0,2.392944290039733e-05
2024-05-24,11:56:12,4.5846,26.81,24.75,3357,15027033.0,2.389120006960434e-05
2024-05-24,11:56:12,4.5902,26.81,24.75,3357,15027033.0,2.389120006960434e-05
2024-05-24,11:56:12,4.5958,26.81,24.75,3357,15027033.0,2.389120006960434e-05
2024-05-24,11:56:12,4.6016,26.81,24.75,3357,15027033.0,2.389120006960434e-05
2024-05-24,11:56:12,4.6073,26.81,24.75,3356,15027033.0,2.392944290039733e-05
2024-05-24,11:56:12,4.6131,26.81,24.75,3355,15027033.0,2.396774694678868e-05
2024-05-24,11:56:12,4.6189,26.81,24.75,3355,15027034.0,2.396774694678868e-05
2024-05-24,11:56:12,4.6246,26.81,24.75,3355,15027034.0,2.396774694678868e-05
2024-05-24,11:56:12,4.6304,26.81,24.75,3355,15027033.0,2.396774694678868e-05
2024-05-24,11:56:12,4.6361,26.81,24.75,3355,15027033.0,2.396774694678868e-05
2024-05-24,11:56:12,4.6419,26.81,24.75,3355,15027033.0,2.396774694678868e-05
2024-05-24,11:56:12,4.6477,26.81,24.75,3355,15027033.0,2.396774694678868e-05
2024-05-24,11:56:12,4.6534,26.81,24.75,3355,15027033.0,2.396774694678868e-05
2024-05-24,11:56:12,4.6592,26.81,24.75,3356,15027033.0,2.392944290039733e-05
2024-05-24,11:56:12,4.6649,26.81,24.75,3356,15027033.0,2.392944290039733e-05
2024-05-24,11:56:12,4.6707,26.81,24.75,3355,15027033.0,2.396774694678868e-05
2024-05-24,11:56:12,4.6765,26.81,24.75,3355,15027033.0,2.396774694678868e-05
2024-05-24,11:56:12,4.6822,26.81,24.75,3355,15027034.0,2.396774694678868e-05
2024-05-24,11:56:12,4.688,26.81,24.75,3355,15027033.0,2.396774694678868e-05
2024-05-24,11:56:12,4.6936,26.81,24.75,3355,15027033.0,2.396774694678868e-05
2024-05-24,11:56:12,4.6994,26.81,24.75,3354,15027034.0,2.400611230676662e-05
2024-05-24,11:56:12,4.7108,26.81,24.75,3356,15027034.0,2.392944290039733e-05
2024-05-24,11:56:12,4.7165,26.81,24.75,3356,15027034.0,2.392944290039733e-05
2024-05-24,11:56:12,4.7223,26.81,24.75,3356,15027034.0,2.392944290039733e-05
2024-05-24,11:56:12,4.7281,26.81,24.75,3356,15027034.0,2.392944290039733e-05
2024-05-24,11:56:12,4.7338,26.81,24.75,3356,15027034.0,2.392944290039733e-05
2024-05-24,11:56:12,4.7396,26.81,24.75,3356,15027034.0,2.392944290039733e-05
2024-05-24,11:56:12,4.7453,26.81,24.75,3356,15027034.0,2.392944290039733e-05
2024-05-24,11:56:12,4.7511,26.81,24.75,3355,15027033.0,2.396774694678868e-05
2024-05-24,11:56:12,4.757,26.81,24.75,3355,15027033.0,2.396774694678868e-05
2024-05-24,11:56:12,4.7627,26.81,24.75,3355,15027033.0,2.396774694678868e-05
2024-05-24,11:56:12,4.7684,26.81,24.75,3355,15027033.0,2.396774694678868e-05
2024-05-24,11:56:13,4.7741,26.81,24.75,3356,15027034.0,2.392944290039733e-05
2024-05-24,11:56:13,4.7799,26.81,24.75,3356,15027034.0,2.392944290039733e-05
2024-05-24,11:56:13,4.7857,26.81,24.75,3356,15027034.0,2.392944290039733e-05
2024-05-24,11:56:13,4.7914,26.81,24.75,3356,15027033.0,2.392944290039733e-05
2024-05-24,11:56:13,4.7972,26.81,24.75,3355,15027033.0,2.396774694678868e-05
2024-05-24,11:56:13,4.8029,26.81,24.75,3355,15027033.0,2.396774694678868e-05
2024-05-24,11:56:13,4.8087,26.81,24.75,3356,15027034.0,2.392944290039733e-05
2024-05-24,11:56:13,4.8145,26.81,24.75,3356,15027034.0,2.392944290039733e-05
2024-05-24,11:56:13,4.8202,26.81,24.75,3356,15027034.0,2.392944290039733e-05
2024-05-24,11:56:13,4.826,26.81,24.75,3356,15027034.0,2.392944290039733e-05
2024-05-24,11:56:13,4.8317,26.81,24.75,3356,15027034.0,2.392944290039733e-05
2024-05-24,11:56:13,4.8375,26.81,24.75,3356,15027034.0,2.392944290039733e-05
2024-05-24,11:56:13,4.8433,26.81,24.75,3355,15027033.0,2.396774694678868e-05
2024-05-24,11:56:13,4.849,26.81,24.75,3355,15027033.0,2.396774694678868e-05
2024-05-24,11:56:13,4.8548,26.81,24.75,3356,15027034.0,2.392944290039733e-05
2024-05-24,11:56:13,4.8605,26.81,24.75,3356,15027033.0,2.392944290039733e-05
2024-05-24,11:56:13,4.8663,26.81,24.75,3356,15027034.0,2.392944290039733e-05
2024-05-24,11:56:13,4.8721,26.81,24.75,3356,15027034.0,2.392944290039733e-05
2024-05-24,11:56:13,4.8778,26.81,24.75,3356,15027034.0,2.392944290039733e-05
2024-05-24,11:56:13,4.8836,26.81,24.75,3356,15027034.0,2.392944290039733e-05
2024-05-24,11:56:13,4.8892,26.81,24.75,3355,15027033.0,2.396774694678868e-05
2024-05-24,11:56:13,4.895,26.81,24.75,3355,15027033.0,2.396774694678868e-05
2024-05-24,11:56:13,4.9007,26.81,24.75,3355,15027033.0,2.396774694678868e-05
2024-05-24,11:56:13,4.9064,26.81,24.75,3354,15027033.0,2.400611230676662e-05
2024-05-24,11:56:13,4.9121,26.81,24.75,3354,15027034.0,2.400611230676662e-05
2024-05-24,11:56:13,4.9236,26.81,24.75,3356,15027033.0,2.392944290039733e-05
2024-05-24,11:56:13,4.9294,26.81,24.75,3356,15027033.0,2.392944290039733e-05
2024-05-24,11:56:13,4.9352,26.81,24.75,3355,15027033.0,2.396774694678868e-05
2024-05-24,11:56:13,4.9409,26.81,24.75,3355,15027033.0,2.396774694678868e-05
2024-05-24,11:56:13,4.9467,26.81,24.75,3355,15027034.0,2.396774694678868e-05
2024-05-24,11:56:13,4.9524,26.81,24.75,3356,15027033.0,2.392944290039733e-05
2024-05-24,11:56:13,4.9582,26.81,24.75,3357,15027034.0,2.389120006960434e-05
2024-05-24,11:56:13,4.9638,26.81,24.75,3356,15027034.0,2.392944290039733e-05
2024-05-24,11:56:13,4.9695,26.81,24.75,3355,15027033.0,2.396774694678868e-05
2024-05-24,11:56:13,4.9752,26.81,24.75,3355,15027034.0,2.396774694678868e-05
2024-05-24,11:56:13,4.981,26.81,24.75,3356,15027034.0,2.392944290039733e-05
2024-05-24,11:56:13,4.9867,26.81,24.75,3356,15027034.0,2.392944290039733e-05
2024-05-24,11:56:13,4.9925,26.81,24.75,3356,15027034.0,2.392944290039733e-05
2024-05-24,11:56:13,4.9984,26.81,24.75,3356,15027033.0,2.392944290039733e-05
2024-05-24,11:56:13,5.0041,26.81,24.75,3355,15027033.0,2.396774694678868e-05
2024-05-24,11:56:13,5.0099,26.81,24.75,3356,15027033.0,2.392944290039733e-05
2024-05-24,11:56:13,5.0157,26.81,24.75,3357,15027033.0,2.389120006960434e-05
2024-05-24,11:56:13,5.0213,26.81,24.75,3356,15027034.0,2.392944290039733e-05
2024-05-24,11:56:13,5.0271,26.81,24.75,3356,15027033.0,2.392944290039733e-05
2024-05-24,11:56:13,5.0329,26.81,24.75,3356,15027033.0,2.392944290039733e-05
2024-05-24,11:56:13,5.0387,26.81,24.75,3355,15027033.0,2.396774694678868e-05
2024-05-24,11:56:13,5.0443,26.81,24.75,3355,15027033.0,2.396774694678868e-05
2024-05-24,11:56:13,5.0501,26.81,24.75,3355,15027033.0,2.396774694678868e-05
2024-05-24,11:56:13,5.0559,26.81,24.75,3355,15027033.0,2.396774694678868e-05
2024-05-24,11:56:13,5.0616,26.81,24.75,3355,15027034.0,2.396774694678868e-05
2024-05-24,11:56:13,5.0674,26.81,24.75,3355,15027033.0,2.396774694678868e-05
2024-05-24,11:56:13,5.0731,26.81,24.75,3355,15027034.0,2.396774694678868e-05
2024-05-24,11:56:13,5.0789,26.81,24.75,3354,15027034.0,2.400611230676662e-05
2024-05-24,11:56:13,5.0847,26.81,24.75,3354,15027034.0,2.400611230676662e-05
2024-05-24,11:56:13,5.0904,26.81,24.75,3355,15027033.0,2.396774694678868e-05
2024-05-24,11:56:13,5.0962,26.81,24.75,3355,15027033.0,2.396774694678868e-05
2024-05-24,11:56:13,5.1019,26.81,24.75,3355,15027033.0,2.396774694678868e-05
2024-05-24,11:56:13,5.1077,26.81,24.75,3355,15027033.0,2.396774694678868e-05
2024-05-24,11:56:13,5.1135,26.81,24.75,3355,15027033.0,2.396774694678868e-05
2024-05-24,11:56:13,5.1192,26.81,24.75,3355,15027034.0,2.396774694678868e-05
2024-05-24,11:56:13,5.1249,26.81,24.75,3355,15027033.0,2.396774694678868e-05
2024-05-24,11:56:13,5.1364,26.81,24.75,3355,15027034.0,2.396774694678868e-05
2024-05-24,11:56:13,5.1421,26.81,24.75,3355,15027033.0,2.396774694678868e-05
2024-05-24,11:56:13,5.1478,26.81,24.75,3355,15027033.0,2.396774694678868e-05
2024-05-24,11:56:13,5.1535,26.81,24.75,3355,15027033.0,2.396774694678868e-05
2024-05-24,11:56:13,5.1593,26.81,24.75,3354,15027033.0,2.400611230676662e-05
2024-05-24,11:56:13,5.165,26.81,24.75,3355,15027034.0,2.396774694678868e-05
2024-05-24,11:56:13,5.1708,26.81,24.75,3356,15027033.0,2.392944290039733e-05
2024-05-24,11:56:13,5.1766,26.81,24.75,3355,15027033.0,2.396774694678868e-05
2024-05-24,11:56:13,5.1825,26.81,24.75,3355,15027033.0,2.396774694678868e-05
2024-05-24,11:56:13,5.1882,26.81,24.75,3355,15027033.0,2.396774694678868e-05
2024-05-24,11:56:13,5.1938,26.81,24.75,3355,15027033.0,2.396774694678868e-05
2024-05-24,11:56:13,5.1996,26.81,24.75,3356,15027033.0,2.392944290039733e-05
2024-05-24,11:56:13,5.2054,26.81,24.75,3355,15027033.0,2.396774694678868e-05
2024-05-24,11:56:13,5.2111,26.81,24.75,3355,15027033.0,2.396774694678868e-05
2024-05-24,11:56:13,5.2169,26.81,24.75,3356,15027033.0,2.392944290039733e-05
2024-05-24,11:56:13,5.2226,26.81,24.75,3355,15027033.0,2.396774694678868e-05
2024-05-24,11:56:13,5.2284,26.81,24.75,3355,15027033.0,2.396774694678868e-05
2024-05-24,11:56:13,5.2342,26.81,24.75,3355,15027033.0,2.396774694678868e-05
2024-05-24,11:56:13,5.2399,26.81,24.75,3355,15027033.0,2.396774694678868e-05
2024-05-24,11:56:13,5.2457,26.81,24.75,3356,15027033.0,2.392944290039733e-05
2024-05-24,11:56:13,5.2514,26.81,24.75,3356,15027033.0,2.392944290039733e-05
2024-05-24,11:56:13,5.2572,26.81,24.75,3356,15027033.0,2.392944290039733e-05
2024-05-24,11:56:13,5.263,26.81,24.75,3356,15027033.0,2.392944290039733e-05
2024-05-24,11:56:13,5.2687,26.81,24.75,3355,15027033.0,2.396774694678868e-05
2024-05-24,11:56:13,5.2745,26.81,24.75,3354,15027033.0,2.400611230676662e-05
2024-05-24,11:56:13,5.2802,26.81,24.75,3354,15027033.0,2.400611230676662e-05
2024-05-24,11:56:13,5.286,26.81,24.75,3355,15027033.0,2.396774694678868e-05
2024-05-24,11:56:13,5.2918,26.81,24.75,3355,15027033.0,2.396774694678868e-05
2024-05-24,11:56:13,5.2975,26.81,24.75,3355,15027033.0,2.396774694678868e-05
2024-05-24,11:56:13,5.3033,26.81,24.75,3355,15027033.0,2.396774694678868e-05
2024-05-24,11:56:13,5.309,26.81,24.75,3355,15027033.0,2.396774694678868e-05
2024-05-24,11:56:13,5.3148,26.81,24.75,3355,15027033.0,2.396774694678868e-05
2024-05-24,11:56:13,5.3206,26.81,24.75,3354,15027033.0,2.400611230676662e-05
2024-05-24,11:56:13,5.3263,26.81,24.75,3355,15027033.0,2.396774694678868e-05
2024-05-24,11:56:13,5.3321,26.81,24.75,3356,15027033.0,2.392944290039733e-05
2024-05-24,11:56:13,5.3377,26.81,24.75,3355,15027033.0,2.396774694678868e-05
2024-05-24,11:56:13,5.3435,26.81,24.75,3355,15027033.0,2.396774694678868e-05
2024-05-24,11:56:13,5.3492,26.81,24.75,3355,15027033.0,2.396774694678868e-05
2024-05-24,11:56:13,5.3608,26.81,24.75,3355,15027033.0,2.396774694678868e-05
2024-05-24,11:56:13,5.3665,26.81,24.75,3355,15027033.0,2.396774694678868e-05
2024-05-24,11:56:13,5.3721,26.81,24.75,3355,15027033.0,2.396774694678868e-05
2024-05-24,11:56:13,5.3779,26.81,24.75,3355,15027033.0,2.396774694678868e-05
2024-05-24,11:56:13,5.3837,26.81,24.75,3355,15027033.0,2.396774694678868e-05
2024-05-24,11:56:13,5.3894,26.81,24.75,3355,15027033.0,2.396774694678868e-05
2024-05-24,11:56:13,5.3952,26.81,24.75,3356,15027033.0,2.392944290039733e-05
2024-05-24,11:56:13,5.4011,26.81,24.75,3355,15027033.0,2.396774694678868e-05
2024-05-24,11:56:13,5.4068,26.81,24.75,3354,15027033.0,2.400611230676662e-05
2024-05-24,11:56:13,5.4125,26.81,24.75,3355,15027033.0,2.396774694678868e-05
2024-05-24,11:56:13,5.4182,26.81,24.75,3355,15027033.0,2.396774694678868e-05
2024-05-24,11:56:13,5.424,26.81,24.75,3355,15027033.0,2.396774694678868e-05
2024-05-24,11:56:13,5.4297,26.81,24.75,3356,15027033.0,2.392944290039733e-05
2024-05-24,11:56:13,5.4355,26.81,24.75,3356,15027033.0,2.392944290039733e-05
2024-05-24,11:56:13,5.4413,26.81,24.75,3355,15027033.0,2.396774694678868e-05
2024-05-24,11:56:13,5.447,26.81,24.75,3355,15027033.0,2.396774694678868e-05
2024-05-24,11:56:13,5.4528,26.81,24.75,3356,15027033.0,2.392944290039733e-05
2024-05-24,11:56:13,5.4585,26.81,24.75,3356,15027033.0,2.392944290039733e-05
2024-05-24,11:56:13,5.4643,26.81,24.75,3355,15027033.0,2.396774694678868e-05
2024-05-24,11:56:13,5.4701,26.81,24.75,3355,15027033.0,2.396774694678868e-05
2024-05-24,11:56:13,5.4758,26.81,24.75,3356,15027033.0,2.392944290039733e-05
2024-05-24,11:56:13,5.4816,26.81,24.75,3356,15027033.0,2.392944290039733e-05
2024-05-24,11:56:13,5.4873,26.81,24.75,3355,15027033.0,2.396774694678868e-05
2024-05-24,11:56:13,5.4931,26.81,24.75,3355,15027033.0,2.396774694678868e-05
2024-05-24,11:56:13,5.4989,26.81,24.75,3355,15027033.0,2.396774694678868e-05
2024-05-24,11:56:13,5.5046,26.81,24.75,3354,15027033.0,2.400611230676662e-05
2024-05-24,11:56:13,5.5104,26.81,24.75,3355,15027034.0,2.396774694678868e-05
2024-05-24,11:56:13,5.5161,26.81,24.75,3356,15027033.0,2.392944290039733e-05
2024-05-24,11:56:13,5.5219,26.81,24.75,3355,15027033.0,2.396774694678868e-05
2024-05-24,11:56:13,5.5277,26.81,24.75,3355,15027033.0,2.396774694678868e-05
2024-05-24,11:56:13,5.5334,26.81,24.75,3355,15027033.0,2.396774694678868e-05
2024-05-24,11:56:13,5.5392,26.81,24.75,3354,15027033.0,2.400611230676662e-05
2024-05-24,11:56:13,5.5449,26.81,24.75,3354,15027033.0,2.400611230676662e-05
2024-05-24,11:56:13,5.5507,26.81,24.75,3355,15027033.0,2.396774694678868e-05
2024-05-24,11:56:13,5.5563,26.81,24.75,3355,15027033.0,2.396774694678868e-05
2024-05-24,11:56:13,5.5621,26.81,24.75,3355,15027033.0,2.396774694678868e-05
2024-05-24,11:56:13,5.5735,26.81,24.75,3355,15027034.0,2.396774694678868e-05
2024-05-24,11:56:13,5.5793,26.81,24.75,3355,15027033.0,2.396774694678868e-05
2024-05-24,11:56:13,5.585,26.81,24.75,3355,15027033.0,2.396774694678868e-05
2024-05-24,11:56:13,5.5908,26.81,24.75,3356,15027033.0,2.392944290039733e-05
2024-05-24,11:56:13,5.5965,26.81,24.75,3356,15027033.0,2.392944290039733e-05
2024-05-24,11:56:13,5.6023,26.81,24.75,3355,15027033.0,2.396774694678868e-05
2024-05-24,11:56:13,5.6081,26.81,24.75,3355,15027033.0,2.396774694678868e-05
2024-05-24,11:56:13,5.6138,26.81,24.75,3355,15027033.0,2.396774694678868e-05
2024-05-24,11:56:13,5.6196,26.81,24.75,3355,15027033.0,2.396774694678868e-05
2024-05-24,11:56:13,5.6253,26.81,24.75,3356,15027033.0,2.392944290039733e-05
2024-05-24,11:56:13,5.6311,26.81,24.75,3356,15027033.0,2.392944290039733e-05
2024-05-24,11:56:13,5.6369,26.81,24.75,3355,15027033.0,2.396774694678868e-05
2024-05-24,11:56:13,5.6426,26.81,24.75,3355,15027033.0,2.396774694678868e-05
2024-05-24,11:56:13,5.6484,26.81,24.75,3356,15027033.0,2.392944290039733e-05
2024-05-24,11:56:13,5.6541,26.81,24.75,3357,15027033.0,2.389120006960434e-05
2024-05-24,11:56:13,5.6599,26.81,24.75,3357,15027033.0,2.389120006960434e-05
2024-05-24,11:56:13,5.6657,26.81,24.75,3356,15027033.0,2.392944290039733e-05
2024-05-24,11:56:13,5.6714,26.81,24.75,3356,15027033.0,2.392944290039733e-05
2024-05-24,11:56:13,5.6772,26.81,24.75,3356,15027033.0,2.392944290039733e-05
2024-05-24,11:56:13,5.6829,26.81,24.75,3356,15027034.0,2.392944290039733e-05
2024-05-24,11:56:13,5.6887,26.81,24.75,3356,15027034.0,2.392944290039733e-05
2024-05-24,11:56:13,5.6945,26.81,24.75,3356,15027033.0,2.392944290039733e-05
2024-05-24,11:56:13,5.7002,26.81,24.75,3356,15027033.0,2.392944290039733e-05
2024-05-24,11:56:13,5.706,26.81,24.75,3355,15027033.0,2.396774694678868e-05
2024-05-24,11:56:13,5.7117,26.81,24.75,3355,15027033.0,2.396774694678868e-05
2024-05-24,11:56:13,5.7175,26.81,24.75,3356,15027034.0,2.392944290039733e-05
2024-05-24,11:56:13,5.7233,26.81,24.75,3355,15027034.0,2.396774694678868e-05
2024-05-24,11:56:13,5.729,26.81,24.75,3355,15027033.0,2.396774694678868e-05
2024-05-24,11:56:13,5.7348,26.81,24.75,3356,15027033.0,2.392944290039733e-05
2024-05-24,11:56:13,5.7404,26.81,24.75,3355,15027033.0,2.396774694678868e-05
2024-05-24,11:56:13,5.7462,26.81,24.75,3354,15027033.0,2.400611230676662e-05
2024-05-24,11:56:13,5.7519,26.81,24.75,3354,15027033.0,2.400611230676662e-05
2024-05-24,11:56:13,5.7576,26.81,24.75,3354,15027033.0,2.400611230676662e-05
2024-05-24,11:56:13,5.7633,26.81,24.75,3354,15027034.0,2.400611230676662e-05
2024-05-24,11:56:14,5.7691,26.81,24.75,3355,15027033.0,2.396774694678868e-05
2024-05-24,11:56:14,5.7748,26.81,24.75,3355,15027033.0,2.396774694678868e-05
2024-05-24,11:56:14,5.7807,26.81,24.75,3355,15027033.0,2.396774694678868e-05
2024-05-24,11:56:14,5.7921,26.81,24.75,3355,15027034.0,2.396774694678868e-05
2024-05-24,11:56:14,5.7979,26.81,24.75,3355,15027033.0,2.396774694678868e-05
2024-05-24,11:56:14,5.8036,26.81,24.75,3355,15027033.0,2.396774694678868e-05
2024-05-24,11:56:14,5.8094,26.81,24.75,3355,15027034.0,2.396774694678868e-05
2024-05-24,11:56:14,5.8152,26.81,24.75,3355,15027033.0,2.396774694678868e-05
2024-05-24,11:56:14,5.8209,26.81,24.75,3356,15027033.0,2.392944290039733e-05
2024-05-24,11:56:14,5.8267,26.81,24.75,3356,15027033.0,2.392944290039733e-05
2024-05-24,11:56:14,5.8324,26.81,24.75,3355,15027033.0,2.396774694678868e-05
2024-05-24,11:56:14,5.8382,26.81,24.75,3355,15027033.0,2.396774694678868e-05
2024-05-24,11:56:14,5.844,26.81,24.75,3355,15027033.0,2.396774694678868e-05
2024-05-24,11:56:14,5.8497,26.81,24.75,3354,15027033.0,2.400611230676662e-05
2024-05-24,11:56:14,5.8555,26.81,24.75,3355,15027034.0,2.396774694678868e-05
2024-05-24,11:56:14,5.8612,26.81,24.75,3356,15027034.0,2.392944290039733e-05
2024-05-24,11:56:14,5.867,26.81,24.75,3355,15027033.0,2.396774694678868e-05
2024-05-24,11:56:14,5.8728,26.81,24.75,3355,15027033.0,2.396774694678868e-05
2024-05-24,11:56:14,5.8784,26.81,24.75,3355,15027033.0,2.396774694678868e-05
2024-05-24,11:56:14,5.8841,26.81,24.75,3355,15027033.0,2.396774694678868e-05
2024-05-24,11:56:14,5.89,26.81,24.75,3356,15027033.0,2.392944290039733e-05
2024-05-24,11:56:14,5.8958,26.81,24.75,3356,15027033.0,2.392944290039733e-05
2024-05-24,11:56:14,5.9016,26.81,24.75,3356,15027033.0,2.392944290039733e-05
2024-05-24,11:56:14,5.9073,26.81,24.75,3356,15027033.0,2.392944290039733e-05
2024-05-24,11:56:14,5.9131,26.81,24.75,3355,15027033.0,2.396774694678868e-05
2024-05-24,11:56:14,5.9188,26.81,24.75,3355,15027033.0,2.396774694678868e-05
2024-05-24,11:56:14,5.9246,26.81,24.75,3355,15027033.0,2.396774694678868e-05
2024-05-24,11:56:14,5.9304,26.81,24.75,3355,15027033.0,2.396774694678868e-05
2024-05-24,11:56:14,5.9361,26.81,24.75,3355,15027033.0,2.396774694678868e-05
2024-05-24,11:56:14,5.9419,26.81,24.75,3355,15027033.0,2.396774694678868e-05
2024-05-24,11:56:14,5.9476,26.81,24.75,3355,15027033.0,2.396774694678868e-05
2024-05-24,11:56:14,5.9534,26.81,24.75,3354,15027033.0,2.400611230676662e-05
2024-05-24,11:56:14,5.9592,26.81,24.75,3354,15027034.0,2.400611230676662e-05
2024-05-24,11:56:14,5.9649,26.81,24.75,3355,15027033.0,2.396774694678868e-05
2024-05-24,11:56:14,5.9705,26.81,24.75,3355,15027033.0,2.396774694678868e-05
2024-05-24,11:56:14,5.9763,26.81,24.75,3355,15027033.0,2.396774694678868e-05
2024-05-24,11:56:14,5.9821,26.81,24.75,3355,15027033.0,2.396774694678868e-05
2024-05-24,11:56:14,5.9877,26.81,24.75,3354,15027033.0,2.400611230676662e-05
2024-05-24,11:56:14,5.9935,26.81,24.75,3354,15027033.0,2.400611230676662e-05
2024-05-24,11:56:14,5.9992,26.81,24.75,3355,15027033.0,2.396774694678868e-05
2024-05-24,11:56:14,6.0107,26.81,24.75,3356,15027034.0,2.392944290039733e-05
2024-05-24,11:56:14,6.0165,26.81,24.75,3355,15027033.0,2.396774694678868e-05
2024-05-24,11:56:14,6.0223,26.81,24.75,3355,15027033.0,2.396774694678868e-05
2024-05-24,11:56:14,6.028,26.81,24.75,3356,15027033.0,2.392944290039733e-05
2024-05-24,11:56:14,6.0338,26.81,24.75,3355,15027033.0,2.396774694678868e-05
2024-05-24,11:56:14,6.0395,26.81,24.75,3354,15027033.0,2.400611230676662e-05
2024-05-24,11:56:14,6.0453,26.81,24.75,3355,15027033.0,2.396774694678868e-05
2024-05-24,11:56:14,6.0511,26.81,24.75,3355,15027033.0,2.396774694678868e-05
2024-05-24,11:56:14,6.0568,26.81,24.75,3355,15027034.0,2.396774694678868e-05
2024-05-24,11:56:14,6.0626,26.81,24.75,3355,15027033.0,2.396774694678868e-05
2024-05-24,11:56:14,6.0683,26.81,24.75,3355,15027033.0,2.396774694678868e-05
2024-05-24,11:56:14,6.0741,26.81,24.75,3355,15027033.0,2.396774694678868e-05
2024-05-24,11:56:14,6.0799,26.81,24.75,3355,15027033.0,2.396774694678868e-05
2024-05-24,11:56:14,6.0856,26.81,24.75,3356,15027034.0,2.392944290039733e-05
2024-05-24,11:56:14,6.0914,26.81,24.75,3356,15027034.0,2.392944290039733e-05
2024-05-24,11:56:14,6.0971,26.81,24.75,3356,15027034.0,2.392944290039733e-05
2024-05-24,11:56:14,6.1029,26.81,24.75,3356,15027033.0,2.392944290039733e-05
2024-05-24,11:56:14,6.1087,26.81,24.75,3355,15027033.0,2.396774694678868e-05
2024-05-24,11:56:14,6.1144,26.81,24.75,3355,15027033.0,2.396774694678868e-05
2024-05-24,11:56:14,6.1201,26.81,24.75,3355,15027033.0,2.396774694678868e-05
2024-05-24,11:56:14,6.1258,26.81,24.75,3355,15027033.0,2.396774694678868e-05
2024-05-24,11:56:14,6.1316,26.81,24.75,3355,15027033.0,2.396774694678868e-05
2024-05-24,11:56:14,6.1373,26.81,24.75,3355,15027033.0,2.396774694678868e-05
2024-05-24,11:56:14,6.1431,26.81,24.75,3356,15027034.0,2.392944290039733e-05
2024-05-24,11:56:14,6.1489,26.81,24.75,3355,15027034.0,2.396774694678868e-05
2024-05-24,11:56:14,6.1546,26.81,24.75,3355,15027034.0,2.396774694678868e-05
2024-05-24,11:56:14,6.1604,26.81,24.75,3356,15027034.0,2.392944290039733e-05
2024-05-24,11:56:14,6.1661,26.81,24.75,3355,15027033.0,2.396774694678868e-05
2024-05-24,11:56:14,6.1719,26.81,24.75,3355,15027033.0,2.396774694678868e-05
2024-05-24,11:56:14,6.1777,26.81,24.75,3355,15027033.0,2.396774694678868e-05
2024-05-24,11:56:14,6.1833,26.81,24.75,3355,15027033.0,2.396774694678868e-05
2024-05-24,11:56:14,6.189,26.81,24.75,3355,15027033.0,2.396774694678868e-05
2024-05-24,11:56:14,6.1948,26.81,24.75,3354,15027033.0,2.400611230676662e-05
2024-05-24,11:56:14,6.2006,26.81,24.75,3354,15027034.0,2.400611230676662e-05
2024-05-24,11:56:14,6.2063,26.81,24.75,3354,15027034.0,2.400611230676662e-05
2024-05-24,11:56:14,6.2121,26.81,24.75,3354,15027033.0,2.400611230676662e-05
2024-05-24,11:56:14,6.2178,26.81,24.75,3355,15027033.0,2.396774694678868e-05
2024-05-24,11:56:14,6.2294,26.81,24.75,3354,15027034.0,2.400611230676662e-05
2024-05-24,11:56:14,6.2351,26.81,24.75,3354,15027034.0,2.400611230676662e-05
2024-05-24,11:56:14,6.2409,26.81,24.75,3354,15027034.0,2.400611230676662e-05
2024-05-24,11:56:14,6.2465,26.81,24.75,3354,15027034.0,2.400611230676662e-05
2024-05-24,11:56:14,6.2523,26.81,24.75,3355,15027034.0,2.396774694678868e-05
2024-05-24,11:56:14,6.2582,26.81,24.75,3355,15027033.0,2.396774694678868e-05
2024-05-24,11:56:14,6.2639,26.81,24.75,3355,15027033.0,2.396774694678868e-05
2024-05-24,11:56:14,6.2697,26.81,24.75,3355,15027033.0,2.396774694678868e-05
2024-05-24,11:56:14,6.2754,26.81,24.75,3355,15027033.0,2.396774694678868e-05
2024-05-24,11:56:14,6.2812,26.81,24.75,3356,15027034.0,2.392944290039733e-05
2024-05-24,11:56:14,6.287,26.81,24.75,3356,15027034.0,2.392944290039733e-05
2024-05-24,11:56:14,6.2927,26.81,24.75,3356,15027034.0,2.392944290039733e-05
2024-05-24,11:56:14,6.2985,26.81,24.75,3356,15027034.0,2.392944290039733e-05
2024-05-24,11:56:14,6.3041,26.81,24.75,3355,15027034.0,2.396774694678868e-05
2024-05-24,11:56:14,6.3099,26.81,24.75,3355,15027033.0,2.396774694678868e-05
2024-05-24,11:56:14,6.3158,26.81,24.75,3355,15027033.0,2.396774694678868e-05
2024-05-24,11:56:14,6.3215,26.81,24.75,3355,15027033.0,2.396774694678868e-05
2024-05-24,11:56:14,6.3272,26.81,24.75,3355,15027033.0,2.396774694678868e-05
2024-05-24,11:56:14,6.3329,26.81,24.75,3355,15027033.0,2.396774694678868e-05
2024-05-24,11:56:14,6.3387,26.81,24.75,3356,15027034.0,2.392944290039733e-05
2024-05-24,11:56:14,6.3443,26.81,24.75,3356,15027034.0,2.392944290039733e-05
2024-05-24,11:56:14,6.3501,26.81,24.75,3356,15027034.0,2.392944290039733e-05
2024-05-24,11:56:14,6.3558,26.81,24.75,3355,15027034.0,2.396774694678868e-05
2024-05-24,11:56:14,6.3616,26.81,24.75,3354,15027033.0,2.400611230676662e-05
2024-05-24,11:56:14,6.3673,26.81,24.75,3355,15027033.0,2.396774694678868e-05
2024-05-24,11:56:14,6.3731,26.81,24.75,3356,15027034.0,2.392944290039733e-05
2024-05-24,11:56:14,6.3789,26.81,24.75,3356,15027034.0,2.392944290039733e-05
2024-05-24,11:56:14,6.3846,26.81,24.75,3355,15027034.0,2.396774694678868e-05
2024-05-24,11:56:14,6.3904,26.81,24.75,3355,15027034.0,2.396774694678868e-05
2024-05-24,11:56:14,6.3961,26.81,24.75,3355,15027034.0,2.396774694678868e-05
2024-05-24,11:56:14,6.4019,26.81,24.75,3355,15027034.0,2.396774694678868e-05
2024-05-24,11:56:14,6.4077,26.81,24.75,3355,15027033.0,2.396774694678868e-05
2024-05-24,11:56:14,6.4134,26.81,24.75,3355,15027033.0,2.396774694678868e-05
2024-05-24,11:56:14,6.4192,26.81,24.75,3355,15027033.0,2.396774694678868e-05
2024-05-24,11:56:14,6.4249,26.81,24.75,3355,15027034.0,2.396774694678868e-05
2024-05-24,11:56:14,6.4307,26.81,24.75,3355,15027034.0,2.396774694678868e-05
2024-05-24,11:56:14,6.4365,26.81,24.75,3355,15027034.0,2.396774694678868e-05
2024-05-24,11:56:14,6.448,26.81,24.75,3356,15027035.0,2.392944290039733e-05
2024-05-24,11:56:14,6.4536,26.81,24.75,3355,15027034.0,2.396774694678868e-05
2024-05-24,11:56:14,6.4594,26.81,24.75,3355,15027034.0,2.396774694678868e-05
2024-05-24,11:56:14,6.4651,26.81,24.75,3355,15027034.0,2.396774694678868e-05
2024-05-24,11:56:14,6.4709,26.81,24.75,3355,15027034.0,2.396774694678868e-05
2024-05-24,11:56:14,6.4768,26.81,24.75,3355,15027033.0,2.396774694678868e-05
2024-05-24,11:56:14,6.4825,26.81,24.75,3354,15027034.0,2.400611230676662e-05
2024-05-24,11:56:14,6.4882,26.81,24.75,3355,15027034.0,2.396774694678868e-05
2024-05-24,11:56:14,6.4938,26.81,24.75,3356,15027034.0,2.392944290039733e-05
2024-05-24,11:56:14,6.4996,26.81,24.75,3355,15027034.0,2.396774694678868e-05
2024-05-24,11:56:14,6.5055,26.81,24.75,3355,15027034.0,2.396774694678868e-05
2024-05-24,11:56:14,6.5112,26.81,24.75,3355,15027033.0,2.396774694678868e-05
2024-05-24,11:56:14,6.5169,26.88,24.75,3355,15027033.0,2.396774694678868e-05
2024-05-24,11:56:14,6.5226,26.88,24.75,3355,15027034.0,2.396774694678868e-05
2024-05-24,11:56:14,6.5284,26.88,24.75,3355,15027034.0,2.396774694678868e-05
2024-05-24,11:56:14,6.5341,26.88,24.75,3355,15027034.0,2.396774694678868e-05
2024-05-24,11:56:14,6.5399,26.88,24.75,3355,15027034.0,2.396774694678868e-05
2024-05-24,11:56:14,6.5457,26.88,24.75,3355,15027034.0,2.396774694678868e-05
2024-05-24,11:56:14,6.5515,26.88,24.75,3355,15027034.0,2.396774694678868e-05
2024-05-24,11:56:14,6.5573,26.88,24.75,3355,15027034.0,2.396774694678868e-05
2024-05-24,11:56:14,6.5629,26.88,24.75,3355,15027034.0,2.396774694678868e-05
2024-05-24,11:56:14,6.5687,26.88,24.75,3356,15027034.0,2.392944290039733e-05
2024-05-24,11:56:14,6.5746,26.88,24.75,3355,15027034.0,2.396774694678868e-05
2024-05-24,11:56:14,6.5803,26.88,24.75,3354,15027034.0,2.400611230676662e-05
2024-05-24,11:56:14,6.586,26.88,24.75,3355,15027034.0,2.396774694678868e-05
2024-05-24,11:56:14,6.5917,26.88,24.75,3355,15027034.0,2.396774694678868e-05
2024-05-24,11:56:14,6.5975,26.88,24.75,3355,15027034.0,2.396774694678868e-05
2024-05-24,11:56:14,6.6033,26.88,24.75,3355,15027034.0,2.396774694678868e-05
2024-05-24,11:56:14,6.609,26.88,24.75,3355,15027034.0,2.396774694678868e-05
2024-05-24,11:56:14,6.6148,26.88,24.75,3355,15027034.0,2.396774694678868e-05
2024-05-24,11:56:14,6.6205,26.88,24.75,3355,15027033.0,2.396774694678868e-05
2024-05-24,11:56:14,6.6263,26.88,24.75,3355,15027034.0,2.396774694678868e-05
2024-05-24,11:56:14,6.6321,26.88,24.75,3355,15027034.0,2.396774694678868e-05
2024-05-24,11:56:14,6.6378,26.88,24.75,3355,15027034.0,2.396774694678868e-05
2024-05-24,11:56:14,6.6436,26.88,24.75,3354,15027034.0,2.400611230676662e-05
2024-05-24,11:56:14,6.6492,26.88,24.75,3354,15027034.0,2.400611230676662e-05
2024-05-24,11:56:14,6.655,26.88,24.75,3354,15027034.0,2.400611230676662e-05
2024-05-24,11:56:14,6.6665,26.88,24.75,3356,15027034.0,2.392944290039733e-05
2024-05-24,11:56:14,6.6722,26.88,24.75,3355,15027034.0,2.396774694678868e-05
2024-05-24,11:56:14,6.6779,26.88,24.75,3355,15027034.0,2.396774694678868e-05
2024-05-24,11:56:14,6.6836,26.88,24.75,3355,15027034.0,2.396774694678868e-05
2024-05-24,11:56:14,6.6894,26.88,24.75,3354,15027034.0,2.400611230676662e-05
2024-05-24,11:56:14,6.6952,26.88,24.75,3354,15027034.0,2.400611230676662e-05
2024-05-24,11:56:14,6.701,26.88,24.75,3355,15027034.0,2.396774694678868e-05
2024-05-24,11:56:14,6.7068,26.88,24.75,3355,15027034.0,2.396774694678868e-05
2024-05-24,11:56:14,6.7124,26.88,24.75,3355,15027034.0,2.396774694678868e-05
2024-05-24,11:56:14,6.7182,26.88,24.75,3355,15027034.0,2.396774694678868e-05
2024-05-24,11:56:14,6.724,26.88,24.75,3355,15027034.0,2.396774694678868e-05
2024-05-24,11:56:14,6.7297,26.88,24.75,3355,15027034.0,2.396774694678868e-05
2024-05-24,11:56:14,6.7355,26.88,24.75,3355,15027034.0,2.396774694678868e-05
2024-05-24,11:56:14,6.7412,26.88,24.75,3355,15027034.0,2.396774694678868e-05
2024-05-24,11:56:14,6.747,26.88,24.75,3355,15027034.0,2.396774694678868e-05
2024-05-24,11:56:14,6.7528,26.88,24.75,3355,15027034.0,2.396774694678868e-05
2024-05-24,11:56:14,6.7585,26.88,24.75,3355,15027034.0,2.396774694678868e-05
2024-05-24,11:56:14,6.7643,26.88,24.75,3356,15027034.0,2.392944290039733e-05
2024-05-24,11:56:14,6.77,26.88,24.75,3356,15027034.0,2.392944290039733e-05
2024-05-24,11:56:15,6.7758,26.88,24.75,3355,15027034.0,2.396774694678868e-05
2024-05-24,11:56:15,6.7816,26.88,24.75,3355,15027034.0,2.396774694678868e-05
2024-05-24,11:56:15,6.7873,26.88,24.75,3355,15027034.0,2.396774694678868e-05
2024-05-24,11:56:15,6.7931,26.88,24.75,3355,15027034.0,2.396774694678868e-05
2024-05-24,11:56:15,6.7988,26.88,24.75,3356,15027034.0,2.392944290039733e-05
2024-05-24,11:56:15,6.8046,26.88,24.75,3356,15027034.0,2.392944290039733e-05
2024-05-24,11:56:15,6.8102,26.88,24.75,3356,15027034.0,2.392944290039733e-05
2024-05-24,11:56:15,6.8159,26.88,24.75,3355,15027035.0,2.396774694678868e-05
2024-05-24,11:56:15,6.8216,26.88,24.75,3354,15027035.0,2.400611230676662e-05
2024-05-24,11:56:15,6.8274,26.88,24.75,3355,15027034.0,2.396774694678868e-05
2024-05-24,11:56:15,6.8331,26.88,24.75,3355,15027034.0,2.396774694678868e-05
2024-05-24,11:56:15,6.8389,26.88,24.75,3354,15027034.0,2.400611230676662e-05
2024-05-24,11:56:15,6.8447,26.88,24.75,3354,15027034.0,2.400611230676662e-05
2024-05-24,11:56:15,6.8504,26.88,24.75,3355,15027034.0,2.396774694678868e-05
2024-05-24,11:56:15,6.8562,26.88,24.75,3356,15027035.0,2.392944290039733e-05
2024-05-24,11:56:15,6.8619,26.88,24.75,3356,15027034.0,2.392944290039733e-05
2024-05-24,11:56:15,6.8677,26.88,24.75,3355,15027034.0,2.396774694678868e-05
2024-05-24,11:56:15,6.8792,26.88,24.75,3355,15027034.0,2.396774694678868e-05
2024-05-24,11:56:15,6.885,26.88,24.75,3355,15027034.0,2.396774694678868e-05
2024-05-24,11:56:15,6.8906,26.88,24.75,3355,15027034.0,2.396774694678868e-05
2024-05-24,11:56:15,6.8964,26.88,24.75,3354,15027035.0,2.400611230676662e-05
2024-05-24,11:56:15,6.9021,26.88,24.75,3354,15027035.0,2.400611230676662e-05
2024-05-24,11:56:15,6.9079,26.88,24.75,3355,15027035.0,2.396774694678868e-05
2024-05-24,11:56:15,6.9137,26.88,24.75,3355,15027035.0,2.396774694678868e-05
2024-05-24,11:56:15,6.9194,26.88,24.75,3355,15027035.0,2.396774694678868e-05
2024-05-24,11:56:15,6.9252,26.88,24.75,3355,15027034.0,2.396774694678868e-05
2024-05-24,11:56:15,6.9308,26.88,24.75,3354,15027035.0,2.400611230676662e-05
2024-05-24,11:56:15,6.9366,26.88,24.75,3355,15027035.0,2.396774694678868e-05
2024-05-24,11:56:15,6.9425,26.88,24.75,3356,15027035.0,2.392944290039733e-05
2024-05-24,11:56:15,6.9482,26.88,24.75,3356,15027035.0,2.392944290039733e-05
2024-05-24,11:56:15,6.9538,26.88,24.75,3356,15027035.0,2.392944290039733e-05
2024-05-24,11:56:15,6.9596,26.88,24.75,3356,15027035.0,2.392944290039733e-05
2024-05-24,11:56:15,6.9654,26.88,24.75,3355,15027035.0,2.396774694678868e-05
2024-05-24,11:56:15,6.9711,26.88,24.75,3354,15027035.0,2.400611230676662e-05
2024-05-24,11:56:15,6.9769,26.88,24.75,3355,15027035.0,2.396774694678868e-05
2024-05-24,11:56:15,6.9826,26.88,24.75,3355,15027035.0,2.396774694678868e-05
2024-05-24,11:56:15,6.9884,26.88,24.75,3355,15027034.0,2.396774694678868e-05
2024-05-24,11:56:15,6.9942,26.88,24.75,3355,15027034.0,2.396774694678868e-05
2024-05-24,11:56:15,6.9999,26.88,24.75,3355,15027035.0,2.396774694678868e-05
2024-05-24,11:56:15,7.0057,26.88,24.75,3355,15027034.0,2.396774694678868e-05
2024-05-24,11:56:15,7.0114,26.88,24.75,3354,15027035.0,2.400611230676662e-05
2024-05-24,11:56:15,7.0172,26.88,24.75,3354,15027035.0,2.400611230676662e-05
2024-05-24,11:56:15,7.023,26.81,24.75,3354,15027035.0,2.400611230676662e-05
2024-05-24,11:56:15,7.0287,26.81,24.75,3355,15027035.0,2.396774694678868e-05
2024-05-24,11:56:15,7.0345,26.81,24.75,3356,15027035.0,2.392944290039733e-05
2024-05-24,11:56:15,7.0402,26.81,24.75,3355,15027034.0,2.396774694678868e-05
2024-05-24,11:56:15,7.046,26.81,24.75,3355,15027035.0,2.396774694678868e-05
2024-05-24,11:56:15,7.0518,26.81,24.75,3355,15027035.0,2.396774694678868e-05
2024-05-24,11:56:15,7.0574,26.81,24.75,3355,15027035.0,2.396774694678868e-05
2024-05-24,11:56:15,7.063,26.81,24.75,3356,15027035.0,2.392944290039733e-05
2024-05-24,11:56:15,7.0688,26.81,24.75,3356,15027035.0,2.392944290039733e-05
2024-05-24,11:56:15,7.0745,26.81,24.75,3356,15027035.0,2.392944290039733e-05
2024-05-24,11:56:15,7.0803,26.81,24.75,3355,15027035.0,2.396774694678868e-05
2024-05-24,11:56:15,7.0918,26.81,24.75,3355,15027035.0,2.396774694678868e-05
2024-05-24,11:56:15,7.0976,26.81,24.75,3355,15027035.0,2.396774694678868e-05
2024-05-24,11:56:15,7.1033,26.81,24.75,3355,15027035.0,2.396774694678868e-05
2024-05-24,11:56:15,7.1091,26.81,24.75,3355,15027035.0,2.396774694678868e-05
2024-05-24,11:56:15,7.1149,26.81,24.75,3355,15027034.0,2.396774694678868e-05
2024-05-24,11:56:15,7.1206,26.81,24.75,3355,15027035.0,2.396774694678868e-05
2024-05-24,11:56:15,7.1264,26.81,24.75,3355,15027035.0,2.396774694678868e-05
2024-05-24,11:56:15,7.1321,26.81,24.75,3356,15027035.0,2.392944290039733e-05
2024-05-24,11:56:15,7.1379,26.81,24.75,3356,15027035.0,2.392944290039733e-05
2024-05-24,11:56:15,7.1437,26.81,24.75,3355,15027035.0,2.396774694678868e-05
2024-05-24,11:56:15,7.1494,26.81,24.75,3355,15027035.0,2.396774694678868e-05
2024-05-24,11:56:15,7.1551,26.81,24.75,3356,15027035.0,2.392944290039733e-05
2024-05-24,11:56:15,7.1608,26.81,24.75,3356,15027035.0,2.392944290039733e-05
2024-05-24,11:56:15,7.1666,26.81,24.75,3355,15027035.0,2.396774694678868e-05
2024-05-24,11:56:15,7.1723,26.81,24.75,3355,15027035.0,2.396774694678868e-05
2024-05-24,11:56:15,7.1781,26.81,24.75,3356,15027035.0,2.392944290039733e-05
2024-05-24,11:56:15,7.1837,26.81,24.75,3356,15027034.0,2.392944290039733e-05
2024-05-24,11:56:15,7.1895,26.81,24.75,3355,15027035.0,2.396774694678868e-05
2024-05-24,11:56:15,7.1953,26.81,24.75,3355,15027035.0,2.396774694678868e-05
2024-05-24,11:56:15,7.201,26.81,24.75,3355,15027035.0,2.396774694678868e-05
2024-05-24,11:56:15,7.2068,26.81,24.75,3355,15027035.0,2.396774694678868e-05
2024-05-24,11:56:15,7.2125,26.81,24.75,3355,15027035.0,2.396774694678868e-05
2024-05-24,11:56:15,7.2183,26.81,24.75,3354,15027035.0,2.400611230676662e-05
2024-05-24,11:56:15,7.2241,26.81,24.75,3354,15027035.0,2.400611230676662e-05
2024-05-24,11:56:15,7.2298,26.81,24.75,3355,15027034.0,2.396774694678868e-05
2024-05-24,11:56:15,7.2356,26.81,24.75,3355,15027035.0,2.396774694678868e-05
2024-05-24,11:56:15,7.2413,26.81,24.75,3355,15027035.0,2.396774694678868e-05
2024-05-24,11:56:15,7.2471,26.81,24.75,3355,15027035.0,2.396774694678868e-05
2024-05-24,11:56:15,7.2529,26.81,24.75,3355,15027035.0,2.396774694678868e-05
2024-05-24,11:56:15,7.2586,26.81,24.75,3355,15027035.0,2.396774694678868e-05
2024-05-24,11:56:15,7.2644,26.81,24.75,3354,15027035.0,2.400611230676662e-05
2024-05-24,11:56:15,7.27,26.81,24.75,3354,15027035.0,2.400611230676662e-05
2024-05-24,11:56:15,7.2756,26.81,24.75,3355,15027034.0,2.396774694678868e-05
2024-05-24,11:56:15,7.2814,26.81,24.75,3355,15027034.0,2.396774694678868e-05
2024-05-24,11:56:15,7.2873,26.81,24.75,3355,15027035.0,2.396774694678868e-05
2024-05-24,11:56:15,7.293,26.81,24.75,3355,15027035.0,2.396774694678868e-05
2024-05-24,11:56:15,7.3044,26.81,24.75,3354,15027034.0,2.400611230676662e-05
2024-05-24,11:56:15,7.3102,26.81,24.75,3355,15027035.0,2.396774694678868e-05
2024-05-24,11:56:15,7.316,26.81,24.75,3355,15027035.0,2.396774694678868e-05
2024-05-24,11:56:15,7.3217,26.81,24.75,3355,15027035.0,2.396774694678868e-05
2024-05-24,11:56:15,7.3275,26.81,24.75,3355,15027034.0,2.396774694678868e-05
2024-05-24,11:56:15,7.3332,26.81,24.75,3355,15027034.0,2.396774694678868e-05
2024-05-24,11:56:15,7.3389,26.81,24.75,3355,15027034.0,2.396774694678868e-05
2024-05-24,11:56:15,7.3446,26.81,24.75,3355,15027034.0,2.396774694678868e-05
2024-05-24,11:56:15,7.3505,26.81,24.75,3355,15027034.0,2.396774694678868e-05
2024-05-24,11:56:15,7.3563,26.81,24.75,3354,15027035.0,2.400611230676662e-05
2024-05-24,11:56:15,7.3619,26.81,24.75,3354,15027035.0,2.400611230676662e-05
2024-05-24,11:56:15,7.3677,26.81,24.75,3354,15027035.0,2.400611230676662e-05
2024-05-24,11:56:15,7.3736,26.81,24.75,3354,15027035.0,2.400611230676662e-05
2024-05-24,11:56:15,7.3793,26.81,24.75,3355,15027034.0,2.396774694678868e-05
2024-05-24,11:56:15,7.3849,26.81,24.75,3355,15027034.0,2.396774694678868e-05
2024-05-24,11:56:15,7.3907,26.81,24.75,3355,15027034.0,2.396774694678868e-05
2024-05-24,11:56:15,7.3965,26.81,24.75,3355,15027034.0,2.396774694678868e-05
2024-05-24,11:56:15,7.4021,26.81,24.75,3355,15027034.0,2.396774694678868e-05
2024-05-24,11:56:15,7.4079,26.81,24.75,3355,15027034.0,2.396774694678868e-05
2024-05-24,11:56:15,7.4136,26.81,24.75,3355,15027034.0,2.396774694678868e-05
2024-05-24,11:56:15,7.4194,26.81,24.75,3355,15027034.0,2.396774694678868e-05
2024-05-24,11:56:15,7.4251,26.81,24.75,3355,15027034.0,2.396774694678868e-05
2024-05-24,11:56:15,7.4309,26.81,24.75,3355,15027034.0,2.396774694678868e-05
2024-05-24,11:56:15,7.4367,26.81,24.75,3355,15027034.0,2.396774694678868e-05
2024-05-24,11:56:15,7.4424,26.81,24.75,3356,15027035.0,2.392944290039733e-05
2024-05-24,11:56:15,7.4482,26.81,24.75,3356,15027035.0,2.392944290039733e-05
2024-05-24,11:56:15,7.4539,26.81,24.75,3355,15027034.0,2.396774694678868e-05
2024-05-24,11:56:15,7.4597,26.81,24.75,3355,15027034.0,2.396774694678868e-05
2024-05-24,11:56:15,7.4655,26.81,24.75,3355,15027034.0,2.396774694678868e-05
2024-05-24,11:56:15,7.4712,26.81,24.75,3355,15027034.0,2.396774694678868e-05
2024-05-24,11:56:15,7.4769,26.81,24.75,3355,15027034.0,2.396774694678868e-05
2024-05-24,11:56:15,7.4826,26.81,24.75,3355,15027034.0,2.396774694678868e-05
2024-05-24,11:56:15,7.4884,26.81,24.75,3355,15027034.0,2.396774694678868e-05
2024-05-24,11:56:15,7.494,26.81,24.75,3355,15027034.0,2.396774694678868e-05
2024-05-24,11:56:15,7.4998,26.81,24.75,3355,15027035.0,2.396774694678868e-05
2024-05-24,11:56:15,7.5113,26.81,24.75,3356,15027033.0,2.392944290039733e-05
2024-05-24,11:56:15,7.517,26.81,24.75,3355,15027034.0,2.396774694678868e-05
2024-05-24,11:56:15,7.5228,26.81,24.75,3354,15027034.0,2.400611230676662e-05
2024-05-24,11:56:15,7.5286,26.81,24.75,3355,15027034.0,2.396774694678868e-05
2024-05-24,11:56:15,7.5343,26.81,24.75,3355,15027034.0,2.396774694678868e-05
2024-05-24,11:56:15,7.5401,26.81,24.75,3354,15027034.0,2.400611230676662e-05
2024-05-24,11:56:15,7.5458,26.81,24.75,3354,15027034.0,2.400611230676662e-05
2024-05-24,11:56:15,7.5516,26.81,24.75,3355,15027034.0,2.396774694678868e-05
2024-05-24,11:56:15,7.5572,26.81,24.75,3355,15027034.0,2.396774694678868e-05
2024-05-24,11:56:15,7.563,26.81,24.75,3355,15027034.0,2.396774694678868e-05
2024-05-24,11:56:15,7.5689,26.81,24.75,3355,15027034.0,2.396774694678868e-05
2024-05-24,11:56:15,7.5746,26.81,24.75,3355,15027034.0,2.396774694678868e-05
2024-05-24,11:56:15,7.5803,26.81,24.75,3355,15027034.0,2.396774694678868e-05
2024-05-24,11:56:15,7.5859,26.81,24.75,3354,15027034.0,2.400611230676662e-05
2024-05-24,11:56:15,7.5917,26.81,24.75,3354,15027034.0,2.400611230676662e-05
2024-05-24,11:56:15,7.5974,26.81,24.75,3355,15027034.0,2.396774694678868e-05
2024-05-24,11:56:15,7.6032,26.81,24.75,3356,15027034.0,2.392944290039733e-05
2024-05-24,11:56:15,7.6089,26.81,24.75,3356,15027034.0,2.392944290039733e-05
2024-05-24,11:56:15,7.6147,26.81,24.75,3355,15027034.0,2.396774694678868e-05
2024-05-24,11:56:15,7.6205,26.81,24.75,3355,15027034.0,2.396774694678868e-05
2024-05-24,11:56:15,7.6262,26.81,24.75,3356,15027034.0,2.392944290039733e-05
2024-05-24,11:56:15,7.632,26.81,24.75,3356,15027034.0,2.392944290039733e-05
2024-05-24,11:56:15,7.6377,26.81,24.75,3355,15027034.0,2.396774694678868e-05
2024-05-24,11:56:15,7.6435,26.81,24.75,3355,15027034.0,2.396774694678868e-05
2024-05-24,11:56:15,7.6493,26.81,24.75,3355,15027034.0,2.396774694678868e-05
2024-05-24,11:56:15,7.655,26.81,24.75,3354,15027034.0,2.400611230676662e-05
2024-05-24,11:56:15,7.6607,26.81,24.75,3354,15027034.0,2.400611230676662e-05
2024-05-24,11:56:15,7.6664,26.81,24.75,3355,15027034.0,2.396774694678868e-05
2024-05-24,11:56:15,7.6723,26.81,24.75,3356,15027034.0,2.392944290039733e-05
2024-05-24,11:56:15,7.6781,26.81,24.75,3355,15027034.0,2.396774694678868e-05
2024-05-24,11:56:15,7.6837,26.81,24.75,3354,15027034.0,2.400611230676662e-05
2024-05-24,11:56:15,7.6895,26.81,24.75,3354,15027034.0,2.400611230676662e-05
2024-05-24,11:56:15,7.6952,26.81,24.75,3354,15027034.0,2.400611230676662e-05
2024-05-24,11:56:15,7.701,26.81,24.75,3355,15027034.0,2.396774694678868e-05
2024-05-24,11:56:15,7.7067,26.81,24.75,3355,15027034.0,2.396774694678868e-05
2024-05-24,11:56:15,7.7181,26.81,24.75,3355,15027033.0,2.396774694678868e-05
2024-05-24,11:56:15,7.7239,26.81,24.75,3355,15027034.0,2.396774694678868e-05
2024-05-24,11:56:15,7.7297,26.81,24.75,3356,15027034.0,2.392944290039733e-05
2024-05-24,11:56:15,7.7354,26.81,24.75,3356,15027034.0,2.392944290039733e-05
2024-05-24,11:56:15,7.7412,26.81,24.75,3356,15027034.0,2.392944290039733e-05
2024-05-24,11:56:15,7.7469,26.81,24.75,3356,15027034.0,2.392944290039733e-05
2024-05-24,11:56:15,7.7527,26.81,24.75,3355,15027034.0,2.396774694678868e-05
2024-05-24,11:56:15,7.7585,26.81,24.75,3355,15027034.0,2.396774694678868e-05
2024-05-24,11:56:15,7.7642,26.81,24.75,3355,15027034.0,2.396774694678868e-05
2024-05-24,11:56:15,7.77,26.81,24.75,3355,15027034.0,2.396774694678868e-05
2024-05-24,11:56:16,7.7757,26.81,24.75,3355,15027034.0,2.396774694678868e-05
2024-05-24,11:56:16,7.7815,26.81,24.75,3355,15027034.0,2.396774694678868e-05
2024-05-24,11:56:16,7.7873,26.81,24.75,3355,15027034.0,2.396774694678868e-05
2024-05-24,11:56:16,7.7929,26.81,24.75,3355,15027034.0,2.396774694678868e-05
2024-05-24,11:56:16,7.7986,26.81,24.75,3355,15027034.0,2.396774694678868e-05
2024-05-24,11:56:16,7.8045,26.81,24.75,3355,15027033.0,2.396774694678868e-05
2024-05-24,11:56:16,7.8103,26.81,24.75,3355,15027034.0,2.396774694678868e-05
2024-05-24,11:56:16,7.8161,26.81,24.75,3355,15027034.0,2.396774694678868e-05
2024-05-24,11:56:16,7.8217,26.81,24.75,3355,15027033.0,2.396774694678868e-05
2024-05-24,11:56:16,7.8273,26.81,24.75,3355,15027033.0,2.396774694678868e-05
2024-05-24,11:56:16,7.8332,26.81,24.75,3355,15027034.0,2.396774694678868e-05
2024-05-24,11:56:16,7.8391,26.81,24.75,3355,15027034.0,2.396774694678868e-05
2024-05-24,11:56:16,7.8447,26.81,24.75,3355,15027033.0,2.396774694678868e-05
2024-05-24,11:56:16,7.8504,26.81,24.75,3355,15027033.0,2.396774694678868e-05
2024-05-24,11:56:16,7.8561,26.81,24.75,3355,15027033.0,2.396774694678868e-05
2024-05-24,11:56:16,7.862,26.81,24.75,3354,15027033.0,2.400611230676662e-05
2024-05-24,11:56:16,7.8678,26.81,24.75,3354,15027034.0,2.400611230676662e-05
2024-05-24,11:56:16,7.8735,26.81,24.75,3355,15027034.0,2.396774694678868e-05
2024-05-24,11:56:16,7.8793,26.81,24.75,3355,15027033.0,2.396774694678868e-05
2024-05-24,11:56:16,7.885,26.81,24.75,3355,15027033.0,2.396774694678868e-05
2024-05-24,11:56:16,7.8908,26.81,24.75,3355,15027033.0,2.396774694678868e-05
2024-05-24,11:56:16,7.8966,26.81,24.75,3354,15027033.0,2.400611230676662e-05
2024-05-24,11:56:16,7.9023,26.81,24.75,3354,15027033.0,2.400611230676662e-05
2024-05-24,11:56:16,7.9081,26.81,24.75,3355,15027033.0,2.396774694678868e-05
2024-05-24,11:56:16,7.9138,26.81,24.75,3355,15027033.0,2.396774694678868e-05
2024-05-24,11:56:16,7.9195,26.81,24.75,3354,15027033.0,2.400611230676662e-05
2024-05-24,11:56:16,7.9252,26.81,24.75,3354,15027033.0,2.400611230676662e-05
2024-05-24,11:56:16,7.9368,26.81,24.75,3354,15027033.0,2.400611230676662e-05
2024-05-24,11:56:16,7.9425,26.81,24.75,3355,15027033.0,2.396774694678868e-05
2024-05-24,11:56:16,7.9483,26.81,24.75,3355,15027033.0,2.396774694678868e-05
2024-05-24,11:56:16,7.954,26.81,24.75,3355,15027033.0,2.396774694678868e-05
2024-05-24,11:56:16,7.9598,26.81,24.75,3355,15027033.0,2.396774694678868e-05
2024-05-24,11:56:16,7.9656,26.81,24.75,3355,15027033.0,2.396774694678868e-05
2024-05-24,11:56:16,7.9713,26.81,24.75,3355,15027033.0,2.396774694678868e-05
2024-05-24,11:56:16,7.9771,26.81,24.75,3355,15027033.0,2.396774694678868e-05
2024-05-24,11:56:16,7.9828,26.81,24.75,3356,15027033.0,2.392944290039733e-05
2024-05-24,11:56:16,7.9886,26.81,24.75,3356,15027033.0,2.392944290039733e-05
2024-05-24,11:56:16,7.9944,26.81,24.75,3355,15027033.0,2.396774694678868e-05
2024-05-24,11:56:16,8.0001,26.81,24.75,3355,15027033.0,2.396774694678868e-05
2024-05-24,11:56:16,8.0059,26.81,24.75,3355,15027033.0,2.396774694678868e-05
2024-05-24,11:56:16,8.0116,26.81,24.75,3355,15027033.0,2.396774694678868e-05
2024-05-24,11:56:16,8.0173,26.81,24.75,3355,15027033.0,2.396774694678868e-05
2024-05-24,11:56:16,8.023,26.81,24.75,3355,15027033.0,2.396774694678868e-05
2024-05-24,11:56:16,8.0288,26.81,24.75,3355,15027033.0,2.396774694678868e-05
2024-05-24,11:56:16,8.0345,26.88,24.75,3355,15027033.0,2.396774694678868e-05
2024-05-24,11:56:16,8.0403,26.88,24.75,3355,15027033.0,2.396774694678868e-05
2024-05-24,11:56:16,8.0459,26.88,24.75,3355,15027033.0,2.396774694678868e-05
2024-05-24,11:56:16,8.0517,26.88,24.75,3355,15027033.0,2.396774694678868e-05
2024-05-24,11:56:16,8.0575,26.88,24.75,3355,15027033.0,2.396774694678868e-05
2024-05-24,11:56:16,8.0632,26.88,24.75,3356,15027033.0,2.392944290039733e-05
2024-05-24,11:56:16,8.069,26.88,24.75,3356,15027033.0,2.392944290039733e-05
2024-05-24,11:56:16,8.0747,26.88,24.75,3356,15027033.0,2.392944290039733e-05
2024-05-24,11:56:16,8.0805,26.88,24.75,3355,15027033.0,2.396774694678868e-05
2024-05-24,11:56:16,8.0863,26.88,24.75,3354,15027033.0,2.400611230676662e-05
2024-05-24,11:56:16,8.092,26.88,24.75,3355,15027033.0,2.396774694678868e-05
2024-05-24,11:56:16,8.0978,26.88,24.75,3355,15027033.0,2.396774694678868e-05
2024-05-24,11:56:16,8.1035,26.88,24.75,3354,15027033.0,2.400611230676662e-05
2024-05-24,11:56:16,8.1093,26.88,24.75,3354,15027033.0,2.400611230676662e-05
2024-05-24,11:56:16,8.1151,26.88,24.75,3355,15027033.0,2.396774694678868e-05
2024-05-24,11:56:16,8.1208,26.88,24.75,3355,15027033.0,2.396774694678868e-05
2024-05-24,11:56:16,8.1266,26.88,24.75,3355,15027032.0,2.396774694678868e-05
2024-05-24,11:56:16,8.1322,26.88,24.75,3355,15027033.0,2.396774694678868e-05
2024-05-24,11:56:16,8.1378,26.88,24.75,3354,15027033.0,2.400611230676662e-05
2024-05-24,11:56:16,8.1436,26.88,24.75,3354,15027033.0,2.400611230676662e-05
2024-05-24,11:56:16,8.1551,26.88,24.75,3354,15027033.0,2.400611230676662e-05
2024-05-24,11:56:16,8.1609,26.88,24.75,3355,15027033.0,2.396774694678868e-05
2024-05-24,11:56:16,8.1666,26.88,24.75,3355,15027033.0,2.396774694678868e-05
2024-05-24,11:56:16,8.1725,26.88,24.75,3355,15027033.0,2.396774694678868e-05
2024-05-24,11:56:16,8.1783,26.88,24.75,3355,15027033.0,2.396774694678868e-05
2024-05-24,11:56:16,8.1841,26.88,24.75,3355,15027033.0,2.396774694678868e-05
2024-05-24,11:56:16,8.1898,26.88,24.75,3355,15027032.0,2.396774694678868e-05
2024-05-24,11:56:16,8.1954,26.88,24.75,3355,15027033.0,2.396774694678868e-05
2024-05-24,11:56:16,8.2012,26.88,24.75,3355,15027033.0,2.396774694678868e-05
2024-05-24,11:56:16,8.207,26.88,24.75,3354,15027033.0,2.400611230676662e-05
2024-05-24,11:56:16,8.2127,26.88,24.75,3354,15027033.0,2.400611230676662e-05
2024-05-24,11:56:16,8.2185,26.88,24.75,3354,15027033.0,2.400611230676662e-05
2024-05-24,11:56:16,8.2242,26.88,24.75,3354,15027033.0,2.400611230676662e-05
2024-05-24,11:56:16,8.23,26.88,24.75,3355,15027033.0,2.396774694678868e-05
2024-05-24,11:56:16,8.2358,26.88,24.75,3355,15027033.0,2.396774694678868e-05
2024-05-24,11:56:16,8.2415,26.88,24.75,3355,15027033.0,2.396774694678868e-05
2024-05-24,11:56:16,8.2473,26.88,24.75,3355,15027033.0,2.396774694678868e-05
2024-05-24,11:56:16,8.253,26.88,24.75,3355,15027033.0,2.396774694678868e-05
2024-05-24,11:56:16,8.2588,26.88,24.75,3355,15027033.0,2.396774694678868e-05
2024-05-24,11:56:16,8.2646,26.88,24.75,3355,15027033.0,2.396774694678868e-05
2024-05-24,11:56:16,8.2703,26.88,24.75,3355,15027032.0,2.396774694678868e-05
2024-05-24,11:56:16,8.2761,26.88,24.75,3354,15027033.0,2.400611230676662e-05
2024-05-24,11:56:16,8.2818,26.88,24.75,3354,15027033.0,2.400611230676662e-05
2024-05-24,11:56:16,8.2876,26.88,24.75,3354,15027033.0,2.400611230676662e-05
2024-05-24,11:56:16,8.2934,26.88,24.75,3355,15027033.0,2.396774694678868e-05
2024-05-24,11:56:16,8.2991,26.88,24.75,3355,15027033.0,2.396774694678868e-05
2024-05-24,11:56:16,8.3048,26.88,24.75,3354,15027033.0,2.400611230676662e-05
2024-05-24,11:56:16,8.3105,26.88,24.75,3355,15027033.0,2.396774694678868e-05
2024-05-24,11:56:16,8.3163,26.88,24.75,3355,15027033.0,2.396774694678868e-05
2024-05-24,11:56:16,8.3219,26.88,24.75,3355,15027033.0,2.396774694678868e-05
2024-05-24,11:56:16,8.3277,26.88,24.75,3355,15027032.0,2.396774694678868e-05
2024-05-24,11:56:16,8.3334,26.88,24.75,3355,15027032.0,2.396774694678868e-05
2024-05-24,11:56:16,8.3392,26.88,24.75,3355,15027032.0,2.396774694678868e-05
2024-05-24,11:56:16,8.3449,26.88,24.75,3355,15027032.0,2.396774694678868e-05
2024-05-24,11:56:16,8.3507,26.88,24.75,3355,15027033.0,2.396774694678868e-05
2024-05-24,11:56:16,8.3622,26.88,24.75,3354,15027032.0,2.400611230676662e-05
2024-05-24,11:56:16,8.368,26.88,24.75,3355,15027032.0,2.396774694678868e-05
2024-05-24,11:56:16,8.3736,26.88,24.75,3355,15027033.0,2.396774694678868e-05
2024-05-24,11:56:16,8.3794,26.88,24.75,3354,15027032.0,2.400611230676662e-05
2024-05-24,11:56:16,8.3851,26.88,24.75,3354,15027032.0,2.400611230676662e-05
2024-05-24,11:56:16,8.3909,26.88,24.75,3355,15027032.0,2.396774694678868e-05
2024-05-24,11:56:16,8.3967,26.88,24.75,3356,15027032.0,2.392944290039733e-05
2024-05-24,11:56:16,8.4023,26.88,24.75,3356,15027032.0,2.392944290039733e-05
2024-05-24,11:56:16,8.4081,26.88,24.75,3355,15027032.0,2.396774694678868e-05
2024-05-24,11:56:16,8.4138,26.88,24.75,3355,15027032.0,2.396774694678868e-05
2024-05-24,11:56:16,8.4196,26.88,24.75,3356,15027032.0,2.392944290039733e-05
2024-05-24,11:56:16,8.4253,26.88,24.75,3356,15027032.0,2.392944290039733e-05
2024-05-24,11:56:16,8.4311,26.88,24.75,3356,15027032.0,2.392944290039733e-05
2024-05-24,11:56:16,8.4369,26.88,24.75,3356,15027032.0,2.392944290039733e-05
2024-05-24,11:56:16,8.4426,26.88,24.75,3356,15027032.0,2.392944290039733e-05
2024-05-24,11:56:16,8.4484,26.88,24.75,3356,15027032.0,2.392944290039733e-05
2024-05-24,11:56:16,8.4541,26.88,24.75,3355,15027032.0,2.396774694678868e-05
2024-05-24,11:56:16,8.4599,26.88,24.75,3355,15027032.0,2.396774694678868e-05
2024-05-24,11:56:16,8.4657,26.88,24.75,3355,15027032.0,2.396774694678868e-05
2024-05-24,11:56:16,8.4714,26.88,24.75,3355,15027032.0,2.396774694678868e-05
2024-05-24,11:56:16,8.4772,26.88,24.75,3355,15027032.0,2.396774694678868e-05
2024-05-24,11:56:16,8.4829,26.88,24.75,3354,15027032.0,2.400611230676662e-05
2024-05-24,11:56:16,8.4887,26.88,24.75,3354,15027032.0,2.400611230676662e-05
2024-05-24,11:56:16,8.4945,26.88,24.75,3355,15027032.0,2.396774694678868e-05
2024-05-24,11:56:16,8.5001,26.88,24.75,3355,15027032.0,2.396774694678868e-05
2024-05-24,11:56:16,8.5058,26.88,24.75,3354,15027033.0,2.400611230676662e-05
2024-05-24,11:56:16,8.5116,26.88,24.75,3354,15027032.0,2.400611230676662e-05
2024-05-24,11:56:16,8.5172,26.88,24.75,3355,15027032.0,2.396774694678868e-05
2024-05-24,11:56:16,8.523,26.88,24.75,3355,15027032.0,2.396774694678868e-05
2024-05-24,11:56:16,8.5288,26.88,24.75,3354,15027032.0,2.400611230676662e-05
2024-05-24,11:56:16,8.5345,26.88,24.75,3355,15027033.0,2.396774694678868e-05
2024-05-24,11:56:16,8.5403,26.88,24.75,3356,15027032.0,2.392944290039733e-05
2024-05-24,11:56:16,8.546,26.88,24.75,3355,15027032.0,2.396774694678868e-05
2024-05-24,11:56:16,8.5518,26.88,24.75,3354,15027032.0,2.400611230676662e-05
2024-05-24,11:56:16,8.5576,26.88,24.75,3354,15027032.0,2.400611230676662e-05
2024-05-24,11:56:16,8.5633,26.88,24.75,3355,15027032.0,2.396774694678868e-05
2024-05-24,11:56:16,8.5747,26.88,24.75,3355,15027032.0,2.396774694678868e-05
2024-05-24,11:56:16,8.5805,26.88,24.75,3355,15027032.0,2.396774694678868e-05
2024-05-24,11:56:16,8.5862,26.88,24.75,3355,15027032.0,2.396774694678868e-05
2024-05-24,11:56:16,8.5921,26.88,24.75,3356,15027032.0,2.392944290039733e-05
2024-05-24,11:56:16,8.5979,26.88,24.75,3355,15027032.0,2.396774694678868e-05
2024-05-24,11:56:16,8.6036,26.88,24.75,3354,15027032.0,2.400611230676662e-05
2024-05-24,11:56:16,8.6094,26.88,24.75,3354,15027032.0,2.400611230676662e-05
2024-05-24,11:56:16,8.6152,26.88,24.75,3354,15027032.0,2.400611230676662e-05
2024-05-24,11:56:16,8.6209,26.88,24.75,3355,15027032.0,2.396774694678868e-05
2024-05-24,11:56:16,8.6267,26.88,24.75,3355,15027032.0,2.396774694678868e-05
2024-05-24,11:56:16,8.6324,26.88,24.75,3355,15027032.0,2.396774694678868e-05
2024-05-24,11:56:16,8.6382,26.88,24.75,3355,15027032.0,2.396774694678868e-05
2024-05-24,11:56:16,8.644,26.88,24.75,3355,15027032.0,2.396774694678868e-05
2024-05-24,11:56:16,8.6496,26.88,24.75,3355,15027032.0,2.396774694678868e-05
2024-05-24,11:56:16,8.6553,26.88,24.75,3355,15027032.0,2.396774694678868e-05
2024-05-24,11:56:16,8.6611,26.88,24.75,3355,15027032.0,2.396774694678868e-05
2024-05-24,11:56:16,8.6669,26.88,24.75,3355,15027031.0,2.396774694678868e-05
2024-05-24,11:56:16,8.6728,26.88,24.75,3356,15027032.0,2.392944290039733e-05
2024-05-24,11:56:16,8.6785,26.88,24.75,3356,15027032.0,2.392944290039733e-05
2024-05-24,11:56:16,8.6843,26.88,24.75,3355,15027032.0,2.396774694678868e-05
2024-05-24,11:56:16,8.69,26.88,24.75,3355,15027032.0,2.396774694678868e-05
2024-05-24,11:56:16,8.6958,26.88,24.75,3355,15027032.0,2.396774694678868e-05
2024-05-24,11:56:16,8.7014,26.88,24.75,3355,15027032.0,2.396774694678868e-05
2024-05-24,11:56:16,8.7072,26.88,24.75,3355,15027032.0,2.396774694678868e-05
2024-05-24,11:56:16,8.7131,26.88,24.75,3355,15027032.0,2.396774694678868e-05
2024-05-24,11:56:16,8.7187,26.88,24.75,3355,15027032.0,2.396774694678868e-05
2024-05-24,11:56:16,8.7243,26.88,24.75,3354,15027032.0,2.400611230676662e-05
2024-05-24,11:56:16,8.7301,26.88,24.75,3354,15027032.0,2.400611230676662e-05
2024-05-24,11:56:16,8.7359,26.88,24.75,3355,15027032.0,2.396774694678868e-05
2024-05-24,11:56:16,8.7416,26.88,24.75,3356,15027032.0,2.392944290039733e-05
2024-05-24,11:56:16,8.7474,26.88,24.75,3355,15027032.0,2.396774694678868e-05
2024-05-24,11:56:16,8.7531,26.88,24.75,3354,15027032.0,2.400611230676662e-05
2024-05-24,11:56:16,8.7589,26.88,24.75,3355,15027032.0,2.396774694678868e-05
2024-05-24,11:56:16,8.7647,26.88,24.75,3355,15027032.0,2.396774694678868e-05
2024-05-24,11:56:17,8.7704,26.88,24.75,3355,15027032.0,2.396774694678868e-05
2024-05-24,11:56:17,8.7762,26.88,24.75,3355,15027032.0,2.396774694678868e-05
2024-05-24,11:56:17,8.7876,26.88,24.75,3355,15027031.0,2.396774694678868e-05
2024-05-24,11:56:17,8.7933,26.88,24.75,3354,15027032.0,2.400611230676662e-05
2024-05-24,11:56:17,8.7991,26.88,24.75,3354,15027032.0,2.400611230676662e-05
2024-05-24,11:56:17,8.8047,26.88,24.75,3355,15027032.0,2.396774694678868e-05
2024-05-24,11:56:17,8.8105,26.88,24.75,3356,15027032.0,2.392944290039733e-05
2024-05-24,11:56:17,8.8162,26.88,24.75,3356,15027032.0,2.392944290039733e-05
2024-05-24,11:56:17,8.822,26.88,24.75,3355,15027032.0,2.396774694678868e-05
2024-05-24,11:56:17,8.8278,26.88,24.75,3355,15027032.0,2.396774694678868e-05
2024-05-24,11:56:17,8.8335,26.88,24.75,3355,15027032.0,2.396774694678868e-05
2024-05-24,11:56:17,8.8393,26.88,24.75,3355,15027032.0,2.396774694678868e-05
2024-05-24,11:56:17,8.845,26.88,24.75,3355,15027032.0,2.396774694678868e-05
2024-05-24,11:56:17,8.8508,26.88,24.75,3354,15027032.0,2.400611230676662e-05
2024-05-24,11:56:17,8.8566,26.88,24.75,3354,15027032.0,2.400611230676662e-05
2024-05-24,11:56:17,8.8623,26.88,24.75,3355,15027032.0,2.396774694678868e-05
2024-05-24,11:56:17,8.8681,26.88,24.75,3356,15027032.0,2.392944290039733e-05
2024-05-24,11:56:17,8.8738,26.88,24.75,3356,15027032.0,2.392944290039733e-05
2024-05-24,11:56:17,8.8796,26.88,24.75,3355,15027032.0,2.396774694678868e-05
2024-05-24,11:56:17,8.8854,26.88,24.75,3355,15027032.0,2.396774694678868e-05
2024-05-24,11:56:17,8.8911,26.88,24.75,3355,15027032.0,2.396774694678868e-05
2024-05-24,11:56:17,8.8969,26.88,24.75,3355,15027032.0,2.396774694678868e-05
2024-05-24,11:56:17,8.9026,26.88,24.75,3355,15027032.0,2.396774694678868e-05
2024-05-24,11:56:17,8.9084,26.88,24.75,3355,15027032.0,2.396774694678868e-05
2024-05-24,11:56:17,8.9142,26.88,24.75,3356,15027032.0,2.392944290039733e-05
2024-05-24,11:56:17,8.9199,26.88,24.75,3356,15027032.0,2.392944290039733e-05
2024-05-24,11:56:17,8.9257,26.88,24.75,3355,15027032.0,2.396774694678868e-05
2024-05-24,11:56:17,8.9314,26.88,24.75,3355,15027032.0,2.396774694678868e-05
2024-05-24,11:56:17,8.9372,26.88,24.75,3355,15027032.0,2.396774694678868e-05
2024-05-24,11:56:17,8.943,26.88,24.75,3355,15027032.0,2.396774694678868e-05
2024-05-24,11:56:17,8.9487,26.88,24.75,3355,15027032.0,2.396774694678868e-05
2024-05-24,11:56:17,8.9545,26.88,24.75,3355,15027032.0,2.396774694678868e-05
2024-05-24,11:56:17,8.9602,26.88,24.75,3355,15027032.0,2.396774694678868e-05
2024-05-24,11:56:17,8.966,26.88,24.75,3354,15027032.0,2.400611230676662e-05
2024-05-24,11:56:17,8.9718,26.88,24.75,3354,15027032.0,2.400611230676662e-05
2024-05-24,11:56:17,8.9775,26.88,24.75,3354,15027032.0,2.400611230676662e-05
2024-05-24,11:56:17,8.9833,26.88,24.75,3354,15027032.0,2.400611230676662e-05
2024-05-24,11:56:17,8.989,26.88,24.75,3354,15027032.0,2.400611230676662e-05
2024-05-24,11:56:17,8.9948,26.88,24.75,3354,15027032.0,2.400611230676662e-05
2024-05-24,11:56:17,9.0063,26.88,24.75,3354,15027031.0,2.400611230676662e-05
2024-05-24,11:56:17,9.0121,26.88,24.75,3355,15027032.0,2.396774694678868e-05
2024-05-24,11:56:17,9.0177,26.88,24.75,3355,15027032.0,2.396774694678868e-05
2024-05-24,11:56:17,9.0235,26.88,24.75,3355,15027032.0,2.396774694678868e-05
2024-05-24,11:56:17,9.0292,26.88,24.75,3355,15027032.0,2.396774694678868e-05
2024-05-24,11:56:17,9.035,26.88,24.75,3355,15027032.0,2.396774694678868e-05
2024-05-24,11:56:17,9.0408,26.88,24.75,3355,15027032.0,2.396774694678868e-05
2024-05-24,11:56:17,9.0465,26.81,24.75,3355,15027032.0,2.396774694678868e-05
2024-05-24,11:56:17,9.0523,26.81,24.75,3355,15027032.0,2.396774694678868e-05
2024-05-24,11:56:17,9.058,26.81,24.75,3355,15027031.0,2.396774694678868e-05
2024-05-24,11:56:17,9.0639,26.81,24.75,3355,15027031.0,2.396774694678868e-05
2024-05-24,11:56:17,9.0697,26.81,24.75,3355,15027031.0,2.396774694678868e-05
2024-05-24,11:56:17,9.0754,26.81,24.75,3355,15027031.0,2.396774694678868e-05
2024-05-24,11:56:17,9.0811,26.81,24.75,3355,15027031.0,2.396774694678868e-05
2024-05-24,11:56:17,9.0868,26.81,24.75,3355,15027032.0,2.396774694678868e-05
2024-05-24,11:56:17,9.0927,26.81,24.75,3355,15027032.0,2.396774694678868e-05
2024-05-24,11:56:17,9.0985,26.81,24.75,3355,15027032.0,2.396774694678868e-05
2024-05-24,11:56:17,9.1042,26.81,24.75,3355,15027031.0,2.396774694678868e-05
2024-05-24,11:56:17,9.1099,26.81,24.75,3356,15027031.0,2.392944290039733e-05
2024-05-24,11:56:17,9.1156,26.81,24.75,3356,15027031.0,2.392944290039733e-05
2024-05-24,11:56:17,9.1215,26.81,24.75,3355,15027031.0,2.396774694678868e-05
2024-05-24,11:56:17,9.1273,26.81,24.75,3355,15027031.0,2.396774694678868e-05
2024-05-24,11:56:17,9.1329,26.81,24.75,3355,15027032.0,2.396774694678868e-05
2024-05-24,11:56:17,9.1387,26.81,24.75,3354,15027032.0,2.400611230676662e-05
2024-05-24,11:56:17,9.1446,26.81,24.75,3354,15027032.0,2.400611230676662e-05
2024-05-24,11:56:17,9.1503,26.81,24.75,3354,15027032.0,2.400611230676662e-05
2024-05-24,11:56:17,9.156,26.81,24.75,3354,15027032.0,2.400611230676662e-05
2024-05-24,11:56:17,9.1617,26.81,24.75,3355,15027031.0,2.396774694678868e-05
2024-05-24,11:56:17,9.1676,26.81,24.75,3355,15027031.0,2.396774694678868e-05
2024-05-24,11:56:17,9.1734,26.81,24.75,3354,15027031.0,2.400611230676662e-05
2024-05-24,11:56:17,9.179,26.81,24.75,3355,15027032.0,2.396774694678868e-05
2024-05-24,11:56:17,9.1848,26.81,24.75,3355,15027032.0,2.396774694678868e-05
2024-05-24,11:56:17,9.1905,26.81,24.75,3354,15027032.0,2.400611230676662e-05
2024-05-24,11:56:17,9.1961,26.81,24.75,3355,15027031.0,2.396774694678868e-05
2024-05-24,11:56:17,9.2019,26.81,24.75,3355,15027031.0,2.396774694678868e-05
2024-05-24,11:56:17,9.2077,26.81,24.75,3355,15027031.0,2.396774694678868e-05
2024-05-24,11:56:17,9.2134,26.81,24.75,3355,15027031.0,2.396774694678868e-05
2024-05-24,11:56:17,9.2192,26.81,24.75,3354,15027031.0,2.400611230676662e-05
2024-05-24,11:56:17,9.2307,26.81,24.75,3354,15027032.0,2.400611230676662e-05
2024-05-24,11:56:17,9.2365,26.81,24.75,3354,15027032.0,2.400611230676662e-05
2024-05-24,11:56:17,9.2422,26.81,24.75,3354,15027032.0,2.400611230676662e-05
2024-05-24,11:56:17,9.248,26.81,24.75,3354,15027031.0,2.400611230676662e-05
2024-05-24,11:56:17,9.2537,26.81,24.75,3354,15027031.0,2.400611230676662e-05
2024-05-24,11:56:17,9.2595,26.81,24.75,3355,15027031.0,2.396774694678868e-05
2024-05-24,11:56:17,9.2653,26.81,24.75,3355,15027032.0,2.396774694678868e-05
2024-05-24,11:56:17,9.271,26.81,24.75,3354,15027031.0,2.400611230676662e-05
2024-05-24,11:56:17,9.2768,26.81,24.75,3355,15027031.0,2.396774694678868e-05
2024-05-24,11:56:17,9.2825,26.81,24.75,3355,15027031.0,2.396774694678868e-05
2024-05-24,11:56:17,9.2883,26.81,24.75,3354,15027031.0,2.400611230676662e-05
2024-05-24,11:56:17,9.2941,26.81,24.75,3354,15027032.0,2.400611230676662e-05
2024-05-24,11:56:17,9.2998,26.81,24.75,3355,15027031.0,2.396774694678868e-05
2024-05-24,11:56:17,9.3056,26.81,24.75,3355,15027031.0,2.396774694678868e-05
2024-05-24,11:56:17,9.3113,26.81,24.75,3355,15027031.0,2.396774694678868e-05
2024-05-24,11:56:17,9.3171,26.81,24.75,3355,15027031.0,2.396774694678868e-05
2024-05-24,11:56:17,9.3229,26.81,24.75,3355,15027031.0,2.396774694678868e-05
2024-05-24,11:56:17,9.3286,26.81,24.75,3355,15027031.0,2.396774694678868e-05
2024-05-24,11:56:17,9.3344,26.81,24.75,3355,15027031.0,2.396774694678868e-05
2024-05-24,11:56:17,9.3401,26.81,24.75,3355,15027031.0,2.396774694678868e-05
2024-05-24,11:56:17,9.3459,26.81,24.75,3355,15027031.0,2.396774694678868e-05
2024-05-24,11:56:17,9.3517,26.81,24.75,3355,15027031.0,2.396774694678868e-05
2024-05-24,11:56:17,9.3574,26.81,24.75,3354,15027031.0,2.400611230676662e-05
2024-05-24,11:56:17,9.3632,26.81,24.75,3354,15027031.0,2.400611230676662e-05
2024-05-24,11:56:17,9.3689,26.81,24.75,3354,15027031.0,2.400611230676662e-05
2024-05-24,11:56:17,9.3747,26.81,24.75,3354,15027031.0,2.400611230676662e-05
2024-05-24,11:56:17,9.3805,26.81,24.75,3354,15027031.0,2.400611230676662e-05
2024-05-24,11:56:17,9.3862,26.81,24.75,3354,15027031.0,2.400611230676662e-05
2024-05-24,11:56:17,9.392,26.81,24.75,3354,15027031.0,2.400611230676662e-05
2024-05-24,11:56:17,9.3977,26.81,24.75,3354,15027031.0,2.400611230676662e-05
2024-05-24,11:56:17,9.4035,26.81,24.75,3354,15027031.0,2.400611230676662e-05
2024-05-24,11:56:17,9.4093,26.81,24.75,3354,15027031.0,2.400611230676662e-05
2024-05-24,11:56:17,9.415,26.81,24.75,3355,15027031.0,2.396774694678868e-05
2024-05-24,11:56:17,9.4207,26.81,24.75,3355,15027031.0,2.396774694678868e-05
2024-05-24,11:56:17,9.4264,26.81,24.75,3355,15027031.0,2.396774694678868e-05
2024-05-24,11:56:17,9.4322,26.81,24.75,3355,15027031.0,2.396774694678868e-05
2024-05-24,11:56:17,9.4378,26.81,24.75,3355,15027031.0,2.396774694678868e-05
2024-05-24,11:56:17,9.4436,26.81,24.75,3355,15027031.0,2.396774694678868e-05
2024-05-24,11:56:17,9.4551,26.81,24.75,3355,15027030.0,2.396774694678868e-05
2024-05-24,11:56:17,9.461,26.81,24.75,3355,15027030.0,2.396774694678868e-05
2024-05-24,11:56:17,9.4667,26.81,24.75,3355,15027031.0,2.396774694678868e-05
2024-05-24,11:56:17,9.4724,26.81,24.75,3355,15027031.0,2.396774694678868e-05
2024-05-24,11:56:17,9.4781,26.81,24.75,3355,15027031.0,2.396774694678868e-05
2024-05-24,11:56:17,9.4839,26.81,24.75,3354,15027031.0,2.400611230676662e-05
2024-05-24,11:56:17,9.4897,26.81,24.75,3354,15027031.0,2.400611230676662e-05
2024-05-24,11:56:17,9.4954,26.81,24.75,3355,15027031.0,2.396774694678868e-05
2024-05-24,11:56:17,9.5012,26.81,24.75,3355,15027030.0,2.396774694678868e-05
2024-05-24,11:56:17,9.5069,26.81,24.75,3354,15027031.0,2.400611230676662e-05
2024-05-24,11:56:17,9.5127,26.81,24.75,3354,15027031.0,2.400611230676662e-05
2024-05-24,11:56:17,9.5185,26.81,24.75,3354,15027031.0,2.400611230676662e-05
2024-05-24,11:56:17,9.5242,26.81,24.75,3354,15027031.0,2.400611230676662e-05
2024-05-24,11:56:17,9.53,26.81,24.75,3355,15027031.0,2.396774694678868e-05
2024-05-24,11:56:17,9.5357,26.81,24.75,3355,15027031.0,2.396774694678868e-05
2024-05-24,11:56:17,9.5415,26.81,24.75,3355,15027031.0,2.396774694678868e-05
2024-05-24,11:56:17,9.5473,26.81,24.75,3356,15027031.0,2.392944290039733e-05
2024-05-24,11:56:17,9.553,26.88,24.75,3356,15027031.0,2.392944290039733e-05
2024-05-24,11:56:17,9.5586,26.88,24.75,3356,15027030.0,2.392944290039733e-05
2024-05-24,11:56:17,9.5644,26.88,24.75,3356,15027030.0,2.392944290039733e-05
2024-05-24,11:56:17,9.5702,26.88,24.75,3356,15027031.0,2.392944290039733e-05
2024-05-24,11:56:17,9.5758,26.88,24.75,3356,15027031.0,2.392944290039733e-05
2024-05-24,11:56:17,9.5816,26.88,24.75,3355,15027031.0,2.396774694678868e-05
2024-05-24,11:56:17,9.5873,26.88,24.75,3355,15027031.0,2.396774694678868e-05
2024-05-24,11:56:17,9.5931,26.88,24.75,3355,15027030.0,2.396774694678868e-05
2024-05-24,11:56:17,9.5988,26.88,24.75,3355,15027030.0,2.396774694678868e-05
2024-05-24,11:56:17,9.6046,26.88,24.75,3356,15027031.0,2.392944290039733e-05
2024-05-24,11:56:17,9.6104,26.88,24.75,3356,15027030.0,2.392944290039733e-05
2024-05-24,11:56:17,9.6161,26.88,24.75,3355,15027030.0,2.396774694678868e-05
2024-05-24,11:56:17,9.6219,26.88,24.75,3354,15027031.0,2.400611230676662e-05
2024-05-24,11:56:17,9.6276,26.88,24.75,3354,15027031.0,2.400611230676662e-05
2024-05-24,11:56:17,9.6334,26.88,24.75,3355,15027030.0,2.396774694678868e-05
2024-05-24,11:56:17,9.6392,26.88,24.75,3355,15027031.0,2.396774694678868e-05
2024-05-24,11:56:17,9.6449,26.88,24.75,3354,15027030.0,2.400611230676662e-05
2024-05-24,11:56:17,9.6507,26.88,24.75,3354,15027031.0,2.400611230676662e-05
2024-05-24,11:56:17,9.6621,26.88,24.75,3354,15027030.0,2.400611230676662e-05
2024-05-24,11:56:17,9.6677,26.88,24.75,3355,15027031.0,2.396774694678868e-05
2024-05-24,11:56:17,9.6735,26.88,24.75,3355,15027031.0,2.396774694678868e-05
2024-05-24,11:56:17,9.6792,26.88,24.75,3354,15027031.0,2.400611230676662e-05
2024-05-24,11:56:17,9.685,26.88,24.75,3354,15027031.0,2.400611230676662e-05
2024-05-24,11:56:17,9.6907,26.88,24.75,3354,15027031.0,2.400611230676662e-05
2024-05-24,11:56:17,9.6965,26.88,24.75,3355,15027031.0,2.396774694678868e-05
2024-05-24,11:56:17,9.7023,26.88,24.75,3356,15027030.0,2.392944290039733e-05
2024-05-24,11:56:17,9.708,26.88,24.75,3355,15027030.0,2.396774694678868e-05
2024-05-24,11:56:17,9.7138,26.88,24.75,3355,15027030.0,2.396774694678868e-05
2024-05-24,11:56:17,9.7195,26.88,24.75,3355,15027030.0,2.396774694678868e-05
2024-05-24,11:56:17,9.7253,26.88,24.75,3355,15027031.0,2.396774694678868e-05
2024-05-24,11:56:17,9.7311,26.88,24.75,3355,15027030.0,2.396774694678868e-05
2024-05-24,11:56:17,9.7368,26.88,24.75,3355,15027030.0,2.396774694678868e-05
2024-05-24,11:56:17,9.7426,26.88,24.75,3355,15027030.0,2.396774694678868e-05
2024-05-24,11:56:17,9.7483,26.88,24.75,3355,15027030.0,2.396774694678868e-05
2024-05-24,11:56:17,9.754,26.88,24.75,3355,15027030.0,2.396774694678868e-05
2024-05-24,11:56:17,9.7597,26.88,24.75,3355,15027030.0,2.396774694678868e-05
2024-05-24,11:56:17,9.7655,26.88,24.75,3355,15027030.0,2.396774694678868e-05
2024-05-24,11:56:17,9.7713,26.88,24.75,3355,15027030.0,2.396774694678868e-05
2024-05-24,11:56:18,9.777,26.88,24.75,3356,15027031.0,2.392944290039733e-05
2024-05-24,11:56:18,9.7826,26.88,24.75,3355,15027031.0,2.396774694678868e-05
2024-05-24,11:56:18,9.7884,26.88,24.75,3354,15027030.0,2.400611230676662e-05
2024-05-24,11:56:18,9.7942,26.88,24.75,3354,15027030.0,2.400611230676662e-05
2024-05-24,11:56:18,9.7999,26.88,24.75,3354,15027030.0,2.400611230676662e-05
2024-05-24,11:56:18,9.8057,26.88,24.75,3354,15027030.0,2.400611230676662e-05
2024-05-24,11:56:18,9.8114,26.88,24.75,3354,15027031.0,2.400611230676662e-05
2024-05-24,11:56:18,9.8172,26.88,24.75,3354,15027031.0,2.400611230676662e-05
2024-05-24,11:56:18,9.823,26.88,24.75,3354,15027030.0,2.400611230676662e-05
2024-05-24,11:56:18,9.8287,26.88,24.75,3355,15027030.0,2.396774694678868e-05
2024-05-24,11:56:18,9.8345,26.88,24.75,3355,15027030.0,2.396774694678868e-05
2024-05-24,11:56:18,9.8402,26.88,24.75,3355,15027030.0,2.396774694678868e-05
2024-05-24,11:56:18,9.8459,26.88,24.75,3355,15027030.0,2.396774694678868e-05
2024-05-24,11:56:18,9.8516,26.88,24.75,3355,15027030.0,2.396774694678868e-05
2024-05-24,11:56:18,9.8574,26.88,24.75,3356,15027031.0,2.392944290039733e-05
2024-05-24,11:56:18,9.8688,26.88,24.75,3353,15027030.0,2.404453907847634e-05
2024-05-24,11:56:18,9.8745,26.88,24.75,3353,15027031.0,2.404453907847634e-05
2024-05-24,11:56:18,9.8804,26.88,24.75,3354,15027031.0,2.400611230676662e-05
2024-05-24,11:56:18,9.8862,26.88,24.75,3355,15027030.0,2.396774694678868e-05
2024-05-24,11:56:18,9.8918,26.88,24.75,3355,15027030.0,2.396774694678868e-05
2024-05-24,11:56:18,9.8977,26.88,24.75,3355,15027030.0,2.396774694678868e-05
2024-05-24,11:56:18,9.9035,26.88,24.75,3355,15027030.0,2.396774694678868e-05
2024-05-24,11:56:18,9.9091,26.88,24.75,3354,15027030.0,2.400611230676662e-05
2024-05-24,11:56:18,9.9149,26.88,24.75,3354,15027031.0,2.400611230676662e-05
2024-05-24,11:56:18,9.9208,26.88,24.75,3355,15027030.0,2.396774694678868e-05
2024-05-24,11:56:18,9.9265,26.88,24.75,3355,15027030.0,2.396774694678868e-05
2024-05-24,11:56:18,9.9321,26.88,24.75,3355,15027030.0,2.396774694678868e-05
2024-05-24,11:56:18,9.9379,26.88,24.75,3355,15027030.0,2.396774694678868e-05
2024-05-24,11:56:18,9.9437,26.88,24.75,3355,15027030.0,2.396774694678868e-05
2024-05-24,11:56:18,9.9494,26.88,24.75,3355,15027031.0,2.396774694678868e-05
2024-05-24,11:56:18,9.9552,26.88,24.75,3354,15027031.0,2.400611230676662e-05
2024-05-24,11:56:18,9.9609,26.88,24.75,3354,15027031.0,2.400611230676662e-05
2024-05-24,11:56:18,9.9668,26.88,24.75,3354,15027031.0,2.400611230676662e-05
2024-05-24,11:56:18,9.9726,26.88,24.75,3355,15027031.0,2.396774694678868e-05
2024-05-24,11:56:18,9.9782,26.88,24.75,3356,15027031.0,2.392944290039733e-05
2024-05-24,11:56:18,9.984,26.88,24.75,3356,15027031.0,2.392944290039733e-05
2024-05-24,11:56:18,9.9897,26.88,24.75,3355,15027031.0,2.396774694678868e-05
2024-05-24,11:56:18,9.9955,26.88,24.75,3354,15027031.0,2.400611230676662e-05
2024-05-24,11:56:18,10.0013,26.88,24.75,3355,15027031.0,2.396774694678868e-05
2024-05-24,11:56:18,10.007,26.88,24.75,3356,15027031.0,2.392944290039733e-05
2024-05-24,11:56:18,10.0128,26.88,24.75,3356,15027031.0,2.392944290039733e-05
2024-05-24,11:56:18,10.0185,26.88,24.75,3355,15027031.0,2.396774694678868e-05
2024-05-24,11:56:18,10.0242,26.88,24.75,3354,15027031.0,2.400611230676662e-05
2024-05-24,11:56:18,10.0298,26.88,24.75,3354,15027031.0,2.400611230676662e-05
2024-05-24,11:56:18,10.0357,26.88,24.75,3355,15027030.0,2.396774694678868e-05
2024-05-24,11:56:18,10.0416,26.88,24.75,3355,15027031.0,2.396774694678868e-05
2024-05-24,11:56:18,10.0473,26.88,24.75,3354,15027031.0,2.400611230676662e-05
2024-05-24,11:56:18,10.053,26.88,24.75,3354,15027031.0,2.400611230676662e-05
2024-05-24,11:56:18,10.0587,26.88,24.75,3355,15027030.0,2.396774694678868e-05
2024-05-24,11:56:18,10.0645,26.88,24.75,3355,15027031.0,2.396774694678868e-05
2024-05-24,11:56:18,10.0701,26.88,24.75,3355,15027030.0,2.396774694678868e-05
2024-05-24,11:56:18,10.0759,26.88,24.75,3356,15027031.0,2.392944290039733e-05
2024-05-24,11:56:18,10.0874,26.88,24.75,3355,15027030.0,2.396774694678868e-05
2024-05-24,11:56:18,10.0933,26.88,24.75,3354,15027030.0,2.400611230676662e-05
2024-05-24,11:56:18,10.0991,26.88,24.75,3354,15027030.0,2.400611230676662e-05
2024-05-24,11:56:18,10.1047,26.88,24.75,3354,15027030.0,2.400611230676662e-05
2024-05-24,11:56:18,10.1105,26.88,24.75,3354,15027031.0,2.400611230676662e-05
2024-05-24,11:56:18,10.1162,26.88,24.75,3355,15027031.0,2.396774694678868e-05
2024-05-24,11:56:18,10.122,26.88,24.75,3355,15027031.0,2.396774694678868e-05
2024-05-24,11:56:18,10.1277,26.88,24.75,3354,15027031.0,2.400611230676662e-05
2024-05-24,11:56:18,10.1335,26.88,24.75,3354,15027031.0,2.400611230676662e-05
2024-05-24,11:56:18,10.1393,26.88,24.75,3355,15027030.0,2.396774694678868e-05
2024-05-24,11:56:18,10.145,26.88,24.75,3355,15027031.0,2.396774694678868e-05
2024-05-24,11:56:18,10.1508,26.88,24.75,3355,15027031.0,2.396774694678868e-05
2024-05-24,11:56:18,10.1565,26.88,24.75,3355,15027031.0,2.396774694678868e-05
2024-05-24,11:56:18,10.1623,26.88,24.75,3355,15027031.0,2.396774694678868e-05
2024-05-24,11:56:18,10.1681,26.88,24.75,3356,15027031.0,2.392944290039733e-05
2024-05-24,11:56:18,10.1738,26.88,24.75,3356,15027031.0,2.392944290039733e-05
2024-05-24,11:56:18,10.1796,26.88,24.75,3355,15027031.0,2.396774694678868e-05
2024-05-24,11:56:18,10.1853,26.88,24.75,3355,15027031.0,2.396774694678868e-05
2024-05-24,11:56:18,10.191,26.88,24.75,3355,15027031.0,2.396774694678868e-05
2024-05-24,11:56:18,10.1967,26.88,24.75,3354,15027031.0,2.400611230676662e-05
2024-05-24,11:56:18,10.2025,26.88,24.75,3354,15027031.0,2.400611230676662e-05
2024-05-24,11:56:18,10.2082,26.88,24.75,3354,15027031.0,2.400611230676662e-05
2024-05-24,11:56:18,10.214,26.88,24.75,3354,15027031.0,2.400611230676662e-05
2024-05-24,11:56:18,10.2196,26.88,24.75,3354,15027031.0,2.400611230676662e-05
2024-05-24,11:56:18,10.2254,26.88,24.75,3354,15027031.0,2.400611230676662e-05
2024-05-24,11:56:18,10.2312,26.88,24.75,3355,15027030.0,2.396774694678868e-05
2024-05-24,11:56:18,10.2369,26.88,24.75,3355,15027031.0,2.396774694678868e-05
2024-05-24,11:56:18,10.2427,26.88,24.75,3354,15027030.0,2.400611230676662e-05
2024-05-24,11:56:18,10.2484,26.88,24.75,3354,15027031.0,2.400611230676662e-05
2024-05-24,11:56:18,10.2542,26.88,24.75,3355,15027031.0,2.396774694678868e-05
2024-05-24,11:56:18,10.26,26.88,24.75,3356,15027031.0,2.392944290039733e-05
2024-05-24,11:56:18,10.2657,26.88,24.75,3356,15027030.0,2.392944290039733e-05
2024-05-24,11:56:18,10.2715,26.88,24.75,3346,15027027.0,2.431525428617974e-05
2024-05-24,11:56:18,10.2772,26.88,24.75,3327,15027024.0,2.506551594562326e-05
2024-05-24,11:56:18,10.283,26.88,24.75,3314,15027018.0,2.559214835353161e-05
2024-05-24,11:56:18,10.2888,26.88,24.75,3313,15027018.0,2.5633113905545e-05
2024-05-24,11:56:18,10.2945,26.88,24.75,3313,15027017.0,2.5633113905545e-05
2024-05-24,11:56:18,10.306,26.88,24.75,3313,15027017.0,2.5633113905545e-05
2024-05-24,11:56:18,10.3119,26.88,24.75,3313,15027018.0,2.5633113905545e-05
2024-05-24,11:56:18,10.3178,26.88,24.75,3313,15027018.0,2.5633113905545e-05
2024-05-24,11:56:18,10.3236,26.88,24.75,3312,15027017.0,2.567414503143785e-05
2024-05-24,11:56:18,10.3293,26.88,24.75,3312,15027016.0,2.567414503143785e-05
2024-05-24,11:56:18,10.3352,26.88,24.75,3312,15027015.0,2.567414503143785e-05
2024-05-24,11:56:18,10.341,26.88,24.75,3311,15027013.0,2.571524183617484e-05
2024-05-24,11:56:18,10.3467,26.88,24.75,3311,15027012.0,2.571524183617484e-05
2024-05-24,11:56:18,10.3526,26.88,24.75,3311,15027011.0,2.571524183617484e-05
2024-05-24,11:56:18,10.3584,26.88,24.75,3311,15027010.0,2.571524183617484e-05
2024-05-24,11:56:18,10.3641,26.88,24.75,3311,15027008.0,2.571524183617484e-05
2024-05-24,11:56:18,10.37,26.88,24.75,3311,15027007.0,2.571524183617484e-05
2024-05-24,11:56:18,10.3759,26.88,24.75,3312,15027005.0,2.567414503143785e-05
2024-05-24,11:56:18,10.3817,26.88,24.75,3312,15027003.0,2.567414503143785e-05
2024-05-24,11:56:18,10.3874,26.88,24.75,3312,15027002.0,2.567414503143785e-05
2024-05-24,11:56:18,10.3933,26.88,24.75,3312,15027001.0,2.567414503143785e-05
2024-05-24,11:56:18,10.3992,26.88,24.75,3311,15026999.0,2.571524183617484e-05
2024-05-24,11:56:18,10.405,26.88,24.75,3311,15026998.0,2.571524183617484e-05
2024-05-24,11:56:18,10.4107,26.88,24.75,3312,15026996.0,2.567414503143785e-05
2024-05-24,11:56:18,10.4166,26.88,24.75,3312,15026995.0,2.567414503143785e-05
2024-05-24,11:56:18,10.4225,26.88,24.75,3312,15026993.0,2.567414503143785e-05
2024-05-24,11:56:18,10.4284,26.88,24.75,3312,15026992.0,2.567414503143785e-05
2024-05-24,11:56:18,10.4342,26.88,24.75,3311,15026991.0,2.571524183617484e-05
2024-05-24,11:56:18,10.4399,26.88,24.75,3311,15026990.0,2.571524183617484e-05
2024-05-24,11:56:18,10.4458,26.88,24.75,3312,15026988.0,2.567414503143785e-05
2024-05-24,11:56:18,10.4517,26.88,24.75,3312,15026986.0,2.567414503143785e-05
2024-05-24,11:56:18,10.4576,26.88,24.75,3311,15026985.0,2.571524183617484e-05
2024-05-24,11:56:18,10.4633,26.88,24.75,3311,15026984.0,2.571524183617484e-05
2024-05-24,11:56:18,10.4691,26.88,24.75,3311,15026983.0,2.571524183617484e-05
2024-05-24,11:56:18,10.475,26.88,24.75,3311,15026981.0,2.571524183617484e-05
2024-05-24,11:56:18,10.4809,26.88,24.75,3311,15026980.0,2.571524183617484e-05
2024-05-24,11:56:18,10.4866,26.88,24.75,3311,15026978.0,2.571524183617484e-05
2024-05-24,11:56:18,10.4924,26.88,24.75,3311,15026977.0,2.571524183617484e-05
2024-05-24,11:56:18,10.4982,26.88,24.75,3311,15026976.0,2.571524183617484e-05
2024-05-24,11:56:18,10.5039,26.88,24.75,3311,15026974.0,2.571524183617484e-05
2024-05-24,11:56:18,10.5098,26.88,24.75,3311,15026973.0,2.571524183617484e-05
2024-05-24,11:56:18,10.5157,26.88,24.75,3311,15026972.0,2.571524183617484e-05
2024-05-24,11:56:18,10.5216,26.88,24.75,3311,15026970.0,2.571524183617484e-05
2024-05-24,11:56:18,10.5275,26.88,24.75,3312,15026969.0,2.567414503143785e-05
2024-05-24,11:56:18,10.5332,26.88,24.75,3311,15026968.0,2.571524183617484e-05
2024-05-24,11:56:18,10.539,26.88,24.75,3310,15026967.0,2.575640442488854e-05
2024-05-24,11:56:18,10.5448,26.88,24.75,3311,15026965.0,2.571524183617484e-05
2024-05-24,11:56:18,10.5505,26.88,24.75,3310,15026963.0,2.575640442488854e-05
2024-05-24,11:56:18,10.5564,26.88,24.75,3309,15026962.0,2.579763290287992e-05
2024-05-24,11:56:18,10.5623,26.88,24.75,3309,15026960.0,2.579763290287992e-05
2024-05-24,11:56:18,10.5682,26.88,24.75,3309,15026959.0,2.579763290287992e-05
2024-05-24,11:56:18,10.5739,26.88,24.75,3308,15026957.0,2.583892737561843e-05
2024-05-24,11:56:18,10.5797,26.88,24.75,3307,15026956.0,2.588028794874243e-05
2024-05-24,11:56:18,10.5856,26.88,24.75,3307,15026955.0,2.588028794874243e-05
2024-05-24,11:56:18,10.5915,26.88,24.75,3306,15026954.0,2.592171472805926e-05
2024-05-24,11:56:18,10.5974,26.88,24.75,3307,15026953.0,2.588028794874243e-05
2024-05-24,11:56:18,10.6031,26.88,24.75,3307,15026951.0,2.588028794874243e-05
2024-05-24,11:56:18,10.6089,26.88,24.75,3306,15026950.0,2.592171472805926e-05
2024-05-24,11:56:18,10.6148,26.88,24.75,3305,15026950.0,2.596320781954575e-05
2024-05-24,11:56:18,10.6207,26.88,24.75,3306,15026949.0,2.592171472805926e-05
2024-05-24,11:56:18,10.6264,26.88,24.75,3308,15026947.0,2.583892737561843e-05
2024-05-24,11:56:18,10.6322,26.88,24.75,3307,15026946.0,2.588028794874243e-05
2024-05-24,11:56:18,10.6381,26.88,24.75,3307,15026945.0,2.588028794874243e-05
2024-05-24,11:56:18,10.644,26.88,24.75,3307,15026944.0,2.588028794874243e-05
2024-05-24,11:56:18,10.6497,26.88,24.75,3308,15026942.0,2.583892737561843e-05
2024-05-24,11:56:18,10.6555,26.88,24.75,3308,15026941.0,2.583892737561843e-05
2024-05-24,11:56:18,10.6612,26.88,24.75,3308,15026940.0,2.583892737561843e-05
2024-05-24,11:56:18,10.667,26.88,24.75,3308,15026939.0,2.583892737561843e-05
2024-05-24,11:56:18,10.6729,26.88,24.75,3308,15026938.0,2.583892737561843e-05
2024-05-24,11:56:18,10.6788,26.88,24.75,3309,15026937.0,2.579763290287992e-05
2024-05-24,11:56:18,10.6845,26.88,24.75,3308,15026936.0,2.583892737561843e-05
2024-05-24,11:56:18,10.6903,26.88,24.75,3308,15026935.0,2.583892737561843e-05
2024-05-24,11:56:18,10.6962,26.88,24.75,3309,15026934.0,2.579763290287992e-05
2024-05-24,11:56:18,10.7078,26.88,24.75,3307,15026931.0,2.588028794874243e-05
2024-05-24,11:56:18,10.7136,26.88,24.75,3307,15026930.0,2.588028794874243e-05
2024-05-24,11:56:18,10.7195,26.88,24.75,3307,15026929.0,2.588028794874243e-05
2024-05-24,11:56:18,10.7254,26.88,24.75,3307,15026928.0,2.588028794874243e-05
2024-05-24,11:56:18,10.7311,26.88,24.75,3307,15026927.0,2.588028794874243e-05
2024-05-24,11:56:18,10.7369,26.88,24.75,3307,15026925.0,2.588028794874243e-05
2024-05-24,11:56:18,10.7428,26.88,24.75,3307,15026924.0,2.588028794874243e-05
2024-05-24,11:56:18,10.7487,26.88,24.75,3307,15026923.0,2.588028794874243e-05
2024-05-24,11:56:18,10.7545,26.88,24.75,3307,15026922.0,2.588028794874243e-05
2024-05-24,11:56:18,10.7604,26.88,24.75,3307,15026921.0,2.588028794874243e-05
2024-05-24,11:56:18,10.7662,26.88,24.75,3307,15026920.0,2.588028794874243e-05
2024-05-24,11:56:18,10.772,26.88,24.75,3306,15026918.0,2.592171472805926e-05
2024-05-24,11:56:19,10.7778,26.88,24.75,3306,15026917.0,2.592171472805926e-05
2024-05-24,11:56:19,10.7837,26.88,24.75,3306,15026916.0,2.592171472805926e-05
2024-05-24,11:56:19,10.7895,26.88,24.75,3306,15026915.0,2.592171472805926e-05
2024-05-24,11:56:19,10.7953,26.88,24.75,3307,15026914.0,2.588028794874243e-05
2024-05-24,11:56:19,10.8011,26.88,24.75,3307,15026913.0,2.588028794874243e-05
2024-05-24,11:56:19,10.807,26.88,24.75,3307,15026912.0,2.588028794874243e-05
2024-05-24,11:56:19,10.8129,26.88,24.75,3307,15026911.0,2.588028794874243e-05
2024-05-24,11:56:19,10.8187,26.88,24.75,3307,15026909.0,2.588028794874243e-05
2024-05-24,11:56:19,10.8244,26.88,24.75,3307,15026908.0,2.588028794874243e-05
2024-05-24,11:56:19,10.8303,26.88,24.75,3306,15026907.0,2.592171472805926e-05
2024-05-24,11:56:19,10.8361,26.88,24.75,3306,15026906.0,2.592171472805926e-05
2024-05-24,11:56:19,10.842,26.88,24.75,3307,15026905.0,2.588028794874243e-05
2024-05-24,11:56:19,10.8479,26.88,24.75,3307,15026904.0,2.588028794874243e-05
2024-05-24,11:56:19,10.8536,26.88,24.75,3307,15026903.0,2.588028794874243e-05
2024-05-24,11:56:19,10.8595,26.88,24.75,3307,15026902.0,2.588028794874243e-05
2024-05-24,11:56:19,10.8654,26.88,24.75,3307,15026901.0,2.588028794874243e-05
2024-05-24,11:56:19,10.8712,26.88,24.75,3306,15026900.0,2.592171472805926e-05
2024-05-24,11:56:19,10.877,26.88,24.75,3306,15026899.0,2.592171472805926e-05
2024-05-24,11:56:19,10.8829,26.88,24.75,3307,15026898.0,2.588028794874243e-05
2024-05-24,11:56:19,10.8887,26.88,24.75,3306,15026897.0,2.592171472805926e-05
2024-05-24,11:56:19,10.8945,26.88,24.75,3306,15026896.0,2.592171472805926e-05
2024-05-24,11:56:19,10.9003,26.88,24.75,3307,15026895.0,2.588028794874243e-05
2024-05-24,11:56:19,10.9062,26.88,24.75,3307,15026894.0,2.588028794874243e-05
2024-05-24,11:56:19,10.912,26.88,24.75,3307,15026893.0,2.588028794874243e-05
2024-05-24,11:56:19,10.9179,26.88,24.75,3307,15026892.0,2.588028794874243e-05
2024-05-24,11:56:19,10.9238,26.88,24.75,3306,15026891.0,2.592171472805926e-05
2024-05-24,11:56:19,10.9295,26.88,24.75,3306,15026890.0,2.592171472805926e-05
2024-05-24,11:56:19,10.9353,26.88,24.75,3307,15026889.0,2.588028794874243e-05
2024-05-24,11:56:19,10.9412,26.88,24.75,3307,15026888.0,2.588028794874243e-05
2024-05-24,11:56:19,10.9471,26.88,24.75,3307,15026887.0,2.588028794874243e-05
2024-05-24,11:56:19,10.9528,26.88,24.75,3307,15026886.0,2.588028794874243e-05
2024-05-24,11:56:19,10.9586,26.88,24.75,3306,15026885.0,2.592171472805926e-05
2024-05-24,11:56:19,10.9645,26.88,24.75,3306,15026884.0,2.592171472805926e-05
2024-05-24,11:56:19,10.9704,26.88,24.75,3307,15026883.0,2.588028794874243e-05
2024-05-24,11:56:19,10.9761,26.88,24.75,3307,15026882.0,2.588028794874243e-05
2024-05-24,11:56:19,10.982,26.88,24.75,3306,15026881.0,2.592171472805926e-05
2024-05-24,11:56:19,10.9879,26.88,24.75,3305,15026880.0,2.596320781954575e-05
2024-05-24,11:56:19,10.9937,26.88,24.75,3305,15026879.0,2.596320781954575e-05
2024-05-24,11:56:19,10.9995,26.88,24.75,3305,15026878.0,2.596320781954575e-05
2024-05-24,11:56:19,11.0054,26.88,24.75,3305,15026877.0,2.596320781954575e-05
2024-05-24,11:56:19,11.0112,26.88,24.75,3305,15026876.0,2.596320781954575e-05
2024-05-24,11:56:19,11.0169,26.88,24.75,3305,15026875.0,2.596320781954575e-05
2024-05-24,11:56:19,11.0228,26.88,24.75,3305,15026874.0,2.596320781954575e-05
2024-05-24,11:56:19,11.0287,26.88,24.75,3304,15026873.0,2.600476732934825e-05
2024-05-24,11:56:19,11.0345,26.88,24.75,3304,15026872.0,2.600476732934825e-05
2024-05-24,11:56:19,11.0402,26.88,24.75,3305,15026871.0,2.596320781954575e-05
2024-05-24,11:56:19,11.0461,26.88,24.75,3305,15026870.0,2.596320781954575e-05
2024-05-24,11:56:19,11.052,26.88,24.75,3305,15026869.0,2.596320781954575e-05
2024-05-24,11:56:19,11.0578,26.88,24.75,3305,15026869.0,2.596320781954575e-05
2024-05-24,11:56:19,11.0635,26.88,24.75,3305,15026868.0,2.596320781954575e-05
2024-05-24,11:56:19,11.0694,26.88,24.75,3304,15026867.0,2.600476732934825e-05
2024-05-24,11:56:19,11.0753,26.88,24.75,3304,15026866.0,2.600476732934825e-05
2024-05-24,11:56:19,11.0812,26.88,24.75,3304,15026865.0,2.600476732934825e-05
2024-05-24,11:56:19,11.0871,26.88,24.75,3304,15026864.0,2.600476732934825e-05
2024-05-24,11:56:19,11.0929,26.88,24.75,3305,15026863.0,2.596320781954575e-05
2024-05-24,11:56:19,11.0986,26.88,24.75,3304,15026862.0,2.600476732934825e-05
2024-05-24,11:56:19,11.1045,26.88,24.75,3304,15026861.0,2.600476732934825e-05
2024-05-24,11:56:19,11.1104,26.88,24.75,3304,15026860.0,2.600476732934825e-05
2024-05-24,11:56:19,11.1161,26.88,24.75,3304,15026859.0,2.600476732934825e-05
2024-05-24,11:56:19,11.1219,26.88,24.75,3304,15026858.0,2.600476732934825e-05
2024-05-24,11:56:19,11.1278,26.88,24.75,3303,15026857.0,2.604639336378313e-05
2024-05-24,11:56:19,11.1337,26.88,24.75,3304,15026857.0,2.600476732934825e-05
2024-05-24,11:56:19,11.1394,26.88,24.75,3304,15026856.0,2.600476732934825e-05
2024-05-24,11:56:19,11.1452,26.88,24.75,3303,15026855.0,2.604639336378313e-05
2024-05-24,11:56:19,11.1511,26.88,24.75,3303,15026854.0,2.604639336378313e-05
2024-05-24,11:56:19,11.157,26.88,24.75,3303,15026853.0,2.604639336378313e-05
2024-05-24,11:56:19,11.1685,26.88,24.75,3303,15026851.0,2.604639336378313e-05
2024-05-24,11:56:19,11.1743,26.88,24.75,3303,15026850.0,2.604639336378313e-05
2024-05-24,11:56:19,11.1801,26.88,24.75,3303,15026849.0,2.604639336378313e-05
2024-05-24,11:56:19,11.186,26.88,24.75,3303,15026849.0,2.604639336378313e-05
2024-05-24,11:56:19,11.1918,26.88,24.75,3303,15026848.0,2.604639336378313e-05
2024-05-24,11:56:19,11.1977,26.88,24.75,3303,15026847.0,2.604639336378313e-05
2024-05-24,11:56:19,11.2036,26.88,24.75,3303,15026846.0,2.604639336378313e-05
2024-05-24,11:56:19,11.2095,26.88,24.75,3303,15026846.0,2.604639336378313e-05
2024-05-24,11:56:19,11.2153,26.88,24.75,3303,15026844.0,2.604639336378313e-05
2024-05-24,11:56:19,11.2211,26.88,24.75,3303,15026844.0,2.604639336378313e-05
2024-05-24,11:56:19,11.2269,26.88,24.75,3303,15026843.0,2.604639336378313e-05
2024-05-24,11:56:19,11.2328,26.88,24.75,3302,15026842.0,2.608808602933685e-05
2024-05-24,11:56:19,11.2386,26.88,24.75,3302,15026841.0,2.608808602933685e-05
2024-05-24,11:56:19,11.2444,26.88,24.75,3303,15026841.0,2.604639336378313e-05
2024-05-24,11:56:19,11.2502,26.88,24.75,3303,15026840.0,2.604639336378313e-05
2024-05-24,11:56:19,11.2561,26.88,24.75,3303,15026839.0,2.604639336378313e-05
2024-05-24,11:56:19,11.2619,26.88,24.75,3303,15026839.0,2.604639336378313e-05
2024-05-24,11:56:19,11.2677,26.88,24.75,3303,15026838.0,2.604639336378313e-05
2024-05-24,11:56:19,11.2735,26.88,24.75,3303,15026837.0,2.604639336378313e-05
2024-05-24,11:56:19,11.2793,26.88,24.75,3303,15026836.0,2.604639336378313e-05
2024-05-24,11:56:19,11.2852,26.88,24.75,3302,15026835.0,2.608808602933685e-05
2024-05-24,11:56:19,11.2911,26.88,24.75,3302,15026835.0,2.608808602933685e-05
2024-05-24,11:56:19,11.297,26.88,24.75,3303,15026834.0,2.604639336378313e-05
2024-05-24,11:56:19,11.3028,26.88,24.75,3301,15026834.0,2.61298454326664e-05
2024-05-24,11:56:19,11.3085,26.88,24.75,3300,15026834.0,2.617167168059942e-05
2024-05-24,11:56:19,11.3144,26.88,24.75,3301,15026833.0,2.61298454326664e-05
2024-05-24,11:56:19,11.3203,26.88,24.75,3301,15026833.0,2.61298454326664e-05
2024-05-24,11:56:19,11.3261,26.88,24.75,3301,15026833.0,2.61298454326664e-05
2024-05-24,11:56:19,11.3318,26.88,24.75,3300,15026832.0,2.617167168059942e-05
2024-05-24,11:56:19,11.3377,26.88,24.75,3300,15026831.0,2.617167168059942e-05
2024-05-24,11:56:19,11.3436,26.88,24.75,3300,15026831.0,2.617167168059942e-05
2024-05-24,11:56:19,11.3495,26.88,24.75,3301,15026830.0,2.61298454326664e-05
2024-05-24,11:56:19,11.3554,26.88,24.75,3299,15026828.0,2.621356488013463e-05
2024-05-24,11:56:19,11.3613,26.88,24.75,3298,15026828.0,2.625552513844194e-05
2024-05-24,11:56:19,11.3672,26.88,24.75,3299,15026828.0,2.621356488013463e-05
2024-05-24,11:56:19,11.3729,26.88,24.75,3298,15026828.0,2.625552513844194e-05
2024-05-24,11:56:19,11.3787,26.88,24.75,3298,15026828.0,2.625552513844194e-05
2024-05-24,11:56:19,11.3846,26.88,24.75,3297,15026827.0,2.62975525628629e-05
2024-05-24,11:56:19,11.3905,26.88,24.75,3297,15026827.0,2.62975525628629e-05
2024-05-24,11:56:19,11.3963,26.88,24.75,3297,15026826.0,2.62975525628629e-05
2024-05-24,11:56:19,11.4022,26.88,24.75,3294,15026825.0,2.642403890880146e-05
2024-05-24,11:56:19,11.408,26.88,24.75,3292,15026825.0,2.650870094566748e-05
2024-05-24,11:56:19,11.4137,26.88,24.75,3292,15026825.0,2.650870094566748e-05
2024-05-24,11:56:19,11.4196,26.88,24.75,3292,15026824.0,2.650870094566748e-05
2024-05-24,11:56:19,11.4255,26.88,24.75,3291,15026823.0,2.655113363058303e-05
2024-05-24,11:56:19,11.4313,26.88,24.75,3288,15026823.0,2.667883965438242e-05
2024-05-24,11:56:19,11.4372,26.88,24.75,3285,15026822.0,2.680715992044892e-05
2024-05-24,11:56:19,11.4432,26.88,24.75,3284,15026822.0,2.685007035097948e-05
2024-05-24,11:56:19,11.4489,26.88,24.75,3282,15026822.0,2.693609738317374e-05
2024-05-24,11:56:19,11.4547,26.88,24.75,3281,15026822.0,2.697921420490927e-05
2024-05-24,11:56:19,11.4606,26.88,24.75,3281,15026822.0,2.697921420490927e-05
2024-05-24,11:56:19,11.4665,26.88,24.75,3281,15026822.0,2.697921420490927e-05
2024-05-24,11:56:19,11.4724,26.88,24.75,3281,15026822.0,2.697921420490927e-05
2024-05-24,11:56:19,11.4784,26.88,24.75,3280,15026822.0,2.702240004407852e-05
2024-05-24,11:56:19,11.4843,26.88,24.75,3279,15026822.0,2.706565501115829e-05
2024-05-24,11:56:19,11.49,26.88,24.75,3280,15026822.0,2.702240004407852e-05
2024-05-24,11:56:19,11.4959,26.88,24.75,3280,15026821.0,2.702240004407852e-05
2024-05-24,11:56:19,11.5018,26.88,24.75,3279,15026821.0,2.706565501115829e-05
2024-05-24,11:56:19,11.5077,26.88,24.75,3279,15026821.0,2.706565501115829e-05
2024-05-24,11:56:19,11.5136,26.88,24.75,3279,15026821.0,2.706565501115829e-05
2024-05-24,11:56:19,11.5195,26.88,24.75,3279,15026822.0,2.706565501115829e-05
2024-05-24,11:56:19,11.5252,26.88,24.75,3278,15026821.0,2.710897921680211e-05
2024-05-24,11:56:19,11.5311,26.88,24.75,3277,15026821.0,2.715237277184076e-05
2024-05-24,11:56:19,11.5371,26.88,24.75,3277,15026821.0,2.715237277184076e-05
2024-05-24,11:56:19,11.543,26.88,24.75,3276,15026820.0,2.719583578728228e-05
2024-05-24,11:56:19,11.5489,26.88,24.75,3275,15026820.0,2.723936837431255e-05
2024-05-24,11:56:19,11.5548,26.88,24.75,3275,15026820.0,2.723936837431255e-05
2024-05-24,11:56:19,11.5607,26.88,24.75,3275,15026820.0,2.723936837431255e-05
2024-05-24,11:56:19,11.5666,26.88,24.75,3275,15026820.0,2.723936837431255e-05
2024-05-24,11:56:19,11.5725,26.88,24.75,3275,15026820.0,2.723936837431255e-05
2024-05-24,11:56:19,11.5784,26.88,24.75,3274,15026819.0,2.728297064429532e-05
2024-05-24,11:56:19,11.5842,26.88,24.75,3273,15026819.0,2.732664270877265e-05
2024-05-24,11:56:19,11.5901,26.88,24.75,3272,15026819.0,2.73703846794651e-05
2024-05-24,11:56:19,11.596,26.88,24.75,3273,15026819.0,2.732664270877265e-05
2024-05-24,11:56:19,11.6019,26.88,24.75,3274,15026819.0,2.728297064429532e-05
2024-05-24,11:56:19,11.6078,26.88,24.75,3273,15026819.0,2.732664270877265e-05
2024-05-24,11:56:19,11.6137,26.88,24.75,3273,15026819.0,2.732664270877265e-05
2024-05-24,11:56:19,11.6196,26.88,24.75,3273,15026819.0,2.732664270877265e-05
2024-05-24,11:56:19,11.6255,26.88,24.75,3271,15026818.0,2.741419666827216e-05
2024-05-24,11:56:19,11.6313,26.88,24.75,3270,15026818.0,2.74580787872723e-05
2024-05-24,11:56:19,11.6372,26.88,24.75,3270,15026818.0,2.74580787872723e-05
2024-05-24,11:56:19,11.6431,26.88,24.75,3270,15026817.0,2.74580787872723e-05
2024-05-24,11:56:19,11.649,26.88,24.75,3269,15026817.0,2.750203114872354e-05
2024-05-24,11:56:19,11.655,26.88,24.75,3269,15026817.0,2.750203114872354e-05
2024-05-24,11:56:19,11.661,26.88,24.75,3268,15026816.0,2.754605386506345e-05
2024-05-24,11:56:19,11.6669,26.88,24.75,3268,15026816.0,2.754605386506345e-05
2024-05-24,11:56:19,11.6728,26.88,24.75,3268,15026816.0,2.754605386506345e-05
2024-05-24,11:56:19,11.6787,26.88,24.75,3268,15026816.0,2.754605386506345e-05
2024-05-24,11:56:19,11.6846,26.88,24.75,3269,15026817.0,2.750203114872354e-05
2024-05-24,11:56:19,11.6905,26.88,24.75,3268,15026817.0,2.754605386506345e-05
2024-05-24,11:56:19,11.6964,26.88,24.75,3268,15026817.0,2.754605386506345e-05
2024-05-24,11:56:19,11.7023,26.88,24.75,3268,15026816.0,2.754605386506345e-05
2024-05-24,11:56:19,11.7081,26.88,24.75,3267,15026816.0,2.759014704890972e-05
2024-05-24,11:56:19,11.7142,26.88,24.75,3267,15026816.0,2.759014704890972e-05
2024-05-24,11:56:19,11.7202,26.88,24.75,3265,15026815.0,2.767854527049332e-05
2024-05-24,11:56:19,11.7261,26.88,24.75,3264,15026816.0,2.772285053436838e-05
2024-05-24,11:56:19,11.732,26.88,24.75,3264,15026815.0,2.772285053436838e-05
2024-05-24,11:56:19,11.7378,26.88,24.75,3265,15026815.0,2.767854527049332e-05
2024-05-24,11:56:19,11.7437,26.88,24.75,3264,15026815.0,2.772285053436838e-05
2024-05-24,11:56:19,11.7496,26.88,24.75,3263,15026815.0,2.776722671802583e-05
2024-05-24,11:56:19,11.7555,26.88,24.75,3263,15026815.0,2.776722671802583e-05
2024-05-24,11:56:19,11.7615,26.88,24.75,3263,15026815.0,2.776722671802583e-05
2024-05-24,11:56:19,11.7675,26.88,24.75,3263,15026814.0,2.776722671802583e-05
2024-05-24,11:56:20,11.7734,26.88,24.75,3263,15026814.0,2.776722671802583e-05
2024-05-24,11:56:20,11.7793,26.88,24.75,3262,15026814.0,2.781167393498751e-05
2024-05-24,11:56:20,11.7853,26.88,24.75,3263,15026813.0,2.776722671802583e-05
2024-05-24,11:56:20,11.7912,26.88,24.75,3263,15026813.0,2.776722671802583e-05
2024-05-24,11:56:20,11.7971,26.88,24.75,3262,15026814.0,2.781167393498751e-05
2024-05-24,11:56:20,11.8031,26.88,24.75,3263,15026814.0,2.776722671802583e-05
2024-05-24,11:56:20,11.809,26.88,24.75,3262,15026814.0,2.781167393498751e-05
2024-05-24,11:56:20,11.8149,26.88,24.75,3261,15026814.0,2.785619229895698e-05
2024-05-24,11:56:20,11.8209,26.88,24.75,3261,15026814.0,2.785619229895698e-05
2024-05-24,11:56:20,11.8269,26.88,24.75,3261,15026814.0,2.785619229895698e-05
2024-05-24,11:56:20,11.8328,26.88,24.75,3261,15026814.0,2.785619229895698e-05
2024-05-24,11:56:20,11.8387,26.88,24.75,3261,15026813.0,2.785619229895698e-05
2024-05-24,11:56:20,11.8446,26.88,24.75,3261,15026813.0,2.785619229895698e-05
2024-05-24,11:56:20,11.8505,26.88,24.75,3260,15026813.0,2.79007819238198e-05
2024-05-24,11:56:20,11.8565,26.88,24.75,3261,15026812.0,2.785619229895698e-05
2024-05-24,11:56:20,11.8624,26.88,24.75,3261,15026812.0,2.785619229895698e-05
2024-05-24,11:56:20,11.8683,26.88,24.75,3260,15026812.0,2.79007819238198e-05
2024-05-24,11:56:20,11.8743,26.88,24.75,3260,15026812.0,2.79007819238198e-05
2024-05-24,11:56:20,11.8802,26.88,24.75,3259,15026812.0,2.794544292364388e-05
2024-05-24,11:56:20,11.8861,26.88,24.75,3259,15026812.0,2.794544292364388e-05
2024-05-24,11:56:20,11.892,26.88,24.75,3259,15026812.0,2.794544292364388e-05
2024-05-24,11:56:20,11.8978,26.88,24.75,3259,15026812.0,2.794544292364388e-05
2024-05-24,11:56:20,11.9039,26.88,24.75,3259,15026812.0,2.794544292364388e-05
2024-05-24,11:56:20,11.9099,26.88,24.75,3258,15026811.0,2.799017541267961e-05
2024-05-24,11:56:20,11.9158,26.88,24.75,3258,15026812.0,2.799017541267961e-05
2024-05-24,11:56:20,11.9217,26.88,24.75,3258,15026812.0,2.799017541267961e-05
2024-05-24,11:56:20,11.9277,26.88,24.75,3258,15026812.0,2.799017541267961e-05
2024-05-24,11:56:20,11.9337,26.88,24.75,3258,15026811.0,2.799017541267961e-05
2024-05-24,11:56:20,11.9396,26.88,24.75,3257,15026811.0,2.803497950536041e-05
2024-05-24,11:56:20,11.9455,26.88,24.75,3257,15026811.0,2.803497950536041e-05
2024-05-24,11:56:20,11.9515,26.88,24.75,3257,15026811.0,2.803497950536041e-05
2024-05-24,11:56:20,11.9575,26.88,24.75,3257,15026810.0,2.803497950536041e-05
2024-05-24,11:56:20,11.9634,26.88,24.75,3257,15026810.0,2.803497950536041e-05
2024-05-24,11:56:20,11.9693,26.88,24.75,3256,15026811.0,2.807985531630272e-05
2024-05-24,11:56:20,11.9752,26.88,24.75,3256,15026810.0,2.807985531630272e-05
2024-05-24,11:56:20,11.9812,26.88,24.75,3256,15026810.0,2.807985531630272e-05
2024-05-24,11:56:20,11.9872,26.88,24.75,3256,15026810.0,2.807985531630272e-05
2024-05-24,11:56:20,11.9931,26.88,24.75,3256,15026810.0,2.807985531630272e-05
2024-05-24,11:56:20,11.999,26.88,24.75,3255,15026810.0,2.812480296030659e-05
2024-05-24,11:56:20,12.0049,26.88,24.75,3255,15026809.0,2.812480296030659e-05
2024-05-24,11:56:20,12.0109,26.88,24.75,3256,15026809.0,2.807985531630272e-05
2024-05-24,11:56:20,12.0169,26.88,24.75,3256,15026810.0,2.807985531630272e-05
2024-05-24,11:56:20,12.0228,26.88,24.75,3255,15026810.0,2.812480296030659e-05
2024-05-24,11:56:20,12.0287,26.88,24.75,3254,15026809.0,2.816982255235571e-05
2024-05-24,11:56:20,12.0347,26.88,24.75,3254,15026809.0,2.816982255235571e-05
2024-05-24,11:56:20,12.0407,26.88,24.75,3254,15026809.0,2.816982255235571e-05
2024-05-24,11:56:20,12.0466,26.88,24.75,3254,15026809.0,2.816982255235571e-05
2024-05-24,11:56:20,12.0525,26.88,24.75,3254,15026808.0,2.816982255235571e-05
2024-05-24,11:56:20,12.0584,26.88,24.75,3253,15026808.0,2.821491420761792e-05
2024-05-24,11:56:20,12.0644,26.88,24.75,3252,15026808.0,2.826007804144532e-05
2024-05-24,11:56:20,12.0704,26.88,24.75,3252,15026808.0,2.826007804144532e-05
2024-05-24,11:56:20,12.0763,26.88,24.75,3252,15026809.0,2.826007804144532e-05
2024-05-24,11:56:20,12.0823,26.88,24.75,3253,15026808.0,2.821491420761792e-05
2024-05-24,11:56:20,12.0883,26.88,24.75,3253,15026808.0,2.821491420761792e-05
2024-05-24,11:56:20,12.0942,26.88,24.75,3252,15026808.0,2.826007804144532e-05
2024-05-24,11:56:20,12.1001,26.88,24.75,3253,15026808.0,2.821491420761792e-05
2024-05-24,11:56:20,12.106,26.88,24.75,3252,15026808.0,2.826007804144532e-05
2024-05-24,11:56:20,12.112,26.88,24.75,3251,15026808.0,2.830531416937475e-05
2024-05-24,11:56:20,12.118,26.88,24.75,3251,15026808.0,2.830531416937475e-05
2024-05-24,11:56:20,12.1239,26.88,24.75,3251,15026808.0,2.830531416937475e-05
2024-05-24,11:56:20,12.1298,26.88,24.75,3251,15026808.0,2.830531416937475e-05
2024-05-24,11:56:20,12.1358,26.88,24.75,3250,15026807.0,2.835062270712792e-05
2024-05-24,11:56:20,12.1418,26.88,24.75,3250,15026807.0,2.835062270712792e-05
2024-05-24,11:56:20,12.1477,26.88,24.75,3250,15026807.0,2.835062270712792e-05
2024-05-24,11:56:20,12.1537,26.88,24.75,3250,15026807.0,2.835062270712792e-05
2024-05-24,11:56:20,12.1597,26.88,24.75,3251,15026807.0,2.830531416937475e-05
2024-05-24,11:56:20,12.1656,26.88,24.75,3251,15026807.0,2.830531416937475e-05
2024-05-24,11:56:20,12.1715,26.88,24.75,3250,15026806.0,2.835062270712792e-05
2024-05-24,11:56:20,12.1775,26.88,24.75,3249,15026806.0,2.839600377061182e-05
2024-05-24,11:56:20,12.1835,26.88,24.75,3249,15026807.0,2.839600377061182e-05
2024-05-24,11:56:20,12.1896,26.88,24.75,3249,15026807.0,2.839600377061182e-05
2024-05-24,11:56:20,12.1956,26.88,24.75,3248,15026806.0,2.844145747591892e-05
2024-05-24,11:56:20,12.2015,26.88,24.75,3248,15026806.0,2.844145747591892e-05
2024-05-24,11:56:20,12.2073,26.88,24.75,3248,15026806.0,2.844145747591892e-05
2024-05-24,11:56:20,12.2134,26.88,24.75,3248,15026806.0,2.844145747591892e-05
2024-05-24,11:56:20,12.2194,26.88,24.75,3248,15026806.0,2.844145747591892e-05
2024-05-24,11:56:20,12.2253,26.88,24.75,3248,15026805.0,2.844145747591892e-05
2024-05-24,11:56:20,12.2312,26.88,24.75,3248,15026805.0,2.844145747591892e-05
2024-05-24,11:56:20,12.2372,26.88,24.75,3248,15026805.0,2.844145747591892e-05
2024-05-24,11:56:20,12.2432,26.88,24.75,3248,15026805.0,2.844145747591892e-05
2024-05-24,11:56:20,12.2492,26.88,24.75,3247,15026806.0,2.848698393932761e-05
2024-05-24,11:56:20,12.2552,26.88,24.75,3246,15026805.0,2.853258327730228e-05
2024-05-24,11:56:20,12.2611,26.88,24.75,3246,15026805.0,2.853258327730228e-05
2024-05-24,11:56:20,12.2671,26.88,24.75,3246,15026805.0,2.853258327730228e-05
2024-05-24,11:56:20,12.2731,26.88,24.75,3246,15026805.0,2.853258327730228e-05
2024-05-24,11:56:20,12.279,26.88,24.75,3245,15026804.0,2.857825560649389e-05
2024-05-24,11:56:20,12.285,26.88,24.75,3245,15026804.0,2.857825560649389e-05
2024-05-24,11:56:20,12.2911,26.88,24.75,3246,15026804.0,2.853258327730228e-05
2024-05-24,11:56:20,12.2969,26.88,24.75,3246,15026804.0,2.853258327730228e-05
2024-05-24,11:56:20,12.3028,26.88,24.75,3246,15026804.0,2.853258327730228e-05
2024-05-24,11:56:20,12.3089,26.88,24.75,3246,15026804.0,2.853258327730228e-05
2024-05-24,11:56:20,12.3149,26.88,24.75,3245,15026803.0,2.857825560649389e-05
2024-05-24,11:56:20,12.3209,26.88,24.75,3244,15026803.0,2.862400104373998e-05
2024-05-24,11:56:20,12.3268,26.88,24.75,3243,15026803.0,2.866981970606527e-05
2024-05-24,11:56:20,12.3327,26.88,24.75,3243,15026803.0,2.866981970606527e-05
2024-05-24,11:56:20,12.3387,26.88,24.75,3244,15026803.0,2.862400104373998e-05
2024-05-24,11:56:20,12.3447,26.88,24.75,3244,15026803.0,2.862400104373998e-05
2024-05-24,11:56:20,12.3507,26.88,24.75,3244,15026803.0,2.862400104373998e-05
2024-05-24,11:56:20,12.3567,26.88,24.75,3243,15026803.0,2.866981970606527e-05
2024-05-24,11:56:20,12.3627,26.88,24.75,3242,15026802.0,2.871571171068163e-05
2024-05-24,11:56:20,12.3686,26.88,24.75,3242,15026802.0,2.871571171068163e-05
2024-05-24,11:56:20,12.3745,26.88,24.75,3242,15026802.0,2.871571171068163e-05
2024-05-24,11:56:20,12.3805,26.88,24.75,3243,15026802.0,2.866981970606527e-05
2024-05-24,11:56:20,12.3865,26.88,24.75,3243,15026802.0,2.866981970606527e-05
2024-05-24,11:56:20,12.3926,26.88,24.75,3242,15026802.0,2.871571171068163e-05
2024-05-24,11:56:20,12.3986,26.88,24.75,3241,15026802.0,2.876167717498871e-05
2024-05-24,11:56:20,12.4045,26.88,24.75,3241,15026802.0,2.876167717498871e-05
2024-05-24,11:56:20,12.4105,26.88,24.75,3242,15026802.0,2.871571171068163e-05
2024-05-24,11:56:20,12.4165,26.88,24.75,3242,15026802.0,2.871571171068163e-05
2024-05-24,11:56:20,12.4224,26.88,24.75,3241,15026801.0,2.876167717498871e-05
2024-05-24,11:56:20,12.4284,26.88,24.75,3241,15026801.0,2.876167717498871e-05
2024-05-24,11:56:20,12.4344,26.88,24.75,3241,15026801.0,2.876167717498871e-05
2024-05-24,11:56:20,12.4404,26.88,24.75,3241,15026801.0,2.876167717498871e-05
2024-05-24,11:56:20,12.4465,26.88,24.75,3240,15026801.0,2.880771621657395e-05
2024-05-24,11:56:20,12.4523,26.88,24.75,3239,15026801.0,2.885382895321314e-05
2024-05-24,11:56:20,12.4582,26.88,24.75,3240,15026801.0,2.880771621657395e-05
2024-05-24,11:56:20,12.4642,26.88,24.75,3240,15026801.0,2.880771621657395e-05
2024-05-24,11:56:20,12.4703,26.88,24.75,3239,15026800.0,2.885382895321314e-05
2024-05-24,11:56:20,12.4763,26.88,24.75,3239,15026800.0,2.885382895321314e-05
2024-05-24,11:56:20,12.4823,26.88,24.75,3239,15026800.0,2.885382895321314e-05
2024-05-24,11:56:20,12.4882,26.88,24.75,3239,15026800.0,2.885382895321314e-05
2024-05-24,11:56:20,12.4942,26.88,24.75,3239,15026800.0,2.885382895321314e-05
2024-05-24,11:56:20,12.5002,26.88,24.75,3239,15026800.0,2.885382895321314e-05
2024-05-24,11:56:20,12.5061,26.88,24.75,3239,15026800.0,2.885382895321314e-05
2024-05-24,11:56:20,12.5121,26.88,24.75,3239,15026800.0,2.885382895321314e-05
2024-05-24,11:56:20,12.5181,26.88,24.75,3239,15026800.0,2.885382895321314e-05
2024-05-24,11:56:20,12.5241,26.88,24.75,3239,15026799.0,2.885382895321314e-05
2024-05-24,11:56:20,12.5302,26.88,24.75,3239,15026799.0,2.885382895321314e-05
2024-05-24,11:56:20,12.5361,26.88,24.75,3238,15026799.0,2.890001550287046e-05
2024-05-24,11:56:20,12.5421,26.88,24.75,3238,15026800.0,2.890001550287046e-05
2024-05-24,11:56:20,12.5481,26.88,24.75,3238,15026800.0,2.890001550287046e-05
2024-05-24,11:56:20,12.554,26.88,24.75,3237,15026799.0,2.894627598369905e-05
2024-05-24,11:56:20,12.56,26.88,24.75,3237,15026799.0,2.894627598369905e-05
2024-05-24,11:56:20,12.566,26.88,24.75,3237,15026798.0,2.894627598369905e-05
2024-05-24,11:56:20,12.572,26.88,24.75,3237,15026798.0,2.894627598369905e-05
2024-05-24,11:56:20,12.578,26.88,24.75,3237,15026798.0,2.894627598369905e-05
2024-05-24,11:56:20,12.5841,26.88,24.75,3237,15026798.0,2.894627598369905e-05
2024-05-24,11:56:20,12.5901,26.88,24.75,3236,15026798.0,2.899261051404105e-05
2024-05-24,11:56:20,12.5961,26.88,24.75,3235,15026798.0,2.903901921242816e-05
2024-05-24,11:56:20,12.6021,26.88,24.75,3236,15026798.0,2.899261051404105e-05
2024-05-24,11:56:20,12.608,26.88,24.75,3236,15026798.0,2.899261051404105e-05
2024-05-24,11:56:20,12.614,26.88,24.75,3234,15026798.0,2.908550219758169e-05
2024-05-24,11:56:20,12.62,26.88,24.75,3234,15026797.0,2.908550219758169e-05
2024-05-24,11:56:20,12.6259,26.88,24.75,3235,15026797.0,2.903901921242816e-05
2024-05-24,11:56:20,12.6319,26.88,24.75,3235,15026797.0,2.903901921242816e-05
2024-05-24,11:56:20,12.6379,26.88,24.75,3234,15026797.0,2.908550219758169e-05
2024-05-24,11:56:20,12.644,26.88,24.75,3233,15026797.0,2.91320595884131e-05
2024-05-24,11:56:20,12.65,26.88,24.75,3233,15026797.0,2.91320595884131e-05
2024-05-24,11:56:20,12.656,26.88,24.75,3234,15026797.0,2.908550219758169e-05
2024-05-24,11:56:20,12.662,26.88,24.75,3234,15026797.0,2.908550219758169e-05
2024-05-24,11:56:20,12.668,26.88,24.75,3233,15026797.0,2.91320595884131e-05
2024-05-24,11:56:20,12.674,26.88,24.75,3234,15026797.0,2.908550219758169e-05
2024-05-24,11:56:20,12.6801,26.88,24.75,3234,15026797.0,2.908550219758169e-05
2024-05-24,11:56:20,12.6861,26.88,24.75,3233,15026797.0,2.91320595884131e-05
2024-05-24,11:56:20,12.6921,26.88,24.75,3233,15026797.0,2.91320595884131e-05
2024-05-24,11:56:20,12.6981,26.88,24.75,3233,15026796.0,2.91320595884131e-05
2024-05-24,11:56:20,12.704,26.88,24.75,3232,15026797.0,2.917869150402409e-05
2024-05-24,11:56:20,12.71,26.88,24.75,3232,15026797.0,2.917869150402409e-05
2024-05-24,11:56:20,12.7161,26.88,24.75,3233,15026796.0,2.91320595884131e-05
2024-05-24,11:56:20,12.722,26.88,24.75,3232,15026796.0,2.917869150402409e-05
2024-05-24,11:56:20,12.7279,26.88,24.75,3232,15026796.0,2.917869150402409e-05
2024-05-24,11:56:20,12.7339,26.88,24.75,3233,15026796.0,2.91320595884131e-05
2024-05-24,11:56:20,12.74,26.88,24.75,3232,15026796.0,2.917869150402409e-05
2024-05-24,11:56:20,12.746,26.88,24.75,3231,15026795.0,2.922539806370712e-05
2024-05-24,11:56:20,12.752,26.88,24.75,3232,15026795.0,2.917869150402409e-05
2024-05-24,11:56:20,12.758,26.88,24.75,3232,15026795.0,2.917869150402409e-05
2024-05-24,11:56:20,12.764,26.88,24.75,3231,15026795.0,2.922539806370712e-05
2024-05-24,11:56:20,12.77,26.88,24.75,3231,15026795.0,2.922539806370712e-05
2024-05-24,11:56:20,12.7761,26.88,24.75,3231,15026795.0,2.922539806370712e-05
2024-05-24,11:56:21,12.7821,26.88,24.75,3230,15026795.0,2.927217938694547e-05
2024-05-24,11:56:21,12.7881,26.88,24.75,3230,15026794.0,2.927217938694547e-05
2024-05-24,11:56:21,12.7941,26.88,24.75,3230,15026795.0,2.927217938694547e-05
2024-05-24,11:56:21,12.8001,26.88,24.75,3229,15026795.0,2.931903559341381e-05
2024-05-24,11:56:21,12.8061,26.88,24.75,3229,15026795.0,2.931903559341381e-05
2024-05-24,11:56:21,12.812,26.88,24.75,3230,15026794.0,2.927217938694547e-05
2024-05-24,11:56:21,12.818,26.88,24.75,3230,15026794.0,2.927217938694547e-05
2024-05-24,11:56:21,12.8241,26.88,24.75,3229,15026794.0,2.931903559341381e-05
2024-05-24,11:56:21,12.8301,26.88,24.75,3229,15026794.0,2.931903559341381e-05
2024-05-24,11:56:21,12.8362,26.88,24.75,3229,15026794.0,2.931903559341381e-05
2024-05-24,11:56:21,12.8422,26.88,24.75,3229,15026794.0,2.931903559341381e-05
2024-05-24,11:56:21,12.8481,26.88,24.75,3228,15026794.0,2.936596680297826e-05
2024-05-24,11:56:21,12.8541,26.88,24.75,3227,15026794.0,2.941297313569691e-05
2024-05-24,11:56:21,12.8603,26.88,24.75,3227,15026794.0,2.941297313569691e-05
2024-05-24,11:56:21,12.8663,26.88,24.75,3227,15026794.0,2.941297313569691e-05
2024-05-24,11:56:21,12.8722,26.88,24.75,3227,15026793.0,2.941297313569691e-05
2024-05-24,11:56:21,12.8782,26.88,24.75,3227,15026793.0,2.941297313569691e-05
2024-05-24,11:56:21,12.8843,26.88,24.75,3228,15026793.0,2.936596680297826e-05
2024-05-24,11:56:21,12.8902,26.88,24.75,3227,15026793.0,2.941297313569691e-05
2024-05-24,11:56:21,12.8961,26.88,24.75,3226,15026793.0,2.946005471181993e-05
2024-05-24,11:56:21,12.9021,26.88,24.75,3227,15026793.0,2.941297313569691e-05
2024-05-24,11:56:21,12.9081,26.88,24.75,3227,15026793.0,2.941297313569691e-05
2024-05-24,11:56:21,12.9142,26.88,24.75,3226,15026793.0,2.946005471181993e-05
2024-05-24,11:56:21,12.9202,26.88,24.75,3226,15026793.0,2.946005471181993e-05
2024-05-24,11:56:21,12.9263,26.88,24.75,3226,15026792.0,2.946005471181993e-05
2024-05-24,11:56:21,12.9323,26.88,24.75,3225,15026792.0,2.950721165179008e-05
2024-05-24,11:56:21,12.9382,26.88,24.75,3225,15026792.0,2.950721165179008e-05
2024-05-24,11:56:21,12.9442,26.88,24.75,3226,15026792.0,2.946005471181993e-05
2024-05-24,11:56:21,12.9503,26.88,24.75,3226,15026792.0,2.946005471181993e-05
2024-05-24,11:56:21,12.9563,26.88,24.75,3226,15026792.0,2.946005471181993e-05
2024-05-24,11:56:21,12.9623,26.88,24.75,3225,15026791.0,2.950721165179008e-05
2024-05-24,11:56:21,12.9683,26.88,24.75,3224,15026792.0,2.95544440762428e-05
2024-05-24,11:56:21,12.9743,26.88,24.75,3224,15026792.0,2.95544440762428e-05
2024-05-24,11:56:21,12.9803,26.88,24.75,3224,15026792.0,2.95544440762428e-05
2024-05-24,11:56:21,12.9864,26.88,24.75,3224,15026792.0,2.95544440762428e-05
2024-05-24,11:56:21,12.9924,26.88,24.75,3224,15026792.0,2.95544440762428e-05
2024-05-24,11:56:21,12.9984,26.88,24.75,3224,15026792.0,2.95544440762428e-05
2024-05-24,11:56:21,13.0044,26.88,24.75,3224,15026791.0,2.95544440762428e-05
2024-05-24,11:56:21,13.0104,26.88,24.75,3224,15026791.0,2.95544440762428e-05
2024-05-24,11:56:21,13.0166,26.88,24.75,3223,15026791.0,2.960175210600676e-05
2024-05-24,11:56:21,13.0227,26.88,24.75,3223,15026791.0,2.960175210600676e-05
2024-05-24,11:56:21,13.0287,26.88,24.75,3223,15026791.0,2.960175210600676e-05
2024-05-24,11:56:21,13.0347,26.88,24.75,3223,15026791.0,2.960175210600676e-05
2024-05-24,11:56:21,13.0406,26.88,24.75,3223,15026791.0,2.960175210600676e-05
2024-05-24,11:56:21,13.0466,26.88,24.75,3223,15026791.0,2.960175210600676e-05
2024-05-24,11:56:21,13.0528,26.88,24.75,3223,15026791.0,2.960175210600676e-05
2024-05-24,11:56:21,13.0588,26.88,24.75,3222,15026790.0,2.964913586210391e-05
2024-05-24,11:56:21,13.0648,26.88,24.75,3222,15026790.0,2.964913586210391e-05
2024-05-24,11:56:21,13.0708,26.88,24.75,3222,15026790.0,2.964913586210391e-05
2024-05-24,11:56:21,13.0769,26.88,24.75,3222,15026791.0,2.964913586210391e-05
2024-05-24,11:56:21,13.0829,26.88,24.75,3222,15026790.0,2.964913586210391e-05
2024-05-24,11:56:21,13.0889,26.88,24.75,3222,15026790.0,2.964913586210391e-05
2024-05-24,11:56:21,13.0949,26.88,24.75,3222,15026790.0,2.964913586210391e-05
2024-05-24,11:56:21,13.1009,26.88,24.75,3222,15026790.0,2.964913586210391e-05
2024-05-24,11:56:21,13.1069,26.88,24.75,3221,15026790.0,2.969659546575003e-05
2024-05-24,11:56:21,13.1129,26.88,24.75,3220,15026790.0,2.974413103835483e-05
2024-05-24,11:56:21,13.119,26.88,24.75,3221,15026789.0,2.969659546575003e-05
2024-05-24,11:56:21,13.125,26.88,24.75,3222,15026789.0,2.964913586210391e-05
2024-05-24,11:56:21,13.131,26.88,24.75,3221,15026789.0,2.969659546575003e-05
2024-05-24,11:56:21,13.137,26.88,24.75,3220,15026790.0,2.974413103835483e-05
2024-05-24,11:56:21,13.143,26.88,24.75,3220,15026790.0,2.974413103835483e-05
2024-05-24,11:56:21,13.149,26.88,24.75,3220,15026789.0,2.974413103835483e-05
2024-05-24,11:56:21,13.1551,26.88,24.75,3220,15026789.0,2.974413103835483e-05
2024-05-24,11:56:21,13.1611,26.88,24.75,3220,15026789.0,2.974413103835483e-05
2024-05-24,11:56:21,13.1671,26.88,24.75,3219,15026789.0,2.97917427015225e-05
2024-05-24,11:56:21,13.1732,26.88,24.75,3219,15026789.0,2.97917427015225e-05
2024-05-24,11:56:21,13.1794,26.88,24.75,3220,15026789.0,2.974413103835483e-05
2024-05-24,11:56:21,13.1853,26.88,24.75,3220,15026789.0,2.974413103835483e-05
2024-05-24,11:56:21,13.1912,26.88,24.75,3219,15026789.0,2.97917427015225e-05
2024-05-24,11:56:21,13.1973,26.88,24.75,3219,15026788.0,2.97917427015225e-05
2024-05-24,11:56:21,13.2033,26.88,24.75,3220,15026789.0,2.974413103835483e-05
2024-05-24,11:56:21,13.2092,26.88,24.75,3219,15026789.0,2.97917427015225e-05
2024-05-24,11:56:21,13.2153,26.88,24.75,3218,15026789.0,2.983943057705171e-05
2024-05-24,11:56:21,13.2215,26.88,24.75,3218,15026789.0,2.983943057705171e-05
2024-05-24,11:56:21,13.2275,26.88,24.75,3218,15026789.0,2.983943057705171e-05
2024-05-24,11:56:21,13.2334,26.88,24.75,3218,15026789.0,2.983943057705171e-05
2024-05-24,11:56:21,13.2394,26.88,24.75,3218,15026788.0,2.983943057705171e-05
2024-05-24,11:56:21,13.2456,26.88,24.75,3218,15026788.0,2.983943057705171e-05
2024-05-24,11:56:21,13.2516,26.88,24.75,3218,15026788.0,2.983943057705171e-05
2024-05-24,11:56:21,13.2576,26.88,24.75,3218,15026788.0,2.983943057705171e-05
2024-05-24,11:56:21,13.2636,26.88,24.75,3217,15026788.0,2.988719478693625e-05
2024-05-24,11:56:21,13.2696,26.88,24.75,3217,15026788.0,2.988719478693625e-05
2024-05-24,11:56:21,13.2756,26.88,24.75,3217,15026788.0,2.988719478693625e-05
2024-05-24,11:56:21,13.2817,26.88,24.75,3216,15026788.0,2.993503545336507e-05
2024-05-24,11:56:21,13.2877,26.88,24.75,3216,15026787.0,2.993503545336507e-05
2024-05-24,11:56:21,13.2937,26.88,24.75,3217,15026787.0,2.988719478693625e-05
2024-05-24,11:56:21,13.2998,26.88,24.75,3217,15026787.0,2.988719478693625e-05
2024-05-24,11:56:21,13.3058,26.88,24.75,3216,15026787.0,2.993503545336507e-05
2024-05-24,11:56:21,13.3119,26.88,24.75,3216,15026787.0,2.993503545336507e-05
2024-05-24,11:56:21,13.318,26.88,24.75,3216,15026787.0,2.993503545336507e-05
2024-05-24,11:56:21,13.324,26.88,24.75,3216,15026787.0,2.993503545336507e-05
2024-05-24,11:56:21,13.33,26.88,24.75,3216,15026787.0,2.993503545336507e-05
2024-05-24,11:56:21,13.3361,26.88,24.75,3216,15026787.0,2.993503545336507e-05
2024-05-24,11:56:21,13.3421,26.88,24.75,3216,15026787.0,2.993503545336507e-05
2024-05-24,11:56:21,13.3481,26.88,24.75,3216,15026787.0,2.993503545336507e-05
2024-05-24,11:56:21,13.3541,26.88,24.75,3215,15026787.0,2.99829526987228e-05
2024-05-24,11:56:21,13.3601,26.88,24.75,3214,15026786.0,3.003094664558989e-05
2024-05-24,11:56:21,13.3661,26.88,24.75,3215,15026786.0,2.99829526987228e-05
2024-05-24,11:56:21,13.3723,26.88,24.75,3215,15026786.0,2.99829526987228e-05
2024-05-24,11:56:21,13.3783,26.88,24.75,3214,15026786.0,3.003094664558989e-05
2024-05-24,11:56:21,13.3843,26.88,24.75,3214,15026786.0,3.003094664558989e-05
2024-05-24,11:56:21,13.3905,26.88,24.75,3214,15026786.0,3.003094664558989e-05
2024-05-24,11:56:21,13.3965,26.88,24.75,3214,15026786.0,3.003094664558989e-05
2024-05-24,11:56:21,13.4025,26.88,24.75,3213,15026786.0,3.00790174167431e-05
2024-05-24,11:56:21,13.4085,26.88,24.75,3213,15026786.0,3.00790174167431e-05
2024-05-24,11:56:21,13.4145,26.88,24.75,3214,15026786.0,3.003094664558989e-05
2024-05-24,11:56:21,13.4207,26.88,24.75,3213,15026785.0,3.00790174167431e-05
2024-05-24,11:56:21,13.4268,26.88,24.75,3212,15026786.0,3.012716513515561e-05
2024-05-24,11:56:21,13.4328,26.88,24.75,3212,15026785.0,3.012716513515561e-05
2024-05-24,11:56:21,13.4388,26.88,24.75,3212,15026785.0,3.012716513515561e-05
2024-05-24,11:56:21,13.4449,26.88,24.75,3212,15026785.0,3.012716513515561e-05
2024-05-24,11:56:21,13.4509,26.88,24.75,3212,15026786.0,3.012716513515561e-05
2024-05-24,11:56:21,13.4569,26.88,24.75,3212,15026785.0,3.012716513515561e-05
2024-05-24,11:56:21,13.4629,26.88,24.75,3212,15026785.0,3.012716513515561e-05
2024-05-24,11:56:21,13.469,26.88,24.75,3212,15026785.0,3.012716513515561e-05
2024-05-24,11:56:21,13.4752,26.88,24.75,3212,15026785.0,3.012716513515561e-05
2024-05-24,11:56:21,13.4812,26.88,24.75,3211,15026784.0,3.017538992399754e-05
2024-05-24,11:56:21,13.4872,26.88,24.75,3211,15026784.0,3.017538992399754e-05
2024-05-24,11:56:21,13.4932,26.88,24.75,3212,15026785.0,3.012716513515561e-05
2024-05-24,11:56:21,13.4993,26.88,24.75,3212,15026785.0,3.012716513515561e-05
2024-05-24,11:56:21,13.5053,26.88,24.75,3211,15026785.0,3.017538992399754e-05
2024-05-24,11:56:21,13.5114,26.88,24.75,3210,15026785.0,3.022369190663609e-05
2024-05-24,11:56:21,13.5174,26.88,24.75,3209,15026784.0,3.027207120663602e-05
2024-05-24,11:56:21,13.5234,26.88,24.75,3209,15026784.0,3.027207120663602e-05
2024-05-24,11:56:21,13.5296,26.88,24.75,3210,15026784.0,3.022369190663609e-05
2024-05-24,11:56:21,13.5357,26.88,24.75,3211,15026784.0,3.017538992399754e-05
2024-05-24,11:56:21,13.5417,26.88,24.75,3211,15026784.0,3.017538992399754e-05
2024-05-24,11:56:21,13.5476,26.88,24.75,3210,15026784.0,3.022369190663609e-05
2024-05-24,11:56:21,13.5538,26.88,24.75,3210,15026785.0,3.022369190663609e-05
2024-05-24,11:56:21,13.5599,26.88,24.75,3210,15026784.0,3.022369190663609e-05
2024-05-24,11:56:21,13.5659,26.88,24.75,3209,15026783.0,3.027207120663602e-05
2024-05-24,11:56:21,13.572,26.88,24.75,3209,15026783.0,3.027207120663602e-05
2024-05-24,11:56:21,13.578,26.88,24.75,3209,15026784.0,3.027207120663602e-05
2024-05-24,11:56:21,13.5841,26.88,24.75,3209,15026784.0,3.027207120663602e-05
2024-05-24,11:56:21,13.5901,26.88,24.75,3209,15026783.0,3.027207120663602e-05
2024-05-24,11:56:21,13.5961,26.88,24.75,3208,15026783.0,3.032052794775979e-05
2024-05-24,11:56:21,13.6023,26.88,24.75,3207,15026783.0,3.036906225396806e-05
2024-05-24,11:56:21,13.6083,26.88,24.75,3208,15026783.0,3.032052794775979e-05
2024-05-24,11:56:21,13.6143,26.88,24.75,3209,15026783.0,3.027207120663602e-05
2024-05-24,11:56:21,13.6205,26.88,24.75,3209,15026783.0,3.027207120663602e-05
2024-05-24,11:56:21,13.6266,26.88,24.75,3208,15026782.0,3.032052794775979e-05
2024-05-24,11:56:21,13.6326,26.88,24.75,3207,15026783.0,3.036906225396806e-05
2024-05-24,11:56:21,13.6386,26.88,24.75,3207,15026783.0,3.036906225396806e-05
2024-05-24,11:56:21,13.6447,26.88,24.75,3207,15026782.0,3.036906225396806e-05
2024-05-24,11:56:21,13.6507,26.88,24.75,3207,15026783.0,3.036906225396806e-05
2024-05-24,11:56:21,13.6568,26.88,24.75,3207,15026783.0,3.036906225396806e-05
2024-05-24,11:56:21,13.663,26.88,24.75,3207,15026782.0,3.036906225396806e-05
2024-05-24,11:56:21,13.669,26.88,24.75,3207,15026782.0,3.036906225396806e-05
2024-05-24,11:56:21,13.675,26.88,24.75,3207,15026782.0,3.036906225396806e-05
2024-05-24,11:56:21,13.681,26.88,24.75,3207,15026782.0,3.036906225396806e-05
2024-05-24,11:56:21,13.687,26.88,24.75,3207,15026782.0,3.036906225396806e-05
2024-05-24,11:56:21,13.693,26.88,24.75,3207,15026782.0,3.036906225396806e-05
2024-05-24,11:56:21,13.6992,26.88,24.75,3207,15026782.0,3.036906225396806e-05
2024-05-24,11:56:21,13.7053,26.88,24.75,3207,15026782.0,3.036906225396806e-05
2024-05-24,11:56:21,13.7113,26.88,24.75,3206,15026781.0,3.041767424941981e-05
2024-05-24,11:56:21,13.7175,26.88,24.75,3206,15026781.0,3.041767424941981e-05
2024-05-24,11:56:21,13.7236,26.88,24.75,3206,15026781.0,3.041767424941981e-05
2024-05-24,11:56:21,13.7297,26.88,24.75,3206,15026781.0,3.041767424941981e-05
2024-05-24,11:56:21,13.7357,26.88,24.75,3206,15026781.0,3.041767424941981e-05
2024-05-24,11:56:21,13.7417,26.88,24.75,3205,15026781.0,3.046636405847287e-05
2024-05-24,11:56:21,13.7477,26.88,24.75,3205,15026781.0,3.046636405847287e-05
2024-05-24,11:56:21,13.7538,26.88,24.75,3205,15026781.0,3.046636405847287e-05
2024-05-24,11:56:21,13.7599,26.88,24.75,3205,15026781.0,3.046636405847287e-05
2024-05-24,11:56:21,13.7659,26.88,24.75,3205,15026780.0,3.046636405847287e-05
2024-05-24,11:56:21,13.772,26.88,24.75,3205,15026781.0,3.046636405847287e-05
2024-05-24,11:56:22,13.778,26.88,24.75,3205,15026781.0,3.046636405847287e-05
2024-05-24,11:56:22,13.7841,26.88,24.75,3205,15026780.0,3.046636405847287e-05
2024-05-24,11:56:22,13.7902,26.88,24.75,3205,15026780.0,3.046636405847287e-05
2024-05-24,11:56:22,13.7963,26.88,24.75,3204,15026780.0,3.051513180568405e-05
2024-05-24,11:56:22,13.8024,26.88,24.75,3204,15026780.0,3.051513180568405e-05
2024-05-24,11:56:22,13.8084,26.88,24.75,3204,15026780.0,3.051513180568405e-05
2024-05-24,11:56:22,13.8144,26.88,24.75,3204,15026780.0,3.051513180568405e-05
2024-05-24,11:56:22,13.8204,26.88,24.75,3204,15026780.0,3.051513180568405e-05
2024-05-24,11:56:22,13.8264,26.88,24.75,3203,15026780.0,3.056397761580959e-05
2024-05-24,11:56:22,13.8326,26.88,24.75,3203,15026779.0,3.056397761580959e-05
2024-05-24,11:56:22,13.8387,26.88,24.75,3204,15026779.0,3.051513180568405e-05
2024-05-24,11:56:22,13.8447,26.88,24.75,3204,15026779.0,3.051513180568405e-05
2024-05-24,11:56:22,13.8507,26.88,24.75,3203,15026779.0,3.056397761580959e-05
2024-05-24,11:56:22,13.8569,26.88,24.75,3203,15026780.0,3.056397761580959e-05
2024-05-24,11:56:22,13.863,26.88,24.75,3203,15026780.0,3.056397761580959e-05
2024-05-24,11:56:22,13.869,26.88,24.75,3202,15026779.0,3.061290161380538e-05
2024-05-24,11:56:22,13.8752,26.88,24.75,3202,15026778.0,3.061290161380538e-05
2024-05-24,11:56:22,13.8812,26.88,24.75,3202,15026779.0,3.061290161380538e-05
2024-05-24,11:56:22,13.8872,26.88,24.75,3202,15026779.0,3.061290161380538e-05
2024-05-24,11:56:22,13.8934,26.88,24.75,3203,15026779.0,3.056397761580959e-05
2024-05-24,11:56:22,13.8994,26.88,24.75,3203,15026779.0,3.056397761580959e-05
2024-05-24,11:56:22,13.9054,26.88,24.75,3202,15026779.0,3.061290161380538e-05
2024-05-24,11:56:22,13.9115,26.88,24.75,3202,15026779.0,3.061290161380538e-05
2024-05-24,11:56:22,13.9177,26.88,24.75,3202,15026778.0,3.061290161380538e-05
2024-05-24,11:56:22,13.9237,26.88,24.75,3202,15026778.0,3.061290161380538e-05
2024-05-24,11:56:22,13.9297,26.88,24.75,3202,15026778.0,3.061290161380538e-05
2024-05-24,11:56:22,13.9357,26.88,24.75,3202,15026778.0,3.061290161380538e-05
2024-05-24,11:56:22,13.9417,26.88,24.75,3202,15026778.0,3.061290161380538e-05
2024-05-24,11:56:22,13.9479,26.88,24.75,3201,15026778.0,3.066190392482741e-05
2024-05-24,11:56:22,13.954,26.88,24.75,3201,15026778.0,3.066190392482741e-05
2024-05-24,11:56:22,13.9602,26.88,24.75,3201,15026778.0,3.066190392482741e-05
2024-05-24,11:56:22,13.9663,26.88,24.75,3201,15026778.0,3.066190392482741e-05
2024-05-24,11:56:22,13.9723,26.88,24.75,3201,15026778.0,3.066190392482741e-05
2024-05-24,11:56:22,13.9782,26.88,24.75,3200,15026777.0,3.071098467423187e-05
2024-05-24,11:56:22,13.9842,26.88,24.75,3200,15026778.0,3.071098467423187e-05
2024-05-24,11:56:22,13.9904,26.88,24.75,3200,15026778.0,3.071098467423187e-05
2024-05-24,11:56:22,13.9965,26.88,24.75,3200,15026778.0,3.071098467423187e-05
2024-05-24,11:56:22,14.0027,26.88,24.75,3201,15026778.0,3.066190392482741e-05
2024-05-24,11:56:22,14.0087,26.88,24.75,3201,15026778.0,3.066190392482741e-05
2024-05-24,11:56:22,14.0147,26.88,24.75,3200,15026777.0,3.071098467423187e-05
2024-05-24,11:56:22,14.0209,26.88,24.75,3199,15026777.0,3.076014398757577e-05
2024-05-24,11:56:22,14.027,26.88,24.75,3199,15026777.0,3.076014398757577e-05
2024-05-24,11:56:22,14.033,26.88,24.75,3199,15026777.0,3.076014398757577e-05
2024-05-24,11:56:22,14.039,26.88,24.75,3199,15026777.0,3.076014398757577e-05
2024-05-24,11:56:22,14.0452,26.88,24.75,3199,15026777.0,3.076014398757577e-05
2024-05-24,11:56:22,14.0513,26.88,24.75,3198,15026776.0,3.080938199061697e-05
2024-05-24,11:56:22,14.0575,26.88,24.75,3198,15026776.0,3.080938199061697e-05
2024-05-24,11:56:22,14.0636,26.88,24.75,3198,15026776.0,3.080938199061697e-05
2024-05-24,11:56:22,14.0696,26.88,24.75,3199,15026775.0,3.076014398757577e-05
2024-05-24,11:56:22,14.0756,26.88,24.75,3200,15026776.0,3.071098467423187e-05
2024-05-24,11:56:22,14.0817,26.94,24.75,3199,15026777.0,3.076014398757577e-05
2024-05-24,11:56:22,14.0877,26.94,24.75,3199,15026776.0,3.076014398757577e-05
2024-05-24,11:56:22,14.0938,26.94,24.75,3199,15026776.0,3.076014398757577e-05
2024-05-24,11:56:22,14.1,26.94,24.75,3198,15026776.0,3.080938199061697e-05
2024-05-24,11:56:22,14.106,26.94,24.75,3198,15026776.0,3.080938199061697e-05
2024-05-24,11:56:22,14.112,26.94,24.75,3198,15026775.0,3.080938199061697e-05
2024-05-24,11:56:22,14.118,26.94,24.75,3198,15026775.0,3.080938199061697e-05
2024-05-24,11:56:22,14.1241,26.94,24.75,3198,15026775.0,3.080938199061697e-05
2024-05-24,11:56:22,14.1304,26.94,24.75,3198,15026775.0,3.080938199061697e-05
2024-05-24,11:56:22,14.1366,26.94,24.75,3198,15026775.0,3.080938199061697e-05
2024-05-24,11:56:22,14.1426,26.94,24.75,3198,15026775.0,3.080938199061697e-05
2024-05-24,11:56:22,14.1486,26.94,24.75,3198,15026775.0,3.080938199061697e-05
2024-05-24,11:56:22,14.1546,26.94,24.75,3197,15026775.0,3.085869880931473e-05
2024-05-24,11:56:22,14.1608,26.94,24.75,3197,15026775.0,3.085869880931473e-05
2024-05-24,11:56:22,14.1669,26.94,24.75,3197,15026774.0,3.085869880931473e-05
2024-05-24,11:56:22,14.1729,26.94,24.75,3196,15026774.0,3.090809456982983e-05
2024-05-24,11:56:22,14.1791,26.94,24.75,3196,15026775.0,3.090809456982983e-05
2024-05-24,11:56:22,14.1852,26.94,24.75,3196,15026775.0,3.090809456982983e-05
2024-05-24,11:56:22,14.1912,26.94,24.75,3196,15026774.0,3.090809456982983e-05
2024-05-24,11:56:22,14.1972,26.94,24.75,3196,15026774.0,3.090809456982983e-05
2024-05-24,11:56:22,14.2034,26.94,24.75,3196,15026775.0,3.090809456982983e-05
2024-05-24,11:56:22,14.2095,26.94,24.75,3196,15026775.0,3.090809456982983e-05
2024-05-24,11:56:22,14.2155,26.94,24.75,3196,15026775.0,3.090809456982983e-05
2024-05-24,11:56:22,14.2217,26.94,24.75,3196,15026774.0,3.090809456982983e-05
2024-05-24,11:56:22,14.2278,26.94,24.75,3196,15026774.0,3.090809456982983e-05
2024-05-24,11:56:22,14.2338,26.94,24.75,3196,15026774.0,3.090809456982983e-05
2024-05-24,11:56:22,14.24,26.94,24.75,3196,15026774.0,3.090809456982983e-05
2024-05-24,11:56:22,14.2461,26.94,24.75,3196,15026775.0,3.090809456982983e-05
2024-05-24,11:56:22,14.2523,26.94,24.75,3196,15026775.0,3.090809456982983e-05
2024-05-24,11:56:22,14.2584,26.94,24.75,3195,15026774.0,3.095756939852513e-05
2024-05-24,11:56:22,14.2644,26.94,24.75,3194,15026774.0,3.10071234219656e-05
2024-05-24,11:56:22,14.2705,26.94,24.75,3194,15026774.0,3.10071234219656e-05
2024-05-24,11:56:22,14.2766,26.94,24.75,3195,15026774.0,3.095756939852513e-05
2024-05-24,11:56:22,14.2827,26.94,24.75,3195,15026774.0,3.095756939852513e-05
2024-05-24,11:56:22,14.2888,26.94,24.75,3194,15026774.0,3.10071234219656e-05
2024-05-24,11:56:22,14.2949,26.94,24.75,3194,15026774.0,3.10071234219656e-05
2024-05-24,11:56:22,14.301,26.94,24.75,3194,15026774.0,3.10071234219656e-05
2024-05-24,11:56:22,14.3071,26.94,24.75,3195,15026774.0,3.095756939852513e-05
2024-05-24,11:56:22,14.3131,26.94,24.75,3195,15026774.0,3.095756939852513e-05
2024-05-24,11:56:22,14.3192,26.94,24.75,3194,15026773.0,3.10071234219656e-05
2024-05-24,11:56:22,14.3255,26.94,24.75,3193,15026774.0,3.105675676691896e-05
2024-05-24,11:56:22,14.3315,26.94,24.75,3193,15026774.0,3.105675676691896e-05
2024-05-24,11:56:22,14.3375,26.94,24.75,3194,15026773.0,3.10071234219656e-05
2024-05-24,11:56:22,14.3437,26.94,24.75,3194,15026773.0,3.10071234219656e-05
2024-05-24,11:56:22,14.3498,26.94,24.75,3193,15026773.0,3.105675676691896e-05
2024-05-24,11:56:22,14.356,26.94,24.75,3193,15026773.0,3.105675676691896e-05
2024-05-24,11:56:22,14.362,26.94,24.75,3194,15026773.0,3.10071234219656e-05
2024-05-24,11:56:22,14.368,26.94,24.75,3194,15026773.0,3.10071234219656e-05
2024-05-24,11:56:22,14.3741,26.94,24.75,3194,15026773.0,3.10071234219656e-05
2024-05-24,11:56:22,14.3803,26.94,24.75,3193,15026772.0,3.105675676691896e-05
2024-05-24,11:56:22,14.3863,26.94,24.75,3193,15026772.0,3.105675676691896e-05
2024-05-24,11:56:22,14.3923,26.94,24.75,3193,15026773.0,3.105675676691896e-05
2024-05-24,11:56:22,14.3985,26.94,24.75,3193,15026773.0,3.105675676691896e-05
2024-05-24,11:56:22,14.4046,26.94,24.75,3193,15026773.0,3.105675676691896e-05
2024-05-24,11:56:22,14.4107,26.94,24.75,3192,15026773.0,3.110646956035572e-05
2024-05-24,11:56:22,14.4169,26.94,24.75,3192,15026772.0,3.110646956035572e-05
2024-05-24,11:56:22,14.4229,26.94,24.75,3192,15026772.0,3.110646956035572e-05
2024-05-24,11:56:22,14.429,26.94,24.75,3192,15026772.0,3.110646956035572e-05
2024-05-24,11:56:22,14.4352,26.94,24.75,3192,15026772.0,3.110646956035572e-05
2024-05-24,11:56:22,14.4412,26.94,24.75,3192,15026772.0,3.110646956035572e-05
2024-05-24,11:56:22,14.4473,26.94,24.75,3192,15026772.0,3.110646956035572e-05
2024-05-24,11:56:22,14.4535,26.94,24.75,3192,15026772.0,3.110646956035572e-05
2024-05-24,11:56:22,14.4596,26.94,24.75,3192,15026772.0,3.110646956035572e-05
2024-05-24,11:56:22,14.4658,26.94,24.75,3192,15026772.0,3.110646956035572e-05
2024-05-24,11:56:22,14.4718,26.94,24.75,3191,15026772.0,3.115626192944974e-05
2024-05-24,11:56:22,14.4778,26.94,24.75,3190,15026772.0,3.120613400157834e-05
2024-05-24,11:56:22,14.484,26.94,24.75,3190,15026772.0,3.120613400157834e-05
2024-05-24,11:56:22,14.4901,26.94,24.75,3190,15026772.0,3.120613400157834e-05
2024-05-24,11:56:22,14.4962,26.94,24.75,3191,15026772.0,3.115626192944974e-05
2024-05-24,11:56:22,14.5024,26.94,24.75,3192,15026772.0,3.110646956035572e-05
2024-05-24,11:56:22,14.5084,26.94,24.75,3191,15026772.0,3.115626192944974e-05
2024-05-24,11:56:22,14.5144,26.94,24.75,3191,15026772.0,3.115626192944974e-05
2024-05-24,11:56:22,14.5206,26.94,24.75,3192,15026772.0,3.110646956035572e-05
2024-05-24,11:56:22,14.5267,26.94,24.75,3191,15026772.0,3.115626192944974e-05
2024-05-24,11:56:22,14.5329,26.94,24.75,3190,15026771.0,3.120613400157834e-05
2024-05-24,11:56:22,14.539,26.94,24.75,3190,15026771.0,3.120613400157834e-05
2024-05-24,11:56:22,14.545,26.94,24.75,3191,15026771.0,3.115626192944974e-05
2024-05-24,11:56:22,14.551,26.94,24.75,3191,15026771.0,3.115626192944974e-05
2024-05-24,11:56:22,14.5572,26.94,24.75,3190,15026771.0,3.120613400157834e-05
2024-05-24,11:56:22,14.5633,26.94,24.75,3190,15026772.0,3.120613400157834e-05
2024-05-24,11:56:22,14.5695,26.94,24.75,3190,15026771.0,3.120613400157834e-05
2024-05-24,11:56:22,14.5756,26.94,24.75,3190,15026771.0,3.120613400157834e-05
2024-05-24,11:56:22,14.5817,26.94,24.75,3190,15026771.0,3.120613400157834e-05
2024-05-24,11:56:22,14.5879,26.94,24.75,3190,15026771.0,3.120613400157834e-05
2024-05-24,11:56:22,14.594,26.94,24.75,3190,15026771.0,3.120613400157834e-05
2024-05-24,11:56:22,14.6002,26.94,24.75,3190,15026771.0,3.120613400157834e-05
2024-05-24,11:56:22,14.6062,26.94,24.75,3190,15026771.0,3.120613400157834e-05
2024-05-24,11:56:22,14.6122,26.94,24.75,3189,15026770.0,3.125608590432286e-05
2024-05-24,11:56:22,14.6184,26.94,24.75,3189,15026770.0,3.125608590432286e-05
2024-05-24,11:56:22,14.6245,26.94,24.75,3189,15026770.0,3.125608590432286e-05
2024-05-24,11:56:22,14.6306,26.94,24.75,3189,15026770.0,3.125608590432286e-05
2024-05-24,11:56:22,14.6368,26.94,24.75,3189,15026770.0,3.125608590432286e-05
2024-05-24,11:56:22,14.6429,26.94,24.75,3189,15026770.0,3.125608590432286e-05
2024-05-24,11:56:22,14.6489,26.94,24.75,3189,15026770.0,3.125608590432286e-05
2024-05-24,11:56:22,14.655,26.94,24.75,3189,15026770.0,3.125608590432286e-05
2024-05-24,11:56:22,14.6611,26.94,24.75,3189,15026770.0,3.125608590432286e-05
2024-05-24,11:56:22,14.6673,26.94,24.75,3188,15026770.0,3.130611776546872e-05
2024-05-24,11:56:22,14.6734,26.94,24.75,3188,15026770.0,3.130611776546872e-05
2024-05-24,11:56:22,14.6795,26.94,24.75,3189,15026769.0,3.125608590432286e-05
2024-05-24,11:56:22,14.6857,26.94,24.75,3189,15026769.0,3.125608590432286e-05
2024-05-24,11:56:22,14.6917,26.94,24.75,3188,15026769.0,3.130611776546872e-05
2024-05-24,11:56:22,14.6978,26.94,24.75,3188,15026769.0,3.130611776546872e-05
2024-05-24,11:56:22,14.7041,26.94,24.75,3188,15026768.0,3.130611776546872e-05
2024-05-24,11:56:22,14.7101,26.94,24.75,3187,15026768.0,3.135622971300601e-05
2024-05-24,11:56:22,14.7161,26.94,24.75,3187,15026768.0,3.135622971300601e-05
2024-05-24,11:56:22,14.7223,26.94,24.75,3187,15026769.0,3.135622971300601e-05
2024-05-24,11:56:22,14.7284,26.94,24.75,3187,15026768.0,3.135622971300601e-05
2024-05-24,11:56:22,14.7346,26.94,24.75,3187,15026768.0,3.135622971300601e-05
2024-05-24,11:56:22,14.7407,26.94,24.75,3187,15026768.0,3.135622971300601e-05
2024-05-24,11:56:22,14.7469,26.94,24.75,3188,15026769.0,3.130611776546872e-05
2024-05-24,11:56:22,14.753,26.94,24.75,3188,15026768.0,3.130611776546872e-05
2024-05-24,11:56:22,14.759,26.94,24.75,3187,15026768.0,3.135622971300601e-05
2024-05-24,11:56:22,14.765,26.94,24.75,3187,15026768.0,3.135622971300601e-05
2024-05-24,11:56:22,14.7712,26.94,24.75,3187,15026768.0,3.135622971300601e-05
2024-05-24,11:56:23,14.7773,26.94,24.75,3186,15026768.0,3.14064218751296e-05
2024-05-24,11:56:23,14.7835,26.94,24.75,3186,15026768.0,3.14064218751296e-05
2024-05-24,11:56:23,14.7895,26.94,24.75,3187,15026768.0,3.135622971300601e-05
2024-05-24,11:56:23,14.7956,26.94,24.75,3187,15026768.0,3.135622971300601e-05
2024-05-24,11:56:23,14.8019,26.94,24.75,3187,15026768.0,3.135622971300601e-05
2024-05-24,11:56:23,14.8081,26.94,24.75,3186,15026767.0,3.14064218751296e-05
2024-05-24,11:56:23,14.8141,26.94,24.75,3185,15026768.0,3.145669438023967e-05
2024-05-24,11:56:23,14.8202,26.94,24.75,3186,15026768.0,3.14064218751296e-05
2024-05-24,11:56:23,14.8265,26.94,24.75,3186,15026768.0,3.14064218751296e-05
2024-05-24,11:56:23,14.8325,26.94,24.75,3186,15026768.0,3.14064218751296e-05
2024-05-24,11:56:23,14.8385,26.94,24.75,3187,15026768.0,3.135622971300601e-05
2024-05-24,11:56:23,14.8447,26.94,24.75,3186,15026767.0,3.14064218751296e-05
2024-05-24,11:56:23,14.8508,26.94,24.75,3185,15026767.0,3.145669438023967e-05
2024-05-24,11:56:23,14.8569,26.94,24.75,3185,15026767.0,3.145669438023967e-05
2024-05-24,11:56:23,14.8631,26.94,24.75,3185,15026767.0,3.145669438023967e-05
2024-05-24,11:56:23,14.8692,26.94,24.75,3185,15026767.0,3.145669438023967e-05
2024-05-24,11:56:23,14.8753,26.94,24.75,3185,15026767.0,3.145669438023967e-05
2024-05-24,11:56:23,14.8814,26.94,24.75,3185,15026767.0,3.145669438023967e-05
2024-05-24,11:56:23,14.8877,26.94,24.75,3185,15026767.0,3.145669438023967e-05
2024-05-24,11:56:23,14.8938,26.94,24.75,3185,15026767.0,3.145669438023967e-05
2024-05-24,11:56:23,14.8998,26.94,24.75,3185,15026767.0,3.145669438023967e-05
2024-05-24,11:56:23,14.9058,26.94,24.75,3186,15026768.0,3.14064218751296e-05
2024-05-24,11:56:23,14.9121,26.94,24.75,3185,15026768.0,3.145669438023967e-05
2024-05-24,11:56:23,14.9183,26.94,24.75,3184,15026767.0,3.150704735694179e-05
2024-05-24,11:56:23,14.9243,26.94,24.75,3185,15026766.0,3.145669438023967e-05
2024-05-24,11:56:23,14.9304,26.94,24.75,3185,15026767.0,3.145669438023967e-05
2024-05-24,11:56:23,14.9366,26.94,24.75,3185,15026767.0,3.145669438023967e-05
2024-05-24,11:56:23,14.9427,26.94,24.75,3185,15026767.0,3.145669438023967e-05
2024-05-24,11:56:23,14.9489,26.94,24.75,3185,15026767.0,3.145669438023967e-05
2024-05-24,11:56:23,14.955,26.94,24.75,3184,15026767.0,3.150704735694179e-05
2024-05-24,11:56:23,14.9611,26.94,24.75,3184,15026767.0,3.150704735694179e-05
2024-05-24,11:56:23,14.9673,26.94,24.75,3185,15026767.0,3.145669438023967e-05
2024-05-24,11:56:23,14.9734,26.94,24.75,3184,15026767.0,3.150704735694179e-05
2024-05-24,11:56:23,14.9796,26.94,24.75,3184,15026767.0,3.150704735694179e-05
2024-05-24,11:56:23,14.9857,26.94,24.75,3184,15026767.0,3.150704735694179e-05
2024-05-24,11:56:23,14.9919,26.94,24.75,3183,15026766.0,3.155748093404753e-05
2024-05-24,11:56:23,14.9979,26.94,24.75,3183,15026766.0,3.155748093404753e-05
2024-05-24,11:56:23,15.0039,26.94,24.75,3184,15026767.0,3.150704735694179e-05
2024-05-24,11:56:23,15.01,26.94,24.75,3184,15026766.0,3.150704735694179e-05
2024-05-24,11:56:23,15.0162,26.94,24.75,3183,15026766.0,3.155748093404753e-05
2024-05-24,11:56:23,15.0223,26.94,24.75,3183,15026766.0,3.155748093404753e-05
2024-05-24,11:56:23,15.0285,26.94,24.75,3182,15026766.0,3.160799524057453e-05
2024-05-24,11:56:23,15.0346,26.94,24.75,3182,15026766.0,3.160799524057453e-05
2024-05-24,11:56:23,15.0408,26.94,24.75,3183,15026766.0,3.155748093404753e-05
2024-05-24,11:56:23,15.0469,26.94,24.75,3183,15026766.0,3.155748093404753e-05
2024-05-24,11:56:23,15.053,26.94,24.75,3183,15026766.0,3.155748093404753e-05
2024-05-24,11:56:23,15.0592,26.94,24.75,3183,15026766.0,3.155748093404753e-05
2024-05-24,11:56:23,15.0653,26.94,24.75,3183,15026766.0,3.155748093404753e-05
2024-05-24,11:56:23,15.0715,26.94,24.75,3182,15026766.0,3.160799524057453e-05
2024-05-24,11:56:23,15.0775,26.94,24.75,3181,15026766.0,3.165859040574708e-05
2024-05-24,11:56:23,15.0836,26.94,24.75,3182,15026765.0,3.160799524057453e-05
2024-05-24,11:56:23,15.0899,27.0,24.75,3183,15026766.0,3.155748093404753e-05
2024-05-24,11:56:23,15.0959,27.0,24.75,3183,15026766.0,3.155748093404753e-05
2024-05-24,11:56:23,15.1019,27.0,24.75,3182,15026765.0,3.160799524057453e-05
2024-05-24,11:56:23,15.1081,27.0,24.75,3182,15026765.0,3.160799524057453e-05
2024-05-24,11:56:23,15.1142,27.0,24.75,3182,15026765.0,3.160799524057453e-05
2024-05-24,11:56:23,15.1204,27.0,24.75,3181,15026765.0,3.165859040574708e-05
2024-05-24,11:56:23,15.1265,27.0,24.75,3181,15026765.0,3.165859040574708e-05
2024-05-24,11:56:23,15.1327,27.0,24.75,3181,15026765.0,3.165859040574708e-05
2024-05-24,11:56:23,15.1389,27.0,24.75,3181,15026765.0,3.165859040574708e-05
2024-05-24,11:56:23,15.1452,27.0,24.75,3181,15026765.0,3.165859040574708e-05
2024-05-24,11:56:23,15.1513,27.0,24.75,3181,15026764.0,3.165859040574708e-05
2024-05-24,11:56:23,15.1575,27.0,24.75,3181,15026764.0,3.165859040574708e-05
2024-05-24,11:56:23,15.1635,27.0,24.75,3180,15026764.0,3.170926655899616e-05
2024-05-24,11:56:23,15.1695,27.0,24.75,3180,15026764.0,3.170926655899616e-05
2024-05-24,11:56:23,15.1758,27.0,24.75,3181,15026764.0,3.165859040574708e-05
2024-05-24,11:56:23,15.1819,27.0,24.75,3181,15026764.0,3.165859040574708e-05
2024-05-24,11:56:23,15.188,27.0,24.75,3181,15026764.0,3.165859040574708e-05
2024-05-24,11:56:23,15.1941,27.0,24.75,3181,15026764.0,3.165859040574708e-05
2024-05-24,11:56:23,15.2002,27.0,24.75,3181,15026764.0,3.165859040574708e-05
2024-05-24,11:56:23,15.2064,27.0,24.75,3181,15026764.0,3.165859040574708e-05
2024-05-24,11:56:23,15.2125,27.0,24.75,3180,15026764.0,3.170926655899616e-05
2024-05-24,11:56:23,15.2187,27.0,24.75,3180,15026764.0,3.170926655899616e-05
2024-05-24,11:56:23,15.2248,27.0,24.75,3181,15026764.0,3.165859040574708e-05
2024-05-24,11:56:23,15.231,27.0,24.75,3180,15026764.0,3.170926655899616e-05
2024-05-24,11:56:23,15.2371,27.0,24.75,3179,15026764.0,3.176002382996009e-05
2024-05-24,11:56:23,15.2433,27.0,24.75,3179,15026763.0,3.176002382996009e-05
2024-05-24,11:56:23,15.2494,27.0,24.75,3179,15026764.0,3.176002382996009e-05
2024-05-24,11:56:23,15.2555,27.0,24.75,3179,15026764.0,3.176002382996009e-05
2024-05-24,11:56:23,15.2617,27.0,24.75,3179,15026764.0,3.176002382996009e-05
2024-05-24,11:56:23,15.2678,27.0,24.75,3179,15026764.0,3.176002382996009e-05
2024-05-24,11:56:23,15.274,27.0,24.75,3179,15026763.0,3.176002382996009e-05
2024-05-24,11:56:23,15.2801,27.0,24.75,3179,15026763.0,3.176002382996009e-05
2024-05-24,11:56:23,15.2863,27.0,24.75,3179,15026764.0,3.176002382996009e-05
2024-05-24,11:56:23,15.2924,27.0,24.75,3179,15026764.0,3.176002382996009e-05
2024-05-24,11:56:23,15.2985,27.0,24.75,3179,15026763.0,3.176002382996009e-05
2024-05-24,11:56:23,15.3047,27.0,24.75,3179,15026763.0,3.176002382996009e-05
2024-05-24,11:56:23,15.3108,27.0,24.75,3179,15026763.0,3.176002382996009e-05
2024-05-24,11:56:23,15.317,27.0,24.75,3179,15026763.0,3.176002382996009e-05
2024-05-24,11:56:23,15.3231,27.0,24.75,3179,15026763.0,3.176002382996009e-05
2024-05-24,11:56:23,15.3293,27.0,24.75,3179,15026763.0,3.176002382996009e-05
2024-05-24,11:56:23,15.3354,27.0,24.75,3179,15026763.0,3.176002382996009e-05
2024-05-24,11:56:23,15.3416,27.0,24.75,3178,15026763.0,3.181086234848457e-05
2024-05-24,11:56:23,15.3477,27.0,24.75,3178,15026763.0,3.181086234848457e-05
2024-05-24,11:56:23,15.354,27.0,24.75,3179,15026763.0,3.176002382996009e-05
2024-05-24,11:56:23,15.3601,27.0,24.75,3178,15026763.0,3.181086234848457e-05
2024-05-24,11:56:23,15.3661,27.0,24.75,3177,15026763.0,3.186178224462326e-05
2024-05-24,11:56:23,15.3724,27.0,24.75,3177,15026763.0,3.186178224462326e-05
2024-05-24,11:56:23,15.3785,27.0,24.75,3178,15026763.0,3.181086234848457e-05
2024-05-24,11:56:23,15.3846,27.0,24.75,3178,15026763.0,3.181086234848457e-05
2024-05-24,11:56:23,15.3907,27.0,24.75,3177,15026763.0,3.186178224462326e-05
2024-05-24,11:56:23,15.3969,27.0,24.75,3177,15026763.0,3.186178224462326e-05
2024-05-24,11:56:23,15.403,27.0,24.75,3177,15026763.0,3.186178224462326e-05
2024-05-24,11:56:23,15.4091,27.0,24.75,3177,15026763.0,3.186178224462326e-05
2024-05-24,11:56:23,15.4153,27.0,24.75,3177,15026763.0,3.186178224462326e-05
2024-05-24,11:56:23,15.4214,27.0,24.75,3178,15026763.0,3.181086234848457e-05
2024-05-24,11:56:23,15.4276,27.0,24.75,3179,15026763.0,3.176002382996009e-05
2024-05-24,11:56:23,15.4337,27.0,24.75,3178,15026763.0,3.181086234848457e-05
2024-05-24,11:56:23,15.44,27.0,24.75,3177,15026763.0,3.186178224462326e-05
2024-05-24,11:56:23,15.4461,27.0,24.75,3177,15026763.0,3.186178224462326e-05
2024-05-24,11:56:23,15.4521,27.0,24.75,3177,15026763.0,3.186178224462326e-05
2024-05-24,11:56:23,15.4584,27.0,24.75,3177,15026763.0,3.186178224462326e-05
2024-05-24,11:56:23,15.4647,27.0,24.75,3177,15026763.0,3.186178224462326e-05
2024-05-24,11:56:23,15.4708,27.0,24.75,3177,15026762.0,3.186178224462326e-05
2024-05-24,11:56:23,15.477,27.0,24.75,3176,15026763.0,3.191278364863791e-05
2024-05-24,11:56:23,15.4831,27.0,24.75,3175,15026762.0,3.196386669099883e-05
2024-05-24,11:56:23,15.4893,27.0,24.75,3176,15026762.0,3.191278364863791e-05
2024-05-24,11:56:23,15.4954,27.0,24.75,3177,15026762.0,3.186178224462326e-05
2024-05-24,11:56:23,15.5016,27.0,24.75,3177,15026762.0,3.186178224462326e-05
2024-05-24,11:56:23,15.5077,27.0,24.75,3176,15026762.0,3.191278364863791e-05
2024-05-24,11:56:23,15.5138,27.0,24.75,3175,15026762.0,3.196386669099883e-05
2024-05-24,11:56:23,15.52,27.0,24.75,3176,15026763.0,3.191278364863791e-05
2024-05-24,11:56:23,15.5261,27.0,24.75,3176,15026763.0,3.191278364863791e-05
2024-05-24,11:56:23,15.5323,27.0,24.75,3175,15026762.0,3.196386669099883e-05
2024-05-24,11:56:23,15.5384,27.0,24.75,3175,15026761.0,3.196386669099883e-05
2024-05-24,11:56:23,15.5446,27.0,24.75,3175,15026761.0,3.196386669099883e-05
2024-05-24,11:56:23,15.5507,27.0,24.75,3175,15026761.0,3.196386669099883e-05
2024-05-24,11:56:23,15.5569,27.0,24.75,3175,15026761.0,3.196386669099883e-05
2024-05-24,11:56:23,15.563,27.0,24.75,3175,15026761.0,3.196386669099883e-05
2024-05-24,11:56:23,15.5691,27.0,24.75,3175,15026761.0,3.196386669099883e-05
2024-05-24,11:56:23,15.5754,27.0,24.75,3176,15026761.0,3.191278364863791e-05
2024-05-24,11:56:23,15.5816,27.0,24.75,3176,15026760.0,3.191278364863791e-05
2024-05-24,11:56:23,15.5876,27.0,24.75,3175,15026760.0,3.196386669099883e-05
2024-05-24,11:56:23,15.5938,26.94,24.75,3174,15026760.0,3.201503150238514e-05
2024-05-24,11:56:23,15.6001,26.94,24.75,3173,15026761.0,3.206627821368519e-05
2024-05-24,11:56:23,15.6063,26.94,24.75,3173,15026760.0,3.206627821368519e-05
2024-05-24,11:56:23,15.6124,26.94,24.75,3174,15026760.0,3.201503150238514e-05
2024-05-24,11:56:23,15.6185,26.94,24.75,3175,15026760.0,3.196386669099883e-05
2024-05-24,11:56:23,15.6247,26.94,24.75,3174,15026760.0,3.201503150238514e-05
2024-05-24,11:56:23,15.6308,26.94,24.75,3173,15026760.0,3.206627821368519e-05
2024-05-24,11:56:23,15.637,26.94,24.75,3174,15026759.0,3.201503150238514e-05
2024-05-24,11:56:23,15.6431,26.94,24.75,3175,15026759.0,3.196386669099883e-05
2024-05-24,11:56:23,15.6494,26.94,24.75,3174,15026760.0,3.201503150238514e-05
2024-05-24,11:56:23,15.6557,26.94,24.75,3174,15026760.0,3.201503150238514e-05
2024-05-24,11:56:23,15.6618,26.94,24.75,3174,15026760.0,3.201503150238514e-05
2024-05-24,11:56:23,15.668,26.94,24.75,3173,15026760.0,3.206627821368519e-05
2024-05-24,11:56:23,15.6741,26.94,24.75,3174,15026759.0,3.201503150238514e-05
2024-05-24,11:56:23,15.6802,26.94,24.75,3175,15026760.0,3.196386669099883e-05
2024-05-24,11:56:23,15.6864,26.94,24.75,3175,15026760.0,3.196386669099883e-05
2024-05-24,11:56:23,15.6925,26.94,24.75,3174,15026759.0,3.201503150238514e-05
2024-05-24,11:56:23,15.6987,26.94,24.75,3173,15026759.0,3.206627821368519e-05
2024-05-24,11:56:23,15.7048,26.94,24.75,3174,15026760.0,3.201503150238514e-05
2024-05-24,11:56:23,15.711,26.94,24.75,3175,15026759.0,3.196386669099883e-05
2024-05-24,11:56:23,15.7171,26.94,24.75,3174,15026759.0,3.201503150238514e-05
2024-05-24,11:56:23,15.7234,26.94,24.75,3174,15026759.0,3.201503150238514e-05
2024-05-24,11:56:23,15.7295,26.94,24.75,3174,15026759.0,3.201503150238514e-05
2024-05-24,11:56:23,15.7355,26.94,24.75,3173,15026759.0,3.206627821368519e-05
2024-05-24,11:56:23,15.7417,26.94,24.75,3173,15026759.0,3.206627821368519e-05
2024-05-24,11:56:23,15.748,26.94,24.75,3174,15026758.0,3.201503150238514e-05
2024-05-24,11:56:23,15.7542,26.94,24.75,3174,15026758.0,3.201503150238514e-05
2024-05-24,11:56:23,15.7604,26.94,24.75,3173,15026758.0,3.206627821368519e-05
2024-05-24,11:56:23,15.7665,26.94,24.75,3173,15026759.0,3.206627821368519e-05
2024-05-24,11:56:23,15.7727,26.94,24.75,3173,15026759.0,3.206627821368519e-05
2024-05-24,11:56:24,15.7788,26.94,24.75,3172,15026758.0,3.211760695599677e-05
2024-05-24,11:56:24,15.7849,26.94,24.75,3172,15026758.0,3.211760695599677e-05
2024-05-24,11:56:24,15.7911,26.94,24.75,3173,15026758.0,3.206627821368519e-05
2024-05-24,11:56:24,15.7974,26.94,24.75,3173,15026758.0,3.206627821368519e-05
2024-05-24,11:56:24,15.8036,26.94,24.75,3172,15026758.0,3.211760695599677e-05
2024-05-24,11:56:24,15.8098,26.94,24.75,3172,15026757.0,3.211760695599677e-05
2024-05-24,11:56:24,15.8159,26.94,24.75,3173,15026758.0,3.206627821368519e-05
2024-05-24,11:56:24,15.8221,26.94,24.75,3173,15026758.0,3.206627821368519e-05
2024-05-24,11:56:24,15.8282,26.94,24.75,3172,15026758.0,3.211760695599677e-05
2024-05-24,11:56:24,15.8344,26.94,24.75,3172,15026758.0,3.211760695599677e-05
2024-05-24,11:56:24,15.8405,26.94,24.75,3172,15026758.0,3.211760695599677e-05
2024-05-24,11:56:24,15.8466,26.94,24.75,3172,15026758.0,3.211760695599677e-05
2024-05-24,11:56:24,15.8528,26.94,24.75,3172,15026758.0,3.211760695599677e-05
2024-05-24,11:56:24,15.8591,26.94,24.75,3171,15026758.0,3.216901786062761e-05
2024-05-24,11:56:24,15.8652,26.94,24.75,3171,15026757.0,3.216901786062761e-05
2024-05-24,11:56:24,15.8713,26.94,24.75,3172,15026757.0,3.211760695599677e-05
2024-05-24,11:56:24,15.8776,26.94,24.75,3172,15026758.0,3.211760695599677e-05
2024-05-24,11:56:24,15.8838,26.94,24.75,3172,15026758.0,3.211760695599677e-05
2024-05-24,11:56:24,15.8899,26.94,24.75,3172,15026758.0,3.211760695599677e-05
2024-05-24,11:56:24,15.8961,26.94,24.75,3171,15026758.0,3.216901786062761e-05
2024-05-24,11:56:24,15.9022,26.94,24.75,3171,15026758.0,3.216901786062761e-05
2024-05-24,11:56:24,15.9083,26.94,24.75,3171,15026758.0,3.216901786062761e-05
2024-05-24,11:56:24,15.9145,26.94,24.75,3171,15026757.0,3.216901786062761e-05
2024-05-24,11:56:24,15.9208,26.94,24.75,3171,15026757.0,3.216901786062761e-05
2024-05-24,11:56:24,15.927,26.94,24.75,3170,15026757.0,3.222051105909553e-05
2024-05-24,11:56:24,15.9332,26.94,24.75,3170,15026757.0,3.222051105909553e-05
2024-05-24,11:56:24,15.9393,26.94,24.75,3170,15026757.0,3.222051105909553e-05
2024-05-24,11:56:24,15.9455,26.94,24.75,3170,15026757.0,3.222051105909553e-05
2024-05-24,11:56:24,15.9516,26.94,24.75,3171,15026758.0,3.216901786062761e-05
2024-05-24,11:56:24,15.9577,26.94,24.75,3171,15026758.0,3.216901786062761e-05
2024-05-24,11:56:24,15.9639,26.94,24.75,3170,15026757.0,3.222051105909553e-05
2024-05-24,11:56:24,15.9702,26.94,24.75,3170,15026757.0,3.222051105909553e-05
2024-05-24,11:56:24,15.9764,26.94,24.75,3170,15026757.0,3.222051105909553e-05
2024-05-24,11:56:24,15.9826,26.94,24.75,3170,15026757.0,3.222051105909553e-05
2024-05-24,11:56:24,15.9887,26.94,24.75,3170,15026757.0,3.222051105909553e-05
2024-05-24,11:56:24,15.9949,26.94,24.75,3169,15026757.0,3.227208668312896e-05
2024-05-24,11:56:24,16.001,26.94,24.75,3169,15026757.0,3.227208668312896e-05
2024-05-24,11:56:24,16.0072,26.94,24.75,3170,15026757.0,3.222051105909553e-05
2024-05-24,11:56:24,16.0133,26.94,24.75,3171,15026757.0,3.216901786062761e-05
2024-05-24,11:56:24,16.0194,26.94,24.75,3171,15026757.0,3.216901786062761e-05
2024-05-24,11:56:24,16.0257,26.94,24.75,3170,15026756.0,3.222051105909553e-05
2024-05-24,11:56:24,16.032,26.94,24.75,3170,15026756.0,3.222051105909553e-05
2024-05-24,11:56:24,16.0381,26.94,24.75,3170,15026757.0,3.222051105909553e-05
2024-05-24,11:56:24,16.0443,26.94,24.75,3169,15026757.0,3.227208668312896e-05
2024-05-24,11:56:24,16.0504,26.94,24.75,3169,15026756.0,3.227208668312896e-05
2024-05-24,11:56:24,16.0566,26.94,24.75,3169,15026756.0,3.227208668312896e-05
2024-05-24,11:56:24,16.0627,26.94,24.75,3169,15026757.0,3.227208668312896e-05
2024-05-24,11:56:24,16.069,26.94,24.75,3169,15026757.0,3.227208668312896e-05
2024-05-24,11:56:24,16.0753,26.94,24.75,3169,15026757.0,3.227208668312896e-05
2024-05-24,11:56:24,16.0814,26.94,24.75,3170,15026756.0,3.222051105909553e-05
2024-05-24,11:56:24,16.0875,26.94,24.75,3170,15026756.0,3.222051105909553e-05
2024-05-24,11:56:24,16.0937,26.94,24.75,3170,15026756.0,3.222051105909553e-05
2024-05-24,11:56:24,16.0998,26.94,24.75,3169,15026755.0,3.227208668312896e-05
2024-05-24,11:56:24,16.1061,26.94,24.75,3168,15026756.0,3.232374486466711e-05
2024-05-24,11:56:24,16.1124,26.94,24.75,3169,15026757.0,3.227208668312896e-05
2024-05-24,11:56:24,16.1185,26.94,24.75,3170,15026756.0,3.222051105909553e-05
2024-05-24,11:56:24,16.1247,26.94,24.75,3169,15026756.0,3.227208668312896e-05
2024-05-24,11:56:24,16.1308,26.94,24.75,3169,15026756.0,3.227208668312896e-05
2024-05-24,11:56:24,16.1369,26.94,24.75,3169,15026756.0,3.227208668312896e-05
2024-05-24,11:56:24,16.1431,26.94,24.75,3169,15026756.0,3.227208668312896e-05
2024-05-24,11:56:24,16.1492,26.94,24.75,3168,15026755.0,3.232374486466711e-05
2024-05-24,11:56:24,16.1554,26.94,24.75,3167,15026755.0,3.237548573586047e-05
2024-05-24,11:56:24,16.1615,26.94,24.75,3169,15026756.0,3.227208668312896e-05
2024-05-24,11:56:24,16.1678,26.94,24.75,3169,15026756.0,3.227208668312896e-05
2024-05-24,11:56:24,16.1741,26.94,24.75,3168,15026755.0,3.232374486466711e-05
2024-05-24,11:56:24,16.1802,26.94,24.75,3168,15026755.0,3.232374486466711e-05
2024-05-24,11:56:24,16.1864,26.94,24.75,3168,15026755.0,3.232374486466711e-05
2024-05-24,11:56:24,16.1925,26.94,24.75,3168,15026755.0,3.232374486466711e-05
2024-05-24,11:56:24,16.1986,26.94,24.75,3168,15026755.0,3.232374486466711e-05
2024-05-24,11:56:24,16.2049,26.94,24.75,3168,15026755.0,3.232374486466711e-05
2024-05-24,11:56:24,16.2112,26.94,24.75,3168,15026756.0,3.232374486466711e-05
2024-05-24,11:56:24,16.2173,26.94,24.75,3168,15026755.0,3.232374486466711e-05
2024-05-24,11:56:24,16.2235,26.94,24.75,3167,15026755.0,3.237548573586047e-05
2024-05-24,11:56:24,16.2296,26.94,24.75,3167,15026755.0,3.237548573586047e-05
2024-05-24,11:56:24,16.2358,26.94,24.75,3168,15026755.0,3.232374486466711e-05
2024-05-24,11:56:24,16.2419,26.94,24.75,3169,15026755.0,3.227208668312896e-05
2024-05-24,11:56:24,16.2481,26.94,24.75,3168,15026754.0,3.232374486466711e-05
2024-05-24,11:56:24,16.2543,26.94,24.75,3167,15026755.0,3.237548573586047e-05
2024-05-24,11:56:24,16.2606,26.94,24.75,3167,15026755.0,3.237548573586047e-05
2024-05-24,11:56:24,16.2667,26.94,24.75,3166,15026755.0,3.242730942907095e-05
2024-05-24,11:56:24,16.2729,26.94,24.75,3166,15026754.0,3.242730942907095e-05
2024-05-24,11:56:24,16.2792,26.94,24.75,3166,15026755.0,3.242730942907095e-05
2024-05-24,11:56:24,16.2854,26.94,24.75,3166,15026755.0,3.242730942907095e-05
2024-05-24,11:56:24,16.2916,26.94,24.75,3166,15026755.0,3.242730942907095e-05
2024-05-24,11:56:24,16.2977,26.94,24.75,3166,15026755.0,3.242730942907095e-05
2024-05-24,11:56:24,16.3039,26.94,24.75,3166,15026755.0,3.242730942907095e-05
2024-05-24,11:56:24,16.31,26.94,24.75,3166,15026755.0,3.242730942907095e-05
2024-05-24,11:56:24,16.3161,26.94,24.75,3167,15026754.0,3.237548573586047e-05
2024-05-24,11:56:24,16.3224,26.94,24.75,3168,15026755.0,3.232374486466711e-05
2024-05-24,11:56:24,16.3287,26.94,24.75,3167,15026755.0,3.237548573586047e-05
2024-05-24,11:56:24,16.3348,26.94,24.75,3166,15026754.0,3.242730942907095e-05
2024-05-24,11:56:24,16.341,26.94,24.75,3165,15026754.0,3.247921607687248e-05
2024-05-24,11:56:24,16.3471,26.94,24.75,3165,15026755.0,3.247921607687248e-05
2024-05-24,11:56:24,16.3534,26.94,24.75,3167,15026754.0,3.237548573586047e-05
2024-05-24,11:56:24,16.3597,26.94,24.75,3167,15026753.0,3.237548573586047e-05
2024-05-24,11:56:24,16.3658,26.94,24.75,3166,15026754.0,3.242730942907095e-05
2024-05-24,11:56:24,16.372,26.94,24.75,3166,15026754.0,3.242730942907095e-05
2024-05-24,11:56:24,16.3781,26.94,24.75,3166,15026754.0,3.242730942907095e-05
2024-05-24,11:56:24,16.3842,26.94,24.75,3165,15026753.0,3.247921607687248e-05
2024-05-24,11:56:24,16.3905,26.94,24.75,3165,15026753.0,3.247921607687248e-05
2024-05-24,11:56:24,16.3968,26.94,24.75,3166,15026754.0,3.242730942907095e-05
2024-05-24,11:56:24,16.4029,26.94,24.75,3166,15026754.0,3.242730942907095e-05
2024-05-24,11:56:24,16.4091,26.94,24.75,3166,15026754.0,3.242730942907095e-05
2024-05-24,11:56:24,16.4153,26.94,24.75,3166,15026754.0,3.242730942907095e-05
2024-05-24,11:56:24,16.4215,26.94,24.75,3166,15026754.0,3.242730942907095e-05
2024-05-24,11:56:24,16.4276,26.94,24.75,3165,15026754.0,3.247921607687248e-05
2024-05-24,11:56:24,16.4339,26.94,24.75,3164,15026754.0,3.253120581205106e-05
2024-05-24,11:56:24,16.4401,26.94,24.75,3164,15026754.0,3.253120581205106e-05
2024-05-24,11:56:24,16.4462,26.94,24.75,3164,15026754.0,3.253120581205106e-05
2024-05-24,11:56:24,16.4523,26.94,24.75,3164,15026755.0,3.253120581205106e-05
2024-05-24,11:56:24,16.4586,26.94,24.75,3164,15026754.0,3.253120581205106e-05
2024-05-24,11:56:24,16.4649,26.94,24.75,3164,15026754.0,3.253120581205106e-05
2024-05-24,11:56:24,16.471,26.94,24.75,3165,15026754.0,3.247921607687248e-05
2024-05-24,11:56:24,16.4772,26.94,24.75,3165,15026755.0,3.247921607687248e-05
2024-05-24,11:56:24,16.4833,26.94,24.75,3164,15026754.0,3.253120581205106e-05
2024-05-24,11:56:24,16.4896,26.94,24.75,3163,15026754.0,3.258327876760534e-05
2024-05-24,11:56:24,16.4959,26.94,24.75,3163,15026754.0,3.258327876760534e-05
2024-05-24,11:56:24,16.502,26.94,24.75,3164,15026754.0,3.253120581205106e-05
2024-05-24,11:56:24,16.5081,26.94,24.75,3164,15026754.0,3.253120581205106e-05
2024-05-24,11:56:24,16.5143,26.94,24.75,3164,15026753.0,3.253120581205106e-05
2024-05-24,11:56:24,16.5206,26.94,24.75,3164,15026753.0,3.253120581205106e-05
2024-05-24,11:56:24,16.5268,26.94,24.75,3164,15026753.0,3.253120581205106e-05
2024-05-24,11:56:24,16.533,26.94,24.75,3164,15026753.0,3.253120581205106e-05
2024-05-24,11:56:24,16.5391,26.94,24.75,3164,15026753.0,3.253120581205106e-05
2024-05-24,11:56:24,16.5453,26.94,24.75,3164,15026753.0,3.253120581205106e-05
2024-05-24,11:56:24,16.5515,26.94,24.75,3164,15026754.0,3.253120581205106e-05
2024-05-24,11:56:24,16.5578,26.94,24.75,3164,15026753.0,3.253120581205106e-05
2024-05-24,11:56:24,16.564,26.94,24.75,3164,15026753.0,3.253120581205106e-05
2024-05-24,11:56:24,16.5701,26.94,24.75,3164,15026753.0,3.253120581205106e-05
2024-05-24,11:56:24,16.5764,26.94,24.75,3164,15026753.0,3.253120581205106e-05
2024-05-24,11:56:24,16.5825,26.94,24.75,3164,15026753.0,3.253120581205106e-05
2024-05-24,11:56:24,16.5887,26.94,24.75,3164,15026753.0,3.253120581205106e-05
2024-05-24,11:56:24,16.5949,26.94,24.75,3163,15026752.0,3.258327876760534e-05
2024-05-24,11:56:24,16.6011,26.94,24.75,3163,15026753.0,3.258327876760534e-05
2024-05-24,11:56:24,16.6073,26.94,24.75,3163,15026752.0,3.258327876760534e-05
2024-05-24,11:56:24,16.6136,26.94,24.75,3163,15026752.0,3.258327876760534e-05
2024-05-24,11:56:24,16.6198,26.94,24.75,3163,15026752.0,3.258327876760534e-05
2024-05-24,11:56:24,16.6259,26.94,24.75,3162,15026753.0,3.263543507674679e-05
2024-05-24,11:56:24,16.6321,26.94,24.75,3163,15026753.0,3.258327876760534e-05
2024-05-24,11:56:24,16.6382,26.94,24.75,3163,15026753.0,3.258327876760534e-05
2024-05-24,11:56:24,16.6443,26.94,24.75,3162,15026753.0,3.263543507674679e-05
2024-05-24,11:56:24,16.6506,26.94,24.75,3162,15026753.0,3.263543507674679e-05
2024-05-24,11:56:24,16.6569,26.94,24.75,3162,15026753.0,3.263543507674679e-05
2024-05-24,11:56:24,16.663,26.94,24.75,3162,15026753.0,3.263543507674679e-05
2024-05-24,11:56:24,16.6692,26.94,24.75,3163,15026753.0,3.258327876760534e-05
2024-05-24,11:56:24,16.6754,26.94,24.75,3163,15026753.0,3.258327876760534e-05
2024-05-24,11:56:24,16.6817,26.94,24.75,3162,15026752.0,3.263543507674679e-05
2024-05-24,11:56:24,16.6879,26.94,24.75,3162,15026752.0,3.263543507674679e-05
2024-05-24,11:56:24,16.694,26.94,24.75,3162,15026752.0,3.263543507674679e-05
2024-05-24,11:56:24,16.7003,26.94,24.75,3162,15026753.0,3.263543507674679e-05
2024-05-24,11:56:24,16.7065,26.94,24.75,3162,15026753.0,3.263543507674679e-05
2024-05-24,11:56:24,16.7127,26.94,24.75,3162,15026753.0,3.263543507674679e-05
2024-05-24,11:56:24,16.7188,26.94,24.75,3161,15026752.0,3.268767487290021e-05
2024-05-24,11:56:24,16.7251,26.94,24.75,3161,15026752.0,3.268767487290021e-05
2024-05-24,11:56:24,16.7314,26.94,24.75,3163,15026753.0,3.258327876760534e-05
2024-05-24,11:56:24,16.7375,26.94,24.75,3163,15026753.0,3.258327876760534e-05
2024-05-24,11:56:24,16.7437,26.94,24.75,3161,15026752.0,3.268767487290021e-05
2024-05-24,11:56:24,16.7499,26.94,24.75,3162,15026752.0,3.263543507674679e-05
2024-05-24,11:56:24,16.7562,26.94,24.75,3163,15026752.0,3.258327876760534e-05
2024-05-24,11:56:24,16.7624,26.94,24.75,3162,15026752.0,3.263543507674679e-05
2024-05-24,11:56:25,16.7685,26.94,24.75,3161,15026751.0,3.268767487290021e-05
2024-05-24,11:56:25,16.7746,26.94,24.75,3161,15026752.0,3.268767487290021e-05
2024-05-24,11:56:25,16.7809,26.94,24.75,3162,15026752.0,3.263543507674679e-05
2024-05-24,11:56:25,16.7872,26.94,24.75,3162,15026751.0,3.263543507674679e-05
2024-05-24,11:56:25,16.7933,26.94,24.75,3161,15026751.0,3.268767487290021e-05
2024-05-24,11:56:25,16.7996,26.94,24.75,3161,15026751.0,3.268767487290021e-05
2024-05-24,11:56:25,16.8057,26.94,24.75,3162,15026752.0,3.263543507674679e-05
2024-05-24,11:56:25,16.8119,26.94,24.75,3161,15026752.0,3.268767487290021e-05
2024-05-24,11:56:25,16.8182,26.94,24.75,3160,15026751.0,3.273999828970383e-05
2024-05-24,11:56:25,16.8243,26.94,24.75,3161,15026751.0,3.268767487290021e-05
2024-05-24,11:56:25,16.8305,26.94,24.75,3161,15026751.0,3.268767487290021e-05
2024-05-24,11:56:25,16.8367,26.94,24.75,3161,15026751.0,3.268767487290021e-05
2024-05-24,11:56:25,16.843,26.94,24.75,3161,15026751.0,3.268767487290021e-05
2024-05-24,11:56:25,16.8493,26.94,24.75,3161,15026751.0,3.268767487290021e-05
2024-05-24,11:56:25,16.8554,26.94,24.75,3161,15026751.0,3.268767487290021e-05
2024-05-24,11:56:25,16.8616,26.94,24.75,3160,15026751.0,3.273999828970383e-05
2024-05-24,11:56:25,16.8678,26.94,24.75,3160,15026751.0,3.273999828970383e-05
2024-05-24,11:56:25,16.8741,26.94,24.75,3161,15026751.0,3.268767487290021e-05
2024-05-24,11:56:25,16.8802,26.94,24.75,3161,15026751.0,3.268767487290021e-05
2024-05-24,11:56:25,16.8864,26.94,24.75,3160,15026751.0,3.273999828970383e-05
2024-05-24,11:56:25,16.8927,26.94,24.75,3160,15026751.0,3.273999828970383e-05
2024-05-24,11:56:25,16.8989,26.94,24.75,3160,15026751.0,3.273999828970383e-05
2024-05-24,11:56:25,16.9052,26.94,24.75,3160,15026751.0,3.273999828970383e-05
2024-05-24,11:56:25,16.9113,26.94,24.75,3160,15026751.0,3.273999828970383e-05
2024-05-24,11:56:25,16.9175,26.94,24.75,3160,15026751.0,3.273999828970383e-05
2024-05-24,11:56:25,16.9236,26.94,24.75,3160,15026751.0,3.273999828970383e-05
2024-05-24,11:56:25,16.9298,26.94,24.75,3160,15026751.0,3.273999828970383e-05
2024-05-24,11:56:25,16.9361,26.94,24.75,3160,15026750.0,3.273999828970383e-05
2024-05-24,11:56:25,16.9423,26.94,24.75,3160,15026750.0,3.273999828970383e-05
2024-05-24,11:56:25,16.9486,26.94,24.75,3160,15026750.0,3.273999828970383e-05
2024-05-24,11:56:25,16.9549,26.94,24.75,3160,15026750.0,3.273999828970383e-05
2024-05-24,11:56:25,16.961,26.94,24.75,3160,15026750.0,3.273999828970383e-05
2024-05-24,11:56:25,16.9672,26.94,24.75,3160,15026750.0,3.273999828970383e-05
2024-05-24,11:56:25,16.9734,26.94,24.75,3160,15026750.0,3.273999828970383e-05
2024-05-24,11:56:25,16.9797,26.94,24.75,3159,15026750.0,3.279240546100996e-05
2024-05-24,11:56:25,16.9858,26.94,24.75,3159,15026750.0,3.279240546100996e-05
2024-05-24,11:56:25,16.992,26.94,24.75,3160,15026750.0,3.273999828970383e-05
2024-05-24,11:56:25,16.9983,26.94,24.75,3160,15026750.0,3.273999828970383e-05
2024-05-24,11:56:25,17.0045,26.94,24.75,3160,15026750.0,3.273999828970383e-05
2024-05-24,11:56:25,17.0107,26.94,24.75,3160,15026750.0,3.273999828970383e-05
2024-05-24,11:56:25,17.0168,26.94,24.75,3159,15026750.0,3.279240546100996e-05
2024-05-24,11:56:25,17.0231,26.94,24.75,3159,15026750.0,3.279240546100996e-05
2024-05-24,11:56:25,17.0294,26.94,24.75,3159,15026750.0,3.279240546100996e-05
2024-05-24,11:56:25,17.0355,26.94,24.75,3158,15026751.0,3.284489652088503e-05
2024-05-24,11:56:25,17.0417,26.94,24.75,3158,15026750.0,3.284489652088503e-05
2024-05-24,11:56:25,17.0479,26.94,24.75,3159,15026750.0,3.279240546100996e-05
2024-05-24,11:56:25,17.0542,26.94,24.75,3159,15026750.0,3.279240546100996e-05
2024-05-24,11:56:25,17.0605,26.94,24.75,3159,15026750.0,3.279240546100996e-05
2024-05-24,11:56:25,17.0667,26.94,24.75,3159,15026750.0,3.279240546100996e-05
2024-05-24,11:56:25,17.0729,26.94,24.75,3158,15026750.0,3.284489652088503e-05
2024-05-24,11:56:25,17.079,26.94,24.75,3158,15026750.0,3.284489652088503e-05
2024-05-24,11:56:25,17.0852,26.94,24.75,3158,15026750.0,3.284489652088503e-05
2024-05-24,11:56:25,17.0914,26.94,24.75,3158,15026750.0,3.284489652088503e-05
2024-05-24,11:56:25,17.0977,26.94,24.75,3158,15026750.0,3.284489652088503e-05
2024-05-24,11:56:25,17.1039,26.94,24.75,3158,15026750.0,3.284489652088503e-05
2024-05-24,11:56:25,17.1101,26.94,24.75,3158,15026750.0,3.284489652088503e-05
2024-05-24,11:56:25,17.1164,26.94,24.75,3158,15026750.0,3.284489652088503e-05
2024-05-24,11:56:25,17.1225,26.94,24.75,3158,15026750.0,3.284489652088503e-05
2024-05-24,11:56:25,17.1287,26.94,24.75,3158,15026750.0,3.284489652088503e-05
2024-05-24,11:56:25,17.135,26.94,24.75,3158,15026749.0,3.284489652088503e-05
2024-05-24,11:56:25,17.1412,26.94,24.75,3157,15026749.0,3.289747160361017e-05
2024-05-24,11:56:25,17.1475,26.94,24.75,3157,15026749.0,3.289747160361017e-05
2024-05-24,11:56:25,17.1538,26.94,24.75,3158,15026749.0,3.284489652088503e-05
2024-05-24,11:56:25,17.1599,26.94,24.75,3158,15026749.0,3.284489652088503e-05
2024-05-24,11:56:25,17.1661,26.94,24.75,3157,15026749.0,3.289747160361017e-05
2024-05-24,11:56:25,17.1723,26.94,24.75,3157,15026749.0,3.289747160361017e-05
2024-05-24,11:56:25,17.1786,26.94,24.75,3157,15026749.0,3.289747160361017e-05
2024-05-24,11:56:25,17.1848,26.94,24.75,3157,15026749.0,3.289747160361017e-05
2024-05-24,11:56:25,17.1909,26.94,24.75,3157,15026750.0,3.289747160361017e-05
2024-05-24,11:56:25,17.1972,26.94,24.75,3156,15026750.0,3.295013084368136e-05
2024-05-24,11:56:25,17.2034,26.94,24.75,3157,15026750.0,3.289747160361017e-05
2024-05-24,11:56:25,17.2097,26.94,24.75,3158,15026750.0,3.284489652088503e-05
2024-05-24,11:56:25,17.216,26.94,24.75,3157,15026749.0,3.289747160361017e-05
2024-05-24,11:56:25,17.2221,26.94,24.75,3156,15026749.0,3.295013084368136e-05
2024-05-24,11:56:25,17.2283,26.94,24.75,3156,15026749.0,3.295013084368136e-05
2024-05-24,11:56:25,17.2345,26.94,24.75,3156,15026749.0,3.295013084368136e-05
2024-05-24,11:56:25,17.2408,26.94,24.75,3156,15026749.0,3.295013084368136e-05
2024-05-24,11:56:25,17.2471,26.94,24.75,3156,15026750.0,3.295013084368136e-05
2024-05-24,11:56:25,17.2534,26.94,24.75,3156,15026749.0,3.295013084368136e-05
2024-05-24,11:56:25,17.2595,26.94,24.75,3157,15026749.0,3.289747160361017e-05
2024-05-24,11:56:25,17.2658,26.94,24.75,3157,15026749.0,3.289747160361017e-05
2024-05-24,11:56:25,17.2721,26.94,24.75,3157,15026749.0,3.289747160361017e-05
2024-05-24,11:56:25,17.2782,26.94,24.75,3157,15026748.0,3.289747160361017e-05
2024-05-24,11:56:25,17.2843,26.94,24.75,3157,15026749.0,3.289747160361017e-05
2024-05-24,11:56:25,17.2905,26.94,24.75,3157,15026749.0,3.289747160361017e-05
2024-05-24,11:56:25,17.2968,26.94,24.75,3157,15026749.0,3.289747160361017e-05
2024-05-24,11:56:25,17.303,26.94,24.75,3157,15026748.0,3.289747160361017e-05
2024-05-24,11:56:25,17.3093,26.94,24.75,3157,15026749.0,3.289747160361017e-05
2024-05-24,11:56:25,17.3156,26.94,24.75,3157,15026748.0,3.289747160361017e-05
2024-05-24,11:56:25,17.3218,26.94,24.75,3156,15026749.0,3.295013084368136e-05
2024-05-24,11:56:25,17.328,26.94,24.75,3155,15026748.0,3.300287437581e-05
2024-05-24,11:56:25,17.3341,26.94,24.75,3156,15026748.0,3.295013084368136e-05
2024-05-24,11:56:25,17.3404,26.94,24.75,3157,15026749.0,3.289747160361017e-05
2024-05-24,11:56:25,17.3467,26.94,24.75,3156,15026749.0,3.295013084368136e-05
2024-05-24,11:56:25,17.3529,26.94,24.75,3156,15026749.0,3.295013084368136e-05
2024-05-24,11:56:25,17.3591,26.94,24.75,3156,15026749.0,3.295013084368136e-05
2024-05-24,11:56:25,17.3652,26.94,24.75,3155,15026749.0,3.300287437581e-05
2024-05-24,11:56:25,17.3715,26.94,24.75,3155,15026748.0,3.300287437581e-05
2024-05-24,11:56:25,17.3778,26.94,24.75,3155,15026749.0,3.300287437581e-05
2024-05-24,11:56:25,17.3841,26.94,24.75,3155,15026749.0,3.300287437581e-05
2024-05-24,11:56:25,17.3903,26.94,24.75,3156,15026749.0,3.295013084368136e-05
2024-05-24,11:56:25,17.3965,26.94,24.75,3156,15026749.0,3.295013084368136e-05
2024-05-24,11:56:25,17.4026,26.94,24.75,3155,15026748.0,3.300287437581e-05
2024-05-24,11:56:25,17.4089,26.94,24.75,3155,15026749.0,3.300287437581e-05
2024-05-24,11:56:25,17.4152,26.94,24.75,3155,15026748.0,3.300287437581e-05
2024-05-24,11:56:25,17.4214,26.94,24.75,3154,15026748.0,3.305570233492295e-05
2024-05-24,11:56:25,17.4277,26.94,24.75,3155,15026749.0,3.300287437581e-05
2024-05-24,11:56:25,17.4338,26.94,24.75,3156,15026749.0,3.295013084368136e-05
2024-05-24,11:56:25,17.44,26.94,24.75,3155,15026748.0,3.300287437581e-05
2024-05-24,11:56:25,17.4463,26.94,24.75,3154,15026748.0,3.305570233492295e-05
2024-05-24,11:56:25,17.4525,26.94,24.75,3154,15026748.0,3.305570233492295e-05
2024-05-24,11:56:25,17.4587,26.94,24.75,3155,15026748.0,3.300287437581e-05
2024-05-24,11:56:25,17.4649,26.94,24.75,3155,15026748.0,3.300287437581e-05
2024-05-24,11:56:25,17.4712,26.94,24.75,3154,15026748.0,3.305570233492295e-05
2024-05-24,11:56:25,17.4774,26.94,24.75,3154,15026748.0,3.305570233492295e-05
2024-05-24,11:56:25,17.4836,26.94,24.75,3155,15026748.0,3.300287437581e-05
2024-05-24,11:56:25,17.4899,26.94,24.75,3154,15026747.0,3.305570233492295e-05
2024-05-24,11:56:25,17.4962,26.94,24.75,3154,15026747.0,3.305570233492295e-05
2024-05-24,11:56:25,17.5025,26.94,24.75,3155,15026748.0,3.300287437581e-05
2024-05-24,11:56:25,17.5086,26.94,24.75,3154,15026748.0,3.305570233492295e-05
2024-05-24,11:56:25,17.5147,26.94,24.75,3153,15026747.0,3.310861485616324e-05
2024-05-24,11:56:25,17.521,26.94,24.75,3153,15026747.0,3.310861485616324e-05
2024-05-24,11:56:25,17.5273,26.94,24.75,3154,15026748.0,3.305570233492295e-05
2024-05-24,11:56:25,17.5334,26.94,24.75,3154,15026748.0,3.305570233492295e-05
2024-05-24,11:56:25,17.5397,26.94,24.75,3153,15026747.0,3.310861485616324e-05
2024-05-24,11:56:25,17.546,26.94,24.75,3153,15026748.0,3.310861485616324e-05
2024-05-24,11:56:25,17.5521,26.94,24.75,3153,15026748.0,3.310861485616324e-05
2024-05-24,11:56:25,17.5584,26.94,24.75,3153,15026747.0,3.310861485616324e-05
2024-05-24,11:56:25,17.5647,26.94,24.75,3153,15026747.0,3.310861485616324e-05
2024-05-24,11:56:25,17.5708,26.94,24.75,3153,15026747.0,3.310861485616324e-05
2024-05-24,11:56:25,17.5771,26.94,24.75,3154,15026747.0,3.305570233492295e-05
2024-05-24,11:56:25,17.5835,26.94,24.75,3154,15026747.0,3.305570233492295e-05
2024-05-24,11:56:25,17.5896,26.94,24.75,3153,15026747.0,3.310861485616324e-05
2024-05-24,11:56:25,17.5958,26.94,24.75,3152,15026747.0,3.316161207489005e-05
2024-05-24,11:56:25,17.602,26.94,24.75,3152,15026747.0,3.316161207489005e-05
2024-05-24,11:56:25,17.6083,27.0,24.75,3153,15026747.0,3.310861485616324e-05
2024-05-24,11:56:25,17.6146,27.0,24.75,3153,15026747.0,3.310861485616324e-05
2024-05-24,11:56:25,17.6209,27.0,24.75,3152,15026747.0,3.316161207489005e-05
2024-05-24,11:56:25,17.6271,27.0,24.75,3152,15026746.0,3.316161207489005e-05
2024-05-24,11:56:25,17.6333,27.0,24.75,3153,15026746.0,3.310861485616324e-05
2024-05-24,11:56:25,17.6394,27.0,24.75,3153,15026747.0,3.310861485616324e-05
2024-05-24,11:56:25,17.6457,27.0,24.75,3152,15026747.0,3.316161207489005e-05
2024-05-24,11:56:25,17.652,27.0,24.75,3152,15026746.0,3.316161207489005e-05
2024-05-24,11:56:25,17.6582,27.0,24.75,3153,15026746.0,3.310861485616324e-05
2024-05-24,11:56:25,17.6645,27.0,24.75,3152,15026746.0,3.316161207489005e-05
2024-05-24,11:56:25,17.6708,27.0,24.75,3151,15026746.0,3.321469412667937e-05
2024-05-24,11:56:25,17.677,27.0,24.75,3152,15026747.0,3.316161207489005e-05
2024-05-24,11:56:25,17.6832,27.0,24.75,3153,15026747.0,3.310861485616324e-05
2024-05-24,11:56:25,17.6895,27.0,24.75,3152,15026747.0,3.316161207489005e-05
2024-05-24,11:56:25,17.6957,27.0,24.75,3152,15026746.0,3.316161207489005e-05
2024-05-24,11:56:25,17.7019,27.0,24.75,3152,15026746.0,3.316161207489005e-05
2024-05-24,11:56:25,17.7081,27.0,24.75,3151,15026746.0,3.321469412667937e-05
2024-05-24,11:56:25,17.7144,27.0,24.75,3151,15026746.0,3.321469412667937e-05
2024-05-24,11:56:25,17.7207,27.0,24.75,3151,15026746.0,3.321469412667937e-05
2024-05-24,11:56:25,17.727,27.0,24.75,3151,15026746.0,3.321469412667937e-05
2024-05-24,11:56:25,17.7332,27.0,24.75,3151,15026746.0,3.321469412667937e-05
2024-05-24,11:56:25,17.7395,27.0,24.75,3151,15026746.0,3.321469412667937e-05
2024-05-24,11:56:25,17.7458,27.0,24.75,3151,15026746.0,3.321469412667937e-05
2024-05-24,11:56:25,17.7519,27.0,24.75,3151,15026746.0,3.321469412667937e-05
2024-05-24,11:56:25,17.7581,27.0,24.75,3151,15026746.0,3.321469412667937e-05
2024-05-24,11:56:25,17.7643,27.0,24.75,3151,15026745.0,3.321469412667937e-05
2024-05-24,11:56:26,17.7706,27.0,24.75,3152,15026745.0,3.316161207489005e-05
2024-05-24,11:56:26,17.7769,27.0,24.75,3152,15026745.0,3.316161207489005e-05
2024-05-24,11:56:26,17.7832,27.0,24.75,3151,15026745.0,3.321469412667937e-05
2024-05-24,11:56:26,17.7894,27.0,24.75,3150,15026745.0,3.326786114732408e-05
2024-05-24,11:56:26,17.7957,27.0,24.75,3150,15026746.0,3.326786114732408e-05
2024-05-24,11:56:26,17.802,27.0,24.75,3152,15026746.0,3.316161207489005e-05
2024-05-24,11:56:26,17.8081,27.0,24.75,3152,15026746.0,3.316161207489005e-05
2024-05-24,11:56:26,17.8143,27.0,24.75,3150,15026745.0,3.326786114732408e-05
2024-05-24,11:56:26,17.8205,27.0,24.75,3150,15026745.0,3.326786114732408e-05
2024-05-24,11:56:26,17.8268,27.0,24.75,3151,15026745.0,3.321469412667937e-05
2024-05-24,11:56:26,17.8331,27.0,24.75,3151,15026746.0,3.321469412667937e-05
2024-05-24,11:56:26,17.8393,27.0,24.75,3151,15026746.0,3.321469412667937e-05
2024-05-24,11:56:26,17.8456,27.0,24.75,3151,15026746.0,3.321469412667937e-05
2024-05-24,11:56:26,17.8519,27.0,24.75,3151,15026745.0,3.321469412667937e-05
2024-05-24,11:56:26,17.8582,27.0,24.75,3151,15026745.0,3.321469412667937e-05
2024-05-24,11:56:26,17.8644,27.0,24.75,3150,15026745.0,3.326786114732408e-05
2024-05-24,11:56:26,17.8707,27.0,24.75,3149,15026745.0,3.332111327283457e-05
2024-05-24,11:56:26,17.877,27.0,24.75,3150,15026745.0,3.326786114732408e-05
2024-05-24,11:56:26,17.8831,27.0,24.75,3151,15026745.0,3.321469412667937e-05
2024-05-24,11:56:26,17.8893,27.0,24.75,3150,15026745.0,3.326786114732408e-05
2024-05-24,11:56:26,17.8957,27.0,24.75,3149,15026745.0,3.332111327283457e-05
2024-05-24,11:56:26,17.9019,27.0,24.75,3149,15026745.0,3.332111327283457e-05
2024-05-24,11:56:26,17.9081,27.0,24.75,3149,15026745.0,3.332111327283457e-05
2024-05-24,11:56:26,17.9144,27.0,24.75,3149,15026744.0,3.332111327283457e-05
2024-05-24,11:56:26,17.9206,27.0,24.75,3150,15026744.0,3.326786114732408e-05
2024-05-24,11:56:26,17.9269,27.0,24.75,3150,15026745.0,3.326786114732408e-05
2024-05-24,11:56:26,17.9332,27.0,24.75,3149,15026745.0,3.332111327283457e-05
2024-05-24,11:56:26,17.9393,27.0,24.75,3149,15026745.0,3.332111327283457e-05
2024-05-24,11:56:26,17.9455,27.0,24.75,3150,15026745.0,3.326786114732408e-05
2024-05-24,11:56:26,17.9517,27.0,24.75,3151,15026745.0,3.321469412667937e-05
2024-05-24,11:56:26,17.958,27.0,24.75,3151,15026745.0,3.321469412667937e-05
2024-05-24,11:56:26,17.9643,27.0,24.75,3150,15026745.0,3.326786114732408e-05
2024-05-24,11:56:26,17.9705,27.0,24.75,3149,15026745.0,3.332111327283457e-05
2024-05-24,11:56:26,17.9768,27.0,24.75,3149,15026745.0,3.332111327283457e-05
2024-05-24,11:56:26,17.9831,27.0,24.75,3149,15026745.0,3.332111327283457e-05
2024-05-24,11:56:26,17.9894,27.0,24.75,3149,15026744.0,3.332111327283457e-05
2024-05-24,11:56:26,17.9956,27.0,24.75,3149,15026744.0,3.332111327283457e-05
2024-05-24,11:56:26,18.0018,27.0,24.75,3148,15026744.0,3.337445063943879e-05
2024-05-24,11:56:26,18.0079,27.0,24.75,3148,15026744.0,3.337445063943879e-05
2024-05-24,11:56:26,18.0143,27.0,24.75,3149,15026745.0,3.332111327283457e-05
2024-05-24,11:56:26,18.0206,27.0,24.75,3149,15026745.0,3.332111327283457e-05
2024-05-24,11:56:26,18.0269,27.0,24.75,3149,15026744.0,3.332111327283457e-05
2024-05-24,11:56:26,18.0331,27.0,24.75,3149,15026744.0,3.332111327283457e-05
2024-05-24,11:56:26,18.0393,27.0,24.75,3149,15026745.0,3.332111327283457e-05
2024-05-24,11:56:26,18.0456,27.0,24.75,3149,15026744.0,3.332111327283457e-05
2024-05-24,11:56:26,18.0518,27.0,24.75,3149,15026744.0,3.332111327283457e-05
2024-05-24,11:56:26,18.0581,27.0,24.75,3148,15026745.0,3.337445063943879e-05
2024-05-24,11:56:26,18.0644,27.0,24.75,3148,15026745.0,3.337445063943879e-05
2024-05-24,11:56:26,18.0706,27.0,24.75,3149,15026744.0,3.332111327283457e-05
2024-05-24,11:56:26,18.0769,27.0,24.75,3149,15026744.0,3.332111327283457e-05
2024-05-24,11:56:26,18.0832,27.0,24.75,3148,15026744.0,3.337445063943879e-05
2024-05-24,11:56:26,18.0895,27.0,24.75,3147,15026744.0,3.342787338358289e-05
2024-05-24,11:56:26,18.0956,27.0,24.75,3148,15026744.0,3.337445063943879e-05
2024-05-24,11:56:26,18.1019,27.0,24.75,3148,15026744.0,3.337445063943879e-05
2024-05-24,11:56:26,18.1081,27.0,24.75,3147,15026744.0,3.342787338358289e-05
2024-05-24,11:56:26,18.1143,27.0,24.75,3147,15026744.0,3.342787338358289e-05
2024-05-24,11:56:26,18.1207,27.0,24.75,3147,15026744.0,3.342787338358289e-05
2024-05-24,11:56:26,18.127,27.0,24.75,3147,15026744.0,3.342787338358289e-05
2024-05-24,11:56:26,18.1331,27.0,24.75,3148,15026743.0,3.337445063943879e-05
2024-05-24,11:56:26,18.1394,27.0,24.75,3148,15026743.0,3.337445063943879e-05
2024-05-24,11:56:26,18.1457,27.0,24.75,3147,15026744.0,3.342787338358289e-05
2024-05-24,11:56:26,18.1519,27.0,24.75,3147,15026743.0,3.342787338358289e-05
2024-05-24,11:56:26,18.1582,27.0,24.75,3147,15026743.0,3.342787338358289e-05
2024-05-24,11:56:26,18.1645,27.0,24.75,3147,15026743.0,3.342787338358289e-05
2024-05-24,11:56:26,18.1707,27.0,24.75,3148,15026743.0,3.337445063943879e-05
2024-05-24,11:56:26,18.177,27.0,24.75,3148,15026743.0,3.337445063943879e-05
2024-05-24,11:56:26,18.1833,27.0,24.75,3148,15026743.0,3.337445063943879e-05
2024-05-24,11:56:26,18.1896,27.0,24.75,3148,15026743.0,3.337445063943879e-05
2024-05-24,11:56:26,18.1958,27.0,24.75,3148,15026743.0,3.337445063943879e-05
2024-05-24,11:56:26,18.2021,27.0,24.75,3148,15026743.0,3.337445063943879e-05
2024-05-24,11:56:26,18.2084,27.0,24.75,3147,15026744.0,3.342787338358289e-05
2024-05-24,11:56:26,18.2146,27.0,24.75,3146,15026743.0,3.34813816419313e-05
2024-05-24,11:56:26,18.2209,27.0,24.75,3146,15026743.0,3.34813816419313e-05
2024-05-24,11:56:26,18.2272,27.0,24.75,3147,15026743.0,3.342787338358289e-05
2024-05-24,11:56:26,18.2335,27.0,24.75,3147,15026743.0,3.342787338358289e-05
2024-05-24,11:56:26,18.2397,27.0,24.75,3147,15026743.0,3.342787338358289e-05
2024-05-24,11:56:26,18.246,27.0,24.75,3147,15026743.0,3.342787338358289e-05
2024-05-24,11:56:26,18.2523,27.0,24.75,3146,15026743.0,3.34813816419313e-05
2024-05-24,11:56:26,18.2585,27.0,24.75,3146,15026743.0,3.34813816419313e-05
2024-05-24,11:56:26,18.2647,27.0,24.75,3147,15026743.0,3.342787338358289e-05
2024-05-24,11:56:26,18.271,27.0,24.75,3147,15026743.0,3.342787338358289e-05
2024-05-24,11:56:26,18.2772,27.0,24.75,3147,15026743.0,3.342787338358289e-05
2024-05-24,11:56:26,18.2835,27.0,24.75,3147,15026743.0,3.342787338358289e-05
2024-05-24,11:56:26,18.2899,27.0,24.75,3147,15026743.0,3.342787338358289e-05
2024-05-24,11:56:26,18.2961,27.0,24.75,3147,15026743.0,3.342787338358289e-05
2024-05-24,11:56:26,18.3022,27.0,24.75,3146,15026743.0,3.34813816419313e-05
2024-05-24,11:56:26,18.3085,27.0,24.75,3146,15026743.0,3.34813816419313e-05
2024-05-24,11:56:26,18.3147,27.0,24.75,3146,15026742.0,3.34813816419313e-05
2024-05-24,11:56:26,18.321,27.0,24.75,3146,15026742.0,3.34813816419313e-05
2024-05-24,11:56:26,18.3273,27.0,24.75,3146,15026742.0,3.34813816419313e-05
2024-05-24,11:56:26,18.3336,27.0,24.75,3146,15026742.0,3.34813816419313e-05
2024-05-24,11:56:26,18.34,27.0,24.75,3146,15026743.0,3.34813816419313e-05
2024-05-24,11:56:26,18.3462,27.0,24.75,3145,15026743.0,3.353497555136735e-05
2024-05-24,11:56:26,18.3524,27.0,24.75,3145,15026743.0,3.353497555136735e-05
2024-05-24,11:56:26,18.3586,27.0,24.75,3145,15026742.0,3.353497555136735e-05
2024-05-24,11:56:26,18.3649,27.0,24.75,3145,15026742.0,3.353497555136735e-05
2024-05-24,11:56:26,18.3713,27.0,24.75,3145,15026742.0,3.353497555136735e-05
2024-05-24,11:56:26,18.3776,27.0,24.75,3145,15026742.0,3.353497555136735e-05
2024-05-24,11:56:26,18.3839,27.0,24.75,3145,15026742.0,3.353497555136735e-05
2024-05-24,11:56:26,18.3901,27.0,24.75,3145,15026741.0,3.353497555136735e-05
2024-05-24,11:56:26,18.3964,27.0,24.75,3145,15026742.0,3.353497555136735e-05
2024-05-24,11:56:26,18.4028,27.0,24.75,3145,15026742.0,3.353497555136735e-05
2024-05-24,11:56:26,18.4089,27.0,24.75,3146,15026742.0,3.34813816419313e-05
2024-05-24,11:56:26,18.4151,27.0,24.75,3146,15026742.0,3.34813816419313e-05
2024-05-24,11:56:26,18.4214,27.0,24.75,3145,15026742.0,3.353497555136735e-05
2024-05-24,11:56:26,18.4276,27.0,24.75,3145,15026742.0,3.353497555136735e-05
2024-05-24,11:56:26,18.4339,27.0,24.75,3145,15026742.0,3.353497555136735e-05
2024-05-24,11:56:26,18.4402,27.0,24.75,3145,15026742.0,3.353497555136735e-05
2024-05-24,11:56:26,18.4465,27.0,24.75,3145,15026742.0,3.353497555136735e-05
2024-05-24,11:56:26,18.4529,27.0,24.75,3144,15026742.0,3.358865524899333e-05
2024-05-24,11:56:26,18.4591,27.0,24.75,3144,15026742.0,3.358865524899333e-05
2024-05-24,11:56:26,18.4653,27.0,24.75,3145,15026742.0,3.353497555136735e-05
2024-05-24,11:56:26,18.4715,27.0,24.75,3145,15026742.0,3.353497555136735e-05
2024-05-24,11:56:26,18.4778,27.0,24.75,3145,15026742.0,3.353497555136735e-05
2024-05-24,11:56:26,18.4841,27.0,24.75,3145,15026742.0,3.353497555136735e-05
2024-05-24,11:56:26,18.4904,27.0,24.75,3144,15026741.0,3.358865524899333e-05
2024-05-24,11:56:26,18.4968,27.0,24.75,3144,15026741.0,3.358865524899333e-05
2024-05-24,11:56:26,18.5032,27.0,24.75,3145,15026742.0,3.353497555136735e-05
2024-05-24,11:56:26,18.5093,27.0,24.75,3145,15026742.0,3.353497555136735e-05
2024-05-24,11:56:26,18.5154,27.0,24.75,3145,15026742.0,3.353497555136735e-05
2024-05-24,11:56:26,18.5218,27.0,24.75,3144,15026742.0,3.358865524899333e-05
2024-05-24,11:56:26,18.5281,27.0,24.75,3144,15026742.0,3.358865524899333e-05
2024-05-24,11:56:26,18.5343,27.0,24.75,3145,15026742.0,3.353497555136735e-05
2024-05-24,11:56:26,18.5405,27.0,24.75,3145,15026742.0,3.353497555136735e-05
2024-05-24,11:56:26,18.5468,27.0,24.75,3145,15026741.0,3.353497555136735e-05
2024-05-24,11:56:26,18.5531,27.0,24.75,3145,15026741.0,3.353497555136735e-05
2024-05-24,11:56:26,18.5593,27.0,24.75,3145,15026742.0,3.353497555136735e-05
2024-05-24,11:56:26,18.5656,27.0,24.75,3144,15026742.0,3.358865524899333e-05
2024-05-24,11:56:26,18.5719,27.0,24.75,3144,15026741.0,3.358865524899333e-05
2024-05-24,11:56:26,18.5782,27.0,24.75,3144,15026741.0,3.358865524899333e-05
2024-05-24,11:56:26,18.5844,27.0,24.75,3143,15026741.0,3.364242087213114e-05
2024-05-24,11:56:26,18.5907,27.0,24.75,3143,15026741.0,3.364242087213114e-05
2024-05-24,11:56:26,18.597,27.0,24.75,3143,15026741.0,3.364242087213114e-05
2024-05-24,11:56:26,18.6033,27.0,24.75,3143,15026742.0,3.364242087213114e-05
2024-05-24,11:56:26,18.6095,27.0,24.75,3144,15026741.0,3.358865524899333e-05
2024-05-24,11:56:26,18.6158,27.0,24.75,3145,15026741.0,3.353497555136735e-05
2024-05-24,11:56:26,18.6221,27.0,24.75,3144,15026741.0,3.358865524899333e-05
2024-05-24,11:56:26,18.6283,27.0,24.75,3143,15026741.0,3.364242087213114e-05
2024-05-24,11:56:26,18.6346,27.0,24.75,3144,15026741.0,3.358865524899333e-05
2024-05-24,11:56:26,18.6409,27.0,24.75,3144,15026741.0,3.358865524899333e-05
2024-05-24,11:56:26,18.6472,27.0,24.75,3143,15026741.0,3.364242087213114e-05
2024-05-24,11:56:26,18.6534,27.0,24.75,3143,15026741.0,3.364242087213114e-05
2024-05-24,11:56:26,18.6597,27.0,24.75,3143,15026741.0,3.364242087213114e-05
2024-05-24,11:56:26,18.666,27.0,24.75,3143,15026742.0,3.364242087213114e-05
2024-05-24,11:56:26,18.6722,27.0,24.75,3143,15026742.0,3.364242087213114e-05
2024-05-24,11:56:26,18.6785,27.0,24.75,3143,15026741.0,3.364242087213114e-05
2024-05-24,11:56:26,18.6848,27.0,24.75,3143,15026741.0,3.364242087213114e-05
2024-05-24,11:56:26,18.6911,27.0,24.75,3143,15026741.0,3.364242087213114e-05
2024-05-24,11:56:26,18.6973,27.0,24.75,3143,15026741.0,3.364242087213114e-05
2024-05-24,11:56:26,18.7036,27.0,24.75,3143,15026741.0,3.364242087213114e-05
2024-05-24,11:56:26,18.7099,27.0,24.75,3143,15026740.0,3.364242087213114e-05
2024-05-24,11:56:26,18.7161,27.0,24.75,3143,15026741.0,3.364242087213114e-05
2024-05-24,11:56:26,18.7224,27.0,24.75,3143,15026741.0,3.364242087213114e-05
2024-05-24,11:56:26,18.7287,27.0,24.75,3143,15026740.0,3.364242087213114e-05
2024-05-24,11:56:26,18.7351,27.0,24.75,3143,15026740.0,3.364242087213114e-05
2024-05-24,11:56:26,18.7414,27.0,24.75,3142,15026740.0,3.369627255832234e-05
2024-05-24,11:56:26,18.7475,27.0,24.75,3141,15026740.0,3.375021044532881e-05
2024-05-24,11:56:26,18.7538,27.0,24.75,3142,15026741.0,3.369627255832234e-05
2024-05-24,11:56:26,18.7601,27.0,24.75,3143,15026740.0,3.364242087213114e-05
2024-05-24,11:56:26,18.7665,27.0,24.75,3143,15026740.0,3.364242087213114e-05
2024-05-24,11:56:27,18.7727,27.0,24.75,3143,15026741.0,3.364242087213114e-05
2024-05-24,11:56:27,18.779,27.0,24.75,3143,15026741.0,3.364242087213114e-05
2024-05-24,11:56:27,18.7854,27.0,24.75,3142,15026741.0,3.369627255832234e-05
2024-05-24,11:56:27,18.7917,27.0,24.75,3142,15026741.0,3.369627255832234e-05
2024-05-24,11:56:27,18.7979,27.0,24.75,3143,15026741.0,3.364242087213114e-05
2024-05-24,11:56:27,18.8042,27.0,24.75,3142,15026740.0,3.369627255832234e-05
2024-05-24,11:56:27,18.8105,27.0,24.75,3141,15026741.0,3.375021044532881e-05
2024-05-24,11:56:27,18.8168,27.0,24.75,3141,15026740.0,3.375021044532881e-05
2024-05-24,11:56:27,18.823,27.0,24.75,3142,15026740.0,3.369627255832234e-05
2024-05-24,11:56:27,18.8293,27.0,24.75,3142,15026740.0,3.369627255832234e-05
2024-05-24,11:56:27,18.8356,27.0,24.75,3142,15026740.0,3.369627255832234e-05
2024-05-24,11:56:27,18.8418,27.0,24.75,3143,15026740.0,3.364242087213114e-05
2024-05-24,11:56:27,18.8481,27.0,24.75,3142,15026741.0,3.369627255832234e-05
2024-05-24,11:56:27,18.8545,27.0,24.75,3140,15026739.0,3.38042346711328e-05
2024-05-24,11:56:27,18.8608,27.0,24.75,3141,15026739.0,3.375021044532881e-05
2024-05-24,11:56:27,18.8671,27.0,24.75,3142,15026740.0,3.369627255832234e-05
2024-05-24,11:56:27,18.8733,27.0,24.75,3142,15026740.0,3.369627255832234e-05
2024-05-24,11:56:27,18.8795,27.0,24.75,3142,15026740.0,3.369627255832234e-05
2024-05-24,11:56:27,18.8859,27.0,24.75,3142,15026740.0,3.369627255832234e-05
2024-05-24,11:56:27,18.8923,27.0,24.75,3142,15026740.0,3.369627255832234e-05
2024-05-24,11:56:27,18.8985,27.0,24.75,3141,15026740.0,3.375021044532881e-05
2024-05-24,11:56:27,18.9048,27.0,24.75,3140,15026740.0,3.38042346711328e-05
2024-05-24,11:56:27,18.9111,27.0,24.75,3141,15026739.0,3.375021044532881e-05
2024-05-24,11:56:27,18.9174,27.0,24.75,3141,15026739.0,3.375021044532881e-05
2024-05-24,11:56:27,18.9236,27.0,24.75,3140,15026739.0,3.38042346711328e-05
2024-05-24,11:56:27,18.9299,27.0,24.75,3141,15026740.0,3.375021044532881e-05
2024-05-24,11:56:27,18.9362,27.0,24.75,3141,15026740.0,3.375021044532881e-05
2024-05-24,11:56:27,18.9425,27.0,24.75,3141,15026740.0,3.375021044532881e-05
2024-05-24,11:56:27,18.9487,27.0,24.75,3141,15026740.0,3.375021044532881e-05
2024-05-24,11:56:27,18.955,27.0,24.75,3140,15026739.0,3.38042346711328e-05
2024-05-24,11:56:27,18.9613,27.0,24.75,3140,15026739.0,3.38042346711328e-05
2024-05-24,11:56:27,18.9675,27.0,24.75,3141,15026740.0,3.375021044532881e-05
2024-05-24,11:56:27,18.9739,27.0,24.75,3141,15026740.0,3.375021044532881e-05
2024-05-24,11:56:27,18.9802,27.0,24.75,3141,15026739.0,3.375021044532881e-05
2024-05-24,11:56:27,18.9865,27.0,24.75,3141,15026739.0,3.375021044532881e-05
2024-05-24,11:56:27,18.9928,27.0,24.75,3141,15026739.0,3.375021044532881e-05
2024-05-24,11:56:27,18.999,27.0,24.75,3141,15026739.0,3.375021044532881e-05
2024-05-24,11:56:27,19.0054,27.0,24.75,3140,15026739.0,3.38042346711328e-05
2024-05-24,11:56:27,19.0117,27.0,24.75,3139,15026739.0,3.385834537393757e-05
2024-05-24,11:56:27,19.018,27.0,24.75,3139,15026740.0,3.385834537393757e-05
2024-05-24,11:56:27,19.0242,27.0,24.75,3140,15026740.0,3.38042346711328e-05
2024-05-24,11:56:27,19.0305,27.0,24.75,3140,15026739.0,3.38042346711328e-05
2024-05-24,11:56:27,19.0368,27.0,24.75,3140,15026739.0,3.38042346711328e-05
2024-05-24,11:56:27,19.0431,27.0,24.75,3140,15026739.0,3.38042346711328e-05
2024-05-24,11:56:27,19.0495,27.0,24.75,3140,15026739.0,3.38042346711328e-05
2024-05-24,11:56:27,19.0559,27.0,24.75,3140,15026739.0,3.38042346711328e-05
2024-05-24,11:56:27,19.0621,27.0,24.75,3140,15026739.0,3.38042346711328e-05
2024-05-24,11:56:27,19.0684,27.0,24.75,3140,15026739.0,3.38042346711328e-05
2024-05-24,11:56:27,19.0747,27.0,24.75,3139,15026739.0,3.385834537393757e-05
2024-05-24,11:56:27,19.0809,27.0,24.75,3139,15026739.0,3.385834537393757e-05
2024-05-24,11:56:27,19.0872,27.0,24.75,3140,15026739.0,3.38042346711328e-05
2024-05-24,11:56:27,19.0935,27.0,24.75,3139,15026738.0,3.385834537393757e-05
2024-05-24,11:56:27,19.0999,27.0,24.75,3139,15026738.0,3.385834537393757e-05
2024-05-24,11:56:27,19.1062,27.0,24.75,3140,15026739.0,3.38042346711328e-05
2024-05-24,11:56:27,19.1124,27.0,24.75,3139,15026739.0,3.385834537393757e-05
2024-05-24,11:56:27,19.1188,27.0,24.75,3138,15026739.0,3.391254269216747e-05
2024-05-24,11:56:27,19.1251,27.0,24.75,3139,15026738.0,3.385834537393757e-05
2024-05-24,11:56:27,19.1314,27.0,24.75,3139,15026738.0,3.385834537393757e-05
2024-05-24,11:56:27,19.1377,27.0,24.75,3138,15026738.0,3.391254269216747e-05
2024-05-24,11:56:27,19.1439,27.0,24.75,3139,15026739.0,3.385834537393757e-05
2024-05-24,11:56:27,19.1503,27.0,24.75,3140,15026739.0,3.38042346711328e-05
2024-05-24,11:56:27,19.1566,27.0,24.75,3140,15026739.0,3.38042346711328e-05
2024-05-24,11:56:27,19.1627,27.0,24.75,3140,15026738.0,3.38042346711328e-05
2024-05-24,11:56:27,19.1691,27.0,24.75,3140,15026738.0,3.38042346711328e-05
2024-05-24,11:56:27,19.1755,27.0,24.75,3140,15026739.0,3.38042346711328e-05
2024-05-24,11:56:27,19.1818,27.0,24.75,3139,15026738.0,3.385834537393757e-05
2024-05-24,11:56:27,19.1881,27.0,24.75,3138,15026738.0,3.391254269216747e-05
2024-05-24,11:56:27,19.1944,27.0,24.75,3139,15026739.0,3.385834537393757e-05
2024-05-24,11:56:27,19.2006,27.0,24.75,3140,15026738.0,3.38042346711328e-05
2024-05-24,11:56:27,19.2069,27.0,24.75,3139,15026738.0,3.385834537393757e-05
2024-05-24,11:56:27,19.2133,27.0,24.75,3138,15026738.0,3.391254269216747e-05
2024-05-24,11:56:27,19.2197,27.0,24.75,3139,15026739.0,3.385834537393757e-05
2024-05-24,11:56:27,19.226,27.0,24.75,3139,15026739.0,3.385834537393757e-05
2024-05-24,11:56:27,19.2322,27.0,24.75,3139,15026740.0,3.385834537393757e-05
2024-05-24,11:56:27,19.2385,27.0,24.75,3139,15026740.0,3.385834537393757e-05
2024-05-24,11:56:27,19.2448,27.0,24.75,3138,15026738.0,3.391254269216747e-05
2024-05-24,11:56:27,19.2511,27.0,24.75,3138,15026738.0,3.391254269216747e-05
2024-05-24,11:56:27,19.2573,27.0,24.75,3138,15026738.0,3.391254269216747e-05
2024-05-24,11:56:27,19.2636,27.0,24.75,3138,15026738.0,3.391254269216747e-05
2024-05-24,11:56:27,19.2699,27.0,24.75,3138,15026739.0,3.391254269216747e-05
2024-05-24,11:56:27,19.2761,27.0,24.75,3138,15026739.0,3.391254269216747e-05
2024-05-24,11:56:27,19.2824,27.0,24.75,3139,15026739.0,3.385834537393757e-05
2024-05-24,11:56:27,19.2888,27.0,24.75,3140,15026738.0,3.38042346711328e-05
2024-05-24,11:56:27,19.2951,27.0,24.75,3139,15026738.0,3.385834537393757e-05
2024-05-24,11:56:27,19.3014,27.0,24.75,3139,15026738.0,3.385834537393757e-05
2024-05-24,11:56:27,19.3078,27.0,24.75,3139,15026738.0,3.385834537393757e-05
2024-05-24,11:56:27,19.3142,27.0,24.75,3138,15026739.0,3.391254269216747e-05
2024-05-24,11:56:27,19.3204,27.0,24.75,3138,15026739.0,3.391254269216747e-05
2024-05-24,11:56:27,19.3266,27.0,24.75,3138,15026739.0,3.391254269216747e-05
2024-05-24,11:56:27,19.3329,27.0,24.75,3138,15026738.0,3.391254269216747e-05
2024-05-24,11:56:27,19.3393,27.0,24.75,3138,15026738.0,3.391254269216747e-05
2024-05-24,11:56:27,19.3457,27.0,24.75,3138,15026738.0,3.391254269216747e-05
2024-05-24,11:56:27,19.3519,27.0,24.75,3137,15026738.0,3.396682676446853e-05
2024-05-24,11:56:27,19.3582,27.0,24.75,3137,15026738.0,3.396682676446853e-05
2024-05-24,11:56:27,19.3646,27.0,24.75,3138,15026738.0,3.391254269216747e-05
2024-05-24,11:56:27,19.3709,27.0,24.75,3138,15026737.0,3.391254269216747e-05
2024-05-24,11:56:27,19.377,27.0,24.75,3138,15026738.0,3.391254269216747e-05
2024-05-24,11:56:27,19.3833,27.0,24.75,3138,15026738.0,3.391254269216747e-05
2024-05-24,11:56:27,19.3897,27.0,24.75,3137,15026738.0,3.396682676446853e-05
2024-05-24,11:56:27,19.3961,27.0,24.75,3137,15026738.0,3.396682676446853e-05
2024-05-24,11:56:27,19.4024,27.0,24.75,3138,15026738.0,3.391254269216747e-05
2024-05-24,11:56:27,19.4086,27.0,24.75,3138,15026738.0,3.391254269216747e-05
2024-05-24,11:56:27,19.4149,27.0,24.75,3138,15026738.0,3.391254269216747e-05
2024-05-24,11:56:27,19.4212,27.0,24.75,3138,15026738.0,3.391254269216747e-05
2024-05-24,11:56:27,19.4276,27.0,24.75,3137,15026738.0,3.396682676446853e-05
2024-05-24,11:56:27,19.434,27.0,24.75,3137,15026738.0,3.396682676446853e-05
2024-05-24,11:56:27,19.4402,27.0,24.75,3138,15026738.0,3.391254269216747e-05
2024-05-24,11:56:27,19.4465,27.0,24.75,3138,15026738.0,3.391254269216747e-05
2024-05-24,11:56:27,19.4528,27.0,24.75,3138,15026738.0,3.391254269216747e-05
2024-05-24,11:56:27,19.4591,27.0,24.75,3137,15026738.0,3.396682676446853e-05
2024-05-24,11:56:27,19.4653,27.0,24.75,3137,15026738.0,3.396682676446853e-05
2024-05-24,11:56:27,19.4716,27.0,24.75,3138,15026738.0,3.391254269216747e-05
2024-05-24,11:56:27,19.4779,27.0,24.75,3137,15026738.0,3.396682676446853e-05
2024-05-24,11:56:27,19.4841,27.0,24.75,3136,15026737.0,3.402119772970862e-05
2024-05-24,11:56:27,19.4904,27.0,24.75,3137,15026737.0,3.396682676446853e-05
2024-05-24,11:56:27,19.4967,27.0,24.75,3138,15026737.0,3.391254269216747e-05
2024-05-24,11:56:27,19.503,27.0,24.75,3137,15026738.0,3.396682676446853e-05
2024-05-24,11:56:27,19.5094,27.0,24.75,3137,15026738.0,3.396682676446853e-05
2024-05-24,11:56:27,19.5158,27.0,24.75,3138,15026738.0,3.391254269216747e-05
2024-05-24,11:56:27,19.522,27.0,24.75,3137,15026738.0,3.396682676446853e-05
2024-05-24,11:56:27,19.5283,27.0,24.75,3136,15026738.0,3.402119772970862e-05
2024-05-24,11:56:27,19.5346,27.0,24.75,3136,15026737.0,3.402119772970862e-05
2024-05-24,11:56:27,19.541,27.0,24.75,3136,15026737.0,3.402119772970862e-05
2024-05-24,11:56:27,19.5473,27.0,24.75,3136,15026737.0,3.402119772970862e-05
2024-05-24,11:56:27,19.5535,27.0,24.75,3136,15026737.0,3.402119772970862e-05
2024-05-24,11:56:27,19.5599,27.0,24.75,3136,15026738.0,3.402119772970862e-05
2024-05-24,11:56:27,19.5662,27.0,24.75,3136,15026737.0,3.402119772970862e-05
2024-05-24,11:56:27,19.5725,27.0,24.75,3137,15026737.0,3.396682676446853e-05
2024-05-24,11:56:27,19.5787,27.0,24.75,3137,15026738.0,3.396682676446853e-05
2024-05-24,11:56:27,19.585,27.0,24.75,3136,15026738.0,3.402119772970862e-05
2024-05-24,11:56:27,19.5913,27.0,24.75,3136,15026738.0,3.402119772970862e-05
2024-05-24,11:56:27,19.5976,27.0,24.75,3136,15026737.0,3.402119772970862e-05
2024-05-24,11:56:27,19.6038,27.0,24.75,3136,15026737.0,3.402119772970862e-05
2024-05-24,11:56:27,19.6102,27.0,24.75,3136,15026737.0,3.402119772970862e-05
2024-05-24,11:56:27,19.6166,27.0,24.75,3136,15026737.0,3.402119772970862e-05
2024-05-24,11:56:27,19.6228,27.0,24.75,3136,15026738.0,3.402119772970862e-05
2024-05-24,11:56:27,19.629,27.0,24.75,3136,15026737.0,3.402119772970862e-05
2024-05-24,11:56:27,19.6354,27.0,24.75,3136,15026737.0,3.402119772970862e-05
2024-05-24,11:56:27,19.6417,27.0,24.75,3136,15026737.0,3.402119772970862e-05
2024-05-24,11:56:27,19.648,27.0,24.75,3136,15026737.0,3.402119772970862e-05
2024-05-24,11:56:27,19.6544,27.0,24.75,3136,15026737.0,3.402119772970862e-05
2024-05-24,11:56:27,19.6607,27.0,24.75,3136,15026737.0,3.402119772970862e-05
2024-05-24,11:56:27,19.6669,27.0,24.75,3136,15026737.0,3.402119772970862e-05
2024-05-24,11:56:27,19.6733,27.0,24.75,3136,15026736.0,3.402119772970862e-05
2024-05-24,11:56:27,19.6796,27.0,24.75,3136,15026737.0,3.402119772970862e-05
2024-05-24,11:56:27,19.6859,27.0,24.75,3136,15026737.0,3.402119772970862e-05
2024-05-24,11:56:27,19.6921,27.0,24.75,3136,15026736.0,3.402119772970862e-05
2024-05-24,11:56:27,19.6985,27.0,24.75,3136,15026737.0,3.402119772970862e-05
2024-05-24,11:56:27,19.7049,27.0,24.75,3136,15026737.0,3.402119772970862e-05
2024-05-24,11:56:27,19.7112,27.0,24.75,3135,15026737.0,3.407565572697801e-05
2024-05-24,11:56:27,19.7175,27.0,24.75,3135,15026737.0,3.407565572697801e-05
2024-05-24,11:56:27,19.7238,27.0,24.75,3136,15026737.0,3.402119772970862e-05
2024-05-24,11:56:27,19.73,27.0,24.75,3136,15026737.0,3.402119772970862e-05
2024-05-24,11:56:27,19.7363,27.0,24.75,3135,15026736.0,3.407565572697801e-05
2024-05-24,11:56:27,19.7427,27.0,24.75,3135,15026736.0,3.407565572697801e-05
2024-05-24,11:56:27,19.749,27.0,24.75,3135,15026736.0,3.407565572697801e-05
2024-05-24,11:56:27,19.7553,27.0,24.75,3135,15026736.0,3.407565572697801e-05
2024-05-24,11:56:27,19.7617,27.0,24.75,3135,15026736.0,3.407565572697801e-05
2024-05-24,11:56:27,19.7679,27.0,24.75,3134,15026736.0,3.413020089558949e-05
2024-05-24,11:56:28,19.7742,27.0,24.75,3134,15026737.0,3.413020089558949e-05
2024-05-24,11:56:28,19.7805,27.0,24.75,3135,15026737.0,3.407565572697801e-05
2024-05-24,11:56:28,19.7867,27.0,24.75,3136,15026737.0,3.402119772970862e-05
2024-05-24,11:56:28,19.793,27.0,24.75,3136,15026737.0,3.402119772970862e-05
2024-05-24,11:56:28,19.7994,27.0,24.75,3135,15026736.0,3.407565572697801e-05
2024-05-24,11:56:28,19.8058,27.0,24.75,3135,15026736.0,3.407565572697801e-05
2024-05-24,11:56:28,19.8121,27.0,24.75,3135,15026736.0,3.407565572697801e-05
2024-05-24,11:56:28,19.8184,27.0,24.75,3134,15026736.0,3.413020089558949e-05
2024-05-24,11:56:28,19.8246,27.0,24.75,3134,15026736.0,3.413020089558949e-05
2024-05-24,11:56:28,19.831,27.0,24.75,3134,15026736.0,3.413020089558949e-05
2024-05-24,11:56:28,19.8374,27.0,24.75,3134,15026736.0,3.413020089558949e-05
2024-05-24,11:56:28,19.8437,27.0,24.75,3134,15026736.0,3.413020089558949e-05
2024-05-24,11:56:28,19.85,27.0,24.75,3134,15026736.0,3.413020089558949e-05
2024-05-24,11:56:28,19.8564,27.0,24.75,3134,15026736.0,3.413020089558949e-05
2024-05-24,11:56:28,19.8628,27.0,24.75,3134,15026735.0,3.413020089558949e-05
2024-05-24,11:56:28,19.869,27.0,24.75,3134,15026736.0,3.413020089558949e-05
2024-05-24,11:56:28,19.8752,27.0,24.75,3134,15026735.0,3.413020089558949e-05
2024-05-24,11:56:28,19.8815,27.0,24.75,3135,15026735.0,3.407565572697801e-05
2024-05-24,11:56:28,19.8879,27.0,24.75,3136,15026736.0,3.402119772970862e-05
2024-05-24,11:56:28,19.8941,27.0,24.75,3135,15026736.0,3.407565572697801e-05
2024-05-24,11:56:28,19.9004,27.0,24.75,3134,15026736.0,3.413020089558949e-05
2024-05-24,11:56:28,19.9068,27.0,24.75,3134,15026736.0,3.413020089558949e-05
2024-05-24,11:56:28,19.9132,27.0,24.75,3134,15026736.0,3.413020089558949e-05
2024-05-24,11:56:28,19.9195,27.0,24.75,3134,15026736.0,3.413020089558949e-05
2024-05-24,11:56:28,19.9257,27.0,24.75,3134,15026736.0,3.413020089558949e-05
2024-05-24,11:56:28,19.932,27.0,24.75,3134,15026736.0,3.413020089558949e-05
2024-05-24,11:56:28,19.9383,27.0,24.75,3134,15026736.0,3.413020089558949e-05
2024-05-24,11:56:28,19.9447,27.0,24.75,3134,15026736.0,3.413020089558949e-05
2024-05-24,11:56:28,19.9511,27.0,24.75,3134,15026736.0,3.413020089558949e-05
2024-05-24,11:56:28,19.9574,27.0,24.75,3134,15026736.0,3.413020089558949e-05
2024-05-24,11:56:28,19.9636,27.0,24.75,3133,15026736.0,3.418483337507897e-05
2024-05-24,11:56:28,19.9699,27.0,24.75,3133,15026735.0,3.418483337507897e-05
2024-05-24,11:56:28,19.9762,27.0,24.75,3133,15026735.0,3.418483337507897e-05
2024-05-24,11:56:28,19.9826,27.0,24.75,3133,15026736.0,3.418483337507897e-05
2024-05-24,11:56:28,19.989,27.0,24.75,3134,15026735.0,3.413020089558949e-05
2024-05-24,11:56:28,19.9953,27.0,24.75,3134,15026735.0,3.413020089558949e-05
2024-05-24,11:56:28,20.0015,27.0,24.75,3133,15026736.0,3.418483337507897e-05
2024-05-24,11:56:28,20.0079,27.0,24.75,3133,15026736.0,3.418483337507897e-05
2024-05-24,11:56:28,20.0142,27.0,24.75,3133,15026736.0,3.418483337507897e-05
2024-05-24,11:56:28,20.0203,27.0,24.75,3132,15026736.0,3.423955330520559e-05
2024-05-24,11:56:28,20.0267,27.0,24.75,3133,15026736.0,3.418483337507897e-05
2024-05-24,11:56:28,20.0331,27.0,24.75,3134,15026736.0,3.413020089558949e-05
2024-05-24,11:56:28,20.0394,27.0,24.75,3133,15026735.0,3.418483337507897e-05
2024-05-24,11:56:28,20.0458,27.0,24.75,3133,15026735.0,3.418483337507897e-05
2024-05-24,11:56:28,20.0521,27.0,24.75,3134,15026735.0,3.413020089558949e-05
2024-05-24,11:56:28,20.0584,27.0,24.75,3134,15026735.0,3.413020089558949e-05
2024-05-24,11:56:28,20.0648,27.0,24.75,3134,15026735.0,3.413020089558949e-05
2024-05-24,11:56:28,20.071,27.0,24.75,3134,15026735.0,3.413020089558949e-05
2024-05-24,11:56:28,20.0773,27.0,24.75,3134,15026735.0,3.413020089558949e-05
2024-05-24,11:56:28,20.0837,27.0,24.75,3133,15026736.0,3.418483337507897e-05
2024-05-24,11:56:28,20.09,27.0,24.75,3132,15026736.0,3.423955330520559e-05
2024-05-24,11:56:28,20.0962,27.0,24.75,3133,15026735.0,3.418483337507897e-05
2024-05-24,11:56:28,20.1026,27.0,24.75,3134,15026736.0,3.413020089558949e-05
2024-05-24,11:56:28,20.1089,27.0,24.75,3134,15026736.0,3.413020089558949e-05
2024-05-24,11:56:28,20.1152,27.0,24.75,3134,15026736.0,3.413020089558949e-05
2024-05-24,11:56:28,20.1215,27.0,24.75,3133,15026736.0,3.418483337507897e-05
2024-05-24,11:56:28,20.1277,27.0,24.75,3132,15026735.0,3.423955330520559e-05
2024-05-24,11:56:28,20.1341,27.0,24.75,3132,15026735.0,3.423955330520559e-05
2024-05-24,11:56:28,20.1405,27.0,24.75,3132,15026735.0,3.423955330520559e-05
2024-05-24,11:56:28,20.1468,27.0,24.75,3132,15026735.0,3.423955330520559e-05
2024-05-24,11:56:28,20.1531,27.0,24.75,3133,15026735.0,3.418483337507897e-05
2024-05-24,11:56:28,20.1595,27.0,24.75,3134,15026735.0,3.413020089558949e-05
2024-05-24,11:56:28,20.1659,27.0,24.75,3133,15026735.0,3.418483337507897e-05
2024-05-24,11:56:28,20.1721,27.0,24.75,3133,15026735.0,3.418483337507897e-05
2024-05-24,11:56:28,20.1784,27.0,24.75,3133,15026735.0,3.418483337507897e-05
2024-05-24,11:56:28,20.1848,27.0,24.75,3132,15026735.0,3.423955330520559e-05
2024-05-24,11:56:28,20.1911,27.0,24.75,3132,15026735.0,3.423955330520559e-05
2024-05-24,11:56:28,20.1974,27.0,24.75,3133,15026735.0,3.418483337507897e-05
2024-05-24,11:56:28,20.2038,27.0,24.75,3133,15026735.0,3.418483337507897e-05
2024-05-24,11:56:28,20.21,27.0,24.75,3132,15026735.0,3.423955330520559e-05
2024-05-24,11:56:28,20.2163,27.0,24.75,3132,15026735.0,3.423955330520559e-05
2024-05-24,11:56:28,20.2227,27.0,24.75,3132,15026735.0,3.423955330520559e-05
2024-05-24,11:56:28,20.2291,27.0,24.75,3132,15026734.0,3.423955330520559e-05
2024-05-24,11:56:28,20.2354,27.0,24.75,3132,15026734.0,3.423955330520559e-05
2024-05-24,11:56:28,20.2417,27.0,24.75,3131,15026734.0,3.429436082595234e-05
2024-05-24,11:56:28,20.2481,27.0,24.75,3132,15026733.0,3.423955330520559e-05
2024-05-24,11:56:28,20.2543,27.0,24.75,3133,15026735.0,3.418483337507897e-05
2024-05-24,11:56:28,20.2605,27.0,24.75,3132,15026735.0,3.423955330520559e-05
2024-05-24,11:56:28,20.2669,27.0,24.75,3132,15026735.0,3.423955330520559e-05
2024-05-24,11:56:28,20.2733,27.0,24.75,3133,15026734.0,3.418483337507897e-05
2024-05-24,11:56:28,20.2795,27.0,24.75,3133,15026735.0,3.418483337507897e-05
2024-05-24,11:56:28,20.2858,27.0,24.75,3132,15026735.0,3.423955330520559e-05
2024-05-24,11:56:28,20.2921,27.0,24.75,3132,15026734.0,3.423955330520559e-05
2024-05-24,11:56:28,20.2985,27.0,24.75,3132,15026734.0,3.423955330520559e-05
2024-05-24,11:56:28,20.3049,27.0,24.75,3132,15026734.0,3.423955330520559e-05
2024-05-24,11:56:28,20.3112,27.0,24.75,3132,15026734.0,3.423955330520559e-05
2024-05-24,11:56:28,20.3174,27.0,24.75,3132,15026735.0,3.423955330520559e-05
2024-05-24,11:56:28,20.3237,27.0,24.75,3132,15026735.0,3.423955330520559e-05
2024-05-24,11:56:28,20.3301,27.0,24.75,3131,15026734.0,3.429436082595234e-05
2024-05-24,11:56:28,20.3365,27.0,24.75,3131,15026734.0,3.429436082595234e-05
2024-05-24,11:56:28,20.3428,27.0,24.75,3131,15026734.0,3.429436082595234e-05
2024-05-24,11:56:28,20.3492,27.0,24.75,3131,15026734.0,3.429436082595234e-05
2024-05-24,11:56:28,20.3554,27.0,24.75,3131,15026734.0,3.429436082595234e-05
2024-05-24,11:56:28,20.3617,27.0,24.75,3131,15026735.0,3.429436082595234e-05
2024-05-24,11:56:28,20.3681,27.0,24.75,3131,15026735.0,3.429436082595234e-05
2024-05-24,11:56:28,20.3744,27.0,24.75,3131,15026734.0,3.429436082595234e-05
2024-05-24,11:56:28,20.3807,27.0,24.75,3131,15026734.0,3.429436082595234e-05
2024-05-24,11:56:28,20.3869,27.0,24.75,3131,15026734.0,3.429436082595234e-05
2024-05-24,11:56:28,20.3932,27.0,24.75,3131,15026734.0,3.429436082595234e-05
2024-05-24,11:56:28,20.3996,27.0,24.75,3131,15026734.0,3.429436082595234e-05
2024-05-24,11:56:28,20.406,27.0,24.75,3132,15026734.0,3.423955330520559e-05
2024-05-24,11:56:28,20.4123,27.0,24.75,3132,15026734.0,3.423955330520559e-05
2024-05-24,11:56:28,20.4185,27.0,24.75,3131,15026735.0,3.429436082595234e-05
2024-05-24,11:56:28,20.4249,27.0,24.75,3130,15026735.0,3.434925607752613e-05
2024-05-24,11:56:28,20.4313,27.0,24.75,3130,15026734.0,3.434925607752613e-05
2024-05-24,11:56:28,20.4376,27.0,24.75,3131,15026734.0,3.429436082595234e-05
2024-05-24,11:56:28,20.4439,27.0,24.75,3131,15026734.0,3.429436082595234e-05
2024-05-24,11:56:28,20.4502,27.0,24.75,3131,15026735.0,3.429436082595234e-05
2024-05-24,11:56:28,20.4564,27.0,24.75,3131,15026734.0,3.429436082595234e-05
2024-05-24,11:56:28,20.4627,27.0,24.75,3131,15026734.0,3.429436082595234e-05
2024-05-24,11:56:28,20.469,27.0,24.75,3131,15026734.0,3.429436082595234e-05
2024-05-24,11:56:28,20.4754,27.0,24.75,3131,15026734.0,3.429436082595234e-05
2024-05-24,11:56:28,20.4818,27.0,24.75,3131,15026734.0,3.429436082595234e-05
2024-05-24,11:56:28,20.4881,27.0,24.75,3131,15026733.0,3.429436082595234e-05
2024-05-24,11:56:28,20.4943,27.0,24.75,3131,15026734.0,3.429436082595234e-05
2024-05-24,11:56:28,20.5006,27.0,24.75,3130,15026734.0,3.434925607752613e-05
2024-05-24,11:56:28,20.5069,27.0,24.75,3130,15026733.0,3.434925607752613e-05
2024-05-24,11:56:28,20.5133,27.0,24.75,3131,15026733.0,3.429436082595234e-05
2024-05-24,11:56:28,20.5197,27.0,24.75,3131,15026733.0,3.429436082595234e-05
2024-05-24,11:56:28,20.5261,27.0,24.75,3131,15026734.0,3.429436082595234e-05
2024-05-24,11:56:28,20.5325,27.0,24.75,3131,15026734.0,3.429436082595234e-05
2024-05-24,11:56:28,20.5387,27.0,24.75,3131,15026734.0,3.429436082595234e-05
2024-05-24,11:56:28,20.545,27.0,24.75,3131,15026734.0,3.429436082595234e-05
2024-05-24,11:56:28,20.5513,27.0,24.75,3131,15026734.0,3.429436082595234e-05
2024-05-24,11:56:28,20.5576,27.0,24.75,3130,15026733.0,3.434925607752613e-05
2024-05-24,11:56:28,20.564,27.0,24.75,3129,15026733.0,3.440423920035846e-05
2024-05-24,11:56:28,20.5704,27.0,24.75,3129,15026733.0,3.440423920035846e-05
2024-05-24,11:56:28,20.5766,27.0,24.75,3130,15026733.0,3.434925607752613e-05
2024-05-24,11:56:28,20.5829,27.0,24.75,3131,15026733.0,3.429436082595234e-05
2024-05-24,11:56:28,20.5892,27.0,24.75,3131,15026733.0,3.429436082595234e-05
2024-05-24,11:56:28,20.5954,27.0,24.75,3131,15026734.0,3.429436082595234e-05
2024-05-24,11:56:28,20.6018,27.0,24.75,3130,15026734.0,3.434925607752613e-05
2024-05-24,11:56:28,20.6082,27.0,24.75,3130,15026733.0,3.434925607752613e-05
2024-05-24,11:56:28,20.6145,27.0,24.75,3130,15026734.0,3.434925607752613e-05
2024-05-24,11:56:28,20.6208,27.0,24.75,3130,15026734.0,3.434925607752613e-05
2024-05-24,11:56:28,20.6271,27.0,24.75,3131,15026733.0,3.429436082595234e-05
2024-05-24,11:56:28,20.6335,27.0,24.75,3131,15026733.0,3.429436082595234e-05
2024-05-24,11:56:28,20.64,27.0,24.75,3130,15026733.0,3.434925607752613e-05
2024-05-24,11:56:28,20.6463,27.0,24.75,3130,15026734.0,3.434925607752613e-05
2024-05-24,11:56:28,20.6524,27.0,24.75,3130,15026734.0,3.434925607752613e-05
2024-05-24,11:56:28,20.6587,27.0,24.75,3130,15026734.0,3.434925607752613e-05
2024-05-24,11:56:28,20.6651,27.0,24.75,3130,15026734.0,3.434925607752613e-05
2024-05-24,11:56:28,20.6715,27.0,24.75,3130,15026733.0,3.434925607752613e-05
2024-05-24,11:56:28,20.6777,27.0,24.75,3130,15026733.0,3.434925607752613e-05
2024-05-24,11:56:28,20.684,27.0,24.75,3129,15026733.0,3.440423920035846e-05
2024-05-24,11:56:28,20.6903,27.0,24.75,3128,15026733.0,3.445931033510548e-05
2024-05-24,11:56:28,20.6967,27.0,24.75,3128,15026733.0,3.445931033510548e-05
2024-05-24,11:56:28,20.7031,27.0,24.75,3129,15026732.0,3.440423920035846e-05
2024-05-24,11:56:28,20.7094,27.0,24.75,3130,15026733.0,3.434925607752613e-05
2024-05-24,11:56:28,20.7158,27.0,24.75,3130,15026733.0,3.434925607752613e-05
2024-05-24,11:56:28,20.7222,27.0,24.75,3130,15026733.0,3.434925607752613e-05
2024-05-24,11:56:28,20.7284,27.0,24.75,3130,15026734.0,3.434925607752613e-05
2024-05-24,11:56:28,20.7347,27.0,24.75,3130,15026734.0,3.434925607752613e-05
2024-05-24,11:56:28,20.741,27.0,24.75,3130,15026733.0,3.434925607752613e-05
2024-05-24,11:56:28,20.7473,27.0,24.75,3129,15026733.0,3.440423920035846e-05
2024-05-24,11:56:28,20.7537,27.0,24.75,3129,15026733.0,3.440423920035846e-05
2024-05-24,11:56:28,20.7601,27.0,24.75,3130,15026733.0,3.434925607752613e-05
2024-05-24,11:56:28,20.7663,27.0,24.75,3130,15026733.0,3.434925607752613e-05
2024-05-24,11:56:29,20.7726,27.0,24.75,3129,15026732.0,3.440423920035846e-05
2024-05-24,11:56:29,20.779,27.0,24.75,3129,15026732.0,3.440423920035846e-05
2024-05-24,11:56:29,20.7854,27.0,24.75,3129,15026733.0,3.440423920035846e-05
2024-05-24,11:56:29,20.7917,27.0,24.75,3129,15026733.0,3.440423920035846e-05
2024-05-24,11:56:29,20.7979,27.0,24.75,3129,15026733.0,3.440423920035846e-05
2024-05-24,11:56:29,20.8043,27.0,24.75,3128,15026733.0,3.445931033510548e-05
2024-05-24,11:56:29,20.8107,27.0,24.75,3128,15026733.0,3.445931033510548e-05
2024-05-24,11:56:29,20.817,27.0,24.75,3129,15026733.0,3.440423920035846e-05
2024-05-24,11:56:29,20.8233,27.0,24.75,3129,15026733.0,3.440423920035846e-05
2024-05-24,11:56:29,20.8296,27.0,24.75,3129,15026733.0,3.440423920035846e-05
2024-05-24,11:56:29,20.836,27.0,24.75,3129,15026733.0,3.440423920035846e-05
2024-05-24,11:56:29,20.8424,27.0,24.75,3130,15026732.0,3.434925607752613e-05
2024-05-24,11:56:29,20.8486,27.0,24.75,3130,15026732.0,3.434925607752613e-05
2024-05-24,11:56:29,20.8549,27.0,24.75,3129,15026733.0,3.440423920035846e-05
2024-05-24,11:56:29,20.8612,27.0,24.75,3129,15026733.0,3.440423920035846e-05
2024-05-24,11:56:29,20.8676,27.0,24.75,3129,15026733.0,3.440423920035846e-05
2024-05-24,11:56:29,20.874,27.0,24.75,3129,15026733.0,3.440423920035846e-05
2024-05-24,11:56:29,20.8802,27.0,24.75,3129,15026732.0,3.440423920035846e-05
2024-05-24,11:56:29,20.8865,27.0,24.75,3129,15026732.0,3.440423920035846e-05
2024-05-24,11:56:29,20.8928,27.0,24.75,3128,15026733.0,3.445931033510548e-05
2024-05-24,11:56:29,20.8992,27.0,24.75,3128,15026733.0,3.445931033510548e-05
2024-05-24,11:56:29,20.9056,27.0,24.75,3129,15026733.0,3.440423920035846e-05
2024-05-24,11:56:29,20.9119,27.0,24.75,3129,15026732.0,3.440423920035846e-05
2024-05-24,11:56:29,20.9181,27.0,24.75,3129,15026732.0,3.440423920035846e-05
2024-05-24,11:56:29,20.9244,27.0,24.75,3129,15026733.0,3.440423920035846e-05
2024-05-24,11:56:29,20.9308,27.0,24.75,3128,15026733.0,3.445931033510548e-05
2024-05-24,11:56:29,20.9371,27.0,24.75,3128,15026732.0,3.445931033510548e-05
2024-05-24,11:56:29,20.9433,27.0,24.75,3128,15026732.0,3.445931033510548e-05
2024-05-24,11:56:29,20.9497,27.0,24.75,3128,15026733.0,3.445931033510548e-05
2024-05-24,11:56:29,20.9561,27.0,24.75,3128,15026733.0,3.445931033510548e-05
2024-05-24,11:56:29,20.9625,27.0,24.75,3128,15026732.0,3.445931033510548e-05
2024-05-24,11:56:29,20.9688,27.0,24.75,3129,15026732.0,3.440423920035846e-05
2024-05-24,11:56:29,20.9751,27.0,24.75,3129,15026732.0,3.440423920035846e-05
2024-05-24,11:56:29,20.9814,27.0,24.75,3128,15026732.0,3.445931033510548e-05
2024-05-24,11:56:29,20.9878,27.0,24.75,3128,15026733.0,3.445931033510548e-05
2024-05-24,11:56:29,20.9942,27.0,24.75,3128,15026732.0,3.445931033510548e-05
2024-05-24,11:56:29,21.0004,27.0,24.75,3128,15026733.0,3.445931033510548e-05
2024-05-24,11:56:29,21.0067,27.0,24.75,3129,15026732.0,3.440423920035846e-05
2024-05-24,11:56:29,21.013,27.0,24.75,3129,15026732.0,3.440423920035846e-05
2024-05-24,11:56:29,21.0194,27.0,24.75,3128,15026732.0,3.445931033510548e-05
2024-05-24,11:56:29,21.0258,27.0,24.75,3128,15026732.0,3.445931033510548e-05
2024-05-24,11:56:29,21.0321,27.0,24.75,3128,15026732.0,3.445931033510548e-05
2024-05-24,11:56:29,21.0383,27.0,24.75,3127,15026732.0,3.45144696226486e-05
2024-05-24,11:56:29,21.0447,27.0,24.75,3127,15026732.0,3.45144696226486e-05
2024-05-24,11:56:29,21.0511,27.0,24.75,3127,15026732.0,3.45144696226486e-05
2024-05-24,11:56:29,21.0574,27.0,24.75,3127,15026732.0,3.45144696226486e-05
2024-05-24,11:56:29,21.0637,27.0,24.75,3127,15026732.0,3.45144696226486e-05
2024-05-24,11:56:29,21.0701,27.0,24.75,3128,15026731.0,3.445931033510548e-05
2024-05-24,11:56:29,21.0765,27.0,24.75,3129,15026732.0,3.440423920035846e-05
2024-05-24,11:56:29,21.0827,27.0,24.75,3128,15026733.0,3.445931033510548e-05
2024-05-24,11:56:29,21.089,27.0,24.75,3127,15026732.0,3.45144696226486e-05
2024-05-24,11:56:29,21.0954,27.0,24.75,3127,15026732.0,3.45144696226486e-05
2024-05-24,11:56:29,21.1017,27.0,24.75,3127,15026732.0,3.45144696226486e-05
2024-05-24,11:56:29,21.108,27.0,24.75,3127,15026732.0,3.45144696226486e-05
2024-05-24,11:56:29,21.1144,27.0,24.75,3128,15026732.0,3.445931033510548e-05
2024-05-24,11:56:29,21.1206,27.0,24.75,3128,15026732.0,3.445931033510548e-05
2024-05-24,11:56:29,21.1269,27.0,24.75,3128,15026732.0,3.445931033510548e-05
2024-05-24,11:56:29,21.1333,27.0,24.75,3127,15026732.0,3.45144696226486e-05
2024-05-24,11:56:29,21.1397,27.0,24.75,3127,15026732.0,3.45144696226486e-05
2024-05-24,11:56:29,21.1461,27.0,24.75,3128,15026732.0,3.445931033510548e-05
2024-05-24,11:56:29,21.1524,27.0,24.75,3127,15026732.0,3.45144696226486e-05
2024-05-24,11:56:29,21.1586,27.0,24.75,3127,15026732.0,3.45144696226486e-05
2024-05-24,11:56:29,21.165,27.0,24.75,3128,15026732.0,3.445931033510548e-05
2024-05-24,11:56:29,21.1713,27.0,24.75,3128,15026732.0,3.445931033510548e-05
2024-05-24,11:56:29,21.1776,27.0,24.75,3127,15026731.0,3.45144696226486e-05
2024-05-24,11:56:29,21.184,27.0,24.75,3127,15026731.0,3.45144696226486e-05
2024-05-24,11:56:29,21.1904,27.0,24.75,3127,15026732.0,3.45144696226486e-05
2024-05-24,11:56:29,21.1967,27.0,24.75,3127,15026731.0,3.45144696226486e-05
2024-05-24,11:56:29,21.2029,27.0,24.75,3127,15026731.0,3.45144696226486e-05
2024-05-24,11:56:29,21.2092,27.0,24.75,3127,15026731.0,3.45144696226486e-05
2024-05-24,11:56:29,21.2155,27.0,24.75,3127,15026732.0,3.45144696226486e-05
2024-05-24,11:56:29,21.2219,27.0,24.75,3126,15026732.0,3.456971720409463e-05
2024-05-24,11:56:29,21.2283,27.0,24.75,3126,15026732.0,3.456971720409463e-05
2024-05-24,11:56:29,21.2347,27.0,24.75,3127,15026732.0,3.45144696226486e-05
2024-05-24,11:56:29,21.2409,27.0,24.75,3127,15026732.0,3.45144696226486e-05
2024-05-24,11:56:29,21.2471,27.0,24.75,3127,15026732.0,3.45144696226486e-05
2024-05-24,11:56:29,21.2534,27.0,24.75,3127,15026732.0,3.45144696226486e-05
2024-05-24,11:56:29,21.2599,27.0,24.75,3126,15026732.0,3.456971720409463e-05
2024-05-24,11:56:29,21.2663,27.0,24.75,3126,15026732.0,3.456971720409463e-05
2024-05-24,11:56:29,21.2724,27.0,24.75,3126,15026732.0,3.456971720409463e-05
2024-05-24,11:56:29,21.2787,27.0,24.75,3126,15026731.0,3.456971720409463e-05
2024-05-24,11:56:29,21.285,27.0,24.75,3126,15026731.0,3.456971720409463e-05
2024-05-24,11:56:29,21.2914,27.0,24.75,3126,15026732.0,3.456971720409463e-05
2024-05-24,11:56:29,21.2978,27.0,24.75,3127,15026731.0,3.45144696226486e-05
2024-05-24,11:56:29,21.3041,27.0,24.75,3127,15026731.0,3.45144696226486e-05
2024-05-24,11:56:29,21.3105,27.0,24.75,3127,15026731.0,3.45144696226486e-05
2024-05-24,11:56:29,21.3169,27.0,24.75,3127,15026731.0,3.45144696226486e-05
2024-05-24,11:56:29,21.3231,27.0,24.75,3126,15026731.0,3.456971720409463e-05
2024-05-24,11:56:29,21.3294,27.0,24.75,3126,15026732.0,3.456971720409463e-05
2024-05-24,11:56:29,21.3358,27.0,24.75,3127,15026731.0,3.45144696226486e-05
2024-05-24,11:56:29,21.3421,27.0,24.75,3127,15026732.0,3.45144696226486e-05
2024-05-24,11:56:29,21.3483,27.0,24.75,3126,15026732.0,3.456971720409463e-05
2024-05-24,11:56:29,21.3547,27.0,24.75,3126,15026731.0,3.456971720409463e-05
2024-05-24,11:56:29,21.361,27.0,24.75,3126,15026731.0,3.456971720409463e-05
2024-05-24,11:56:29,21.3674,27.0,24.75,3126,15026731.0,3.456971720409463e-05
2024-05-24,11:56:29,21.3738,27.0,24.75,3126,15026731.0,3.456971720409463e-05
2024-05-24,11:56:29,21.3801,27.0,24.75,3126,15026731.0,3.456971720409463e-05
2024-05-24,11:56:29,21.3864,27.0,24.75,3126,15026731.0,3.456971720409463e-05
2024-05-24,11:56:29,21.3926,27.0,24.75,3126,15026731.0,3.456971720409463e-05
2024-05-24,11:56:29,21.399,27.0,24.75,3126,15026731.0,3.456971720409463e-05
2024-05-24,11:56:29,21.4054,27.0,24.75,3125,15026731.0,3.462505322077639e-05
2024-05-24,11:56:29,21.4117,27.0,24.75,3126,15026730.0,3.456971720409463e-05
2024-05-24,11:56:29,21.418,27.0,24.75,3126,15026731.0,3.456971720409463e-05
2024-05-24,11:56:29,21.4244,27.0,24.75,3125,15026731.0,3.462505322077639e-05
2024-05-24,11:56:29,21.4308,27.0,24.75,3125,15026731.0,3.462505322077639e-05
2024-05-24,11:56:29,21.437,27.0,24.75,3126,15026731.0,3.456971720409463e-05
2024-05-24,11:56:29,21.4433,27.0,24.75,3126,15026731.0,3.456971720409463e-05
2024-05-24,11:56:29,21.4497,27.0,24.75,3125,15026731.0,3.462505322077639e-05
2024-05-24,11:56:29,21.456,27.0,24.75,3125,15026731.0,3.462505322077639e-05
2024-05-24,11:56:29,21.4623,27.0,24.75,3125,15026731.0,3.462505322077639e-05
2024-05-24,11:56:29,21.4687,27.0,24.75,3125,15026731.0,3.462505322077639e-05
2024-05-24,11:56:29,21.4751,27.0,24.75,3125,15026731.0,3.462505322077639e-05
2024-05-24,11:56:29,21.4813,27.0,24.75,3125,15026730.0,3.462505322077639e-05
2024-05-24,11:56:29,21.4876,27.0,24.75,3125,15026731.0,3.462505322077639e-05
2024-05-24,11:56:29,21.494,27.0,24.75,3125,15026731.0,3.462505322077639e-05
2024-05-24,11:56:29,21.5003,27.0,24.75,3125,15026731.0,3.462505322077639e-05
2024-05-24,11:56:29,21.5067,27.0,24.75,3125,15026731.0,3.462505322077639e-05
2024-05-24,11:56:29,21.5131,27.0,24.75,3125,15026731.0,3.462505322077639e-05
2024-05-24,11:56:29,21.5193,27.0,24.75,3126,15026730.0,3.456971720409463e-05
2024-05-24,11:56:29,21.5256,27.0,24.75,3126,15026730.0,3.456971720409463e-05
2024-05-24,11:56:29,21.5319,27.0,24.75,3125,15026731.0,3.462505322077639e-05
2024-05-24,11:56:29,21.5383,27.0,24.75,3125,15026731.0,3.462505322077639e-05
2024-05-24,11:56:29,21.5447,27.0,24.75,3125,15026731.0,3.462505322077639e-05
2024-05-24,11:56:29,21.5511,27.0,24.75,3125,15026730.0,3.462505322077639e-05
2024-05-24,11:56:29,21.5574,27.0,24.75,3125,15026731.0,3.462505322077639e-05
2024-05-24,11:56:29,21.5636,27.0,24.75,3125,15026731.0,3.462505322077639e-05
2024-05-24,11:56:29,21.57,27.0,24.75,3125,15026731.0,3.462505322077639e-05
2024-05-24,11:56:29,21.5763,27.0,24.75,3125,15026731.0,3.462505322077639e-05
2024-05-24,11:56:29,21.5827,27.0,24.75,3125,15026730.0,3.462505322077639e-05
2024-05-24,11:56:29,21.5891,27.0,24.75,3126,15026730.0,3.456971720409463e-05
2024-05-24,11:56:29,21.5954,27.0,24.75,3126,15026730.0,3.456971720409463e-05
2024-05-24,11:56:29,21.6017,27.0,24.75,3124,15026730.0,3.468047781425276e-05
2024-05-24,11:56:29,21.6081,27.0,24.75,3124,15026730.0,3.468047781425276e-05
2024-05-24,11:56:29,21.6145,27.0,24.75,3125,15026730.0,3.462505322077639e-05
2024-05-24,11:56:29,21.6207,27.0,24.75,3125,15026731.0,3.462505322077639e-05
2024-05-24,11:56:29,21.627,27.0,24.75,3125,15026731.0,3.462505322077639e-05
2024-05-24,11:56:29,21.6333,27.0,24.75,3125,15026730.0,3.462505322077639e-05
2024-05-24,11:56:29,21.6397,27.0,24.75,3125,15026730.0,3.462505322077639e-05
2024-05-24,11:56:29,21.6461,27.06,24.75,3125,15026730.0,3.462505322077639e-05
2024-05-24,11:56:29,21.6525,27.06,24.75,3125,15026730.0,3.462505322077639e-05
2024-05-24,11:56:29,21.6587,27.06,24.75,3125,15026730.0,3.462505322077639e-05
2024-05-24,11:56:29,21.665,27.06,24.75,3125,15026730.0,3.462505322077639e-05
2024-05-24,11:56:29,21.6714,27.06,24.75,3125,15026730.0,3.462505322077639e-05
2024-05-24,11:56:29,21.6777,27.06,24.75,3125,15026730.0,3.462505322077639e-05
2024-05-24,11:56:29,21.684,27.06,24.75,3125,15026730.0,3.462505322077639e-05
2024-05-24,11:56:29,21.6904,27.06,24.75,3125,15026730.0,3.462505322077639e-05
2024-05-24,11:56:29,21.6968,27.06,24.75,3125,15026731.0,3.462505322077639e-05
2024-05-24,11:56:29,21.703,27.06,24.75,3124,15026731.0,3.468047781425276e-05
2024-05-24,11:56:29,21.7093,27.06,24.75,3124,15026730.0,3.468047781425276e-05
2024-05-24,11:56:29,21.7157,27.06,24.75,3124,15026730.0,3.468047781425276e-05
2024-05-24,11:56:29,21.7221,27.06,24.75,3123,15026730.0,3.47359911263094e-05
2024-05-24,11:56:29,21.7284,27.06,24.75,3123,15026730.0,3.47359911263094e-05
2024-05-24,11:56:29,21.7346,27.06,24.75,3124,15026730.0,3.468047781425276e-05
2024-05-24,11:56:29,21.7412,27.06,24.75,3124,15026730.0,3.468047781425276e-05
2024-05-24,11:56:29,21.7476,27.06,24.75,3124,15026730.0,3.468047781425276e-05
2024-05-24,11:56:29,21.7538,27.06,24.75,3124,15026730.0,3.468047781425276e-05
2024-05-24,11:56:29,21.7601,27.06,24.75,3123,15026730.0,3.47359911263094e-05
2024-05-24,11:56:29,21.7664,27.06,24.75,3123,15026731.0,3.47359911263094e-05
2024-05-24,11:56:30,21.7727,27.06,24.75,3123,15026730.0,3.47359911263094e-05
2024-05-24,11:56:30,21.7789,27.06,24.75,3124,15026730.0,3.468047781425276e-05
2024-05-24,11:56:30,21.7853,27.06,24.75,3124,15026730.0,3.468047781425276e-05
2024-05-24,11:56:30,21.7917,27.06,24.75,3123,15026730.0,3.47359911263094e-05
2024-05-24,11:56:30,21.7981,27.06,24.75,3123,15026730.0,3.47359911263094e-05
2024-05-24,11:56:30,21.8044,27.06,24.75,3124,15026730.0,3.468047781425276e-05
2024-05-24,11:56:30,21.8107,27.06,24.75,3125,15026729.0,3.462505322077639e-05
2024-05-24,11:56:30,21.8171,27.06,24.75,3124,15026729.0,3.468047781425276e-05
2024-05-24,11:56:30,21.8235,27.06,24.75,3123,15026729.0,3.47359911263094e-05
2024-05-24,11:56:30,21.8297,27.06,24.75,3123,15026730.0,3.47359911263094e-05
2024-05-24,11:56:30,21.836,27.06,24.75,3123,15026730.0,3.47359911263094e-05
2024-05-24,11:56:30,21.8424,27.06,24.75,3123,15026730.0,3.47359911263094e-05
2024-05-24,11:56:30,21.8487,27.06,24.75,3123,15026730.0,3.47359911263094e-05
2024-05-24,11:56:30,21.855,27.06,24.75,3123,15026730.0,3.47359911263094e-05
2024-05-24,11:56:30,21.8614,27.06,24.75,3124,15026730.0,3.468047781425276e-05
2024-05-24,11:56:30,21.8676,27.06,24.75,3124,15026730.0,3.468047781425276e-05
2024-05-24,11:56:30,21.8739,27.06,24.75,3123,15026730.0,3.47359911263094e-05
2024-05-24,11:56:30,21.8803,27.06,24.75,3123,15026730.0,3.47359911263094e-05
2024-05-24,11:56:30,21.8867,27.06,24.75,3123,15026729.0,3.47359911263094e-05
2024-05-24,11:56:30,21.8931,27.06,24.75,3123,15026729.0,3.47359911263094e-05
2024-05-24,11:56:30,21.8995,27.06,24.75,3123,15026729.0,3.47359911263094e-05
2024-05-24,11:56:30,21.9058,27.06,24.75,3123,15026730.0,3.47359911263094e-05
2024-05-24,11:56:30,21.9121,27.06,24.75,3123,15026730.0,3.47359911263094e-05
2024-05-24,11:56:30,21.9185,27.06,24.75,3123,15026729.0,3.47359911263094e-05
2024-05-24,11:56:30,21.9249,27.06,24.75,3123,15026729.0,3.47359911263094e-05
2024-05-24,11:56:30,21.9311,27.06,24.75,3123,15026729.0,3.47359911263094e-05
2024-05-24,11:56:30,21.9374,27.06,24.75,3123,15026730.0,3.47359911263094e-05
2024-05-24,11:56:30,21.9438,27.06,24.75,3123,15026730.0,3.47359911263094e-05
2024-05-24,11:56:30,21.9502,27.06,24.75,3123,15026730.0,3.47359911263094e-05
2024-05-24,11:56:30,21.9565,27.06,24.75,3123,15026730.0,3.47359911263094e-05
2024-05-24,11:56:30,21.9627,27.06,24.75,3124,15026730.0,3.468047781425276e-05
2024-05-24,11:56:30,21.9691,27.06,24.75,3124,15026730.0,3.468047781425276e-05
2024-05-24,11:56:30,21.9755,27.06,24.75,3123,15026729.0,3.47359911263094e-05
2024-05-24,11:56:30,21.9818,27.06,24.75,3123,15026729.0,3.47359911263094e-05
2024-05-24,11:56:30,21.9882,27.06,24.75,3122,15026728.0,3.479159329895876e-05
2024-05-24,11:56:30,21.9946,27.06,24.75,3122,15026729.0,3.479159329895876e-05
2024-05-24,11:56:30,22.0009,27.06,24.75,3123,15026729.0,3.47359911263094e-05
2024-05-24,11:56:30,22.0073,27.06,24.75,3123,15026729.0,3.47359911263094e-05
2024-05-24,11:56:30,22.0136,27.06,24.75,3123,15026729.0,3.47359911263094e-05
2024-05-24,11:56:30,22.0198,27.06,24.75,3123,15026729.0,3.47359911263094e-05
2024-05-24,11:56:30,22.0262,27.06,24.75,3123,15026730.0,3.47359911263094e-05
2024-05-24,11:56:30,22.0326,27.06,24.75,3123,15026730.0,3.47359911263094e-05
2024-05-24,11:56:30,22.0389,27.06,24.75,3123,15026730.0,3.47359911263094e-05
2024-05-24,11:56:30,22.0452,27.06,24.75,3123,15026729.0,3.47359911263094e-05
2024-05-24,11:56:30,22.0516,27.06,24.75,3123,15026729.0,3.47359911263094e-05
2024-05-24,11:56:30,22.0578,27.06,24.75,3123,15026729.0,3.47359911263094e-05
2024-05-24,11:56:30,22.0641,27.06,24.75,3123,15026729.0,3.47359911263094e-05
2024-05-24,11:56:30,22.0705,27.06,24.75,3123,15026729.0,3.47359911263094e-05
2024-05-24,11:56:30,22.0769,27.06,24.75,3123,15026729.0,3.47359911263094e-05
2024-05-24,11:56:30,22.0832,27.06,24.75,3123,15026729.0,3.47359911263094e-05
2024-05-24,11:56:30,22.0895,27.06,24.75,3123,15026729.0,3.47359911263094e-05
2024-05-24,11:56:30,22.0959,27.06,24.75,3123,15026729.0,3.47359911263094e-05
2024-05-24,11:56:30,22.1023,27.06,24.75,3123,15026729.0,3.47359911263094e-05
2024-05-24,11:56:30,22.1085,27.06,24.75,3123,15026729.0,3.47359911263094e-05
2024-05-24,11:56:30,22.1148,27.06,24.75,3123,15026729.0,3.47359911263094e-05
2024-05-24,11:56:30,22.1212,27.06,24.75,3123,15026729.0,3.47359911263094e-05
2024-05-24,11:56:30,22.1276,27.06,24.75,3123,15026729.0,3.47359911263094e-05
2024-05-24,11:56:30,22.1339,27.06,24.75,3123,15026728.0,3.47359911263094e-05
2024-05-24,11:56:30,22.1401,27.06,24.75,3123,15026729.0,3.47359911263094e-05
2024-05-24,11:56:30,22.1465,27.06,24.75,3122,15026729.0,3.479159329895876e-05
2024-05-24,11:56:30,22.1529,27.06,24.75,3121,15026729.0,3.484728447444074e-05
2024-05-24,11:56:30,22.1592,27.06,24.75,3121,15026728.0,3.484728447444074e-05
2024-05-24,11:56:30,22.1656,27.06,24.75,3122,15026728.0,3.479159329895876e-05
2024-05-24,11:56:30,22.172,27.06,24.75,3122,15026728.0,3.479159329895876e-05
2024-05-24,11:56:30,22.1783,27.06,24.75,3122,15026729.0,3.479159329895876e-05
2024-05-24,11:56:30,22.1847,27.06,24.75,3123,15026729.0,3.47359911263094e-05
2024-05-24,11:56:30,22.191,27.06,24.75,3122,15026729.0,3.479159329895876e-05
2024-05-24,11:56:30,22.1972,27.06,24.75,3122,15026729.0,3.479159329895876e-05
2024-05-24,11:56:30,22.2036,27.06,24.75,3122,15026729.0,3.479159329895876e-05
2024-05-24,11:56:30,22.2099,27.06,24.75,3122,15026729.0,3.479159329895876e-05
2024-05-24,11:56:30,22.2162,27.06,24.75,3122,15026729.0,3.479159329895876e-05
2024-05-24,11:56:30,22.2226,27.06,24.75,3122,15026729.0,3.479159329895876e-05
2024-05-24,11:56:30,22.229,27.06,24.75,3122,15026728.0,3.479159329895876e-05
2024-05-24,11:56:30,22.2354,27.06,24.75,3121,15026728.0,3.484728447444074e-05
2024-05-24,11:56:30,22.2418,27.06,24.75,3121,15026728.0,3.484728447444074e-05
2024-05-24,11:56:30,22.2481,27.06,24.75,3121,15026728.0,3.484728447444074e-05
2024-05-24,11:56:30,22.2543,27.06,24.75,3121,15026728.0,3.484728447444074e-05
2024-05-24,11:56:30,22.2607,27.06,24.75,3122,15026728.0,3.479159329895876e-05
2024-05-24,11:56:30,22.2671,27.06,24.75,3122,15026728.0,3.479159329895876e-05
2024-05-24,11:56:30,22.2735,27.06,24.75,3121,15026728.0,3.484728447444074e-05
2024-05-24,11:56:30,22.2799,27.06,24.75,3121,15026729.0,3.484728447444074e-05
2024-05-24,11:56:30,22.2862,27.06,24.75,3121,15026729.0,3.484728447444074e-05
2024-05-24,11:56:30,22.2925,27.06,24.75,3121,15026729.0,3.484728447444074e-05
2024-05-24,11:56:30,22.2989,27.06,24.75,3121,15026728.0,3.484728447444074e-05
2024-05-24,11:56:30,22.3053,27.06,24.75,3121,15026728.0,3.484728447444074e-05
2024-05-24,11:56:30,22.3115,27.06,24.75,3121,15026728.0,3.484728447444074e-05
2024-05-24,11:56:30,22.3178,27.06,24.75,3121,15026728.0,3.484728447444074e-05
2024-05-24,11:56:30,22.3242,27.06,24.75,3121,15026728.0,3.484728447444074e-05
2024-05-24,11:56:30,22.3306,27.06,24.75,3121,15026728.0,3.484728447444074e-05
2024-05-24,11:56:30,22.3369,27.06,24.75,3122,15026728.0,3.479159329895876e-05
2024-05-24,11:56:30,22.3432,27.06,24.75,3122,15026728.0,3.479159329895876e-05
2024-05-24,11:56:30,22.3496,27.06,24.75,3121,15026728.0,3.484728447444074e-05
2024-05-24,11:56:30,22.356,27.06,24.75,3121,15026729.0,3.484728447444074e-05
2024-05-24,11:56:30,22.3622,27.06,24.75,3121,15026729.0,3.484728447444074e-05
2024-05-24,11:56:30,22.3685,27.06,24.75,3121,15026728.0,3.484728447444074e-05
2024-05-24,11:56:30,22.3749,27.06,24.75,3121,15026729.0,3.484728447444074e-05
2024-05-24,11:56:30,22.3813,27.06,24.75,3121,15026729.0,3.484728447444074e-05
2024-05-24,11:56:30,22.3877,27.06,24.75,3121,15026729.0,3.484728447444074e-05
2024-05-24,11:56:30,22.394,27.06,24.75,3121,15026728.0,3.484728447444074e-05
2024-05-24,11:56:30,22.4002,27.06,24.75,3121,15026728.0,3.484728447444074e-05
2024-05-24,11:56:30,22.4066,27.06,24.75,3121,15026727.0,3.484728447444074e-05
2024-05-24,11:56:30,22.413,27.06,24.75,3121,15026727.0,3.484728447444074e-05
2024-05-24,11:56:30,22.4194,27.06,24.75,3121,15026728.0,3.484728447444074e-05
2024-05-24,11:56:30,22.4257,27.06,24.75,3122,15026728.0,3.479159329895876e-05
2024-05-24,11:56:30,22.432,27.06,24.75,3122,15026728.0,3.479159329895876e-05
2024-05-24,11:56:30,22.4384,27.06,24.75,3121,15026728.0,3.484728447444074e-05
2024-05-24,11:56:30,22.4448,27.06,24.75,3121,15026728.0,3.484728447444074e-05
2024-05-24,11:56:30,22.4511,27.06,24.75,3121,15026728.0,3.484728447444074e-05
2024-05-24,11:56:30,22.4575,27.06,24.75,3121,15026728.0,3.484728447444074e-05
2024-05-24,11:56:30,22.4639,27.06,24.75,3121,15026728.0,3.484728447444074e-05
2024-05-24,11:56:30,22.4701,27.06,24.75,3121,15026728.0,3.484728447444074e-05
2024-05-24,11:56:30,22.4765,27.06,24.75,3121,15026728.0,3.484728447444074e-05
2024-05-24,11:56:30,22.4828,27.06,24.75,3121,15026728.0,3.484728447444074e-05
2024-05-24,11:56:30,22.4891,27.06,24.75,3121,15026728.0,3.484728447444074e-05
2024-05-24,11:56:30,22.4955,27.06,24.75,3120,15026728.0,3.490306479522282e-05
2024-05-24,11:56:30,22.5019,27.06,24.75,3120,15026728.0,3.490306479522282e-05
2024-05-24,11:56:30,22.5083,27.06,24.75,3121,15026729.0,3.484728447444074e-05
2024-05-24,11:56:30,22.5145,27.06,24.75,3121,15026729.0,3.484728447444074e-05
2024-05-24,11:56:30,22.5208,27.06,24.75,3121,15026728.0,3.484728447444074e-05
2024-05-24,11:56:30,22.5272,27.06,24.75,3121,15026728.0,3.484728447444074e-05
2024-05-24,11:56:30,22.5336,27.06,24.75,3120,15026727.0,3.490306479522282e-05
2024-05-24,11:56:30,22.54,27.06,24.75,3120,15026728.0,3.490306479522282e-05
2024-05-24,11:56:30,22.5464,27.06,24.75,3121,15026728.0,3.484728447444074e-05
2024-05-24,11:56:30,22.5527,27.06,24.75,3121,15026728.0,3.484728447444074e-05
2024-05-24,11:56:30,22.559,27.06,24.75,3121,15026727.0,3.484728447444074e-05
2024-05-24,11:56:30,22.5654,27.06,24.75,3121,15026727.0,3.484728447444074e-05
2024-05-24,11:56:30,22.5718,27.06,24.75,3121,15026727.0,3.484728447444074e-05
2024-05-24,11:56:30,22.5782,27.06,24.75,3121,15026727.0,3.484728447444074e-05
2024-05-24,11:56:30,22.5844,27.06,24.75,3121,15026728.0,3.484728447444074e-05
2024-05-24,11:56:30,22.5907,27.06,24.75,3121,15026728.0,3.484728447444074e-05
2024-05-24,11:56:30,22.5971,27.06,24.75,3120,15026728.0,3.490306479522282e-05
2024-05-24,11:56:30,22.6034,27.06,24.75,3120,15026728.0,3.490306479522282e-05
2024-05-24,11:56:30,22.6098,27.06,24.75,3120,15026728.0,3.490306479522282e-05
2024-05-24,11:56:30,22.6162,27.06,24.75,3119,15026728.0,3.495893440400065e-05
2024-05-24,11:56:30,22.6225,27.06,24.75,3120,15026728.0,3.490306479522282e-05
2024-05-24,11:56:30,22.6289,27.06,24.75,3121,15026728.0,3.484728447444074e-05
2024-05-24,11:56:30,22.6353,27.06,24.75,3121,15026728.0,3.484728447444074e-05
2024-05-24,11:56:30,22.6415,27.06,24.75,3121,15026728.0,3.484728447444074e-05
2024-05-24,11:56:30,22.6479,27.06,24.75,3120,15026727.0,3.490306479522282e-05
2024-05-24,11:56:30,22.6545,27.06,24.75,3119,15026728.0,3.495893440400065e-05
2024-05-24,11:56:30,22.6607,27.06,24.75,3119,15026728.0,3.495893440400065e-05
2024-05-24,11:56:30,22.6669,27.06,24.75,3119,15026728.0,3.495893440400065e-05
2024-05-24,11:56:30,22.6733,27.06,24.75,3120,15026728.0,3.490306479522282e-05
2024-05-24,11:56:30,22.6797,27.06,24.75,3120,15026729.0,3.490306479522282e-05
2024-05-24,11:56:30,22.6859,27.06,24.75,3119,15026728.0,3.495893440400065e-05
2024-05-24,11:56:30,22.6923,27.06,24.75,3120,15026727.0,3.490306479522282e-05
2024-05-24,11:56:30,22.6987,27.06,24.75,3121,15026728.0,3.484728447444074e-05
2024-05-24,11:56:30,22.705,27.06,24.75,3121,15026728.0,3.484728447444074e-05
2024-05-24,11:56:30,22.7113,27.06,24.75,3121,15026727.0,3.484728447444074e-05
2024-05-24,11:56:30,22.7177,27.06,24.75,3121,15026727.0,3.484728447444074e-05
2024-05-24,11:56:30,22.7241,27.06,24.75,3120,15026727.0,3.490306479522282e-05
2024-05-24,11:56:30,22.7305,27.06,24.75,3120,15026728.0,3.490306479522282e-05
2024-05-24,11:56:30,22.7369,27.06,24.75,3120,15026727.0,3.490306479522282e-05
2024-05-24,11:56:30,22.7432,27.06,24.75,3119,15026727.0,3.495893440400065e-05
2024-05-24,11:56:30,22.7494,27.06,24.75,3119,15026727.0,3.495893440400065e-05
2024-05-24,11:56:30,22.7558,27.06,24.75,3120,15026727.0,3.490306479522282e-05
2024-05-24,11:56:30,22.7622,27.06,24.75,3120,15026728.0,3.490306479522282e-05
2024-05-24,11:56:30,22.7686,27.06,24.75,3120,15026727.0,3.490306479522282e-05
2024-05-24,11:56:31,22.775,27.06,24.75,3121,15026727.0,3.484728447444074e-05
2024-05-24,11:56:31,22.7813,27.06,24.75,3121,15026727.0,3.484728447444074e-05
2024-05-24,11:56:31,22.7876,27.06,24.75,3120,15026727.0,3.490306479522282e-05
2024-05-24,11:56:31,22.794,27.06,24.75,3120,15026727.0,3.490306479522282e-05
2024-05-24,11:56:31,22.8004,27.06,24.75,3121,15026727.0,3.484728447444074e-05
2024-05-24,11:56:31,22.8068,27.06,24.75,3120,15026728.0,3.490306479522282e-05
2024-05-24,11:56:31,22.8132,27.06,24.75,3119,15026727.0,3.495893440400065e-05
2024-05-24,11:56:31,22.8194,27.06,24.75,3120,15026727.0,3.490306479522282e-05
2024-05-24,11:56:31,22.8257,27.06,24.75,3120,15026727.0,3.490306479522282e-05
2024-05-24,11:56:31,22.8321,27.06,24.75,3119,15026728.0,3.495893440400065e-05
2024-05-24,11:56:31,22.8385,27.06,24.75,3119,15026728.0,3.495893440400065e-05
2024-05-24,11:56:31,22.8449,27.06,24.75,3120,15026727.0,3.490306479522282e-05
2024-05-24,11:56:31,22.8512,27.06,24.75,3120,15026727.0,3.490306479522282e-05
2024-05-24,11:56:31,22.8575,27.06,24.75,3119,15026727.0,3.495893440400065e-05
2024-05-24,11:56:31,22.8639,27.06,24.75,3119,15026727.0,3.495893440400065e-05
2024-05-24,11:56:31,22.8703,27.06,24.75,3119,15026727.0,3.495893440400065e-05
2024-05-24,11:56:31,22.8767,27.06,24.75,3119,15026727.0,3.495893440400065e-05
2024-05-24,11:56:31,22.8829,27.06,24.75,3119,15026727.0,3.495893440400065e-05
2024-05-24,11:56:31,22.8892,27.06,24.75,3119,15026727.0,3.495893440400065e-05
2024-05-24,11:56:31,22.8956,27.06,24.75,3119,15026727.0,3.495893440400065e-05
2024-05-24,11:56:31,22.902,27.06,24.75,3119,15026728.0,3.495893440400065e-05
2024-05-24,11:56:31,22.9083,27.06,24.75,3119,15026727.0,3.495893440400065e-05
2024-05-24,11:56:31,22.9145,27.06,24.75,3119,15026727.0,3.495893440400065e-05
2024-05-24,11:56:31,22.9209,27.06,24.75,3119,15026727.0,3.495893440400065e-05
2024-05-24,11:56:31,22.9273,27.06,24.75,3120,15026728.0,3.490306479522282e-05
2024-05-24,11:56:31,22.9336,27.06,24.75,3120,15026728.0,3.490306479522282e-05
2024-05-24,11:56:31,22.94,27.06,24.75,3119,15026727.0,3.495893440400065e-05
2024-05-24,11:56:31,22.9464,27.06,24.75,3119,15026727.0,3.495893440400065e-05
2024-05-24,11:56:31,22.9527,27.06,24.75,3119,15026727.0,3.495893440400065e-05
2024-05-24,11:56:31,22.9591,27.06,24.75,3119,15026727.0,3.495893440400065e-05
2024-05-24,11:56:31,22.9655,27.06,24.75,3119,15026727.0,3.495893440400065e-05
2024-05-24,11:56:31,22.9718,27.06,24.75,3119,15026727.0,3.495893440400065e-05
2024-05-24,11:56:31,22.978,27.06,24.75,3119,15026727.0,3.495893440400065e-05
2024-05-24,11:56:31,22.9844,27.06,24.75,3119,15026727.0,3.495893440400065e-05
2024-05-24,11:56:31,22.9908,27.06,24.75,3119,15026727.0,3.495893440400065e-05
2024-05-24,11:56:31,22.9972,27.06,24.75,3119,15026727.0,3.495893440400065e-05
2024-05-24,11:56:31,23.0035,27.06,24.75,3119,15026727.0,3.495893440400065e-05
2024-05-24,11:56:31,23.0098,27.06,24.75,3119,15026727.0,3.495893440400065e-05
2024-05-24,11:56:31,23.0162,27.06,24.75,3119,15026727.0,3.495893440400065e-05
2024-05-24,11:56:31,23.0226,27.06,24.75,3119,15026727.0,3.495893440400065e-05
2024-05-24,11:56:31,23.029,27.06,24.75,3118,15026726.0,3.501489344369814e-05
2024-05-24,11:56:31,23.0353,27.06,24.75,3118,15026727.0,3.501489344369814e-05
2024-05-24,11:56:31,23.0415,27.06,24.75,3119,15026727.0,3.495893440400065e-05
2024-05-24,11:56:31,23.0479,27.06,24.75,3119,15026726.0,3.495893440400065e-05
2024-05-24,11:56:31,23.0543,27.06,24.75,3118,15026726.0,3.501489344369814e-05
2024-05-24,11:56:31,23.0607,27.06,24.75,3118,15026726.0,3.501489344369814e-05
2024-05-24,11:56:31,23.0671,27.06,24.75,3119,15026728.0,3.495893440400065e-05
2024-05-24,11:56:31,23.0734,27.06,24.75,3119,15026728.0,3.495893440400065e-05
2024-05-24,11:56:31,23.0798,27.06,24.75,3119,15026727.0,3.495893440400065e-05
2024-05-24,11:56:31,23.0862,27.06,24.75,3119,15026727.0,3.495893440400065e-05
2024-05-24,11:56:31,23.0925,27.06,24.75,3118,15026726.0,3.501489344369814e-05
2024-05-24,11:56:31,23.0987,27.06,24.75,3118,15026726.0,3.501489344369814e-05
2024-05-24,11:56:31,23.1051,27.06,24.75,3118,15026726.0,3.501489344369814e-05
2024-05-24,11:56:31,23.1115,27.06,24.75,3118,15026726.0,3.501489344369814e-05
2024-05-24,11:56:31,23.1178,27.06,24.75,3118,15026727.0,3.501489344369814e-05
2024-05-24,11:56:31,23.1242,27.06,24.75,3118,15026726.0,3.501489344369814e-05
2024-05-24,11:56:31,23.1306,27.06,24.75,3119,15026727.0,3.495893440400065e-05
2024-05-24,11:56:31,23.137,27.06,24.75,3119,15026727.0,3.495893440400065e-05
2024-05-24,11:56:31,23.1433,27.06,24.75,3118,15026727.0,3.501489344369814e-05
2024-05-24,11:56:31,23.1496,27.0,24.75,3118,15026726.0,3.501489344369814e-05
2024-05-24,11:56:31,23.156,27.0,24.75,3119,15026727.0,3.495893440400065e-05
2024-05-24,11:56:31,23.1624,27.0,24.75,3118,15026727.0,3.501489344369814e-05
2024-05-24,11:56:31,23.1686,27.0,24.75,3117,15026726.0,3.507094205746813e-05
2024-05-24,11:56:31,23.175,27.0,24.75,3117,15026726.0,3.507094205746813e-05
2024-05-24,11:56:31,23.1814,27.0,24.75,3117,15026726.0,3.507094205746813e-05
2024-05-24,11:56:31,23.1877,27.0,24.75,3117,15026726.0,3.507094205746813e-05
2024-05-24,11:56:31,23.1941,27.0,24.75,3117,15026727.0,3.507094205746813e-05
2024-05-24,11:56:31,23.2005,27.0,24.75,3118,15026726.0,3.501489344369814e-05
2024-05-24,11:56:31,23.2069,27.0,24.75,3118,15026726.0,3.501489344369814e-05
2024-05-24,11:56:31,23.2133,27.0,24.75,3117,15026726.0,3.507094205746813e-05
2024-05-24,11:56:31,23.2196,27.0,24.75,3117,15026726.0,3.507094205746813e-05
2024-05-24,11:56:31,23.2258,27.0,24.75,3118,15026726.0,3.501489344369814e-05
2024-05-24,11:56:31,23.2322,27.0,24.75,3118,15026726.0,3.501489344369814e-05
2024-05-24,11:56:31,23.2386,27.0,24.75,3117,15026726.0,3.507094205746813e-05
2024-05-24,11:56:31,23.245,27.0,24.75,3117,15026726.0,3.507094205746813e-05
2024-05-24,11:56:31,23.2513,27.0,24.75,3117,15026726.0,3.507094205746813e-05
2024-05-24,11:56:31,23.2576,27.0,24.75,3116,15026726.0,3.512708038869248e-05
2024-05-24,11:56:31,23.264,27.0,24.75,3116,15026725.0,3.512708038869248e-05
2024-05-24,11:56:31,23.2704,27.0,24.75,3117,15026726.0,3.507094205746813e-05
2024-05-24,11:56:31,23.2768,27.0,24.75,3117,15026726.0,3.507094205746813e-05
2024-05-24,11:56:31,23.2831,27.0,24.75,3117,15026726.0,3.507094205746813e-05
2024-05-24,11:56:31,23.2895,27.0,24.75,3117,15026726.0,3.507094205746813e-05
2024-05-24,11:56:31,23.2959,27.0,24.75,3117,15026726.0,3.507094205746813e-05
2024-05-24,11:56:31,23.3021,27.0,24.75,3117,15026726.0,3.507094205746813e-05
2024-05-24,11:56:31,23.3085,27.0,24.75,3117,15026726.0,3.507094205746813e-05
2024-05-24,11:56:31,23.3149,27.0,24.75,3117,15026726.0,3.507094205746813e-05
2024-05-24,11:56:31,23.3213,27.0,24.75,3117,15026726.0,3.507094205746813e-05
2024-05-24,11:56:31,23.3276,27.0,24.75,3117,15026726.0,3.507094205746813e-05
2024-05-24,11:56:31,23.3339,27.0,24.75,3116,15026725.0,3.512708038869248e-05
2024-05-24,11:56:31,23.3403,27.0,24.75,3116,15026725.0,3.512708038869248e-05
2024-05-24,11:56:31,23.3467,27.0,24.75,3117,15026726.0,3.507094205746813e-05
2024-05-24,11:56:31,23.3531,27.0,24.75,3117,15026726.0,3.507094205746813e-05
2024-05-24,11:56:31,23.3593,27.0,24.75,3116,15026726.0,3.512708038869248e-05
2024-05-24,11:56:31,23.3656,27.0,24.75,3116,15026726.0,3.512708038869248e-05
2024-05-24,11:56:31,23.372,27.0,24.75,3117,15026726.0,3.507094205746813e-05
2024-05-24,11:56:31,23.3784,27.0,24.75,3117,15026726.0,3.507094205746813e-05
2024-05-24,11:56:31,23.3847,27.0,24.75,3117,15026726.0,3.507094205746813e-05
2024-05-24,11:56:31,23.391,27.0,24.75,3116,15026727.0,3.512708038869248e-05
2024-05-24,11:56:31,23.3974,27.0,24.75,3116,15026726.0,3.512708038869248e-05
2024-05-24,11:56:31,23.4038,27.0,24.75,3117,15026726.0,3.507094205746813e-05
2024-05-24,11:56:31,23.4102,27.0,24.75,3116,15026726.0,3.512708038869248e-05
2024-05-24,11:56:31,23.4166,27.0,24.75,3116,15026726.0,3.512708038869248e-05
2024-05-24,11:56:31,23.423,27.0,24.75,3116,15026726.0,3.512708038869248e-05
2024-05-24,11:56:31,23.4292,27.0,24.75,3116,15026726.0,3.512708038869248e-05
2024-05-24,11:56:31,23.4355,27.0,24.75,3116,15026726.0,3.512708038869248e-05
2024-05-24,11:56:31,23.4419,27.0,24.75,3116,15026725.0,3.512708038869248e-05
2024-05-24,11:56:31,23.4483,27.0,24.75,3117,15026726.0,3.507094205746813e-05
2024-05-24,11:56:31,23.4547,27.0,24.75,3117,15026726.0,3.507094205746813e-05
2024-05-24,11:56:31,23.4611,27.0,24.75,3116,15026725.0,3.512708038869248e-05
2024-05-24,11:56:31,23.4674,27.0,24.75,3116,15026726.0,3.512708038869248e-05
2024-05-24,11:56:31,23.4738,27.0,24.75,3116,15026726.0,3.512708038869248e-05
2024-05-24,11:56:31,23.4803,27.0,24.75,3116,15026725.0,3.512708038869248e-05
2024-05-24,11:56:31,23.4866,27.0,24.75,3116,15026726.0,3.512708038869248e-05
2024-05-24,11:56:31,23.4929,27.0,24.75,3116,15026725.0,3.512708038869248e-05
2024-05-24,11:56:31,23.4993,27.0,24.75,3116,15026725.0,3.512708038869248e-05
2024-05-24,11:56:31,23.5055,27.0,24.75,3115,15026725.0,3.518330858098268e-05
2024-05-24,11:56:31,23.5119,27.0,24.75,3115,15026726.0,3.518330858098268e-05
2024-05-24,11:56:31,23.5185,27.0,24.75,3116,15026726.0,3.512708038869248e-05
2024-05-24,11:56:31,23.5247,27.0,24.75,3116,15026725.0,3.512708038869248e-05
2024-05-24,11:56:31,23.531,27.0,24.75,3115,15026725.0,3.518330858098268e-05
2024-05-24,11:56:31,23.5374,27.0,24.75,3115,15026726.0,3.518330858098268e-05
2024-05-24,11:56:31,23.5438,27.0,24.75,3116,15026725.0,3.512708038869248e-05
2024-05-24,11:56:31,23.5502,27.0,24.75,3116,15026725.0,3.512708038869248e-05
2024-05-24,11:56:31,23.5566,27.0,24.75,3116,15026725.0,3.512708038869248e-05
2024-05-24,11:56:31,23.5629,27.0,24.75,3117,15026726.0,3.507094205746813e-05
2024-05-24,11:56:31,23.5691,27.0,24.75,3116,15026726.0,3.512708038869248e-05
2024-05-24,11:56:31,23.5755,27.0,24.75,3115,15026725.0,3.518330858098268e-05
2024-05-24,11:56:31,23.5818,27.0,24.75,3116,15026725.0,3.512708038869248e-05
2024-05-24,11:56:31,23.5882,27.0,24.75,3116,15026725.0,3.512708038869248e-05
2024-05-24,11:56:31,23.5947,27.0,24.75,3116,15026725.0,3.512708038869248e-05
2024-05-24,11:56:31,23.601,27.0,24.75,3116,15026725.0,3.512708038869248e-05
2024-05-24,11:56:31,23.6073,27.0,24.75,3115,15026725.0,3.518330858098268e-05
2024-05-24,11:56:31,23.6137,27.0,24.75,3114,15026725.0,3.523962677818e-05
2024-05-24,11:56:31,23.6201,27.0,24.75,3114,15026725.0,3.523962677818e-05
2024-05-24,11:56:31,23.6265,27.0,24.75,3115,15026726.0,3.518330858098268e-05
2024-05-24,11:56:31,23.6329,27.0,24.75,3116,15026725.0,3.512708038869248e-05
2024-05-24,11:56:31,23.6393,27.0,24.75,3116,15026725.0,3.512708038869248e-05
2024-05-24,11:56:31,23.6457,27.0,24.75,3115,15026725.0,3.518330858098268e-05
2024-05-24,11:56:31,23.652,27.06,24.75,3115,15026725.0,3.518330858098268e-05
2024-05-24,11:56:31,23.6582,27.06,24.75,3116,15026725.0,3.512708038869248e-05
2024-05-24,11:56:31,23.6646,27.06,24.75,3117,15026725.0,3.507094205746813e-05
2024-05-24,11:56:31,23.671,27.06,24.75,3117,15026725.0,3.507094205746813e-05
2024-05-24,11:56:31,23.6774,27.06,24.75,3117,15026726.0,3.507094205746813e-05
2024-05-24,11:56:31,23.6838,27.06,24.75,3116,15026726.0,3.512708038869248e-05
2024-05-24,11:56:31,23.6901,27.06,24.75,3115,15026725.0,3.518330858098268e-05
2024-05-24,11:56:31,23.6964,27.06,24.75,3115,15026725.0,3.518330858098268e-05
2024-05-24,11:56:31,23.7028,27.06,24.75,3115,15026725.0,3.518330858098268e-05
2024-05-24,11:56:31,23.7092,27.06,24.75,3116,15026725.0,3.512708038869248e-05
2024-05-24,11:56:31,23.7156,27.06,24.75,3116,15026725.0,3.512708038869248e-05
2024-05-24,11:56:31,23.722,27.06,24.75,3116,15026725.0,3.512708038869248e-05
2024-05-24,11:56:31,23.7284,27.06,24.75,3116,15026725.0,3.512708038869248e-05
2024-05-24,11:56:31,23.7346,27.06,24.75,3116,15026725.0,3.512708038869248e-05
2024-05-24,11:56:31,23.7409,27.06,24.75,3116,15026725.0,3.512708038869248e-05
2024-05-24,11:56:31,23.7473,27.06,24.75,3116,15026725.0,3.512708038869248e-05
2024-05-24,11:56:31,23.7537,27.06,24.75,3116,15026725.0,3.512708038869248e-05
2024-05-24,11:56:31,23.7601,27.06,24.75,3116,15026725.0,3.512708038869248e-05
2024-05-24,11:56:31,23.7665,27.06,24.75,3116,15026725.0,3.512708038869248e-05
2024-05-24,11:56:32,23.7728,27.06,24.75,3116,15026725.0,3.512708038869248e-05
2024-05-24,11:56:32,23.7791,27.06,24.75,3116,15026725.0,3.512708038869248e-05
2024-05-24,11:56:32,23.7855,27.06,24.75,3115,15026725.0,3.518330858098268e-05
2024-05-24,11:56:32,23.7919,27.06,24.75,3115,15026725.0,3.518330858098268e-05
2024-05-24,11:56:32,23.7983,27.06,24.75,3115,15026725.0,3.518330858098268e-05
2024-05-24,11:56:32,23.8047,27.06,24.75,3115,15026726.0,3.518330858098268e-05
2024-05-24,11:56:32,23.8109,27.06,24.75,3115,15026725.0,3.518330858098268e-05
2024-05-24,11:56:32,23.8172,27.06,24.75,3116,15026725.0,3.512708038869248e-05
2024-05-24,11:56:32,23.8236,27.06,24.75,3116,15026725.0,3.512708038869248e-05
2024-05-24,11:56:32,23.83,27.06,24.75,3115,15026725.0,3.518330858098268e-05
2024-05-24,11:56:32,23.8364,27.06,24.75,3116,15026725.0,3.512708038869248e-05
2024-05-24,11:56:32,23.8428,27.06,24.75,3116,15026725.0,3.512708038869248e-05
2024-05-24,11:56:32,23.8492,27.06,24.75,3116,15026724.0,3.512708038869248e-05
2024-05-24,11:56:32,23.8556,27.06,24.75,3116,15026724.0,3.512708038869248e-05
2024-05-24,11:56:32,23.862,27.06,24.75,3116,15026724.0,3.512708038869248e-05
2024-05-24,11:56:32,23.8683,27.06,24.75,3115,15026724.0,3.518330858098268e-05
2024-05-24,11:56:32,23.8745,27.06,24.75,3114,15026725.0,3.523962677818e-05
2024-05-24,11:56:32,23.8809,27.06,24.75,3115,15026724.0,3.518330858098268e-05
2024-05-24,11:56:32,23.8873,27.06,24.75,3116,15026724.0,3.512708038869248e-05
2024-05-24,11:56:32,23.8937,27.06,24.75,3116,15026724.0,3.512708038869248e-05
2024-05-24,11:56:32,23.9,27.06,24.75,3116,15026725.0,3.512708038869248e-05
2024-05-24,11:56:32,23.9064,27.06,24.75,3116,15026724.0,3.512708038869248e-05
2024-05-24,11:56:32,23.9129,27.06,24.75,3115,15026724.0,3.518330858098268e-05
2024-05-24,11:56:32,23.9193,27.06,24.75,3114,15026724.0,3.523962677818e-05
2024-05-24,11:56:32,23.9256,27.06,24.75,3114,15026724.0,3.523962677818e-05
2024-05-24,11:56:32,23.9319,27.06,24.75,3115,15026725.0,3.518330858098268e-05
2024-05-24,11:56:32,23.9383,27.06,24.75,3115,15026725.0,3.518330858098268e-05
2024-05-24,11:56:32,23.9447,27.06,24.75,3115,15026725.0,3.518330858098268e-05
2024-05-24,11:56:32,23.9511,27.06,24.75,3115,15026725.0,3.518330858098268e-05
2024-05-24,11:56:32,23.9575,27.06,24.75,3115,15026724.0,3.518330858098268e-05
2024-05-24,11:56:32,23.9639,27.06,24.75,3116,15026724.0,3.512708038869248e-05
2024-05-24,11:56:32,23.9703,27.06,24.75,3116,15026724.0,3.512708038869248e-05
2024-05-24,11:56:32,23.9766,27.06,24.75,3115,15026724.0,3.518330858098268e-05
2024-05-24,11:56:32,23.9828,27.06,24.75,3115,15026725.0,3.518330858098268e-05
2024-05-24,11:56:32,23.9892,27.06,24.75,3115,15026725.0,3.518330858098268e-05
2024-05-24,11:56:32,23.9956,27.06,24.75,3115,15026725.0,3.518330858098268e-05
2024-05-24,11:56:32,24.002,27.06,24.75,3115,15026725.0,3.518330858098268e-05
2024-05-24,11:56:32,24.0083,27.06,24.75,3114,15026725.0,3.523962677818e-05
2024-05-24,11:56:32,24.0147,27.06,24.75,3114,15026725.0,3.523962677818e-05
2024-05-24,11:56:32,24.0211,27.06,24.75,3115,15026725.0,3.518330858098268e-05
2024-05-24,11:56:32,24.0274,27.06,24.75,3115,15026724.0,3.518330858098268e-05
2024-05-24,11:56:32,24.0338,27.06,24.75,3115,15026724.0,3.518330858098268e-05
2024-05-24,11:56:32,24.0402,27.06,24.75,3116,15026724.0,3.512708038869248e-05
2024-05-24,11:56:32,24.0466,27.06,24.75,3116,15026724.0,3.512708038869248e-05
2024-05-24,11:56:32,24.0529,27.06,24.75,3116,15026724.0,3.512708038869248e-05
2024-05-24,11:56:32,24.0593,27.06,24.75,3116,15026724.0,3.512708038869248e-05
2024-05-24,11:56:32,24.0658,27.06,24.75,3115,15026725.0,3.518330858098268e-05
2024-05-24,11:56:32,24.0721,27.06,24.75,3115,15026725.0,3.518330858098268e-05
2024-05-24,11:56:32,24.0783,27.06,24.75,3115,15026724.0,3.518330858098268e-05
2024-05-24,11:56:32,24.0847,27.06,24.75,3114,15026724.0,3.523962677818e-05
2024-05-24,11:56:32,24.0911,27.06,24.75,3114,15026724.0,3.523962677818e-05
2024-05-24,11:56:32,24.0975,27.06,24.75,3114,15026725.0,3.523962677818e-05
2024-05-24,11:56:32,24.1039,27.06,24.75,3114,15026724.0,3.523962677818e-05
2024-05-24,11:56:32,24.1103,27.06,24.75,3115,15026724.0,3.518330858098268e-05
2024-05-24,11:56:32,24.1167,27.06,24.75,3115,15026724.0,3.518330858098268e-05
2024-05-24,11:56:32,24.123,27.06,24.75,3114,15026724.0,3.523962677818e-05
2024-05-24,11:56:32,24.1293,27.06,24.75,3115,15026724.0,3.518330858098268e-05
2024-05-24,11:56:32,24.1357,27.06,24.75,3116,15026724.0,3.512708038869248e-05
2024-05-24,11:56:32,24.1421,27.06,24.75,3115,15026725.0,3.518330858098268e-05
2024-05-24,11:56:32,24.1485,27.06,24.75,3115,15026724.0,3.518330858098268e-05
2024-05-24,11:56:32,24.1549,27.06,24.75,3115,15026724.0,3.518330858098268e-05
2024-05-24,11:56:32,24.1611,27.06,24.75,3114,15026724.0,3.523962677818e-05
2024-05-24,11:56:32,24.1675,27.06,24.75,3115,15026724.0,3.518330858098268e-05
2024-05-24,11:56:32,24.1739,27.06,24.75,3116,15026724.0,3.512708038869248e-05
2024-05-24,11:56:32,24.1802,27.06,24.75,3115,15026724.0,3.518330858098268e-05
2024-05-24,11:56:32,24.1866,27.06,24.75,3115,15026724.0,3.518330858098268e-05
2024-05-24,11:56:32,24.193,27.06,24.75,3114,15026725.0,3.523962677818e-05
2024-05-24,11:56:32,24.1994,27.06,24.75,3114,15026725.0,3.523962677818e-05
2024-05-24,11:56:32,24.2058,27.06,24.75,3115,15026725.0,3.518330858098268e-05
2024-05-24,11:56:32,24.2122,27.06,24.75,3115,15026724.0,3.518330858098268e-05
2024-05-24,11:56:32,24.2185,27.06,24.75,3115,15026724.0,3.518330858098268e-05
2024-05-24,11:56:32,24.2248,27.06,24.75,3114,15026724.0,3.523962677818e-05
2024-05-24,11:56:32,24.2312,27.06,24.75,3114,15026724.0,3.523962677818e-05
2024-05-24,11:56:32,24.2376,27.06,24.75,3115,15026724.0,3.518330858098268e-05
2024-05-24,11:56:32,24.244,27.06,24.75,3114,15026725.0,3.523962677818e-05
2024-05-24,11:56:32,24.2504,27.06,24.75,3113,15026725.0,3.529603512435602e-05
2024-05-24,11:56:32,24.2568,27.06,24.75,3114,15026725.0,3.523962677818e-05
2024-05-24,11:56:32,24.2632,27.06,24.75,3115,15026724.0,3.518330858098268e-05
2024-05-24,11:56:32,24.2696,27.06,24.75,3115,15026724.0,3.518330858098268e-05
2024-05-24,11:56:32,24.276,27.06,24.75,3114,15026724.0,3.523962677818e-05
2024-05-24,11:56:32,24.2822,27.06,24.75,3113,15026724.0,3.529603512435602e-05
2024-05-24,11:56:32,24.2886,27.06,24.75,3113,15026724.0,3.529603512435602e-05
2024-05-24,11:56:32,24.295,27.06,24.75,3114,15026724.0,3.523962677818e-05
2024-05-24,11:56:32,24.3013,27.06,24.75,3115,15026724.0,3.518330858098268e-05
2024-05-24,11:56:32,24.3077,27.06,24.75,3114,15026724.0,3.523962677818e-05
2024-05-24,11:56:32,24.3141,27.06,24.75,3113,15026724.0,3.529603512435602e-05
2024-05-24,11:56:32,24.3205,27.06,24.75,3113,15026724.0,3.529603512435602e-05
2024-05-24,11:56:32,24.3269,27.06,24.75,3113,15026724.0,3.529603512435602e-05
2024-05-24,11:56:32,24.3333,27.06,24.75,3114,15026724.0,3.523962677818e-05
2024-05-24,11:56:32,24.3396,27.06,24.75,3114,15026724.0,3.523962677818e-05
2024-05-24,11:56:32,24.3458,27.06,24.75,3113,15026724.0,3.529603512435602e-05
2024-05-24,11:56:32,24.3522,27.06,24.75,3114,15026724.0,3.523962677818e-05
2024-05-24,11:56:32,24.3586,27.06,24.75,3115,15026724.0,3.518330858098268e-05
2024-05-24,11:56:32,24.365,27.06,24.75,3114,15026724.0,3.523962677818e-05
2024-05-24,11:56:32,24.3714,27.06,24.75,3113,15026725.0,3.529603512435602e-05
2024-05-24,11:56:32,24.3778,27.06,24.75,3113,15026724.0,3.529603512435602e-05
2024-05-24,11:56:32,24.3842,27.06,24.75,3114,15026724.0,3.523962677818e-05
2024-05-24,11:56:32,24.3905,27.06,24.75,3114,15026723.0,3.523962677818e-05
2024-05-24,11:56:32,24.3969,27.06,24.75,3114,15026723.0,3.523962677818e-05
2024-05-24,11:56:32,24.4034,27.06,24.75,3114,15026724.0,3.523962677818e-05
2024-05-24,11:56:32,24.4097,27.06,24.75,3115,15026723.0,3.518330858098268e-05
2024-05-24,11:56:32,24.416,27.06,24.75,3115,15026723.0,3.518330858098268e-05
2024-05-24,11:56:32,24.4224,27.06,24.75,3114,15026723.0,3.523962677818e-05
2024-05-24,11:56:32,24.4288,27.06,24.75,3114,15026724.0,3.523962677818e-05
2024-05-24,11:56:32,24.4352,27.06,24.75,3114,15026723.0,3.523962677818e-05
2024-05-24,11:56:32,24.4416,27.06,24.75,3114,15026724.0,3.523962677818e-05
2024-05-24,11:56:32,24.4479,27.06,24.75,3114,15026724.0,3.523962677818e-05
2024-05-24,11:56:32,24.4541,27.06,24.75,3114,15026723.0,3.523962677818e-05
2024-05-24,11:56:32,24.4605,27.06,24.75,3114,15026723.0,3.523962677818e-05
2024-05-24,11:56:32,24.4669,27.06,24.75,3114,15026723.0,3.523962677818e-05
2024-05-24,11:56:32,24.4733,27.06,24.75,3113,15026724.0,3.529603512435602e-05
2024-05-24,11:56:32,24.4797,27.06,24.75,3113,15026724.0,3.529603512435602e-05
2024-05-24,11:56:32,24.4861,27.06,24.75,3114,15026723.0,3.523962677818e-05
2024-05-24,11:56:32,24.4925,27.06,24.75,3115,15026724.0,3.518330858098268e-05
2024-05-24,11:56:32,24.4989,27.06,24.75,3115,15026725.0,3.518330858098268e-05
2024-05-24,11:56:32,24.5053,27.06,24.75,3114,15026724.0,3.523962677818e-05
2024-05-24,11:56:32,24.5117,27.06,24.75,3114,15026724.0,3.523962677818e-05
2024-05-24,11:56:32,24.5181,27.06,24.75,3114,15026724.0,3.523962677818e-05
2024-05-24,11:56:32,24.5244,27.06,24.75,3113,15026724.0,3.529603512435602e-05
2024-05-24,11:56:32,24.5307,27.06,24.75,3113,15026724.0,3.529603512435602e-05
2024-05-24,11:56:32,24.5371,27.06,24.75,3114,15026723.0,3.523962677818e-05
2024-05-24,11:56:32,24.5435,27.06,24.75,3114,15026723.0,3.523962677818e-05
2024-05-24,11:56:32,24.5499,27.06,24.75,3113,15026724.0,3.529603512435602e-05
2024-05-24,11:56:32,24.5563,27.06,24.75,3113,15026723.0,3.529603512435602e-05
2024-05-24,11:56:32,24.5627,27.06,24.75,3114,15026722.0,3.523962677818e-05
2024-05-24,11:56:32,24.5691,27.06,24.75,3114,15026724.0,3.523962677818e-05
2024-05-24,11:56:32,24.5753,27.06,24.75,3113,15026724.0,3.529603512435602e-05
2024-05-24,11:56:32,24.5817,27.06,24.75,3113,15026724.0,3.529603512435602e-05
2024-05-24,11:56:32,24.5883,27.06,24.75,3113,15026724.0,3.529603512435602e-05
2024-05-24,11:56:32,24.5947,27.06,24.75,3113,15026724.0,3.529603512435602e-05
2024-05-24,11:56:32,24.6011,27.06,24.75,3114,15026723.0,3.523962677818e-05
2024-05-24,11:56:32,24.6073,27.06,24.75,3114,15026723.0,3.523962677818e-05
2024-05-24,11:56:32,24.6136,27.06,24.75,3113,15026723.0,3.529603512435602e-05
2024-05-24,11:56:32,24.62,27.06,24.75,3113,15026724.0,3.529603512435602e-05
2024-05-24,11:56:32,24.6264,27.06,24.75,3113,15026724.0,3.529603512435602e-05
2024-05-24,11:56:32,24.6328,27.06,24.75,3113,15026724.0,3.529603512435602e-05
2024-05-24,11:56:32,24.6392,27.06,24.75,3113,15026724.0,3.529603512435602e-05
2024-05-24,11:56:32,24.6456,27.06,24.75,3113,15026724.0,3.529603512435602e-05
2024-05-24,11:56:32,24.652,27.06,24.75,3113,15026724.0,3.529603512435602e-05
2024-05-24,11:56:32,24.6583,27.06,24.75,3113,15026724.0,3.529603512435602e-05
2024-05-24,11:56:32,24.6646,27.06,24.75,3113,15026725.0,3.529603512435602e-05
2024-05-24,11:56:32,24.671,27.06,24.75,3113,15026724.0,3.529603512435602e-05
2024-05-24,11:56:32,24.6774,27.06,24.75,3113,15026724.0,3.529603512435602e-05
2024-05-24,11:56:32,24.6838,27.06,24.75,3113,15026723.0,3.529603512435602e-05
2024-05-24,11:56:32,24.6902,27.06,24.75,3113,15026723.0,3.529603512435602e-05
2024-05-24,11:56:32,24.6966,27.06,24.75,3112,15026723.0,3.535253376381289e-05
2024-05-24,11:56:32,24.703,27.06,24.75,3113,15026723.0,3.529603512435602e-05
2024-05-24,11:56:32,24.7094,27.06,24.75,3114,15026724.0,3.523962677818e-05
2024-05-24,11:56:32,24.7158,27.06,24.75,3113,15026724.0,3.529603512435602e-05
2024-05-24,11:56:32,24.7222,27.06,24.75,3113,15026724.0,3.529603512435602e-05
2024-05-24,11:56:32,24.7286,27.06,24.75,3113,15026724.0,3.529603512435602e-05
2024-05-24,11:56:32,24.7348,27.06,24.75,3112,15026723.0,3.535253376381289e-05
2024-05-24,11:56:32,24.7411,27.06,24.75,3112,15026722.0,3.535253376381289e-05
2024-05-24,11:56:32,24.7475,27.06,24.75,3112,15026723.0,3.535253376381289e-05
2024-05-24,11:56:32,24.7538,27.06,24.75,3112,15026723.0,3.535253376381289e-05
2024-05-24,11:56:32,24.7602,27.06,24.75,3113,15026723.0,3.529603512435602e-05
2024-05-24,11:56:32,24.7666,27.06,24.75,3112,15026724.0,3.535253376381289e-05
2024-05-24,11:56:33,24.773,27.06,24.75,3111,15026723.0,3.540912284108381e-05
2024-05-24,11:56:33,24.7794,27.06,24.75,3112,15026723.0,3.535253376381289e-05
2024-05-24,11:56:33,24.7857,27.06,24.75,3112,15026723.0,3.535253376381289e-05
2024-05-24,11:56:33,24.7921,27.06,24.75,3111,15026723.0,3.540912284108381e-05
2024-05-24,11:56:33,24.7985,27.06,24.75,3112,15026724.0,3.535253376381289e-05
2024-05-24,11:56:33,24.8049,27.06,24.75,3113,15026723.0,3.529603512435602e-05
2024-05-24,11:56:33,24.8114,27.06,24.75,3112,15026723.0,3.535253376381289e-05
2024-05-24,11:56:33,24.8178,27.06,24.75,3112,15026723.0,3.535253376381289e-05
2024-05-24,11:56:33,24.8241,27.06,24.75,3112,15026723.0,3.535253376381289e-05
2024-05-24,11:56:33,24.8305,27.06,24.75,3111,15026723.0,3.540912284108381e-05
2024-05-24,11:56:33,24.8369,27.06,24.75,3112,15026723.0,3.535253376381289e-05
2024-05-24,11:56:33,24.8433,27.06,24.75,3113,15026722.0,3.529603512435602e-05
2024-05-24,11:56:33,24.8497,27.06,24.75,3113,15026723.0,3.529603512435602e-05
2024-05-24,11:56:33,24.8561,27.06,24.75,3113,15026723.0,3.529603512435602e-05
2024-05-24,11:56:33,24.8623,27.06,24.75,3113,15026724.0,3.529603512435602e-05
2024-05-24,11:56:33,24.8686,27.06,24.75,3113,15026723.0,3.529603512435602e-05
2024-05-24,11:56:33,24.875,27.06,24.75,3113,15026723.0,3.529603512435602e-05
2024-05-24,11:56:33,24.8814,27.06,24.75,3113,15026724.0,3.529603512435602e-05
2024-05-24,11:56:33,24.8878,27.06,24.75,3113,15026724.0,3.529603512435602e-05
2024-05-24,11:56:33,24.8941,27.06,24.75,3113,15026723.0,3.529603512435602e-05
2024-05-24,11:56:33,24.9003,27.06,24.75,3112,15026722.0,3.535253376381289e-05
2024-05-24,11:56:33,24.9067,27.06,24.75,3111,15026723.0,3.540912284108381e-05
2024-05-24,11:56:33,24.9131,27.06,24.75,3111,15026723.0,3.540912284108381e-05
2024-05-24,11:56:33,24.9195,27.06,24.75,3112,15026722.0,3.535253376381289e-05
2024-05-24,11:56:33,24.9259,27.06,24.75,3113,15026722.0,3.529603512435602e-05
2024-05-24,11:56:33,24.9323,27.06,24.75,3113,15026723.0,3.529603512435602e-05
2024-05-24,11:56:33,24.9387,27.06,24.75,3112,15026722.0,3.535253376381289e-05
2024-05-24,11:56:33,24.9451,27.06,24.75,3112,15026722.0,3.535253376381289e-05
2024-05-24,11:56:33,24.9514,27.06,24.75,3112,15026723.0,3.535253376381289e-05
2024-05-24,11:56:33,24.9577,27.06,24.75,3111,15026723.0,3.540912284108381e-05
2024-05-24,11:56:33,24.9642,27.06,24.75,3111,15026723.0,3.540912284108381e-05
2024-05-24,11:56:33,24.9706,27.06,24.75,3111,15026723.0,3.540912284108381e-05
2024-05-24,11:56:33,24.9769,27.06,24.75,3112,15026723.0,3.535253376381289e-05
2024-05-24,11:56:33,24.9833,27.06,24.75,3113,15026722.0,3.529603512435602e-05
2024-05-24,11:56:33,24.9897,27.06,24.75,3113,15026723.0,3.529603512435602e-05
2024-05-24,11:56:33,24.9961,27.06,24.75,3113,15026723.0,3.529603512435602e-05
2024-05-24,11:56:33,25.0025,27.06,24.75,3113,15026722.0,3.529603512435602e-05
2024-05-24,11:56:33,25.0089,27.06,24.75,3112,15026723.0,3.535253376381289e-05
2024-05-24,11:56:33,25.0152,27.06,24.75,3112,15026724.0,3.535253376381289e-05
2024-05-24,11:56:33,25.0214,27.06,24.75,3112,15026724.0,3.535253376381289e-05
2024-05-24,11:56:33,25.0278,27.06,24.75,3111,15026722.0,3.540912284108381e-05
2024-05-24,11:56:33,25.0342,27.06,24.75,3112,15026722.0,3.535253376381289e-05
2024-05-24,11:56:33,25.0406,27.06,24.75,3112,15026722.0,3.535253376381289e-05
2024-05-24,11:56:33,25.047,27.06,24.75,3112,15026722.0,3.535253376381289e-05
2024-05-24,11:56:33,25.0534,27.06,24.75,3113,15026723.0,3.529603512435602e-05
2024-05-24,11:56:33,25.0598,27.06,24.75,3112,15026723.0,3.535253376381289e-05
2024-05-24,11:56:33,25.0662,27.06,24.75,3111,15026722.0,3.540912284108381e-05
2024-05-24,11:56:33,25.0726,27.06,24.75,3112,15026722.0,3.535253376381289e-05
2024-05-24,11:56:33,25.0789,27.06,24.75,3113,15026722.0,3.529603512435602e-05
2024-05-24,11:56:33,25.0853,27.06,24.75,3112,15026723.0,3.535253376381289e-05
2024-05-24,11:56:33,25.0917,27.06,24.75,3112,15026723.0,3.535253376381289e-05
2024-05-24,11:56:33,25.098,27.06,24.75,3112,15026723.0,3.535253376381289e-05
2024-05-24,11:56:33,25.1044,27.06,24.75,3111,15026723.0,3.540912284108381e-05
2024-05-24,11:56:33,25.1108,27.06,24.75,3112,15026722.0,3.535253376381289e-05
2024-05-24,11:56:33,25.1172,27.06,24.75,3112,15026722.0,3.535253376381289e-05
2024-05-24,11:56:33,25.1236,27.06,24.75,3112,15026722.0,3.535253376381289e-05
2024-05-24,11:56:33,25.13,27.06,24.75,3113,15026723.0,3.529603512435602e-05
2024-05-24,11:56:33,25.1364,27.06,24.75,3112,15026723.0,3.535253376381289e-05
2024-05-24,11:56:33,25.1426,27.06,24.75,3111,15026723.0,3.540912284108381e-05
2024-05-24,11:56:33,25.149,27.06,24.75,3111,15026723.0,3.540912284108381e-05
2024-05-24,11:56:33,25.1554,27.06,24.75,3112,15026723.0,3.535253376381289e-05
2024-05-24,11:56:33,25.1617,27.12,24.75,3112,15026723.0,3.535253376381289e-05
2024-05-24,11:56:33,25.1681,27.12,24.75,3111,15026723.0,3.540912284108381e-05
2024-05-24,11:56:33,25.1745,27.12,24.75,3112,15026722.0,3.535253376381289e-05
2024-05-24,11:56:33,25.1809,27.12,24.75,3112,15026722.0,3.535253376381289e-05
2024-05-24,11:56:33,25.1873,27.12,24.75,3112,15026722.0,3.535253376381289e-05
2024-05-24,11:56:33,25.1937,27.12,24.75,3112,15026722.0,3.535253376381289e-05
2024-05-24,11:56:33,25.2,27.12,24.75,3111,15026723.0,3.540912284108381e-05
2024-05-24,11:56:33,25.2064,27.12,24.75,3111,15026723.0,3.540912284108381e-05
2024-05-24,11:56:33,25.2128,27.12,24.75,3112,15026722.0,3.535253376381289e-05
2024-05-24,11:56:33,25.2191,27.12,24.75,3112,15026722.0,3.535253376381289e-05
2024-05-24,11:56:33,25.2255,27.12,24.75,3112,15026722.0,3.535253376381289e-05
2024-05-24,11:56:33,25.2319,27.12,24.75,3112,15026722.0,3.535253376381289e-05
2024-05-24,11:56:33,25.2384,27.12,24.75,3112,15026722.0,3.535253376381289e-05
2024-05-24,11:56:33,25.2448,27.12,24.75,3113,15026723.0,3.529603512435602e-05
2024-05-24,11:56:33,25.2511,27.12,24.75,3112,15026723.0,3.535253376381289e-05
2024-05-24,11:56:33,25.2575,27.12,24.75,3111,15026722.0,3.540912284108381e-05
2024-05-24,11:56:33,25.2639,27.12,24.75,3112,15026722.0,3.535253376381289e-05
2024-05-24,11:56:33,25.2703,27.12,24.75,3112,15026722.0,3.535253376381289e-05
2024-05-24,11:56:33,25.2765,27.12,24.75,3111,15026722.0,3.540912284108381e-05
2024-05-24,11:56:33,25.2828,27.12,24.75,3111,15026723.0,3.540912284108381e-05
2024-05-24,11:56:33,25.2893,27.12,24.75,3110,15026723.0,3.546580250093324e-05
2024-05-24,11:56:33,25.2957,27.12,24.75,3110,15026722.0,3.546580250093324e-05
2024-05-24,11:56:33,25.302,27.12,24.75,3112,15026722.0,3.535253376381289e-05
2024-05-24,11:56:33,25.3084,27.12,24.75,3112,15026722.0,3.535253376381289e-05
2024-05-24,11:56:33,25.3148,27.12,24.75,3111,15026722.0,3.540912284108381e-05
2024-05-24,11:56:33,25.3212,27.12,24.75,3111,15026722.0,3.540912284108381e-05
2024-05-24,11:56:33,25.3276,27.12,24.75,3111,15026723.0,3.540912284108381e-05
2024-05-24,11:56:33,25.334,27.12,24.75,3111,15026723.0,3.540912284108381e-05
2024-05-24,11:56:33,25.3404,27.12,24.75,3111,15026723.0,3.540912284108381e-05
2024-05-24,11:56:33,25.3468,27.12,24.75,3111,15026722.0,3.540912284108381e-05
2024-05-24,11:56:33,25.3531,27.12,24.75,3111,15026722.0,3.540912284108381e-05
2024-05-24,11:56:33,25.3595,27.12,24.75,3111,15026722.0,3.540912284108381e-05
2024-05-24,11:56:33,25.3659,27.12,24.75,3111,15026722.0,3.540912284108381e-05
2024-05-24,11:56:33,25.3721,27.12,24.75,3112,15026722.0,3.535253376381289e-05
2024-05-24,11:56:33,25.3785,27.12,24.75,3112,15026722.0,3.535253376381289e-05
2024-05-24,11:56:33,25.3849,27.12,24.75,3111,15026722.0,3.540912284108381e-05
2024-05-24,11:56:33,25.3913,27.12,24.75,3111,15026722.0,3.540912284108381e-05
2024-05-24,11:56:33,25.3977,27.12,24.75,3111,15026722.0,3.540912284108381e-05
2024-05-24,11:56:33,25.4041,27.12,24.75,3112,15026722.0,3.535253376381289e-05
2024-05-24,11:56:33,25.4105,27.12,24.75,3112,15026722.0,3.535253376381289e-05
2024-05-24,11:56:33,25.4169,27.12,24.75,3111,15026722.0,3.540912284108381e-05
2024-05-24,11:56:33,25.4233,27.12,24.75,3111,15026722.0,3.540912284108381e-05
2024-05-24,11:56:33,25.4297,27.12,24.75,3112,15026722.0,3.535253376381289e-05
2024-05-24,11:56:33,25.436,27.12,24.75,3112,15026722.0,3.535253376381289e-05
2024-05-24,11:56:33,25.4423,27.12,24.75,3111,15026722.0,3.540912284108381e-05
2024-05-24,11:56:33,25.4487,27.12,24.75,3111,15026722.0,3.540912284108381e-05
2024-05-24,11:56:33,25.4551,27.12,24.75,3111,15026723.0,3.540912284108381e-05
2024-05-24,11:56:33,25.4615,27.12,24.75,3111,15026722.0,3.540912284108381e-05
2024-05-24,11:56:33,25.4679,27.12,24.75,3110,15026723.0,3.546580250093324e-05
2024-05-24,11:56:33,25.4743,27.12,24.75,3110,15026723.0,3.546580250093324e-05
2024-05-24,11:56:33,25.4806,27.12,24.75,3111,15026722.0,3.540912284108381e-05
2024-05-24,11:56:33,25.487,27.12,24.75,3111,15026722.0,3.540912284108381e-05
2024-05-24,11:56:33,25.4934,27.12,24.75,3111,15026722.0,3.540912284108381e-05
2024-05-24,11:56:33,25.4998,27.12,24.75,3110,15026722.0,3.546580250093324e-05
2024-05-24,11:56:33,25.5062,27.12,24.75,3110,15026721.0,3.546580250093324e-05
2024-05-24,11:56:33,25.5126,27.12,24.75,3111,15026722.0,3.540912284108381e-05
2024-05-24,11:56:33,25.519,27.12,24.75,3111,15026722.0,3.540912284108381e-05
2024-05-24,11:56:33,25.5252,27.12,24.75,3111,15026722.0,3.540912284108381e-05
2024-05-24,11:56:33,25.5316,27.12,24.75,3111,15026722.0,3.540912284108381e-05
2024-05-24,11:56:33,25.538,27.12,24.75,3111,15026722.0,3.540912284108381e-05
2024-05-24,11:56:33,25.5444,27.12,24.75,3111,15026722.0,3.540912284108381e-05
2024-05-24,11:56:33,25.5508,27.12,24.75,3111,15026722.0,3.540912284108381e-05
2024-05-24,11:56:33,25.5572,27.12,24.75,3111,15026722.0,3.540912284108381e-05
2024-05-24,11:56:33,25.5636,27.12,24.75,3111,15026723.0,3.540912284108381e-05
2024-05-24,11:56:33,25.57,27.12,24.75,3111,15026722.0,3.540912284108381e-05
2024-05-24,11:56:33,25.5764,27.12,24.75,3111,15026722.0,3.540912284108381e-05
2024-05-24,11:56:33,25.5827,27.12,24.75,3111,15026722.0,3.540912284108381e-05
2024-05-24,11:56:33,25.589,27.12,24.75,3110,15026722.0,3.546580250093324e-05
2024-05-24,11:56:33,25.5954,27.12,24.75,3110,15026721.0,3.546580250093324e-05
2024-05-24,11:56:33,25.6018,27.12,24.75,3111,15026722.0,3.540912284108381e-05
2024-05-24,11:56:33,25.6082,27.12,24.75,3111,15026722.0,3.540912284108381e-05
2024-05-24,11:56:33,25.6146,27.12,24.75,3111,15026722.0,3.540912284108381e-05
2024-05-24,11:56:33,25.621,27.12,24.75,3110,15026723.0,3.546580250093324e-05
2024-05-24,11:56:33,25.6274,27.12,24.75,3110,15026722.0,3.546580250093324e-05
2024-05-24,11:56:33,25.6337,27.12,24.75,3111,15026722.0,3.540912284108381e-05
2024-05-24,11:56:33,25.6399,27.12,24.75,3111,15026722.0,3.540912284108381e-05
2024-05-24,11:56:33,25.6463,27.12,24.75,3110,15026722.0,3.546580250093324e-05
2024-05-24,11:56:33,25.6527,27.12,24.75,3110,15026722.0,3.546580250093324e-05
2024-05-24,11:56:33,25.6591,27.12,24.75,3111,15026722.0,3.540912284108381e-05
2024-05-24,11:56:33,25.6655,27.12,24.75,3111,15026722.0,3.540912284108381e-05
2024-05-24,11:56:33,25.6719,27.12,24.75,3111,15026722.0,3.540912284108381e-05
2024-05-24,11:56:33,25.6783,27.12,24.75,3111,15026721.0,3.540912284108381e-05
2024-05-24,11:56:33,25.6847,27.12,24.75,3111,15026722.0,3.540912284108381e-05
2024-05-24,11:56:33,25.6911,27.12,24.75,3112,15026723.0,3.535253376381289e-05
2024-05-24,11:56:33,25.6975,27.12,24.75,3111,15026723.0,3.540912284108381e-05
2024-05-24,11:56:33,25.7038,27.12,24.75,3110,15026722.0,3.546580250093324e-05
2024-05-24,11:56:33,25.7102,27.12,24.75,3111,15026722.0,3.540912284108381e-05
2024-05-24,11:56:33,25.7167,27.12,24.75,3111,15026722.0,3.540912284108381e-05
2024-05-24,11:56:33,25.7231,27.12,24.75,3110,15026723.0,3.546580250093324e-05
2024-05-24,11:56:33,25.7295,27.12,24.75,3110,15026723.0,3.546580250093324e-05
2024-05-24,11:56:33,25.7358,27.12,24.75,3111,15026722.0,3.540912284108381e-05
2024-05-24,11:56:33,25.7422,27.12,24.75,3110,15026721.0,3.546580250093324e-05
2024-05-24,11:56:33,25.7487,27.12,24.75,3110,15026721.0,3.546580250093324e-05
2024-05-24,11:56:33,25.7551,27.12,24.75,3111,15026722.0,3.540912284108381e-05
2024-05-24,11:56:33,25.7614,27.12,24.75,3110,15026722.0,3.546580250093324e-05
2024-05-24,11:56:33,25.7677,27.12,24.75,3110,15026722.0,3.546580250093324e-05
2024-05-24,11:56:34,25.7741,27.12,24.75,3110,15026722.0,3.546580250093324e-05
2024-05-24,11:56:34,25.7805,27.12,24.75,3109,15026722.0,3.55225728883575e-05
2024-05-24,11:56:34,25.7869,27.12,24.75,3108,15026722.0,3.557943414858484e-05
2024-05-24,11:56:34,25.7933,27.12,24.75,3109,15026723.0,3.55225728883575e-05
2024-05-24,11:56:34,25.7997,27.12,24.75,3109,15026723.0,3.55225728883575e-05
2024-05-24,11:56:34,25.8061,27.12,24.75,3108,15026722.0,3.557943414858484e-05
2024-05-24,11:56:34,25.8125,27.12,24.75,3110,15026721.0,3.546580250093324e-05
2024-05-24,11:56:34,25.8189,27.12,24.75,3111,15026721.0,3.540912284108381e-05
2024-05-24,11:56:34,25.8253,27.12,24.75,3111,15026721.0,3.540912284108381e-05
2024-05-24,11:56:34,25.8315,27.12,24.75,3110,15026721.0,3.546580250093324e-05
2024-05-24,11:56:34,25.8379,27.12,24.75,3109,15026721.0,3.55225728883575e-05
2024-05-24,11:56:34,25.8445,27.12,24.75,3110,15026723.0,3.546580250093324e-05
2024-05-24,11:56:34,25.8509,27.12,24.75,3110,15026723.0,3.546580250093324e-05
2024-05-24,11:56:34,25.8573,27.12,24.75,3110,15026722.0,3.546580250093324e-05
2024-05-24,11:56:34,25.8635,27.12,24.75,3110,15026722.0,3.546580250093324e-05
2024-05-24,11:56:34,25.8699,27.12,24.75,3109,15026722.0,3.55225728883575e-05
2024-05-24,11:56:34,25.8765,27.12,24.75,3108,15026722.0,3.557943414858484e-05
2024-05-24,11:56:34,25.8829,27.12,24.75,3108,15026722.0,3.557943414858484e-05
2024-05-24,11:56:34,25.8893,27.12,24.75,3109,15026722.0,3.55225728883575e-05
2024-05-24,11:56:34,25.8955,27.12,24.75,3110,15026722.0,3.546580250093324e-05
2024-05-24,11:56:34,25.9018,27.12,24.75,3110,15026722.0,3.546580250093324e-05
2024-05-24,11:56:34,25.9082,27.12,24.75,3109,15026722.0,3.55225728883575e-05
2024-05-24,11:56:34,25.9146,27.12,24.75,3110,15026722.0,3.546580250093324e-05
2024-05-24,11:56:34,25.921,27.12,24.75,3110,15026722.0,3.546580250093324e-05
2024-05-24,11:56:34,25.9274,27.12,24.75,3109,15026722.0,3.55225728883575e-05
2024-05-24,11:56:34,25.9338,27.12,24.75,3109,15026721.0,3.55225728883575e-05
2024-05-24,11:56:34,25.9402,27.12,24.75,3109,15026721.0,3.55225728883575e-05
2024-05-24,11:56:34,25.9466,27.12,24.75,3109,15026722.0,3.55225728883575e-05
2024-05-24,11:56:34,25.953,27.12,24.75,3109,15026722.0,3.55225728883575e-05
2024-05-24,11:56:34,25.9594,27.12,24.75,3110,15026722.0,3.546580250093324e-05
2024-05-24,11:56:34,25.9658,27.12,24.75,3110,15026722.0,3.546580250093324e-05
2024-05-24,11:56:34,25.9722,27.12,24.75,3110,15026722.0,3.546580250093324e-05
2024-05-24,11:56:34,25.9786,27.12,24.75,3110,15026722.0,3.546580250093324e-05
2024-05-24,11:56:34,25.985,27.12,24.75,3110,15026723.0,3.546580250093324e-05
2024-05-24,11:56:34,25.9914,27.12,24.75,3110,15026722.0,3.546580250093324e-05
2024-05-24,11:56:34,25.9978,27.12,24.75,3109,15026722.0,3.55225728883575e-05
2024-05-24,11:56:34,26.0042,27.12,24.75,3108,15026722.0,3.557943414858484e-05
2024-05-24,11:56:34,26.0106,27.12,24.75,3108,15026722.0,3.557943414858484e-05
2024-05-24,11:56:34,26.017,27.12,24.75,3109,15026722.0,3.55225728883575e-05
2024-05-24,11:56:34,26.0233,27.12,24.75,3109,15026722.0,3.55225728883575e-05
2024-05-24,11:56:34,26.0296,27.12,24.75,3110,15026722.0,3.546580250093324e-05
2024-05-24,11:56:34,26.036,27.12,24.75,3110,15026721.0,3.546580250093324e-05
2024-05-24,11:56:34,26.0424,27.12,24.75,3109,15026721.0,3.55225728883575e-05
2024-05-24,11:56:34,26.0489,27.12,24.75,3109,15026722.0,3.55225728883575e-05
2024-05-24,11:56:34,26.0553,27.12,24.75,3109,15026722.0,3.55225728883575e-05
2024-05-24,11:56:34,26.0616,27.12,24.75,3109,15026722.0,3.55225728883575e-05
2024-05-24,11:56:34,26.068,27.12,24.75,3109,15026722.0,3.55225728883575e-05
2024-05-24,11:56:34,26.0744,27.12,24.75,3109,15026722.0,3.55225728883575e-05
2024-05-24,11:56:34,26.0808,27.12,24.75,3108,15026722.0,3.557943414858484e-05
2024-05-24,11:56:34,26.0872,27.12,24.75,3108,15026721.0,3.557943414858484e-05
2024-05-24,11:56:34,26.0936,27.12,24.75,3109,15026721.0,3.55225728883575e-05
2024-05-24,11:56:34,26.1,27.12,24.75,3109,15026721.0,3.55225728883575e-05
2024-05-24,11:56:34,26.1064,27.12,24.75,3109,15026721.0,3.55225728883575e-05
2024-05-24,11:56:34,26.1128,27.12,24.75,3109,15026721.0,3.55225728883575e-05
2024-05-24,11:56:34,26.1192,27.12,24.75,3109,15026721.0,3.55225728883575e-05
2024-05-24,11:56:34,26.1256,27.12,24.75,3109,15026722.0,3.55225728883575e-05
2024-05-24,11:56:34,26.132,27.12,24.75,3109,15026723.0,3.55225728883575e-05
2024-05-24,11:56:34,26.1384,27.12,24.75,3109,15026721.0,3.55225728883575e-05
2024-05-24,11:56:34,26.1448,27.12,24.75,3109,15026721.0,3.55225728883575e-05
2024-05-24,11:56:34,26.1512,27.12,24.75,3109,15026722.0,3.55225728883575e-05
2024-05-24,11:56:34,26.1576,27.12,24.75,3108,15026722.0,3.557943414858484e-05
2024-05-24,11:56:34,26.164,27.12,24.75,3108,15026722.0,3.557943414858484e-05
2024-05-24,11:56:34,26.1704,27.12,24.75,3109,15026722.0,3.55225728883575e-05
2024-05-24,11:56:34,26.1768,27.12,24.75,3109,15026722.0,3.55225728883575e-05
2024-05-24,11:56:34,26.1832,27.12,24.75,3107,15026723.0,3.563638642707614e-05
2024-05-24,11:56:34,26.1896,27.12,24.75,3108,15026723.0,3.557943414858484e-05
2024-05-24,11:56:34,26.196,27.12,24.75,3110,15026722.0,3.546580250093324e-05
2024-05-24,11:56:34,26.2024,27.12,24.75,3109,15026722.0,3.55225728883575e-05
2024-05-24,11:56:34,26.2088,27.12,24.75,3108,15026722.0,3.557943414858484e-05
2024-05-24,11:56:34,26.2152,27.12,24.75,3108,15026722.0,3.557943414858484e-05
2024-05-24,11:56:34,26.2216,27.12,24.75,3108,15026721.0,3.557943414858484e-05
2024-05-24,11:56:34,26.228,27.12,24.75,3108,15026721.0,3.557943414858484e-05
2024-05-24,11:56:34,26.2344,27.12,24.75,3109,15026721.0,3.55225728883575e-05
2024-05-24,11:56:34,26.2408,27.12,24.75,3109,15026721.0,3.55225728883575e-05
2024-05-24,11:56:34,26.2472,27.12,24.75,3109,15026722.0,3.55225728883575e-05
2024-05-24,11:56:34,26.2536,27.12,24.75,3109,15026722.0,3.55225728883575e-05
2024-05-24,11:56:34,26.2598,27.12,24.75,3108,15026722.0,3.557943414858484e-05
2024-05-24,11:56:34,26.2662,27.12,24.75,3108,15026721.0,3.557943414858484e-05
2024-05-24,11:56:34,26.2728,27.12,24.75,3109,15026721.0,3.55225728883575e-05
2024-05-24,11:56:34,26.2792,27.12,24.75,3109,15026722.0,3.55225728883575e-05
2024-05-24,11:56:34,26.2856,27.12,24.75,3109,15026722.0,3.55225728883575e-05
2024-05-24,11:56:34,26.292,27.12,24.75,3110,15026722.0,3.546580250093324e-05
2024-05-24,11:56:34,26.2984,27.12,24.75,3107,15026723.0,3.563638642707614e-05
2024-05-24,11:56:34,26.3048,27.12,24.75,3106,15026722.0,3.5693429869525e-05
2024-05-24,11:56:34,26.3112,27.12,24.75,3108,15026721.0,3.557943414858484e-05
2024-05-24,11:56:34,26.3176,27.12,24.75,3108,15026722.0,3.557943414858484e-05
2024-05-24,11:56:34,26.324,27.12,24.75,3109,15026722.0,3.55225728883575e-05
2024-05-24,11:56:34,26.3304,27.12,24.75,3109,15026721.0,3.55225728883575e-05
2024-05-24,11:56:34,26.3366,27.12,24.75,3109,15026722.0,3.55225728883575e-05
2024-05-24,11:56:34,26.3429,27.12,24.75,3110,15026722.0,3.546580250093324e-05
2024-05-24,11:56:34,26.3494,27.12,24.75,3108,15026722.0,3.557943414858484e-05
2024-05-24,11:56:34,26.3558,27.12,24.75,3107,15026722.0,3.563638642707614e-05
2024-05-24,11:56:34,26.3622,27.12,24.75,3109,15026721.0,3.55225728883575e-05
2024-05-24,11:56:34,26.3686,27.12,24.75,3108,15026721.0,3.557943414858484e-05
2024-05-24,11:56:34,26.3749,27.12,24.75,3107,15026721.0,3.563638642707614e-05
2024-05-24,11:56:34,26.3813,27.12,24.75,3108,15026721.0,3.557943414858484e-05
2024-05-24,11:56:34,26.3877,27.12,24.75,3108,15026721.0,3.557943414858484e-05
2024-05-24,11:56:34,26.3941,27.12,24.75,3108,15026721.0,3.557943414858484e-05
2024-05-24,11:56:34,26.4006,27.12,24.75,3108,15026722.0,3.557943414858484e-05
2024-05-24,11:56:34,26.4072,27.12,24.75,3107,15026722.0,3.563638642707614e-05
2024-05-24,11:56:34,26.4136,27.12,24.75,3108,15026721.0,3.557943414858484e-05
2024-05-24,11:56:34,26.4198,27.12,24.75,3109,15026721.0,3.55225728883575e-05
2024-05-24,11:56:34,26.4262,27.12,24.75,3107,15026722.0,3.563638642707614e-05
2024-05-24,11:56:34,26.4326,27.12,24.75,3106,15026722.0,3.5693429869525e-05
2024-05-24,11:56:34,26.4389,27.12,24.75,3108,15026721.0,3.557943414858484e-05
2024-05-24,11:56:34,26.4454,27.12,24.75,3109,15026721.0,3.55225728883575e-05
2024-05-24,11:56:34,26.4518,27.12,24.75,3109,15026721.0,3.55225728883575e-05
2024-05-24,11:56:34,26.4582,27.12,24.75,3109,15026721.0,3.55225728883575e-05
2024-05-24,11:56:34,26.4648,27.12,24.75,3109,15026721.0,3.55225728883575e-05
2024-05-24,11:56:34,26.4712,27.12,24.75,3109,15026721.0,3.55225728883575e-05
2024-05-24,11:56:34,26.4776,27.12,24.75,3107,15026722.0,3.563638642707614e-05
2024-05-24,11:56:34,26.4838,27.12,24.75,3107,15026722.0,3.563638642707614e-05
2024-05-24,11:56:34,26.4901,27.12,24.75,3108,15026722.0,3.557943414858484e-05
2024-05-24,11:56:34,26.4965,27.12,24.75,3108,15026721.0,3.557943414858484e-05
2024-05-24,11:56:34,26.503,27.12,24.75,3108,15026722.0,3.557943414858484e-05
2024-05-24,11:56:34,26.5094,27.12,24.75,3107,15026721.0,3.563638642707614e-05
2024-05-24,11:56:34,26.5158,27.12,24.75,3107,15026721.0,3.563638642707614e-05
2024-05-24,11:56:34,26.5222,27.12,24.75,3108,15026721.0,3.557943414858484e-05
2024-05-24,11:56:34,26.5285,27.12,24.75,3108,15026721.0,3.557943414858484e-05
2024-05-24,11:56:34,26.5349,27.12,24.75,3108,15026722.0,3.557943414858484e-05
2024-05-24,11:56:34,26.5413,27.12,24.75,3108,15026722.0,3.557943414858484e-05
2024-05-24,11:56:34,26.5478,27.12,24.75,3108,15026722.0,3.557943414858484e-05
2024-05-24,11:56:34,26.5544,27.12,24.75,3109,15026722.0,3.55225728883575e-05
2024-05-24,11:56:34,26.5608,27.12,24.75,3109,15026721.0,3.55225728883575e-05
2024-05-24,11:56:34,26.567,27.12,24.75,3108,15026721.0,3.557943414858484e-05
2024-05-24,11:56:34,26.5733,27.12,24.75,3108,15026721.0,3.557943414858484e-05
2024-05-24,11:56:34,26.5798,27.12,24.75,3108,15026721.0,3.557943414858484e-05
2024-05-24,11:56:34,26.5862,27.12,24.75,3108,15026722.0,3.557943414858484e-05
2024-05-24,11:56:34,26.5926,27.12,24.75,3108,15026722.0,3.557943414858484e-05
2024-05-24,11:56:34,26.599,27.12,24.75,3108,15026721.0,3.557943414858484e-05
2024-05-24,11:56:34,26.6053,27.12,24.75,3108,15026722.0,3.557943414858484e-05
2024-05-24,11:56:34,26.6117,27.12,24.75,3108,15026722.0,3.557943414858484e-05
2024-05-24,11:56:34,26.6181,27.12,24.75,3108,15026721.0,3.557943414858484e-05
2024-05-24,11:56:34,26.6246,27.12,24.75,3108,15026722.0,3.557943414858484e-05
2024-05-24,11:56:34,26.631,27.12,24.75,3108,15026722.0,3.557943414858484e-05
2024-05-24,11:56:34,26.6374,27.12,24.75,3108,15026722.0,3.557943414858484e-05
2024-05-24,11:56:34,26.644,27.12,24.75,3108,15026721.0,3.557943414858484e-05
2024-05-24,11:56:34,26.6504,27.12,24.75,3108,15026721.0,3.557943414858484e-05
2024-05-24,11:56:34,26.6566,27.12,24.75,3108,15026721.0,3.557943414858484e-05
2024-05-24,11:56:34,26.6629,27.12,24.75,3108,15026722.0,3.557943414858484e-05
2024-05-24,11:56:34,26.6694,27.12,24.75,3108,15026722.0,3.557943414858484e-05
2024-05-24,11:56:34,26.676,27.12,24.75,3108,15026721.0,3.557943414858484e-05
2024-05-24,11:56:34,26.6822,27.12,24.75,3108,15026721.0,3.557943414858484e-05
2024-05-24,11:56:34,26.6886,27.12,24.75,3108,15026722.0,3.557943414858484e-05
2024-05-24,11:56:34,26.695,27.12,24.75,3108,15026721.0,3.557943414858484e-05
2024-05-24,11:56:34,26.7013,27.12,24.75,3108,15026721.0,3.557943414858484e-05
2024-05-24,11:56:34,26.7077,27.12,24.75,3108,15026721.0,3.557943414858484e-05
2024-05-24,11:56:34,26.7141,27.12,24.75,3108,15026722.0,3.557943414858484e-05
2024-05-24,11:56:34,26.7205,27.12,24.75,3108,15026721.0,3.557943414858484e-05
2024-05-24,11:56:34,26.7269,27.12,24.75,3108,15026721.0,3.557943414858484e-05
2024-05-24,11:56:34,26.7333,27.12,24.75,3108,15026721.0,3.557943414858484e-05
2024-05-24,11:56:34,26.7397,27.12,24.75,3108,15026721.0,3.557943414858484e-05
2024-05-24,11:56:34,26.7461,27.12,24.75,3108,15026722.0,3.557943414858484e-05
2024-05-24,11:56:34,26.7525,27.12,24.75,3108,15026722.0,3.557943414858484e-05
2024-05-24,11:56:34,26.7589,27.12,24.75,3108,15026722.0,3.557943414858484e-05
2024-05-24,11:56:34,26.7653,27.12,24.75,3107,15026721.0,3.563638642707614e-05
2024-05-24,11:56:35,26.7717,27.12,24.75,3108,15026721.0,3.557943414858484e-05
2024-05-24,11:56:35,26.7781,27.12,24.75,3109,15026721.0,3.55225728883575e-05
2024-05-24,11:56:35,26.7845,27.12,24.75,3108,15026721.0,3.557943414858484e-05
2024-05-24,11:56:35,26.7909,27.12,24.75,3108,15026721.0,3.557943414858484e-05
2024-05-24,11:56:35,26.7973,27.12,24.75,3107,15026722.0,3.563638642707614e-05
2024-05-24,11:56:35,26.8037,27.12,24.75,3107,15026721.0,3.563638642707614e-05
2024-05-24,11:56:35,26.8101,27.12,24.75,3107,15026722.0,3.563638642707614e-05
2024-05-24,11:56:35,26.8165,27.12,24.75,3106,15026722.0,3.5693429869525e-05
2024-05-24,11:56:35,26.8229,27.12,24.75,3106,15026721.0,3.5693429869525e-05
2024-05-24,11:56:35,26.8293,27.12,24.75,3107,15026722.0,3.563638642707614e-05
2024-05-24,11:56:35,26.8357,27.12,24.75,3108,15026722.0,3.557943414858484e-05
2024-05-24,11:56:35,26.8421,27.12,24.75,3107,15026721.0,3.563638642707614e-05
2024-05-24,11:56:35,26.8485,27.12,24.75,3106,15026722.0,3.5693429869525e-05
2024-05-24,11:56:35,26.8549,27.12,24.75,3107,15026722.0,3.563638642707614e-05
2024-05-24,11:56:35,26.8613,27.12,24.75,3108,15026721.0,3.557943414858484e-05
2024-05-24,11:56:35,26.8677,27.12,24.75,3108,15026721.0,3.557943414858484e-05
2024-05-24,11:56:35,26.8742,27.12,24.75,3108,15026721.0,3.557943414858484e-05
2024-05-24,11:56:35,26.8806,27.12,24.75,3108,15026721.0,3.557943414858484e-05
2024-05-24,11:56:35,26.887,27.12,24.75,3107,15026722.0,3.563638642707614e-05
2024-05-24,11:56:35,26.8934,27.12,24.75,3106,15026721.0,3.5693429869525e-05
2024-05-24,11:56:35,26.8998,27.12,24.75,3106,15026721.0,3.5693429869525e-05
2024-05-24,11:56:35,26.9064,27.12,24.75,3107,15026721.0,3.563638642707614e-05
2024-05-24,11:56:35,26.9126,27.12,24.75,3106,15026722.0,3.5693429869525e-05
2024-05-24,11:56:35,26.919,27.12,24.75,3105,15026721.0,3.575056462185832e-05
2024-05-24,11:56:35,26.9256,27.12,24.75,3107,15026721.0,3.563638642707614e-05
2024-05-24,11:56:35,26.932,27.12,24.75,3108,15026721.0,3.557943414858484e-05
2024-05-24,11:56:35,26.9384,27.12,24.75,3108,15026721.0,3.557943414858484e-05
2024-05-24,11:56:35,26.9448,27.12,24.75,3107,15026721.0,3.563638642707614e-05
2024-05-24,11:56:35,26.9512,27.12,24.75,3106,15026721.0,3.5693429869525e-05
2024-05-24,11:56:35,26.9576,27.12,24.75,3107,15026721.0,3.563638642707614e-05
2024-05-24,11:56:35,26.964,27.12,24.75,3107,15026721.0,3.563638642707614e-05
2024-05-24,11:56:35,26.9704,27.12,24.75,3106,15026721.0,3.5693429869525e-05
2024-05-24,11:56:35,26.9768,27.12,24.75,3106,15026721.0,3.5693429869525e-05
2024-05-24,11:56:35,26.9832,27.12,24.75,3106,15026722.0,3.5693429869525e-05
2024-05-24,11:56:35,26.9896,27.12,24.75,3106,15026721.0,3.5693429869525e-05
2024-05-24,11:56:35,26.996,27.12,24.75,3106,15026721.0,3.5693429869525e-05
2024-05-24,11:56:35,27.0024,27.12,24.75,3106,15026721.0,3.5693429869525e-05
2024-05-24,11:56:35,27.0088,27.12,24.75,3107,15026721.0,3.563638642707614e-05
2024-05-24,11:56:35,27.0153,27.12,24.75,3107,15026721.0,3.563638642707614e-05
2024-05-24,11:56:35,27.0217,27.12,24.75,3106,15026721.0,3.5693429869525e-05
2024-05-24,11:56:35,27.028,27.12,24.75,3107,15026721.0,3.563638642707614e-05
2024-05-24,11:56:35,27.0344,27.12,24.75,3107,15026721.0,3.563638642707614e-05
2024-05-24,11:56:35,27.0408,27.12,24.75,3105,15026722.0,3.575056462185832e-05
2024-05-24,11:56:35,27.0472,27.12,24.75,3105,15026722.0,3.575056462185832e-05
2024-05-24,11:56:35,27.0536,27.12,24.75,3106,15026722.0,3.5693429869525e-05
2024-05-24,11:56:35,27.06,27.12,24.75,3106,15026721.0,3.5693429869525e-05
2024-05-24,11:56:35,27.0664,27.12,24.75,3106,15026721.0,3.5693429869525e-05
2024-05-24,11:56:35,27.0728,27.12,24.75,3106,15026721.0,3.5693429869525e-05
2024-05-24,11:56:35,27.0792,27.12,24.75,3107,15026721.0,3.563638642707614e-05
2024-05-24,11:56:35,27.0856,27.12,24.75,3108,15026720.0,3.557943414858484e-05
2024-05-24,11:56:35,27.092,27.12,24.75,3107,15026721.0,3.563638642707614e-05
2024-05-24,11:56:35,27.0985,27.12,24.75,3106,15026721.0,3.5693429869525e-05
2024-05-24,11:56:35,27.1049,27.12,24.75,3106,15026721.0,3.5693429869525e-05
2024-05-24,11:56:35,27.1112,27.12,24.75,3106,15026721.0,3.5693429869525e-05
2024-05-24,11:56:35,27.1177,27.12,24.75,3105,15026721.0,3.575056462185832e-05
2024-05-24,11:56:35,27.1242,27.12,24.75,3105,15026721.0,3.575056462185832e-05
2024-05-24,11:56:35,27.1306,27.12,24.75,3106,15026721.0,3.5693429869525e-05
2024-05-24,11:56:35,27.137,27.12,24.75,3107,15026722.0,3.563638642707614e-05
2024-05-24,11:56:35,27.1434,27.12,24.75,3107,15026722.0,3.563638642707614e-05
2024-05-24,11:56:35,27.1498,27.12,24.75,3106,15026720.0,3.5693429869525e-05
2024-05-24,11:56:35,27.1561,27.12,24.75,3107,15026720.0,3.563638642707614e-05
2024-05-24,11:56:35,27.1625,27.12,24.75,3107,15026720.0,3.563638642707614e-05
2024-05-24,11:56:35,27.169,27.12,24.75,3105,15026721.0,3.575056462185832e-05
2024-05-24,11:56:35,27.1754,27.12,24.75,3105,15026722.0,3.575056462185832e-05
2024-05-24,11:56:35,27.1818,27.12,24.75,3105,15026721.0,3.575056462185832e-05
2024-05-24,11:56:35,27.1882,27.12,24.75,3105,15026721.0,3.575056462185832e-05
2024-05-24,11:56:35,27.1946,27.12,24.75,3105,15026721.0,3.575056462185832e-05
2024-05-24,11:56:35,27.201,27.12,24.75,3105,15026721.0,3.575056462185832e-05
2024-05-24,11:56:35,27.2074,27.12,24.75,3105,15026721.0,3.575056462185832e-05
2024-05-24,11:56:35,27.2139,27.12,24.75,3105,15026721.0,3.575056462185832e-05
2024-05-24,11:56:35,27.2205,27.12,24.75,3106,15026721.0,3.5693429869525e-05
2024-05-24,11:56:35,27.2269,27.12,24.75,3106,15026720.0,3.5693429869525e-05
2024-05-24,11:56:35,27.2331,27.12,24.75,3106,15026720.0,3.5693429869525e-05
2024-05-24,11:56:35,27.2395,27.12,24.75,3106,15026721.0,3.5693429869525e-05
2024-05-24,11:56:35,27.2461,27.12,24.75,3105,15026722.0,3.575056462185832e-05
2024-05-24,11:56:35,27.2525,27.12,24.75,3105,15026721.0,3.575056462185832e-05
2024-05-24,11:56:35,27.2589,27.12,24.75,3106,15026720.0,3.5693429869525e-05
2024-05-24,11:56:35,27.2653,27.12,24.75,3106,15026720.0,3.5693429869525e-05
2024-05-24,11:56:35,27.2717,27.12,24.75,3105,15026721.0,3.575056462185832e-05
2024-05-24,11:56:35,27.2781,27.12,24.75,3104,15026720.0,3.580779083023649e-05
2024-05-24,11:56:35,27.2845,27.12,24.75,3105,15026720.0,3.575056462185832e-05
2024-05-24,11:56:35,27.2909,27.12,24.75,3106,15026721.0,3.5693429869525e-05
2024-05-24,11:56:35,27.2973,27.12,24.75,3106,15026721.0,3.5693429869525e-05
2024-05-24,11:56:35,27.3037,27.12,24.75,3107,15026721.0,3.563638642707614e-05
2024-05-24,11:56:35,27.3101,27.12,24.75,3107,15026721.0,3.563638642707614e-05
2024-05-24,11:56:35,27.3165,27.12,24.75,3106,15026720.0,3.5693429869525e-05
2024-05-24,11:56:35,27.3229,27.12,24.75,3105,15026721.0,3.575056462185832e-05
2024-05-24,11:56:35,27.3293,27.12,24.75,3105,15026721.0,3.575056462185832e-05
2024-05-24,11:56:35,27.3357,27.12,24.75,3105,15026721.0,3.575056462185832e-05
2024-05-24,11:56:35,27.3421,27.12,24.75,3105,15026720.0,3.575056462185832e-05
2024-05-24,11:56:35,27.3485,27.12,24.75,3106,15026720.0,3.5693429869525e-05
2024-05-24,11:56:35,27.3549,27.12,24.75,3106,15026720.0,3.5693429869525e-05
2024-05-24,11:56:35,27.3613,27.12,24.75,3105,15026721.0,3.575056462185832e-05
2024-05-24,11:56:35,27.3677,27.12,24.75,3105,15026721.0,3.575056462185832e-05
2024-05-24,11:56:35,27.3741,27.12,24.75,3106,15026720.0,3.5693429869525e-05
2024-05-24,11:56:35,27.3805,27.12,24.75,3106,15026721.0,3.5693429869525e-05
2024-05-24,11:56:35,27.3869,27.12,24.75,3105,15026721.0,3.575056462185832e-05
2024-05-24,11:56:35,27.3933,27.12,24.75,3105,15026720.0,3.575056462185832e-05
2024-05-24,11:56:35,27.3997,27.12,24.75,3105,15026721.0,3.575056462185832e-05
2024-05-24,11:56:35,27.4061,27.12,24.75,3105,15026721.0,3.575056462185832e-05
2024-05-24,11:56:35,27.4125,27.12,24.75,3105,15026721.0,3.575056462185832e-05
2024-05-24,11:56:35,27.4189,27.12,24.75,3105,15026721.0,3.575056462185832e-05
2024-05-24,11:56:35,27.4253,27.12,24.75,3106,15026721.0,3.5693429869525e-05
2024-05-24,11:56:35,27.4317,27.12,24.75,3106,15026720.0,3.5693429869525e-05
2024-05-24,11:56:35,27.4381,27.12,24.75,3107,15026720.0,3.563638642707614e-05
2024-05-24,11:56:35,27.4445,27.12,24.75,3107,15026721.0,3.563638642707614e-05
2024-05-24,11:56:35,27.4509,27.12,24.75,3105,15026721.0,3.575056462185832e-05
2024-05-24,11:56:35,27.4574,27.12,24.75,3105,15026721.0,3.575056462185832e-05
2024-05-24,11:56:35,27.4639,27.12,24.75,3105,15026721.0,3.575056462185832e-05
2024-05-24,11:56:35,27.4702,27.12,24.75,3105,15026721.0,3.575056462185832e-05
2024-05-24,11:56:35,27.4765,27.12,24.75,3104,15026721.0,3.580779083023649e-05
2024-05-24,11:56:35,27.483,27.12,24.75,3104,15026721.0,3.580779083023649e-05
2024-05-24,11:56:35,27.4895,27.12,24.75,3105,15026721.0,3.575056462185832e-05
2024-05-24,11:56:35,27.4959,27.12,24.75,3105,15026721.0,3.575056462185832e-05
2024-05-24,11:56:35,27.5023,27.12,24.75,3106,15026720.0,3.5693429869525e-05
2024-05-24,11:56:35,27.5087,27.12,24.75,3106,15026720.0,3.5693429869525e-05
2024-05-24,11:56:35,27.5151,27.12,24.75,3105,15026721.0,3.575056462185832e-05
2024-05-24,11:56:35,27.5217,27.12,24.75,3105,15026721.0,3.575056462185832e-05
2024-05-24,11:56:35,27.5281,27.12,24.75,3106,15026721.0,3.5693429869525e-05
2024-05-24,11:56:35,27.5343,27.12,24.75,3106,15026720.0,3.5693429869525e-05
2024-05-24,11:56:35,27.5407,27.12,24.75,3105,15026721.0,3.575056462185832e-05
2024-05-24,11:56:35,27.5471,27.12,24.75,3105,15026720.0,3.575056462185832e-05
2024-05-24,11:56:35,27.5537,27.12,24.75,3106,15026720.0,3.5693429869525e-05
2024-05-24,11:56:35,27.5602,27.12,24.75,3106,15026720.0,3.5693429869525e-05
2024-05-24,11:56:35,27.5666,27.12,24.75,3105,15026720.0,3.575056462185832e-05
2024-05-24,11:56:35,27.5729,27.12,24.75,3105,15026720.0,3.575056462185832e-05
2024-05-24,11:56:35,27.5791,27.12,24.75,3105,15026720.0,3.575056462185832e-05
2024-05-24,11:56:35,27.5857,27.12,24.75,3105,15026720.0,3.575056462185832e-05
2024-05-24,11:56:35,27.5922,27.12,24.75,3105,15026720.0,3.575056462185832e-05
2024-05-24,11:56:35,27.5986,27.12,24.75,3105,15026721.0,3.575056462185832e-05
2024-05-24,11:56:35,27.605,27.12,24.75,3105,15026720.0,3.575056462185832e-05
2024-05-24,11:56:35,27.6114,27.12,24.75,3105,15026720.0,3.575056462185832e-05
2024-05-24,11:56:35,27.6178,27.12,24.75,3105,15026721.0,3.575056462185832e-05
2024-05-24,11:56:35,27.6242,27.12,24.75,3105,15026720.0,3.575056462185832e-05
2024-05-24,11:56:35,27.6306,27.12,24.75,3105,15026720.0,3.575056462185832e-05
2024-05-24,11:56:35,27.637,27.12,24.75,3105,15026721.0,3.575056462185832e-05
2024-05-24,11:56:35,27.6434,27.12,24.75,3105,15026721.0,3.575056462185832e-05
2024-05-24,11:56:35,27.6498,27.12,24.75,3105,15026721.0,3.575056462185832e-05
2024-05-24,11:56:35,27.6563,27.12,24.75,3105,15026721.0,3.575056462185832e-05
2024-05-24,11:56:35,27.6627,27.12,24.75,3105,15026721.0,3.575056462185832e-05
2024-05-24,11:56:35,27.669,27.12,24.75,3104,15026721.0,3.580779083023649e-05
2024-05-24,11:56:35,27.6754,27.12,24.75,3104,15026720.0,3.580779083023649e-05
2024-05-24,11:56:35,27.6818,27.12,24.75,3105,15026720.0,3.575056462185832e-05
2024-05-24,11:56:35,27.6882,27.12,24.75,3105,15026720.0,3.575056462185832e-05
2024-05-24,11:56:35,27.6946,27.12,24.75,3106,15026720.0,3.5693429869525e-05
2024-05-24,11:56:35,27.701,27.12,24.75,3106,15026720.0,3.5693429869525e-05
2024-05-24,11:56:35,27.7074,27.12,24.75,3105,15026721.0,3.575056462185832e-05
2024-05-24,11:56:35,27.7138,27.12,24.75,3105,15026721.0,3.575056462185832e-05
2024-05-24,11:56:35,27.7203,27.12,24.75,3105,15026721.0,3.575056462185832e-05
2024-05-24,11:56:35,27.7268,27.12,24.75,3105,15026720.0,3.575056462185832e-05
2024-05-24,11:56:35,27.7332,27.12,24.75,3106,15026720.0,3.5693429869525e-05
2024-05-24,11:56:35,27.7396,27.12,24.75,3106,15026721.0,3.5693429869525e-05
2024-05-24,11:56:35,27.746,27.12,24.75,3106,15026721.0,3.5693429869525e-05
2024-05-24,11:56:35,27.7524,27.12,24.75,3106,15026721.0,3.5693429869525e-05
2024-05-24,11:56:35,27.7588,27.12,24.75,3105,15026721.0,3.575056462185832e-05
2024-05-24,11:56:35,27.7652,27.12,24.75,3105,15026720.0,3.575056462185832e-05
2024-05-24,11:56:36,27.7716,27.12,24.75,3105,15026720.0,3.575056462185832e-05
2024-05-24,11:56:36,27.778,27.12,24.75,3105,15026720.0,3.575056462185832e-05
2024-05-24,11:56:36,27.7844,27.12,24.75,3106,15026721.0,3.5693429869525e-05
2024-05-24,11:56:36,27.7908,27.12,24.75,3106,15026721.0,3.5693429869525e-05
2024-05-24,11:56:36,27.7972,27.12,24.75,3106,15026721.0,3.5693429869525e-05
2024-05-24,11:56:36,27.8036,27.12,24.75,3106,15026720.0,3.5693429869525e-05
2024-05-24,11:56:36,27.81,27.12,24.75,3105,15026720.0,3.575056462185832e-05
2024-05-24,11:56:36,27.8164,27.12,24.75,3105,15026720.0,3.575056462185832e-05
2024-05-24,11:56:36,27.823,27.12,24.75,3106,15026720.0,3.5693429869525e-05
2024-05-24,11:56:36,27.8294,27.12,24.75,3107,15026721.0,3.563638642707614e-05
2024-05-24,11:56:36,27.8356,27.12,24.75,3107,15026720.0,3.563638642707614e-05
2024-05-24,11:56:36,27.842,27.12,24.75,3106,15026720.0,3.5693429869525e-05
2024-05-24,11:56:36,27.8486,27.12,24.75,3105,15026721.0,3.575056462185832e-05
2024-05-24,11:56:36,27.855,27.12,24.75,3105,15026721.0,3.575056462185832e-05
2024-05-24,11:56:36,27.8614,27.12,24.75,3106,15026721.0,3.5693429869525e-05
2024-05-24,11:56:36,27.8679,27.12,24.75,3106,15026721.0,3.5693429869525e-05
2024-05-24,11:56:36,27.8742,27.12,24.75,3106,15026721.0,3.5693429869525e-05
2024-05-24,11:56:36,27.8806,27.12,24.75,3106,15026721.0,3.5693429869525e-05
2024-05-24,11:56:36,27.887,27.12,24.75,3105,15026721.0,3.575056462185832e-05
2024-05-24,11:56:36,27.8932,27.12,24.75,3105,15026720.0,3.575056462185832e-05
2024-05-24,11:56:36,27.8998,27.12,24.75,3106,15026720.0,3.5693429869525e-05
2024-05-24,11:56:36,27.9062,27.12,24.75,3106,15026720.0,3.5693429869525e-05
2024-05-24,11:56:36,27.9124,27.12,24.75,3105,15026720.0,3.575056462185832e-05
2024-05-24,11:56:36,27.919,27.12,24.75,3105,15026721.0,3.575056462185832e-05
2024-05-24,11:56:36,27.9255,27.12,24.75,3106,15026721.0,3.5693429869525e-05
2024-05-24,11:56:36,27.9319,27.12,24.75,3105,15026720.0,3.575056462185832e-05
2024-05-24,11:56:36,27.9383,27.12,24.75,3104,15026720.0,3.580779083023649e-05
2024-05-24,11:56:36,27.9447,27.12,24.75,3105,15026721.0,3.575056462185832e-05
2024-05-24,11:56:36,27.9511,27.12,24.75,3105,15026721.0,3.575056462185832e-05
2024-05-24,11:56:36,27.9575,27.12,24.75,3105,15026721.0,3.575056462185832e-05
2024-05-24,11:56:36,27.9639,27.12,24.75,3105,15026720.0,3.575056462185832e-05
2024-05-24,11:56:36,27.9703,27.12,24.75,3105,15026720.0,3.575056462185832e-05
2024-05-24,11:56:36,27.9767,27.12,24.75,3106,15026720.0,3.5693429869525e-05
2024-05-24,11:56:36,27.9831,27.12,24.75,3106,15026721.0,3.5693429869525e-05
2024-05-24,11:56:36,27.9895,27.12,24.75,3106,15026721.0,3.5693429869525e-05
2024-05-24,11:56:36,27.996,27.12,24.75,3106,15026720.0,3.5693429869525e-05
2024-05-24,11:56:36,28.0024,27.12,24.75,3106,15026720.0,3.5693429869525e-05
2024-05-24,11:56:36,28.0088,27.12,24.75,3106,15026720.0,3.5693429869525e-05
2024-05-24,11:56:36,28.0153,27.12,24.75,3104,15026721.0,3.580779083023649e-05
2024-05-24,11:56:36,28.0217,27.12,24.75,3104,15026721.0,3.580779083023649e-05
2024-05-24,11:56:36,28.0281,27.12,24.75,3107,15026719.0,3.563638642707614e-05
2024-05-24,11:56:36,28.0345,27.12,24.75,3106,15026719.0,3.5693429869525e-05
2024-05-24,11:56:36,28.0409,27.12,24.75,3104,15026720.0,3.580779083023649e-05
2024-05-24,11:56:36,28.0473,27.12,24.75,3105,15026720.0,3.575056462185832e-05
2024-05-24,11:56:36,28.0537,27.12,24.75,3106,15026720.0,3.5693429869525e-05
2024-05-24,11:56:36,28.0601,27.12,24.75,3106,15026720.0,3.5693429869525e-05
2024-05-24,11:56:36,28.0665,27.12,24.75,3105,15026720.0,3.575056462185832e-05
2024-05-24,11:56:36,28.0729,27.12,24.75,3105,15026720.0,3.575056462185832e-05
2024-05-24,11:56:36,28.0793,27.12,24.75,3105,15026720.0,3.575056462185832e-05
2024-05-24,11:56:36,28.0859,27.12,24.75,3105,15026720.0,3.575056462185832e-05
2024-05-24,11:56:36,28.0923,27.12,24.75,3105,15026720.0,3.575056462185832e-05
2024-05-24,11:56:36,28.0987,27.12,24.75,3105,15026720.0,3.575056462185832e-05
2024-05-24,11:56:36,28.1051,27.12,24.75,3105,15026720.0,3.575056462185832e-05
2024-05-24,11:56:36,28.1115,27.12,24.75,3105,15026720.0,3.575056462185832e-05
2024-05-24,11:56:36,28.118,27.12,24.75,3104,15026721.0,3.580779083023649e-05
2024-05-24,11:56:36,28.1244,27.12,24.75,3104,15026721.0,3.580779083023649e-05
2024-05-24,11:56:36,28.1308,27.12,24.75,3105,15026720.0,3.575056462185832e-05
2024-05-24,11:56:36,28.1372,27.12,24.75,3104,15026720.0,3.580779083023649e-05
2024-05-24,11:56:36,28.1436,27.12,24.75,3105,15026720.0,3.575056462185832e-05
2024-05-24,11:56:36,28.15,27.12,24.75,3106,15026720.0,3.5693429869525e-05
2024-05-24,11:56:36,28.1564,27.12,24.75,3105,15026720.0,3.575056462185832e-05
2024-05-24,11:56:36,28.1628,27.12,24.75,3105,15026720.0,3.575056462185832e-05
2024-05-24,11:56:36,28.1692,27.12,24.75,3106,15026720.0,3.5693429869525e-05
2024-05-24,11:56:36,28.1756,27.12,24.75,3106,15026720.0,3.5693429869525e-05
2024-05-24,11:56:36,28.182,27.12,24.75,3105,15026721.0,3.575056462185832e-05
2024-05-24,11:56:36,28.1884,27.12,24.75,3104,15026720.0,3.580779083023649e-05
2024-05-24,11:56:36,28.1949,27.12,24.75,3105,15026720.0,3.575056462185832e-05
2024-05-24,11:56:36,28.2013,27.12,24.75,3107,15026721.0,3.563638642707614e-05
2024-05-24,11:56:36,28.2077,27.12,24.75,3107,15026721.0,3.563638642707614e-05
2024-05-24,11:56:36,28.2141,27.12,24.75,3106,15026720.0,3.5693429869525e-05
2024-05-24,11:56:36,28.2205,27.12,24.75,3106,15026719.0,3.5693429869525e-05
2024-05-24,11:56:36,28.2271,27.12,24.75,3106,15026720.0,3.5693429869525e-05
2024-05-24,11:56:36,28.2335,27.12,24.75,3105,15026720.0,3.575056462185832e-05
2024-05-24,11:56:36,28.2399,27.12,24.75,3105,15026721.0,3.575056462185832e-05
2024-05-24,11:56:36,28.2463,27.12,24.75,3105,15026721.0,3.575056462185832e-05
2024-05-24,11:56:36,28.2527,27.12,24.75,3105,15026721.0,3.575056462185832e-05
2024-05-24,11:56:36,28.2591,27.12,24.75,3106,15026720.0,3.5693429869525e-05
2024-05-24,11:56:36,28.2655,27.12,24.75,3106,15026720.0,3.5693429869525e-05
2024-05-24,11:56:36,28.2719,27.12,24.75,3106,15026720.0,3.5693429869525e-05
2024-05-24,11:56:36,28.2783,27.12,24.75,3106,15026720.0,3.5693429869525e-05
2024-05-24,11:56:36,28.2847,27.12,24.75,3107,15026719.0,3.563638642707614e-05
2024-05-24,11:56:36,28.2911,27.12,24.75,3107,15026719.0,3.563638642707614e-05
2024-05-24,11:56:36,28.2975,27.12,24.75,3105,15026720.0,3.575056462185832e-05
2024-05-24,11:56:36,28.304,27.12,24.75,3105,15026720.0,3.575056462185832e-05
2024-05-24,11:56:36,28.3105,27.12,24.75,3105,15026720.0,3.575056462185832e-05
2024-05-24,11:56:36,28.3168,27.12,24.75,3104,15026720.0,3.580779083023649e-05
2024-05-24,11:56:36,28.3232,27.12,24.75,3104,15026720.0,3.580779083023649e-05
2024-05-24,11:56:36,28.3297,27.12,24.75,3105,15026720.0,3.575056462185832e-05
2024-05-24,11:56:36,28.3361,27.12,24.75,3105,15026720.0,3.575056462185832e-05
2024-05-24,11:56:36,28.3425,27.12,24.75,3105,15026720.0,3.575056462185832e-05
2024-05-24,11:56:36,28.3489,27.12,24.75,3105,15026720.0,3.575056462185832e-05
2024-05-24,11:56:36,28.3553,27.12,24.75,3104,15026719.0,3.580779083023649e-05
2024-05-24,11:56:36,28.3617,27.12,24.75,3105,15026719.0,3.575056462185832e-05
2024-05-24,11:56:36,28.3681,27.12,24.75,3106,15026720.0,3.5693429869525e-05
2024-05-24,11:56:36,28.3745,27.12,24.75,3105,15026721.0,3.575056462185832e-05
2024-05-24,11:56:36,28.3809,27.12,24.75,3105,15026720.0,3.575056462185832e-05
2024-05-24,11:56:36,28.3873,27.12,24.75,3105,15026720.0,3.575056462185832e-05
2024-05-24,11:56:36,28.3937,27.12,24.75,3105,15026720.0,3.575056462185832e-05
2024-05-24,11:56:36,28.4001,27.12,24.75,3105,15026720.0,3.575056462185832e-05
2024-05-24,11:56:36,28.4066,27.12,24.75,3105,15026721.0,3.575056462185832e-05
2024-05-24,11:56:36,28.4132,27.12,24.75,3105,15026720.0,3.575056462185832e-05
2024-05-24,11:56:36,28.4196,27.12,24.75,3104,15026719.0,3.580779083023649e-05
2024-05-24,11:56:36,28.426,27.12,24.75,3105,15026719.0,3.575056462185832e-05
2024-05-24,11:56:36,28.4324,27.12,24.75,3105,15026719.0,3.575056462185832e-05
2024-05-24,11:56:36,28.4388,27.12,24.75,3104,15026720.0,3.580779083023649e-05
2024-05-24,11:56:36,28.4452,27.12,24.75,3105,15026720.0,3.575056462185832e-05
2024-05-24,11:56:36,28.4516,27.12,24.75,3104,15026721.0,3.580779083023649e-05
2024-05-24,11:56:36,28.458,27.12,24.75,3104,15026721.0,3.580779083023649e-05
2024-05-24,11:56:36,28.4644,27.12,24.75,3105,15026720.0,3.575056462185832e-05
2024-05-24,11:56:36,28.4708,27.12,24.75,3105,15026720.0,3.575056462185832e-05
2024-05-24,11:56:36,28.4772,27.12,24.75,3105,15026720.0,3.575056462185832e-05
2024-05-24,11:56:36,28.4836,27.12,24.75,3105,15026720.0,3.575056462185832e-05
2024-05-24,11:56:36,28.4901,27.12,24.75,3105,15026720.0,3.575056462185832e-05
2024-05-24,11:56:36,28.4965,27.12,24.75,3105,15026720.0,3.575056462185832e-05
2024-05-24,11:56:36,28.5029,27.12,24.75,3105,15026720.0,3.575056462185832e-05
2024-05-24,11:56:36,28.5094,27.12,24.75,3105,15026720.0,3.575056462185832e-05
2024-05-24,11:56:36,28.5158,27.12,24.75,3104,15026720.0,3.580779083023649e-05
2024-05-24,11:56:36,28.5222,27.12,24.75,3104,15026720.0,3.580779083023649e-05
2024-05-24,11:56:36,28.5286,27.12,24.75,3106,15026720.0,3.5693429869525e-05
2024-05-24,11:56:36,28.535,27.12,24.75,3106,15026719.0,3.5693429869525e-05
2024-05-24,11:56:36,28.5414,27.12,24.75,3106,15026719.0,3.5693429869525e-05
2024-05-24,11:56:36,28.5478,27.12,24.75,3106,15026719.0,3.5693429869525e-05
2024-05-24,11:56:36,28.5542,27.12,24.75,3106,15026719.0,3.5693429869525e-05
2024-05-24,11:56:36,28.5606,27.12,24.75,3105,15026718.0,3.575056462185832e-05
2024-05-24,11:56:36,28.567,27.12,24.75,3104,15026719.0,3.580779083023649e-05
2024-05-24,11:56:36,28.5734,27.12,24.75,3105,15026720.0,3.575056462185832e-05
2024-05-24,11:56:36,28.5798,27.12,24.75,3105,15026720.0,3.575056462185832e-05
2024-05-24,11:56:36,28.5862,27.12,24.75,3105,15026720.0,3.575056462185832e-05
2024-05-24,11:56:36,28.5926,27.12,24.75,3106,15026720.0,3.5693429869525e-05
2024-05-24,11:56:36,28.599,27.12,24.75,3106,15026719.0,3.5693429869525e-05
2024-05-24,11:56:36,28.6054,27.12,24.75,3105,15026720.0,3.575056462185832e-05
2024-05-24,11:56:36,28.6118,27.12,24.75,3105,15026719.0,3.575056462185832e-05
2024-05-24,11:56:36,28.6184,27.12,24.75,3106,15026719.0,3.5693429869525e-05
2024-05-24,11:56:36,28.6249,27.12,24.75,3106,15026719.0,3.5693429869525e-05
2024-05-24,11:56:36,28.6312,27.12,24.75,3105,15026720.0,3.575056462185832e-05
2024-05-24,11:56:36,28.6376,27.12,24.75,3105,15026719.0,3.575056462185832e-05
2024-05-24,11:56:36,28.6441,27.12,24.75,3105,15026719.0,3.575056462185832e-05
2024-05-24,11:56:36,28.6505,27.12,24.75,3104,15026719.0,3.580779083023649e-05
2024-05-24,11:56:36,28.6569,27.12,24.75,3103,15026720.0,3.586510864105399e-05
2024-05-24,11:56:36,28.6633,27.12,24.75,3103,15026719.0,3.586510864105399e-05
2024-05-24,11:56:36,28.6697,27.12,24.75,3104,15026719.0,3.580779083023649e-05
2024-05-24,11:56:36,28.6761,27.12,24.75,3104,15026720.0,3.580779083023649e-05
2024-05-24,11:56:36,28.6825,27.12,24.75,3105,15026719.0,3.575056462185832e-05
2024-05-24,11:56:36,28.6889,27.12,24.75,3106,15026720.0,3.5693429869525e-05
2024-05-24,11:56:36,28.6953,27.19,24.75,3105,15026720.0,3.575056462185832e-05
2024-05-24,11:56:36,28.7018,27.19,24.75,3105,15026720.0,3.575056462185832e-05
2024-05-24,11:56:36,28.7083,27.19,24.75,3105,15026721.0,3.575056462185832e-05
2024-05-24,11:56:36,28.7146,27.19,24.75,3105,15026720.0,3.575056462185832e-05
2024-05-24,11:56:36,28.721,27.19,24.75,3106,15026719.0,3.5693429869525e-05
2024-05-24,11:56:36,28.7274,27.19,24.75,3106,15026719.0,3.5693429869525e-05
2024-05-24,11:56:36,28.7338,27.19,24.75,3105,15026719.0,3.575056462185832e-05
2024-05-24,11:56:36,28.7403,27.19,24.75,3105,15026720.0,3.575056462185832e-05
2024-05-24,11:56:36,28.7467,27.19,24.75,3105,15026720.0,3.575056462185832e-05
2024-05-24,11:56:36,28.7531,27.19,24.75,3104,15026719.0,3.580779083023649e-05
2024-05-24,11:56:36,28.7595,27.19,24.75,3103,15026719.0,3.586510864105399e-05
2024-05-24,11:56:36,28.7659,27.19,24.75,3104,15026721.0,3.580779083023649e-05
2024-05-24,11:56:37,28.7723,27.19,24.75,3105,15026721.0,3.575056462185832e-05
2024-05-24,11:56:37,28.7787,27.19,24.75,3104,15026720.0,3.580779083023649e-05
2024-05-24,11:56:37,28.7851,27.19,24.75,3103,15026720.0,3.586510864105399e-05
2024-05-24,11:56:37,28.7915,27.19,24.75,3104,15026720.0,3.580779083023649e-05
2024-05-24,11:56:37,28.7979,27.19,24.75,3106,15026719.0,3.5693429869525e-05
2024-05-24,11:56:37,28.8043,27.19,24.75,3106,15026719.0,3.5693429869525e-05
2024-05-24,11:56:37,28.8107,27.19,24.75,3105,15026719.0,3.575056462185832e-05
2024-05-24,11:56:37,28.8171,27.19,24.75,3105,15026719.0,3.575056462185832e-05
2024-05-24,11:56:37,28.8237,27.19,24.75,3105,15026720.0,3.575056462185832e-05
2024-05-24,11:56:37,28.8302,27.19,24.75,3105,15026720.0,3.575056462185832e-05
2024-05-24,11:56:37,28.8365,27.19,24.75,3105,15026720.0,3.575056462185832e-05
2024-05-24,11:56:37,28.8429,27.19,24.75,3105,15026720.0,3.575056462185832e-05
2024-05-24,11:56:37,28.8493,27.19,24.75,3105,15026720.0,3.575056462185832e-05
2024-05-24,11:56:37,28.8557,27.19,24.75,3104,15026719.0,3.580779083023649e-05
2024-05-24,11:56:37,28.8622,27.19,24.75,3104,15026719.0,3.580779083023649e-05
2024-05-24,11:56:37,28.8686,27.19,24.75,3105,15026720.0,3.575056462185832e-05
2024-05-24,11:56:37,28.875,27.19,24.75,3105,15026719.0,3.575056462185832e-05
2024-05-24,11:56:37,28.8814,27.19,24.75,3105,15026719.0,3.575056462185832e-05
2024-05-24,11:56:37,28.8878,27.19,24.75,3106,15026719.0,3.5693429869525e-05
2024-05-24,11:56:37,28.8942,27.19,24.75,3106,15026720.0,3.5693429869525e-05
2024-05-24,11:56:37,28.9006,27.19,24.75,3106,15026720.0,3.5693429869525e-05
2024-05-24,11:56:37,28.907,27.19,24.75,3106,15026719.0,3.5693429869525e-05
2024-05-24,11:56:37,28.9134,27.19,24.75,3105,15026719.0,3.575056462185832e-05
2024-05-24,11:56:37,28.9198,27.19,24.75,3105,15026719.0,3.575056462185832e-05
2024-05-24,11:56:37,28.9262,27.19,24.75,3105,15026719.0,3.575056462185832e-05
2024-05-24,11:56:37,28.9326,27.19,24.75,3105,15026719.0,3.575056462185832e-05
2024-05-24,11:56:37,28.939,27.19,24.75,3107,15026719.0,3.563638642707614e-05
2024-05-24,11:56:37,28.9454,27.19,24.75,3107,15026719.0,3.563638642707614e-05
2024-05-24,11:56:37,28.9518,27.19,24.75,3106,15026719.0,3.5693429869525e-05
2024-05-24,11:56:37,28.9582,27.19,24.75,3106,15026719.0,3.5693429869525e-05
2024-05-24,11:56:37,28.9647,27.19,24.75,3105,15026720.0,3.575056462185832e-05
2024-05-24,11:56:37,28.9711,27.19,24.75,3105,15026720.0,3.575056462185832e-05
2024-05-24,11:56:37,28.9774,27.19,24.75,3106,15026720.0,3.5693429869525e-05
2024-05-24,11:56:37,28.9838,27.19,24.75,3105,15026719.0,3.575056462185832e-05
2024-05-24,11:56:37,28.9903,27.19,24.75,3104,15026719.0,3.580779083023649e-05
2024-05-24,11:56:37,28.9969,27.19,24.75,3105,15026720.0,3.575056462185832e-05
2024-05-24,11:56:37,29.0033,27.19,24.75,3105,15026720.0,3.575056462185832e-05
2024-05-24,11:56:37,29.0095,27.19,24.75,3105,15026719.0,3.575056462185832e-05
2024-05-24,11:56:37,29.0158,27.19,24.75,3105,15026719.0,3.575056462185832e-05
2024-05-24,11:56:37,29.0223,27.19,24.75,3105,15026719.0,3.575056462185832e-05
2024-05-24,11:56:37,29.0289,27.19,24.75,3105,15026719.0,3.575056462185832e-05
2024-05-24,11:56:37,29.0353,27.19,24.75,3105,15026720.0,3.575056462185832e-05
2024-05-24,11:56:37,29.0417,27.19,24.75,3105,15026720.0,3.575056462185832e-05
2024-05-24,11:56:37,29.0481,27.19,24.75,3105,15026719.0,3.575056462185832e-05
2024-05-24,11:56:37,29.0545,27.19,24.75,3106,15026719.0,3.5693429869525e-05
2024-05-24,11:56:37,29.0609,27.19,24.75,3106,15026719.0,3.5693429869525e-05
2024-05-24,11:56:37,29.0673,27.19,24.75,3106,15026719.0,3.5693429869525e-05
2024-05-24,11:56:37,29.0737,27.19,24.75,3106,15026719.0,3.5693429869525e-05
2024-05-24,11:56:37,29.0801,27.19,24.75,3105,15026719.0,3.575056462185832e-05
2024-05-24,11:56:37,29.0865,27.19,24.75,3105,15026719.0,3.575056462185832e-05
2024-05-24,11:56:37,29.0929,27.19,24.75,3106,15026719.0,3.5693429869525e-05
2024-05-24,11:56:37,29.0993,27.19,24.75,3106,15026720.0,3.5693429869525e-05
2024-05-24,11:56:37,29.1057,27.19,24.75,3105,15026720.0,3.575056462185832e-05
2024-05-24,11:56:37,29.1121,27.19,24.75,3105,15026719.0,3.575056462185832e-05
2024-05-24,11:56:37,29.1185,27.19,24.75,3106,15026719.0,3.5693429869525e-05
2024-05-24,11:56:37,29.125,27.19,24.75,3106,15026719.0,3.5693429869525e-05
2024-05-24,11:56:37,29.1314,27.19,24.75,3105,15026720.0,3.575056462185832e-05
2024-05-24,11:56:37,29.1378,27.19,24.75,3105,15026719.0,3.575056462185832e-05
2024-05-24,11:56:37,29.1442,27.19,24.75,3106,15026719.0,3.5693429869525e-05
2024-05-24,11:56:37,29.1506,27.19,24.75,3106,15026720.0,3.5693429869525e-05
2024-05-24,11:56:37,29.157,27.19,24.75,3105,15026720.0,3.575056462185832e-05
2024-05-24,11:56:37,29.1633,27.19,24.75,3106,15026719.0,3.5693429869525e-05
2024-05-24,11:56:37,29.1697,27.19,24.75,3107,15026719.0,3.563638642707614e-05
2024-05-24,11:56:37,29.1762,27.19,24.75,3106,15026718.0,3.5693429869525e-05
2024-05-24,11:56:37,29.1827,27.19,24.75,3106,15026719.0,3.5693429869525e-05
2024-05-24,11:56:37,29.1891,27.19,24.75,3106,15026719.0,3.5693429869525e-05
2024-05-24,11:56:37,29.1955,27.19,24.75,3106,15026718.0,3.5693429869525e-05
2024-05-24,11:56:37,29.2019,27.19,24.75,3106,15026719.0,3.5693429869525e-05
2024-05-24,11:56:37,29.2083,27.19,24.75,3105,15026719.0,3.575056462185832e-05
2024-05-24,11:56:37,29.2147,27.19,24.75,3105,15026719.0,3.575056462185832e-05
2024-05-24,11:56:37,29.2211,27.19,24.75,3105,15026720.0,3.575056462185832e-05
2024-05-24,11:56:37,29.2275,27.19,24.75,3105,15026720.0,3.575056462185832e-05
2024-05-24,11:56:37,29.2339,27.19,24.75,3105,15026719.0,3.575056462185832e-05
2024-05-24,11:56:37,29.2403,27.19,24.75,3106,15026719.0,3.5693429869525e-05
2024-05-24,11:56:37,29.2467,27.19,24.75,3107,15026720.0,3.563638642707614e-05
2024-05-24,11:56:37,29.2531,27.19,24.75,3105,15026718.0,3.575056462185832e-05
2024-05-24,11:56:37,29.2595,27.19,24.75,3104,15026718.0,3.580779083023649e-05
2024-05-24,11:56:37,29.266,27.19,24.75,3105,15026719.0,3.575056462185832e-05
2024-05-24,11:56:37,29.2724,27.19,24.75,3105,15026718.0,3.575056462185832e-05
2024-05-24,11:56:37,29.2787,27.19,24.75,3104,15026717.0,3.580779083023649e-05
2024-05-24,11:56:37,29.2852,27.19,24.75,3104,15026717.0,3.580779083023649e-05
2024-05-24,11:56:37,29.2916,27.19,24.75,3105,15026718.0,3.575056462185832e-05
2024-05-24,11:56:37,29.298,27.19,24.75,3105,15026717.0,3.575056462185832e-05
2024-05-24,11:56:37,29.3046,27.19,24.75,3104,15026716.0,3.580779083023649e-05
2024-05-24,11:56:37,29.311,27.19,24.75,3103,15026716.0,3.586510864105399e-05
2024-05-24,11:56:37,29.3174,27.19,24.75,3102,15026716.0,3.592251820093948e-05
2024-05-24,11:56:37,29.3238,27.19,24.75,3101,15026716.0,3.598001965675648e-05
2024-05-24,11:56:37,29.3302,27.19,24.75,3101,15026715.0,3.598001965675648e-05
2024-05-24,11:56:37,29.3366,27.19,24.75,3101,15026715.0,3.598001965675648e-05
2024-05-24,11:56:37,29.343,27.19,24.75,3100,15026714.0,3.603761315560348e-05
2024-05-24,11:56:37,29.3494,27.19,24.75,3100,15026714.0,3.603761315560348e-05
2024-05-24,11:56:37,29.3559,27.19,24.75,3100,15026714.0,3.603761315560348e-05
2024-05-24,11:56:37,29.3624,27.19,24.75,3099,15026713.0,3.609529884481451e-05
2024-05-24,11:56:37,29.3688,27.19,24.75,3098,15026712.0,3.615307687195937e-05
2024-05-24,11:56:37,29.3752,27.19,24.75,3096,15026713.0,3.626891053151149e-05
2024-05-24,11:56:37,29.3816,27.19,24.75,3096,15026713.0,3.626891053151149e-05
2024-05-24,11:56:37,29.3881,27.19,24.75,3097,15026713.0,3.621094738484417e-05
2024-05-24,11:56:37,29.3947,27.19,24.75,3096,15026712.0,3.626891053151149e-05
2024-05-24,11:56:37,29.4011,27.19,24.75,3095,15026712.0,3.632696646024102e-05
2024-05-24,11:56:37,29.4075,27.19,24.75,3095,15026713.0,3.632696646024102e-05
2024-05-24,11:56:37,29.4139,27.19,24.75,3094,15026713.0,3.638511531954964e-05
2024-05-24,11:56:37,29.4203,27.19,24.75,3094,15026713.0,3.638511531954964e-05
2024-05-24,11:56:37,29.4268,27.19,24.75,3095,15026712.0,3.632696646024102e-05
2024-05-24,11:56:37,29.4332,27.19,24.75,3094,15026711.0,3.638511531954964e-05
2024-05-24,11:56:37,29.4396,27.19,24.75,3093,15026711.0,3.644335725819217e-05
2024-05-24,11:56:37,29.4461,27.19,24.75,3094,15026712.0,3.638511531954964e-05
2024-05-24,11:56:37,29.4525,27.19,24.75,3094,15026712.0,3.638511531954964e-05
2024-05-24,11:56:37,29.4589,27.19,24.75,3093,15026711.0,3.644335725819217e-05
2024-05-24,11:56:37,29.4655,27.19,24.75,3093,15026711.0,3.644335725819217e-05
2024-05-24,11:56:37,29.472,27.19,24.75,3092,15026710.0,3.650169242516131e-05
2024-05-24,11:56:37,29.4784,27.19,24.75,3092,15026710.0,3.650169242516131e-05
2024-05-24,11:56:37,29.4848,27.19,24.75,3092,15026710.0,3.650169242516131e-05
2024-05-24,11:56:37,29.4912,27.19,24.75,3092,15026710.0,3.650169242516131e-05
2024-05-24,11:56:37,29.4976,27.19,24.75,3093,15026711.0,3.644335725819217e-05
2024-05-24,11:56:37,29.5041,27.19,24.75,3093,15026711.0,3.644335725819217e-05
2024-05-24,11:56:37,29.5106,27.19,24.75,3093,15026711.0,3.644335725819217e-05
2024-05-24,11:56:37,29.517,27.19,24.75,3093,15026711.0,3.644335725819217e-05
2024-05-24,11:56:37,29.5236,27.19,24.75,3092,15026710.0,3.650169242516131e-05
2024-05-24,11:56:37,29.5301,27.19,24.75,3092,15026710.0,3.650169242516131e-05
2024-05-24,11:56:37,29.5365,27.19,24.75,3093,15026711.0,3.644335725819217e-05
2024-05-24,11:56:37,29.543,27.19,24.75,3093,15026711.0,3.644335725819217e-05
2024-05-24,11:56:37,29.5496,27.19,24.75,3093,15026710.0,3.644335725819217e-05
2024-05-24,11:56:37,29.556,27.19,24.75,3093,15026711.0,3.644335725819217e-05
2024-05-24,11:56:37,29.5624,27.19,24.75,3092,15026710.0,3.650169242516131e-05
2024-05-24,11:56:37,29.5689,27.19,24.75,3092,15026710.0,3.650169242516131e-05
2024-05-24,11:56:37,29.5754,27.19,24.75,3092,15026711.0,3.650169242516131e-05
2024-05-24,11:56:37,29.5818,27.19,24.75,3092,15026711.0,3.650169242516131e-05
2024-05-24,11:56:37,29.5882,27.19,24.75,3092,15026710.0,3.650169242516131e-05
2024-05-24,11:56:37,29.5947,27.19,24.75,3091,15026711.0,3.656012096968847e-05
2024-05-24,11:56:37,29.6013,27.19,24.75,3091,15026711.0,3.656012096968847e-05
2024-05-24,11:56:37,29.6078,27.19,24.75,3092,15026710.0,3.650169242516131e-05
2024-05-24,11:56:37,29.6142,27.19,24.75,3092,15026710.0,3.650169242516131e-05
2024-05-24,11:56:37,29.6206,27.19,24.75,3091,15026710.0,3.656012096968847e-05
2024-05-24,11:56:37,29.6271,27.19,24.75,3091,15026711.0,3.656012096968847e-05
2024-05-24,11:56:37,29.6335,27.19,24.75,3091,15026711.0,3.656012096968847e-05
2024-05-24,11:56:37,29.6399,27.19,24.75,3091,15026710.0,3.656012096968847e-05
2024-05-24,11:56:37,29.6465,27.19,24.75,3091,15026710.0,3.656012096968847e-05
2024-05-24,11:56:37,29.653,27.19,24.75,3091,15026710.0,3.656012096968847e-05
2024-05-24,11:56:37,29.6595,27.19,24.75,3091,15026710.0,3.656012096968847e-05
2024-05-24,11:56:37,29.6659,27.19,24.75,3091,15026711.0,3.656012096968847e-05
2024-05-24,11:56:37,29.6723,27.19,24.75,3091,15026710.0,3.656012096968847e-05
2024-05-24,11:56:37,29.6788,27.19,24.75,3091,15026710.0,3.656012096968847e-05
2024-05-24,11:56:37,29.6852,27.19,24.75,3091,15026710.0,3.656012096968847e-05
2024-05-24,11:56:37,29.6918,27.19,24.75,3091,15026711.0,3.656012096968847e-05
2024-05-24,11:56:37,29.6983,27.12,24.75,3091,15026711.0,3.656012096968847e-05
2024-05-24,11:56:37,29.7047,27.12,24.75,3091,15026710.0,3.656012096968847e-05
2024-05-24,11:56:37,29.7112,27.12,24.75,3091,15026710.0,3.656012096968847e-05
2024-05-24,11:56:37,29.7177,27.12,24.75,3091,15026711.0,3.656012096968847e-05
2024-05-24,11:56:37,29.7243,27.12,24.75,3092,15026710.0,3.650169242516131e-05
2024-05-24,11:56:37,29.7307,27.12,24.75,3092,15026710.0,3.650169242516131e-05
2024-05-24,11:56:37,29.7371,27.12,24.75,3091,15026710.0,3.656012096968847e-05
2024-05-24,11:56:37,29.7436,27.12,24.75,3091,15026710.0,3.656012096968847e-05
2024-05-24,11:56:37,29.7501,27.12,24.75,3091,15026710.0,3.656012096968847e-05
2024-05-24,11:56:37,29.7567,27.12,24.75,3091,15026710.0,3.656012096968847e-05
2024-05-24,11:56:37,29.7632,27.12,24.75,3091,15026710.0,3.656012096968847e-05
2024-05-24,11:56:37,29.7696,27.12,24.75,3091,15026711.0,3.656012096968847e-05
2024-05-24,11:56:38,29.776,27.12,24.75,3091,15026711.0,3.656012096968847e-05
2024-05-24,11:56:38,29.7825,27.12,24.75,3091,15026710.0,3.656012096968847e-05
2024-05-24,11:56:38,29.789,27.12,24.75,3091,15026710.0,3.656012096968847e-05
2024-05-24,11:56:38,29.7956,27.12,24.75,3091,15026711.0,3.656012096968847e-05
2024-05-24,11:56:38,29.802,27.12,24.75,3092,15026710.0,3.650169242516131e-05
2024-05-24,11:56:38,29.8084,27.12,24.75,3092,15026711.0,3.650169242516131e-05
2024-05-24,11:56:38,29.8149,27.12,24.75,3092,15026711.0,3.650169242516131e-05
2024-05-24,11:56:38,29.8214,27.12,24.75,3092,15026711.0,3.650169242516131e-05
2024-05-24,11:56:38,29.8278,27.12,24.75,3092,15026711.0,3.650169242516131e-05
2024-05-24,11:56:38,29.8342,27.12,24.75,3092,15026710.0,3.650169242516131e-05
2024-05-24,11:56:38,29.8406,27.12,24.75,3091,15026711.0,3.656012096968847e-05
2024-05-24,11:56:38,29.8472,27.12,24.75,3091,15026711.0,3.656012096968847e-05
2024-05-24,11:56:38,29.8537,27.12,24.75,3091,15026711.0,3.656012096968847e-05
2024-05-24,11:56:38,29.8602,27.12,24.75,3091,15026711.0,3.656012096968847e-05
2024-05-24,11:56:38,29.8667,27.12,24.75,3091,15026711.0,3.656012096968847e-05
2024-05-24,11:56:38,29.8731,27.12,24.75,3091,15026711.0,3.656012096968847e-05
2024-05-24,11:56:38,29.8797,27.12,24.75,3091,15026711.0,3.656012096968847e-05
2024-05-24,11:56:38,29.8862,27.12,24.75,3091,15026711.0,3.656012096968847e-05
2024-05-24,11:56:38,29.8926,27.12,24.75,3091,15026711.0,3.656012096968847e-05
2024-05-24,11:56:38,29.899,27.12,24.75,3091,15026711.0,3.656012096968847e-05
2024-05-24,11:56:38,29.9054,27.12,24.75,3092,15026711.0,3.650169242516131e-05
2024-05-24,11:56:38,29.9119,27.12,24.75,3093,15026711.0,3.644335725819217e-05
2024-05-24,11:56:38,29.9185,27.12,24.75,3092,15026711.0,3.650169242516131e-05
2024-05-24,11:56:38,29.9249,27.12,24.75,3091,15026711.0,3.656012096968847e-05
2024-05-24,11:56:38,29.9314,27.12,24.75,3092,15026711.0,3.650169242516131e-05
2024-05-24,11:56:38,29.9379,27.12,24.75,3093,15026711.0,3.644335725819217e-05
2024-05-24,11:56:38,29.9443,27.12,24.75,3092,15026711.0,3.650169242516131e-05
2024-05-24,11:56:38,29.9508,27.12,24.75,3091,15026711.0,3.656012096968847e-05
2024-05-24,11:56:38,29.9574,27.12,24.75,3091,15026710.0,3.656012096968847e-05
2024-05-24,11:56:38,29.9638,27.12,24.75,3091,15026711.0,3.656012096968847e-05
2024-05-24,11:56:38,29.9702,27.12,24.75,3091,15026711.0,3.656012096968847e-05
2024-05-24,11:56:38,29.9767,27.12,24.75,3091,15026711.0,3.656012096968847e-05
2024-05-24,11:56:38,29.9832,27.12,24.75,3092,15026711.0,3.650169242516131e-05
2024-05-24,11:56:38,29.9896,27.12,24.75,3091,15026709.0,3.656012096968847e-05
2024-05-24,11:56:38,29.9961,27.12,24.75,3090,15026710.0,3.661864304124377e-05
2024-05-24,11:56:38,30.0027,27.12,24.75,3091,15026711.0,3.656012096968847e-05
2024-05-24,11:56:38,30.0091,27.12,24.75,3092,15026711.0,3.650169242516131e-05
2024-05-24,11:56:38,30.0155,27.12,24.75,3092,15026710.0,3.650169242516131e-05
2024-05-24,11:56:38,30.022,27.12,24.75,3092,15026710.0,3.650169242516131e-05
2024-05-24,11:56:38,30.0285,27.12,24.75,3092,15026711.0,3.650169242516131e-05
2024-05-24,11:56:38,30.0349,27.12,24.75,3092,15026711.0,3.650169242516131e-05
2024-05-24,11:56:38,30.0413,27.12,24.75,3092,15026711.0,3.650169242516131e-05
2024-05-24,11:56:38,30.0479,27.12,24.75,3091,15026711.0,3.656012096968847e-05
2024-05-24,11:56:38,30.0544,27.12,24.75,3092,15026711.0,3.650169242516131e-05
2024-05-24,11:56:38,30.0608,27.12,24.75,3093,15026710.0,3.644335725819217e-05
2024-05-24,11:56:38,30.0673,27.12,24.75,3092,15026711.0,3.650169242516131e-05
2024-05-24,11:56:38,30.0738,27.12,24.75,3091,15026711.0,3.656012096968847e-05
2024-05-24,11:56:38,30.0802,27.12,24.75,3091,15026711.0,3.656012096968847e-05
2024-05-24,11:56:38,30.0868,27.12,24.75,3091,15026711.0,3.656012096968847e-05
2024-05-24,11:56:38,30.0933,27.12,24.75,3091,15026711.0,3.656012096968847e-05
2024-05-24,11:56:38,30.0997,27.12,24.75,3092,15026711.0,3.650169242516131e-05
2024-05-24,11:56:38,30.1062,27.12,24.75,3093,15026711.0,3.644335725819217e-05
2024-05-24,11:56:38,30.1128,27.12,24.75,3092,15026711.0,3.650169242516131e-05
2024-05-24,11:56:38,30.1192,27.12,24.75,3092,15026711.0,3.650169242516131e-05
2024-05-24,11:56:38,30.1257,27.12,24.75,3093,15026711.0,3.644335725819217e-05
2024-05-24,11:56:38,30.1321,27.12,24.75,3093,15026711.0,3.644335725819217e-05
2024-05-24,11:56:38,30.1384,27.12,24.75,3093,15026711.0,3.644335725819217e-05
2024-05-24,11:56:38,30.1449,27.12,24.75,3092,15026711.0,3.650169242516131e-05
2024-05-24,11:56:38,30.1515,27.12,24.75,3091,15026711.0,3.656012096968847e-05
2024-05-24,11:56:38,30.1581,27.12,24.75,3091,15026711.0,3.656012096968847e-05
2024-05-24,11:56:38,30.1645,27.12,24.75,3091,15026711.0,3.656012096968847e-05
2024-05-24,11:56:38,30.1709,27.12,24.75,3091,15026710.0,3.656012096968847e-05
2024-05-24,11:56:38,30.1774,27.12,24.75,3092,15026710.0,3.650169242516131e-05
2024-05-24,11:56:38,30.1839,27.12,24.75,3092,15026711.0,3.650169242516131e-05
2024-05-24,11:56:38,30.1903,27.12,24.75,3092,15026711.0,3.650169242516131e-05
2024-05-24,11:56:38,30.1967,27.12,24.75,3092,15026711.0,3.650169242516131e-05
2024-05-24,11:56:38,30.2033,27.19,24.75,3092,15026711.0,3.650169242516131e-05
2024-05-24,11:56:38,30.2098,27.19,24.75,3093,15026711.0,3.644335725819217e-05
2024-05-24,11:56:38,30.2163,27.19,24.75,3093,15026711.0,3.644335725819217e-05
2024-05-24,11:56:38,30.2227,27.19,24.75,3093,15026711.0,3.644335725819217e-05
2024-05-24,11:56:38,30.2291,27.19,24.75,3092,15026711.0,3.650169242516131e-05
2024-05-24,11:56:38,30.2356,27.19,24.75,3091,15026711.0,3.656012096968847e-05
2024-05-24,11:56:38,30.2422,27.19,24.75,3091,15026711.0,3.656012096968847e-05
2024-05-24,11:56:38,30.2486,27.19,24.75,3092,15026711.0,3.650169242516131e-05
2024-05-24,11:56:38,30.255,27.19,24.75,3093,15026711.0,3.644335725819217e-05
2024-05-24,11:56:38,30.2615,27.19,24.75,3092,15026710.0,3.650169242516131e-05
2024-05-24,11:56:38,30.268,27.19,24.75,3091,15026711.0,3.656012096968847e-05
2024-05-24,11:56:38,30.2745,27.19,24.75,3092,15026712.0,3.650169242516131e-05
2024-05-24,11:56:38,30.2809,27.19,24.75,3093,15026711.0,3.644335725819217e-05
2024-05-24,11:56:38,30.2873,27.19,24.75,3092,15026711.0,3.650169242516131e-05
2024-05-24,11:56:38,30.2939,27.19,24.75,3091,15026712.0,3.656012096968847e-05
2024-05-24,11:56:38,30.3004,27.19,24.75,3092,15026711.0,3.650169242516131e-05
2024-05-24,11:56:38,30.3068,27.19,24.75,3093,15026711.0,3.644335725819217e-05
2024-05-24,11:56:38,30.3132,27.19,24.75,3093,15026711.0,3.644335725819217e-05
2024-05-24,11:56:38,30.3197,27.19,24.75,3093,15026711.0,3.644335725819217e-05
2024-05-24,11:56:38,30.3263,27.19,24.75,3093,15026711.0,3.644335725819217e-05
2024-05-24,11:56:38,30.3327,27.19,24.75,3093,15026712.0,3.644335725819217e-05
2024-05-24,11:56:38,30.3391,27.19,24.75,3093,15026712.0,3.644335725819217e-05
2024-05-24,11:56:38,30.3456,27.19,24.75,3093,15026711.0,3.644335725819217e-05
2024-05-24,11:56:38,30.3521,27.19,24.75,3093,15026711.0,3.644335725819217e-05
2024-05-24,11:56:38,30.3585,27.19,24.75,3092,15026712.0,3.650169242516131e-05
2024-05-24,11:56:38,30.3649,27.19,24.75,3091,15026711.0,3.656012096968847e-05
2024-05-24,11:56:38,30.3714,27.19,24.75,3091,15026711.0,3.656012096968847e-05
2024-05-24,11:56:38,30.378,27.19,24.75,3091,15026711.0,3.656012096968847e-05
2024-05-24,11:56:38,30.3845,27.19,24.75,3092,15026710.0,3.650169242516131e-05
2024-05-24,11:56:38,30.391,27.19,24.75,3093,15026711.0,3.644335725819217e-05
2024-05-24,11:56:38,30.3974,27.19,24.75,3092,15026712.0,3.650169242516131e-05
2024-05-24,11:56:38,30.4038,27.19,24.75,3091,15026711.0,3.656012096968847e-05
2024-05-24,11:56:38,30.4104,27.19,24.75,3092,15026710.0,3.650169242516131e-05
2024-05-24,11:56:38,30.4169,27.19,24.75,3092,15026711.0,3.650169242516131e-05
2024-05-24,11:56:38,30.4234,27.19,24.75,3092,15026710.0,3.650169242516131e-05
2024-05-24,11:56:38,30.4299,27.19,24.75,3093,15026710.0,3.644335725819217e-05
2024-05-24,11:56:38,30.4363,27.19,24.75,3093,15026711.0,3.644335725819217e-05
2024-05-24,11:56:38,30.4427,27.19,24.75,3093,15026711.0,3.644335725819217e-05
2024-05-24,11:56:38,30.4493,27.19,24.75,3092,15026712.0,3.650169242516131e-05
2024-05-24,11:56:38,30.4558,27.19,24.75,3091,15026711.0,3.656012096968847e-05
2024-05-24,11:56:38,30.4622,27.19,24.75,3092,15026711.0,3.650169242516131e-05
2024-05-24,11:56:38,30.4686,27.19,24.75,3092,15026711.0,3.650169242516131e-05
2024-05-24,11:56:38,30.4751,27.19,24.75,3092,15026710.0,3.650169242516131e-05
2024-05-24,11:56:38,30.4817,27.19,24.75,3093,15026710.0,3.644335725819217e-05
2024-05-24,11:56:38,30.4881,27.19,24.75,3093,15026711.0,3.644335725819217e-05
2024-05-24,11:56:38,30.4945,27.19,24.75,3093,15026711.0,3.644335725819217e-05
2024-05-24,11:56:38,30.501,27.19,24.75,3093,15026711.0,3.644335725819217e-05
2024-05-24,11:56:38,30.5075,27.19,24.75,3093,15026711.0,3.644335725819217e-05
2024-05-24,11:56:38,30.5139,27.19,24.75,3092,15026711.0,3.650169242516131e-05
2024-05-24,11:56:38,30.5203,27.19,24.75,3092,15026711.0,3.650169242516131e-05
2024-05-24,11:56:38,30.5268,27.19,24.75,3093,15026711.0,3.644335725819217e-05
2024-05-24,11:56:38,30.5334,27.19,24.75,3093,15026711.0,3.644335725819217e-05
2024-05-24,11:56:38,30.5398,27.19,24.75,3093,15026711.0,3.644335725819217e-05
2024-05-24,11:56:38,30.5462,27.19,24.75,3092,15026711.0,3.650169242516131e-05
2024-05-24,11:56:38,30.5527,27.19,24.75,3091,15026711.0,3.656012096968847e-05
2024-05-24,11:56:38,30.5592,27.19,24.75,3091,15026711.0,3.656012096968847e-05
2024-05-24,11:56:38,30.5656,27.19,24.75,3092,15026711.0,3.650169242516131e-05
2024-05-24,11:56:38,30.5721,27.19,24.75,3092,15026711.0,3.650169242516131e-05
2024-05-24,11:56:38,30.5787,27.19,24.75,3092,15026711.0,3.650169242516131e-05
2024-05-24,11:56:38,30.5851,27.19,24.75,3093,15026711.0,3.644335725819217e-05
2024-05-24,11:56:38,30.5916,27.19,24.75,3092,15026711.0,3.650169242516131e-05
2024-05-24,11:56:38,30.5981,27.19,24.75,3092,15026711.0,3.650169242516131e-05
2024-05-24,11:56:38,30.6045,27.19,24.75,3093,15026711.0,3.644335725819217e-05
2024-05-24,11:56:38,30.6109,27.19,24.75,3093,15026711.0,3.644335725819217e-05
2024-05-24,11:56:38,30.6175,27.19,24.75,3092,15026711.0,3.650169242516131e-05
2024-05-24,11:56:38,30.624,27.19,24.75,3091,15026710.0,3.656012096968847e-05
2024-05-24,11:56:38,30.6305,27.19,24.75,3091,15026711.0,3.656012096968847e-05
2024-05-24,11:56:38,30.637,27.19,24.75,3091,15026711.0,3.656012096968847e-05
2024-05-24,11:56:38,30.6434,27.19,24.75,3091,15026711.0,3.656012096968847e-05
2024-05-24,11:56:38,30.6498,27.19,24.75,3092,15026711.0,3.650169242516131e-05
2024-05-24,11:56:38,30.6564,27.19,24.75,3093,15026711.0,3.644335725819217e-05
2024-05-24,11:56:38,30.6629,27.19,24.75,3093,15026711.0,3.644335725819217e-05
2024-05-24,11:56:38,30.6694,27.19,24.75,3093,15026711.0,3.644335725819217e-05
2024-05-24,11:56:38,30.6758,27.19,24.75,3093,15026711.0,3.644335725819217e-05
2024-05-24,11:56:38,30.6822,27.19,24.75,3093,15026711.0,3.644335725819217e-05
2024-05-24,11:56:38,30.6888,27.19,24.75,3093,15026711.0,3.644335725819217e-05
2024-05-24,11:56:38,30.6953,27.19,24.75,3093,15026711.0,3.644335725819217e-05
2024-05-24,11:56:38,30.7018,27.19,24.75,3092,15026710.0,3.650169242516131e-05
2024-05-24,11:56:38,30.7082,27.19,24.75,3092,15026711.0,3.650169242516131e-05
2024-05-24,11:56:38,30.7146,27.19,24.75,3092,15026711.0,3.650169242516131e-05
2024-05-24,11:56:38,30.721,27.19,24.75,3092,15026712.0,3.650169242516131e-05
2024-05-24,11:56:38,30.7275,27.19,24.75,3092,15026711.0,3.650169242516131e-05
2024-05-24,11:56:38,30.7341,27.19,24.75,3091,15026711.0,3.656012096968847e-05
2024-05-24,11:56:38,30.7405,27.19,24.75,3092,15026712.0,3.650169242516131e-05
2024-05-24,11:56:38,30.7469,27.19,24.75,3093,15026712.0,3.644335725819217e-05
2024-05-24,11:56:38,30.7534,27.19,24.75,3093,15026711.0,3.644335725819217e-05
2024-05-24,11:56:38,30.7599,27.19,24.75,3092,15026711.0,3.650169242516131e-05
2024-05-24,11:56:38,30.7663,27.19,24.75,3091,15026711.0,3.656012096968847e-05
2024-05-24,11:56:39,30.7727,27.19,24.75,3092,15026711.0,3.650169242516131e-05
2024-05-24,11:56:39,30.7793,27.19,24.75,3092,15026711.0,3.650169242516131e-05
2024-05-24,11:56:39,30.7858,27.19,24.75,3091,15026712.0,3.656012096968847e-05
2024-05-24,11:56:39,30.7922,27.19,24.75,3092,15026711.0,3.650169242516131e-05
2024-05-24,11:56:39,30.7987,27.19,24.75,3093,15026711.0,3.644335725819217e-05
2024-05-24,11:56:39,30.8052,27.19,24.75,3092,15026711.0,3.650169242516131e-05
2024-05-24,11:56:39,30.8118,27.19,24.75,3092,15026711.0,3.650169242516131e-05
2024-05-24,11:56:39,30.8183,27.19,24.75,3092,15026711.0,3.650169242516131e-05
2024-05-24,11:56:39,30.8247,27.19,24.75,3092,15026711.0,3.650169242516131e-05
2024-05-24,11:56:39,30.8311,27.19,24.75,3092,15026711.0,3.650169242516131e-05
2024-05-24,11:56:39,30.8376,27.19,24.75,3092,15026711.0,3.650169242516131e-05
2024-05-24,11:56:39,30.8441,27.19,24.75,3093,15026712.0,3.644335725819217e-05
2024-05-24,11:56:39,30.8505,27.19,24.75,3093,15026712.0,3.644335725819217e-05
2024-05-24,11:56:39,30.8569,27.19,24.75,3093,15026711.0,3.644335725819217e-05
2024-05-24,11:56:39,30.8635,27.19,24.75,3093,15026711.0,3.644335725819217e-05
2024-05-24,11:56:39,30.87,27.19,24.75,3093,15026711.0,3.644335725819217e-05
2024-05-24,11:56:39,30.8765,27.19,24.75,3092,15026712.0,3.650169242516131e-05
2024-05-24,11:56:39,30.8831,27.19,24.75,3091,15026712.0,3.656012096968847e-05
2024-05-24,11:56:39,30.8895,27.19,24.75,3092,15026711.0,3.650169242516131e-05
2024-05-24,11:56:39,30.8959,27.19,24.75,3092,15026711.0,3.650169242516131e-05
2024-05-24,11:56:39,30.9023,27.19,24.75,3092,15026711.0,3.650169242516131e-05
2024-05-24,11:56:39,30.9087,27.19,24.75,3092,15026711.0,3.650169242516131e-05
2024-05-24,11:56:39,30.9152,27.19,24.75,3092,15026712.0,3.650169242516131e-05
2024-05-24,11:56:39,30.9217,27.19,24.75,3092,15026711.0,3.650169242516131e-05
2024-05-24,11:56:39,30.9281,27.19,24.75,3091,15026711.0,3.656012096968847e-05
2024-05-24,11:56:39,30.9346,27.19,24.75,3092,15026711.0,3.650169242516131e-05
2024-05-24,11:56:39,30.9412,27.19,24.75,3093,15026712.0,3.644335725819217e-05
2024-05-24,11:56:39,30.9476,27.19,24.75,3093,15026711.0,3.644335725819217e-05
2024-05-24,11:56:39,30.9541,27.19,24.75,3092,15026711.0,3.650169242516131e-05
2024-05-24,11:56:39,30.9606,27.19,24.75,3092,15026712.0,3.650169242516131e-05
2024-05-24,11:56:39,30.967,27.19,24.75,3093,15026711.0,3.644335725819217e-05
2024-05-24,11:56:39,30.9736,27.19,24.75,3092,15026711.0,3.650169242516131e-05
2024-05-24,11:56:39,30.9801,27.19,24.75,3092,15026711.0,3.650169242516131e-05
2024-05-24,11:56:39,30.9865,27.19,24.75,3092,15026711.0,3.650169242516131e-05
2024-05-24,11:56:39,30.993,27.19,24.75,3092,15026711.0,3.650169242516131e-05
2024-05-24,11:56:39,30.9995,27.19,24.75,3093,15026712.0,3.644335725819217e-05
2024-05-24,11:56:39,31.0059,27.19,24.75,3092,15026712.0,3.650169242516131e-05
2024-05-24,11:56:39,31.0123,27.19,24.75,3091,15026711.0,3.656012096968847e-05
2024-05-24,11:56:39,31.0189,27.19,24.75,3092,15026711.0,3.650169242516131e-05
2024-05-24,11:56:39,31.0254,27.19,24.75,3093,15026711.0,3.644335725819217e-05
2024-05-24,11:56:39,31.0318,27.19,24.75,3093,15026712.0,3.644335725819217e-05
2024-05-24,11:56:39,31.0382,27.19,24.75,3092,15026712.0,3.650169242516131e-05
2024-05-24,11:56:39,31.0447,27.19,24.75,3092,15026711.0,3.650169242516131e-05
2024-05-24,11:56:39,31.0513,27.19,24.75,3092,15026711.0,3.650169242516131e-05
2024-05-24,11:56:39,31.0577,27.19,24.75,3092,15026711.0,3.650169242516131e-05
2024-05-24,11:56:39,31.0641,27.19,24.75,3092,15026711.0,3.650169242516131e-05
2024-05-24,11:56:39,31.0706,27.19,24.75,3091,15026711.0,3.656012096968847e-05
2024-05-24,11:56:39,31.0771,27.19,24.75,3092,15026712.0,3.650169242516131e-05
2024-05-24,11:56:39,31.0835,27.19,24.75,3093,15026711.0,3.644335725819217e-05
2024-05-24,11:56:39,31.09,27.19,24.75,3093,15026711.0,3.644335725819217e-05
2024-05-24,11:56:39,31.0966,27.19,24.75,3093,15026711.0,3.644335725819217e-05
2024-05-24,11:56:39,31.103,27.19,24.75,3093,15026711.0,3.644335725819217e-05
2024-05-24,11:56:39,31.1094,27.19,24.75,3093,15026712.0,3.644335725819217e-05
2024-05-24,11:56:39,31.1159,27.19,24.75,3093,15026712.0,3.644335725819217e-05
2024-05-24,11:56:39,31.1224,27.19,24.75,3092,15026711.0,3.650169242516131e-05
2024-05-24,11:56:39,31.1288,27.19,24.75,3092,15026712.0,3.650169242516131e-05
2024-05-24,11:56:39,31.1353,27.19,24.75,3092,15026712.0,3.650169242516131e-05
2024-05-24,11:56:39,31.1417,27.19,24.75,3092,15026712.0,3.650169242516131e-05
2024-05-24,11:56:39,31.1481,27.19,24.75,3093,15026712.0,3.644335725819217e-05
2024-05-24,11:56:39,31.1547,27.19,24.75,3093,15026712.0,3.644335725819217e-05
2024-05-24,11:56:39,31.1611,27.19,24.75,3093,15026712.0,3.644335725819217e-05
2024-05-24,11:56:39,31.1676,27.19,24.75,3093,15026711.0,3.644335725819217e-05
2024-05-24,11:56:39,31.1741,27.19,24.75,3093,15026711.0,3.644335725819217e-05
2024-05-24,11:56:39,31.1805,27.19,24.75,3092,15026711.0,3.650169242516131e-05
2024-05-24,11:56:39,31.1871,27.19,24.75,3091,15026711.0,3.656012096968847e-05
2024-05-24,11:56:39,31.1936,27.19,24.75,3092,15026711.0,3.650169242516131e-05
2024-05-24,11:56:39,31.2,27.19,24.75,3093,15026711.0,3.644335725819217e-05
2024-05-24,11:56:39,31.2064,27.19,24.75,3092,15026711.0,3.650169242516131e-05
2024-05-24,11:56:39,31.2128,27.25,24.75,3092,15026711.0,3.650169242516131e-05
2024-05-24,11:56:39,31.2193,27.25,24.75,3092,15026711.0,3.650169242516131e-05
2024-05-24,11:56:39,31.226,27.25,24.75,3092,15026711.0,3.650169242516131e-05
2024-05-24,11:56:39,31.2325,27.25,24.75,3093,15026712.0,3.644335725819217e-05
2024-05-24,11:56:39,31.2389,27.25,24.75,3093,15026712.0,3.644335725819217e-05
2024-05-24,11:56:39,31.2453,27.25,24.75,3092,15026712.0,3.650169242516131e-05
2024-05-24,11:56:39,31.2517,27.25,24.75,3091,15026712.0,3.656012096968847e-05
2024-05-24,11:56:39,31.2582,27.25,24.75,3091,15026712.0,3.656012096968847e-05
2024-05-24,11:56:39,31.2648,27.25,24.75,3091,15026712.0,3.656012096968847e-05
2024-05-24,11:56:39,31.2712,27.25,24.75,3091,15026712.0,3.656012096968847e-05
2024-05-24,11:56:39,31.2777,27.25,24.75,3092,15026712.0,3.650169242516131e-05
2024-05-24,11:56:39,31.2842,27.25,24.75,3093,15026712.0,3.644335725819217e-05
2024-05-24,11:56:39,31.2906,27.25,24.75,3093,15026712.0,3.644335725819217e-05
2024-05-24,11:56:39,31.297,27.25,24.75,3093,15026711.0,3.644335725819217e-05
2024-05-24,11:56:39,31.3035,27.25,24.75,3092,15026712.0,3.650169242516131e-05
2024-05-24,11:56:39,31.3101,27.25,24.75,3091,15026711.0,3.656012096968847e-05
2024-05-24,11:56:39,31.3166,27.25,24.75,3091,15026711.0,3.656012096968847e-05
2024-05-24,11:56:39,31.3231,27.25,24.75,3091,15026711.0,3.656012096968847e-05
2024-05-24,11:56:39,31.3295,27.25,24.75,3091,15026711.0,3.656012096968847e-05
2024-05-24,11:56:39,31.3359,27.25,24.75,3091,15026711.0,3.656012096968847e-05
2024-05-24,11:56:39,31.3425,27.25,24.75,3091,15026711.0,3.656012096968847e-05
2024-05-24,11:56:39,31.349,27.25,24.75,3091,15026711.0,3.656012096968847e-05
2024-05-24,11:56:39,31.3555,27.25,24.75,3092,15026711.0,3.650169242516131e-05
2024-05-24,11:56:39,31.362,27.25,24.75,3093,15026712.0,3.644335725819217e-05
2024-05-24,11:56:39,31.3684,27.25,24.75,3093,15026711.0,3.644335725819217e-05
2024-05-24,11:56:39,31.3748,27.25,24.75,3092,15026711.0,3.650169242516131e-05
2024-05-24,11:56:39,31.3814,27.25,24.75,3092,15026711.0,3.650169242516131e-05
2024-05-24,11:56:39,31.3879,27.25,24.75,3093,15026711.0,3.644335725819217e-05
2024-05-24,11:56:39,31.3943,27.25,24.75,3093,15026711.0,3.644335725819217e-05
2024-05-24,11:56:39,31.4007,27.25,24.75,3092,15026711.0,3.650169242516131e-05
2024-05-24,11:56:39,31.4072,27.25,24.75,3092,15026711.0,3.650169242516131e-05
2024-05-24,11:56:39,31.4137,27.25,24.75,3092,15026711.0,3.650169242516131e-05
2024-05-24,11:56:39,31.4203,27.25,24.75,3092,15026711.0,3.650169242516131e-05
2024-05-24,11:56:39,31.4268,27.25,24.75,3092,15026712.0,3.650169242516131e-05
2024-05-24,11:56:39,31.4332,27.25,24.75,3092,15026711.0,3.650169242516131e-05
2024-05-24,11:56:39,31.4396,27.25,24.75,3092,15026711.0,3.650169242516131e-05
2024-05-24,11:56:39,31.4461,27.25,24.75,3092,15026712.0,3.650169242516131e-05
2024-05-24,11:56:39,31.4527,27.25,24.75,3092,15026711.0,3.650169242516131e-05
2024-05-24,11:56:39,31.4592,27.25,24.75,3092,15026711.0,3.650169242516131e-05
2024-05-24,11:56:39,31.4657,27.25,24.75,3093,15026711.0,3.644335725819217e-05
2024-05-24,11:56:39,31.4721,27.25,24.75,3092,15026711.0,3.650169242516131e-05
2024-05-24,11:56:39,31.4785,27.25,24.75,3091,15026712.0,3.656012096968847e-05
2024-05-24,11:56:39,31.4849,27.25,24.75,3091,15026712.0,3.656012096968847e-05
2024-05-24,11:56:39,31.4913,27.25,24.75,3091,15026711.0,3.656012096968847e-05
2024-05-24,11:56:39,31.4978,27.25,24.75,3092,15026711.0,3.650169242516131e-05
2024-05-24,11:56:39,31.5044,27.25,24.75,3092,15026711.0,3.650169242516131e-05
2024-05-24,11:56:39,31.5109,27.25,24.75,3092,15026711.0,3.650169242516131e-05
2024-05-24,11:56:39,31.5174,27.25,24.75,3093,15026711.0,3.644335725819217e-05
2024-05-24,11:56:39,31.5238,27.25,24.75,3093,15026712.0,3.644335725819217e-05
2024-05-24,11:56:39,31.5302,27.25,24.75,3093,15026712.0,3.644335725819217e-05
2024-05-24,11:56:39,31.5368,27.25,24.75,3093,15026712.0,3.644335725819217e-05
2024-05-24,11:56:39,31.5433,27.25,24.75,3093,15026712.0,3.644335725819217e-05
2024-05-24,11:56:39,31.5497,27.25,24.75,3092,15026712.0,3.650169242516131e-05
2024-05-24,11:56:39,31.5561,27.25,24.75,3091,15026711.0,3.656012096968847e-05
2024-05-24,11:56:39,31.5625,27.25,24.75,3091,15026711.0,3.656012096968847e-05
2024-05-24,11:56:39,31.569,27.25,24.75,3091,15026712.0,3.656012096968847e-05
2024-05-24,11:56:39,31.5755,27.25,24.75,3092,15026712.0,3.650169242516131e-05
2024-05-24,11:56:39,31.5819,27.25,24.75,3093,15026712.0,3.644335725819217e-05
2024-05-24,11:56:39,31.5885,27.25,24.75,3093,15026712.0,3.644335725819217e-05
2024-05-24,11:56:39,31.595,27.25,24.75,3092,15026712.0,3.650169242516131e-05
2024-05-24,11:56:39,31.6014,27.25,24.75,3091,15026711.0,3.656012096968847e-05
2024-05-24,11:56:39,31.6078,27.25,24.75,3091,15026712.0,3.656012096968847e-05
2024-05-24,11:56:39,31.6143,27.25,24.75,3092,15026712.0,3.650169242516131e-05
2024-05-24,11:56:39,31.6209,27.25,24.75,3092,15026712.0,3.650169242516131e-05
2024-05-24,11:56:39,31.6273,27.25,24.75,3092,15026711.0,3.650169242516131e-05
2024-05-24,11:56:39,31.6338,27.25,24.75,3092,15026711.0,3.650169242516131e-05
2024-05-24,11:56:39,31.6403,27.25,24.75,3091,15026712.0,3.656012096968847e-05
2024-05-24,11:56:39,31.6468,27.25,24.75,3091,15026712.0,3.656012096968847e-05
2024-05-24,11:56:39,31.6534,27.25,24.75,3092,15026711.0,3.650169242516131e-05
2024-05-24,11:56:39,31.6598,27.25,24.75,3092,15026711.0,3.650169242516131e-05
2024-05-24,11:56:39,31.6663,27.25,24.75,3092,15026711.0,3.650169242516131e-05
2024-05-24,11:56:39,31.6728,27.25,24.75,3092,15026711.0,3.650169242516131e-05
2024-05-24,11:56:39,31.6792,27.25,24.75,3092,15026711.0,3.650169242516131e-05
2024-05-24,11:56:39,31.6856,27.25,24.75,3093,15026712.0,3.644335725819217e-05
2024-05-24,11:56:39,31.6921,27.25,24.75,3093,15026712.0,3.644335725819217e-05
2024-05-24,11:56:39,31.6985,27.25,24.75,3093,15026711.0,3.644335725819217e-05
2024-05-24,11:56:39,31.7049,27.25,24.75,3092,15026712.0,3.650169242516131e-05
2024-05-24,11:56:39,31.7115,27.25,24.75,3091,15026711.0,3.656012096968847e-05
2024-05-24,11:56:39,31.7179,27.19,24.75,3091,15026711.0,3.656012096968847e-05
2024-05-24,11:56:39,31.7244,27.19,24.75,3091,15026712.0,3.656012096968847e-05
2024-05-24,11:56:39,31.7309,27.19,24.75,3092,15026711.0,3.650169242516131e-05
2024-05-24,11:56:39,31.7373,27.19,24.75,3092,15026711.0,3.650169242516131e-05
2024-05-24,11:56:39,31.7439,27.19,24.75,3091,15026711.0,3.656012096968847e-05
2024-05-24,11:56:39,31.7504,27.19,24.75,3091,15026711.0,3.656012096968847e-05
2024-05-24,11:56:39,31.7569,27.19,24.75,3091,15026712.0,3.656012096968847e-05
2024-05-24,11:56:39,31.7634,27.19,24.75,3092,15026712.0,3.650169242516131e-05
2024-05-24,11:56:39,31.7698,27.19,24.75,3093,15026712.0,3.644335725819217e-05
2024-05-24,11:56:40,31.7762,27.19,24.75,3092,15026711.0,3.650169242516131e-05
2024-05-24,11:56:40,31.7828,27.19,24.75,3091,15026712.0,3.656012096968847e-05
2024-05-24,11:56:40,31.7893,27.19,24.75,3091,15026712.0,3.656012096968847e-05
2024-05-24,11:56:40,31.7957,27.19,24.75,3092,15026712.0,3.650169242516131e-05
2024-05-24,11:56:40,31.8021,27.19,24.75,3092,15026711.0,3.650169242516131e-05
2024-05-24,11:56:40,31.8086,27.19,24.75,3092,15026711.0,3.650169242516131e-05
2024-05-24,11:56:40,31.8152,27.19,24.75,3092,15026712.0,3.650169242516131e-05
2024-05-24,11:56:40,31.8217,27.19,24.75,3091,15026712.0,3.656012096968847e-05
2024-05-24,11:56:40,31.8282,27.19,24.75,3091,15026711.0,3.656012096968847e-05
2024-05-24,11:56:40,31.8346,27.19,24.75,3092,15026710.0,3.650169242516131e-05
2024-05-24,11:56:40,31.841,27.19,24.75,3093,15026711.0,3.644335725819217e-05
2024-05-24,11:56:40,31.8474,27.19,24.75,3093,15026712.0,3.644335725819217e-05
2024-05-24,11:56:40,31.8539,27.19,24.75,3092,15026712.0,3.650169242516131e-05
2024-05-24,11:56:40,31.8605,27.19,24.75,3092,15026712.0,3.650169242516131e-05
2024-05-24,11:56:40,31.8669,27.19,24.75,3092,15026710.0,3.650169242516131e-05
2024-05-24,11:56:40,31.8734,27.19,24.75,3092,15026710.0,3.650169242516131e-05
2024-05-24,11:56:40,31.8799,27.19,24.75,3092,15026711.0,3.650169242516131e-05
2024-05-24,11:56:40,31.8865,27.19,24.75,3092,15026710.0,3.650169242516131e-05
2024-05-24,11:56:40,31.893,27.19,24.75,3092,15026711.0,3.650169242516131e-05
2024-05-24,11:56:40,31.8994,27.19,24.75,3092,15026712.0,3.650169242516131e-05
2024-05-24,11:56:40,31.9058,27.19,24.75,3092,15026711.0,3.650169242516131e-05
2024-05-24,11:56:40,31.9123,27.19,24.75,3092,15026711.0,3.650169242516131e-05
2024-05-24,11:56:40,31.9188,27.19,24.75,3092,15026712.0,3.650169242516131e-05
2024-05-24,11:56:40,31.9254,27.19,24.75,3091,15026712.0,3.656012096968847e-05
2024-05-24,11:56:40,31.9318,27.19,24.75,3091,15026711.0,3.656012096968847e-05
2024-05-24,11:56:40,31.9382,27.19,24.75,3092,15026711.0,3.650169242516131e-05
2024-05-24,11:56:40,31.9447,27.19,24.75,3092,15026710.0,3.650169242516131e-05
2024-05-24,11:56:40,31.9512,27.19,24.75,3091,15026710.0,3.656012096968847e-05
2024-05-24,11:56:40,31.9577,27.19,24.75,3091,15026712.0,3.656012096968847e-05
2024-05-24,11:56:40,31.9641,27.19,24.75,3091,15026712.0,3.656012096968847e-05
2024-05-24,11:56:40,31.9705,27.19,24.75,3091,15026712.0,3.656012096968847e-05
2024-05-24,11:56:40,31.9771,27.19,24.75,3091,15026712.0,3.656012096968847e-05
2024-05-24,11:56:40,31.9836,27.19,24.75,3092,15026712.0,3.650169242516131e-05
2024-05-24,11:56:40,31.99,27.19,24.75,3093,15026711.0,3.644335725819217e-05
2024-05-24,11:56:40,31.9965,27.19,24.75,3093,15026712.0,3.644335725819217e-05
2024-05-24,11:56:40,32.0031,27.19,24.75,3093,15026711.0,3.644335725819217e-05
2024-05-24,11:56:40,32.0095,27.19,24.75,3092,15026711.0,3.650169242516131e-05
2024-05-24,11:56:40,32.016,27.19,24.75,3091,15026711.0,3.656012096968847e-05
2024-05-24,11:56:40,32.0225,27.19,24.75,3091,15026710.0,3.656012096968847e-05
2024-05-24,11:56:40,32.0289,27.19,24.75,3091,15026711.0,3.656012096968847e-05
2024-05-24,11:56:40,32.0353,27.19,24.75,3091,15026711.0,3.656012096968847e-05
2024-05-24,11:56:40,32.0418,27.19,24.75,3091,15026711.0,3.656012096968847e-05
2024-05-24,11:56:40,32.0484,27.19,24.75,3091,15026712.0,3.656012096968847e-05
2024-05-24,11:56:40,32.0548,27.19,24.75,3092,15026712.0,3.650169242516131e-05
2024-05-24,11:56:40,32.0612,27.19,24.75,3092,15026711.0,3.650169242516131e-05
2024-05-24,11:56:40,32.0677,27.19,24.75,3092,15026711.0,3.650169242516131e-05
2024-05-24,11:56:40,32.0742,27.19,24.75,3092,15026711.0,3.650169242516131e-05
2024-05-24,11:56:40,32.0808,27.19,24.75,3091,15026711.0,3.656012096968847e-05
2024-05-24,11:56:40,32.0873,27.19,24.75,3091,15026711.0,3.656012096968847e-05
2024-05-24,11:56:40,32.0937,27.19,24.75,3092,15026711.0,3.650169242516131e-05
2024-05-24,11:56:40,32.1001,27.19,24.75,3092,15026711.0,3.650169242516131e-05
2024-05-24,11:56:40,32.1066,27.19,24.75,3091,15026711.0,3.656012096968847e-05
2024-05-24,11:56:40,32.1131,27.19,24.75,3091,15026711.0,3.656012096968847e-05
2024-05-24,11:56:40,32.1195,27.19,24.75,3091,15026711.0,3.656012096968847e-05
2024-05-24,11:56:40,32.1259,27.19,24.75,3092,15026712.0,3.650169242516131e-05
2024-05-24,11:56:40,32.1325,27.19,24.75,3092,15026712.0,3.650169242516131e-05
2024-05-24,11:56:40,32.139,27.19,24.75,3092,15026712.0,3.650169242516131e-05
2024-05-24,11:56:40,32.1454,27.19,24.75,3092,15026712.0,3.650169242516131e-05
2024-05-24,11:56:40,32.1518,27.19,24.75,3091,15026711.0,3.656012096968847e-05
2024-05-24,11:56:40,32.1583,27.19,24.75,3092,15026711.0,3.650169242516131e-05
2024-05-24,11:56:40,32.1649,27.19,24.75,3092,15026711.0,3.650169242516131e-05
2024-05-24,11:56:40,32.1714,27.19,24.75,3091,15026711.0,3.656012096968847e-05
2024-05-24,11:56:40,32.1779,27.19,24.75,3092,15026712.0,3.650169242516131e-05
2024-05-24,11:56:40,32.1843,27.19,24.75,3092,15026712.0,3.650169242516131e-05
2024-05-24,11:56:40,32.1907,27.19,24.75,3091,15026711.0,3.656012096968847e-05
2024-05-24,11:56:40,32.1972,27.19,24.75,3091,15026711.0,3.656012096968847e-05
2024-05-24,11:56:40,32.2038,27.19,24.75,3091,15026711.0,3.656012096968847e-05
2024-05-24,11:56:40,32.2103,27.19,24.75,3092,15026710.0,3.650169242516131e-05
2024-05-24,11:56:40,32.2167,27.19,24.75,3092,15026710.0,3.650169242516131e-05
2024-05-24,11:56:40,32.2231,27.19,24.5,3092,15026711.0,3.650169242516131e-05
2024-05-24,11:56:40,32.2296,27.19,24.5,3092,15026711.0,3.650169242516131e-05
2024-05-24,11:56:40,32.2361,27.19,24.5,3092,15026711.0,3.650169242516131e-05
2024-05-24,11:56:40,32.2427,27.19,24.5,3092,15026711.0,3.650169242516131e-05
2024-05-24,11:56:40,32.2491,27.19,24.5,3091,15026711.0,3.656012096968847e-05
2024-05-24,11:56:40,32.2556,27.19,24.5,3091,15026711.0,3.656012096968847e-05
2024-05-24,11:56:40,32.2621,27.19,24.5,3091,15026711.0,3.656012096968847e-05
2024-05-24,11:56:40,32.2685,27.19,24.5,3091,15026712.0,3.656012096968847e-05
2024-05-24,11:56:40,32.2749,27.19,24.5,3091,15026711.0,3.656012096968847e-05
2024-05-24,11:56:40,32.2815,27.19,24.5,3092,15026712.0,3.650169242516131e-05
2024-05-24,11:56:40,32.288,27.19,24.5,3092,15026712.0,3.650169242516131e-05
2024-05-24,11:56:40,32.2944,27.19,24.5,3091,15026711.0,3.656012096968847e-05
2024-05-24,11:56:40,32.3009,27.19,24.5,3091,15026711.0,3.656012096968847e-05
2024-05-24,11:56:40,32.3074,27.19,24.5,3091,15026711.0,3.656012096968847e-05
2024-05-24,11:56:40,32.3138,27.19,24.5,3091,15026711.0,3.656012096968847e-05
2024-05-24,11:56:40,32.3202,27.19,24.5,3091,15026711.0,3.656012096968847e-05
2024-05-24,11:56:40,32.3268,27.19,24.5,3092,15026711.0,3.650169242516131e-05
2024-05-24,11:56:40,32.3333,27.19,24.5,3093,15026711.0,3.644335725819217e-05
2024-05-24,11:56:40,32.3398,27.19,24.5,3093,15026711.0,3.644335725819217e-05
2024-05-24,11:56:40,32.3464,27.19,24.5,3092,15026712.0,3.650169242516131e-05
2024-05-24,11:56:40,32.3528,27.19,24.5,3091,15026712.0,3.656012096968847e-05
2024-05-24,11:56:40,32.3592,27.19,24.5,3092,15026712.0,3.650169242516131e-05
2024-05-24,11:56:40,32.3656,27.19,24.5,3092,15026712.0,3.650169242516131e-05
2024-05-24,11:56:40,32.3721,27.19,24.5,3091,15026711.0,3.656012096968847e-05
2024-05-24,11:56:40,32.3786,27.19,24.5,3092,15026711.0,3.650169242516131e-05
2024-05-24,11:56:40,32.385,27.19,24.5,3092,15026711.0,3.650169242516131e-05
2024-05-24,11:56:40,32.3915,27.19,24.5,3091,15026711.0,3.656012096968847e-05
2024-05-24,11:56:40,32.3981,27.19,24.5,3091,15026712.0,3.656012096968847e-05
2024-05-24,11:56:40,32.4045,27.19,24.5,3092,15026711.0,3.650169242516131e-05
2024-05-24,11:56:40,32.4109,27.19,24.5,3092,15026712.0,3.650169242516131e-05
2024-05-24,11:56:40,32.4173,27.19,24.5,3091,15026712.0,3.656012096968847e-05
2024-05-24,11:56:40,32.4238,27.19,24.5,3091,15026711.0,3.656012096968847e-05
2024-05-24,11:56:40,32.4303,27.19,24.5,3092,15026711.0,3.650169242516131e-05
2024-05-24,11:56:40,32.4367,27.19,24.5,3092,15026711.0,3.650169242516131e-05
2024-05-24,11:56:40,32.4433,27.19,24.5,3091,15026712.0,3.656012096968847e-05
2024-05-24,11:56:40,32.4498,27.19,24.5,3091,15026711.0,3.656012096968847e-05
2024-05-24,11:56:40,32.4563,27.19,24.5,3091,15026711.0,3.656012096968847e-05
2024-05-24,11:56:40,32.4628,27.19,24.5,3091,15026711.0,3.656012096968847e-05
2024-05-24,11:56:40,32.4694,27.19,24.5,3091,15026711.0,3.656012096968847e-05
2024-05-24,11:56:40,32.4758,27.19,24.5,3091,15026711.0,3.656012096968847e-05
2024-05-24,11:56:40,32.4822,27.19,24.5,3091,15026711.0,3.656012096968847e-05
2024-05-24,11:56:40,32.4887,27.19,24.5,3091,15026711.0,3.656012096968847e-05
2024-05-24,11:56:40,32.4952,27.19,24.5,3092,15026711.0,3.650169242516131e-05
2024-05-24,11:56:40,32.5017,27.19,24.5,3092,15026711.0,3.650169242516131e-05
2024-05-24,11:56:40,32.5081,27.19,24.5,3091,15026711.0,3.656012096968847e-05
2024-05-24,11:56:40,32.5145,27.19,24.5,3091,15026711.0,3.656012096968847e-05
2024-05-24,11:56:40,32.5211,27.19,24.5,3091,15026711.0,3.656012096968847e-05
2024-05-24,11:56:40,32.5276,27.19,24.5,3091,15026711.0,3.656012096968847e-05
2024-05-24,11:56:40,32.5341,27.19,24.5,3090,15026711.0,3.661864304124377e-05
2024-05-24,11:56:40,32.5405,27.19,24.5,3090,15026711.0,3.661864304124377e-05
2024-05-24,11:56:40,32.5469,27.19,24.5,3091,15026711.0,3.656012096968847e-05
2024-05-24,11:56:40,32.5535,27.19,24.5,3091,15026711.0,3.656012096968847e-05
2024-05-24,11:56:40,32.56,27.19,24.5,3091,15026711.0,3.656012096968847e-05
2024-05-24,11:56:40,32.5665,27.19,24.5,3091,15026712.0,3.656012096968847e-05
2024-05-24,11:56:40,32.5729,27.19,24.5,3091,15026712.0,3.656012096968847e-05
2024-05-24,11:56:40,32.5793,27.19,24.5,3091,15026711.0,3.656012096968847e-05
2024-05-24,11:56:40,32.5858,27.19,24.5,3092,15026710.0,3.650169242516131e-05
2024-05-24,11:56:40,32.5924,27.19,24.5,3092,15026710.0,3.650169242516131e-05
2024-05-24,11:56:40,32.5988,27.19,24.5,3091,15026710.0,3.656012096968847e-05
2024-05-24,11:56:40,32.6052,27.19,24.5,3092,15026711.0,3.650169242516131e-05
2024-05-24,11:56:40,32.6116,27.19,24.5,3092,15026712.0,3.650169242516131e-05
2024-05-24,11:56:40,32.6181,27.19,24.5,3091,15026712.0,3.656012096968847e-05
2024-05-24,11:56:40,32.6248,27.19,24.5,3091,15026712.0,3.656012096968847e-05
2024-05-24,11:56:40,32.6312,27.19,24.5,3090,15026711.0,3.661864304124377e-05
2024-05-24,11:56:40,32.6376,27.19,24.5,3090,15026710.0,3.661864304124377e-05
2024-05-24,11:56:40,32.6441,27.19,24.5,3091,15026710.0,3.656012096968847e-05
2024-05-24,11:56:40,32.6506,27.19,24.5,3091,15026710.0,3.656012096968847e-05
2024-05-24,11:56:40,32.6571,27.19,24.5,3091,15026711.0,3.656012096968847e-05
2024-05-24,11:56:40,32.6637,27.19,24.5,3091,15026711.0,3.656012096968847e-05
2024-05-24,11:56:40,32.6701,27.19,24.5,3091,15026710.0,3.656012096968847e-05
2024-05-24,11:56:40,32.6765,27.19,24.5,3091,15026711.0,3.656012096968847e-05
2024-05-24,11:56:40,32.683,27.19,24.5,3090,15026711.0,3.661864304124377e-05
2024-05-24,11:56:40,32.6895,27.19,24.5,3090,15026711.0,3.661864304124377e-05
2024-05-24,11:56:40,32.6961,27.19,24.5,3091,15026711.0,3.656012096968847e-05
2024-05-24,11:56:40,32.7025,27.19,24.5,3091,15026711.0,3.656012096968847e-05
2024-05-24,11:56:40,32.7089,27.19,24.5,3091,15026711.0,3.656012096968847e-05
2024-05-24,11:56:40,32.7154,27.19,24.5,3091,15026711.0,3.656012096968847e-05
2024-05-24,11:56:40,32.7219,27.19,24.5,3091,15026711.0,3.656012096968847e-05
2024-05-24,11:56:40,32.7283,27.25,24.75,3091,15026711.0,3.656012096968847e-05
2024-05-24,11:56:40,32.7348,27.25,24.75,3091,15026711.0,3.656012096968847e-05
2024-05-24,11:56:40,32.7414,27.25,24.75,3091,15026711.0,3.656012096968847e-05
2024-05-24,11:56:40,32.7478,27.25,24.75,3091,15026711.0,3.656012096968847e-05
2024-05-24,11:56:40,32.7542,27.25,24.75,3091,15026711.0,3.656012096968847e-05
2024-05-24,11:56:40,32.7607,27.25,24.75,3091,15026711.0,3.656012096968847e-05
2024-05-24,11:56:40,32.7672,27.25,24.75,3091,15026711.0,3.656012096968847e-05
2024-05-24,11:56:41,32.7737,27.25,24.75,3091,15026711.0,3.656012096968847e-05
2024-05-24,11:56:41,32.7803,27.25,24.75,3092,15026711.0,3.650169242516131e-05
2024-05-24,11:56:41,32.7867,27.25,24.75,3092,15026710.0,3.650169242516131e-05
2024-05-24,11:56:41,32.7932,27.25,24.75,3091,15026711.0,3.656012096968847e-05
2024-05-24,11:56:41,32.7996,27.25,24.75,3091,15026711.0,3.656012096968847e-05
2024-05-24,11:56:41,32.806,27.25,24.75,3091,15026711.0,3.656012096968847e-05
2024-05-24,11:56:41,32.8125,27.25,24.75,3090,15026711.0,3.661864304124377e-05
2024-05-24,11:56:41,32.8191,27.25,24.75,3090,15026711.0,3.661864304124377e-05
2024-05-24,11:56:41,32.8256,27.25,24.75,3091,15026712.0,3.656012096968847e-05
2024-05-24,11:56:41,32.832,27.25,24.75,3091,15026711.0,3.656012096968847e-05
2024-05-24,11:56:41,32.8384,27.25,24.75,3091,15026711.0,3.656012096968847e-05
2024-05-24,11:56:41,32.8449,27.25,24.75,3091,15026711.0,3.656012096968847e-05
2024-05-24,11:56:41,32.8514,27.25,24.75,3091,15026711.0,3.656012096968847e-05
2024-05-24,11:56:41,32.8578,27.25,24.75,3091,15026711.0,3.656012096968847e-05
2024-05-24,11:56:41,32.8642,27.25,24.75,3091,15026711.0,3.656012096968847e-05
2024-05-24,11:56:41,32.8708,27.25,24.75,3091,15026711.0,3.656012096968847e-05
2024-05-24,11:56:41,32.8773,27.25,24.75,3090,15026710.0,3.661864304124377e-05
2024-05-24,11:56:41,32.8838,27.25,24.75,3090,15026710.0,3.661864304124377e-05
2024-05-24,11:56:41,32.8904,27.25,24.75,3091,15026711.0,3.656012096968847e-05
2024-05-24,11:56:41,32.8968,27.25,24.75,3091,15026711.0,3.656012096968847e-05
2024-05-24,11:56:41,32.9033,27.25,24.75,3091,15026711.0,3.656012096968847e-05
2024-05-24,11:56:41,32.9098,27.25,24.75,3090,15026712.0,3.661864304124377e-05
2024-05-24,11:56:41,32.9162,27.25,24.75,3090,15026711.0,3.661864304124377e-05
2024-05-24,11:56:41,32.9226,27.25,24.75,3091,15026711.0,3.656012096968847e-05
2024-05-24,11:56:41,32.9291,27.25,24.75,3091,15026711.0,3.656012096968847e-05
2024-05-24,11:56:41,32.9357,27.25,24.75,3091,15026711.0,3.656012096968847e-05
2024-05-24,11:56:41,32.9421,27.25,24.75,3091,15026710.0,3.656012096968847e-05
2024-05-24,11:56:41,32.9485,27.25,24.75,3091,15026711.0,3.656012096968847e-05
2024-05-24,11:56:41,32.955,27.25,24.75,3091,15026711.0,3.656012096968847e-05
2024-05-24,11:56:41,32.9615,27.25,24.75,3091,15026712.0,3.656012096968847e-05
2024-05-24,11:56:41,32.9681,27.25,24.75,3091,15026712.0,3.656012096968847e-05
2024-05-24,11:56:41,32.9746,27.25,24.75,3091,15026711.0,3.656012096968847e-05
2024-05-24,11:56:41,32.981,27.25,24.75,3090,15026710.0,3.661864304124377e-05
2024-05-24,11:56:41,32.9875,27.25,24.75,3090,15026710.0,3.661864304124377e-05
2024-05-24,11:56:41,32.994,27.25,24.75,3091,15026711.0,3.656012096968847e-05
2024-05-24,11:56:41,33.0004,27.25,24.75,3091,15026712.0,3.656012096968847e-05
2024-05-24,11:56:41,33.007,27.25,24.75,3090,15026711.0,3.661864304124377e-05
2024-05-24,11:56:41,33.0135,27.25,24.75,3090,15026711.0,3.661864304124377e-05
2024-05-24,11:56:41,33.0199,27.25,24.75,3091,15026711.0,3.656012096968847e-05
2024-05-24,11:56:41,33.0264,27.25,24.75,3091,15026711.0,3.656012096968847e-05
2024-05-24,11:56:41,33.0329,27.25,24.75,3090,15026711.0,3.661864304124377e-05
2024-05-24,11:56:41,33.0393,27.25,24.75,3090,15026711.0,3.661864304124377e-05
2024-05-24,11:56:41,33.0457,27.25,24.75,3090,15026711.0,3.661864304124377e-05
2024-05-24,11:56:41,33.0523,27.25,24.75,3090,15026711.0,3.661864304124377e-05
2024-05-24,11:56:41,33.0588,27.25,24.75,3090,15026710.0,3.661864304124377e-05
2024-05-24,11:56:41,33.0653,27.25,24.75,3090,15026710.0,3.661864304124377e-05
2024-05-24,11:56:41,33.0719,27.25,24.75,3090,15026710.0,3.661864304124377e-05
2024-05-24,11:56:41,33.0783,27.25,24.75,3090,15026710.0,3.661864304124377e-05
2024-05-24,11:56:41,33.0847,27.25,24.75,3090,15026711.0,3.661864304124377e-05
2024-05-24,11:56:41,33.0912,27.25,24.75,3090,15026711.0,3.661864304124377e-05
2024-05-24,11:56:41,33.0977,27.25,24.75,3091,15026711.0,3.656012096968847e-05
2024-05-24,11:56:41,33.1041,27.25,24.75,3091,15026710.0,3.656012096968847e-05
2024-05-24,11:56:41,33.1105,27.25,24.75,3091,15026710.0,3.656012096968847e-05
2024-05-24,11:56:41,33.117,27.25,24.75,3091,15026710.0,3.656012096968847e-05
2024-05-24,11:56:41,33.1236,27.25,24.75,3091,15026711.0,3.656012096968847e-05
2024-05-24,11:56:41,33.13,27.25,24.75,3091,15026711.0,3.656012096968847e-05
2024-05-24,11:56:41,33.1364,27.25,24.75,3090,15026710.0,3.661864304124377e-05
2024-05-24,11:56:41,33.1429,27.25,24.75,3090,15026710.0,3.661864304124377e-05
2024-05-24,11:56:41,33.1494,27.25,24.75,3090,15026710.0,3.661864304124377e-05
2024-05-24,11:56:41,33.156,27.25,24.75,3090,15026710.0,3.661864304124377e-05
2024-05-24,11:56:41,33.1625,27.25,24.75,3091,15026712.0,3.656012096968847e-05
2024-05-24,11:56:41,33.169,27.25,24.75,3091,15026712.0,3.656012096968847e-05
2024-05-24,11:56:41,33.1755,27.25,24.75,3091,15026711.0,3.656012096968847e-05
2024-05-24,11:56:41,33.1819,27.25,24.75,3091,15026711.0,3.656012096968847e-05
2024-05-24,11:56:41,33.1883,27.25,24.75,3090,15026710.0,3.661864304124377e-05
2024-05-24,11:56:41,33.1949,27.25,24.75,3090,15026710.0,3.661864304124377e-05
2024-05-24,11:56:41,33.2014,27.25,24.75,3090,15026710.0,3.661864304124377e-05
2024-05-24,11:56:41,33.2079,27.25,24.75,3090,15026710.0,3.661864304124377e-05
2024-05-24,11:56:41,33.2143,27.25,24.75,3090,15026711.0,3.661864304124377e-05
2024-05-24,11:56:41,33.2207,27.25,24.75,3090,15026711.0,3.661864304124377e-05
2024-05-24,11:56:41,33.2273,27.25,24.75,3091,15026711.0,3.656012096968847e-05
2024-05-24,11:56:41,33.2337,27.25,24.5,3091,15026711.0,3.656012096968847e-05
2024-05-24,11:56:41,33.2402,27.25,24.5,3090,15026710.0,3.661864304124377e-05
2024-05-24,11:56:41,33.2467,27.25,24.5,3091,15026710.0,3.656012096968847e-05
2024-05-24,11:56:41,33.2531,27.25,24.5,3091,15026710.0,3.656012096968847e-05
2024-05-24,11:56:41,33.2596,27.25,24.5,3090,15026710.0,3.661864304124377e-05
2024-05-24,11:56:41,33.2662,27.25,24.5,3090,15026711.0,3.661864304124377e-05
2024-05-24,11:56:41,33.2727,27.25,24.5,3089,15026710.0,3.66772587895367e-05
2024-05-24,11:56:41,33.2792,27.25,24.5,3090,15026711.0,3.661864304124377e-05
2024-05-24,11:56:41,33.2856,27.25,24.5,3091,15026711.0,3.656012096968847e-05
2024-05-24,11:56:41,33.292,27.25,24.5,3090,15026711.0,3.661864304124377e-05
2024-05-24,11:56:41,33.2985,27.25,24.5,3090,15026711.0,3.661864304124377e-05
2024-05-24,11:56:41,33.3051,27.25,24.5,3091,15026711.0,3.656012096968847e-05
2024-05-24,11:56:41,33.3115,27.25,24.5,3091,15026711.0,3.656012096968847e-05
2024-05-24,11:56:41,33.318,27.25,24.5,3090,15026710.0,3.661864304124377e-05
2024-05-24,11:56:41,33.3245,27.25,24.5,3090,15026710.0,3.661864304124377e-05
2024-05-24,11:56:41,33.3309,27.25,24.5,3090,15026711.0,3.661864304124377e-05
2024-05-24,11:56:41,33.3375,27.25,24.5,3090,15026710.0,3.661864304124377e-05
2024-05-24,11:56:41,33.344,27.25,24.5,3091,15026711.0,3.656012096968847e-05
2024-05-24,11:56:41,33.3504,27.25,24.5,3091,15026711.0,3.656012096968847e-05
2024-05-24,11:56:41,33.3569,27.25,24.5,3090,15026710.0,3.661864304124377e-05
2024-05-24,11:56:41,33.3634,27.25,24.5,3090,15026710.0,3.661864304124377e-05
2024-05-24,11:56:41,33.3698,27.25,24.5,3091,15026710.0,3.656012096968847e-05
2024-05-24,11:56:41,33.3764,27.25,24.5,3091,15026711.0,3.656012096968847e-05
2024-05-24,11:56:41,33.3829,27.25,24.5,3090,15026711.0,3.661864304124377e-05
2024-05-24,11:56:41,33.3893,27.25,24.5,3090,15026711.0,3.661864304124377e-05
2024-05-24,11:56:41,33.3957,27.25,24.5,3091,15026712.0,3.656012096968847e-05
2024-05-24,11:56:41,33.4022,27.25,24.5,3090,15026712.0,3.661864304124377e-05
2024-05-24,11:56:41,33.4088,27.25,24.5,3089,15026711.0,3.66772587895367e-05
2024-05-24,11:56:41,33.4152,27.25,24.5,3090,15026710.0,3.661864304124377e-05
2024-05-24,11:56:41,33.4216,27.25,24.5,3090,15026709.0,3.661864304124377e-05
2024-05-24,11:56:41,33.4281,27.25,24.5,3090,15026710.0,3.661864304124377e-05
2024-05-24,11:56:41,33.4346,27.25,24.5,3090,15026711.0,3.661864304124377e-05
2024-05-24,11:56:41,33.4411,27.25,24.5,3090,15026711.0,3.661864304124377e-05
2024-05-24,11:56:41,33.4477,27.25,24.5,3090,15026710.0,3.661864304124377e-05
2024-05-24,11:56:41,33.4541,27.25,24.5,3089,15026710.0,3.66772587895367e-05
2024-05-24,11:56:41,33.4605,27.25,24.5,3090,15026711.0,3.661864304124377e-05
2024-05-24,11:56:41,33.467,27.25,24.5,3091,15026711.0,3.656012096968847e-05
2024-05-24,11:56:41,33.4735,27.25,24.5,3090,15026711.0,3.661864304124377e-05
2024-05-24,11:56:41,33.4801,27.25,24.5,3090,15026711.0,3.661864304124377e-05
2024-05-24,11:56:41,33.4865,27.25,24.5,3091,15026711.0,3.656012096968847e-05
2024-05-24,11:56:41,33.4929,27.25,24.5,3091,15026711.0,3.656012096968847e-05
2024-05-24,11:56:41,33.4994,27.25,24.5,3090,15026710.0,3.661864304124377e-05
2024-05-24,11:56:41,33.5058,27.25,24.5,3089,15026711.0,3.66772587895367e-05
2024-05-24,11:56:41,33.5123,27.25,24.5,3089,15026711.0,3.66772587895367e-05
2024-05-24,11:56:41,33.5188,27.25,24.5,3090,15026710.0,3.661864304124377e-05
2024-05-24,11:56:41,33.5252,27.25,24.5,3090,15026710.0,3.661864304124377e-05
2024-05-24,11:56:41,33.5318,27.25,24.5,3089,15026710.0,3.66772587895367e-05
2024-05-24,11:56:41,33.5383,27.25,24.5,3089,15026711.0,3.66772587895367e-05
2024-05-24,11:56:41,33.5448,27.25,24.5,3090,15026711.0,3.661864304124377e-05
2024-05-24,11:56:41,33.5512,27.25,24.5,3090,15026710.0,3.661864304124377e-05
2024-05-24,11:56:41,33.5576,27.25,24.5,3090,15026710.0,3.661864304124377e-05
2024-05-24,11:56:41,33.5641,27.25,24.5,3090,15026711.0,3.661864304124377e-05
2024-05-24,11:56:41,33.5707,27.25,24.5,3089,15026711.0,3.66772587895367e-05
2024-05-24,11:56:41,33.5772,27.25,24.5,3089,15026710.0,3.66772587895367e-05
2024-05-24,11:56:41,33.5836,27.25,24.5,3090,15026709.0,3.661864304124377e-05
2024-05-24,11:56:41,33.59,27.25,24.5,3090,15026710.0,3.661864304124377e-05
2024-05-24,11:56:41,33.5964,27.25,24.5,3089,15026710.0,3.66772587895367e-05
2024-05-24,11:56:41,33.6029,27.25,24.5,3089,15026710.0,3.66772587895367e-05
2024-05-24,11:56:41,33.6095,27.25,24.5,3090,15026710.0,3.661864304124377e-05
2024-05-24,11:56:41,33.616,27.25,24.5,3090,15026711.0,3.661864304124377e-05
2024-05-24,11:56:41,33.6225,27.25,24.5,3089,15026711.0,3.66772587895367e-05
2024-05-24,11:56:41,33.6289,27.25,24.5,3089,15026712.0,3.66772587895367e-05
2024-05-24,11:56:41,33.6353,27.25,24.5,3089,15026711.0,3.66772587895367e-05
2024-05-24,11:56:41,33.6418,27.25,24.5,3089,15026711.0,3.66772587895367e-05
2024-05-24,11:56:41,33.6484,27.25,24.5,3090,15026711.0,3.661864304124377e-05
2024-05-24,11:56:41,33.6548,27.25,24.5,3090,15026710.0,3.661864304124377e-05
2024-05-24,11:56:41,33.6613,27.25,24.5,3090,15026710.0,3.661864304124377e-05
2024-05-24,11:56:41,33.6678,27.25,24.5,3090,15026710.0,3.661864304124377e-05
2024-05-24,11:56:41,33.6744,27.25,24.5,3089,15026710.0,3.66772587895367e-05
2024-05-24,11:56:41,33.6809,27.25,24.5,3089,15026711.0,3.66772587895367e-05
2024-05-24,11:56:41,33.6873,27.25,24.5,3089,15026710.0,3.66772587895367e-05
2024-05-24,11:56:41,33.6937,27.25,24.5,3089,15026710.0,3.66772587895367e-05
2024-05-24,11:56:41,33.7002,27.25,24.5,3090,15026710.0,3.661864304124377e-05
2024-05-24,11:56:41,33.7067,27.25,24.5,3090,15026710.0,3.661864304124377e-05
2024-05-24,11:56:41,33.7133,27.25,24.5,3090,15026710.0,3.661864304124377e-05
2024-05-24,11:56:41,33.7198,27.25,24.5,3090,15026711.0,3.661864304124377e-05
2024-05-24,11:56:41,33.7263,27.25,24.5,3089,15026711.0,3.66772587895367e-05
2024-05-24,11:56:41,33.7327,27.25,24.5,3089,15026710.0,3.66772587895367e-05
2024-05-24,11:56:41,33.7391,27.19,24.5,3090,15026709.0,3.661864304124377e-05
2024-05-24,11:56:41,33.7457,27.19,24.5,3090,15026710.0,3.661864304124377e-05
2024-05-24,11:56:41,33.7522,27.19,24.5,3090,15026711.0,3.661864304124377e-05
2024-05-24,11:56:41,33.7587,27.19,24.5,3090,15026710.0,3.661864304124377e-05
2024-05-24,11:56:41,33.7652,27.19,24.5,3090,15026710.0,3.661864304124377e-05
2024-05-24,11:56:41,33.7716,27.19,24.5,3090,15026710.0,3.661864304124377e-05
2024-05-24,11:56:42,33.778,27.19,24.5,3090,15026710.0,3.661864304124377e-05
2024-05-24,11:56:42,33.7846,27.19,24.5,3090,15026711.0,3.661864304124377e-05
2024-05-24,11:56:42,33.7911,27.19,24.5,3089,15026711.0,3.66772587895367e-05
2024-05-24,11:56:42,33.7976,27.19,24.5,3089,15026710.0,3.66772587895367e-05
2024-05-24,11:56:42,33.804,27.19,24.5,3090,15026710.0,3.661864304124377e-05
2024-05-24,11:56:42,33.8104,27.19,24.5,3090,15026710.0,3.661864304124377e-05
2024-05-24,11:56:42,33.8169,27.19,24.5,3089,15026710.0,3.66772587895367e-05
2024-05-24,11:56:42,33.8235,27.19,24.5,3089,15026710.0,3.66772587895367e-05
2024-05-24,11:56:42,33.8299,27.19,24.5,3089,15026710.0,3.66772587895367e-05
2024-05-24,11:56:42,33.8364,27.19,24.5,3089,15026710.0,3.66772587895367e-05
2024-05-24,11:56:42,33.8429,27.19,24.5,3090,15026710.0,3.661864304124377e-05
2024-05-24,11:56:42,33.8493,27.19,24.5,3090,15026709.0,3.661864304124377e-05
2024-05-24,11:56:42,33.8559,27.19,24.5,3089,15026710.0,3.66772587895367e-05
2024-05-24,11:56:42,33.8624,27.19,24.5,3089,15026710.0,3.66772587895367e-05
2024-05-24,11:56:42,33.8689,27.19,24.5,3089,15026710.0,3.66772587895367e-05
2024-05-24,11:56:42,33.8754,27.19,24.5,3089,15026711.0,3.66772587895367e-05
2024-05-24,11:56:42,33.8818,27.19,24.5,3089,15026710.0,3.66772587895367e-05
2024-05-24,11:56:42,33.8884,27.19,24.5,3088,15026710.0,3.673596836451631e-05
2024-05-24,11:56:42,33.8949,27.19,24.5,3089,15026709.0,3.66772587895367e-05
2024-05-24,11:56:42,33.9013,27.19,24.5,3090,15026710.0,3.661864304124377e-05
2024-05-24,11:56:42,33.9078,27.19,24.5,3090,15026710.0,3.661864304124377e-05
2024-05-24,11:56:42,33.9144,27.19,24.5,3091,15026710.0,3.656012096968847e-05
2024-05-24,11:56:42,33.9208,27.19,24.5,3091,15026711.0,3.656012096968847e-05
2024-05-24,11:56:42,33.9273,27.19,24.5,3090,15026710.0,3.661864304124377e-05
2024-05-24,11:56:42,33.9339,27.19,24.5,3089,15026710.0,3.66772587895367e-05
2024-05-24,11:56:42,33.9403,27.19,24.5,3088,15026710.0,3.673596836451631e-05
2024-05-24,11:56:42,33.9467,27.19,24.5,3088,15026710.0,3.673596836451631e-05
2024-05-24,11:56:42,33.9531,27.19,24.5,3089,15026710.0,3.66772587895367e-05
2024-05-24,11:56:42,33.9595,27.19,24.5,3090,15026709.0,3.661864304124377e-05
2024-05-24,11:56:42,33.9661,27.19,24.5,3090,15026709.0,3.661864304124377e-05
2024-05-24,11:56:42,33.9726,27.19,24.5,3090,15026710.0,3.661864304124377e-05
2024-05-24,11:56:42,33.9791,27.19,24.5,3090,15026710.0,3.661864304124377e-05
2024-05-24,11:56:42,33.9857,27.19,24.5,3089,15026710.0,3.66772587895367e-05
2024-05-24,11:56:42,33.9922,27.19,24.5,3089,15026710.0,3.66772587895367e-05
2024-05-24,11:56:42,33.9987,27.19,24.5,3089,15026710.0,3.66772587895367e-05
2024-05-24,11:56:42,34.0051,27.19,24.5,3089,15026710.0,3.66772587895367e-05
2024-05-24,11:56:42,34.0115,27.19,24.5,3089,15026710.0,3.66772587895367e-05
2024-05-24,11:56:42,34.018,27.19,24.5,3089,15026710.0,3.66772587895367e-05
2024-05-24,11:56:42,34.0246,27.19,24.5,3089,15026710.0,3.66772587895367e-05
2024-05-24,11:56:42,34.0311,27.19,24.5,3089,15026710.0,3.66772587895367e-05
2024-05-24,11:56:42,34.0375,27.19,24.5,3089,15026710.0,3.66772587895367e-05
2024-05-24,11:56:42,34.044,27.19,24.5,3089,15026710.0,3.66772587895367e-05
2024-05-24,11:56:42,34.0505,27.19,24.5,3089,15026710.0,3.66772587895367e-05
2024-05-24,11:56:42,34.0569,27.19,24.5,3089,15026710.0,3.66772587895367e-05
2024-05-24,11:56:42,34.0635,27.19,24.5,3090,15026710.0,3.661864304124377e-05
2024-05-24,11:56:42,34.07,27.19,24.5,3090,15026710.0,3.661864304124377e-05
2024-05-24,11:56:42,34.0764,27.19,24.5,3089,15026710.0,3.66772587895367e-05
2024-05-24,11:56:42,34.0828,27.19,24.5,3089,15026710.0,3.66772587895367e-05
2024-05-24,11:56:42,34.0893,27.19,24.5,3089,15026710.0,3.66772587895367e-05
2024-05-24,11:56:42,34.0959,27.19,24.5,3088,15026709.0,3.673596836451631e-05
2024-05-24,11:56:42,34.1023,27.19,24.5,3088,15026709.0,3.673596836451631e-05
2024-05-24,11:56:42,34.1088,27.19,24.5,3089,15026710.0,3.66772587895367e-05
2024-05-24,11:56:42,34.1153,27.19,24.5,3089,15026710.0,3.66772587895367e-05
2024-05-24,11:56:42,34.1217,27.19,24.5,3089,15026710.0,3.66772587895367e-05
2024-05-24,11:56:42,34.1282,27.19,24.5,3090,15026710.0,3.661864304124377e-05
2024-05-24,11:56:42,34.1348,27.19,24.5,3090,15026710.0,3.661864304124377e-05
2024-05-24,11:56:42,34.1413,27.19,24.5,3089,15026710.0,3.66772587895367e-05
2024-05-24,11:56:42,34.1477,27.19,24.5,3089,15026710.0,3.66772587895367e-05
2024-05-24,11:56:42,34.1541,27.19,24.5,3089,15026710.0,3.66772587895367e-05
2024-05-24,11:56:42,34.1608,27.19,24.5,3088,15026710.0,3.673596836451631e-05
2024-05-24,11:56:42,34.1673,27.19,24.5,3088,15026710.0,3.673596836451631e-05
2024-05-24,11:56:42,34.1737,27.19,24.5,3088,15026709.0,3.673596836451631e-05
2024-05-24,11:56:42,34.1802,27.19,24.5,3088,15026710.0,3.673596836451631e-05
2024-05-24,11:56:42,34.1867,27.19,24.5,3088,15026710.0,3.673596836451631e-05
2024-05-24,11:56:42,34.1931,27.19,24.5,3088,15026710.0,3.673596836451631e-05
2024-05-24,11:56:42,34.1995,27.19,24.5,3089,15026710.0,3.66772587895367e-05
2024-05-24,11:56:42,34.2061,27.19,24.5,3089,15026710.0,3.66772587895367e-05
2024-05-24,11:56:42,34.2126,27.19,24.5,3089,15026710.0,3.66772587895367e-05
2024-05-24,11:56:42,34.2191,27.19,24.5,3089,15026710.0,3.66772587895367e-05
2024-05-24,11:56:42,34.2255,27.19,24.5,3088,15026709.0,3.673596836451631e-05
2024-05-24,11:56:42,34.2319,27.19,24.5,3088,15026710.0,3.673596836451631e-05
2024-05-24,11:56:42,34.2386,27.19,24.5,3089,15026710.0,3.66772587895367e-05
2024-05-24,11:56:42,34.2451,27.25,24.75,3089,15026710.0,3.66772587895367e-05
2024-05-24,11:56:42,34.2515,27.25,24.75,3088,15026710.0,3.673596836451631e-05
2024-05-24,11:56:42,34.258,27.25,24.75,3088,15026709.0,3.673596836451631e-05
2024-05-24,11:56:42,34.2646,27.25,24.75,3088,15026709.0,3.673596836451631e-05
2024-05-24,11:56:42,34.2711,27.25,24.75,3088,15026709.0,3.673596836451631e-05
2024-05-24,11:56:42,34.2775,27.25,24.75,3088,15026709.0,3.673596836451631e-05
2024-05-24,11:56:42,34.284,27.25,24.75,3089,15026709.0,3.66772587895367e-05
2024-05-24,11:56:42,34.2905,27.25,24.75,3089,15026709.0,3.66772587895367e-05
2024-05-24,11:56:42,34.2971,27.25,24.75,3088,15026710.0,3.673596836451631e-05
2024-05-24,11:56:42,34.3036,27.25,24.75,3089,15026710.0,3.66772587895367e-05
2024-05-24,11:56:42,34.31,27.25,24.75,3089,15026709.0,3.66772587895367e-05
2024-05-24,11:56:42,34.3167,27.25,24.75,3089,15026710.0,3.66772587895367e-05
2024-05-24,11:56:42,34.3232,27.25,24.75,3089,15026709.0,3.66772587895367e-05
2024-05-24,11:56:42,34.3296,27.25,24.75,3088,15026710.0,3.673596836451631e-05
2024-05-24,11:56:42,34.336,27.25,24.75,3089,15026710.0,3.66772587895367e-05
2024-05-24,11:56:42,34.3424,27.25,24.75,3090,15026710.0,3.661864304124377e-05
2024-05-24,11:56:42,34.3489,27.25,24.75,3089,15026710.0,3.66772587895367e-05
2024-05-24,11:56:42,34.3554,27.25,24.75,3089,15026709.0,3.66772587895367e-05
2024-05-24,11:56:42,34.362,27.25,24.75,3089,15026709.0,3.66772587895367e-05
2024-05-24,11:56:42,34.3685,27.25,24.75,3088,15026709.0,3.673596836451631e-05
2024-05-24,11:56:42,34.375,27.25,24.75,3088,15026709.0,3.673596836451631e-05
2024-05-24,11:56:42,34.3816,27.25,24.75,3088,15026709.0,3.673596836451631e-05
2024-05-24,11:56:42,34.388,27.25,24.75,3088,15026710.0,3.673596836451631e-05
2024-05-24,11:56:42,34.3944,27.25,24.75,3088,15026710.0,3.673596836451631e-05
2024-05-24,11:56:42,34.4009,27.25,24.75,3088,15026710.0,3.673596836451631e-05
2024-05-24,11:56:42,34.4074,27.25,24.75,3088,15026709.0,3.673596836451631e-05
2024-05-24,11:56:42,34.4139,27.25,24.75,3088,15026709.0,3.673596836451631e-05
2024-05-24,11:56:42,34.4205,27.25,24.75,3088,15026709.0,3.673596836451631e-05
2024-05-24,11:56:42,34.427,27.25,24.75,3088,15026709.0,3.673596836451631e-05
2024-05-24,11:56:42,34.4335,27.25,24.75,3088,15026709.0,3.673596836451631e-05
2024-05-24,11:56:42,34.4401,27.25,24.75,3088,15026709.0,3.673596836451631e-05
2024-05-24,11:56:42,34.4465,27.25,24.75,3089,15026710.0,3.66772587895367e-05
2024-05-24,11:56:42,34.4529,27.25,24.75,3089,15026710.0,3.66772587895367e-05
2024-05-24,11:56:42,34.4594,27.25,24.75,3088,15026709.0,3.673596836451631e-05
2024-05-24,11:56:42,34.4659,27.25,24.75,3088,15026709.0,3.673596836451631e-05
2024-05-24,11:56:42,34.4724,27.25,24.75,3088,15026709.0,3.673596836451631e-05
2024-05-24,11:56:42,34.4788,27.25,24.75,3088,15026709.0,3.673596836451631e-05
2024-05-24,11:56:42,34.4854,27.25,24.75,3088,15026709.0,3.673596836451631e-05
2024-05-24,11:56:42,34.492,27.25,24.75,3088,15026709.0,3.673596836451631e-05
2024-05-24,11:56:42,34.4984,27.25,24.75,3089,15026710.0,3.66772587895367e-05
2024-05-24,11:56:42,34.5048,27.25,24.75,3089,15026710.0,3.66772587895367e-05
2024-05-24,11:56:42,34.5113,27.25,24.75,3089,15026710.0,3.66772587895367e-05
2024-05-24,11:56:42,34.5179,27.25,24.75,3089,15026711.0,3.66772587895367e-05
2024-05-24,11:56:42,34.5244,27.25,24.75,3088,15026709.0,3.673596836451631e-05
2024-05-24,11:56:42,34.5308,27.25,24.75,3088,15026709.0,3.673596836451631e-05
2024-05-24,11:56:42,34.5372,27.25,24.75,3088,15026709.0,3.673596836451631e-05
2024-05-24,11:56:42,34.5437,27.25,24.75,3088,15026710.0,3.673596836451631e-05
2024-05-24,11:56:42,34.5503,27.25,24.75,3088,15026710.0,3.673596836451631e-05
2024-05-24,11:56:42,34.5568,27.25,24.75,3088,15026710.0,3.673596836451631e-05
2024-05-24,11:56:42,34.5633,27.25,24.75,3088,15026710.0,3.673596836451631e-05
2024-05-24,11:56:42,34.5698,27.25,24.75,3088,15026710.0,3.673596836451631e-05
2024-05-24,11:56:42,34.5762,27.25,24.75,3088,15026709.0,3.673596836451631e-05
2024-05-24,11:56:42,34.5826,27.25,24.75,3089,15026708.0,3.66772587895367e-05
2024-05-24,11:56:42,34.5892,27.25,24.75,3089,15026709.0,3.66772587895367e-05
2024-05-24,11:56:42,34.5957,27.25,24.75,3088,15026709.0,3.673596836451631e-05
2024-05-24,11:56:42,34.6022,27.25,24.75,3088,15026710.0,3.673596836451631e-05
2024-05-24,11:56:42,34.6086,27.25,24.75,3088,15026710.0,3.673596836451631e-05
2024-05-24,11:56:42,34.615,27.25,24.75,3088,15026709.0,3.673596836451631e-05
2024-05-24,11:56:42,34.6216,27.25,24.75,3088,15026709.0,3.673596836451631e-05
2024-05-24,11:56:42,34.6281,27.25,24.75,3088,15026709.0,3.673596836451631e-05
2024-05-24,11:56:42,34.6346,27.25,24.75,3088,15026709.0,3.673596836451631e-05
2024-05-24,11:56:42,34.6411,27.25,24.75,3088,15026709.0,3.673596836451631e-05
2024-05-24,11:56:42,34.6477,27.25,24.75,3088,15026709.0,3.673596836451631e-05
2024-05-24,11:56:42,34.6542,27.25,24.75,3088,15026710.0,3.673596836451631e-05
2024-05-24,11:56:42,34.6607,27.25,24.75,3088,15026710.0,3.673596836451631e-05
2024-05-24,11:56:42,34.6673,27.25,24.75,3088,15026710.0,3.673596836451631e-05
2024-05-24,11:56:42,34.6737,27.25,24.75,3088,15026710.0,3.673596836451631e-05
2024-05-24,11:56:42,34.6801,27.25,24.75,3088,15026709.0,3.673596836451631e-05
2024-05-24,11:56:42,34.6866,27.25,24.75,3088,15026708.0,3.673596836451631e-05
2024-05-24,11:56:42,34.6931,27.25,24.75,3088,15026710.0,3.673596836451631e-05
2024-05-24,11:56:42,34.6996,27.25,24.75,3088,15026710.0,3.673596836451631e-05
2024-05-24,11:56:42,34.7062,27.25,24.75,3089,15026710.0,3.66772587895367e-05
2024-05-24,11:56:42,34.7126,27.25,24.75,3089,15026710.0,3.66772587895367e-05
2024-05-24,11:56:42,34.7191,27.25,24.75,3088,15026710.0,3.673596836451631e-05
2024-05-24,11:56:42,34.7256,27.25,24.75,3088,15026709.0,3.673596836451631e-05
2024-05-24,11:56:42,34.732,27.25,24.75,3088,15026709.0,3.673596836451631e-05
2024-05-24,11:56:42,34.7385,27.25,24.75,3088,15026709.0,3.673596836451631e-05
2024-05-24,11:56:42,34.7451,27.25,24.75,3088,15026709.0,3.673596836451631e-05
2024-05-24,11:56:42,34.7516,27.25,24.5,3088,15026709.0,3.673596836451631e-05
2024-05-24,11:56:42,34.7581,27.25,24.5,3088,15026710.0,3.673596836451631e-05
2024-05-24,11:56:42,34.7645,27.25,24.5,3088,15026710.0,3.673596836451631e-05
2024-05-24,11:56:42,34.7709,27.25,24.5,3087,15026708.0,3.679477191637176e-05
2024-05-24,11:56:43,34.7775,27.25,24.5,3087,15026708.0,3.679477191637176e-05
2024-05-24,11:56:43,34.784,27.25,24.5,3088,15026709.0,3.673596836451631e-05
2024-05-24,11:56:43,34.7905,27.25,24.5,3088,15026708.0,3.673596836451631e-05
2024-05-24,11:56:43,34.797,27.25,24.5,3088,15026709.0,3.673596836451631e-05
2024-05-24,11:56:43,34.8034,27.25,24.5,3088,15026709.0,3.673596836451631e-05
2024-05-24,11:56:43,34.8098,27.25,24.5,3089,15026710.0,3.66772587895367e-05
2024-05-24,11:56:43,34.8164,27.25,24.5,3088,15026710.0,3.673596836451631e-05
2024-05-24,11:56:43,34.823,27.25,24.5,3087,15026709.0,3.679477191637176e-05
2024-05-24,11:56:43,34.8296,27.25,24.5,3088,15026709.0,3.673596836451631e-05
2024-05-24,11:56:43,34.836,27.25,24.5,3088,15026710.0,3.673596836451631e-05
2024-05-24,11:56:43,34.8425,27.25,24.5,3088,15026709.0,3.673596836451631e-05
2024-05-24,11:56:43,34.8489,27.25,24.5,3088,15026709.0,3.673596836451631e-05
2024-05-24,11:56:43,34.8553,27.25,24.5,3087,15026709.0,3.679477191637176e-05
2024-05-24,11:56:43,34.8619,27.25,24.5,3087,15026710.0,3.679477191637176e-05
2024-05-24,11:56:43,34.8685,27.25,24.5,3087,15026710.0,3.679477191637176e-05
2024-05-24,11:56:43,34.8749,27.25,24.5,3087,15026710.0,3.679477191637176e-05
2024-05-24,11:56:43,34.8814,27.25,24.5,3088,15026710.0,3.673596836451631e-05
2024-05-24,11:56:43,34.8879,27.25,24.5,3088,15026709.0,3.673596836451631e-05
2024-05-24,11:56:43,34.8943,27.25,24.5,3088,15026709.0,3.673596836451631e-05
2024-05-24,11:56:43,34.9007,27.25,24.5,3088,15026708.0,3.673596836451631e-05
2024-05-24,11:56:43,34.9073,27.25,24.5,3088,15026708.0,3.673596836451631e-05
2024-05-24,11:56:43,34.9139,27.25,24.5,3088,15026710.0,3.673596836451631e-05
2024-05-24,11:56:43,34.9204,27.25,24.5,3087,15026710.0,3.679477191637176e-05
2024-05-24,11:56:43,34.9268,27.25,24.5,3087,15026710.0,3.679477191637176e-05
2024-05-24,11:56:43,34.9332,27.25,24.5,3088,15026710.0,3.673596836451631e-05
2024-05-24,11:56:43,34.9398,27.25,24.5,3088,15026709.0,3.673596836451631e-05
2024-05-24,11:56:43,34.9463,27.25,24.5,3088,15026709.0,3.673596836451631e-05
2024-05-24,11:56:43,34.9527,27.25,24.5,3088,15026709.0,3.673596836451631e-05
2024-05-24,11:56:43,34.9592,27.25,24.5,3088,15026709.0,3.673596836451631e-05
2024-05-24,11:56:43,34.9657,27.25,24.5,3088,15026710.0,3.673596836451631e-05
2024-05-24,11:56:43,34.9723,27.25,24.5,3088,15026710.0,3.673596836451631e-05
2024-05-24,11:56:43,34.9788,27.25,24.5,3088,15026709.0,3.673596836451631e-05
2024-05-24,11:56:43,34.9852,27.25,24.5,3088,15026709.0,3.673596836451631e-05
2024-05-24,11:56:43,34.9916,27.25,24.5,3088,15026709.0,3.673596836451631e-05
2024-05-24,11:56:43,34.9983,27.25,24.5,3087,15026709.0,3.679477191637176e-05
2024-05-24,11:56:43,35.0048,27.25,24.5,3087,15026709.0,3.679477191637176e-05
2024-05-24,11:56:43,35.0112,27.25,24.5,3088,15026709.0,3.673596836451631e-05
2024-05-24,11:56:43,35.0177,27.25,24.5,3088,15026709.0,3.673596836451631e-05
2024-05-24,11:56:43,35.0242,27.25,24.5,3088,15026709.0,3.673596836451631e-05
2024-05-24,11:56:43,35.0308,27.25,24.5,3089,15026709.0,3.66772587895367e-05
2024-05-24,11:56:43,35.0372,27.25,24.5,3088,15026709.0,3.673596836451631e-05
2024-05-24,11:56:43,35.0436,27.25,24.5,3086,15026708.0,3.685366959553251e-05
2024-05-24,11:56:43,35.0501,27.25,24.5,3086,15026708.0,3.685366959553251e-05
2024-05-24,11:56:43,35.0566,27.25,24.5,3087,15026709.0,3.679477191637176e-05
2024-05-24,11:56:43,35.0632,27.25,24.5,3087,15026709.0,3.679477191637176e-05
2024-05-24,11:56:43,35.0697,27.25,24.5,3087,15026710.0,3.679477191637176e-05
2024-05-24,11:56:43,35.0762,27.25,24.5,3088,15026709.0,3.673596836451631e-05
2024-05-24,11:56:43,35.0826,27.25,24.5,3088,15026709.0,3.673596836451631e-05
2024-05-24,11:56:43,35.089,27.25,24.5,3088,15026709.0,3.673596836451631e-05
2024-05-24,11:56:43,35.0955,27.25,24.5,3088,15026709.0,3.673596836451631e-05
2024-05-24,11:56:43,35.1021,27.25,24.5,3088,15026708.0,3.673596836451631e-05
2024-05-24,11:56:43,35.1086,27.25,24.5,3088,15026708.0,3.673596836451631e-05
2024-05-24,11:56:43,35.1151,27.25,24.5,3087,15026709.0,3.679477191637176e-05
2024-05-24,11:56:43,35.1215,27.25,24.5,3087,15026710.0,3.679477191637176e-05
2024-05-24,11:56:43,35.1279,27.25,24.5,3087,15026710.0,3.679477191637176e-05
2024-05-24,11:56:43,35.1345,27.25,24.5,3087,15026709.0,3.679477191637176e-05
2024-05-24,11:56:43,35.141,27.25,24.5,3088,15026708.0,3.673596836451631e-05
2024-05-24,11:56:43,35.1475,27.25,24.5,3088,15026709.0,3.673596836451631e-05
2024-05-24,11:56:43,35.1539,27.25,24.5,3087,15026709.0,3.679477191637176e-05
2024-05-24,11:56:43,35.1604,27.25,24.5,3087,15026709.0,3.679477191637176e-05
2024-05-24,11:56:43,35.167,27.25,24.5,3087,15026709.0,3.679477191637176e-05
2024-05-24,11:56:43,35.1734,27.25,24.5,3087,15026709.0,3.679477191637176e-05
2024-05-24,11:56:43,35.1799,27.25,24.5,3087,15026709.0,3.679477191637176e-05
2024-05-24,11:56:43,35.1864,27.25,24.5,3086,15026708.0,3.685366959553251e-05
2024-05-24,11:56:43,35.1929,27.25,24.5,3086,15026708.0,3.685366959553251e-05
2024-05-24,11:56:43,35.1995,27.25,24.5,3087,15026709.0,3.679477191637176e-05
2024-05-24,11:56:43,35.206,27.25,24.5,3088,15026708.0,3.673596836451631e-05
2024-05-24,11:56:43,35.2125,27.25,24.5,3088,15026709.0,3.673596836451631e-05
2024-05-24,11:56:43,35.2189,27.25,24.5,3087,15026709.0,3.679477191637176e-05
2024-05-24,11:56:43,35.2253,27.25,24.5,3087,15026709.0,3.679477191637176e-05
2024-05-24,11:56:43,35.2319,27.25,24.5,3087,15026710.0,3.679477191637176e-05
2024-05-24,11:56:43,35.2384,27.25,24.5,3087,15026709.0,3.679477191637176e-05
2024-05-24,11:56:43,35.2449,27.25,24.5,3087,15026709.0,3.679477191637176e-05
2024-05-24,11:56:43,35.2514,27.25,24.5,3087,15026709.0,3.679477191637176e-05
2024-05-24,11:56:43,35.258,27.25,24.5,3087,15026709.0,3.679477191637176e-05
2024-05-24,11:56:43,35.2645,27.25,24.5,3086,15026708.0,3.685366959553251e-05
2024-05-24,11:56:43,35.271,27.25,24.5,3086,15026709.0,3.685366959553251e-05
2024-05-24,11:56:43,35.2774,27.25,24.5,3086,15026708.0,3.685366959553251e-05
2024-05-24,11:56:43,35.2838,27.25,24.5,3086,15026708.0,3.685366959553251e-05
2024-05-24,11:56:43,35.2904,27.25,24.5,3086,15026708.0,3.685366959553251e-05
2024-05-24,11:56:43,35.297,27.25,24.5,3086,15026708.0,3.685366959553251e-05
2024-05-24,11:56:43,35.3035,27.25,24.5,3087,15026709.0,3.679477191637176e-05
2024-05-24,11:56:43,35.3099,27.25,24.5,3087,15026709.0,3.679477191637176e-05
2024-05-24,11:56:43,35.3165,27.25,24.5,3086,15026708.0,3.685366959553251e-05
2024-05-24,11:56:43,35.323,27.25,24.5,3086,15026709.0,3.685366959553251e-05
2024-05-24,11:56:43,35.3295,27.25,24.5,3087,15026709.0,3.679477191637176e-05
2024-05-24,11:56:43,35.3359,27.25,24.5,3087,15026709.0,3.679477191637176e-05
2024-05-24,11:56:43,35.3425,27.25,24.5,3087,15026708.0,3.679477191637176e-05
2024-05-24,11:56:43,35.3491,27.25,24.5,3087,15026708.0,3.679477191637176e-05
2024-05-24,11:56:43,35.3555,27.25,24.5,3087,15026708.0,3.679477191637176e-05
2024-05-24,11:56:43,35.3619,27.25,24.5,3088,15026708.0,3.673596836451631e-05
2024-05-24,11:56:43,35.3684,27.25,24.5,3087,15026708.0,3.679477191637176e-05
2024-05-24,11:56:43,35.375,27.25,24.5,3087,15026708.0,3.679477191637176e-05
2024-05-24,11:56:43,35.3815,27.25,24.5,3087,15026708.0,3.679477191637176e-05
2024-05-24,11:56:43,35.388,27.25,24.5,3086,15026708.0,3.685366959553251e-05
2024-05-24,11:56:43,35.3945,27.25,24.5,3087,15026709.0,3.679477191637176e-05
2024-05-24,11:56:43,35.4011,27.25,24.5,3087,15026709.0,3.679477191637176e-05
2024-05-24,11:56:43,35.4075,27.25,24.5,3086,15026708.0,3.685366959553251e-05
2024-05-24,11:56:43,35.4139,27.25,24.5,3086,15026708.0,3.685366959553251e-05
2024-05-24,11:56:43,35.4204,27.25,24.5,3087,15026709.0,3.679477191637176e-05
2024-05-24,11:56:43,35.4269,27.25,24.5,3087,15026709.0,3.679477191637176e-05
2024-05-24,11:56:43,35.4335,27.25,24.5,3087,15026709.0,3.679477191637176e-05
2024-05-24,11:56:43,35.44,27.25,24.5,3087,15026709.0,3.679477191637176e-05
2024-05-24,11:56:43,35.4465,27.25,24.5,3086,15026708.0,3.685366959553251e-05
2024-05-24,11:56:43,35.4529,27.25,24.5,3086,15026707.0,3.685366959553251e-05
2024-05-24,11:56:43,35.4594,27.25,24.5,3086,15026708.0,3.685366959553251e-05
2024-05-24,11:56:43,35.4661,27.25,24.5,3086,15026708.0,3.685366959553251e-05
2024-05-24,11:56:43,35.4726,27.25,24.5,3087,15026709.0,3.679477191637176e-05
2024-05-24,11:56:43,35.479,27.25,24.5,3087,15026708.0,3.679477191637176e-05
2024-05-24,11:56:43,35.4854,27.25,24.5,3086,15026708.0,3.685366959553251e-05
2024-05-24,11:56:43,35.492,27.25,24.5,3086,15026708.0,3.685366959553251e-05
2024-05-24,11:56:43,35.4985,27.25,24.5,3086,15026708.0,3.685366959553251e-05
2024-05-24,11:56:43,35.505,27.25,24.5,3086,15026708.0,3.685366959553251e-05
2024-05-24,11:56:43,35.5115,27.25,24.5,3086,15026708.0,3.685366959553251e-05
2024-05-24,11:56:43,35.5181,27.25,24.5,3086,15026708.0,3.685366959553251e-05
2024-05-24,11:56:43,35.5246,27.25,24.5,3086,15026708.0,3.685366959553251e-05
2024-05-24,11:56:43,35.5311,27.25,24.5,3086,15026708.0,3.685366959553251e-05
2024-05-24,11:56:43,35.5375,27.25,24.5,3086,15026708.0,3.685366959553251e-05
2024-05-24,11:56:43,35.5439,27.25,24.5,3086,15026708.0,3.685366959553251e-05
2024-05-24,11:56:43,35.5505,27.25,24.5,3086,15026708.0,3.685366959553251e-05
2024-05-24,11:56:43,35.557,27.25,24.5,3086,15026707.0,3.685366959553251e-05
2024-05-24,11:56:43,35.5635,27.25,24.5,3086,15026707.0,3.685366959553251e-05
2024-05-24,11:56:43,35.57,27.25,24.5,3086,15026708.0,3.685366959553251e-05
2024-05-24,11:56:43,35.5766,27.25,24.5,3086,15026708.0,3.685366959553251e-05
2024-05-24,11:56:43,35.5831,27.25,24.5,3086,15026708.0,3.685366959553251e-05
2024-05-24,11:56:43,35.5896,27.25,24.5,3086,15026708.0,3.685366959553251e-05
2024-05-24,11:56:43,35.596,27.25,24.5,3086,15026707.0,3.685366959553251e-05
2024-05-24,11:56:43,35.6024,27.25,24.5,3086,15026707.0,3.685366959553251e-05
2024-05-24,11:56:43,35.6089,27.25,24.5,3086,15026707.0,3.685366959553251e-05
2024-05-24,11:56:43,35.6155,27.25,24.5,3086,15026708.0,3.685366959553251e-05
2024-05-24,11:56:43,35.622,27.25,24.5,3086,15026708.0,3.685366959553251e-05
2024-05-24,11:56:43,35.6285,27.25,24.5,3086,15026708.0,3.685366959553251e-05
2024-05-24,11:56:43,35.6351,27.25,24.5,3086,15026708.0,3.685366959553251e-05
2024-05-24,11:56:43,35.6416,27.25,24.5,3086,15026708.0,3.685366959553251e-05
2024-05-24,11:56:43,35.6481,27.25,24.5,3086,15026708.0,3.685366959553251e-05
2024-05-24,11:56:43,35.6546,27.25,24.5,3086,15026708.0,3.685366959553251e-05
2024-05-24,11:56:43,35.661,27.25,24.5,3086,15026708.0,3.685366959553251e-05
2024-05-24,11:56:43,35.6674,27.25,24.5,3086,15026708.0,3.685366959553251e-05
2024-05-24,11:56:43,35.674,27.25,24.5,3086,15026709.0,3.685366959553251e-05
2024-05-24,11:56:43,35.6805,27.25,24.5,3086,15026708.0,3.685366959553251e-05
2024-05-24,11:56:43,35.687,27.25,24.5,3086,15026708.0,3.685366959553251e-05
2024-05-24,11:56:43,35.6936,27.25,24.5,3086,15026707.0,3.685366959553251e-05
2024-05-24,11:56:43,35.7001,27.25,24.5,3086,15026707.0,3.685366959553251e-05
2024-05-24,11:56:43,35.7066,27.25,24.5,3086,15026708.0,3.685366959553251e-05
2024-05-24,11:56:43,35.7131,27.25,24.5,3086,15026708.0,3.685366959553251e-05
2024-05-24,11:56:43,35.7197,27.25,24.5,3086,15026707.0,3.685366959553251e-05
2024-05-24,11:56:43,35.7261,27.25,24.5,3086,15026708.0,3.685366959553251e-05
2024-05-24,11:56:43,35.7326,27.25,24.5,3086,15026708.0,3.685366959553251e-05
2024-05-24,11:56:43,35.7391,27.25,24.5,3085,15026708.0,3.691266155266892e-05
2024-05-24,11:56:43,35.7455,27.25,24.5,3085,15026708.0,3.691266155266892e-05
2024-05-24,11:56:43,35.7521,27.25,24.5,3086,15026707.0,3.685366959553251e-05
2024-05-24,11:56:43,35.7586,27.25,24.5,3086,15026708.0,3.685366959553251e-05
2024-05-24,11:56:43,35.7651,27.25,24.5,3085,15026709.0,3.691266155266892e-05
2024-05-24,11:56:43,35.7716,27.25,24.5,3085,15026708.0,3.691266155266892e-05
2024-05-24,11:56:44,35.7782,27.25,24.5,3086,15026708.0,3.685366959553251e-05
2024-05-24,11:56:44,35.7847,27.25,24.5,3086,15026707.0,3.685366959553251e-05
2024-05-24,11:56:44,35.7912,27.25,24.5,3085,15026708.0,3.691266155266892e-05
2024-05-24,11:56:44,35.7977,27.25,24.5,3085,15026709.0,3.691266155266892e-05
2024-05-24,11:56:44,35.8043,27.25,24.5,3086,15026709.0,3.685366959553251e-05
2024-05-24,11:56:44,35.8107,27.25,24.5,3086,15026708.0,3.685366959553251e-05
2024-05-24,11:56:44,35.8171,27.25,24.5,3086,15026708.0,3.685366959553251e-05
2024-05-24,11:56:44,35.8236,27.25,24.5,3086,15026708.0,3.685366959553251e-05
2024-05-24,11:56:44,35.8301,27.25,24.5,3086,15026707.0,3.685366959553251e-05
2024-05-24,11:56:44,35.8367,27.25,24.5,3086,15026707.0,3.685366959553251e-05
2024-05-24,11:56:44,35.8432,27.25,24.5,3086,15026707.0,3.685366959553251e-05
2024-05-24,11:56:44,35.8497,27.25,24.5,3086,15026708.0,3.685366959553251e-05
2024-05-24,11:56:44,35.8562,27.25,24.5,3086,15026708.0,3.685366959553251e-05
2024-05-24,11:56:44,35.8628,27.25,24.5,3086,15026707.0,3.685366959553251e-05
2024-05-24,11:56:44,35.8692,27.25,24.5,3085,15026708.0,3.691266155266892e-05
2024-05-24,11:56:44,35.8756,27.25,24.5,3085,15026708.0,3.691266155266892e-05
2024-05-24,11:56:44,35.8821,27.25,24.5,3085,15026708.0,3.691266155266892e-05
2024-05-24,11:56:44,35.8886,27.25,24.5,3085,15026707.0,3.691266155266892e-05
2024-05-24,11:56:44,35.8952,27.25,24.5,3085,15026707.0,3.691266155266892e-05
2024-05-24,11:56:44,35.9017,27.25,24.5,3085,15026708.0,3.691266155266892e-05
2024-05-24,11:56:44,35.9082,27.25,24.5,3085,15026708.0,3.691266155266892e-05
2024-05-24,11:56:44,35.9147,27.25,24.5,3085,15026708.0,3.691266155266892e-05
2024-05-24,11:56:44,35.9211,27.25,24.5,3086,15026707.0,3.685366959553251e-05
2024-05-24,11:56:44,35.9277,27.25,24.5,3085,15026706.0,3.691266155266892e-05
2024-05-24,11:56:44,35.9342,27.25,24.5,3084,15026707.0,3.697174793869244e-05
2024-05-24,11:56:44,35.9407,27.25,24.5,3085,15026708.0,3.691266155266892e-05
2024-05-24,11:56:44,35.9473,27.25,24.5,3085,15026708.0,3.691266155266892e-05
2024-05-24,11:56:44,35.9537,27.25,24.5,3085,15026707.0,3.691266155266892e-05
2024-05-24,11:56:44,35.9602,27.25,24.5,3085,15026708.0,3.691266155266892e-05
2024-05-24,11:56:44,35.9667,27.25,24.5,3085,15026707.0,3.691266155266892e-05
2024-05-24,11:56:44,35.9732,27.25,24.5,3086,15026707.0,3.685366959553251e-05
2024-05-24,11:56:44,35.9798,27.25,24.5,3085,15026707.0,3.691266155266892e-05
2024-05-24,11:56:44,35.9862,27.25,24.5,3085,15026708.0,3.691266155266892e-05
2024-05-24,11:56:44,35.9926,27.25,24.5,3086,15026707.0,3.685366959553251e-05
2024-05-24,11:56:44,35.9991,27.25,24.5,3086,15026707.0,3.685366959553251e-05
2024-05-24,11:56:44,36.0056,27.25,24.5,3086,15026707.0,3.685366959553251e-05
2024-05-24,11:56:44,36.0121,27.25,24.5,3085,15026707.0,3.691266155266892e-05
2024-05-24,11:56:44,36.0187,27.25,24.5,3085,15026707.0,3.691266155266892e-05
2024-05-24,11:56:44,36.0251,27.25,24.5,3085,15026707.0,3.691266155266892e-05
2024-05-24,11:56:44,36.0316,27.25,24.5,3085,15026707.0,3.691266155266892e-05
2024-05-24,11:56:44,36.0383,27.25,24.5,3085,15026707.0,3.691266155266892e-05
2024-05-24,11:56:44,36.0448,27.25,24.5,3085,15026707.0,3.691266155266892e-05
2024-05-24,11:56:44,36.0513,27.25,24.5,3085,15026707.0,3.691266155266892e-05
2024-05-24,11:56:44,36.0577,27.25,24.5,3085,15026708.0,3.691266155266892e-05
2024-05-24,11:56:44,36.0641,27.25,24.5,3085,15026708.0,3.691266155266892e-05
2024-05-24,11:56:44,36.0706,27.25,24.5,3085,15026707.0,3.691266155266892e-05
2024-05-24,11:56:44,36.0772,27.25,24.5,3085,15026707.0,3.691266155266892e-05
2024-05-24,11:56:44,36.0837,27.25,24.5,3085,15026708.0,3.691266155266892e-05
2024-05-24,11:56:44,36.0902,27.25,24.5,3085,15026708.0,3.691266155266892e-05
2024-05-24,11:56:44,36.0968,27.25,24.5,3084,15026707.0,3.697174793869244e-05
2024-05-24,11:56:44,36.1033,27.25,24.5,3084,15026707.0,3.697174793869244e-05
2024-05-24,11:56:44,36.1098,27.25,24.5,3085,15026707.0,3.691266155266892e-05
2024-05-24,11:56:44,36.1163,27.25,24.5,3085,15026707.0,3.691266155266892e-05
2024-05-24,11:56:44,36.1227,27.25,24.5,3085,15026708.0,3.691266155266892e-05
2024-05-24,11:56:44,36.1291,27.25,24.5,3085,15026708.0,3.691266155266892e-05
2024-05-24,11:56:44,36.1357,27.25,24.5,3085,15026708.0,3.691266155266892e-05
2024-05-24,11:56:44,36.1422,27.25,24.5,3086,15026707.0,3.685366959553251e-05
2024-05-24,11:56:44,36.1487,27.25,24.5,3085,15026706.0,3.691266155266892e-05
2024-05-24,11:56:44,36.1551,27.25,24.5,3085,15026706.0,3.691266155266892e-05
2024-05-24,11:56:44,36.1617,27.25,24.5,3085,15026706.0,3.691266155266892e-05
2024-05-24,11:56:44,36.1683,27.25,24.5,3084,15026707.0,3.697174793869244e-05
2024-05-24,11:56:44,36.1747,27.25,24.5,3084,15026707.0,3.697174793869244e-05
2024-05-24,11:56:44,36.1811,27.25,24.5,3084,15026707.0,3.697174793869244e-05
2024-05-24,11:56:44,36.1876,27.25,24.5,3084,15026707.0,3.697174793869244e-05
2024-05-24,11:56:44,36.1942,27.25,24.5,3084,15026708.0,3.697174793869244e-05
2024-05-24,11:56:44,36.2007,27.25,24.5,3084,15026707.0,3.697174793869244e-05
2024-05-24,11:56:44,36.2072,27.25,24.5,3084,15026707.0,3.697174793869244e-05
2024-05-24,11:56:44,36.2137,27.25,24.5,3084,15026707.0,3.697174793869244e-05
2024-05-24,11:56:44,36.2203,27.25,24.5,3085,15026706.0,3.691266155266892e-05
2024-05-24,11:56:44,36.2268,27.25,24.5,3086,15026707.0,3.685366959553251e-05
2024-05-24,11:56:44,36.2333,27.25,24.5,3085,15026708.0,3.691266155266892e-05
2024-05-24,11:56:44,36.2399,27.25,24.5,3084,15026708.0,3.697174793869244e-05
2024-05-24,11:56:44,36.2463,27.25,24.5,3084,15026707.0,3.697174793869244e-05
2024-05-24,11:56:44,36.2527,27.25,24.5,3085,15026708.0,3.691266155266892e-05
2024-05-24,11:56:44,36.2592,27.25,24.5,3085,15026707.0,3.691266155266892e-05
2024-05-24,11:56:44,36.2657,27.25,24.75,3084,15026706.0,3.697174793869244e-05
2024-05-24,11:56:44,36.2722,27.25,24.75,3084,15026707.0,3.697174793869244e-05
2024-05-24,11:56:44,36.2788,27.25,24.75,3084,15026707.0,3.697174793869244e-05
2024-05-24,11:56:44,36.2853,27.25,24.75,3084,15026707.0,3.697174793869244e-05
2024-05-24,11:56:44,36.2918,27.25,24.75,3084,15026707.0,3.697174793869244e-05
2024-05-24,11:56:44,36.2982,27.25,24.75,3084,15026707.0,3.697174793869244e-05
2024-05-24,11:56:44,36.3048,27.25,24.75,3084,15026706.0,3.697174793869244e-05
2024-05-24,11:56:44,36.3114,27.25,24.75,3085,15026706.0,3.691266155266892e-05
2024-05-24,11:56:44,36.3179,27.25,24.75,3086,15026707.0,3.685366959553251e-05
2024-05-24,11:56:44,36.3243,27.25,24.75,3085,15026708.0,3.691266155266892e-05
2024-05-24,11:56:44,36.3307,27.25,24.75,3084,15026706.0,3.697174793869244e-05
2024-05-24,11:56:44,36.3374,27.25,24.75,3083,15026707.0,3.703092890475619e-05
2024-05-24,11:56:44,36.3439,27.25,24.75,3083,15026707.0,3.703092890475619e-05
2024-05-24,11:56:44,36.3503,27.25,24.75,3084,15026706.0,3.697174793869244e-05
2024-05-24,11:56:44,36.3569,27.25,24.75,3084,15026707.0,3.697174793869244e-05
2024-05-24,11:56:44,36.3634,27.25,24.75,3084,15026707.0,3.697174793869244e-05
2024-05-24,11:56:44,36.3699,27.25,24.75,3085,15026707.0,3.691266155266892e-05
2024-05-24,11:56:44,36.3764,27.25,24.75,3086,15026707.0,3.685366959553251e-05
2024-05-24,11:56:44,36.383,27.25,24.75,3085,15026707.0,3.691266155266892e-05
2024-05-24,11:56:44,36.3895,27.25,24.75,3084,15026706.0,3.697174793869244e-05
2024-05-24,11:56:44,36.396,27.25,24.75,3084,15026706.0,3.697174793869244e-05
2024-05-24,11:56:44,36.4025,27.25,24.75,3083,15026707.0,3.703092890475619e-05
2024-05-24,11:56:44,36.4091,27.25,24.75,3083,15026706.0,3.703092890475619e-05
2024-05-24,11:56:44,36.4156,27.25,24.75,3084,15026706.0,3.697174793869244e-05
2024-05-24,11:56:44,36.4221,27.25,24.75,3085,15026707.0,3.691266155266892e-05
2024-05-24,11:56:44,36.4285,27.25,24.75,3084,15026708.0,3.697174793869244e-05
2024-05-24,11:56:44,36.4349,27.25,24.75,3083,15026708.0,3.703092890475619e-05
2024-05-24,11:56:44,36.4415,27.25,24.75,3084,15026707.0,3.697174793869244e-05
2024-05-24,11:56:44,36.448,27.25,24.75,3084,15026706.0,3.697174793869244e-05
2024-05-24,11:56:44,36.4546,27.25,24.75,3084,15026707.0,3.697174793869244e-05
2024-05-24,11:56:44,36.4612,27.25,24.75,3084,15026707.0,3.697174793869244e-05
2024-05-24,11:56:44,36.4676,27.25,24.75,3084,15026707.0,3.697174793869244e-05
2024-05-24,11:56:44,36.4741,27.25,24.75,3084,15026706.0,3.697174793869244e-05
2024-05-24,11:56:44,36.4806,27.25,24.75,3084,15026706.0,3.697174793869244e-05
2024-05-24,11:56:44,36.4872,27.25,24.75,3084,15026707.0,3.697174793869244e-05
2024-05-24,11:56:44,36.4937,27.25,24.75,3084,15026707.0,3.697174793869244e-05
2024-05-24,11:56:44,36.5002,27.25,24.75,3084,15026706.0,3.697174793869244e-05
2024-05-24,11:56:44,36.5067,27.25,24.75,3084,15026707.0,3.697174793869244e-05
2024-05-24,11:56:44,36.5133,27.25,24.75,3084,15026706.0,3.697174793869244e-05
2024-05-24,11:56:44,36.5198,27.25,24.75,3084,15026706.0,3.697174793869244e-05
2024-05-24,11:56:44,36.5263,27.25,24.75,3084,15026707.0,3.697174793869244e-05
2024-05-24,11:56:44,36.5327,27.25,24.75,3084,15026707.0,3.697174793869244e-05
2024-05-24,11:56:44,36.5393,27.25,24.75,3084,15026706.0,3.697174793869244e-05
2024-05-24,11:56:44,36.5459,27.25,24.75,3084,15026706.0,3.697174793869244e-05
2024-05-24,11:56:44,36.5524,27.25,24.75,3084,15026706.0,3.697174793869244e-05
2024-05-24,11:56:44,36.559,27.25,24.75,3084,15026706.0,3.697174793869244e-05
2024-05-24,11:56:44,36.5655,27.25,24.75,3084,15026707.0,3.697174793869244e-05
2024-05-24,11:56:44,36.572,27.25,24.75,3084,15026707.0,3.697174793869244e-05
2024-05-24,11:56:44,36.5784,27.25,24.75,3084,15026707.0,3.697174793869244e-05
2024-05-24,11:56:44,36.5848,27.25,24.75,3084,15026707.0,3.697174793869244e-05
2024-05-24,11:56:44,36.5913,27.25,24.75,3084,15026706.0,3.697174793869244e-05
2024-05-24,11:56:44,36.5979,27.25,24.75,3084,15026706.0,3.697174793869244e-05
2024-05-24,11:56:44,36.6044,27.25,24.75,3084,15026706.0,3.697174793869244e-05
2024-05-24,11:56:44,36.6109,27.25,24.75,3084,15026706.0,3.697174793869244e-05
2024-05-24,11:56:44,36.6175,27.25,24.75,3084,15026706.0,3.697174793869244e-05
2024-05-24,11:56:44,36.624,27.25,24.75,3084,15026707.0,3.697174793869244e-05
2024-05-24,11:56:44,36.6305,27.25,24.75,3084,15026707.0,3.697174793869244e-05
2024-05-24,11:56:44,36.637,27.25,24.75,3084,15026707.0,3.697174793869244e-05
2024-05-24,11:56:44,36.6436,27.25,24.75,3083,15026706.0,3.703092890475619e-05
2024-05-24,11:56:44,36.65,27.25,24.75,3082,15026706.0,3.709020460225511e-05
2024-05-24,11:56:44,36.6565,27.25,24.75,3083,15026707.0,3.703092890475619e-05
2024-05-24,11:56:44,36.6632,27.25,24.75,3084,15026706.0,3.697174793869244e-05
2024-05-24,11:56:44,36.6697,27.25,24.75,3084,15026706.0,3.697174793869244e-05
2024-05-24,11:56:44,36.6761,27.25,24.75,3084,15026707.0,3.697174793869244e-05
2024-05-24,11:56:44,36.6826,27.25,24.75,3084,15026707.0,3.697174793869244e-05
2024-05-24,11:56:44,36.6891,27.25,24.75,3084,15026707.0,3.697174793869244e-05
2024-05-24,11:56:44,36.6955,27.25,24.75,3084,15026706.0,3.697174793869244e-05
2024-05-24,11:56:44,36.7021,27.25,24.75,3084,15026706.0,3.697174793869244e-05
2024-05-24,11:56:44,36.7086,27.25,24.75,3084,15026706.0,3.697174793869244e-05
2024-05-24,11:56:44,36.7153,27.25,24.75,3084,15026707.0,3.697174793869244e-05
2024-05-24,11:56:44,36.7218,27.25,24.75,3083,15026706.0,3.703092890475619e-05
2024-05-24,11:56:44,36.7282,27.25,24.75,3083,15026706.0,3.703092890475619e-05
2024-05-24,11:56:44,36.7347,27.25,24.75,3083,15026707.0,3.703092890475619e-05
2024-05-24,11:56:44,36.7412,27.25,24.75,3083,15026707.0,3.703092890475619e-05
2024-05-24,11:56:44,36.7478,27.25,24.75,3083,15026706.0,3.703092890475619e-05
2024-05-24,11:56:44,36.7543,27.25,24.75,3082,15026706.0,3.709020460225511e-05
2024-05-24,11:56:44,36.7608,27.25,24.75,3083,15026706.0,3.703092890475619e-05
2024-05-24,11:56:44,36.7673,27.25,24.5,3084,15026706.0,3.697174793869244e-05
2024-05-24,11:56:44,36.7739,27.25,24.5,3084,15026706.0,3.697174793869244e-05
2024-05-24,11:56:45,36.7804,27.25,24.5,3083,15026707.0,3.703092890475619e-05
2024-05-24,11:56:45,36.7869,27.25,24.5,3082,15026707.0,3.709020460225511e-05
2024-05-24,11:56:45,36.7935,27.25,24.5,3082,15026706.0,3.709020460225511e-05
2024-05-24,11:56:45,36.8,27.25,24.5,3083,15026707.0,3.703092890475619e-05
2024-05-24,11:56:45,36.8065,27.25,24.5,3083,15026707.0,3.703092890475619e-05
2024-05-24,11:56:45,36.813,27.25,24.5,3083,15026706.0,3.703092890475619e-05
2024-05-24,11:56:45,36.8196,27.25,24.5,3083,15026706.0,3.703092890475619e-05
2024-05-24,11:56:45,36.8261,27.25,24.5,3083,15026706.0,3.703092890475619e-05
2024-05-24,11:56:45,36.8325,27.25,24.5,3083,15026706.0,3.703092890475619e-05
2024-05-24,11:56:45,36.839,27.25,24.5,3082,15026706.0,3.709020460225511e-05
2024-05-24,11:56:45,36.8457,27.25,24.5,3083,15026706.0,3.703092890475619e-05
2024-05-24,11:56:45,36.8522,27.25,24.5,3083,15026706.0,3.703092890475619e-05
2024-05-24,11:56:45,36.8587,27.25,24.5,3083,15026706.0,3.703092890475619e-05
2024-05-24,11:56:45,36.8653,27.25,24.5,3083,15026706.0,3.703092890475619e-05
2024-05-24,11:56:45,36.8718,27.25,24.5,3082,15026706.0,3.709020460225511e-05
2024-05-24,11:56:45,36.8782,27.25,24.5,3082,15026706.0,3.709020460225511e-05
2024-05-24,11:56:45,36.8847,27.25,24.5,3083,15026706.0,3.703092890475619e-05
2024-05-24,11:56:45,36.8913,27.25,24.5,3084,15026707.0,3.697174793869244e-05
2024-05-24,11:56:45,36.8977,27.25,24.5,3083,15026707.0,3.703092890475619e-05
2024-05-24,11:56:45,36.9043,27.25,24.5,3082,15026706.0,3.709020460225511e-05
2024-05-24,11:56:45,36.911,27.25,24.5,3082,15026706.0,3.709020460225511e-05
2024-05-24,11:56:45,36.9175,27.25,24.5,3082,15026706.0,3.709020460225511e-05
2024-05-24,11:56:45,36.9239,27.25,24.5,3083,15026706.0,3.703092890475619e-05
2024-05-24,11:56:45,36.9303,27.25,24.5,3083,15026706.0,3.703092890475619e-05
2024-05-24,11:56:45,36.9368,27.25,24.5,3083,15026706.0,3.703092890475619e-05
2024-05-24,11:56:45,36.9433,27.25,24.5,3083,15026706.0,3.703092890475619e-05
2024-05-24,11:56:45,36.9499,27.25,24.5,3082,15026706.0,3.709020460225511e-05
2024-05-24,11:56:45,36.9564,27.25,24.5,3082,15026706.0,3.709020460225511e-05
2024-05-24,11:56:45,36.9629,27.25,24.5,3082,15026706.0,3.709020460225511e-05
2024-05-24,11:56:45,36.9695,27.25,24.5,3082,15026706.0,3.709020460225511e-05
2024-05-24,11:56:45,36.976,27.25,24.5,3082,15026707.0,3.709020460225511e-05
2024-05-24,11:56:45,36.9825,27.25,24.5,3082,15026707.0,3.709020460225511e-05
2024-05-24,11:56:45,36.989,27.25,24.5,3082,15026706.0,3.709020460225511e-05
2024-05-24,11:56:45,36.9956,27.25,24.5,3082,15026706.0,3.709020460225511e-05
2024-05-24,11:56:45,37.0021,27.25,24.5,3082,15026706.0,3.709020460225511e-05
2024-05-24,11:56:45,37.0086,27.25,24.5,3082,15026707.0,3.709020460225511e-05
2024-05-24,11:56:45,37.0152,27.25,24.5,3082,15026707.0,3.709020460225511e-05
2024-05-24,11:56:45,37.0217,27.25,24.5,3082,15026706.0,3.709020460225511e-05
2024-05-24,11:56:45,37.0282,27.25,24.5,3082,15026707.0,3.709020460225511e-05
2024-05-24,11:56:45,37.0347,27.25,24.5,3082,15026706.0,3.709020460225511e-05
2024-05-24,11:56:45,37.0413,27.25,24.5,3082,15026706.0,3.709020460225511e-05
2024-05-24,11:56:45,37.0478,27.25,24.5,3082,15026706.0,3.709020460225511e-05
2024-05-24,11:56:45,37.0543,27.25,24.5,3082,15026706.0,3.709020460225511e-05
2024-05-24,11:56:45,37.0609,27.25,24.5,3082,15026706.0,3.709020460225511e-05
2024-05-24,11:56:45,37.0673,27.25,24.5,3082,15026706.0,3.709020460225511e-05
2024-05-24,11:56:45,37.0738,27.25,24.5,3083,15026707.0,3.703092890475619e-05
2024-05-24,11:56:45,37.0803,27.25,24.5,3083,15026707.0,3.703092890475619e-05
2024-05-24,11:56:45,37.0867,27.25,24.5,3082,15026706.0,3.709020460225511e-05
2024-05-24,11:56:45,37.0932,27.25,24.5,3082,15026706.0,3.709020460225511e-05
2024-05-24,11:56:45,37.0998,27.25,24.5,3082,15026707.0,3.709020460225511e-05
2024-05-24,11:56:45,37.1063,27.25,24.5,3083,15026706.0,3.703092890475619e-05
2024-05-24,11:56:45,37.1128,27.25,24.5,3083,15026706.0,3.703092890475619e-05
2024-05-24,11:56:45,37.1193,27.25,24.5,3082,15026706.0,3.709020460225511e-05
2024-05-24,11:56:45,37.1259,27.25,24.5,3082,15026707.0,3.709020460225511e-05
2024-05-24,11:56:45,37.1324,27.25,24.5,3082,15026707.0,3.709020460225511e-05
2024-05-24,11:56:45,37.1389,27.25,24.5,3082,15026706.0,3.709020460225511e-05
2024-05-24,11:56:45,37.1455,27.25,24.5,3082,15026706.0,3.709020460225511e-05
2024-05-24,11:56:45,37.152,27.25,24.5,3082,15026706.0,3.709020460225511e-05
2024-05-24,11:56:45,37.1584,27.25,24.5,3082,15026707.0,3.709020460225511e-05
2024-05-24,11:56:45,37.1649,27.25,24.5,3082,15026706.0,3.709020460225511e-05
2024-05-24,11:56:45,37.1716,27.25,24.5,3082,15026706.0,3.709020460225511e-05
2024-05-24,11:56:45,37.1781,27.25,24.5,3082,15026706.0,3.709020460225511e-05
2024-05-24,11:56:45,37.1846,27.25,24.5,3082,15026705.0,3.709020460225511e-05
2024-05-24,11:56:45,37.1912,27.25,24.5,3082,15026704.0,3.709020460225511e-05
2024-05-24,11:56:45,37.1977,27.25,24.5,3082,15026705.0,3.709020460225511e-05
2024-05-24,11:56:45,37.2042,27.25,24.5,3082,15026706.0,3.709020460225511e-05
2024-05-24,11:56:45,37.2106,27.25,24.5,3082,15026706.0,3.709020460225511e-05
2024-05-24,11:56:45,37.2171,27.25,24.5,3082,15026707.0,3.709020460225511e-05
2024-05-24,11:56:45,37.2238,27.25,24.5,3082,15026706.0,3.709020460225511e-05
2024-05-24,11:56:45,37.2303,27.25,24.5,3082,15026706.0,3.709020460225511e-05
2024-05-24,11:56:45,37.2369,27.25,24.5,3082,15026705.0,3.709020460225511e-05
2024-05-24,11:56:45,37.2434,27.25,24.5,3082,15026705.0,3.709020460225511e-05
2024-05-24,11:56:45,37.2499,27.25,24.5,3082,15026705.0,3.709020460225511e-05
2024-05-24,11:56:45,37.2564,27.25,24.5,3082,15026706.0,3.709020460225511e-05
2024-05-24,11:56:45,37.263,27.25,24.5,3082,15026706.0,3.709020460225511e-05
2024-05-24,11:56:45,37.2695,27.31,24.75,3082,15026707.0,3.709020460225511e-05
2024-05-24,11:56:45,37.276,27.31,24.75,3082,15026706.0,3.709020460225511e-05
2024-05-24,11:56:45,37.2825,27.31,24.75,3082,15026706.0,3.709020460225511e-05
2024-05-24,11:56:45,37.2891,27.31,24.75,3082,15026706.0,3.709020460225511e-05
2024-05-24,11:56:45,37.2956,27.31,24.75,3082,15026706.0,3.709020460225511e-05
2024-05-24,11:56:45,37.3021,27.31,24.75,3083,15026706.0,3.703092890475619e-05
2024-05-24,11:56:45,37.3087,27.31,24.75,3084,15026706.0,3.697174793869244e-05
2024-05-24,11:56:45,37.3152,27.31,24.75,3083,15026707.0,3.703092890475619e-05
2024-05-24,11:56:45,37.3217,27.31,24.75,3082,15026706.0,3.709020460225511e-05
2024-05-24,11:56:45,37.3281,27.31,24.75,3082,15026705.0,3.709020460225511e-05
2024-05-24,11:56:45,37.3346,27.31,24.75,3082,15026706.0,3.709020460225511e-05
2024-05-24,11:56:45,37.3412,27.31,24.75,3082,15026707.0,3.709020460225511e-05
2024-05-24,11:56:45,37.3477,27.31,24.75,3082,15026706.0,3.709020460225511e-05
2024-05-24,11:56:45,37.3542,27.31,24.75,3082,15026706.0,3.709020460225511e-05
2024-05-24,11:56:45,37.3608,27.31,24.75,3082,15026706.0,3.709020460225511e-05
2024-05-24,11:56:45,37.3673,27.31,24.75,3082,15026707.0,3.709020460225511e-05
2024-05-24,11:56:45,37.3738,27.31,24.75,3082,15026707.0,3.709020460225511e-05
2024-05-24,11:56:45,37.3805,27.31,24.75,3081,15026707.0,3.714957518282662e-05
2024-05-24,11:56:45,37.3869,27.31,24.75,3081,15026706.0,3.714957518282662e-05
2024-05-24,11:56:45,37.3933,27.31,24.75,3082,15026706.0,3.709020460225511e-05
2024-05-24,11:56:45,37.3998,27.31,24.75,3082,15026706.0,3.709020460225511e-05
2024-05-24,11:56:45,37.4063,27.31,24.75,3082,15026706.0,3.709020460225511e-05
2024-05-24,11:56:45,37.4129,27.31,24.75,3081,15026706.0,3.714957518282662e-05
2024-05-24,11:56:45,37.4194,27.31,24.75,3081,15026706.0,3.714957518282662e-05
2024-05-24,11:56:45,37.4259,27.31,24.75,3082,15026706.0,3.709020460225511e-05
2024-05-24,11:56:45,37.4324,27.31,24.75,3082,15026706.0,3.709020460225511e-05
2024-05-24,11:56:45,37.439,27.31,24.75,3082,15026706.0,3.709020460225511e-05
2024-05-24,11:56:45,37.4455,27.31,24.75,3082,15026706.0,3.709020460225511e-05
2024-05-24,11:56:45,37.452,27.31,24.75,3082,15026707.0,3.709020460225511e-05
2024-05-24,11:56:45,37.4585,27.31,24.75,3081,15026707.0,3.714957518282662e-05
2024-05-24,11:56:45,37.4651,27.31,24.75,3081,15026706.0,3.714957518282662e-05
2024-05-24,11:56:45,37.4716,27.31,24.75,3082,15026706.0,3.709020460225511e-05
2024-05-24,11:56:45,37.4781,27.31,24.75,3083,15026706.0,3.703092890475619e-05
2024-05-24,11:56:45,37.4847,27.31,24.75,3083,15026706.0,3.703092890475619e-05
2024-05-24,11:56:45,37.4912,27.31,24.75,3082,15026706.0,3.709020460225511e-05
2024-05-24,11:56:45,37.4977,27.31,24.75,3082,15026706.0,3.709020460225511e-05
2024-05-24,11:56:45,37.5042,27.31,24.75,3082,15026706.0,3.709020460225511e-05
2024-05-24,11:56:45,37.5108,27.31,24.75,3082,15026706.0,3.709020460225511e-05
2024-05-24,11:56:45,37.5173,27.31,24.75,3081,15026705.0,3.714957518282662e-05
2024-05-24,11:56:45,37.5238,27.31,24.75,3081,15026705.0,3.714957518282662e-05
2024-05-24,11:56:45,37.5304,27.31,24.75,3081,15026705.0,3.714957518282662e-05
2024-05-24,11:56:45,37.5369,27.31,24.75,3081,15026705.0,3.714957518282662e-05
2024-05-24,11:56:45,37.5434,27.31,24.75,3082,15026706.0,3.709020460225511e-05
2024-05-24,11:56:45,37.5499,27.31,24.75,3082,15026706.0,3.709020460225511e-05
2024-05-24,11:56:45,37.5565,27.31,24.75,3082,15026706.0,3.709020460225511e-05
2024-05-24,11:56:45,37.563,27.31,24.75,3082,15026706.0,3.709020460225511e-05
2024-05-24,11:56:45,37.5695,27.31,24.75,3082,15026707.0,3.709020460225511e-05
2024-05-24,11:56:45,37.5761,27.31,24.75,3082,15026706.0,3.709020460225511e-05
2024-05-24,11:56:45,37.5826,27.31,24.75,3082,15026706.0,3.709020460225511e-05
2024-05-24,11:56:45,37.5892,27.31,24.75,3081,15026707.0,3.714957518282662e-05
2024-05-24,11:56:45,37.5958,27.31,24.75,3080,15026706.0,3.720904079835072e-05
2024-05-24,11:56:45,37.6022,27.31,24.75,3081,15026706.0,3.714957518282662e-05
2024-05-24,11:56:45,37.6087,27.31,24.75,3082,15026707.0,3.709020460225511e-05
2024-05-24,11:56:45,37.6152,27.31,24.75,3081,15026707.0,3.714957518282662e-05
2024-05-24,11:56:45,37.6217,27.31,24.75,3081,15026707.0,3.714957518282662e-05
2024-05-24,11:56:45,37.6283,27.31,24.75,3082,15026706.0,3.709020460225511e-05
2024-05-24,11:56:45,37.6348,27.31,24.75,3082,15026706.0,3.709020460225511e-05
2024-05-24,11:56:45,37.6413,27.31,24.75,3082,15026706.0,3.709020460225511e-05
2024-05-24,11:56:45,37.6479,27.31,24.75,3082,15026706.0,3.709020460225511e-05
2024-05-24,11:56:45,37.6544,27.31,24.75,3081,15026706.0,3.714957518282662e-05
2024-05-24,11:56:45,37.6609,27.31,24.75,3081,15026707.0,3.714957518282662e-05
2024-05-24,11:56:45,37.6674,27.31,24.75,3081,15026706.0,3.714957518282662e-05
2024-05-24,11:56:45,37.674,27.31,24.75,3081,15026706.0,3.714957518282662e-05
2024-05-24,11:56:45,37.6805,27.31,24.75,3082,15026706.0,3.709020460225511e-05
2024-05-24,11:56:45,37.687,27.31,24.75,3082,15026705.0,3.709020460225511e-05
2024-05-24,11:56:45,37.6936,27.31,24.75,3082,15026705.0,3.709020460225511e-05
2024-05-24,11:56:45,37.7001,27.31,24.75,3082,15026706.0,3.709020460225511e-05
2024-05-24,11:56:45,37.7066,27.31,24.75,3082,15026706.0,3.709020460225511e-05
2024-05-24,11:56:45,37.7131,27.31,24.75,3082,15026706.0,3.709020460225511e-05
2024-05-24,11:56:45,37.7197,27.31,24.75,3081,15026706.0,3.714957518282662e-05
2024-05-24,11:56:45,37.7262,27.31,24.75,3081,15026706.0,3.714957518282662e-05
2024-05-24,11:56:45,37.7327,27.31,24.75,3082,15026706.0,3.709020460225511e-05
2024-05-24,11:56:45,37.7393,27.31,24.75,3081,15026705.0,3.714957518282662e-05
2024-05-24,11:56:45,37.7458,27.31,24.75,3081,15026705.0,3.714957518282662e-05
2024-05-24,11:56:45,37.7523,27.31,24.75,3082,15026706.0,3.709020460225511e-05
2024-05-24,11:56:45,37.7588,27.31,24.75,3082,15026706.0,3.709020460225511e-05
2024-05-24,11:56:45,37.7654,27.31,24.75,3081,15026706.0,3.714957518282662e-05
2024-05-24,11:56:45,37.7719,27.25,24.75,3081,15026705.0,3.714957518282662e-05
2024-05-24,11:56:46,37.7784,27.25,24.75,3082,15026705.0,3.709020460225511e-05
2024-05-24,11:56:46,37.7849,27.25,24.75,3082,15026705.0,3.709020460225511e-05
2024-05-24,11:56:46,37.7915,27.25,24.75,3082,15026706.0,3.709020460225511e-05
2024-05-24,11:56:46,37.798,27.25,24.75,3082,15026707.0,3.709020460225511e-05
2024-05-24,11:56:46,37.8045,27.25,24.75,3081,15026705.0,3.714957518282662e-05
2024-05-24,11:56:46,37.8111,27.25,24.75,3080,15026706.0,3.720904079835072e-05
2024-05-24,11:56:46,37.8176,27.25,24.75,3081,15026706.0,3.714957518282662e-05
2024-05-24,11:56:46,37.8241,27.25,24.75,3082,15026706.0,3.709020460225511e-05
2024-05-24,11:56:46,37.8306,27.25,24.75,3082,15026705.0,3.709020460225511e-05
2024-05-24,11:56:46,37.8372,27.25,24.75,3081,15026706.0,3.714957518282662e-05
2024-05-24,11:56:46,37.8437,27.25,24.75,3080,15026705.0,3.720904079835072e-05
2024-05-24,11:56:46,37.8502,27.25,24.75,3081,15026705.0,3.714957518282662e-05
2024-05-24,11:56:46,37.8568,27.25,24.75,3082,15026706.0,3.709020460225511e-05
2024-05-24,11:56:46,37.8633,27.25,24.75,3081,15026707.0,3.714957518282662e-05
2024-05-24,11:56:46,37.8698,27.25,24.75,3080,15026706.0,3.720904079835072e-05
2024-05-24,11:56:46,37.8763,27.25,24.75,3080,15026706.0,3.720904079835072e-05
2024-05-24,11:56:46,37.8829,27.25,24.75,3081,15026707.0,3.714957518282662e-05
2024-05-24,11:56:46,37.8894,27.25,24.75,3082,15026706.0,3.709020460225511e-05
2024-05-24,11:56:46,37.8959,27.25,24.75,3081,15026706.0,3.714957518282662e-05
2024-05-24,11:56:46,37.9025,27.25,24.75,3081,15026705.0,3.714957518282662e-05
2024-05-24,11:56:46,37.909,27.25,24.75,3082,15026706.0,3.709020460225511e-05
2024-05-24,11:56:46,37.9156,27.25,24.75,3082,15026705.0,3.709020460225511e-05
2024-05-24,11:56:46,37.9222,27.25,24.75,3082,15026706.0,3.709020460225511e-05
2024-05-24,11:56:46,37.9286,27.25,24.75,3082,15026706.0,3.709020460225511e-05
2024-05-24,11:56:46,37.9351,27.25,24.75,3081,15026705.0,3.714957518282662e-05
2024-05-24,11:56:46,37.9416,27.25,24.75,3081,15026706.0,3.714957518282662e-05
2024-05-24,11:56:46,37.9481,27.25,24.75,3082,15026706.0,3.709020460225511e-05
2024-05-24,11:56:46,37.9547,27.25,24.75,3082,15026706.0,3.709020460225511e-05
2024-05-24,11:56:46,37.9612,27.25,24.75,3081,15026705.0,3.714957518282662e-05
2024-05-24,11:56:46,37.9677,27.25,24.75,3080,15026705.0,3.720904079835072e-05
2024-05-24,11:56:46,37.9743,27.25,24.75,3081,15026706.0,3.714957518282662e-05
2024-05-24,11:56:46,37.9808,27.25,24.75,3082,15026706.0,3.709020460225511e-05
2024-05-24,11:56:46,37.9873,27.25,24.75,3081,15026706.0,3.714957518282662e-05
2024-05-24,11:56:46,37.9938,27.25,24.75,3081,15026706.0,3.714957518282662e-05
2024-05-24,11:56:46,38.0004,27.25,24.75,3082,15026706.0,3.709020460225511e-05
2024-05-24,11:56:46,38.0069,27.25,24.75,3081,15026706.0,3.714957518282662e-05
2024-05-24,11:56:46,38.0134,27.25,24.75,3080,15026706.0,3.720904079835072e-05
2024-05-24,11:56:46,38.02,27.25,24.75,3080,15026706.0,3.720904079835072e-05
2024-05-24,11:56:46,38.0265,27.25,24.75,3080,15026706.0,3.720904079835072e-05
2024-05-24,11:56:46,38.0331,27.25,24.75,3081,15026706.0,3.714957518282662e-05
2024-05-24,11:56:46,38.0397,27.25,24.75,3082,15026707.0,3.709020460225511e-05
2024-05-24,11:56:46,38.0461,27.25,24.75,3081,15026707.0,3.714957518282662e-05
2024-05-24,11:56:46,38.0526,27.25,24.75,3081,15026707.0,3.714957518282662e-05
2024-05-24,11:56:46,38.0591,27.25,24.75,3081,15026707.0,3.714957518282662e-05
2024-05-24,11:56:46,38.0657,27.25,24.75,3081,15026705.0,3.714957518282662e-05
2024-05-24,11:56:46,38.0722,27.25,24.75,3082,15026705.0,3.709020460225511e-05
2024-05-24,11:56:46,38.0787,27.25,24.75,3081,15026705.0,3.714957518282662e-05
2024-05-24,11:56:46,38.0852,27.25,24.75,3081,15026705.0,3.714957518282662e-05
2024-05-24,11:56:46,38.0918,27.25,24.75,3081,15026705.0,3.714957518282662e-05
2024-05-24,11:56:46,38.0983,27.25,24.75,3081,15026705.0,3.714957518282662e-05
2024-05-24,11:56:46,38.1048,27.25,24.75,3081,15026705.0,3.714957518282662e-05
2024-05-24,11:56:46,38.1113,27.25,24.75,3081,15026706.0,3.714957518282662e-05
2024-05-24,11:56:46,38.1179,27.25,24.75,3081,15026705.0,3.714957518282662e-05
2024-05-24,11:56:46,38.1244,27.25,24.75,3081,15026705.0,3.714957518282662e-05
2024-05-24,11:56:46,38.1309,27.25,24.75,3082,15026705.0,3.709020460225511e-05
2024-05-24,11:56:46,38.1376,27.25,24.75,3081,15026706.0,3.714957518282662e-05
2024-05-24,11:56:46,38.1441,27.25,24.75,3081,15026706.0,3.714957518282662e-05
2024-05-24,11:56:46,38.1505,27.25,24.75,3082,15026705.0,3.709020460225511e-05
2024-05-24,11:56:46,38.157,27.25,24.75,3081,15026705.0,3.714957518282662e-05
2024-05-24,11:56:46,38.1636,27.25,24.75,3080,15026706.0,3.720904079835072e-05
2024-05-24,11:56:46,38.1701,27.25,24.75,3081,15026706.0,3.714957518282662e-05
2024-05-24,11:56:46,38.1768,27.25,24.75,3082,15026706.0,3.709020460225511e-05
2024-05-24,11:56:46,38.1833,27.25,24.75,3081,15026706.0,3.714957518282662e-05
2024-05-24,11:56:46,38.1897,27.25,24.75,3080,15026706.0,3.720904079835072e-05
2024-05-24,11:56:46,38.1962,27.25,24.75,3080,15026706.0,3.720904079835072e-05
2024-05-24,11:56:46,38.2027,27.25,24.75,3080,15026706.0,3.720904079835072e-05
2024-05-24,11:56:46,38.2094,27.25,24.75,3081,15026706.0,3.714957518282662e-05
2024-05-24,11:56:46,38.2159,27.25,24.75,3081,15026706.0,3.714957518282662e-05
2024-05-24,11:56:46,38.2225,27.25,24.75,3081,15026706.0,3.714957518282662e-05
2024-05-24,11:56:46,38.229,27.25,24.75,3082,15026706.0,3.709020460225511e-05
2024-05-24,11:56:46,38.2355,27.25,24.75,3081,15026705.0,3.714957518282662e-05
2024-05-24,11:56:46,38.242,27.25,24.75,3080,15026706.0,3.720904079835072e-05
2024-05-24,11:56:46,38.2486,27.25,24.75,3080,15026706.0,3.720904079835072e-05
2024-05-24,11:56:46,38.2551,27.25,24.75,3081,15026705.0,3.714957518282662e-05
2024-05-24,11:56:46,38.2615,27.25,24.75,3081,15026705.0,3.714957518282662e-05
2024-05-24,11:56:46,38.268,27.25,24.75,3081,15026705.0,3.714957518282662e-05
2024-05-24,11:56:46,38.2745,27.31,24.75,3082,15026705.0,3.709020460225511e-05
2024-05-24,11:56:46,38.2811,27.31,24.75,3081,15026706.0,3.714957518282662e-05
2024-05-24,11:56:46,38.2876,27.31,24.75,3080,15026706.0,3.720904079835072e-05
2024-05-24,11:56:46,38.2941,27.31,24.75,3080,15026706.0,3.720904079835072e-05
2024-05-24,11:56:46,38.3007,27.31,24.75,3081,15026707.0,3.714957518282662e-05
2024-05-24,11:56:46,38.3072,27.31,24.75,3081,15026706.0,3.714957518282662e-05
2024-05-24,11:56:46,38.3137,27.31,24.75,3080,15026706.0,3.720904079835072e-05
2024-05-24,11:56:46,38.3202,27.31,24.75,3081,15026705.0,3.714957518282662e-05
2024-05-24,11:56:46,38.3268,27.31,24.75,3081,15026705.0,3.714957518282662e-05
2024-05-24,11:56:46,38.3333,27.31,24.75,3081,15026705.0,3.714957518282662e-05
2024-05-24,11:56:46,38.3398,27.31,24.75,3081,15026705.0,3.714957518282662e-05
2024-05-24,11:56:46,38.3464,27.31,24.75,3080,15026705.0,3.720904079835072e-05
2024-05-24,11:56:46,38.3529,27.31,24.75,3080,15026706.0,3.720904079835072e-05
2024-05-24,11:56:46,38.3594,27.31,24.75,3080,15026706.0,3.720904079835072e-05
2024-05-24,11:56:46,38.3659,27.31,24.75,3080,15026705.0,3.720904079835072e-05
2024-05-24,11:56:46,38.3725,27.31,24.75,3081,15026705.0,3.714957518282662e-05
2024-05-24,11:56:46,38.379,27.31,24.75,3082,15026707.0,3.709020460225511e-05
2024-05-24,11:56:46,38.3855,27.31,24.75,3081,15026707.0,3.714957518282662e-05
2024-05-24,11:56:46,38.3921,27.31,24.75,3080,15026706.0,3.720904079835072e-05
2024-05-24,11:56:46,38.3986,27.31,24.75,3080,15026706.0,3.720904079835072e-05
2024-05-24,11:56:46,38.4051,27.31,24.75,3080,15026706.0,3.720904079835072e-05
2024-05-24,11:56:46,38.4116,27.31,24.75,3081,15026705.0,3.714957518282662e-05
2024-05-24,11:56:46,38.4182,27.31,24.75,3082,15026706.0,3.709020460225511e-05
2024-05-24,11:56:46,38.4248,27.31,24.75,3081,15026706.0,3.714957518282662e-05
2024-05-24,11:56:46,38.4313,27.31,24.75,3081,15026707.0,3.714957518282662e-05
2024-05-24,11:56:46,38.4377,27.31,24.75,3081,15026707.0,3.714957518282662e-05
2024-05-24,11:56:46,38.4443,27.31,24.75,3080,15026706.0,3.720904079835072e-05
2024-05-24,11:56:46,38.4508,27.31,24.75,3081,15026705.0,3.714957518282662e-05
2024-05-24,11:56:46,38.4573,27.31,24.75,3081,15026706.0,3.714957518282662e-05
2024-05-24,11:56:46,38.464,27.31,24.75,3080,15026706.0,3.720904079835072e-05
2024-05-24,11:56:46,38.4705,27.31,24.75,3080,15026705.0,3.720904079835072e-05
2024-05-24,11:56:46,38.4769,27.31,24.75,3080,15026706.0,3.720904079835072e-05
2024-05-24,11:56:46,38.4834,27.31,24.75,3080,15026706.0,3.720904079835072e-05
2024-05-24,11:56:46,38.49,27.31,24.75,3080,15026706.0,3.720904079835072e-05
2024-05-24,11:56:46,38.4965,27.31,24.75,3080,15026706.0,3.720904079835072e-05
2024-05-24,11:56:46,38.503,27.31,24.75,3080,15026706.0,3.720904079835072e-05
2024-05-24,11:56:46,38.5096,27.31,24.75,3080,15026706.0,3.720904079835072e-05
2024-05-24,11:56:46,38.5161,27.31,24.75,3080,15026706.0,3.720904079835072e-05
2024-05-24,11:56:46,38.5226,27.31,24.75,3081,15026706.0,3.714957518282662e-05
2024-05-24,11:56:46,38.5293,27.31,24.75,3081,15026706.0,3.714957518282662e-05
2024-05-24,11:56:46,38.5358,27.31,24.75,3080,15026706.0,3.720904079835072e-05
2024-05-24,11:56:46,38.5422,27.31,24.75,3080,15026706.0,3.720904079835072e-05
2024-05-24,11:56:46,38.5487,27.31,24.75,3080,15026706.0,3.720904079835072e-05
2024-05-24,11:56:46,38.5553,27.31,24.75,3080,15026705.0,3.720904079835072e-05
2024-05-24,11:56:46,38.5618,27.31,24.75,3081,15026706.0,3.714957518282662e-05
2024-05-24,11:56:46,38.5683,27.31,24.75,3082,15026706.0,3.709020460225511e-05
2024-05-24,11:56:46,38.5748,27.31,24.75,3081,15026706.0,3.714957518282662e-05
2024-05-24,11:56:46,38.5814,27.31,24.75,3080,15026707.0,3.720904079835072e-05
2024-05-24,11:56:46,38.5879,27.31,24.75,3080,15026706.0,3.720904079835072e-05
2024-05-24,11:56:46,38.5944,27.31,24.75,3080,15026705.0,3.720904079835072e-05
2024-05-24,11:56:46,38.6009,27.31,24.75,3080,15026705.0,3.720904079835072e-05
2024-05-24,11:56:46,38.6075,27.31,24.75,3080,15026705.0,3.720904079835072e-05
2024-05-24,11:56:46,38.614,27.31,24.75,3080,15026705.0,3.720904079835072e-05
2024-05-24,11:56:46,38.6205,27.31,24.75,3081,15026705.0,3.714957518282662e-05
2024-05-24,11:56:46,38.6271,27.31,24.75,3081,15026705.0,3.714957518282662e-05
2024-05-24,11:56:46,38.6336,27.31,24.75,3080,15026706.0,3.720904079835072e-05
2024-05-24,11:56:46,38.6401,27.31,24.75,3081,15026706.0,3.714957518282662e-05
2024-05-24,11:56:46,38.6466,27.31,24.75,3081,15026706.0,3.714957518282662e-05
2024-05-24,11:56:46,38.6532,27.31,24.75,3080,15026705.0,3.720904079835072e-05
2024-05-24,11:56:46,38.6597,27.31,24.75,3081,15026704.0,3.714957518282662e-05
2024-05-24,11:56:46,38.6662,27.31,24.75,3082,15026706.0,3.709020460225511e-05
2024-05-24,11:56:46,38.6728,27.31,24.75,3081,15026707.0,3.714957518282662e-05
2024-05-24,11:56:46,38.6793,27.31,24.75,3080,15026706.0,3.720904079835072e-05
2024-05-24,11:56:46,38.6858,27.31,24.75,3080,15026706.0,3.720904079835072e-05
2024-05-24,11:56:46,38.6923,27.31,24.75,3080,15026706.0,3.720904079835072e-05
2024-05-24,11:56:46,38.6989,27.31,24.75,3080,15026705.0,3.720904079835072e-05
2024-05-24,11:56:46,38.7054,27.31,24.75,3080,15026706.0,3.720904079835072e-05
2024-05-24,11:56:46,38.7119,27.31,24.75,3080,15026706.0,3.720904079835072e-05
2024-05-24,11:56:46,38.7185,27.31,24.75,3080,15026705.0,3.720904079835072e-05
2024-05-24,11:56:46,38.725,27.31,24.75,3080,15026705.0,3.720904079835072e-05
2024-05-24,11:56:46,38.7315,27.31,24.75,3080,15026706.0,3.720904079835072e-05
2024-05-24,11:56:46,38.738,27.31,24.75,3080,15026706.0,3.720904079835072e-05
2024-05-24,11:56:46,38.7446,27.31,24.75,3081,15026706.0,3.714957518282662e-05
2024-05-24,11:56:46,38.7511,27.31,24.75,3081,15026706.0,3.714957518282662e-05
2024-05-24,11:56:46,38.7576,27.31,24.75,3080,15026705.0,3.720904079835072e-05
2024-05-24,11:56:46,38.7641,27.31,24.75,3081,15026705.0,3.714957518282662e-05
2024-05-24,11:56:46,38.7707,27.31,24.75,3081,15026706.0,3.714957518282662e-05
2024-05-24,11:56:47,38.7772,27.31,24.75,3080,15026706.0,3.720904079835072e-05
2024-05-24,11:56:47,38.7837,27.31,24.75,3080,15026705.0,3.720904079835072e-05
2024-05-24,11:56:47,38.7903,27.31,24.75,3080,15026705.0,3.720904079835072e-05
2024-05-24,11:56:47,38.7968,27.31,24.75,3080,15026705.0,3.720904079835072e-05
2024-05-24,11:56:47,38.8033,27.31,24.75,3080,15026706.0,3.720904079835072e-05
2024-05-24,11:56:47,38.8098,27.31,24.75,3080,15026706.0,3.720904079835072e-05
2024-05-24,11:56:47,38.8165,27.31,24.75,3080,15026706.0,3.720904079835072e-05
2024-05-24,11:56:47,38.823,27.31,24.75,3080,15026707.0,3.720904079835072e-05
2024-05-24,11:56:47,38.8294,27.31,24.75,3080,15026706.0,3.720904079835072e-05
2024-05-24,11:56:47,38.836,27.31,24.75,3080,15026705.0,3.720904079835072e-05
2024-05-24,11:56:47,38.8425,27.31,24.75,3080,15026705.0,3.720904079835072e-05
2024-05-24,11:56:47,38.849,27.31,24.75,3080,15026705.0,3.720904079835072e-05
2024-05-24,11:56:47,38.8555,27.31,24.75,3080,15026705.0,3.720904079835072e-05
2024-05-24,11:56:47,38.8621,27.31,24.75,3080,15026706.0,3.720904079835072e-05
2024-05-24,11:56:47,38.8687,27.31,24.75,3080,15026706.0,3.720904079835072e-05
2024-05-24,11:56:47,38.8753,27.31,24.75,3080,15026706.0,3.720904079835072e-05
2024-05-24,11:56:47,38.8817,27.31,24.75,3080,15026706.0,3.720904079835072e-05
2024-05-24,11:56:47,38.8882,27.31,24.75,3080,15026705.0,3.720904079835072e-05
2024-05-24,11:56:47,38.8948,27.31,24.75,3080,15026704.0,3.720904079835072e-05
2024-05-24,11:56:47,38.9014,27.31,24.75,3080,15026705.0,3.720904079835072e-05
2024-05-24,11:56:47,38.9079,27.31,24.75,3080,15026705.0,3.720904079835072e-05
2024-05-24,11:56:47,38.9145,27.31,24.75,3080,15026704.0,3.720904079835072e-05
2024-05-24,11:56:47,38.9211,27.31,24.75,3080,15026704.0,3.720904079835072e-05
2024-05-24,11:56:47,38.9276,27.31,24.75,3080,15026705.0,3.720904079835072e-05
2024-05-24,11:56:47,38.934,27.31,24.75,3080,15026705.0,3.720904079835072e-05
2024-05-24,11:56:47,38.9405,27.31,24.75,3080,15026704.0,3.720904079835072e-05
2024-05-24,11:56:47,38.9471,27.31,24.75,3080,15026704.0,3.720904079835072e-05
2024-05-24,11:56:47,38.9536,27.31,24.75,3080,15026705.0,3.720904079835072e-05
2024-05-24,11:56:47,38.9601,27.31,24.75,3080,15026705.0,3.720904079835072e-05
2024-05-24,11:56:47,38.9666,27.31,24.75,3080,15026705.0,3.720904079835072e-05
2024-05-24,11:56:47,38.9732,27.31,24.75,3079,15026706.0,3.726860160095068e-05
2024-05-24,11:56:47,38.9797,27.31,24.75,3079,15026706.0,3.726860160095068e-05
2024-05-24,11:56:47,38.9864,27.31,24.75,3080,15026705.0,3.720904079835072e-05
2024-05-24,11:56:47,38.9929,27.31,24.75,3080,15026705.0,3.720904079835072e-05
2024-05-24,11:56:47,38.9994,27.31,24.75,3080,15026706.0,3.720904079835072e-05
2024-05-24,11:56:47,39.0059,27.31,24.75,3080,15026706.0,3.720904079835072e-05
2024-05-24,11:56:47,39.0123,27.31,24.75,3080,15026706.0,3.720904079835072e-05
2024-05-24,11:56:47,39.0189,27.31,24.75,3080,15026705.0,3.720904079835072e-05
2024-05-24,11:56:47,39.0255,27.31,24.75,3080,15026705.0,3.720904079835072e-05
2024-05-24,11:56:47,39.0321,27.31,24.75,3080,15026706.0,3.720904079835072e-05
2024-05-24,11:56:47,39.0385,27.31,24.75,3080,15026706.0,3.720904079835072e-05
2024-05-24,11:56:47,39.045,27.31,24.75,3080,15026705.0,3.720904079835072e-05
2024-05-24,11:56:47,39.0516,27.31,24.75,3080,15026705.0,3.720904079835072e-05
2024-05-24,11:56:47,39.0582,27.31,24.75,3080,15026704.0,3.720904079835072e-05
2024-05-24,11:56:47,39.0647,27.31,24.75,3080,15026705.0,3.720904079835072e-05
2024-05-24,11:56:47,39.0712,27.31,24.75,3080,15026706.0,3.720904079835072e-05
2024-05-24,11:56:47,39.0776,27.31,24.75,3080,15026705.0,3.720904079835072e-05
2024-05-24,11:56:47,39.0841,27.31,24.75,3080,15026706.0,3.720904079835072e-05
2024-05-24,11:56:47,39.0908,27.31,24.75,3080,15026706.0,3.720904079835072e-05
2024-05-24,11:56:47,39.0973,27.31,24.75,3080,15026705.0,3.720904079835072e-05
2024-05-24,11:56:47,39.1039,27.31,24.75,3080,15026704.0,3.720904079835072e-05
2024-05-24,11:56:47,39.1104,27.31,24.75,3080,15026704.0,3.720904079835072e-05
2024-05-24,11:56:47,39.1168,27.31,24.75,3080,15026705.0,3.720904079835072e-05
2024-05-24,11:56:47,39.1233,27.31,24.75,3080,15026706.0,3.720904079835072e-05
2024-05-24,11:56:47,39.13,27.31,24.75,3080,15026706.0,3.720904079835072e-05
2024-05-24,11:56:47,39.1365,27.31,24.75,3080,15026705.0,3.720904079835072e-05
2024-05-24,11:56:47,39.143,27.31,24.75,3080,15026705.0,3.720904079835072e-05
2024-05-24,11:56:47,39.1496,27.31,24.75,3080,15026704.0,3.720904079835072e-05
2024-05-24,11:56:47,39.156,27.31,24.75,3080,15026704.0,3.720904079835072e-05
2024-05-24,11:56:47,39.1625,27.31,24.75,3080,15026705.0,3.720904079835072e-05
2024-05-24,11:56:47,39.169,27.31,24.75,3080,15026705.0,3.720904079835072e-05
2024-05-24,11:56:47,39.1755,27.31,24.75,3080,15026706.0,3.720904079835072e-05
2024-05-24,11:56:47,39.1821,27.31,24.75,3080,15026706.0,3.720904079835072e-05
2024-05-24,11:56:47,39.1886,27.31,24.75,3080,15026705.0,3.720904079835072e-05
2024-05-24,11:56:47,39.1951,27.31,24.75,3080,15026705.0,3.720904079835072e-05
2024-05-24,11:56:47,39.2017,27.31,24.75,3080,15026704.0,3.720904079835072e-05
2024-05-24,11:56:47,39.2082,27.31,24.75,3079,15026705.0,3.726860160095068e-05
2024-05-24,11:56:47,39.2147,27.31,24.75,3079,15026706.0,3.726860160095068e-05
2024-05-24,11:56:47,39.2212,27.31,24.75,3079,15026706.0,3.726860160095068e-05
2024-05-24,11:56:47,39.2278,27.31,24.75,3079,15026705.0,3.726860160095068e-05
2024-05-24,11:56:47,39.2344,27.31,24.75,3080,15026705.0,3.720904079835072e-05
2024-05-24,11:56:47,39.2409,27.31,24.75,3080,15026705.0,3.720904079835072e-05
2024-05-24,11:56:47,39.2475,27.31,24.75,3080,15026704.0,3.720904079835072e-05
2024-05-24,11:56:47,39.254,27.31,24.75,3080,15026704.0,3.720904079835072e-05
2024-05-24,11:56:47,39.2605,27.31,24.75,3080,15026705.0,3.720904079835072e-05
2024-05-24,11:56:47,39.2671,27.31,24.75,3080,15026705.0,3.720904079835072e-05
2024-05-24,11:56:47,39.2736,27.31,24.75,3080,15026705.0,3.720904079835072e-05
2024-05-24,11:56:47,39.28,27.31,24.75,3080,15026705.0,3.720904079835072e-05
2024-05-24,11:56:47,39.2865,27.31,24.75,3080,15026705.0,3.720904079835072e-05
2024-05-24,11:56:47,39.2932,27.31,24.75,3080,15026704.0,3.720904079835072e-05
2024-05-24,11:56:47,39.2997,27.31,24.75,3080,15026704.0,3.720904079835072e-05
2024-05-24,11:56:47,39.3061,27.31,24.75,3080,15026705.0,3.720904079835072e-05
2024-05-24,11:56:47,39.3125,27.31,24.75,3080,15026705.0,3.720904079835072e-05
2024-05-24,11:56:47,39.319,27.31,24.75,3080,15026705.0,3.720904079835072e-05
2024-05-24,11:56:47,39.3256,27.31,24.75,3080,15026705.0,3.720904079835072e-05
2024-05-24,11:56:47,39.3321,27.31,24.75,3080,15026705.0,3.720904079835072e-05
2024-05-24,11:56:47,39.3387,27.31,24.75,3080,15026704.0,3.720904079835072e-05
2024-05-24,11:56:47,39.3453,27.31,24.75,3080,15026705.0,3.720904079835072e-05
2024-05-24,11:56:47,39.3517,27.31,24.75,3080,15026705.0,3.720904079835072e-05
2024-05-24,11:56:47,39.3583,27.31,24.75,3080,15026705.0,3.720904079835072e-05
2024-05-24,11:56:47,39.3649,27.31,24.75,3080,15026705.0,3.720904079835072e-05
2024-05-24,11:56:47,39.3713,27.31,24.75,3079,15026704.0,3.726860160095068e-05
2024-05-24,11:56:47,39.3778,27.31,24.75,3078,15026704.0,3.732825774299313e-05
2024-05-24,11:56:47,39.3843,27.31,24.75,3079,15026705.0,3.726860160095068e-05
2024-05-24,11:56:47,39.391,27.31,24.75,3080,15026705.0,3.720904079835072e-05
2024-05-24,11:56:47,39.3975,27.31,24.75,3080,15026704.0,3.720904079835072e-05
2024-05-24,11:56:47,39.4039,27.31,24.75,3080,15026704.0,3.720904079835072e-05
2024-05-24,11:56:47,39.4104,27.31,24.75,3080,15026705.0,3.720904079835072e-05
2024-05-24,11:56:47,39.4169,27.31,24.75,3080,15026705.0,3.720904079835072e-05
2024-05-24,11:56:47,39.4236,27.31,24.75,3080,15026705.0,3.720904079835072e-05
2024-05-24,11:56:47,39.4303,27.31,24.75,3080,15026705.0,3.720904079835072e-05
2024-05-24,11:56:47,39.4367,27.31,24.75,3080,15026705.0,3.720904079835072e-05
2024-05-24,11:56:47,39.4432,27.31,24.75,3080,15026704.0,3.720904079835072e-05
2024-05-24,11:56:47,39.4498,27.31,24.75,3079,15026705.0,3.726860160095068e-05
2024-05-24,11:56:47,39.4562,27.31,24.75,3079,15026705.0,3.726860160095068e-05
2024-05-24,11:56:47,39.4628,27.31,24.75,3079,15026705.0,3.726860160095068e-05
2024-05-24,11:56:47,39.4694,27.31,24.75,3079,15026705.0,3.726860160095068e-05
2024-05-24,11:56:47,39.476,27.31,24.75,3080,15026704.0,3.720904079835072e-05
2024-05-24,11:56:47,39.4824,27.31,24.75,3079,15026704.0,3.726860160095068e-05
2024-05-24,11:56:47,39.4889,27.31,24.75,3078,15026704.0,3.732825774299313e-05
2024-05-24,11:56:47,39.4955,27.31,24.75,3079,15026704.0,3.726860160095068e-05
2024-05-24,11:56:47,39.5021,27.31,24.75,3079,15026704.0,3.726860160095068e-05
2024-05-24,11:56:47,39.5086,27.31,24.75,3079,15026705.0,3.726860160095068e-05
2024-05-24,11:56:47,39.5151,27.31,24.75,3079,15026705.0,3.726860160095068e-05
2024-05-24,11:56:47,39.5217,27.31,24.75,3079,15026704.0,3.726860160095068e-05
2024-05-24,11:56:47,39.5282,27.31,24.75,3080,15026705.0,3.720904079835072e-05
2024-05-24,11:56:47,39.5347,27.31,24.75,3080,15026705.0,3.720904079835072e-05
2024-05-24,11:56:47,39.5412,27.31,24.75,3079,15026704.0,3.726860160095068e-05
2024-05-24,11:56:47,39.5478,27.31,24.75,3079,15026704.0,3.726860160095068e-05
2024-05-24,11:56:47,39.5543,27.31,24.75,3079,15026705.0,3.726860160095068e-05
2024-05-24,11:56:47,39.5608,27.31,24.75,3079,15026705.0,3.726860160095068e-05
2024-05-24,11:56:47,39.5673,27.31,24.75,3079,15026704.0,3.726860160095068e-05
2024-05-24,11:56:47,39.5739,27.31,24.75,3078,15026705.0,3.732825774299313e-05
2024-05-24,11:56:47,39.5804,27.31,24.75,3078,15026705.0,3.732825774299313e-05
2024-05-24,11:56:47,39.5869,27.31,24.75,3078,15026705.0,3.732825774299313e-05
2024-05-24,11:56:47,39.5935,27.31,24.75,3079,15026705.0,3.726860160095068e-05
2024-05-24,11:56:47,39.6,27.31,24.75,3079,15026705.0,3.726860160095068e-05
2024-05-24,11:56:47,39.6065,27.31,24.75,3078,15026704.0,3.732825774299313e-05
2024-05-24,11:56:47,39.613,27.31,24.75,3079,15026704.0,3.726860160095068e-05
2024-05-24,11:56:47,39.6196,27.31,24.75,3080,15026704.0,3.720904079835072e-05
2024-05-24,11:56:47,39.6261,27.31,24.75,3079,15026704.0,3.726860160095068e-05
2024-05-24,11:56:47,39.6326,27.31,24.75,3079,15026704.0,3.726860160095068e-05
2024-05-24,11:56:47,39.6392,27.31,24.75,3080,15026704.0,3.720904079835072e-05
2024-05-24,11:56:47,39.6457,27.31,24.75,3080,15026705.0,3.720904079835072e-05
2024-05-24,11:56:47,39.6521,27.31,24.75,3079,15026706.0,3.726860160095068e-05
2024-05-24,11:56:47,39.6586,27.31,24.75,3079,15026705.0,3.726860160095068e-05
2024-05-24,11:56:47,39.6653,27.31,24.75,3080,15026705.0,3.720904079835072e-05
2024-05-24,11:56:47,39.6718,27.31,24.75,3079,15026705.0,3.726860160095068e-05
2024-05-24,11:56:47,39.6783,27.31,24.75,3078,15026705.0,3.732825774299313e-05
2024-05-24,11:56:47,39.6849,27.31,24.75,3078,15026705.0,3.732825774299313e-05
2024-05-24,11:56:47,39.6914,27.31,24.75,3079,15026704.0,3.726860160095068e-05
2024-05-24,11:56:47,39.6979,27.31,24.75,3080,15026705.0,3.720904079835072e-05
2024-05-24,11:56:47,39.7044,27.31,24.75,3079,15026706.0,3.726860160095068e-05
2024-05-24,11:56:47,39.711,27.31,24.75,3078,15026704.0,3.732825774299313e-05
2024-05-24,11:56:47,39.7175,27.31,24.75,3079,15026704.0,3.726860160095068e-05
2024-05-24,11:56:47,39.724,27.31,24.75,3079,15026704.0,3.726860160095068e-05
2024-05-24,11:56:47,39.7305,27.31,24.75,3079,15026704.0,3.726860160095068e-05
2024-05-24,11:56:47,39.7371,27.31,24.75,3079,15026704.0,3.726860160095068e-05
2024-05-24,11:56:47,39.7436,27.31,24.75,3079,15026704.0,3.726860160095068e-05
2024-05-24,11:56:47,39.7501,27.31,24.75,3080,15026704.0,3.720904079835072e-05
2024-05-24,11:56:47,39.7567,27.31,24.75,3079,15026705.0,3.726860160095068e-05
2024-05-24,11:56:47,39.7632,27.31,24.75,3079,15026705.0,3.726860160095068e-05
2024-05-24,11:56:48,39.7697,27.31,24.75,3079,15026705.0,3.726860160095068e-05
2024-05-24,11:56:48,39.7762,27.31,24.75,3079,15026704.0,3.726860160095068e-05
2024-05-24,11:56:48,39.7828,27.38,24.75,3079,15026704.0,3.726860160095068e-05
2024-05-24,11:56:48,39.7893,27.38,24.75,3079,15026705.0,3.726860160095068e-05
2024-05-24,11:56:48,39.7958,27.38,24.75,3080,15026705.0,3.720904079835072e-05
2024-05-24,11:56:48,39.8024,27.38,24.75,3079,15026704.0,3.726860160095068e-05
2024-05-24,11:56:48,39.8089,27.38,24.75,3078,15026704.0,3.732825774299313e-05
2024-05-24,11:56:48,39.8154,27.38,24.75,3078,15026704.0,3.732825774299313e-05
2024-05-24,11:56:48,39.8219,27.38,24.75,3078,15026704.0,3.732825774299313e-05
2024-05-24,11:56:48,39.8285,27.38,24.75,3078,15026704.0,3.732825774299313e-05
2024-05-24,11:56:48,39.8351,27.38,24.75,3078,15026704.0,3.732825774299313e-05
2024-05-24,11:56:48,39.8418,27.38,24.75,3078,15026704.0,3.732825774299313e-05
2024-05-24,11:56:48,39.8482,27.38,24.75,3078,15026704.0,3.732825774299313e-05
2024-05-24,11:56:48,39.8547,27.38,24.75,3079,15026704.0,3.726860160095068e-05
2024-05-24,11:56:48,39.8612,27.38,24.75,3079,15026704.0,3.726860160095068e-05
2024-05-24,11:56:48,39.8678,27.38,24.75,3078,15026705.0,3.732825774299313e-05
2024-05-24,11:56:48,39.8744,27.38,24.75,3079,15026704.0,3.726860160095068e-05
2024-05-24,11:56:48,39.8808,27.38,24.75,3079,15026704.0,3.726860160095068e-05
2024-05-24,11:56:48,39.8873,27.38,24.75,3079,15026704.0,3.726860160095068e-05
2024-05-24,11:56:48,39.894,27.38,24.75,3079,15026703.0,3.726860160095068e-05
2024-05-24,11:56:48,39.9005,27.38,24.75,3078,15026704.0,3.732825774299313e-05
2024-05-24,11:56:48,39.9071,27.38,24.75,3078,15026704.0,3.732825774299313e-05
2024-05-24,11:56:48,39.9136,27.38,24.75,3078,15026704.0,3.732825774299313e-05
2024-05-24,11:56:48,39.9201,27.38,24.75,3078,15026704.0,3.732825774299313e-05
2024-05-24,11:56:48,39.9266,27.38,24.75,3078,15026704.0,3.732825774299313e-05
2024-05-24,11:56:48,39.9332,27.38,24.75,3078,15026703.0,3.732825774299313e-05
2024-05-24,11:56:48,39.9397,27.38,24.75,3079,15026704.0,3.726860160095068e-05
2024-05-24,11:56:48,39.9462,27.38,24.75,3079,15026704.0,3.726860160095068e-05
2024-05-24,11:56:48,39.9528,27.38,24.75,3078,15026704.0,3.732825774299313e-05
2024-05-24,11:56:48,39.9593,27.38,24.75,3078,15026705.0,3.732825774299313e-05
2024-05-24,11:56:48,39.9658,27.38,24.75,3078,15026705.0,3.732825774299313e-05
2024-05-24,11:56:48,39.9723,27.38,24.75,3078,15026704.0,3.732825774299313e-05
2024-05-24,11:56:48,39.9789,27.38,24.75,3079,15026704.0,3.726860160095068e-05
2024-05-24,11:56:48,39.9854,27.38,24.75,3079,15026704.0,3.726860160095068e-05
2024-05-24,11:56:48,39.9921,27.38,24.75,3078,15026704.0,3.732825774299313e-05
2024-05-24,11:56:48,39.9987,27.38,24.75,3078,15026705.0,3.732825774299313e-05
2024-05-24,11:56:48,40.0052,27.38,24.75,3078,15026705.0,3.732825774299313e-05
2024-05-24,11:56:48,40.0118,27.38,24.75,3078,15026703.0,3.732825774299313e-05
2024-05-24,11:56:48,40.0183,27.38,24.75,3078,15026703.0,3.732825774299313e-05
2024-05-24,11:56:48,40.0248,27.38,24.75,3077,15026704.0,3.73880093770887e-05
2024-05-24,11:56:48,40.0313,27.38,24.75,3078,15026703.0,3.732825774299313e-05
2024-05-24,11:56:48,40.0379,27.38,24.75,3079,15026704.0,3.726860160095068e-05
2024-05-24,11:56:48,40.0444,27.38,24.75,3078,15026704.0,3.732825774299313e-05
2024-05-24,11:56:48,40.0509,27.38,24.75,3078,15026705.0,3.732825774299313e-05
2024-05-24,11:56:48,40.0575,27.38,24.75,3078,15026704.0,3.732825774299313e-05
2024-05-24,11:56:48,40.064,27.38,24.75,3078,15026705.0,3.732825774299313e-05
2024-05-24,11:56:48,40.0705,27.38,24.75,3078,15026705.0,3.732825774299313e-05
2024-05-24,11:56:48,40.077,27.38,24.75,3078,15026705.0,3.732825774299313e-05
2024-05-24,11:56:48,40.0836,27.38,24.75,3078,15026704.0,3.732825774299313e-05
2024-05-24,11:56:48,40.0901,27.38,24.75,3078,15026704.0,3.732825774299313e-05
2024-05-24,11:56:48,40.0966,27.38,24.75,3078,15026704.0,3.732825774299313e-05
2024-05-24,11:56:48,40.1032,27.38,24.75,3078,15026704.0,3.732825774299313e-05
2024-05-24,11:56:48,40.1097,27.38,24.75,3078,15026704.0,3.732825774299313e-05
2024-05-24,11:56:48,40.1162,27.38,24.75,3078,15026705.0,3.732825774299313e-05
2024-05-24,11:56:48,40.1227,27.38,24.75,3078,15026705.0,3.732825774299313e-05
2024-05-24,11:56:48,40.1293,27.38,24.75,3078,15026705.0,3.732825774299313e-05
2024-05-24,11:56:48,40.1358,27.38,24.75,3078,15026704.0,3.732825774299313e-05
2024-05-24,11:56:48,40.1423,27.38,24.75,3077,15026703.0,3.73880093770887e-05
2024-05-24,11:56:48,40.149,27.38,24.75,3077,15026703.0,3.73880093770887e-05
2024-05-24,11:56:48,40.1555,27.38,24.75,3078,15026704.0,3.732825774299313e-05
2024-05-24,11:56:48,40.162,27.38,24.75,3078,15026704.0,3.732825774299313e-05
2024-05-24,11:56:48,40.1687,27.38,24.75,3078,15026705.0,3.732825774299313e-05
2024-05-24,11:56:48,40.1752,27.38,24.75,3078,15026705.0,3.732825774299313e-05
2024-05-24,11:56:48,40.1817,27.38,24.75,3078,15026704.0,3.732825774299313e-05
2024-05-24,11:56:48,40.1881,27.38,24.75,3078,15026704.0,3.732825774299313e-05
2024-05-24,11:56:48,40.1947,27.38,24.75,3077,15026703.0,3.73880093770887e-05
2024-05-24,11:56:48,40.2013,27.38,24.75,3078,15026702.0,3.732825774299313e-05
2024-05-24,11:56:48,40.2079,27.38,24.75,3079,15026703.0,3.726860160095068e-05
2024-05-24,11:56:48,40.2144,27.38,24.75,3078,15026704.0,3.732825774299313e-05
2024-05-24,11:56:48,40.2209,27.38,24.75,3078,15026704.0,3.732825774299313e-05
2024-05-24,11:56:48,40.2274,27.38,24.75,3078,15026704.0,3.732825774299313e-05
2024-05-24,11:56:48,40.234,27.38,24.75,3077,15026704.0,3.73880093770887e-05
2024-05-24,11:56:48,40.2405,27.38,24.75,3077,15026703.0,3.73880093770887e-05
2024-05-24,11:56:48,40.247,27.38,24.75,3078,15026703.0,3.732825774299313e-05
2024-05-24,11:56:48,40.2537,27.38,24.75,3078,15026704.0,3.732825774299313e-05
2024-05-24,11:56:48,40.2603,27.38,24.75,3078,15026705.0,3.732825774299313e-05
2024-05-24,11:56:48,40.2667,27.38,24.75,3078,15026705.0,3.732825774299313e-05
2024-05-24,11:56:48,40.2731,27.38,24.75,3077,15026704.0,3.73880093770887e-05
2024-05-24,11:56:48,40.2798,27.38,24.75,3077,15026703.0,3.73880093770887e-05
2024-05-24,11:56:48,40.2863,27.38,24.75,3077,15026703.0,3.73880093770887e-05
2024-05-24,11:56:48,40.2927,27.38,24.75,3077,15026703.0,3.73880093770887e-05
2024-05-24,11:56:48,40.2994,27.38,24.75,3078,15026704.0,3.732825774299313e-05
2024-05-24,11:56:48,40.306,27.38,24.75,3078,15026704.0,3.732825774299313e-05
2024-05-24,11:56:48,40.3126,27.38,24.75,3078,15026704.0,3.732825774299313e-05
2024-05-24,11:56:48,40.3191,27.38,24.75,3079,15026704.0,3.726860160095068e-05
2024-05-24,11:56:48,40.3256,27.38,24.75,3078,15026703.0,3.732825774299313e-05
2024-05-24,11:56:48,40.3321,27.38,24.75,3077,15026704.0,3.73880093770887e-05
2024-05-24,11:56:48,40.3387,27.38,24.75,3078,15026705.0,3.732825774299313e-05
2024-05-24,11:56:48,40.3453,27.38,24.75,3078,15026704.0,3.732825774299313e-05
2024-05-24,11:56:48,40.3519,27.38,24.75,3078,15026704.0,3.732825774299313e-05
2024-05-24,11:56:48,40.3584,27.38,24.75,3078,15026705.0,3.732825774299313e-05
2024-05-24,11:56:48,40.3649,27.38,24.75,3078,15026705.0,3.732825774299313e-05
2024-05-24,11:56:48,40.3714,27.38,24.75,3078,15026704.0,3.732825774299313e-05
2024-05-24,11:56:48,40.378,27.38,24.75,3079,15026705.0,3.726860160095068e-05
2024-05-24,11:56:48,40.3844,27.38,24.75,3079,15026705.0,3.726860160095068e-05
2024-05-24,11:56:48,40.3909,27.38,24.75,3078,15026704.0,3.732825774299313e-05
2024-05-24,11:56:48,40.3974,27.38,24.75,3078,15026704.0,3.732825774299313e-05
2024-05-24,11:56:48,40.4041,27.38,24.75,3078,15026705.0,3.732825774299313e-05
2024-05-24,11:56:48,40.4106,27.38,24.75,3078,15026705.0,3.732825774299313e-05
2024-05-24,11:56:48,40.4171,27.38,24.75,3078,15026705.0,3.732825774299313e-05
2024-05-24,11:56:48,40.4237,27.38,24.75,3078,15026704.0,3.732825774299313e-05
2024-05-24,11:56:48,40.4301,27.38,24.75,3077,15026703.0,3.73880093770887e-05
2024-05-24,11:56:48,40.4367,27.38,24.75,3077,15026703.0,3.73880093770887e-05
2024-05-24,11:56:48,40.4434,27.38,24.75,3078,15026705.0,3.732825774299313e-05
2024-05-24,11:56:48,40.4499,27.38,24.75,3078,15026705.0,3.732825774299313e-05
2024-05-24,11:56:48,40.4564,27.38,24.75,3078,15026704.0,3.732825774299313e-05
2024-05-24,11:56:48,40.463,27.38,24.75,3078,15026704.0,3.732825774299313e-05
2024-05-24,11:56:48,40.4695,27.38,24.75,3077,15026703.0,3.73880093770887e-05
2024-05-24,11:56:48,40.476,27.38,24.75,3077,15026704.0,3.73880093770887e-05
2024-05-24,11:56:48,40.4825,27.38,24.75,3078,15026704.0,3.732825774299313e-05
2024-05-24,11:56:48,40.4891,27.38,24.75,3078,15026704.0,3.732825774299313e-05
2024-05-24,11:56:48,40.4956,27.38,24.75,3077,15026703.0,3.73880093770887e-05
2024-05-24,11:56:48,40.5021,27.38,24.75,3077,15026703.0,3.73880093770887e-05
2024-05-24,11:56:48,40.5088,27.38,24.75,3078,15026704.0,3.732825774299313e-05
2024-05-24,11:56:48,40.5154,27.38,24.75,3078,15026704.0,3.732825774299313e-05
2024-05-24,11:56:48,40.522,27.38,24.75,3077,15026703.0,3.73880093770887e-05
2024-05-24,11:56:48,40.5285,27.38,24.75,3077,15026703.0,3.73880093770887e-05
2024-05-24,11:56:48,40.535,27.38,24.75,3078,15026704.0,3.732825774299313e-05
2024-05-24,11:56:48,40.5416,27.38,24.75,3077,15026704.0,3.73880093770887e-05
2024-05-24,11:56:48,40.5481,27.38,24.75,3077,15026704.0,3.73880093770887e-05
2024-05-24,11:56:48,40.5546,27.38,24.75,3078,15026704.0,3.732825774299313e-05
2024-05-24,11:56:48,40.5611,27.38,24.75,3077,15026703.0,3.73880093770887e-05
2024-05-24,11:56:48,40.5677,27.38,24.75,3077,15026703.0,3.73880093770887e-05
2024-05-24,11:56:48,40.5742,27.38,24.75,3077,15026703.0,3.73880093770887e-05
2024-05-24,11:56:48,40.5807,27.38,24.75,3077,15026703.0,3.73880093770887e-05
2024-05-24,11:56:48,40.5873,27.38,24.75,3077,15026703.0,3.73880093770887e-05
2024-05-24,11:56:48,40.5939,27.38,24.75,3076,15026703.0,3.744785665609224e-05
2024-05-24,11:56:48,40.6006,27.38,24.75,3077,15026703.0,3.73880093770887e-05
2024-05-24,11:56:48,40.607,27.38,24.75,3078,15026703.0,3.732825774299313e-05
2024-05-24,11:56:48,40.6134,27.38,24.75,3077,15026703.0,3.73880093770887e-05
2024-05-24,11:56:48,40.62,27.38,24.75,3077,15026703.0,3.73880093770887e-05
2024-05-24,11:56:48,40.6267,27.38,24.75,3077,15026703.0,3.73880093770887e-05
2024-05-24,11:56:48,40.6332,27.38,24.75,3077,15026703.0,3.73880093770887e-05
2024-05-24,11:56:48,40.6397,27.38,24.75,3077,15026703.0,3.73880093770887e-05
2024-05-24,11:56:48,40.6463,27.38,24.75,3077,15026703.0,3.73880093770887e-05
2024-05-24,11:56:48,40.6528,27.38,24.75,3078,15026703.0,3.732825774299313e-05
2024-05-24,11:56:48,40.6593,27.38,24.75,3078,15026703.0,3.732825774299313e-05
2024-05-24,11:56:48,40.6658,27.38,24.75,3077,15026703.0,3.73880093770887e-05
2024-05-24,11:56:48,40.6725,27.38,24.75,3077,15026703.0,3.73880093770887e-05
2024-05-24,11:56:48,40.679,27.38,24.75,3078,15026704.0,3.732825774299313e-05
2024-05-24,11:56:48,40.6856,27.38,24.75,3078,15026704.0,3.732825774299313e-05
2024-05-24,11:56:48,40.6921,27.38,24.75,3077,15026702.0,3.73880093770887e-05
2024-05-24,11:56:48,40.6985,27.38,24.75,3077,15026703.0,3.73880093770887e-05
2024-05-24,11:56:48,40.7051,27.38,24.75,3077,15026703.0,3.73880093770887e-05
2024-05-24,11:56:48,40.7118,27.38,24.75,3077,15026703.0,3.73880093770887e-05
2024-05-24,11:56:48,40.7183,27.38,24.75,3077,15026703.0,3.73880093770887e-05
2024-05-24,11:56:48,40.7249,27.38,24.75,3076,15026704.0,3.744785665609224e-05
2024-05-24,11:56:48,40.7314,27.38,24.75,3076,15026703.0,3.744785665609224e-05
2024-05-24,11:56:48,40.7379,27.38,24.75,3076,15026703.0,3.744785665609224e-05
2024-05-24,11:56:48,40.7444,27.38,24.75,3076,15026704.0,3.744785665609224e-05
2024-05-24,11:56:48,40.751,27.38,24.75,3077,15026703.0,3.73880093770887e-05
2024-05-24,11:56:48,40.7575,27.38,24.75,3077,15026703.0,3.73880093770887e-05
2024-05-24,11:56:48,40.7641,27.38,24.75,3076,15026703.0,3.744785665609224e-05
2024-05-24,11:56:49,40.7707,27.38,24.75,3076,15026703.0,3.744785665609224e-05
2024-05-24,11:56:49,40.7772,27.38,24.75,3077,15026703.0,3.73880093770887e-05
2024-05-24,11:56:49,40.7839,27.38,24.75,3077,15026704.0,3.73880093770887e-05
2024-05-24,11:56:49,40.7904,27.38,24.75,3076,15026704.0,3.744785665609224e-05
2024-05-24,11:56:49,40.7969,27.38,24.75,3076,15026704.0,3.744785665609224e-05
2024-05-24,11:56:49,40.8033,27.38,24.75,3076,15026704.0,3.744785665609224e-05
2024-05-24,11:56:49,40.8098,27.38,24.75,3077,15026704.0,3.73880093770887e-05
2024-05-24,11:56:49,40.8165,27.38,24.75,3078,15026704.0,3.732825774299313e-05
2024-05-24,11:56:49,40.823,27.38,24.75,3078,15026704.0,3.732825774299313e-05
2024-05-24,11:56:49,40.8296,27.38,24.75,3077,15026704.0,3.73880093770887e-05
2024-05-24,11:56:49,40.8361,27.38,24.75,3076,15026703.0,3.744785665609224e-05
2024-05-24,11:56:49,40.8427,27.38,24.75,3076,15026704.0,3.744785665609224e-05
2024-05-24,11:56:49,40.8494,27.38,24.75,3076,15026704.0,3.744785665609224e-05
2024-05-24,11:56:49,40.8559,27.38,24.75,3077,15026704.0,3.73880093770887e-05
2024-05-24,11:56:49,40.8623,27.38,24.75,3077,15026703.0,3.73880093770887e-05
2024-05-24,11:56:49,40.8689,27.38,24.75,3076,15026704.0,3.744785665609224e-05
2024-05-24,11:56:49,40.8755,27.38,24.75,3076,15026703.0,3.744785665609224e-05
2024-05-24,11:56:49,40.882,27.38,24.75,3077,15026703.0,3.73880093770887e-05
2024-05-24,11:56:49,40.8886,27.38,24.75,3077,15026704.0,3.73880093770887e-05
2024-05-24,11:56:49,40.8952,27.38,24.75,3077,15026704.0,3.73880093770887e-05
2024-05-24,11:56:49,40.9017,27.38,24.75,3078,15026704.0,3.732825774299313e-05
2024-05-24,11:56:49,40.9081,27.38,24.75,3077,15026704.0,3.73880093770887e-05
2024-05-24,11:56:49,40.9147,27.38,24.75,3076,15026703.0,3.744785665609224e-05
2024-05-24,11:56:49,40.9213,27.38,24.75,3077,15026703.0,3.73880093770887e-05
2024-05-24,11:56:49,40.9279,27.38,24.75,3077,15026703.0,3.73880093770887e-05
2024-05-24,11:56:49,40.9343,27.38,24.75,3077,15026703.0,3.73880093770887e-05
2024-05-24,11:56:49,40.9408,27.38,24.75,3077,15026703.0,3.73880093770887e-05
2024-05-24,11:56:49,40.9474,27.38,24.75,3076,15026704.0,3.744785665609224e-05
2024-05-24,11:56:49,40.9541,27.38,24.75,3076,15026704.0,3.744785665609224e-05
2024-05-24,11:56:49,40.9606,27.38,24.75,3076,15026704.0,3.744785665609224e-05
2024-05-24,11:56:49,40.9672,27.38,24.75,3076,15026704.0,3.744785665609224e-05
2024-05-24,11:56:49,40.9737,27.38,24.75,3077,15026703.0,3.73880093770887e-05
2024-05-24,11:56:49,40.9802,27.38,24.75,3077,15026702.0,3.73880093770887e-05
2024-05-24,11:56:49,40.9869,27.38,24.75,3076,15026703.0,3.744785665609224e-05
2024-05-24,11:56:49,40.9934,27.38,24.75,3075,15026703.0,3.750779973310336e-05
2024-05-24,11:56:49,40.9999,27.38,24.75,3075,15026703.0,3.750779973310336e-05
2024-05-24,11:56:49,41.0065,27.38,24.75,3076,15026704.0,3.744785665609224e-05
2024-05-24,11:56:49,41.013,27.38,24.75,3076,15026704.0,3.744785665609224e-05
2024-05-24,11:56:49,41.0196,27.38,24.75,3076,15026703.0,3.744785665609224e-05
2024-05-24,11:56:49,41.0262,27.38,24.75,3076,15026703.0,3.744785665609224e-05
2024-05-24,11:56:49,41.0327,27.38,24.75,3076,15026704.0,3.744785665609224e-05
2024-05-24,11:56:49,41.0392,27.38,24.75,3076,15026704.0,3.744785665609224e-05
2024-05-24,11:56:49,41.0457,27.38,24.75,3077,15026704.0,3.73880093770887e-05
2024-05-24,11:56:49,41.0523,27.38,24.75,3077,15026704.0,3.73880093770887e-05
2024-05-24,11:56:49,41.0588,27.38,24.75,3076,15026703.0,3.744785665609224e-05
2024-05-24,11:56:49,41.0655,27.38,24.75,3077,15026703.0,3.73880093770887e-05
2024-05-24,11:56:49,41.072,27.38,24.75,3077,15026702.0,3.73880093770887e-05
2024-05-24,11:56:49,41.0785,27.38,24.75,3076,15026703.0,3.744785665609224e-05
2024-05-24,11:56:49,41.0852,27.38,24.75,3076,15026703.0,3.744785665609224e-05
2024-05-24,11:56:49,41.0917,27.38,24.75,3076,15026704.0,3.744785665609224e-05
2024-05-24,11:56:49,41.0982,27.38,24.75,3076,15026704.0,3.744785665609224e-05
2024-05-24,11:56:49,41.1048,27.38,24.75,3076,15026704.0,3.744785665609224e-05
2024-05-24,11:56:49,41.1113,27.38,24.75,3076,15026703.0,3.744785665609224e-05
2024-05-24,11:56:49,41.1178,27.38,24.75,3077,15026703.0,3.73880093770887e-05
2024-05-24,11:56:49,41.1245,27.38,24.75,3077,15026704.0,3.73880093770887e-05
2024-05-24,11:56:49,41.131,27.38,24.75,3076,15026704.0,3.744785665609224e-05
2024-05-24,11:56:49,41.1375,27.38,24.75,3076,15026703.0,3.744785665609224e-05
2024-05-24,11:56:49,41.1442,27.38,24.75,3075,15026703.0,3.750779973310336e-05
2024-05-24,11:56:49,41.1507,27.38,24.75,3075,15026703.0,3.750779973310336e-05
2024-05-24,11:56:49,41.1572,27.38,24.75,3076,15026702.0,3.744785665609224e-05
2024-05-24,11:56:49,41.1638,27.38,24.75,3076,15026704.0,3.744785665609224e-05
2024-05-24,11:56:49,41.1703,27.38,24.75,3076,15026704.0,3.744785665609224e-05
2024-05-24,11:56:49,41.1768,27.38,24.75,3076,15026703.0,3.744785665609224e-05
2024-05-24,11:56:49,41.1835,27.38,24.75,3076,15026703.0,3.744785665609224e-05
2024-05-24,11:56:49,41.1901,27.38,24.75,3076,15026702.0,3.744785665609224e-05
2024-05-24,11:56:49,41.1967,27.38,24.75,3077,15026702.0,3.73880093770887e-05
2024-05-24,11:56:49,41.2032,27.38,24.75,3077,15026704.0,3.73880093770887e-05
2024-05-24,11:56:49,41.2096,27.38,24.75,3076,15026704.0,3.744785665609224e-05
2024-05-24,11:56:49,41.2161,27.38,24.75,3076,15026704.0,3.744785665609224e-05
2024-05-24,11:56:49,41.2228,27.38,24.75,3076,15026704.0,3.744785665609224e-05
2024-05-24,11:56:49,41.2293,27.38,24.75,3076,15026702.0,3.744785665609224e-05
2024-05-24,11:56:49,41.2358,27.38,24.75,3077,15026702.0,3.73880093770887e-05
2024-05-24,11:56:49,41.2424,27.38,24.75,3077,15026702.0,3.73880093770887e-05
2024-05-24,11:56:49,41.2489,27.38,24.75,3076,15026703.0,3.744785665609224e-05
2024-05-24,11:56:49,41.2554,27.38,24.75,3076,15026704.0,3.744785665609224e-05
2024-05-24,11:56:49,41.2621,27.38,24.75,3076,15026704.0,3.744785665609224e-05
2024-05-24,11:56:49,41.2686,27.38,24.75,3076,15026704.0,3.744785665609224e-05
2024-05-24,11:56:49,41.275,27.38,24.75,3077,15026703.0,3.73880093770887e-05
2024-05-24,11:56:49,41.2817,27.38,24.75,3076,15026702.0,3.744785665609224e-05
2024-05-24,11:56:49,41.2883,27.38,24.75,3075,15026702.0,3.750779973310336e-05
2024-05-24,11:56:49,41.2948,27.31,24.75,3076,15026703.0,3.744785665609224e-05
2024-05-24,11:56:49,41.3014,27.31,24.75,3076,15026703.0,3.744785665609224e-05
2024-05-24,11:56:49,41.3079,27.31,24.75,3076,15026704.0,3.744785665609224e-05
2024-05-24,11:56:49,41.3144,27.31,24.75,3076,15026704.0,3.744785665609224e-05
2024-05-24,11:56:49,41.3209,27.31,24.75,3076,15026702.0,3.744785665609224e-05
2024-05-24,11:56:49,41.3275,27.31,24.75,3076,15026702.0,3.744785665609224e-05
2024-05-24,11:56:49,41.334,27.31,24.75,3076,15026703.0,3.744785665609224e-05
2024-05-24,11:56:49,41.3407,27.31,24.75,3076,15026703.0,3.744785665609224e-05
2024-05-24,11:56:49,41.3472,27.31,24.75,3076,15026703.0,3.744785665609224e-05
2024-05-24,11:56:49,41.3536,27.31,24.75,3076,15026703.0,3.744785665609224e-05
2024-05-24,11:56:49,41.3602,27.31,24.75,3076,15026703.0,3.744785665609224e-05
2024-05-24,11:56:49,41.3669,27.31,24.75,3076,15026703.0,3.744785665609224e-05
2024-05-24,11:56:49,41.3734,27.31,24.75,3076,15026702.0,3.744785665609224e-05
2024-05-24,11:56:49,41.38,27.31,24.75,3075,15026703.0,3.750779973310336e-05
2024-05-24,11:56:49,41.3865,27.31,24.75,3074,15026703.0,3.756783876146659e-05
2024-05-24,11:56:49,41.393,27.31,24.75,3075,15026703.0,3.750779973310336e-05
2024-05-24,11:56:49,41.3995,27.31,24.75,3076,15026703.0,3.744785665609224e-05
2024-05-24,11:56:49,41.4062,27.31,24.75,3076,15026703.0,3.744785665609224e-05
2024-05-24,11:56:49,41.4127,27.31,24.75,3076,15026702.0,3.744785665609224e-05
2024-05-24,11:56:49,41.4191,27.31,24.75,3076,15026702.0,3.744785665609224e-05
2024-05-24,11:56:49,41.4257,27.31,24.75,3076,15026703.0,3.744785665609224e-05
2024-05-24,11:56:49,41.4323,27.31,24.75,3076,15026703.0,3.744785665609224e-05
2024-05-24,11:56:49,41.439,27.31,24.75,3075,15026703.0,3.750779973310336e-05
2024-05-24,11:56:49,41.4455,27.31,24.75,3075,15026703.0,3.750779973310336e-05
2024-05-24,11:56:49,41.452,27.31,24.75,3075,15026703.0,3.750779973310336e-05
2024-05-24,11:56:49,41.4585,27.31,24.75,3075,15026703.0,3.750779973310336e-05
2024-05-24,11:56:49,41.4651,27.31,24.75,3075,15026703.0,3.750779973310336e-05
2024-05-24,11:56:49,41.4716,27.31,24.75,3075,15026703.0,3.750779973310336e-05
2024-05-24,11:56:49,41.4781,27.31,24.75,3075,15026702.0,3.750779973310336e-05
2024-05-24,11:56:49,41.4848,27.31,24.75,3075,15026702.0,3.750779973310336e-05
2024-05-24,11:56:49,41.4914,27.31,24.75,3076,15026703.0,3.744785665609224e-05
2024-05-24,11:56:49,41.498,27.31,24.75,3076,15026703.0,3.744785665609224e-05
2024-05-24,11:56:49,41.5045,27.31,24.75,3076,15026702.0,3.744785665609224e-05
2024-05-24,11:56:49,41.511,27.31,24.75,3076,15026703.0,3.744785665609224e-05
2024-05-24,11:56:49,41.5176,27.31,24.75,3075,15026702.0,3.750779973310336e-05
2024-05-24,11:56:49,41.5241,27.31,24.75,3075,15026703.0,3.750779973310336e-05
2024-05-24,11:56:49,41.5306,27.31,24.75,3075,15026703.0,3.750779973310336e-05
2024-05-24,11:56:49,41.5371,27.31,24.75,3075,15026703.0,3.750779973310336e-05
2024-05-24,11:56:49,41.5437,27.31,24.75,3076,15026703.0,3.744785665609224e-05
2024-05-24,11:56:49,41.5503,27.31,24.75,3076,15026704.0,3.744785665609224e-05
2024-05-24,11:56:49,41.5569,27.31,24.75,3076,15026702.0,3.744785665609224e-05
2024-05-24,11:56:49,41.5634,27.31,24.75,3077,15026702.0,3.73880093770887e-05
2024-05-24,11:56:49,41.57,27.31,24.75,3076,15026702.0,3.744785665609224e-05
2024-05-24,11:56:49,41.5764,27.31,24.75,3075,15026703.0,3.750779973310336e-05
2024-05-24,11:56:49,41.5828,27.31,24.75,3075,15026703.0,3.750779973310336e-05
2024-05-24,11:56:49,41.5894,27.31,24.75,3075,15026702.0,3.750779973310336e-05
2024-05-24,11:56:49,41.596,27.31,24.75,3075,15026702.0,3.750779973310336e-05
2024-05-24,11:56:49,41.6027,27.31,24.75,3075,15026702.0,3.750779973310336e-05
2024-05-24,11:56:49,41.6092,27.31,24.75,3076,15026703.0,3.744785665609224e-05
2024-05-24,11:56:49,41.6157,27.31,24.75,3076,15026703.0,3.744785665609224e-05
2024-05-24,11:56:49,41.6223,27.31,24.75,3075,15026703.0,3.750779973310336e-05
2024-05-24,11:56:49,41.6288,27.31,24.75,3075,15026703.0,3.750779973310336e-05
2024-05-24,11:56:49,41.6353,27.31,24.75,3075,15026702.0,3.750779973310336e-05
2024-05-24,11:56:49,41.6418,27.31,24.75,3075,15026701.0,3.750779973310336e-05
2024-05-24,11:56:49,41.6485,27.31,24.75,3075,15026702.0,3.750779973310336e-05
2024-05-24,11:56:49,41.655,27.31,24.75,3075,15026702.0,3.750779973310336e-05
2024-05-24,11:56:49,41.6614,27.31,24.75,3076,15026703.0,3.744785665609224e-05
2024-05-24,11:56:49,41.668,27.31,24.75,3075,15026703.0,3.750779973310336e-05
2024-05-24,11:56:49,41.6746,27.31,24.75,3074,15026702.0,3.756783876146659e-05
2024-05-24,11:56:49,41.6813,27.31,24.75,3075,15026702.0,3.750779973310336e-05
2024-05-24,11:56:49,41.6878,27.31,24.75,3076,15026703.0,3.744785665609224e-05
2024-05-24,11:56:49,41.6943,27.31,24.75,3076,15026703.0,3.744785665609224e-05
2024-05-24,11:56:49,41.7009,27.31,24.75,3075,15026703.0,3.750779973310336e-05
2024-05-24,11:56:49,41.7074,27.31,24.75,3074,15026703.0,3.756783876146659e-05
2024-05-24,11:56:49,41.7139,27.31,24.75,3074,15026703.0,3.756783876146659e-05
2024-05-24,11:56:49,41.7204,27.31,24.75,3074,15026703.0,3.756783876146659e-05
2024-05-24,11:56:49,41.727,27.31,24.75,3074,15026703.0,3.756783876146659e-05
2024-05-24,11:56:49,41.7336,27.31,24.75,3075,15026702.0,3.750779973310336e-05
2024-05-24,11:56:49,41.7401,27.31,24.75,3075,15026702.0,3.750779973310336e-05
2024-05-24,11:56:49,41.7467,27.31,24.75,3075,15026702.0,3.750779973310336e-05
2024-05-24,11:56:49,41.7533,27.31,24.75,3075,15026703.0,3.750779973310336e-05
2024-05-24,11:56:49,41.7599,27.31,24.75,3075,15026703.0,3.750779973310336e-05
2024-05-24,11:56:49,41.7664,27.31,24.75,3075,15026702.0,3.750779973310336e-05
2024-05-24,11:56:50,41.7729,27.31,24.75,3074,15026703.0,3.756783876146659e-05
2024-05-24,11:56:50,41.7794,27.31,24.75,3074,15026703.0,3.756783876146659e-05
2024-05-24,11:56:50,41.786,27.31,24.75,3075,15026703.0,3.750779973310336e-05
2024-05-24,11:56:50,41.7925,27.31,24.75,3076,15026703.0,3.744785665609224e-05
2024-05-24,11:56:50,41.799,27.31,24.75,3075,15026703.0,3.750779973310336e-05
2024-05-24,11:56:50,41.8056,27.31,24.75,3075,15026703.0,3.750779973310336e-05
2024-05-24,11:56:50,41.8122,27.31,24.75,3075,15026703.0,3.750779973310336e-05
2024-05-24,11:56:50,41.8189,27.31,24.75,3074,15026703.0,3.756783876146659e-05
2024-05-24,11:56:50,41.8254,27.31,24.75,3075,15026703.0,3.750779973310336e-05
2024-05-24,11:56:50,41.8319,27.31,24.75,3075,15026702.0,3.750779973310336e-05
2024-05-24,11:56:50,41.8385,27.31,24.75,3075,15026702.0,3.750779973310336e-05
2024-05-24,11:56:50,41.845,27.31,24.75,3075,15026703.0,3.750779973310336e-05
2024-05-24,11:56:50,41.8515,27.31,24.75,3074,15026703.0,3.756783876146659e-05
2024-05-24,11:56:50,41.858,27.31,24.75,3074,15026703.0,3.756783876146659e-05
2024-05-24,11:56:50,41.8646,27.31,24.75,3075,15026702.0,3.750779973310336e-05
2024-05-24,11:56:50,41.8711,27.31,24.75,3075,15026703.0,3.750779973310336e-05
2024-05-24,11:56:50,41.8777,27.31,24.75,3074,15026703.0,3.756783876146659e-05
2024-05-24,11:56:50,41.8843,27.31,24.75,3074,15026703.0,3.756783876146659e-05
2024-05-24,11:56:50,41.8908,27.31,24.75,3075,15026702.0,3.750779973310336e-05
2024-05-24,11:56:50,41.8975,27.31,24.75,3076,15026704.0,3.744785665609224e-05
2024-05-24,11:56:50,41.9039,27.31,24.75,3075,15026704.0,3.750779973310336e-05
2024-05-24,11:56:50,41.9104,27.31,24.75,3074,15026702.0,3.756783876146659e-05
2024-05-24,11:56:50,41.917,27.31,24.75,3075,15026702.0,3.750779973310336e-05
2024-05-24,11:56:50,41.9236,27.31,24.75,3075,15026701.0,3.750779973310336e-05
2024-05-24,11:56:50,41.9301,27.31,24.75,3075,15026701.0,3.750779973310336e-05
2024-05-24,11:56:50,41.9366,27.31,24.75,3075,15026703.0,3.750779973310336e-05
2024-05-24,11:56:50,41.9433,27.31,24.75,3075,15026703.0,3.750779973310336e-05
2024-05-24,11:56:50,41.9498,27.31,24.75,3075,15026703.0,3.750779973310336e-05
2024-05-24,11:56:50,41.9563,27.31,24.75,3074,15026704.0,3.756783876146659e-05
2024-05-24,11:56:50,41.9629,27.31,24.75,3074,15026702.0,3.756783876146659e-05
2024-05-24,11:56:50,41.9694,27.31,24.75,3074,15026702.0,3.756783876146659e-05
2024-05-24,11:56:50,41.9759,27.31,24.75,3074,15026702.0,3.756783876146659e-05
2024-05-24,11:56:50,41.9825,27.31,24.75,3075,15026702.0,3.750779973310336e-05
2024-05-24,11:56:50,41.9891,27.31,24.75,3075,15026702.0,3.750779973310336e-05
2024-05-24,11:56:50,41.9956,27.31,24.75,3075,15026702.0,3.750779973310336e-05
2024-05-24,11:56:50,42.0022,27.31,24.75,3075,15026702.0,3.750779973310336e-05
2024-05-24,11:56:50,42.0087,27.31,24.75,3075,15026702.0,3.750779973310336e-05
2024-05-24,11:56:50,42.0152,27.31,24.75,3075,15026702.0,3.750779973310336e-05
2024-05-24,11:56:50,42.0219,27.31,24.75,3075,15026702.0,3.750779973310336e-05
2024-05-24,11:56:50,42.0284,27.31,24.75,3075,15026702.0,3.750779973310336e-05
2024-05-24,11:56:50,42.0349,27.31,24.75,3074,15026703.0,3.756783876146659e-05
2024-05-24,11:56:50,42.0416,27.31,24.75,3074,15026703.0,3.756783876146659e-05
2024-05-24,11:56:50,42.0481,27.31,24.75,3075,15026702.0,3.750779973310336e-05
2024-05-24,11:56:50,42.0546,27.31,24.75,3075,15026702.0,3.750779973310336e-05
2024-05-24,11:56:50,42.0612,27.31,24.75,3075,15026702.0,3.750779973310336e-05
2024-05-24,11:56:50,42.0677,27.31,24.75,3075,15026702.0,3.750779973310336e-05
2024-05-24,11:56:50,42.0742,27.31,24.75,3074,15026702.0,3.756783876146659e-05
2024-05-24,11:56:50,42.0808,27.31,24.75,3074,15026703.0,3.756783876146659e-05
2024-05-24,11:56:50,42.0873,27.31,24.75,3075,15026702.0,3.750779973310336e-05
2024-05-24,11:56:50,42.0938,27.31,24.75,3075,15026702.0,3.750779973310336e-05
2024-05-24,11:56:50,42.1005,27.31,24.75,3074,15026702.0,3.756783876146659e-05
2024-05-24,11:56:50,42.107,27.31,24.75,3074,15026703.0,3.756783876146659e-05
2024-05-24,11:56:50,42.1135,27.31,24.75,3075,15026702.0,3.750779973310336e-05
2024-05-24,11:56:50,42.1202,27.31,24.75,3075,15026701.0,3.750779973310336e-05
2024-05-24,11:56:50,42.1267,27.31,24.75,3074,15026702.0,3.756783876146659e-05
2024-05-24,11:56:50,42.1332,27.31,24.75,3074,15026702.0,3.756783876146659e-05
2024-05-24,11:56:50,42.1398,27.31,24.75,3074,15026702.0,3.756783876146659e-05
2024-05-24,11:56:50,42.1463,27.31,24.75,3074,15026702.0,3.756783876146659e-05
2024-05-24,11:56:50,42.1528,27.31,24.75,3074,15026702.0,3.756783876146659e-05
2024-05-24,11:56:50,42.1593,27.31,24.75,3074,15026702.0,3.756783876146659e-05
2024-05-24,11:56:50,42.1659,27.31,24.75,3075,15026701.0,3.750779973310336e-05
2024-05-24,11:56:50,42.1725,27.31,24.75,3074,15026702.0,3.756783876146659e-05
2024-05-24,11:56:50,42.1792,27.31,24.75,3073,15026702.0,3.76279738947721e-05
2024-05-24,11:56:50,42.1857,27.31,24.75,3074,15026703.0,3.756783876146659e-05
2024-05-24,11:56:50,42.1922,27.31,24.75,3074,15026703.0,3.756783876146659e-05
2024-05-24,11:56:50,42.1988,27.31,24.75,3074,15026702.0,3.756783876146659e-05
2024-05-24,11:56:50,42.2053,27.31,24.75,3075,15026701.0,3.750779973310336e-05
2024-05-24,11:56:50,42.2118,27.31,24.75,3075,15026702.0,3.750779973310336e-05
2024-05-24,11:56:50,42.2184,27.31,24.75,3074,15026702.0,3.756783876146659e-05
2024-05-24,11:56:50,42.2249,27.31,24.75,3074,15026703.0,3.756783876146659e-05
2024-05-24,11:56:50,42.2315,27.31,24.75,3075,15026702.0,3.750779973310336e-05
2024-05-24,11:56:50,42.2382,27.31,24.75,3075,15026703.0,3.750779973310336e-05
2024-05-24,11:56:50,42.2447,27.31,24.75,3074,15026703.0,3.756783876146659e-05
2024-05-24,11:56:50,42.2513,27.31,24.75,3073,15026701.0,3.76279738947721e-05
2024-05-24,11:56:50,42.2578,27.31,24.75,3073,15026701.0,3.76279738947721e-05
2024-05-24,11:56:50,42.2643,27.31,24.75,3073,15026701.0,3.76279738947721e-05
2024-05-24,11:56:50,42.2708,27.31,24.75,3073,15026702.0,3.76279738947721e-05
2024-05-24,11:56:50,42.2774,27.31,24.75,3073,15026702.0,3.76279738947721e-05
2024-05-24,11:56:50,42.2839,27.31,24.75,3073,15026702.0,3.76279738947721e-05
2024-05-24,11:56:50,42.2905,27.31,24.75,3074,15026702.0,3.756783876146659e-05
2024-05-24,11:56:50,42.2972,27.31,24.75,3074,15026702.0,3.756783876146659e-05
2024-05-24,11:56:50,42.3037,27.38,24.75,3073,15026701.0,3.76279738947721e-05
2024-05-24,11:56:50,42.3103,27.38,24.75,3074,15026701.0,3.756783876146659e-05
2024-05-24,11:56:50,42.3168,27.38,24.75,3075,15026702.0,3.750779973310336e-05
2024-05-24,11:56:50,42.3233,27.38,24.75,3074,15026702.0,3.756783876146659e-05
2024-05-24,11:56:50,42.33,27.38,24.75,3073,15026702.0,3.76279738947721e-05
2024-05-24,11:56:50,42.3366,27.38,24.75,3073,15026701.0,3.76279738947721e-05
2024-05-24,11:56:50,42.3432,27.38,24.75,3073,15026701.0,3.76279738947721e-05
2024-05-24,11:56:50,42.3497,27.38,24.75,3073,15026702.0,3.76279738947721e-05
2024-05-24,11:56:50,42.3562,27.38,24.75,3073,15026702.0,3.76279738947721e-05
2024-05-24,11:56:50,42.3629,27.38,24.75,3073,15026702.0,3.76279738947721e-05
2024-05-24,11:56:50,42.3694,27.38,24.75,3073,15026702.0,3.76279738947721e-05
2024-05-24,11:56:50,42.3759,27.38,24.75,3073,15026701.0,3.76279738947721e-05
2024-05-24,11:56:50,42.3826,27.38,24.75,3074,15026702.0,3.756783876146659e-05
2024-05-24,11:56:50,42.3891,27.38,24.75,3074,15026702.0,3.756783876146659e-05
2024-05-24,11:56:50,42.3956,27.38,24.75,3073,15026702.0,3.76279738947721e-05
2024-05-24,11:56:50,42.4022,27.38,24.75,3073,15026702.0,3.76279738947721e-05
2024-05-24,11:56:50,42.4087,27.38,24.75,3073,15026702.0,3.76279738947721e-05
2024-05-24,11:56:50,42.4152,27.38,24.75,3073,15026702.0,3.76279738947721e-05
2024-05-24,11:56:50,42.4217,27.38,24.75,3073,15026701.0,3.76279738947721e-05
2024-05-24,11:56:50,42.4284,27.38,24.75,3073,15026700.0,3.76279738947721e-05
2024-05-24,11:56:50,42.4351,27.38,24.75,3073,15026701.0,3.76279738947721e-05
2024-05-24,11:56:50,42.4416,27.38,24.75,3073,15026701.0,3.76279738947721e-05
2024-05-24,11:56:50,42.4481,27.38,24.75,3073,15026702.0,3.76279738947721e-05
2024-05-24,11:56:50,42.4546,27.38,24.75,3073,15026703.0,3.76279738947721e-05
2024-05-24,11:56:50,42.4612,27.38,24.75,3074,15026703.0,3.756783876146659e-05
2024-05-24,11:56:50,42.4678,27.38,24.75,3074,15026702.0,3.756783876146659e-05
2024-05-24,11:56:50,42.4744,27.38,24.75,3073,15026702.0,3.76279738947721e-05
2024-05-24,11:56:50,42.4808,27.38,24.75,3073,15026702.0,3.76279738947721e-05
2024-05-24,11:56:50,42.4874,27.38,24.75,3073,15026702.0,3.76279738947721e-05
2024-05-24,11:56:50,42.4941,27.38,24.75,3073,15026702.0,3.76279738947721e-05
2024-05-24,11:56:50,42.5005,27.38,24.75,3073,15026702.0,3.76279738947721e-05
2024-05-24,11:56:50,42.507,27.38,24.75,3073,15026702.0,3.76279738947721e-05
2024-05-24,11:56:50,42.5137,27.38,24.75,3074,15026702.0,3.756783876146659e-05
2024-05-24,11:56:50,42.5203,27.38,24.75,3074,15026702.0,3.756783876146659e-05
2024-05-24,11:56:50,42.5268,27.38,24.75,3073,15026702.0,3.76279738947721e-05
2024-05-24,11:56:50,42.5334,27.38,24.75,3073,15026701.0,3.76279738947721e-05
2024-05-24,11:56:50,42.54,27.38,24.75,3073,15026701.0,3.76279738947721e-05
2024-05-24,11:56:50,42.5465,27.38,24.75,3073,15026702.0,3.76279738947721e-05
2024-05-24,11:56:50,42.5531,27.38,24.75,3073,15026702.0,3.76279738947721e-05
2024-05-24,11:56:50,42.5597,27.38,24.75,3073,15026702.0,3.76279738947721e-05
2024-05-24,11:56:50,42.5664,27.38,24.75,3074,15026702.0,3.756783876146659e-05
2024-05-24,11:56:50,42.5729,27.38,24.75,3074,15026702.0,3.756783876146659e-05
2024-05-24,11:56:50,42.5793,27.38,24.75,3073,15026701.0,3.76279738947721e-05
2024-05-24,11:56:50,42.5858,27.38,24.75,3073,15026702.0,3.76279738947721e-05
2024-05-24,11:56:50,42.5925,27.38,24.75,3073,15026702.0,3.76279738947721e-05
2024-05-24,11:56:50,42.599,27.38,24.75,3073,15026702.0,3.76279738947721e-05
2024-05-24,11:56:50,42.6056,27.38,24.75,3073,15026701.0,3.76279738947721e-05
2024-05-24,11:56:50,42.6122,27.38,24.75,3073,15026701.0,3.76279738947721e-05
2024-05-24,11:56:50,42.6189,27.38,24.75,3073,15026701.0,3.76279738947721e-05
2024-05-24,11:56:50,42.6254,27.38,24.75,3073,15026700.0,3.76279738947721e-05
2024-05-24,11:56:50,42.6319,27.38,24.75,3074,15026702.0,3.756783876146659e-05
2024-05-24,11:56:50,42.6385,27.38,24.75,3074,15026703.0,3.756783876146659e-05
2024-05-24,11:56:50,42.645,27.38,24.75,3073,15026702.0,3.76279738947721e-05
2024-05-24,11:56:50,42.6515,27.38,24.75,3073,15026701.0,3.76279738947721e-05
2024-05-24,11:56:50,42.658,27.38,24.75,3073,15026701.0,3.76279738947721e-05
2024-05-24,11:56:50,42.6646,27.38,24.75,3073,15026701.0,3.76279738947721e-05
2024-05-24,11:56:50,42.6712,27.38,24.75,3073,15026701.0,3.76279738947721e-05
2024-05-24,11:56:50,42.6779,27.38,24.75,3073,15026701.0,3.76279738947721e-05
2024-05-24,11:56:50,42.6844,27.38,24.75,3073,15026702.0,3.76279738947721e-05
2024-05-24,11:56:50,42.6909,27.38,24.75,3073,15026702.0,3.76279738947721e-05
2024-05-24,11:56:50,42.6975,27.38,24.75,3073,15026701.0,3.76279738947721e-05
2024-05-24,11:56:50,42.704,27.38,24.75,3073,15026701.0,3.76279738947721e-05
2024-05-24,11:56:50,42.7105,27.38,24.75,3073,15026701.0,3.76279738947721e-05
2024-05-24,11:56:50,42.7172,27.38,24.75,3073,15026701.0,3.76279738947721e-05
2024-05-24,11:56:50,42.7238,27.38,24.75,3073,15026702.0,3.76279738947721e-05
2024-05-24,11:56:50,42.7304,27.38,24.75,3073,15026702.0,3.76279738947721e-05
2024-05-24,11:56:50,42.7369,27.38,24.75,3073,15026701.0,3.76279738947721e-05
2024-05-24,11:56:50,42.7435,27.38,24.75,3073,15026701.0,3.76279738947721e-05
2024-05-24,11:56:50,42.7501,27.38,24.75,3073,15026701.0,3.76279738947721e-05
2024-05-24,11:56:50,42.7566,27.38,24.75,3073,15026701.0,3.76279738947721e-05
2024-05-24,11:56:50,42.7631,27.38,24.75,3073,15026701.0,3.76279738947721e-05
2024-05-24,11:56:51,42.7697,27.38,24.75,3073,15026701.0,3.76279738947721e-05
2024-05-24,11:56:51,42.7763,27.38,24.75,3073,15026700.0,3.76279738947721e-05
2024-05-24,11:56:51,42.7828,27.38,24.75,3073,15026701.0,3.76279738947721e-05
2024-05-24,11:56:51,42.7894,27.38,24.75,3073,15026701.0,3.76279738947721e-05
2024-05-24,11:56:51,42.7959,27.38,24.75,3073,15026701.0,3.76279738947721e-05
2024-05-24,11:56:51,42.8024,27.38,24.75,3072,15026701.0,3.768820528685573e-05
2024-05-24,11:56:51,42.8089,27.38,24.75,3072,15026701.0,3.768820528685573e-05
2024-05-24,11:56:51,42.8156,27.38,24.75,3073,15026701.0,3.76279738947721e-05
2024-05-24,11:56:51,42.8223,27.38,24.75,3072,15026701.0,3.768820528685573e-05
2024-05-24,11:56:51,42.8288,27.38,24.75,3072,15026701.0,3.768820528685573e-05
2024-05-24,11:56:51,42.8353,27.38,24.75,3073,15026701.0,3.76279738947721e-05
2024-05-24,11:56:51,42.8418,27.38,24.75,3074,15026701.0,3.756783876146659e-05
2024-05-24,11:56:51,42.8485,27.38,24.75,3074,15026702.0,3.756783876146659e-05
2024-05-24,11:56:51,42.855,27.38,24.75,3073,15026701.0,3.76279738947721e-05
2024-05-24,11:56:51,42.8616,27.38,24.75,3073,15026701.0,3.76279738947721e-05
2024-05-24,11:56:51,42.8682,27.38,24.75,3073,15026701.0,3.76279738947721e-05
2024-05-24,11:56:51,42.8747,27.38,24.75,3073,15026701.0,3.76279738947721e-05
2024-05-24,11:56:51,42.8813,27.38,24.75,3073,15026701.0,3.76279738947721e-05
2024-05-24,11:56:51,42.8878,27.38,24.75,3073,15026702.0,3.76279738947721e-05
2024-05-24,11:56:51,42.8943,27.38,24.75,3073,15026701.0,3.76279738947721e-05
2024-05-24,11:56:51,42.901,27.38,24.75,3073,15026702.0,3.76279738947721e-05
2024-05-24,11:56:51,42.9076,27.38,24.75,3073,15026701.0,3.76279738947721e-05
2024-05-24,11:56:51,42.9142,27.38,24.75,3073,15026700.0,3.76279738947721e-05
2024-05-24,11:56:51,42.9207,27.38,24.75,3072,15026700.0,3.768820528685573e-05
2024-05-24,11:56:51,42.9272,27.38,24.75,3072,15026700.0,3.768820528685573e-05
2024-05-24,11:56:51,42.9339,27.38,24.75,3073,15026701.0,3.76279738947721e-05
2024-05-24,11:56:51,42.9405,27.38,24.75,3073,15026701.0,3.76279738947721e-05
2024-05-24,11:56:51,42.9471,27.38,24.75,3073,15026701.0,3.76279738947721e-05
2024-05-24,11:56:51,42.9536,27.38,24.75,3073,15026701.0,3.76279738947721e-05
2024-05-24,11:56:51,42.9601,27.38,24.75,3073,15026700.0,3.76279738947721e-05
2024-05-24,11:56:51,42.9668,27.38,24.75,3073,15026700.0,3.76279738947721e-05
2024-05-24,11:56:51,42.9733,27.38,24.75,3073,15026701.0,3.76279738947721e-05
2024-05-24,11:56:51,42.9798,27.38,24.75,3073,15026701.0,3.76279738947721e-05
2024-05-24,11:56:51,42.9865,27.38,24.75,3072,15026700.0,3.768820528685573e-05
2024-05-24,11:56:51,42.993,27.38,24.75,3071,15026701.0,3.774853309179975e-05
2024-05-24,11:56:51,42.9995,27.38,24.75,3071,15026701.0,3.774853309179975e-05
2024-05-24,11:56:51,43.0062,27.38,24.75,3071,15026700.0,3.774853309179975e-05
2024-05-24,11:56:51,43.0129,27.38,24.75,3072,15026700.0,3.768820528685573e-05
2024-05-24,11:56:51,43.0194,27.38,24.75,3073,15026700.0,3.76279738947721e-05
2024-05-24,11:56:51,43.0259,27.38,24.75,3073,15026701.0,3.76279738947721e-05
2024-05-24,11:56:51,43.0324,27.38,24.75,3072,15026701.0,3.768820528685573e-05
2024-05-24,11:56:51,43.039,27.38,24.75,3072,15026701.0,3.768820528685573e-05
2024-05-24,11:56:51,43.0456,27.38,24.75,3073,15026700.0,3.76279738947721e-05
2024-05-24,11:56:51,43.0523,27.38,24.75,3073,15026701.0,3.76279738947721e-05
2024-05-24,11:56:51,43.0588,27.38,24.75,3073,15026701.0,3.76279738947721e-05
2024-05-24,11:56:51,43.0653,27.38,24.75,3073,15026701.0,3.76279738947721e-05
2024-05-24,11:56:51,43.0719,27.38,24.75,3072,15026701.0,3.768820528685573e-05
2024-05-24,11:56:51,43.0784,27.38,24.75,3072,15026701.0,3.768820528685573e-05
2024-05-24,11:56:51,43.085,27.38,24.75,3073,15026701.0,3.76279738947721e-05
2024-05-24,11:56:51,43.0917,27.38,24.75,3073,15026700.0,3.76279738947721e-05
2024-05-24,11:56:51,43.0982,27.38,24.75,3072,15026701.0,3.768820528685573e-05
2024-05-24,11:56:51,43.1048,27.38,24.75,3071,15026701.0,3.774853309179975e-05
2024-05-24,11:56:51,43.1113,27.38,24.75,3071,15026701.0,3.774853309179975e-05
2024-05-24,11:56:51,43.1178,27.38,24.75,3071,15026700.0,3.774853309179975e-05
2024-05-24,11:56:51,43.1245,27.38,24.75,3072,15026700.0,3.768820528685573e-05
2024-05-24,11:56:51,43.1311,27.38,24.75,3073,15026700.0,3.76279738947721e-05
2024-05-24,11:56:51,43.1377,27.38,24.75,3072,15026701.0,3.768820528685573e-05
2024-05-24,11:56:51,43.1442,27.38,24.75,3071,15026701.0,3.774853309179975e-05
2024-05-24,11:56:51,43.1507,27.38,24.75,3071,15026701.0,3.774853309179975e-05
2024-05-24,11:56:51,43.1572,27.38,24.75,3071,15026700.0,3.774853309179975e-05
2024-05-24,11:56:51,43.1639,27.38,24.75,3071,15026700.0,3.774853309179975e-05
2024-05-24,11:56:51,43.1705,27.38,24.75,3071,15026700.0,3.774853309179975e-05
2024-05-24,11:56:51,43.1771,27.38,24.75,3071,15026700.0,3.774853309179975e-05
2024-05-24,11:56:51,43.1836,27.38,24.75,3072,15026701.0,3.768820528685573e-05
2024-05-24,11:56:51,43.1903,27.38,24.75,3073,15026701.0,3.76279738947721e-05
2024-05-24,11:56:51,43.1968,27.38,24.75,3073,15026701.0,3.76279738947721e-05
2024-05-24,11:56:51,43.2033,27.38,24.75,3073,15026701.0,3.76279738947721e-05
2024-05-24,11:56:51,43.21,27.38,24.75,3072,15026700.0,3.768820528685573e-05
2024-05-24,11:56:51,43.2165,27.38,24.75,3071,15026701.0,3.774853309179975e-05
2024-05-24,11:56:51,43.223,27.38,24.75,3072,15026701.0,3.768820528685573e-05
2024-05-24,11:56:51,43.2296,27.38,24.75,3072,15026701.0,3.768820528685573e-05
2024-05-24,11:56:51,43.2361,27.38,24.75,3071,15026701.0,3.774853309179975e-05
2024-05-24,11:56:51,43.2427,27.38,24.75,3071,15026700.0,3.774853309179975e-05
2024-05-24,11:56:51,43.2494,27.38,24.75,3071,15026701.0,3.774853309179975e-05
2024-05-24,11:56:51,43.2559,27.38,24.75,3071,15026700.0,3.774853309179975e-05
2024-05-24,11:56:51,43.2625,27.38,24.75,3071,15026699.0,3.774853309179975e-05
2024-05-24,11:56:51,43.2691,27.38,24.75,3071,15026700.0,3.774853309179975e-05
2024-05-24,11:56:51,43.2756,27.38,24.75,3072,15026701.0,3.768820528685573e-05
2024-05-24,11:56:51,43.2822,27.38,24.75,3072,15026701.0,3.768820528685573e-05
2024-05-24,11:56:51,43.2888,27.38,24.75,3071,15026700.0,3.774853309179975e-05
2024-05-24,11:56:51,43.2953,27.38,24.75,3071,15026700.0,3.774853309179975e-05
2024-05-24,11:56:51,43.3019,27.38,24.75,3071,15026701.0,3.774853309179975e-05
2024-05-24,11:56:51,43.3085,27.38,24.75,3071,15026701.0,3.774853309179975e-05
2024-05-24,11:56:51,43.3151,27.31,24.75,3072,15026701.0,3.768820528685573e-05
2024-05-24,11:56:51,43.3216,27.31,24.75,3072,15026700.0,3.768820528685573e-05
2024-05-24,11:56:51,43.3282,27.31,24.75,3071,15026701.0,3.774853309179975e-05
2024-05-24,11:56:51,43.3348,27.31,24.75,3071,15026701.0,3.774853309179975e-05
2024-05-24,11:56:51,43.3413,27.31,24.75,3071,15026701.0,3.774853309179975e-05
2024-05-24,11:56:51,43.348,27.31,24.75,3072,15026700.0,3.768820528685573e-05
2024-05-24,11:56:51,43.3545,27.31,24.75,3072,15026700.0,3.768820528685573e-05
2024-05-24,11:56:51,43.361,27.31,24.75,3071,15026700.0,3.774853309179975e-05
2024-05-24,11:56:51,43.3677,27.31,24.75,3072,15026701.0,3.768820528685573e-05
2024-05-24,11:56:51,43.3742,27.31,24.75,3072,15026701.0,3.768820528685573e-05
2024-05-24,11:56:51,43.3807,27.31,24.75,3071,15026700.0,3.774853309179975e-05
2024-05-24,11:56:51,43.3874,27.31,24.75,3071,15026700.0,3.774853309179975e-05
2024-05-24,11:56:51,43.394,27.31,24.75,3072,15026700.0,3.768820528685573e-05
2024-05-24,11:56:51,43.4006,27.31,24.75,3072,15026700.0,3.768820528685573e-05
2024-05-24,11:56:51,43.4071,27.31,24.75,3071,15026700.0,3.774853309179975e-05
2024-05-24,11:56:51,43.4137,27.31,24.75,3071,15026699.0,3.774853309179975e-05
2024-05-24,11:56:51,43.4203,27.31,24.75,3071,15026700.0,3.774853309179975e-05
2024-05-24,11:56:51,43.4268,27.31,24.75,3071,15026700.0,3.774853309179975e-05
2024-05-24,11:56:51,43.4335,27.31,24.75,3072,15026701.0,3.768820528685573e-05
2024-05-24,11:56:51,43.44,27.31,24.75,3072,15026701.0,3.768820528685573e-05
2024-05-24,11:56:51,43.4465,27.31,24.75,3071,15026699.0,3.774853309179975e-05
2024-05-24,11:56:51,43.4532,27.31,24.75,3071,15026699.0,3.774853309179975e-05
2024-05-24,11:56:51,43.4598,27.31,24.75,3071,15026700.0,3.774853309179975e-05
2024-05-24,11:56:51,43.4664,27.31,24.75,3071,15026700.0,3.774853309179975e-05
2024-05-24,11:56:51,43.4729,27.31,24.75,3071,15026701.0,3.774853309179975e-05
2024-05-24,11:56:51,43.4794,27.31,24.75,3071,15026700.0,3.774853309179975e-05
2024-05-24,11:56:51,43.4859,27.31,24.75,3071,15026700.0,3.774853309179975e-05
2024-05-24,11:56:51,43.4926,27.31,24.75,3071,15026700.0,3.774853309179975e-05
2024-05-24,11:56:51,43.4993,27.31,24.75,3071,15026701.0,3.774853309179975e-05
2024-05-24,11:56:51,43.5058,27.31,24.75,3070,15026701.0,3.780895746393291e-05
2024-05-24,11:56:51,43.5123,27.31,24.75,3071,15026701.0,3.774853309179975e-05
2024-05-24,11:56:51,43.5188,27.31,24.75,3072,15026701.0,3.768820528685573e-05
2024-05-24,11:56:51,43.5254,27.31,24.75,3071,15026700.0,3.774853309179975e-05
2024-05-24,11:56:51,43.532,27.31,24.75,3071,15026700.0,3.774853309179975e-05
2024-05-24,11:56:51,43.5387,27.31,24.75,3071,15026701.0,3.774853309179975e-05
2024-05-24,11:56:51,43.5452,27.31,24.75,3071,15026701.0,3.774853309179975e-05
2024-05-24,11:56:51,43.5517,27.31,24.75,3071,15026700.0,3.774853309179975e-05
2024-05-24,11:56:51,43.5584,27.31,24.75,3071,15026701.0,3.774853309179975e-05
2024-05-24,11:56:51,43.565,27.31,24.75,3071,15026700.0,3.774853309179975e-05
2024-05-24,11:56:51,43.5716,27.31,24.75,3072,15026699.0,3.768820528685573e-05
2024-05-24,11:56:51,43.5781,27.31,24.75,3072,15026700.0,3.768820528685573e-05
2024-05-24,11:56:51,43.5846,27.31,24.75,3071,15026700.0,3.774853309179975e-05
2024-05-24,11:56:51,43.5912,27.31,24.75,3071,15026700.0,3.774853309179975e-05
2024-05-24,11:56:51,43.5978,27.31,24.75,3071,15026700.0,3.774853309179975e-05
2024-05-24,11:56:51,43.6043,27.31,24.75,3071,15026699.0,3.774853309179975e-05
2024-05-24,11:56:51,43.6109,27.31,24.75,3071,15026699.0,3.774853309179975e-05
2024-05-24,11:56:51,43.6175,27.31,24.75,3071,15026699.0,3.774853309179975e-05
2024-05-24,11:56:51,43.6242,27.31,24.75,3071,15026700.0,3.774853309179975e-05
2024-05-24,11:56:51,43.6307,27.31,24.75,3071,15026701.0,3.774853309179975e-05
2024-05-24,11:56:51,43.6372,27.31,24.75,3071,15026701.0,3.774853309179975e-05
2024-05-24,11:56:51,43.6438,27.31,24.75,3071,15026700.0,3.774853309179975e-05
2024-05-24,11:56:51,43.6503,27.31,24.75,3071,15026700.0,3.774853309179975e-05
2024-05-24,11:56:51,43.6569,27.31,24.75,3071,15026699.0,3.774853309179975e-05
2024-05-24,11:56:51,43.6635,27.31,24.75,3071,15026699.0,3.774853309179975e-05
2024-05-24,11:56:51,43.67,27.31,24.75,3071,15026700.0,3.774853309179975e-05
2024-05-24,11:56:51,43.6767,27.31,24.75,3071,15026700.0,3.774853309179975e-05
2024-05-24,11:56:51,43.6833,27.31,24.75,3071,15026699.0,3.774853309179975e-05
2024-05-24,11:56:51,43.6898,27.31,24.75,3071,15026699.0,3.774853309179975e-05
2024-05-24,11:56:51,43.6964,27.31,24.75,3071,15026699.0,3.774853309179975e-05
2024-05-24,11:56:51,43.703,27.31,24.75,3071,15026699.0,3.774853309179975e-05
2024-05-24,11:56:51,43.7096,27.31,24.75,3071,15026700.0,3.774853309179975e-05
2024-05-24,11:56:51,43.7161,27.31,24.75,3071,15026700.0,3.774853309179975e-05
2024-05-24,11:56:51,43.7227,27.31,24.75,3071,15026701.0,3.774853309179975e-05
2024-05-24,11:56:51,43.7294,27.31,24.75,3071,15026701.0,3.774853309179975e-05
2024-05-24,11:56:51,43.7359,27.31,24.75,3071,15026700.0,3.774853309179975e-05
2024-05-24,11:56:51,43.7425,27.31,24.75,3070,15026700.0,3.780895746393291e-05
2024-05-24,11:56:51,43.7491,27.31,24.75,3070,15026700.0,3.780895746393291e-05
2024-05-24,11:56:51,43.7556,27.31,24.75,3071,15026700.0,3.774853309179975e-05
2024-05-24,11:56:51,43.7622,27.31,24.75,3071,15026700.0,3.774853309179975e-05
2024-05-24,11:56:52,43.7688,27.31,24.75,3071,15026700.0,3.774853309179975e-05
2024-05-24,11:56:52,43.7755,27.31,24.75,3071,15026699.0,3.774853309179975e-05
2024-05-24,11:56:52,43.782,27.31,24.75,3070,15026699.0,3.780895746393291e-05
2024-05-24,11:56:52,43.7885,27.31,24.75,3070,15026699.0,3.780895746393291e-05
2024-05-24,11:56:52,43.7952,27.31,24.75,3071,15026699.0,3.774853309179975e-05
2024-05-24,11:56:52,43.8018,27.31,24.75,3071,15026701.0,3.774853309179975e-05
2024-05-24,11:56:52,43.8084,27.31,24.75,3070,15026701.0,3.780895746393291e-05
2024-05-24,11:56:52,43.8149,27.31,24.75,3070,15026700.0,3.780895746393291e-05
2024-05-24,11:56:52,43.8214,27.38,24.75,3071,15026699.0,3.774853309179975e-05
2024-05-24,11:56:52,43.828,27.38,24.75,3070,15026699.0,3.780895746393291e-05
2024-05-24,11:56:52,43.8346,27.38,24.75,3069,15026699.0,3.786947855783113e-05
2024-05-24,11:56:52,43.8413,27.38,24.75,3069,15026699.0,3.786947855783113e-05
2024-05-24,11:56:52,43.8478,27.38,24.75,3070,15026699.0,3.780895746393291e-05
2024-05-24,11:56:52,43.8543,27.38,24.75,3070,15026699.0,3.780895746393291e-05
2024-05-24,11:56:52,43.861,27.38,24.75,3069,15026699.0,3.786947855783113e-05
2024-05-24,11:56:52,43.8676,27.38,24.75,3070,15026700.0,3.780895746393291e-05
2024-05-24,11:56:52,43.8743,27.38,24.75,3071,15026700.0,3.774853309179975e-05
2024-05-24,11:56:52,43.8808,27.38,24.75,3071,15026700.0,3.774853309179975e-05
2024-05-24,11:56:52,43.8873,27.38,24.75,3070,15026700.0,3.780895746393291e-05
2024-05-24,11:56:52,43.894,27.38,24.75,3070,15026700.0,3.780895746393291e-05
2024-05-24,11:56:52,43.9005,27.38,24.75,3071,15026699.0,3.774853309179975e-05
2024-05-24,11:56:52,43.9072,27.38,24.75,3071,15026699.0,3.774853309179975e-05
2024-05-24,11:56:52,43.9138,27.38,24.75,3071,15026699.0,3.774853309179975e-05
2024-05-24,11:56:52,43.9204,27.38,24.75,3071,15026699.0,3.774853309179975e-05
2024-05-24,11:56:52,43.9269,27.38,24.75,3070,15026699.0,3.780895746393291e-05
2024-05-24,11:56:52,43.9334,27.38,24.75,3070,15026700.0,3.780895746393291e-05
2024-05-24,11:56:52,43.9401,27.38,24.75,3071,15026699.0,3.774853309179975e-05
2024-05-24,11:56:52,43.9466,27.38,24.75,3071,15026699.0,3.774853309179975e-05
2024-05-24,11:56:52,43.9531,27.38,24.75,3071,15026699.0,3.774853309179975e-05
2024-05-24,11:56:52,43.9598,27.38,24.75,3070,15026699.0,3.780895746393291e-05
2024-05-24,11:56:52,43.9663,27.38,24.75,3070,15026699.0,3.780895746393291e-05
2024-05-24,11:56:52,43.9729,27.38,24.75,3071,15026699.0,3.774853309179975e-05
2024-05-24,11:56:52,43.9794,27.38,24.75,3071,15026699.0,3.774853309179975e-05
2024-05-24,11:56:52,43.9859,27.38,24.75,3071,15026699.0,3.774853309179975e-05
2024-05-24,11:56:52,43.9927,27.38,24.75,3071,15026699.0,3.774853309179975e-05
2024-05-24,11:56:52,43.9993,27.38,24.75,3071,15026700.0,3.774853309179975e-05
2024-05-24,11:56:52,44.0057,27.38,24.75,3070,15026699.0,3.780895746393291e-05
2024-05-24,11:56:52,44.0123,27.38,24.75,3069,15026699.0,3.786947855783113e-05
2024-05-24,11:56:52,44.0188,27.38,24.75,3070,15026699.0,3.780895746393291e-05
2024-05-24,11:56:52,44.0253,27.38,24.75,3070,15026699.0,3.780895746393291e-05
2024-05-24,11:56:52,44.032,27.38,24.75,3069,15026699.0,3.786947855783113e-05
2024-05-24,11:56:52,44.0386,27.38,24.75,3070,15026699.0,3.780895746393291e-05
2024-05-24,11:56:52,44.0453,27.38,24.75,3071,15026699.0,3.774853309179975e-05
2024-05-24,11:56:52,44.052,27.38,24.75,3070,15026700.0,3.780895746393291e-05
2024-05-24,11:56:52,44.0585,27.38,24.75,3070,15026699.0,3.780895746393291e-05
2024-05-24,11:56:52,44.065,27.38,24.75,3071,15026700.0,3.774853309179975e-05
2024-05-24,11:56:52,44.0715,27.38,24.75,3070,15026700.0,3.780895746393291e-05
2024-05-24,11:56:52,44.0781,27.38,24.75,3069,15026698.0,3.786947855783113e-05
2024-05-24,11:56:52,44.0847,27.38,24.75,3069,15026699.0,3.786947855783113e-05
2024-05-24,11:56:52,44.0914,27.38,24.75,3070,15026699.0,3.780895746393291e-05
2024-05-24,11:56:52,44.0979,27.38,24.75,3070,15026699.0,3.780895746393291e-05
2024-05-24,11:56:52,44.1044,27.38,24.75,3069,15026699.0,3.786947855783113e-05
2024-05-24,11:56:52,44.1111,27.38,24.75,3069,15026699.0,3.786947855783113e-05
2024-05-24,11:56:52,44.1177,27.38,24.75,3069,15026699.0,3.786947855783113e-05
2024-05-24,11:56:52,44.1244,27.38,24.75,3069,15026699.0,3.786947855783113e-05
2024-05-24,11:56:52,44.1309,27.38,24.75,3069,15026699.0,3.786947855783113e-05
2024-05-24,11:56:52,44.1375,27.38,24.75,3069,15026700.0,3.786947855783113e-05
2024-05-24,11:56:52,44.1441,27.38,24.75,3069,15026699.0,3.786947855783113e-05
2024-05-24,11:56:52,44.1508,27.38,24.75,3069,15026699.0,3.786947855783113e-05
2024-05-24,11:56:52,44.1573,27.38,24.75,3069,15026698.0,3.786947855783113e-05
2024-05-24,11:56:52,44.1638,27.38,24.75,3070,15026698.0,3.780895746393291e-05
2024-05-24,11:56:52,44.1705,27.38,24.75,3071,15026699.0,3.774853309179975e-05
2024-05-24,11:56:52,44.1771,27.38,24.75,3070,15026699.0,3.780895746393291e-05
2024-05-24,11:56:52,44.1837,27.38,24.75,3069,15026699.0,3.786947855783113e-05
2024-05-24,11:56:52,44.1902,27.38,24.75,3069,15026698.0,3.786947855783113e-05
2024-05-24,11:56:52,44.1969,27.38,24.75,3070,15026699.0,3.780895746393291e-05
2024-05-24,11:56:52,44.2034,27.38,24.75,3070,15026699.0,3.780895746393291e-05
2024-05-24,11:56:52,44.2099,27.38,24.75,3069,15026699.0,3.786947855783113e-05
2024-05-24,11:56:52,44.2166,27.38,24.75,3069,15026699.0,3.786947855783113e-05
2024-05-24,11:56:52,44.2231,27.38,24.75,3069,15026700.0,3.786947855783113e-05
2024-05-24,11:56:52,44.2296,27.38,24.75,3069,15026699.0,3.786947855783113e-05
2024-05-24,11:56:52,44.2363,27.38,24.75,3069,15026698.0,3.786947855783113e-05
2024-05-24,11:56:52,44.2428,27.38,24.75,3070,15026698.0,3.780895746393291e-05
2024-05-24,11:56:52,44.2493,27.38,24.75,3070,15026698.0,3.780895746393291e-05
2024-05-24,11:56:52,44.256,27.38,24.75,3069,15026699.0,3.786947855783113e-05
2024-05-24,11:56:52,44.2625,27.38,24.75,3069,15026699.0,3.786947855783113e-05
2024-05-24,11:56:52,44.269,27.38,24.75,3069,15026699.0,3.786947855783113e-05
2024-05-24,11:56:52,44.2757,27.38,24.75,3069,15026700.0,3.786947855783113e-05
2024-05-24,11:56:52,44.2822,27.38,24.75,3069,15026699.0,3.786947855783113e-05
2024-05-24,11:56:52,44.2888,27.38,24.75,3069,15026698.0,3.786947855783113e-05
2024-05-24,11:56:52,44.2954,27.38,24.75,3069,15026698.0,3.786947855783113e-05
2024-05-24,11:56:52,44.3021,27.38,24.75,3069,15026699.0,3.786947855783113e-05
2024-05-24,11:56:52,44.3087,27.38,24.75,3069,15026699.0,3.786947855783113e-05
2024-05-24,11:56:52,44.3153,27.38,24.75,3070,15026699.0,3.780895746393291e-05
2024-05-24,11:56:52,44.3218,27.38,24.75,3070,15026699.0,3.780895746393291e-05
2024-05-24,11:56:52,44.3284,27.38,24.75,3069,15026698.0,3.786947855783113e-05
2024-05-24,11:56:52,44.335,27.38,24.75,3069,15026698.0,3.786947855783113e-05
2024-05-24,11:56:52,44.3415,27.38,24.75,3068,15026697.0,3.793009652831762e-05
2024-05-24,11:56:52,44.348,27.38,24.75,3068,15026698.0,3.793009652831762e-05
2024-05-24,11:56:52,44.3547,27.38,24.75,3069,15026698.0,3.786947855783113e-05
2024-05-24,11:56:52,44.3613,27.38,24.75,3069,15026698.0,3.786947855783113e-05
2024-05-24,11:56:52,44.3679,27.38,24.75,3069,15026699.0,3.786947855783113e-05
2024-05-24,11:56:52,44.3745,27.38,24.75,3069,15026698.0,3.786947855783113e-05
2024-05-24,11:56:52,44.381,27.38,24.75,3069,15026697.0,3.786947855783113e-05
2024-05-24,11:56:52,44.3876,27.38,24.75,3069,15026697.0,3.786947855783113e-05
2024-05-24,11:56:52,44.3942,27.38,24.75,3069,15026698.0,3.786947855783113e-05
2024-05-24,11:56:52,44.4009,27.38,24.75,3069,15026698.0,3.786947855783113e-05
2024-05-24,11:56:52,44.4075,27.38,24.75,3069,15026698.0,3.786947855783113e-05
2024-05-24,11:56:52,44.4141,27.38,24.75,3069,15026698.0,3.786947855783113e-05
2024-05-24,11:56:52,44.4206,27.38,24.75,3068,15026697.0,3.793009652831762e-05
2024-05-24,11:56:52,44.4271,27.38,24.75,3068,15026697.0,3.793009652831762e-05
2024-05-24,11:56:52,44.4338,27.38,24.75,3068,15026698.0,3.793009652831762e-05
2024-05-24,11:56:52,44.4404,27.38,24.75,3067,15026698.0,3.799081153046356e-05
2024-05-24,11:56:52,44.447,27.38,24.75,3068,15026698.0,3.793009652831762e-05
2024-05-24,11:56:52,44.4536,27.38,24.75,3069,15026698.0,3.786947855783113e-05
2024-05-24,11:56:52,44.4603,27.38,24.75,3069,15026699.0,3.786947855783113e-05
2024-05-24,11:56:52,44.4668,27.38,24.75,3069,15026698.0,3.786947855783113e-05
2024-05-24,11:56:52,44.4733,27.38,24.75,3069,15026699.0,3.786947855783113e-05
2024-05-24,11:56:52,44.48,27.38,24.75,3068,15026699.0,3.793009652831762e-05
2024-05-24,11:56:52,44.4865,27.38,24.75,3068,15026698.0,3.793009652831762e-05
2024-05-24,11:56:52,44.493,27.38,24.75,3069,15026698.0,3.786947855783113e-05
2024-05-24,11:56:52,44.4997,27.38,24.75,3069,15026697.0,3.786947855783113e-05
2024-05-24,11:56:52,44.5064,27.38,24.75,3069,15026698.0,3.786947855783113e-05
2024-05-24,11:56:52,44.513,27.38,24.75,3068,15026697.0,3.793009652831762e-05
2024-05-24,11:56:52,44.5195,27.38,24.75,3067,15026697.0,3.799081153046356e-05
2024-05-24,11:56:52,44.5261,27.38,24.75,3068,15026698.0,3.793009652831762e-05
2024-05-24,11:56:52,44.5326,27.38,24.75,3069,15026698.0,3.786947855783113e-05
2024-05-24,11:56:52,44.5391,27.38,24.75,3069,15026698.0,3.786947855783113e-05
2024-05-24,11:56:52,44.5458,27.38,24.75,3068,15026698.0,3.793009652831762e-05
2024-05-24,11:56:52,44.5524,27.38,24.75,3068,15026698.0,3.793009652831762e-05
2024-05-24,11:56:52,44.559,27.38,24.75,3068,15026698.0,3.793009652831762e-05
2024-05-24,11:56:52,44.5655,27.38,24.75,3068,15026698.0,3.793009652831762e-05
2024-05-24,11:56:52,44.5721,27.38,24.75,3068,15026698.0,3.793009652831762e-05
2024-05-24,11:56:52,44.5788,27.38,24.75,3068,15026699.0,3.793009652831762e-05
2024-05-24,11:56:52,44.5855,27.38,24.75,3069,15026698.0,3.786947855783113e-05
2024-05-24,11:56:52,44.592,27.38,24.75,3068,15026697.0,3.793009652831762e-05
2024-05-24,11:56:52,44.5985,27.38,24.75,3067,15026698.0,3.799081153046356e-05
2024-05-24,11:56:52,44.6052,27.38,24.75,3068,15026698.0,3.793009652831762e-05
2024-05-24,11:56:52,44.6117,27.38,24.75,3069,15026698.0,3.786947855783113e-05
2024-05-24,11:56:52,44.6184,27.38,24.75,3068,15026698.0,3.793009652831762e-05
2024-05-24,11:56:52,44.625,27.38,24.75,3068,15026697.0,3.793009652831762e-05
2024-05-24,11:56:52,44.6315,27.38,24.75,3068,15026697.0,3.793009652831762e-05
2024-05-24,11:56:52,44.6381,27.38,24.75,3067,15026697.0,3.799081153046356e-05
2024-05-24,11:56:52,44.6446,27.38,24.75,3067,15026698.0,3.799081153046356e-05
2024-05-24,11:56:52,44.6513,27.38,24.75,3067,15026698.0,3.799081153046356e-05
2024-05-24,11:56:52,44.6579,27.38,24.75,3068,15026698.0,3.793009652831762e-05
2024-05-24,11:56:52,44.6644,27.38,24.75,3068,15026698.0,3.793009652831762e-05
2024-05-24,11:56:52,44.671,27.38,24.75,3067,15026697.0,3.799081153046356e-05
2024-05-24,11:56:52,44.6776,27.38,24.75,3067,15026697.0,3.799081153046356e-05
2024-05-24,11:56:52,44.6843,27.38,24.75,3067,15026698.0,3.799081153046356e-05
2024-05-24,11:56:52,44.6909,27.38,24.75,3067,15026698.0,3.799081153046356e-05
2024-05-24,11:56:52,44.6975,27.38,24.75,3067,15026698.0,3.799081153046356e-05
2024-05-24,11:56:52,44.704,27.38,24.75,3067,15026698.0,3.799081153046356e-05
2024-05-24,11:56:52,44.7106,27.38,24.75,3067,15026698.0,3.799081153046356e-05
2024-05-24,11:56:52,44.7172,27.38,24.75,3067,15026698.0,3.799081153046356e-05
2024-05-24,11:56:52,44.7237,27.38,24.75,3067,15026697.0,3.799081153046356e-05
2024-05-24,11:56:52,44.7304,27.38,24.75,3067,15026697.0,3.799081153046356e-05
2024-05-24,11:56:52,44.737,27.38,24.75,3068,15026698.0,3.793009652831762e-05
2024-05-24,11:56:52,44.7437,27.38,24.75,3068,15026698.0,3.793009652831762e-05
2024-05-24,11:56:52,44.7502,27.38,24.75,3068,15026698.0,3.793009652831762e-05
2024-05-24,11:56:52,44.7567,27.38,24.75,3068,15026698.0,3.793009652831762e-05
2024-05-24,11:56:52,44.7633,27.38,24.75,3068,15026699.0,3.793009652831762e-05
2024-05-24,11:56:53,44.7698,27.38,24.75,3068,15026698.0,3.793009652831762e-05
2024-05-24,11:56:53,44.7764,27.38,24.75,3067,15026697.0,3.799081153046356e-05
2024-05-24,11:56:53,44.783,27.38,24.75,3067,15026697.0,3.799081153046356e-05
2024-05-24,11:56:53,44.7895,27.38,24.75,3067,15026697.0,3.799081153046356e-05
2024-05-24,11:56:53,44.7961,27.38,24.75,3067,15026697.0,3.799081153046356e-05
2024-05-24,11:56:53,44.8028,27.38,24.75,3067,15026697.0,3.799081153046356e-05
2024-05-24,11:56:53,44.8093,27.38,24.75,3067,15026697.0,3.799081153046356e-05
2024-05-24,11:56:53,44.816,27.38,24.75,3067,15026697.0,3.799081153046356e-05
2024-05-24,11:56:53,44.8226,27.38,24.75,3067,15026697.0,3.799081153046356e-05
2024-05-24,11:56:53,44.8292,27.44,24.75,3067,15026697.0,3.799081153046356e-05
2024-05-24,11:56:53,44.8358,27.44,24.75,3067,15026697.0,3.799081153046356e-05
2024-05-24,11:56:53,44.8425,27.44,24.75,3067,15026697.0,3.799081153046356e-05
2024-05-24,11:56:53,44.849,27.44,24.75,3067,15026697.0,3.799081153046356e-05
2024-05-24,11:56:53,44.8555,27.44,24.75,3067,15026697.0,3.799081153046356e-05
2024-05-24,11:56:53,44.8622,27.44,24.75,3067,15026697.0,3.799081153046356e-05
2024-05-24,11:56:53,44.8689,27.44,24.75,3068,15026698.0,3.793009652831762e-05
2024-05-24,11:56:53,44.8755,27.44,24.75,3068,15026698.0,3.793009652831762e-05
2024-05-24,11:56:53,44.882,27.44,24.75,3067,15026697.0,3.799081153046356e-05
2024-05-24,11:56:53,44.8886,27.44,24.75,3067,15026696.0,3.799081153046356e-05
2024-05-24,11:56:53,44.8952,27.44,24.75,3067,15026697.0,3.799081153046356e-05
2024-05-24,11:56:53,44.9017,27.44,24.75,3067,15026698.0,3.799081153046356e-05
2024-05-24,11:56:53,44.9083,27.44,24.75,3067,15026698.0,3.799081153046356e-05
2024-05-24,11:56:53,44.9148,27.44,24.75,3067,15026698.0,3.799081153046356e-05
2024-05-24,11:56:53,44.9213,27.44,24.75,3067,15026697.0,3.799081153046356e-05
2024-05-24,11:56:53,44.928,27.44,24.75,3067,15026697.0,3.799081153046356e-05
2024-05-24,11:56:53,44.9346,27.44,24.75,3067,15026697.0,3.799081153046356e-05
2024-05-24,11:56:53,44.9413,27.44,24.75,3067,15026697.0,3.799081153046356e-05
2024-05-24,11:56:53,44.9478,27.44,24.75,3067,15026696.0,3.799081153046356e-05
2024-05-24,11:56:53,44.9544,27.44,24.75,3067,15026696.0,3.799081153046356e-05
2024-05-24,11:56:53,44.961,27.44,24.75,3067,15026697.0,3.799081153046356e-05
2024-05-24,11:56:53,44.9677,27.44,24.75,3067,15026697.0,3.799081153046356e-05
2024-05-24,11:56:53,44.9742,27.44,24.75,3067,15026697.0,3.799081153046356e-05
2024-05-24,11:56:53,44.9807,27.44,24.75,3067,15026697.0,3.799081153046356e-05
2024-05-24,11:56:53,44.9874,27.44,24.75,3067,15026697.0,3.799081153046356e-05
2024-05-24,11:56:53,44.994,27.44,24.75,3067,15026697.0,3.799081153046356e-05
2024-05-24,11:56:53,45.0007,27.44,24.75,3067,15026697.0,3.799081153046356e-05
2024-05-24,11:56:53,45.0072,27.44,24.75,3067,15026697.0,3.799081153046356e-05
2024-05-24,11:56:53,45.0137,27.44,24.75,3067,15026697.0,3.799081153046356e-05
2024-05-24,11:56:53,45.0204,27.44,24.75,3067,15026696.0,3.799081153046356e-05
2024-05-24,11:56:53,45.0271,27.44,24.75,3067,15026697.0,3.799081153046356e-05
2024-05-24,11:56:53,45.0336,27.44,24.75,3067,15026697.0,3.799081153046356e-05
2024-05-24,11:56:53,45.0401,27.44,24.75,3066,15026695.0,3.805162371958823e-05
2024-05-24,11:56:53,45.0468,27.44,24.75,3066,15026695.0,3.805162371958823e-05
2024-05-24,11:56:53,45.0534,27.44,24.75,3068,15026698.0,3.793009652831762e-05
2024-05-24,11:56:53,45.06,27.44,24.75,3068,15026697.0,3.793009652831762e-05
2024-05-24,11:56:53,45.0665,27.44,24.75,3066,15026696.0,3.805162371958823e-05
2024-05-24,11:56:53,45.0731,27.44,24.75,3066,15026696.0,3.805162371958823e-05
2024-05-24,11:56:53,45.0798,27.44,24.75,3067,15026697.0,3.799081153046356e-05
2024-05-24,11:56:53,45.0863,27.44,24.75,3067,15026697.0,3.799081153046356e-05
2024-05-24,11:56:53,45.0929,27.44,24.75,3066,15026696.0,3.805162371958823e-05
2024-05-24,11:56:53,45.0995,27.44,24.75,3065,15026696.0,3.811253325125966e-05
2024-05-24,11:56:53,45.1062,27.44,24.75,3065,15026696.0,3.811253325125966e-05
2024-05-24,11:56:53,45.1127,27.44,24.75,3066,15026696.0,3.805162371958823e-05
2024-05-24,11:56:53,45.1192,27.44,24.75,3067,15026696.0,3.799081153046356e-05
2024-05-24,11:56:53,45.1259,27.44,24.75,3066,15026697.0,3.805162371958823e-05
2024-05-24,11:56:53,45.1324,27.44,24.75,3066,15026696.0,3.805162371958823e-05
2024-05-24,11:56:53,45.1389,27.44,24.75,3066,15026696.0,3.805162371958823e-05
2024-05-24,11:56:53,45.1456,27.44,24.75,3066,15026698.0,3.805162371958823e-05
2024-05-24,11:56:53,45.1521,27.44,24.75,3067,15026697.0,3.799081153046356e-05
2024-05-24,11:56:53,45.1586,27.44,24.75,3066,15026695.0,3.805162371958823e-05
2024-05-24,11:56:53,45.1653,27.44,24.75,3066,15026696.0,3.805162371958823e-05
2024-05-24,11:56:53,45.172,27.44,24.75,3066,15026695.0,3.805162371958823e-05
2024-05-24,11:56:53,45.1786,27.44,24.75,3066,15026695.0,3.805162371958823e-05
2024-05-24,11:56:53,45.1851,27.44,24.75,3066,15026696.0,3.805162371958823e-05
2024-05-24,11:56:53,45.1917,27.44,24.75,3066,15026697.0,3.805162371958823e-05
2024-05-24,11:56:53,45.1983,27.44,24.75,3066,15026696.0,3.805162371958823e-05
2024-05-24,11:56:53,45.2049,27.44,24.75,3066,15026695.0,3.805162371958823e-05
2024-05-24,11:56:53,45.2114,27.44,24.75,3067,15026696.0,3.799081153046356e-05
2024-05-24,11:56:53,45.218,27.44,24.75,3066,15026697.0,3.805162371958823e-05
2024-05-24,11:56:53,45.2247,27.44,24.75,3065,15026696.0,3.811253325125966e-05
2024-05-24,11:56:53,45.2313,27.44,24.75,3065,15026696.0,3.811253325125966e-05
2024-05-24,11:56:53,45.2379,27.44,24.75,3066,15026696.0,3.805162371958823e-05
2024-05-24,11:56:53,45.2444,27.44,24.75,3066,15026697.0,3.805162371958823e-05
2024-05-24,11:56:53,45.2511,27.44,24.75,3065,15026697.0,3.811253325125966e-05
2024-05-24,11:56:53,45.2577,27.44,24.75,3065,15026696.0,3.811253325125966e-05
2024-05-24,11:56:53,45.2644,27.44,24.75,3065,15026696.0,3.811253325125966e-05
2024-05-24,11:56:53,45.2709,27.44,24.75,3066,15026696.0,3.805162371958823e-05
2024-05-24,11:56:53,45.2774,27.44,24.75,3066,15026696.0,3.805162371958823e-05
2024-05-24,11:56:53,45.2841,27.44,24.75,3066,15026696.0,3.805162371958823e-05
2024-05-24,11:56:53,45.2907,27.44,24.75,3066,15026696.0,3.805162371958823e-05
2024-05-24,11:56:53,45.2973,27.44,24.75,3065,15026696.0,3.811253325125966e-05
2024-05-24,11:56:53,45.3039,27.44,24.75,3065,15026696.0,3.811253325125966e-05
2024-05-24,11:56:53,45.3106,27.44,24.75,3065,15026696.0,3.811253325125966e-05
2024-05-24,11:56:53,45.3171,27.44,24.75,3065,15026696.0,3.811253325125966e-05
2024-05-24,11:56:53,45.3238,27.44,24.75,3066,15026695.0,3.805162371958823e-05
2024-05-24,11:56:53,45.3304,27.38,24.75,3066,15026695.0,3.805162371958823e-05
2024-05-24,11:56:53,45.3369,27.38,24.75,3065,15026695.0,3.811253325125966e-05
2024-05-24,11:56:53,45.3435,27.38,24.75,3066,15026697.0,3.805162371958823e-05
2024-05-24,11:56:53,45.3501,27.38,24.75,3066,15026697.0,3.805162371958823e-05
2024-05-24,11:56:53,45.3568,27.38,24.75,3065,15026696.0,3.811253325125966e-05
2024-05-24,11:56:53,45.3633,27.38,24.75,3066,15026696.0,3.805162371958823e-05
2024-05-24,11:56:53,45.3698,27.38,24.75,3066,15026696.0,3.805162371958823e-05
2024-05-24,11:56:53,45.3765,27.38,24.75,3065,15026696.0,3.811253325125966e-05
2024-05-24,11:56:53,45.3832,27.38,24.75,3065,15026695.0,3.811253325125966e-05
2024-05-24,11:56:53,45.3897,27.38,24.75,3065,15026696.0,3.811253325125966e-05
2024-05-24,11:56:53,45.3963,27.38,24.75,3065,15026697.0,3.811253325125966e-05
2024-05-24,11:56:53,45.403,27.38,24.75,3065,15026696.0,3.811253325125966e-05
2024-05-24,11:56:53,45.4095,27.38,24.75,3065,15026696.0,3.811253325125966e-05
2024-05-24,11:56:53,45.4162,27.38,24.75,3065,15026696.0,3.811253325125966e-05
2024-05-24,11:56:53,45.4228,27.38,24.75,3065,15026695.0,3.811253325125966e-05
2024-05-24,11:56:53,45.4294,27.38,24.75,3065,15026695.0,3.811253325125966e-05
2024-05-24,11:56:53,45.4359,27.38,24.75,3065,15026696.0,3.811253325125966e-05
2024-05-24,11:56:53,45.4425,27.38,24.75,3065,15026696.0,3.811253325125966e-05
2024-05-24,11:56:53,45.4492,27.38,24.75,3065,15026695.0,3.811253325125966e-05
2024-05-24,11:56:53,45.4559,27.38,24.75,3065,15026695.0,3.811253325125966e-05
2024-05-24,11:56:53,45.4625,27.38,24.75,3065,15026695.0,3.811253325125966e-05
2024-05-24,11:56:53,45.469,27.38,24.75,3065,15026695.0,3.811253325125966e-05
2024-05-24,11:56:53,45.4756,27.38,24.75,3065,15026695.0,3.811253325125966e-05
2024-05-24,11:56:53,45.4822,27.38,24.75,3065,15026696.0,3.811253325125966e-05
2024-05-24,11:56:53,45.4889,27.38,24.75,3065,15026695.0,3.811253325125966e-05
2024-05-24,11:56:53,45.4955,27.38,24.75,3065,15026695.0,3.811253325125966e-05
2024-05-24,11:56:53,45.5022,27.38,24.75,3065,15026695.0,3.811253325125966e-05
2024-05-24,11:56:53,45.5087,27.38,24.75,3065,15026695.0,3.811253325125966e-05
2024-05-24,11:56:53,45.5153,27.38,24.75,3065,15026695.0,3.811253325125966e-05
2024-05-24,11:56:53,45.5219,27.38,24.75,3065,15026695.0,3.811253325125966e-05
2024-05-24,11:56:53,45.5286,27.38,24.75,3064,15026694.0,3.817354028129473e-05
2024-05-24,11:56:53,45.5352,27.38,24.75,3064,15026694.0,3.817354028129473e-05
2024-05-24,11:56:53,45.5417,27.38,24.75,3065,15026695.0,3.811253325125966e-05
2024-05-24,11:56:53,45.5483,27.38,24.75,3065,15026695.0,3.811253325125966e-05
2024-05-24,11:56:53,45.5549,27.38,24.75,3065,15026696.0,3.811253325125966e-05
2024-05-24,11:56:53,45.5616,27.38,24.75,3065,15026695.0,3.811253325125966e-05
2024-05-24,11:56:53,45.5682,27.38,24.75,3065,15026695.0,3.811253325125966e-05
2024-05-24,11:56:53,45.5749,27.38,24.75,3065,15026695.0,3.811253325125966e-05
2024-05-24,11:56:53,45.5814,27.38,24.75,3064,15026694.0,3.817354028129473e-05
2024-05-24,11:56:53,45.588,27.38,24.75,3064,15026694.0,3.817354028129473e-05
2024-05-24,11:56:53,45.5946,27.38,24.75,3065,15026695.0,3.811253325125966e-05
2024-05-24,11:56:53,45.6011,27.38,24.75,3065,15026695.0,3.811253325125966e-05
2024-05-24,11:56:53,45.6078,27.38,24.75,3065,15026695.0,3.811253325125966e-05
2024-05-24,11:56:53,45.6145,27.38,24.75,3065,15026695.0,3.811253325125966e-05
2024-05-24,11:56:53,45.621,27.38,24.75,3064,15026695.0,3.817354028129473e-05
2024-05-24,11:56:53,45.6276,27.38,24.75,3063,15026695.0,3.823464496575992e-05
2024-05-24,11:56:53,45.6343,27.38,24.75,3063,15026695.0,3.823464496575992e-05
2024-05-24,11:56:53,45.6408,27.38,24.75,3064,15026694.0,3.817354028129473e-05
2024-05-24,11:56:53,45.6473,27.38,24.75,3065,15026695.0,3.811253325125966e-05
2024-05-24,11:56:53,45.654,27.38,24.75,3065,15026695.0,3.811253325125966e-05
2024-05-24,11:56:53,45.6607,27.38,24.75,3064,15026694.0,3.817354028129473e-05
2024-05-24,11:56:53,45.6673,27.38,24.75,3063,15026694.0,3.823464496575992e-05
2024-05-24,11:56:53,45.674,27.38,24.75,3064,15026695.0,3.817354028129473e-05
2024-05-24,11:56:53,45.6805,27.38,24.75,3065,15026695.0,3.811253325125966e-05
2024-05-24,11:56:53,45.687,27.38,24.75,3065,15026695.0,3.811253325125966e-05
2024-05-24,11:56:53,45.6937,27.38,24.75,3065,15026695.0,3.811253325125966e-05
2024-05-24,11:56:53,45.7003,27.38,24.75,3064,15026694.0,3.817354028129473e-05
2024-05-24,11:56:53,45.7069,27.38,24.75,3063,15026694.0,3.823464496575992e-05
2024-05-24,11:56:53,45.7135,27.38,24.75,3063,15026695.0,3.823464496575992e-05
2024-05-24,11:56:53,45.7202,27.38,24.75,3063,15026695.0,3.823464496575992e-05
2024-05-24,11:56:53,45.7267,27.38,24.75,3064,15026695.0,3.817354028129473e-05
2024-05-24,11:56:53,45.7334,27.38,24.75,3064,15026695.0,3.817354028129473e-05
2024-05-24,11:56:53,45.7399,27.38,24.75,3063,15026694.0,3.823464496575992e-05
2024-05-24,11:56:53,45.7464,27.38,24.75,3063,15026695.0,3.823464496575992e-05
2024-05-24,11:56:53,45.7531,27.38,24.75,3063,15026695.0,3.823464496575992e-05
2024-05-24,11:56:53,45.7597,27.38,24.75,3063,15026694.0,3.823464496575992e-05
2024-05-24,11:56:53,45.7664,27.38,24.75,3063,15026695.0,3.823464496575992e-05
2024-05-24,11:56:54,45.7729,27.38,24.75,3064,15026695.0,3.817354028129473e-05
2024-05-24,11:56:54,45.7794,27.38,24.75,3064,15026694.0,3.817354028129473e-05
2024-05-24,11:56:54,45.7861,27.38,24.75,3063,15026694.0,3.823464496575992e-05
2024-05-24,11:56:54,45.7928,27.38,24.75,3063,15026694.0,3.823464496575992e-05
2024-05-24,11:56:54,45.7994,27.38,24.75,3064,15026694.0,3.817354028129473e-05
2024-05-24,11:56:54,45.8061,27.38,24.75,3064,15026694.0,3.817354028129473e-05
2024-05-24,11:56:54,45.8127,27.38,24.75,3064,15026694.0,3.817354028129473e-05
2024-05-24,11:56:54,45.8194,27.38,24.75,3064,15026693.0,3.817354028129473e-05
2024-05-24,11:56:54,45.8259,27.38,24.75,3064,15026694.0,3.817354028129473e-05
2024-05-24,11:56:54,45.8324,27.38,24.75,3063,15026693.0,3.823464496575992e-05
2024-05-24,11:56:54,45.8391,27.38,24.75,3062,15026694.0,3.829584746097138e-05
2024-05-24,11:56:54,45.8457,27.38,24.75,3063,15026694.0,3.823464496575992e-05
2024-05-24,11:56:54,45.8523,27.38,24.75,3064,15026693.0,3.817354028129473e-05
2024-05-24,11:56:54,45.8589,27.38,24.75,3064,15026693.0,3.817354028129473e-05
2024-05-24,11:56:54,45.8657,27.38,24.75,3063,15026693.0,3.823464496575992e-05
2024-05-24,11:56:54,45.8724,27.38,24.75,3064,15026695.0,3.817354028129473e-05
2024-05-24,11:56:54,45.8789,27.38,24.75,3064,15026694.0,3.817354028129473e-05
2024-05-24,11:56:54,45.8854,27.38,24.75,3063,15026693.0,3.823464496575992e-05
2024-05-24,11:56:54,45.8921,27.38,24.75,3063,15026693.0,3.823464496575992e-05
2024-05-24,11:56:54,45.8987,27.38,24.75,3063,15026693.0,3.823464496575992e-05
2024-05-24,11:56:54,45.9054,27.38,24.75,3063,15026693.0,3.823464496575992e-05
2024-05-24,11:56:54,45.9121,27.38,24.75,3062,15026693.0,3.829584746097138e-05
2024-05-24,11:56:54,45.9187,27.38,24.75,3062,15026693.0,3.829584746097138e-05
2024-05-24,11:56:54,45.9254,27.38,24.75,3063,15026694.0,3.823464496575992e-05
2024-05-24,11:56:54,45.9319,27.38,24.75,3063,15026694.0,3.823464496575992e-05
2024-05-24,11:56:54,45.9384,27.38,24.75,3062,15026693.0,3.829584746097138e-05
2024-05-24,11:56:54,45.9451,27.38,24.75,3063,15026693.0,3.823464496575992e-05
2024-05-24,11:56:54,45.9517,27.38,24.75,3064,15026694.0,3.817354028129473e-05
2024-05-24,11:56:54,45.9584,27.38,24.75,3063,15026693.0,3.823464496575992e-05
2024-05-24,11:56:54,45.965,27.38,24.75,3063,15026693.0,3.823464496575992e-05
2024-05-24,11:56:54,45.9716,27.38,24.75,3063,15026693.0,3.823464496575992e-05
2024-05-24,11:56:54,45.9781,27.38,24.75,3062,15026692.0,3.829584746097138e-05
2024-05-24,11:56:54,45.9848,27.38,24.75,3061,15026692.0,3.835714792349559e-05
2024-05-24,11:56:54,45.9914,27.38,24.75,3062,15026694.0,3.829584746097138e-05
2024-05-24,11:56:54,45.9981,27.38,24.75,3063,15026693.0,3.823464496575992e-05
2024-05-24,11:56:54,46.0047,27.38,24.75,3062,15026692.0,3.829584746097138e-05
2024-05-24,11:56:54,46.0114,27.38,24.75,3062,15026693.0,3.829584746097138e-05
2024-05-24,11:56:54,46.018,27.38,24.75,3063,15026693.0,3.823464496575992e-05
2024-05-24,11:56:54,46.0246,27.38,24.75,3063,15026693.0,3.823464496575992e-05
2024-05-24,11:56:54,46.0311,27.38,24.75,3062,15026692.0,3.829584746097138e-05
2024-05-24,11:56:54,46.0377,27.38,24.75,3062,15026692.0,3.829584746097138e-05
2024-05-24,11:56:54,46.0444,27.38,24.75,3063,15026692.0,3.823464496575992e-05
2024-05-24,11:56:54,46.0511,27.38,24.75,3063,15026693.0,3.823464496575992e-05
2024-05-24,11:56:54,46.0577,27.38,24.75,3062,15026693.0,3.829584746097138e-05
2024-05-24,11:56:54,46.0642,27.38,24.75,3062,15026693.0,3.829584746097138e-05
2024-05-24,11:56:54,46.0709,27.38,24.75,3063,15026694.0,3.823464496575992e-05
2024-05-24,11:56:54,46.0776,27.38,24.75,3063,15026694.0,3.823464496575992e-05
2024-05-24,11:56:54,46.0841,27.38,24.75,3063,15026694.0,3.823464496575992e-05
2024-05-24,11:56:54,46.0907,27.38,24.75,3063,15026693.0,3.823464496575992e-05
2024-05-24,11:56:54,46.0974,27.38,24.75,3062,15026693.0,3.829584746097138e-05
2024-05-24,11:56:54,46.1039,27.38,24.75,3062,15026693.0,3.829584746097138e-05
2024-05-24,11:56:54,46.1106,27.38,24.75,3063,15026693.0,3.823464496575992e-05
2024-05-24,11:56:54,46.1172,27.38,24.75,3063,15026693.0,3.823464496575992e-05
2024-05-24,11:56:54,46.1238,27.38,24.75,3063,15026693.0,3.823464496575992e-05
2024-05-24,11:56:54,46.1304,27.38,24.75,3063,15026693.0,3.823464496575992e-05
2024-05-24,11:56:54,46.1371,27.38,24.75,3063,15026693.0,3.823464496575992e-05
2024-05-24,11:56:54,46.1437,27.38,24.75,3063,15026693.0,3.823464496575992e-05
2024-05-24,11:56:54,46.1504,27.38,24.75,3062,15026692.0,3.829584746097138e-05
2024-05-24,11:56:54,46.157,27.38,24.75,3062,15026692.0,3.829584746097138e-05
2024-05-24,11:56:54,46.1637,27.38,24.75,3063,15026693.0,3.823464496575992e-05
2024-05-24,11:56:54,46.1702,27.38,24.75,3063,15026693.0,3.823464496575992e-05
2024-05-24,11:56:54,46.1768,27.38,24.75,3062,15026693.0,3.829584746097138e-05
2024-05-24,11:56:54,46.1834,27.38,24.75,3061,15026693.0,3.835714792349559e-05
2024-05-24,11:56:54,46.1901,27.38,24.75,3061,15026694.0,3.835714792349559e-05
2024-05-24,11:56:54,46.1967,27.38,24.75,3062,15026693.0,3.829584746097138e-05
2024-05-24,11:56:54,46.2034,27.38,24.75,3062,15026692.0,3.829584746097138e-05
2024-05-24,11:56:54,46.21,27.38,24.75,3062,15026692.0,3.829584746097138e-05
2024-05-24,11:56:54,46.2166,27.38,24.75,3063,15026693.0,3.823464496575992e-05
2024-05-24,11:56:54,46.2231,27.38,24.75,3063,15026693.0,3.823464496575992e-05
2024-05-24,11:56:54,46.2299,27.38,24.75,3062,15026692.0,3.829584746097138e-05
2024-05-24,11:56:54,46.2365,27.38,24.75,3061,15026693.0,3.835714792349559e-05
2024-05-24,11:56:54,46.2431,27.38,24.75,3062,15026692.0,3.829584746097138e-05
2024-05-24,11:56:54,46.2496,27.38,24.75,3063,15026692.0,3.823464496575992e-05
2024-05-24,11:56:54,46.2562,27.38,24.75,3063,15026693.0,3.823464496575992e-05
2024-05-24,11:56:54,46.2629,27.38,24.75,3062,15026694.0,3.829584746097138e-05
2024-05-24,11:56:54,46.2694,27.38,24.75,3061,15026692.0,3.835714792349559e-05
2024-05-24,11:56:54,46.2761,27.38,24.75,3062,15026692.0,3.829584746097138e-05
2024-05-24,11:56:54,46.2827,27.38,24.75,3062,15026692.0,3.829584746097138e-05
2024-05-24,11:56:54,46.2894,27.38,24.75,3061,15026693.0,3.835714792349559e-05
2024-05-24,11:56:54,46.2959,27.38,24.75,3061,15026692.0,3.835714792349559e-05
2024-05-24,11:56:54,46.3026,27.38,24.75,3061,15026692.0,3.835714792349559e-05
2024-05-24,11:56:54,46.3094,27.38,24.75,3061,15026692.0,3.835714792349559e-05
2024-05-24,11:56:54,46.316,27.38,24.75,3063,15026691.0,3.823464496575992e-05
2024-05-24,11:56:54,46.3225,27.38,24.75,3063,15026691.0,3.823464496575992e-05
2024-05-24,11:56:54,46.3291,27.38,24.75,3062,15026692.0,3.829584746097138e-05
2024-05-24,11:56:54,46.3357,27.38,24.75,3062,15026692.0,3.829584746097138e-05
2024-05-24,11:56:54,46.3424,27.38,24.75,3061,15026692.0,3.835714792349559e-05
2024-05-24,11:56:54,46.349,27.38,24.75,3061,15026691.0,3.835714792349559e-05
2024-05-24,11:56:54,46.3557,27.38,24.75,3061,15026692.0,3.835714792349559e-05
2024-05-24,11:56:54,46.3624,27.38,24.75,3061,15026691.0,3.835714792349559e-05
2024-05-24,11:56:54,46.369,27.38,24.75,3061,15026691.0,3.835714792349559e-05
2024-05-24,11:56:54,46.3755,27.38,24.75,3061,15026692.0,3.835714792349559e-05
2024-05-24,11:56:54,46.3821,27.38,24.75,3061,15026692.0,3.835714792349559e-05
2024-05-24,11:56:54,46.3887,27.38,24.75,3061,15026692.0,3.835714792349559e-05
2024-05-24,11:56:54,46.3954,27.38,24.75,3062,15026691.0,3.829584746097138e-05
2024-05-24,11:56:54,46.402,27.38,24.75,3062,15026691.0,3.829584746097138e-05
2024-05-24,11:56:54,46.4087,27.38,24.75,3061,15026691.0,3.835714792349559e-05
2024-05-24,11:56:54,46.4153,27.38,24.75,3061,15026692.0,3.835714792349559e-05
2024-05-24,11:56:54,46.4219,27.38,24.75,3061,15026692.0,3.835714792349559e-05
2024-05-24,11:56:54,46.4284,27.38,24.75,3061,15026692.0,3.835714792349559e-05
2024-05-24,11:56:54,46.4351,27.38,24.75,3061,15026692.0,3.835714792349559e-05
2024-05-24,11:56:54,46.4417,27.38,24.75,3061,15026692.0,3.835714792349559e-05
2024-05-24,11:56:54,46.4484,27.38,24.75,3061,15026691.0,3.835714792349559e-05
2024-05-24,11:56:54,46.455,27.38,24.75,3060,15026691.0,3.841854651014953e-05
2024-05-24,11:56:54,46.4617,27.38,24.75,3060,15026691.0,3.841854651014953e-05
2024-05-24,11:56:54,46.4683,27.38,24.75,3061,15026691.0,3.835714792349559e-05
2024-05-24,11:56:54,46.475,27.38,24.75,3061,15026691.0,3.835714792349559e-05
2024-05-24,11:56:54,46.4817,27.38,24.75,3061,15026692.0,3.835714792349559e-05
2024-05-24,11:56:54,46.4882,27.38,24.75,3061,15026691.0,3.835714792349559e-05
2024-05-24,11:56:54,46.4947,27.38,24.75,3060,15026691.0,3.841854651014953e-05
2024-05-24,11:56:54,46.5014,27.38,24.75,3060,15026691.0,3.841854651014953e-05
2024-05-24,11:56:54,46.508,27.38,24.75,3060,15026691.0,3.841854651014953e-05
2024-05-24,11:56:54,46.5147,27.38,24.75,3060,15026691.0,3.841854651014953e-05
2024-05-24,11:56:54,46.5213,27.38,24.75,3061,15026691.0,3.835714792349559e-05
2024-05-24,11:56:54,46.528,27.38,24.75,3061,15026691.0,3.835714792349559e-05
2024-05-24,11:56:54,46.5346,27.38,24.75,3060,15026691.0,3.841854651014953e-05
2024-05-24,11:56:54,46.5413,27.38,24.75,3061,15026690.0,3.835714792349559e-05
2024-05-24,11:56:54,46.548,27.38,24.75,3061,15026690.0,3.835714792349559e-05
2024-05-24,11:56:54,46.5545,27.38,24.75,3060,15026691.0,3.841854651014953e-05
2024-05-24,11:56:54,46.5611,27.38,24.75,3061,15026692.0,3.835714792349559e-05
2024-05-24,11:56:54,46.5678,27.38,24.75,3061,15026691.0,3.835714792349559e-05
2024-05-24,11:56:54,46.5743,27.38,24.75,3061,15026692.0,3.835714792349559e-05
2024-05-24,11:56:54,46.581,27.38,24.75,3061,15026692.0,3.835714792349559e-05
2024-05-24,11:56:54,46.5876,27.38,24.75,3061,15026691.0,3.835714792349559e-05
2024-05-24,11:56:54,46.5942,27.38,24.75,3061,15026691.0,3.835714792349559e-05
2024-05-24,11:56:54,46.6007,27.38,24.75,3060,15026691.0,3.841854651014953e-05
2024-05-24,11:56:54,46.6073,27.38,24.75,3060,15026691.0,3.841854651014953e-05
2024-05-24,11:56:54,46.614,27.38,24.75,3061,15026691.0,3.835714792349559e-05
2024-05-24,11:56:54,46.6207,27.38,24.75,3061,15026691.0,3.835714792349559e-05
2024-05-24,11:56:54,46.6273,27.38,24.75,3060,15026691.0,3.841854651014953e-05
2024-05-24,11:56:54,46.634,27.38,24.75,3060,15026691.0,3.841854651014953e-05
2024-05-24,11:56:54,46.6406,27.38,24.75,3061,15026692.0,3.835714792349559e-05
2024-05-24,11:56:54,46.6473,27.38,24.75,3061,15026691.0,3.835714792349559e-05
2024-05-24,11:56:54,46.6539,27.38,24.75,3060,15026690.0,3.841854651014953e-05
2024-05-24,11:56:54,46.6606,27.38,24.75,3060,15026690.0,3.841854651014953e-05
2024-05-24,11:56:54,46.6671,27.38,24.75,3060,15026689.0,3.841854651014953e-05
2024-05-24,11:56:54,46.6737,27.38,24.75,3060,15026689.0,3.841854651014953e-05
2024-05-24,11:56:54,46.6803,27.38,24.75,3060,15026690.0,3.841854651014953e-05
2024-05-24,11:56:54,46.687,27.38,24.75,3060,15026690.0,3.841854651014953e-05
2024-05-24,11:56:54,46.6936,27.38,24.75,3060,15026690.0,3.841854651014953e-05
2024-05-24,11:56:54,46.7003,27.38,24.75,3060,15026690.0,3.841854651014953e-05
2024-05-24,11:56:54,46.7069,27.38,24.75,3060,15026690.0,3.841854651014953e-05
2024-05-24,11:56:54,46.7136,27.38,24.75,3060,15026689.0,3.841854651014953e-05
2024-05-24,11:56:54,46.7202,27.38,24.75,3060,15026690.0,3.841854651014953e-05
2024-05-24,11:56:54,46.7269,27.38,24.75,3060,15026690.0,3.841854651014953e-05
2024-05-24,11:56:54,46.7336,27.38,24.75,3060,15026690.0,3.841854651014953e-05
2024-05-24,11:56:54,46.7402,27.38,24.75,3060,15026690.0,3.841854651014953e-05
2024-05-24,11:56:54,46.7467,27.38,24.75,3061,15026690.0,3.835714792349559e-05
2024-05-24,11:56:54,46.7534,27.38,24.75,3060,15026691.0,3.841854651014953e-05
2024-05-24,11:56:54,46.7601,27.38,24.75,3059,15026689.0,3.848004337800132e-05
2024-05-24,11:56:54,46.7666,27.38,24.75,3060,15026689.0,3.841854651014953e-05
2024-05-24,11:56:55,46.7732,27.38,24.75,3060,15026689.0,3.841854651014953e-05
2024-05-24,11:56:55,46.7799,27.38,24.75,3060,15026690.0,3.841854651014953e-05
2024-05-24,11:56:55,46.7865,27.38,24.75,3060,15026690.0,3.841854651014953e-05
2024-05-24,11:56:55,46.7932,27.38,24.75,3059,15026690.0,3.848004337800132e-05
2024-05-24,11:56:55,46.7999,27.38,24.75,3059,15026691.0,3.848004337800132e-05
2024-05-24,11:56:55,46.8065,27.38,24.75,3060,15026690.0,3.841854651014953e-05
2024-05-24,11:56:55,46.8132,27.38,24.75,3060,15026689.0,3.841854651014953e-05
2024-05-24,11:56:55,46.8197,27.38,24.75,3060,15026689.0,3.841854651014953e-05
2024-05-24,11:56:55,46.8264,27.38,24.75,3060,15026690.0,3.841854651014953e-05
2024-05-24,11:56:55,46.8331,27.38,24.75,3060,15026690.0,3.841854651014953e-05
2024-05-24,11:56:55,46.8397,27.44,24.75,3060,15026690.0,3.841854651014953e-05
2024-05-24,11:56:55,46.8462,27.44,24.75,3059,15026690.0,3.848004337800132e-05
2024-05-24,11:56:55,46.8529,27.44,24.75,3059,15026689.0,3.848004337800132e-05
2024-05-24,11:56:55,46.8596,27.44,24.75,3059,15026689.0,3.848004337800132e-05
2024-05-24,11:56:55,46.8663,27.44,24.75,3059,15026689.0,3.848004337800132e-05
2024-05-24,11:56:55,46.8728,27.44,24.75,3060,15026689.0,3.841854651014953e-05
2024-05-24,11:56:55,46.8795,27.44,24.75,3060,15026691.0,3.841854651014953e-05
2024-05-24,11:56:55,46.8861,27.44,24.75,3059,15026692.0,3.848004337800132e-05
2024-05-24,11:56:55,46.8928,27.44,24.75,3058,15026689.0,3.854163868437039e-05
2024-05-24,11:56:55,46.8994,27.44,24.75,3058,15026689.0,3.854163868437039e-05
2024-05-24,11:56:55,46.9061,27.44,24.75,3059,15026690.0,3.848004337800132e-05
2024-05-24,11:56:55,46.9126,27.44,24.75,3060,15026689.0,3.841854651014953e-05
2024-05-24,11:56:55,46.9193,27.44,24.75,3060,15026689.0,3.841854651014953e-05
2024-05-24,11:56:55,46.9261,27.44,24.75,3060,15026689.0,3.841854651014953e-05
2024-05-24,11:56:55,46.9326,27.44,24.75,3060,15026689.0,3.841854651014953e-05
2024-05-24,11:56:55,46.9393,27.44,24.75,3059,15026690.0,3.848004337800132e-05
2024-05-24,11:56:55,46.946,27.44,24.75,3059,15026690.0,3.848004337800132e-05
2024-05-24,11:56:55,46.9526,27.44,24.75,3059,15026690.0,3.848004337800132e-05
2024-05-24,11:56:55,46.9591,27.44,24.75,3059,15026690.0,3.848004337800132e-05
2024-05-24,11:56:55,46.9657,27.44,24.75,3059,15026689.0,3.848004337800132e-05
2024-05-24,11:56:55,46.9724,27.44,24.75,3059,15026690.0,3.848004337800132e-05
2024-05-24,11:56:55,46.9791,27.44,24.75,3059,15026690.0,3.848004337800132e-05
2024-05-24,11:56:55,46.9857,27.44,24.75,3059,15026689.0,3.848004337800132e-05
2024-05-24,11:56:55,46.9924,27.44,24.75,3059,15026690.0,3.848004337800132e-05
2024-05-24,11:56:55,46.999,27.44,24.75,3058,15026689.0,3.854163868437039e-05
2024-05-24,11:56:55,47.0057,27.44,24.75,3058,15026689.0,3.854163868437039e-05
2024-05-24,11:56:55,47.0123,27.44,24.75,3059,15026690.0,3.848004337800132e-05
2024-05-24,11:56:55,47.019,27.44,24.75,3060,15026689.0,3.841854651014953e-05
2024-05-24,11:56:55,47.0257,27.44,24.75,3060,15026690.0,3.841854651014953e-05
2024-05-24,11:56:55,47.0322,27.44,24.75,3059,15026691.0,3.848004337800132e-05
2024-05-24,11:56:55,47.0387,27.44,24.75,3058,15026689.0,3.854163868437039e-05
2024-05-24,11:56:55,47.0455,27.44,24.75,3059,15026688.0,3.848004337800132e-05
2024-05-24,11:56:55,47.0523,27.44,24.75,3060,15026689.0,3.841854651014953e-05
2024-05-24,11:56:55,47.0589,27.44,24.75,3060,15026689.0,3.841854651014953e-05
2024-05-24,11:56:55,47.0656,27.44,24.75,3060,15026690.0,3.841854651014953e-05
2024-05-24,11:56:55,47.0721,27.44,24.75,3059,15026690.0,3.848004337800132e-05
2024-05-24,11:56:55,47.0786,27.44,24.75,3059,15026690.0,3.848004337800132e-05
2024-05-24,11:56:55,47.0853,27.44,24.75,3060,15026689.0,3.841854651014953e-05
2024-05-24,11:56:55,47.092,27.44,24.75,3060,15026689.0,3.841854651014953e-05
2024-05-24,11:56:55,47.0986,27.44,24.75,3059,15026689.0,3.848004337800132e-05
2024-05-24,11:56:55,47.1053,27.44,24.75,3058,15026689.0,3.854163868437039e-05
2024-05-24,11:56:55,47.1119,27.44,24.75,3058,15026690.0,3.854163868437039e-05
2024-05-24,11:56:55,47.1185,27.44,24.75,3059,15026690.0,3.848004337800132e-05
2024-05-24,11:56:55,47.1251,27.44,24.75,3059,15026690.0,3.848004337800132e-05
2024-05-24,11:56:55,47.1318,27.44,24.75,3059,15026689.0,3.848004337800132e-05
2024-05-24,11:56:55,47.1383,27.44,24.75,3059,15026689.0,3.848004337800132e-05
2024-05-24,11:56:55,47.1449,27.44,24.75,3059,15026690.0,3.848004337800132e-05
2024-05-24,11:56:55,47.1516,27.44,24.75,3059,15026690.0,3.848004337800132e-05
2024-05-24,11:56:55,47.1583,27.44,24.75,3059,15026690.0,3.848004337800132e-05
2024-05-24,11:56:55,47.1649,27.44,24.75,3059,15026690.0,3.848004337800132e-05
2024-05-24,11:56:55,47.1716,27.44,24.75,3058,15026690.0,3.854163868437039e-05
2024-05-24,11:56:55,47.1782,27.44,24.75,3058,15026689.0,3.854163868437039e-05
2024-05-24,11:56:55,47.1849,27.44,24.75,3058,15026689.0,3.854163868437039e-05
2024-05-24,11:56:55,47.1915,27.44,24.75,3058,15026689.0,3.854163868437039e-05
2024-05-24,11:56:55,47.1982,27.44,24.75,3059,15026689.0,3.848004337800132e-05
2024-05-24,11:56:55,47.2049,27.44,24.75,3059,15026689.0,3.848004337800132e-05
2024-05-24,11:56:55,47.2115,27.44,24.75,3059,15026689.0,3.848004337800132e-05
2024-05-24,11:56:55,47.2182,27.44,24.75,3059,15026689.0,3.848004337800132e-05
2024-05-24,11:56:55,47.2248,27.44,24.75,3059,15026690.0,3.848004337800132e-05
2024-05-24,11:56:55,47.2313,27.44,24.75,3059,15026690.0,3.848004337800132e-05
2024-05-24,11:56:55,47.2379,27.44,24.75,3058,15026688.0,3.854163868437039e-05
2024-05-24,11:56:55,47.2447,27.44,24.75,3058,15026688.0,3.854163868437039e-05
2024-05-24,11:56:55,47.2513,27.44,24.75,3058,15026689.0,3.854163868437039e-05
2024-05-24,11:56:55,47.2578,27.44,24.75,3058,15026689.0,3.854163868437039e-05
2024-05-24,11:56:55,47.2645,27.44,24.75,3059,15026689.0,3.848004337800132e-05
2024-05-24,11:56:55,47.2712,27.44,24.75,3059,15026690.0,3.848004337800132e-05
2024-05-24,11:56:55,47.2778,27.44,24.75,3058,15026689.0,3.854163868437039e-05
2024-05-24,11:56:55,47.2846,27.44,24.75,3058,15026688.0,3.854163868437039e-05
2024-05-24,11:56:55,47.2913,27.44,24.75,3059,15026689.0,3.848004337800132e-05
2024-05-24,11:56:55,47.2978,27.44,24.75,3059,15026689.0,3.848004337800132e-05
2024-05-24,11:56:55,47.3044,27.44,24.75,3058,15026689.0,3.854163868437039e-05
2024-05-24,11:56:55,47.3111,27.44,24.75,3058,15026689.0,3.854163868437039e-05
2024-05-24,11:56:55,47.3177,27.44,24.75,3059,15026689.0,3.848004337800132e-05
2024-05-24,11:56:55,47.3244,27.44,24.75,3059,15026690.0,3.848004337800132e-05
2024-05-24,11:56:55,47.3311,27.44,24.75,3058,15026689.0,3.854163868437039e-05
2024-05-24,11:56:55,47.3377,27.44,24.75,3058,15026689.0,3.854163868437039e-05
2024-05-24,11:56:55,47.3444,27.44,24.75,3058,15026688.0,3.854163868437039e-05
2024-05-24,11:56:55,47.351,27.44,24.75,3058,15026688.0,3.854163868437039e-05
2024-05-24,11:56:55,47.3576,27.44,24.75,3058,15026688.0,3.854163868437039e-05
2024-05-24,11:56:55,47.3641,27.44,24.75,3058,15026688.0,3.854163868437039e-05
2024-05-24,11:56:55,47.3709,27.44,24.75,3058,15026689.0,3.854163868437039e-05
2024-05-24,11:56:55,47.3777,27.44,24.75,3058,15026689.0,3.854163868437039e-05
2024-05-24,11:56:55,47.3842,27.44,24.75,3058,15026689.0,3.854163868437039e-05
2024-05-24,11:56:55,47.3908,27.44,24.75,3058,15026688.0,3.854163868437039e-05
2024-05-24,11:56:55,47.3976,27.44,24.75,3058,15026688.0,3.854163868437039e-05
2024-05-24,11:56:55,47.4041,27.44,24.75,3058,15026688.0,3.854163868437039e-05
2024-05-24,11:56:55,47.4107,27.44,24.75,3058,15026689.0,3.854163868437039e-05
2024-05-24,11:56:55,47.4173,27.44,24.75,3058,15026688.0,3.854163868437039e-05
2024-05-24,11:56:55,47.424,27.44,24.75,3058,15026689.0,3.854163868437039e-05
2024-05-24,11:56:55,47.4306,27.44,24.75,3058,15026688.0,3.854163868437039e-05
2024-05-24,11:56:55,47.4373,27.44,24.75,3058,15026688.0,3.854163868437039e-05
2024-05-24,11:56:55,47.444,27.44,24.75,3058,15026689.0,3.854163868437039e-05
2024-05-24,11:56:55,47.4507,27.44,24.75,3057,15026688.0,3.860333258682812e-05
2024-05-24,11:56:55,47.4574,27.44,24.75,3057,15026688.0,3.860333258682812e-05
2024-05-24,11:56:55,47.4639,27.44,24.75,3058,15026688.0,3.854163868437039e-05
2024-05-24,11:56:55,47.4706,27.44,24.75,3058,15026688.0,3.854163868437039e-05
2024-05-24,11:56:55,47.4772,27.44,24.75,3058,15026688.0,3.854163868437039e-05
2024-05-24,11:56:55,47.4839,27.44,24.75,3057,15026688.0,3.860333258682812e-05
2024-05-24,11:56:55,47.4905,27.44,24.75,3057,15026688.0,3.860333258682812e-05
2024-05-24,11:56:55,47.4972,27.44,24.75,3058,15026688.0,3.854163868437039e-05
2024-05-24,11:56:55,47.5039,27.44,24.75,3059,15026689.0,3.848004337800132e-05
2024-05-24,11:56:55,47.5105,27.44,24.75,3059,15026688.0,3.848004337800132e-05
2024-05-24,11:56:55,47.517,27.44,24.75,3058,15026688.0,3.854163868437039e-05
2024-05-24,11:56:55,47.5237,27.44,24.75,3058,15026689.0,3.854163868437039e-05
2024-05-24,11:56:55,47.5304,27.44,24.75,3057,15026687.0,3.860333258682812e-05
2024-05-24,11:56:55,47.537,27.44,24.75,3057,15026687.0,3.860333258682812e-05
2024-05-24,11:56:55,47.5438,27.44,24.75,3058,15026687.0,3.854163868437039e-05
2024-05-24,11:56:55,47.5503,27.44,24.75,3058,15026687.0,3.854163868437039e-05
2024-05-24,11:56:55,47.5569,27.44,24.75,3058,15026688.0,3.854163868437039e-05
2024-05-24,11:56:55,47.5636,27.44,24.75,3057,15026688.0,3.860333258682812e-05
2024-05-24,11:56:55,47.5703,27.44,24.75,3057,15026689.0,3.860333258682812e-05
2024-05-24,11:56:55,47.5769,27.44,24.75,3057,15026689.0,3.860333258682812e-05
2024-05-24,11:56:55,47.5836,27.44,24.75,3057,15026688.0,3.860333258682812e-05
2024-05-24,11:56:55,47.5903,27.44,24.75,3058,15026687.0,3.854163868437039e-05
2024-05-24,11:56:55,47.5969,27.44,24.75,3058,15026688.0,3.854163868437039e-05
2024-05-24,11:56:55,47.6034,27.44,24.75,3058,15026688.0,3.854163868437039e-05
2024-05-24,11:56:55,47.6101,27.44,24.75,3058,15026688.0,3.854163868437039e-05
2024-05-24,11:56:55,47.6169,27.44,24.75,3058,15026688.0,3.854163868437039e-05
2024-05-24,11:56:55,47.6235,27.44,24.75,3058,15026688.0,3.854163868437039e-05
2024-05-24,11:56:55,47.6301,27.44,24.75,3058,15026688.0,3.854163868437039e-05
2024-05-24,11:56:55,47.6367,27.44,24.75,3058,15026687.0,3.854163868437039e-05
2024-05-24,11:56:55,47.6434,27.44,24.75,3058,15026687.0,3.854163868437039e-05
2024-05-24,11:56:55,47.65,27.44,24.75,3058,15026687.0,3.854163868437039e-05
2024-05-24,11:56:55,47.6567,27.44,24.75,3058,15026687.0,3.854163868437039e-05
2024-05-24,11:56:55,47.6633,27.44,24.75,3058,15026687.0,3.854163868437039e-05
2024-05-24,11:56:55,47.67,27.44,24.75,3058,15026687.0,3.854163868437039e-05
2024-05-24,11:56:55,47.6767,27.44,24.75,3058,15026688.0,3.854163868437039e-05
2024-05-24,11:56:55,47.6833,27.44,24.75,3058,15026688.0,3.854163868437039e-05
2024-05-24,11:56:55,47.69,27.44,24.75,3058,15026689.0,3.854163868437039e-05
2024-05-24,11:56:55,47.6966,27.44,24.75,3058,15026688.0,3.854163868437039e-05
2024-05-24,11:56:55,47.7033,27.44,24.75,3059,15026689.0,3.848004337800132e-05
2024-05-24,11:56:55,47.7099,27.44,24.75,3059,15026689.0,3.848004337800132e-05
2024-05-24,11:56:55,47.7166,27.44,24.75,3058,15026689.0,3.854163868437039e-05
2024-05-24,11:56:55,47.7233,27.44,24.75,3057,15026689.0,3.860333258682812e-05
2024-05-24,11:56:55,47.7299,27.44,24.75,3057,15026688.0,3.860333258682812e-05
2024-05-24,11:56:55,47.7366,27.44,24.75,3058,15026687.0,3.854163868437039e-05
2024-05-24,11:56:55,47.7432,27.44,24.75,3057,15026686.0,3.860333258682812e-05
2024-05-24,11:56:55,47.7499,27.44,24.75,3056,15026686.0,3.866512524319794e-05
2024-05-24,11:56:55,47.7565,27.44,24.75,3056,15026687.0,3.866512524319794e-05
2024-05-24,11:56:55,47.7632,27.44,24.75,3056,15026688.0,3.866512524319794e-05
2024-05-24,11:56:56,47.7697,27.44,24.75,3057,15026687.0,3.860333258682812e-05
2024-05-24,11:56:56,47.7764,27.44,24.75,3057,15026687.0,3.860333258682812e-05
2024-05-24,11:56:56,47.783,27.44,24.75,3057,15026687.0,3.860333258682812e-05
2024-05-24,11:56:56,47.7897,27.44,24.75,3057,15026687.0,3.860333258682812e-05
2024-05-24,11:56:56,47.7963,27.44,24.75,3057,15026687.0,3.860333258682812e-05
2024-05-24,11:56:56,47.803,27.44,24.75,3058,15026687.0,3.854163868437039e-05
2024-05-24,11:56:56,47.8097,27.44,24.75,3058,15026686.0,3.854163868437039e-05
2024-05-24,11:56:56,47.8163,27.44,24.75,3058,15026687.0,3.854163868437039e-05
2024-05-24,11:56:56,47.823,27.44,24.75,3057,15026687.0,3.860333258682812e-05
2024-05-24,11:56:56,47.8295,27.44,24.75,3057,15026687.0,3.860333258682812e-05
2024-05-24,11:56:56,47.8361,27.44,24.75,3058,15026686.0,3.854163868437039e-05
2024-05-24,11:56:56,47.8428,27.44,24.75,3057,15026687.0,3.860333258682812e-05
2024-05-24,11:56:56,47.8495,27.44,24.5,3056,15026687.0,3.866512524319794e-05
2024-05-24,11:56:56,47.8561,27.44,24.5,3057,15026687.0,3.860333258682812e-05
2024-05-24,11:56:56,47.8628,27.44,24.5,3057,15026686.0,3.860333258682812e-05
2024-05-24,11:56:56,47.8696,27.44,24.5,3056,15026687.0,3.866512524319794e-05
2024-05-24,11:56:56,47.8762,27.44,24.5,3057,15026687.0,3.860333258682812e-05
2024-05-24,11:56:56,47.8827,27.44,24.5,3058,15026687.0,3.854163868437039e-05
2024-05-24,11:56:56,47.8894,27.44,24.5,3057,15026687.0,3.860333258682812e-05
2024-05-24,11:56:56,47.8961,27.44,24.5,3056,15026687.0,3.866512524319794e-05
2024-05-24,11:56:56,47.9027,27.44,24.5,3056,15026687.0,3.866512524319794e-05
2024-05-24,11:56:56,47.9094,27.44,24.5,3057,15026687.0,3.860333258682812e-05
2024-05-24,11:56:56,47.916,27.44,24.5,3057,15026687.0,3.860333258682812e-05
2024-05-24,11:56:56,47.9227,27.44,24.5,3057,15026687.0,3.860333258682812e-05
2024-05-24,11:56:56,47.9293,27.44,24.5,3057,15026687.0,3.860333258682812e-05
2024-05-24,11:56:56,47.936,27.44,24.5,3056,15026686.0,3.866512524319794e-05
2024-05-24,11:56:56,47.9426,27.44,24.5,3057,15026687.0,3.860333258682812e-05
2024-05-24,11:56:56,47.9493,27.44,24.5,3057,15026687.0,3.860333258682812e-05
2024-05-24,11:56:56,47.956,27.44,24.5,3057,15026687.0,3.860333258682812e-05
2024-05-24,11:56:56,47.9626,27.44,24.5,3058,15026687.0,3.854163868437039e-05
2024-05-24,11:56:56,47.9693,27.44,24.5,3058,15026686.0,3.854163868437039e-05
2024-05-24,11:56:56,47.9759,27.44,24.5,3057,15026687.0,3.860333258682812e-05
2024-05-24,11:56:56,47.9826,27.44,24.5,3056,15026687.0,3.866512524319794e-05
2024-05-24,11:56:56,47.9892,27.44,24.5,3056,15026687.0,3.866512524319794e-05
2024-05-24,11:56:56,47.9959,27.44,24.5,3056,15026686.0,3.866512524319794e-05
2024-05-24,11:56:56,48.0025,27.44,24.5,3056,15026686.0,3.866512524319794e-05
2024-05-24,11:56:56,48.0091,27.44,24.5,3057,15026687.0,3.860333258682812e-05
2024-05-24,11:56:56,48.0157,27.44,24.5,3057,15026686.0,3.860333258682812e-05
2024-05-24,11:56:56,48.0224,27.44,24.5,3056,15026686.0,3.866512524319794e-05
2024-05-24,11:56:56,48.029,27.44,24.5,3056,15026686.0,3.866512524319794e-05
2024-05-24,11:56:56,48.0357,27.44,24.5,3057,15026686.0,3.860333258682812e-05
2024-05-24,11:56:56,48.0422,27.44,24.5,3057,15026686.0,3.860333258682812e-05
2024-05-24,11:56:56,48.0489,27.44,24.5,3056,15026686.0,3.866512524319794e-05
2024-05-24,11:56:56,48.0555,27.44,24.5,3056,15026686.0,3.866512524319794e-05
2024-05-24,11:56:56,48.0622,27.44,24.5,3056,15026687.0,3.866512524319794e-05
2024-05-24,11:56:56,48.0689,27.44,24.5,3056,15026687.0,3.866512524319794e-05
2024-05-24,11:56:56,48.0755,27.44,24.5,3056,15026686.0,3.866512524319794e-05
2024-05-24,11:56:56,48.0822,27.44,24.5,3056,15026686.0,3.866512524319794e-05
2024-05-24,11:56:56,48.0888,27.44,24.5,3056,15026686.0,3.866512524319794e-05
2024-05-24,11:56:56,48.0955,27.44,24.5,3057,15026686.0,3.860333258682812e-05
2024-05-24,11:56:56,48.1021,27.44,24.5,3058,15026687.0,3.854163868437039e-05
2024-05-24,11:56:56,48.1088,27.44,24.5,3057,15026687.0,3.860333258682812e-05
2024-05-24,11:56:56,48.1154,27.44,24.5,3057,15026687.0,3.860333258682812e-05
2024-05-24,11:56:56,48.1221,27.44,24.5,3057,15026687.0,3.860333258682812e-05
2024-05-24,11:56:56,48.1288,27.44,24.5,3056,15026686.0,3.866512524319794e-05
2024-05-24,11:56:56,48.1354,27.44,24.5,3056,15026687.0,3.866512524319794e-05
2024-05-24,11:56:56,48.1421,27.44,24.5,3056,15026686.0,3.866512524319794e-05
2024-05-24,11:56:56,48.1487,27.44,24.5,3056,15026686.0,3.866512524319794e-05
2024-05-24,11:56:56,48.1554,27.44,24.5,3057,15026687.0,3.860333258682812e-05
2024-05-24,11:56:56,48.162,27.44,24.5,3057,15026687.0,3.860333258682812e-05
2024-05-24,11:56:56,48.1686,27.44,24.5,3056,15026686.0,3.866512524319794e-05
2024-05-24,11:56:56,48.1751,27.44,24.5,3057,15026686.0,3.860333258682812e-05
2024-05-24,11:56:56,48.1817,27.44,24.5,3057,15026686.0,3.860333258682812e-05
2024-05-24,11:56:56,48.1884,27.44,24.5,3056,15026687.0,3.866512524319794e-05
2024-05-24,11:56:56,48.1951,27.44,24.5,3056,15026686.0,3.866512524319794e-05
2024-05-24,11:56:56,48.2017,27.44,24.5,3056,15026686.0,3.866512524319794e-05
2024-05-24,11:56:56,48.2084,27.44,24.5,3057,15026688.0,3.860333258682812e-05
2024-05-24,11:56:56,48.215,27.44,24.5,3057,15026687.0,3.860333258682812e-05
2024-05-24,11:56:56,48.2217,27.44,24.5,3056,15026686.0,3.866512524319794e-05
2024-05-24,11:56:56,48.2285,27.44,24.5,3056,15026686.0,3.866512524319794e-05
2024-05-24,11:56:56,48.2351,27.44,24.5,3057,15026687.0,3.860333258682812e-05
2024-05-24,11:56:56,48.2417,27.44,24.5,3057,15026686.0,3.860333258682812e-05
2024-05-24,11:56:56,48.2483,27.44,24.5,3057,15026686.0,3.860333258682812e-05
2024-05-24,11:56:56,48.255,27.44,24.5,3057,15026686.0,3.860333258682812e-05
2024-05-24,11:56:56,48.2616,27.44,24.5,3056,15026686.0,3.866512524319794e-05
2024-05-24,11:56:56,48.2683,27.44,24.5,3056,15026685.0,3.866512524319794e-05
2024-05-24,11:56:56,48.2749,27.44,24.5,3056,15026686.0,3.866512524319794e-05
2024-05-24,11:56:56,48.2816,27.44,24.5,3056,15026686.0,3.866512524319794e-05
2024-05-24,11:56:56,48.2882,27.44,24.5,3056,15026685.0,3.866512524319794e-05
2024-05-24,11:56:56,48.2949,27.44,24.5,3056,15026686.0,3.866512524319794e-05
2024-05-24,11:56:56,48.3016,27.44,24.5,3056,15026686.0,3.866512524319794e-05
2024-05-24,11:56:56,48.3083,27.44,24.5,3056,15026686.0,3.866512524319794e-05
2024-05-24,11:56:56,48.315,27.44,24.5,3056,15026686.0,3.866512524319794e-05
2024-05-24,11:56:56,48.3215,27.44,24.5,3056,15026685.0,3.866512524319794e-05
2024-05-24,11:56:56,48.3282,27.44,24.5,3056,15026686.0,3.866512524319794e-05
2024-05-24,11:56:56,48.3348,27.44,24.5,3056,15026687.0,3.866512524319794e-05
2024-05-24,11:56:56,48.3415,27.44,24.5,3056,15026686.0,3.866512524319794e-05
2024-05-24,11:56:56,48.3481,27.44,24.5,3056,15026686.0,3.866512524319794e-05
2024-05-24,11:56:56,48.3548,27.44,24.75,3057,15026685.0,3.860333258682812e-05
2024-05-24,11:56:56,48.3615,27.44,24.75,3056,15026685.0,3.866512524319794e-05
2024-05-24,11:56:56,48.3681,27.44,24.75,3055,15026686.0,3.872701681155609e-05
2024-05-24,11:56:56,48.3748,27.44,24.75,3056,15026686.0,3.866512524319794e-05
2024-05-24,11:56:56,48.3814,27.44,24.75,3056,15026686.0,3.866512524319794e-05
2024-05-24,11:56:56,48.3882,27.44,24.75,3055,15026686.0,3.872701681155609e-05
2024-05-24,11:56:56,48.3949,27.44,24.75,3055,15026685.0,3.872701681155609e-05
2024-05-24,11:56:56,48.4013,27.44,24.75,3056,15026685.0,3.866512524319794e-05
2024-05-24,11:56:56,48.4079,27.44,24.75,3056,15026686.0,3.866512524319794e-05
2024-05-24,11:56:56,48.4147,27.44,24.75,3056,15026686.0,3.866512524319794e-05
2024-05-24,11:56:56,48.4214,27.44,24.75,3056,15026685.0,3.866512524319794e-05
2024-05-24,11:56:56,48.4279,27.44,24.75,3056,15026685.0,3.866512524319794e-05
2024-05-24,11:56:56,48.4345,27.44,24.75,3056,15026685.0,3.866512524319794e-05
2024-05-24,11:56:56,48.4413,27.44,24.75,3056,15026686.0,3.866512524319794e-05
2024-05-24,11:56:56,48.4479,27.44,24.75,3056,15026685.0,3.866512524319794e-05
2024-05-24,11:56:56,48.4545,27.44,24.75,3056,15026684.0,3.866512524319794e-05
2024-05-24,11:56:56,48.4613,27.44,24.75,3056,15026685.0,3.866512524319794e-05
2024-05-24,11:56:56,48.468,27.44,24.75,3056,15026685.0,3.866512524319794e-05
2024-05-24,11:56:56,48.4746,27.44,24.75,3056,15026685.0,3.866512524319794e-05
2024-05-24,11:56:56,48.4813,27.44,24.75,3056,15026685.0,3.866512524319794e-05
2024-05-24,11:56:56,48.4879,27.44,24.75,3056,15026686.0,3.866512524319794e-05
2024-05-24,11:56:56,48.4946,27.44,24.75,3055,15026685.0,3.872701681155609e-05
2024-05-24,11:56:56,48.5012,27.44,24.75,3055,15026685.0,3.872701681155609e-05
2024-05-24,11:56:56,48.5079,27.44,24.75,3056,15026685.0,3.866512524319794e-05
2024-05-24,11:56:56,48.5145,27.44,24.75,3056,15026685.0,3.866512524319794e-05
2024-05-24,11:56:56,48.5212,27.44,24.75,3056,15026686.0,3.866512524319794e-05
2024-05-24,11:56:56,48.5279,27.44,24.75,3055,15026684.0,3.872701681155609e-05
2024-05-24,11:56:56,48.5345,27.44,24.75,3055,15026684.0,3.872701681155609e-05
2024-05-24,11:56:56,48.5412,27.44,24.75,3056,15026684.0,3.866512524319794e-05
2024-05-24,11:56:56,48.5478,27.44,24.75,3056,15026685.0,3.866512524319794e-05
2024-05-24,11:56:56,48.5545,27.44,24.75,3056,15026685.0,3.866512524319794e-05
2024-05-24,11:56:56,48.5611,27.44,24.75,3056,15026685.0,3.866512524319794e-05
2024-05-24,11:56:56,48.5678,27.44,24.75,3056,15026685.0,3.866512524319794e-05
2024-05-24,11:56:56,48.5745,27.44,24.75,3056,15026685.0,3.866512524319794e-05
2024-05-24,11:56:56,48.5811,27.44,24.75,3056,15026686.0,3.866512524319794e-05
2024-05-24,11:56:56,48.5878,27.44,24.75,3056,15026686.0,3.866512524319794e-05
2024-05-24,11:56:56,48.5943,27.44,24.75,3055,15026684.0,3.872701681155609e-05
2024-05-24,11:56:56,48.6009,27.44,24.75,3055,15026685.0,3.872701681155609e-05
2024-05-24,11:56:56,48.6077,27.44,24.75,3056,15026685.0,3.866512524319794e-05
2024-05-24,11:56:56,48.6144,27.44,24.75,3055,15026686.0,3.872701681155609e-05
2024-05-24,11:56:56,48.621,27.44,24.75,3055,15026685.0,3.872701681155609e-05
2024-05-24,11:56:56,48.6277,27.44,24.75,3056,15026685.0,3.866512524319794e-05
2024-05-24,11:56:56,48.6342,27.44,24.75,3056,15026685.0,3.866512524319794e-05
2024-05-24,11:56:56,48.6408,27.44,24.75,3056,15026685.0,3.866512524319794e-05
2024-05-24,11:56:56,48.6475,27.44,24.75,3055,15026684.0,3.872701681155609e-05
2024-05-24,11:56:56,48.6543,27.44,24.75,3055,15026684.0,3.872701681155609e-05
2024-05-24,11:56:56,48.6609,27.44,24.75,3056,15026684.0,3.866512524319794e-05
2024-05-24,11:56:56,48.6675,27.44,24.75,3056,15026685.0,3.866512524319794e-05
2024-05-24,11:56:56,48.6743,27.44,24.75,3055,15026685.0,3.872701681155609e-05
2024-05-24,11:56:56,48.6809,27.44,24.75,3055,15026685.0,3.872701681155609e-05
2024-05-24,11:56:56,48.6876,27.44,24.75,3055,15026684.0,3.872701681155609e-05
2024-05-24,11:56:56,48.6943,27.44,24.75,3055,15026684.0,3.872701681155609e-05
2024-05-24,11:56:56,48.7009,27.44,24.75,3056,15026684.0,3.866512524319794e-05
2024-05-24,11:56:56,48.7076,27.44,24.75,3056,15026685.0,3.866512524319794e-05
2024-05-24,11:56:56,48.7142,27.44,24.75,3056,15026685.0,3.866512524319794e-05
2024-05-24,11:56:56,48.7209,27.44,24.75,3055,15026685.0,3.872701681155609e-05
2024-05-24,11:56:56,48.7274,27.44,24.75,3055,15026685.0,3.872701681155609e-05
2024-05-24,11:56:56,48.7341,27.44,24.75,3056,15026684.0,3.866512524319794e-05
2024-05-24,11:56:56,48.7407,27.44,24.75,3055,15026684.0,3.872701681155609e-05
2024-05-24,11:56:56,48.7474,27.44,24.75,3055,15026685.0,3.872701681155609e-05
2024-05-24,11:56:56,48.7542,27.44,24.75,3056,15026685.0,3.866512524319794e-05
2024-05-24,11:56:56,48.7608,27.44,24.75,3055,15026685.0,3.872701681155609e-05
2024-05-24,11:56:56,48.7675,27.44,24.75,3055,15026686.0,3.872701681155609e-05
2024-05-24,11:56:57,48.7741,27.44,24.75,3056,15026685.0,3.866512524319794e-05
2024-05-24,11:56:57,48.7808,27.44,24.75,3055,15026683.0,3.872701681155609e-05
2024-05-24,11:56:57,48.7873,27.44,24.75,3054,15026685.0,3.878900745023173e-05
2024-05-24,11:56:57,48.794,27.44,24.75,3055,15026685.0,3.872701681155609e-05
2024-05-24,11:56:57,48.8008,27.44,24.75,3056,15026684.0,3.866512524319794e-05
2024-05-24,11:56:57,48.8073,27.44,24.75,3056,15026684.0,3.866512524319794e-05
2024-05-24,11:56:57,48.8139,27.44,24.75,3055,15026684.0,3.872701681155609e-05
2024-05-24,11:56:57,48.8206,27.44,24.75,3054,15026684.0,3.878900745023173e-05
2024-05-24,11:56:57,48.8271,27.44,24.75,3054,15026684.0,3.878900745023173e-05
2024-05-24,11:56:57,48.8339,27.44,24.75,3055,15026685.0,3.872701681155609e-05
2024-05-24,11:56:57,48.8407,27.44,24.75,3056,15026684.0,3.866512524319794e-05
2024-05-24,11:56:57,48.8472,27.44,24.75,3056,15026685.0,3.866512524319794e-05
2024-05-24,11:56:57,48.8539,27.44,24.75,3056,15026685.0,3.866512524319794e-05
2024-05-24,11:56:57,48.8605,27.44,24.5,3055,15026685.0,3.872701681155609e-05
2024-05-24,11:56:57,48.8671,27.44,24.5,3054,15026685.0,3.878900745023173e-05
2024-05-24,11:56:57,48.8737,27.44,24.5,3054,15026685.0,3.878900745023173e-05
2024-05-24,11:56:57,48.8804,27.44,24.5,3054,15026684.0,3.878900745023173e-05
2024-05-24,11:56:57,48.887,27.44,24.5,3055,15026684.0,3.872701681155609e-05
2024-05-24,11:56:57,48.8937,27.44,24.5,3055,15026684.0,3.872701681155609e-05
2024-05-24,11:56:57,48.9003,27.44,24.5,3055,15026685.0,3.872701681155609e-05
2024-05-24,11:56:57,48.907,27.44,24.5,3056,15026685.0,3.866512524319794e-05
2024-05-24,11:56:57,48.9137,27.44,24.5,3055,15026683.0,3.872701681155609e-05
2024-05-24,11:56:57,48.9203,27.44,24.5,3055,15026683.0,3.872701681155609e-05
2024-05-24,11:56:57,48.927,27.44,24.5,3055,15026684.0,3.872701681155609e-05
2024-05-24,11:56:57,48.9337,27.44,24.5,3054,15026684.0,3.878900745023173e-05
2024-05-24,11:56:57,48.9404,27.44,24.5,3055,15026685.0,3.872701681155609e-05
2024-05-24,11:56:57,48.9469,27.44,24.5,3056,15026685.0,3.866512524319794e-05
2024-05-24,11:56:57,48.9536,27.44,24.5,3056,15026684.0,3.866512524319794e-05
2024-05-24,11:56:57,48.9602,27.44,24.5,3056,15026684.0,3.866512524319794e-05
2024-05-24,11:56:57,48.9669,27.44,24.5,3055,15026684.0,3.872701681155609e-05
2024-05-24,11:56:57,48.9736,27.44,24.5,3054,15026684.0,3.878900745023173e-05
2024-05-24,11:56:57,48.9802,27.44,24.5,3055,15026685.0,3.872701681155609e-05
2024-05-24,11:56:57,48.9869,27.44,24.5,3055,15026684.0,3.872701681155609e-05
2024-05-24,11:56:57,48.9935,27.44,24.5,3054,15026683.0,3.878900745023173e-05
2024-05-24,11:56:57,49.0002,27.44,24.5,3054,15026683.0,3.878900745023173e-05
2024-05-24,11:56:57,49.0068,27.44,24.5,3055,15026685.0,3.872701681155609e-05
2024-05-24,11:56:57,49.0135,27.44,24.5,3056,15026684.0,3.866512524319794e-05
2024-05-24,11:56:57,49.0201,27.44,24.5,3055,15026684.0,3.872701681155609e-05
2024-05-24,11:56:57,49.0268,27.44,24.5,3054,15026684.0,3.878900745023173e-05
2024-05-24,11:56:57,49.0335,27.44,24.5,3054,15026683.0,3.878900745023173e-05
2024-05-24,11:56:57,49.0401,27.44,24.5,3054,15026683.0,3.878900745023173e-05
2024-05-24,11:56:57,49.0468,27.44,24.5,3054,15026683.0,3.878900745023173e-05
2024-05-24,11:56:57,49.0534,27.44,24.5,3054,15026684.0,3.878900745023173e-05
2024-05-24,11:56:57,49.0601,27.44,24.5,3054,15026684.0,3.878900745023173e-05
2024-05-24,11:56:57,49.0667,27.44,24.5,3054,15026684.0,3.878900745023173e-05
2024-05-24,11:56:57,49.0734,27.44,24.5,3054,15026684.0,3.878900745023173e-05
2024-05-24,11:56:57,49.0801,27.44,24.5,3054,15026684.0,3.878900745023173e-05
2024-05-24,11:56:57,49.0866,27.44,24.5,3054,15026684.0,3.878900745023173e-05
2024-05-24,11:56:57,49.0932,27.44,24.5,3054,15026684.0,3.878900745023173e-05
2024-05-24,11:56:57,49.0999,27.44,24.5,3055,15026684.0,3.872701681155609e-05
2024-05-24,11:56:57,49.1065,27.44,24.5,3055,15026685.0,3.872701681155609e-05
2024-05-24,11:56:57,49.1133,27.44,24.5,3054,15026684.0,3.878900745023173e-05
2024-05-24,11:56:57,49.12,27.44,24.5,3054,15026683.0,3.878900745023173e-05
2024-05-24,11:56:57,49.1266,27.44,24.5,3055,15026684.0,3.872701681155609e-05
2024-05-24,11:56:57,49.1333,27.44,24.5,3055,15026685.0,3.872701681155609e-05
2024-05-24,11:56:57,49.1398,27.44,24.5,3055,15026684.0,3.872701681155609e-05
2024-05-24,11:56:57,49.1464,27.44,24.5,3055,15026684.0,3.872701681155609e-05
2024-05-24,11:56:57,49.1531,27.44,24.5,3054,15026684.0,3.878900745023173e-05
2024-05-24,11:56:57,49.1598,27.44,24.5,3054,15026683.0,3.878900745023173e-05
2024-05-24,11:56:57,49.1663,27.44,24.5,3054,15026683.0,3.878900745023173e-05
2024-05-24,11:56:57,49.173,27.44,24.5,3054,15026684.0,3.878900745023173e-05
2024-05-24,11:56:57,49.1796,27.44,24.5,3054,15026683.0,3.878900745023173e-05
2024-05-24,11:56:57,49.1863,27.44,24.5,3054,15026683.0,3.878900745023173e-05
2024-05-24,11:56:57,49.1929,27.44,24.5,3054,15026683.0,3.878900745023173e-05
2024-05-24,11:56:57,49.1996,27.44,24.5,3054,15026683.0,3.878900745023173e-05
2024-05-24,11:56:57,49.2064,27.44,24.5,3054,15026683.0,3.878900745023173e-05
2024-05-24,11:56:57,49.213,27.44,24.5,3055,15026683.0,3.872701681155609e-05
2024-05-24,11:56:57,49.2196,27.44,24.5,3055,15026683.0,3.872701681155609e-05
2024-05-24,11:56:57,49.2264,27.44,24.5,3054,15026684.0,3.878900745023173e-05
2024-05-24,11:56:57,49.233,27.44,24.5,3054,15026684.0,3.878900745023173e-05
2024-05-24,11:56:57,49.2397,27.44,24.5,3054,15026683.0,3.878900745023173e-05
2024-05-24,11:56:57,49.2463,27.44,24.5,3055,15026684.0,3.872701681155609e-05
2024-05-24,11:56:57,49.2529,27.44,24.5,3055,15026684.0,3.872701681155609e-05
2024-05-24,11:56:57,49.2595,27.44,24.5,3054,15026684.0,3.878900745023173e-05
2024-05-24,11:56:57,49.2662,27.44,24.5,3054,15026684.0,3.878900745023173e-05
2024-05-24,11:56:57,49.2728,27.44,24.5,3054,15026684.0,3.878900745023173e-05
2024-05-24,11:56:57,49.2795,27.44,24.5,3054,15026684.0,3.878900745023173e-05
2024-05-24,11:56:57,49.2861,27.44,24.5,3055,15026684.0,3.872701681155609e-05
2024-05-24,11:56:57,49.2929,27.44,24.5,3056,15026684.0,3.866512524319794e-05
2024-05-24,11:56:57,49.2996,27.44,24.5,3055,15026683.0,3.872701681155609e-05
2024-05-24,11:56:57,49.3061,27.44,24.5,3054,15026684.0,3.878900745023173e-05
2024-05-24,11:56:57,49.3128,27.44,24.5,3054,15026683.0,3.878900745023173e-05
2024-05-24,11:56:57,49.3195,27.44,24.5,3054,15026683.0,3.878900745023173e-05
2024-05-24,11:56:57,49.3262,27.44,24.5,3054,15026684.0,3.878900745023173e-05
2024-05-24,11:56:57,49.3329,27.44,24.5,3054,15026683.0,3.878900745023173e-05
2024-05-24,11:56:57,49.3395,27.44,24.5,3054,15026683.0,3.878900745023173e-05
2024-05-24,11:56:57,49.3462,27.44,24.5,3054,15026683.0,3.878900745023173e-05
2024-05-24,11:56:57,49.3529,27.44,24.5,3054,15026683.0,3.878900745023173e-05
2024-05-24,11:56:57,49.3596,27.44,24.5,3054,15026683.0,3.878900745023173e-05
2024-05-24,11:56:57,49.3663,27.5,24.75,3054,15026684.0,3.878900745023173e-05
2024-05-24,11:56:57,49.3729,27.5,24.75,3054,15026684.0,3.878900745023173e-05
2024-05-24,11:56:57,49.3794,27.5,24.75,3054,15026683.0,3.878900745023173e-05
2024-05-24,11:56:57,49.3861,27.5,24.75,3054,15026683.0,3.878900745023173e-05
2024-05-24,11:56:57,49.3929,27.5,24.75,3054,15026684.0,3.878900745023173e-05
2024-05-24,11:56:57,49.3995,27.5,24.75,3054,15026684.0,3.878900745023173e-05
2024-05-24,11:56:57,49.4062,27.5,24.75,3054,15026684.0,3.878900745023173e-05
2024-05-24,11:56:57,49.4129,27.5,24.75,3054,15026683.0,3.878900745023173e-05
2024-05-24,11:56:57,49.4195,27.5,24.75,3054,15026684.0,3.878900745023173e-05
2024-05-24,11:56:57,49.4262,27.5,24.75,3054,15026684.0,3.878900745023173e-05
2024-05-24,11:56:57,49.4328,27.5,24.75,3054,15026683.0,3.878900745023173e-05
2024-05-24,11:56:57,49.4395,27.5,24.75,3055,15026683.0,3.872701681155609e-05
2024-05-24,11:56:57,49.4461,27.5,24.75,3055,15026683.0,3.872701681155609e-05
2024-05-24,11:56:57,49.4528,27.5,24.75,3054,15026684.0,3.878900745023173e-05
2024-05-24,11:56:57,49.4594,27.5,24.75,3054,15026683.0,3.878900745023173e-05
2024-05-24,11:56:57,49.4661,27.5,24.75,3054,15026683.0,3.878900745023173e-05
2024-05-24,11:56:57,49.4728,27.5,24.75,3054,15026683.0,3.878900745023173e-05
2024-05-24,11:56:57,49.4794,27.5,24.75,3054,15026684.0,3.878900745023173e-05
2024-05-24,11:56:57,49.4861,27.5,24.75,3054,15026683.0,3.878900745023173e-05
2024-05-24,11:56:57,49.4927,27.5,24.75,3054,15026683.0,3.878900745023173e-05
2024-05-24,11:56:57,49.4994,27.5,24.75,3054,15026684.0,3.878900745023173e-05
2024-05-24,11:56:57,49.506,27.5,24.75,3054,15026684.0,3.878900745023173e-05
2024-05-24,11:56:57,49.5127,27.5,24.75,3054,15026684.0,3.878900745023173e-05
2024-05-24,11:56:57,49.5193,27.5,24.75,3054,15026683.0,3.878900745023173e-05
2024-05-24,11:56:57,49.526,27.5,24.75,3054,15026683.0,3.878900745023173e-05
2024-05-24,11:56:57,49.5327,27.5,24.75,3054,15026683.0,3.878900745023173e-05
2024-05-24,11:56:57,49.5393,27.5,24.75,3054,15026683.0,3.878900745023173e-05
2024-05-24,11:56:57,49.5461,27.5,24.75,3054,15026684.0,3.878900745023173e-05
2024-05-24,11:56:57,49.5528,27.5,24.75,3054,15026683.0,3.878900745023173e-05
2024-05-24,11:56:57,49.5593,27.5,24.75,3054,15026683.0,3.878900745023173e-05
2024-05-24,11:56:57,49.5659,27.5,24.75,3053,15026683.0,3.88510973178075e-05
2024-05-24,11:56:57,49.5727,27.5,24.75,3053,15026682.0,3.88510973178075e-05
2024-05-24,11:56:57,49.5794,27.5,24.75,3054,15026683.0,3.878900745023173e-05
2024-05-24,11:56:57,49.5859,27.5,24.75,3054,15026683.0,3.878900745023173e-05
2024-05-24,11:56:57,49.5926,27.5,24.75,3053,15026682.0,3.88510973178075e-05
2024-05-24,11:56:57,49.5992,27.5,24.75,3053,15026682.0,3.88510973178075e-05
2024-05-24,11:56:57,49.6059,27.5,24.75,3054,15026683.0,3.878900745023173e-05
2024-05-24,11:56:57,49.6125,27.5,24.75,3054,15026683.0,3.878900745023173e-05
2024-05-24,11:56:57,49.6193,27.5,24.75,3054,15026683.0,3.878900745023173e-05
2024-05-24,11:56:57,49.626,27.5,24.75,3054,15026683.0,3.878900745023173e-05
2024-05-24,11:56:57,49.6325,27.5,24.75,3054,15026683.0,3.878900745023173e-05
2024-05-24,11:56:57,49.6393,27.5,24.75,3054,15026683.0,3.878900745023173e-05
2024-05-24,11:56:57,49.6459,27.5,24.75,3054,15026683.0,3.878900745023173e-05
2024-05-24,11:56:57,49.6525,27.5,24.75,3053,15026684.0,3.88510973178075e-05
2024-05-24,11:56:57,49.6593,27.5,24.75,3053,15026683.0,3.88510973178075e-05
2024-05-24,11:56:57,49.6659,27.5,24.75,3054,15026683.0,3.878900745023173e-05
2024-05-24,11:56:57,49.6726,27.5,24.75,3054,15026683.0,3.878900745023173e-05
2024-05-24,11:56:57,49.6793,27.5,24.75,3054,15026683.0,3.878900745023173e-05
2024-05-24,11:56:57,49.686,27.5,24.75,3054,15026683.0,3.878900745023173e-05
2024-05-24,11:56:57,49.6927,27.5,24.75,3054,15026683.0,3.878900745023173e-05
2024-05-24,11:56:57,49.6992,27.5,24.75,3053,15026683.0,3.88510973178075e-05
2024-05-24,11:56:57,49.7057,27.5,24.75,3052,15026683.0,3.891328657311985e-05
2024-05-24,11:56:57,49.7124,27.5,24.75,3053,15026683.0,3.88510973178075e-05
2024-05-24,11:56:57,49.7192,27.5,24.75,3054,15026682.0,3.878900745023173e-05
2024-05-24,11:56:57,49.7259,27.5,24.75,3054,15026683.0,3.878900745023173e-05
2024-05-24,11:56:57,49.7326,27.5,24.75,3054,15026683.0,3.878900745023173e-05
2024-05-24,11:56:57,49.7391,27.5,24.75,3054,15026683.0,3.878900745023173e-05
2024-05-24,11:56:57,49.7458,27.5,24.75,3054,15026683.0,3.878900745023173e-05
2024-05-24,11:56:57,49.7524,27.5,24.75,3054,15026683.0,3.878900745023173e-05
2024-05-24,11:56:57,49.7591,27.5,24.75,3054,15026683.0,3.878900745023173e-05
2024-05-24,11:56:57,49.7659,27.5,24.75,3053,15026682.0,3.88510973178075e-05
2024-05-24,11:56:58,49.7725,27.5,24.75,3053,15026682.0,3.88510973178075e-05
2024-05-24,11:56:58,49.7792,27.5,24.75,3054,15026683.0,3.878900745023173e-05
2024-05-24,11:56:58,49.7858,27.5,24.75,3054,15026682.0,3.878900745023173e-05
2024-05-24,11:56:58,49.7925,27.5,24.75,3054,15026683.0,3.878900745023173e-05
2024-05-24,11:56:58,49.7992,27.5,24.75,3054,15026683.0,3.878900745023173e-05
2024-05-24,11:56:58,49.8058,27.5,24.75,3053,15026682.0,3.88510973178075e-05
2024-05-24,11:56:58,49.8125,27.5,24.75,3054,15026681.0,3.878900745023173e-05
2024-05-24,11:56:58,49.8191,27.5,24.75,3055,15026683.0,3.872701681155609e-05
2024-05-24,11:56:58,49.8258,27.5,24.75,3053,15026683.0,3.88510973178075e-05
2024-05-24,11:56:58,49.8324,27.5,24.75,3053,15026683.0,3.88510973178075e-05
2024-05-24,11:56:58,49.8391,27.5,24.75,3053,15026683.0,3.88510973178075e-05
2024-05-24,11:56:58,49.8457,27.5,24.75,3053,15026683.0,3.88510973178075e-05
2024-05-24,11:56:58,49.8524,27.5,24.75,3053,15026683.0,3.88510973178075e-05
2024-05-24,11:56:58,49.8591,27.5,24.75,3053,15026683.0,3.88510973178075e-05
2024-05-24,11:56:58,49.8657,27.5,24.75,3054,15026683.0,3.878900745023173e-05
2024-05-24,11:56:58,49.8724,27.44,24.75,3053,15026682.0,3.88510973178075e-05
2024-05-24,11:56:58,49.879,27.44,24.75,3053,15026682.0,3.88510973178075e-05
2024-05-24,11:56:58,49.8857,27.44,24.75,3054,15026682.0,3.878900745023173e-05
2024-05-24,11:56:58,49.8925,27.44,24.75,3054,15026682.0,3.878900745023173e-05
2024-05-24,11:56:58,49.8991,27.44,24.75,3054,15026682.0,3.878900745023173e-05
2024-05-24,11:56:58,49.9058,27.44,24.75,3054,15026682.0,3.878900745023173e-05
2024-05-24,11:56:58,49.9126,27.44,24.75,3053,15026683.0,3.88510973178075e-05
2024-05-24,11:56:58,49.9192,27.44,24.75,3053,15026683.0,3.88510973178075e-05
2024-05-24,11:56:58,49.9259,27.44,24.75,3054,15026683.0,3.878900745023173e-05
2024-05-24,11:56:58,49.9325,27.44,24.75,3054,15026682.0,3.878900745023173e-05
2024-05-24,11:56:58,49.9392,27.44,24.75,3053,15026682.0,3.88510973178075e-05
2024-05-24,11:56:58,49.9458,27.44,24.75,3053,15026682.0,3.88510973178075e-05
2024-05-24,11:56:58,49.9525,27.44,24.75,3054,15026683.0,3.878900745023173e-05
2024-05-24,11:56:58,49.9592,27.44,24.75,3054,15026682.0,3.878900745023173e-05
2024-05-24,11:56:58,49.9658,27.44,24.75,3053,15026682.0,3.88510973178075e-05
2024-05-24,11:56:58,49.9725,27.44,24.75,3052,15026682.0,3.891328657311985e-05
2024-05-24,11:56:58,49.9791,27.44,24.75,3053,15026683.0,3.88510973178075e-05
2024-05-24,11:56:58,49.9858,27.44,24.75,3053,15026684.0,3.88510973178075e-05
2024-05-24,11:56:58,49.9924,27.44,24.75,3052,15026682.0,3.891328657311985e-05
2024-05-24,11:56:58,49.9991,27.44,24.75,3053,15026682.0,3.88510973178075e-05
2024-05-24,11:56:58,50.0056,27.44,24.75,3053,15026681.0,3.88510973178075e-05
2024-05-24,11:56:58,50.0124,27.44,24.75,3053,15026681.0,3.88510973178075e-05
2024-05-24,11:56:58,50.0192,27.44,24.75,3054,15026683.0,3.878900745023173e-05
2024-05-24,11:56:58,50.0257,27.44,24.75,3053,15026683.0,3.88510973178075e-05
2024-05-24,11:56:58,50.0324,27.44,24.75,3053,15026682.0,3.88510973178075e-05
2024-05-24,11:56:58,50.0392,27.44,24.75,3053,15026682.0,3.88510973178075e-05
2024-05-24,11:56:58,50.0458,27.44,24.75,3052,15026682.0,3.891328657311985e-05
2024-05-24,11:56:58,50.0525,27.44,24.75,3052,15026682.0,3.891328657311985e-05
2024-05-24,11:56:58,50.0593,27.44,24.75,3052,15026682.0,3.891328657311985e-05
2024-05-24,11:56:58,50.0659,27.44,24.75,3053,15026681.0,3.88510973178075e-05
2024-05-24,11:56:58,50.0726,27.44,24.75,3053,15026681.0,3.88510973178075e-05
2024-05-24,11:56:58,50.0792,27.44,24.75,3053,15026681.0,3.88510973178075e-05
2024-05-24,11:56:58,50.0859,27.44,24.75,3053,15026682.0,3.88510973178075e-05
2024-05-24,11:56:58,50.0925,27.44,24.75,3053,15026683.0,3.88510973178075e-05
2024-05-24,11:56:58,50.0992,27.44,24.75,3053,15026682.0,3.88510973178075e-05
2024-05-24,11:56:58,50.1058,27.44,24.75,3053,15026681.0,3.88510973178075e-05
2024-05-24,11:56:58,50.1125,27.44,24.75,3053,15026681.0,3.88510973178075e-05
2024-05-24,11:56:58,50.1193,27.44,24.75,3052,15026682.0,3.891328657311985e-05
2024-05-24,11:56:58,50.1259,27.44,24.75,3053,15026682.0,3.88510973178075e-05
2024-05-24,11:56:58,50.1325,27.44,24.75,3054,15026682.0,3.878900745023173e-05
2024-05-24,11:56:58,50.1391,27.44,24.75,3053,15026682.0,3.88510973178075e-05
2024-05-24,11:56:58,50.1458,27.44,24.75,3053,15026682.0,3.88510973178075e-05
2024-05-24,11:56:58,50.1524,27.44,24.75,3054,15026682.0,3.878900745023173e-05
2024-05-24,11:56:58,50.1591,27.44,24.75,3054,15026682.0,3.878900745023173e-05
2024-05-24,11:56:58,50.1657,27.44,24.75,3053,15026682.0,3.88510973178075e-05
2024-05-24,11:56:58,50.1724,27.44,24.75,3052,15026683.0,3.891328657311985e-05
2024-05-24,11:56:58,50.1791,27.44,24.75,3053,15026683.0,3.88510973178075e-05
2024-05-24,11:56:58,50.1857,27.44,24.75,3054,15026682.0,3.878900745023173e-05
2024-05-24,11:56:58,50.1924,27.44,24.75,3053,15026682.0,3.88510973178075e-05
2024-05-24,11:56:58,50.199,27.44,24.75,3052,15026682.0,3.891328657311985e-05
2024-05-24,11:56:58,50.2057,27.44,24.75,3052,15026681.0,3.891328657311985e-05
2024-05-24,11:56:58,50.2123,27.44,24.75,3053,15026681.0,3.88510973178075e-05
2024-05-24,11:56:58,50.219,27.44,24.75,3053,15026682.0,3.88510973178075e-05
2024-05-24,11:56:58,50.2257,27.44,24.75,3052,15026682.0,3.891328657311985e-05
2024-05-24,11:56:58,50.2323,27.44,24.75,3053,15026683.0,3.88510973178075e-05
2024-05-24,11:56:58,50.239,27.44,24.75,3053,15026683.0,3.88510973178075e-05
2024-05-24,11:56:58,50.2456,27.44,24.75,3052,15026682.0,3.891328657311985e-05
2024-05-24,11:56:58,50.2523,27.44,24.75,3053,15026681.0,3.88510973178075e-05
2024-05-24,11:56:58,50.2589,27.44,24.75,3053,15026681.0,3.88510973178075e-05
2024-05-24,11:56:58,50.2657,27.44,24.75,3052,15026681.0,3.891328657311985e-05
2024-05-24,11:56:58,50.2724,27.44,24.75,3052,15026681.0,3.891328657311985e-05
2024-05-24,11:56:58,50.279,27.44,24.75,3052,15026682.0,3.891328657311985e-05
2024-05-24,11:56:58,50.2857,27.44,24.75,3052,15026682.0,3.891328657311985e-05
2024-05-24,11:56:58,50.2923,27.44,24.75,3052,15026681.0,3.891328657311985e-05
2024-05-24,11:56:58,50.299,27.44,24.75,3052,15026681.0,3.891328657311985e-05
2024-05-24,11:56:58,50.3057,27.44,24.75,3052,15026682.0,3.891328657311985e-05
2024-05-24,11:56:58,50.3124,27.44,24.75,3052,15026682.0,3.891328657311985e-05
2024-05-24,11:56:58,50.3191,27.44,24.75,3052,15026683.0,3.891328657311985e-05
2024-05-24,11:56:58,50.3257,27.44,24.75,3052,15026681.0,3.891328657311985e-05
2024-05-24,11:56:58,50.3324,27.44,24.75,3053,15026680.0,3.88510973178075e-05
2024-05-24,11:56:58,50.3391,27.44,24.75,3053,15026681.0,3.88510973178075e-05
2024-05-24,11:56:58,50.3457,27.44,24.75,3052,15026682.0,3.891328657311985e-05
2024-05-24,11:56:58,50.3524,27.44,24.75,3052,15026680.0,3.891328657311985e-05
2024-05-24,11:56:58,50.359,27.44,24.75,3052,15026680.0,3.891328657311985e-05
2024-05-24,11:56:58,50.3657,27.44,24.75,3052,15026681.0,3.891328657311985e-05
2024-05-24,11:56:58,50.3725,27.44,24.75,3052,15026681.0,3.891328657311985e-05
2024-05-24,11:56:58,50.3791,27.5,24.75,3052,15026682.0,3.891328657311985e-05
2024-05-24,11:56:58,50.3858,27.5,24.75,3052,15026682.0,3.891328657311985e-05
2024-05-24,11:56:58,50.3926,27.5,24.75,3052,15026682.0,3.891328657311985e-05
2024-05-24,11:56:58,50.3992,27.5,24.75,3052,15026682.0,3.891328657311985e-05
2024-05-24,11:56:58,50.4059,27.5,24.75,3052,15026682.0,3.891328657311985e-05
2024-05-24,11:56:58,50.4125,27.5,24.75,3052,15026682.0,3.891328657311985e-05
2024-05-24,11:56:58,50.4192,27.5,24.75,3052,15026682.0,3.891328657311985e-05
2024-05-24,11:56:58,50.4258,27.5,24.75,3052,15026682.0,3.891328657311985e-05
2024-05-24,11:56:58,50.4325,27.5,24.75,3052,15026682.0,3.891328657311985e-05
2024-05-24,11:56:58,50.4392,27.5,24.75,3052,15026682.0,3.891328657311985e-05
2024-05-24,11:56:58,50.4458,27.5,24.75,3052,15026682.0,3.891328657311985e-05
2024-05-24,11:56:58,50.4525,27.5,24.75,3052,15026682.0,3.891328657311985e-05
2024-05-24,11:56:58,50.4591,27.5,24.75,3052,15026682.0,3.891328657311985e-05
2024-05-24,11:56:58,50.4658,27.5,24.75,3052,15026682.0,3.891328657311985e-05
2024-05-24,11:56:58,50.4724,27.5,24.75,3052,15026681.0,3.891328657311985e-05
2024-05-24,11:56:58,50.4792,27.5,24.75,3052,15026681.0,3.891328657311985e-05
2024-05-24,11:56:58,50.4859,27.5,24.75,3052,15026680.0,3.891328657311985e-05
2024-05-24,11:56:58,50.4925,27.5,24.75,3052,15026681.0,3.891328657311985e-05
2024-05-24,11:56:58,50.4993,27.5,24.75,3052,15026682.0,3.891328657311985e-05
2024-05-24,11:56:58,50.506,27.5,24.75,3052,15026682.0,3.891328657311985e-05
2024-05-24,11:56:58,50.5125,27.5,24.75,3052,15026682.0,3.891328657311985e-05
2024-05-24,11:56:58,50.5192,27.5,24.75,3052,15026682.0,3.891328657311985e-05
2024-05-24,11:56:58,50.5259,27.5,24.75,3052,15026682.0,3.891328657311985e-05
2024-05-24,11:56:58,50.5326,27.5,24.75,3052,15026682.0,3.891328657311985e-05
2024-05-24,11:56:58,50.5393,27.5,24.75,3052,15026681.0,3.891328657311985e-05
2024-05-24,11:56:58,50.5459,27.5,24.75,3052,15026681.0,3.891328657311985e-05
2024-05-24,11:56:58,50.5526,27.5,24.75,3052,15026681.0,3.891328657311985e-05
2024-05-24,11:56:58,50.5592,27.5,24.75,3053,15026681.0,3.88510973178075e-05
2024-05-24,11:56:58,50.5659,27.5,24.75,3053,15026681.0,3.88510973178075e-05
2024-05-24,11:56:58,50.5727,27.5,24.75,3053,15026681.0,3.88510973178075e-05
2024-05-24,11:56:58,50.5794,27.5,24.75,3053,15026681.0,3.88510973178075e-05
2024-05-24,11:56:58,50.5861,27.5,24.75,3052,15026681.0,3.891328657311985e-05
2024-05-24,11:56:58,50.5928,27.5,24.75,3052,15026682.0,3.891328657311985e-05
2024-05-24,11:56:58,50.5994,27.5,24.75,3052,15026681.0,3.891328657311985e-05
2024-05-24,11:56:58,50.6061,27.5,24.75,3051,15026681.0,3.897557537525958e-05
2024-05-24,11:56:58,50.6127,27.5,24.75,3050,15026681.0,3.903796388357198e-05
2024-05-24,11:56:58,50.6194,27.5,24.75,3051,15026681.0,3.897557537525958e-05
2024-05-24,11:56:58,50.626,27.5,24.75,3052,15026681.0,3.891328657311985e-05
2024-05-24,11:56:58,50.6327,27.5,24.75,3051,15026680.0,3.897557537525958e-05
2024-05-24,11:56:58,50.6395,27.5,24.75,3051,15026680.0,3.897557537525958e-05
2024-05-24,11:56:58,50.6461,27.5,24.75,3052,15026681.0,3.891328657311985e-05
2024-05-24,11:56:58,50.6527,27.5,24.75,3051,15026681.0,3.897557537525958e-05
2024-05-24,11:56:58,50.6593,27.5,24.75,3051,15026681.0,3.897557537525958e-05
2024-05-24,11:56:58,50.6661,27.5,24.75,3052,15026681.0,3.891328657311985e-05
2024-05-24,11:56:58,50.6728,27.5,24.75,3051,15026680.0,3.897557537525958e-05
2024-05-24,11:56:58,50.6794,27.5,24.75,3051,15026681.0,3.897557537525958e-05
2024-05-24,11:56:58,50.6862,27.5,24.75,3052,15026681.0,3.891328657311985e-05
2024-05-24,11:56:58,50.6929,27.5,24.75,3052,15026682.0,3.891328657311985e-05
2024-05-24,11:56:58,50.6995,27.5,24.75,3052,15026681.0,3.891328657311985e-05
2024-05-24,11:56:58,50.7062,27.5,24.75,3052,15026681.0,3.891328657311985e-05
2024-05-24,11:56:58,50.7128,27.5,24.75,3051,15026681.0,3.897557537525958e-05
2024-05-24,11:56:58,50.7195,27.5,24.75,3051,15026681.0,3.897557537525958e-05
2024-05-24,11:56:58,50.7261,27.5,24.75,3052,15026682.0,3.891328657311985e-05
2024-05-24,11:56:58,50.7328,27.5,24.75,3052,15026681.0,3.891328657311985e-05
2024-05-24,11:56:58,50.7394,27.5,24.75,3052,15026681.0,3.891328657311985e-05
2024-05-24,11:56:58,50.7462,27.5,24.75,3052,15026681.0,3.891328657311985e-05
2024-05-24,11:56:58,50.7529,27.5,24.75,3052,15026682.0,3.891328657311985e-05
2024-05-24,11:56:58,50.7595,27.5,24.75,3052,15026681.0,3.891328657311985e-05
2024-05-24,11:56:58,50.7662,27.5,24.75,3052,15026681.0,3.891328657311985e-05
2024-05-24,11:56:59,50.7729,27.5,24.75,3052,15026681.0,3.891328657311985e-05
2024-05-24,11:56:59,50.7795,27.5,24.75,3052,15026681.0,3.891328657311985e-05
2024-05-24,11:56:59,50.7862,27.5,24.75,3052,15026682.0,3.891328657311985e-05
2024-05-24,11:56:59,50.7929,27.5,24.75,3051,15026680.0,3.897557537525958e-05
2024-05-24,11:56:59,50.7996,27.5,24.75,3051,15026680.0,3.897557537525958e-05
2024-05-24,11:56:59,50.8063,27.5,24.75,3052,15026681.0,3.891328657311985e-05
2024-05-24,11:56:59,50.8129,27.5,24.75,3052,15026681.0,3.891328657311985e-05
2024-05-24,11:56:59,50.8196,27.5,24.75,3052,15026681.0,3.891328657311985e-05
2024-05-24,11:56:59,50.8262,27.5,24.75,3052,15026681.0,3.891328657311985e-05
2024-05-24,11:56:59,50.8329,27.5,24.75,3051,15026680.0,3.897557537525958e-05
2024-05-24,11:56:59,50.8395,27.5,24.75,3050,15026681.0,3.903796388357198e-05
2024-05-24,11:56:59,50.8462,27.5,24.75,3051,15026681.0,3.897557537525958e-05
2024-05-24,11:56:59,50.8529,27.5,24.75,3052,15026681.0,3.891328657311985e-05
2024-05-24,11:56:59,50.8595,27.5,24.75,3052,15026681.0,3.891328657311985e-05
2024-05-24,11:56:59,50.8663,27.5,24.75,3052,15026681.0,3.891328657311985e-05
2024-05-24,11:56:59,50.8729,27.5,24.75,3052,15026681.0,3.891328657311985e-05
2024-05-24,11:56:59,50.8795,27.5,24.75,3051,15026681.0,3.897557537525958e-05
2024-05-24,11:56:59,50.8863,27.5,24.75,3050,15026681.0,3.903796388357198e-05
2024-05-24,11:56:59,50.893,27.5,24.75,3050,15026681.0,3.903796388357198e-05
2024-05-24,11:56:59,50.8997,27.5,24.75,3050,15026681.0,3.903796388357198e-05
2024-05-24,11:56:59,50.9064,27.5,24.75,3051,15026680.0,3.897557537525958e-05
2024-05-24,11:56:59,50.913,27.5,24.75,3052,15026681.0,3.891328657311985e-05
2024-05-24,11:56:59,50.9197,27.5,24.75,3051,15026681.0,3.897557537525958e-05
2024-05-24,11:56:59,50.9263,27.5,24.75,3051,15026681.0,3.897557537525958e-05
2024-05-24,11:56:59,50.9331,27.5,24.75,3052,15026681.0,3.891328657311985e-05
2024-05-24,11:56:59,50.9399,27.5,24.75,3051,15026681.0,3.897557537525958e-05
2024-05-24,11:56:59,50.9465,27.5,24.75,3050,15026680.0,3.903796388357198e-05
2024-05-24,11:56:59,50.9532,27.5,24.75,3050,15026681.0,3.903796388357198e-05
2024-05-24,11:56:59,50.9599,27.5,24.75,3050,15026681.0,3.903796388357198e-05
2024-05-24,11:56:59,50.9665,27.5,24.75,3050,15026681.0,3.903796388357198e-05
2024-05-24,11:56:59,50.9732,27.5,24.75,3051,15026681.0,3.897557537525958e-05
2024-05-24,11:56:59,50.9798,27.5,24.75,3052,15026681.0,3.891328657311985e-05
2024-05-24,11:56:59,50.9865,27.5,24.75,3052,15026681.0,3.891328657311985e-05
2024-05-24,11:56:59,50.9931,27.5,24.75,3051,15026679.0,3.897557537525958e-05
2024-05-24,11:56:59,50.9998,27.5,24.75,3051,15026680.0,3.897557537525958e-05
2024-05-24,11:56:59,51.0065,27.5,24.75,3052,15026681.0,3.891328657311985e-05
2024-05-24,11:56:59,51.0131,27.5,24.75,3051,15026681.0,3.897557537525958e-05
2024-05-24,11:56:59,51.0198,27.5,24.75,3051,15026681.0,3.897557537525958e-05
2024-05-24,11:56:59,51.0265,27.5,24.75,3051,15026681.0,3.897557537525958e-05
2024-05-24,11:56:59,51.0332,27.5,24.75,3050,15026681.0,3.903796388357198e-05
2024-05-24,11:56:59,51.0399,27.5,24.75,3050,15026681.0,3.903796388357198e-05
2024-05-24,11:56:59,51.0466,27.5,24.75,3050,15026680.0,3.903796388357198e-05
2024-05-24,11:56:59,51.0533,27.5,24.75,3051,15026680.0,3.897557537525958e-05
2024-05-24,11:56:59,51.06,27.5,24.75,3051,15026680.0,3.897557537525958e-05
2024-05-24,11:56:59,51.0667,27.5,24.75,3050,15026680.0,3.903796388357198e-05
2024-05-24,11:56:59,51.0734,27.5,24.75,3051,15026680.0,3.897557537525958e-05
2024-05-24,11:56:59,51.0801,27.5,24.75,3052,15026680.0,3.891328657311985e-05
2024-05-24,11:56:59,51.0867,27.5,24.75,3051,15026679.0,3.897557537525958e-05
2024-05-24,11:56:59,51.0934,27.5,24.75,3051,15026680.0,3.897557537525958e-05
2024-05-24,11:56:59,51.1,27.5,24.75,3051,15026681.0,3.897557537525958e-05
2024-05-24,11:56:59,51.1067,27.5,24.75,3051,15026680.0,3.897557537525958e-05
2024-05-24,11:56:59,51.1135,27.5,24.75,3052,15026680.0,3.891328657311985e-05
2024-05-24,11:56:59,51.1201,27.5,24.75,3051,15026681.0,3.897557537525958e-05
2024-05-24,11:56:59,51.1268,27.5,24.75,3050,15026680.0,3.903796388357198e-05
2024-05-24,11:56:59,51.1334,27.5,24.75,3050,15026680.0,3.903796388357198e-05
2024-05-24,11:56:59,51.1401,27.5,24.75,3050,15026680.0,3.903796388357198e-05
2024-05-24,11:56:59,51.1469,27.5,24.75,3051,15026679.0,3.897557537525958e-05
2024-05-24,11:56:59,51.1535,27.5,24.75,3051,15026680.0,3.897557537525958e-05
2024-05-24,11:56:59,51.1602,27.5,24.75,3051,15026680.0,3.897557537525958e-05
2024-05-24,11:56:59,51.1668,27.5,24.75,3051,15026679.0,3.897557537525958e-05
2024-05-24,11:56:59,51.1734,27.5,24.75,3050,15026679.0,3.903796388357198e-05
2024-05-24,11:56:59,51.18,27.5,24.75,3050,15026680.0,3.903796388357198e-05
2024-05-24,11:56:59,51.1868,27.5,24.75,3050,15026680.0,3.903796388357198e-05
2024-05-24,11:56:59,51.1935,27.5,24.75,3050,15026679.0,3.903796388357198e-05
2024-05-24,11:56:59,51.2001,27.5,24.75,3050,15026679.0,3.903796388357198e-05
2024-05-24,11:56:59,51.2069,27.5,24.75,3050,15026681.0,3.903796388357198e-05
2024-05-24,11:56:59,51.2136,27.5,24.75,3050,15026681.0,3.903796388357198e-05
2024-05-24,11:56:59,51.2202,27.5,24.75,3051,15026681.0,3.897557537525958e-05
2024-05-24,11:56:59,51.2269,27.5,24.75,3052,15026680.0,3.891328657311985e-05
2024-05-24,11:56:59,51.2335,27.5,24.75,3051,15026680.0,3.897557537525958e-05
2024-05-24,11:56:59,51.2402,27.5,24.75,3051,15026680.0,3.897557537525958e-05
2024-05-24,11:56:59,51.2468,27.5,24.75,3051,15026680.0,3.897557537525958e-05
2024-05-24,11:56:59,51.2535,27.5,24.75,3050,15026680.0,3.903796388357198e-05
2024-05-24,11:56:59,51.2601,27.5,24.75,3050,15026679.0,3.903796388357198e-05
2024-05-24,11:56:59,51.2669,27.5,24.75,3050,15026679.0,3.903796388357198e-05
2024-05-24,11:56:59,51.2737,27.5,24.75,3049,15026680.0,3.910045225765757e-05
2024-05-24,11:56:59,51.2804,27.5,24.75,3049,15026680.0,3.910045225765757e-05
2024-05-24,11:56:59,51.287,27.5,24.75,3050,15026680.0,3.903796388357198e-05
2024-05-24,11:56:59,51.2937,27.5,24.75,3051,15026680.0,3.897557537525958e-05
2024-05-24,11:56:59,51.3003,27.5,24.75,3051,15026679.0,3.897557537525958e-05
2024-05-24,11:56:59,51.307,27.5,24.75,3050,15026680.0,3.903796388357198e-05
2024-05-24,11:56:59,51.3137,27.5,24.75,3050,15026680.0,3.903796388357198e-05
2024-05-24,11:56:59,51.3204,27.5,24.75,3051,15026679.0,3.897557537525958e-05
2024-05-24,11:56:59,51.3271,27.5,24.75,3051,15026679.0,3.897557537525958e-05
2024-05-24,11:56:59,51.3337,27.5,24.75,3050,15026680.0,3.903796388357198e-05
2024-05-24,11:56:59,51.3404,27.5,24.75,3050,15026680.0,3.903796388357198e-05
2024-05-24,11:56:59,51.3471,27.5,24.75,3050,15026681.0,3.903796388357198e-05
2024-05-24,11:56:59,51.3538,27.5,24.75,3050,15026680.0,3.903796388357198e-05
2024-05-24,11:56:59,51.3605,27.5,24.75,3050,15026680.0,3.903796388357198e-05
2024-05-24,11:56:59,51.3672,27.5,24.75,3050,15026680.0,3.903796388357198e-05
2024-05-24,11:56:59,51.3738,27.5,24.75,3050,15026679.0,3.903796388357198e-05
2024-05-24,11:56:59,51.3805,27.5,24.75,3050,15026679.0,3.903796388357198e-05
2024-05-24,11:56:59,51.3871,27.5,24.75,3050,15026680.0,3.903796388357198e-05
2024-05-24,11:56:59,51.3938,27.5,24.75,3050,15026680.0,3.903796388357198e-05
2024-05-24,11:56:59,51.4006,27.5,24.75,3049,15026680.0,3.910045225765757e-05
2024-05-24,11:56:59,51.4072,27.5,24.75,3048,15026680.0,3.916304065737224e-05
2024-05-24,11:56:59,51.4137,27.5,24.75,3049,15026679.0,3.910045225765757e-05
2024-05-24,11:56:59,51.4204,27.5,24.75,3049,15026679.0,3.910045225765757e-05
2024-05-24,11:56:59,51.4272,27.5,24.75,3048,15026680.0,3.916304065737224e-05
2024-05-24,11:56:59,51.434,27.5,24.75,3049,15026680.0,3.910045225765757e-05
2024-05-24,11:56:59,51.4406,27.5,24.75,3050,15026680.0,3.903796388357198e-05
2024-05-24,11:56:59,51.4473,27.5,24.75,3049,15026679.0,3.910045225765757e-05
2024-05-24,11:56:59,51.4539,27.5,24.75,3049,15026678.0,3.910045225765757e-05
2024-05-24,11:56:59,51.4606,27.5,24.75,3050,15026680.0,3.903796388357198e-05
2024-05-24,11:56:59,51.4673,27.5,24.75,3051,15026679.0,3.897557537525958e-05
2024-05-24,11:56:59,51.4739,27.5,24.75,3050,15026679.0,3.903796388357198e-05
2024-05-24,11:56:59,51.4806,27.5,24.75,3049,15026679.0,3.910045225765757e-05
2024-05-24,11:56:59,51.4872,27.5,24.75,3049,15026679.0,3.910045225765757e-05
2024-05-24,11:56:59,51.494,27.5,24.75,3048,15026680.0,3.916304065737224e-05
2024-05-24,11:56:59,51.5007,27.5,24.75,3048,15026679.0,3.916304065737224e-05
2024-05-24,11:56:59,51.5073,27.5,24.75,3049,15026679.0,3.910045225765757e-05
2024-05-24,11:56:59,51.5141,27.5,24.75,3049,15026678.0,3.910045225765757e-05
2024-05-24,11:56:59,51.5208,27.5,24.75,3049,15026678.0,3.910045225765757e-05
2024-05-24,11:56:59,51.5274,27.5,24.75,3050,15026679.0,3.903796388357198e-05
2024-05-24,11:56:59,51.5342,27.5,24.75,3050,15026679.0,3.903796388357198e-05
2024-05-24,11:56:59,51.5409,27.5,24.75,3050,15026680.0,3.903796388357198e-05
2024-05-24,11:56:59,51.5474,27.5,24.75,3050,15026680.0,3.903796388357198e-05
2024-05-24,11:56:59,51.554,27.5,24.75,3049,15026679.0,3.910045225765757e-05
2024-05-24,11:56:59,51.5608,27.5,24.75,3049,15026679.0,3.910045225765757e-05
2024-05-24,11:56:59,51.5675,27.5,24.75,3049,15026679.0,3.910045225765757e-05
2024-05-24,11:56:59,51.5741,27.5,24.75,3049,15026679.0,3.910045225765757e-05
2024-05-24,11:56:59,51.5809,27.5,24.75,3050,15026679.0,3.903796388357198e-05
2024-05-24,11:56:59,51.5876,27.5,24.75,3050,15026679.0,3.903796388357198e-05
2024-05-24,11:56:59,51.5942,27.5,24.75,3049,15026679.0,3.910045225765757e-05
2024-05-24,11:56:59,51.601,27.5,24.75,3048,15026679.0,3.916304065737224e-05
2024-05-24,11:56:59,51.6077,27.5,24.75,3048,15026679.0,3.916304065737224e-05
2024-05-24,11:56:59,51.6143,27.5,24.75,3049,15026679.0,3.910045225765757e-05
2024-05-24,11:56:59,51.621,27.5,24.75,3049,15026678.0,3.910045225765757e-05
2024-05-24,11:56:59,51.6276,27.5,24.75,3049,15026679.0,3.910045225765757e-05
2024-05-24,11:56:59,51.6343,27.5,24.75,3049,15026679.0,3.910045225765757e-05
2024-05-24,11:56:59,51.6409,27.5,24.75,3049,15026679.0,3.910045225765757e-05
2024-05-24,11:56:59,51.6477,27.5,24.75,3049,15026679.0,3.910045225765757e-05
2024-05-24,11:56:59,51.6544,27.5,24.75,3049,15026679.0,3.910045225765757e-05
2024-05-24,11:56:59,51.661,27.5,24.75,3049,15026678.0,3.910045225765757e-05
2024-05-24,11:56:59,51.6677,27.5,24.75,3049,15026678.0,3.910045225765757e-05
2024-05-24,11:56:59,51.6744,27.5,24.75,3049,15026679.0,3.910045225765757e-05
2024-05-24,11:56:59,51.6811,27.5,24.75,3049,15026679.0,3.910045225765757e-05
2024-05-24,11:56:59,51.6878,27.5,24.75,3049,15026679.0,3.910045225765757e-05
2024-05-24,11:56:59,51.6945,27.5,24.75,3048,15026679.0,3.916304065737224e-05
2024-05-24,11:56:59,51.7012,27.5,24.75,3048,15026679.0,3.916304065737224e-05
2024-05-24,11:56:59,51.7079,27.5,24.75,3049,15026678.0,3.910045225765757e-05
2024-05-24,11:56:59,51.7145,27.5,24.75,3049,15026678.0,3.910045225765757e-05
2024-05-24,11:56:59,51.7212,27.5,24.75,3049,15026679.0,3.910045225765757e-05
2024-05-24,11:56:59,51.7279,27.5,24.75,3050,15026680.0,3.903796388357198e-05
2024-05-24,11:56:59,51.7346,27.5,24.75,3050,15026679.0,3.903796388357198e-05
2024-05-24,11:56:59,51.7414,27.5,24.75,3050,15026679.0,3.903796388357198e-05
2024-05-24,11:56:59,51.748,27.5,24.75,3049,15026680.0,3.910045225765757e-05
2024-05-24,11:56:59,51.7545,27.5,24.75,3048,15026678.0,3.916304065737224e-05
2024-05-24,11:56:59,51.7613,27.5,24.75,3049,15026678.0,3.910045225765757e-05
2024-05-24,11:56:59,51.7681,27.5,24.75,3049,15026678.0,3.910045225765757e-05
2024-05-24,11:57:00,51.7747,27.5,24.75,3049,15026678.0,3.910045225765757e-05
2024-05-24,11:57:00,51.7814,27.5,24.75,3049,15026679.0,3.910045225765757e-05
2024-05-24,11:57:00,51.788,27.5,24.75,3049,15026679.0,3.910045225765757e-05
2024-05-24,11:57:00,51.7947,27.5,24.75,3049,15026680.0,3.910045225765757e-05
2024-05-24,11:57:00,51.8013,27.5,24.75,3049,15026679.0,3.910045225765757e-05
2024-05-24,11:57:00,51.808,27.5,24.75,3049,15026678.0,3.910045225765757e-05
2024-05-24,11:57:00,51.8148,27.5,24.75,3049,15026678.0,3.910045225765757e-05
2024-05-24,11:57:00,51.8214,27.5,24.75,3050,15026680.0,3.903796388357198e-05
2024-05-24,11:57:00,51.8281,27.5,24.75,3049,15026680.0,3.910045225765757e-05
2024-05-24,11:57:00,51.8349,27.5,24.75,3048,15026679.0,3.916304065737224e-05
2024-05-24,11:57:00,51.8415,27.5,24.75,3048,15026679.0,3.916304065737224e-05
2024-05-24,11:57:00,51.8481,27.5,24.75,3048,15026678.0,3.916304065737224e-05
2024-05-24,11:57:00,51.8547,27.5,24.75,3048,15026678.0,3.916304065737224e-05
2024-05-24,11:57:00,51.8615,27.5,24.75,3048,15026679.0,3.916304065737224e-05
2024-05-24,11:57:00,51.8681,27.5,24.75,3048,15026680.0,3.916304065737224e-05
2024-05-24,11:57:00,51.8748,27.5,24.75,3048,15026679.0,3.916304065737224e-05
2024-05-24,11:57:00,51.8815,27.5,24.75,3048,15026679.0,3.916304065737224e-05
2024-05-24,11:57:00,51.8881,27.44,24.75,3048,15026678.0,3.916304065737224e-05
2024-05-24,11:57:00,51.8948,27.44,24.75,3048,15026678.0,3.916304065737224e-05
2024-05-24,11:57:00,51.9014,27.44,24.75,3048,15026679.0,3.916304065737224e-05
2024-05-24,11:57:00,51.9082,27.44,24.75,3048,15026679.0,3.916304065737224e-05
2024-05-24,11:57:00,51.9149,27.44,24.75,3048,15026679.0,3.916304065737224e-05
2024-05-24,11:57:00,51.9215,27.44,24.75,3048,15026678.0,3.916304065737224e-05
2024-05-24,11:57:00,51.9282,27.44,24.75,3047,15026677.0,3.922572924282782e-05
2024-05-24,11:57:00,51.9348,27.44,24.75,3047,15026678.0,3.922572924282782e-05
2024-05-24,11:57:00,51.9416,27.44,24.75,3047,15026678.0,3.922572924282782e-05
2024-05-24,11:57:00,51.9483,27.44,24.75,3047,15026678.0,3.922572924282782e-05
2024-05-24,11:57:00,51.9549,27.44,24.75,3047,15026678.0,3.922572924282782e-05
2024-05-24,11:57:00,51.9616,27.44,24.75,3048,15026677.0,3.916304065737224e-05
2024-05-24,11:57:00,51.9684,27.44,24.75,3049,15026678.0,3.910045225765757e-05
2024-05-24,11:57:00,51.9752,27.44,24.75,3048,15026678.0,3.916304065737224e-05
2024-05-24,11:57:00,51.9817,27.44,24.75,3048,15026679.0,3.916304065737224e-05
2024-05-24,11:57:00,51.9885,27.44,24.75,3048,15026679.0,3.916304065737224e-05
2024-05-24,11:57:00,51.9953,27.44,24.75,3047,15026677.0,3.922572924282782e-05
2024-05-24,11:57:00,52.0019,27.44,24.75,3047,15026677.0,3.922572924282782e-05
2024-05-24,11:57:00,52.0086,27.44,24.75,3048,15026678.0,3.916304065737224e-05
2024-05-24,11:57:00,52.0152,27.44,24.75,3048,15026678.0,3.916304065737224e-05
2024-05-24,11:57:00,52.022,27.44,24.75,3047,15026678.0,3.922572924282782e-05
2024-05-24,11:57:00,52.0287,27.44,24.75,3047,15026677.0,3.922572924282782e-05
2024-05-24,11:57:00,52.0353,27.44,24.75,3048,15026678.0,3.916304065737224e-05
2024-05-24,11:57:00,52.042,27.44,24.75,3048,15026678.0,3.916304065737224e-05
2024-05-24,11:57:00,52.0486,27.44,24.75,3047,15026677.0,3.922572924282782e-05
2024-05-24,11:57:00,52.0554,27.44,24.75,3047,15026678.0,3.922572924282782e-05
2024-05-24,11:57:00,52.0621,27.44,24.75,3047,15026678.0,3.922572924282782e-05
2024-05-24,11:57:00,52.0687,27.44,24.75,3047,15026678.0,3.922572924282782e-05
2024-05-24,11:57:00,52.0755,27.44,24.75,3047,15026678.0,3.922572924282782e-05
2024-05-24,11:57:00,52.0822,27.44,24.75,3047,15026678.0,3.922572924282782e-05
2024-05-24,11:57:00,52.0888,27.44,24.75,3047,15026677.0,3.922572924282782e-05
2024-05-24,11:57:00,52.0956,27.44,24.75,3047,15026677.0,3.922572924282782e-05
2024-05-24,11:57:00,52.1023,27.44,24.75,3048,15026678.0,3.916304065737224e-05
2024-05-24,11:57:00,52.1089,27.44,24.75,3048,15026678.0,3.916304065737224e-05
2024-05-24,11:57:00,52.1157,27.44,24.75,3047,15026678.0,3.922572924282782e-05
2024-05-24,11:57:00,52.1224,27.44,24.75,3047,15026678.0,3.922572924282782e-05
2024-05-24,11:57:00,52.129,27.44,24.75,3047,15026678.0,3.922572924282782e-05
2024-05-24,11:57:00,52.1358,27.44,24.75,3047,15026677.0,3.922572924282782e-05
2024-05-24,11:57:00,52.1425,27.44,24.75,3047,15026677.0,3.922572924282782e-05
2024-05-24,11:57:00,52.1491,27.44,24.75,3047,15026677.0,3.922572924282782e-05
2024-05-24,11:57:00,52.1559,27.44,24.75,3047,15026677.0,3.922572924282782e-05
2024-05-24,11:57:00,52.1625,27.44,24.75,3047,15026677.0,3.922572924282782e-05
2024-05-24,11:57:00,52.1692,27.44,24.75,3047,15026677.0,3.922572924282782e-05
2024-05-24,11:57:00,52.176,27.44,24.75,3046,15026678.0,3.928851817439237e-05
2024-05-24,11:57:00,52.1828,27.44,24.75,3047,15026678.0,3.922572924282782e-05
2024-05-24,11:57:00,52.1894,27.44,24.75,3048,15026678.0,3.916304065737224e-05
2024-05-24,11:57:00,52.1961,27.44,24.75,3047,15026677.0,3.922572924282782e-05
2024-05-24,11:57:00,52.2027,27.44,24.75,3046,15026677.0,3.928851817439237e-05
2024-05-24,11:57:00,52.2095,27.44,24.75,3046,15026678.0,3.928851817439237e-05
2024-05-24,11:57:00,52.2163,27.44,24.75,3046,15026677.0,3.928851817439237e-05
2024-05-24,11:57:00,52.223,27.44,24.75,3046,15026677.0,3.928851817439237e-05
2024-05-24,11:57:00,52.2296,27.44,24.75,3047,15026677.0,3.922572924282782e-05
2024-05-24,11:57:00,52.2363,27.44,24.75,3047,15026677.0,3.922572924282782e-05
2024-05-24,11:57:00,52.2429,27.44,24.75,3046,15026677.0,3.928851817439237e-05
2024-05-24,11:57:00,52.2496,27.44,24.75,3046,15026678.0,3.928851817439237e-05
2024-05-24,11:57:00,52.2564,27.44,24.75,3046,15026678.0,3.928851817439237e-05
2024-05-24,11:57:00,52.2632,27.44,24.75,3047,15026678.0,3.922572924282782e-05
2024-05-24,11:57:00,52.2698,27.44,24.75,3048,15026678.0,3.916304065737224e-05
2024-05-24,11:57:00,52.2765,27.44,24.75,3047,15026677.0,3.922572924282782e-05
2024-05-24,11:57:00,52.2833,27.44,24.75,3046,15026677.0,3.928851817439237e-05
2024-05-24,11:57:00,52.2899,27.44,24.75,3045,15026677.0,3.935140761269075e-05
2024-05-24,11:57:00,52.2966,27.44,24.75,3045,15026677.0,3.935140761269075e-05
2024-05-24,11:57:00,52.3033,27.44,24.75,3046,15026677.0,3.928851817439237e-05
2024-05-24,11:57:00,52.31,27.44,24.75,3046,15026677.0,3.928851817439237e-05
2024-05-24,11:57:00,52.3167,27.44,24.75,3046,15026677.0,3.928851817439237e-05
2024-05-24,11:57:00,52.3233,27.44,24.75,3047,15026676.0,3.922572924282782e-05
2024-05-24,11:57:00,52.3301,27.44,24.75,3047,15026676.0,3.922572924282782e-05
2024-05-24,11:57:00,52.3369,27.44,24.75,3047,15026676.0,3.922572924282782e-05
2024-05-24,11:57:00,52.3435,27.44,24.75,3047,15026677.0,3.922572924282782e-05
2024-05-24,11:57:00,52.3502,27.44,24.75,3047,15026677.0,3.922572924282782e-05
2024-05-24,11:57:00,52.3569,27.44,24.75,3046,15026676.0,3.928851817439237e-05
2024-05-24,11:57:00,52.3636,27.44,24.75,3046,15026677.0,3.928851817439237e-05
2024-05-24,11:57:00,52.3703,27.44,24.75,3047,15026676.0,3.922572924282782e-05
2024-05-24,11:57:00,52.3769,27.44,24.75,3047,15026677.0,3.922572924282782e-05
2024-05-24,11:57:00,52.3837,27.44,24.75,3047,15026677.0,3.922572924282782e-05
2024-05-24,11:57:00,52.3904,27.5,24.5,3046,15026677.0,3.928851817439237e-05
2024-05-24,11:57:00,52.397,27.5,24.5,3046,15026677.0,3.928851817439237e-05
2024-05-24,11:57:00,52.4038,27.5,24.5,3047,15026677.0,3.922572924282782e-05
2024-05-24,11:57:00,52.4105,27.5,24.5,3047,15026676.0,3.922572924282782e-05
2024-05-24,11:57:00,52.4171,27.5,24.5,3046,15026676.0,3.928851817439237e-05
2024-05-24,11:57:00,52.4238,27.5,24.5,3046,15026676.0,3.928851817439237e-05
2024-05-24,11:57:00,52.4305,27.5,24.5,3047,15026676.0,3.922572924282782e-05
2024-05-24,11:57:00,52.4372,27.5,24.5,3046,15026676.0,3.928851817439237e-05
2024-05-24,11:57:00,52.444,27.5,24.5,3045,15026676.0,3.935140761269075e-05
2024-05-24,11:57:00,52.4507,27.5,24.5,3046,15026677.0,3.928851817439237e-05
2024-05-24,11:57:00,52.4573,27.5,24.5,3046,15026676.0,3.928851817439237e-05
2024-05-24,11:57:00,52.4641,27.5,24.5,3046,15026676.0,3.928851817439237e-05
2024-05-24,11:57:00,52.4708,27.5,24.5,3046,15026677.0,3.928851817439237e-05
2024-05-24,11:57:00,52.4774,27.5,24.5,3046,15026676.0,3.928851817439237e-05
2024-05-24,11:57:00,52.4841,27.5,24.5,3047,15026676.0,3.922572924282782e-05
2024-05-24,11:57:00,52.4907,27.5,24.5,3046,15026676.0,3.928851817439237e-05
2024-05-24,11:57:00,52.4975,27.5,24.5,3045,15026676.0,3.935140761269075e-05
2024-05-24,11:57:00,52.5043,27.5,24.5,3045,15026676.0,3.935140761269075e-05
2024-05-24,11:57:00,52.511,27.5,24.5,3045,15026676.0,3.935140761269075e-05
2024-05-24,11:57:00,52.5176,27.5,24.5,3045,15026676.0,3.935140761269075e-05
2024-05-24,11:57:00,52.5244,27.5,24.5,3045,15026675.0,3.935140761269075e-05
2024-05-24,11:57:00,52.5312,27.5,24.5,3045,15026676.0,3.935140761269075e-05
2024-05-24,11:57:00,52.5378,27.5,24.5,3045,15026676.0,3.935140761269075e-05
2024-05-24,11:57:00,52.5445,27.5,24.5,3045,15026675.0,3.935140761269075e-05
2024-05-24,11:57:00,52.5513,27.5,24.5,3045,15026675.0,3.935140761269075e-05
2024-05-24,11:57:00,52.5581,27.5,24.5,3046,15026676.0,3.928851817439237e-05
2024-05-24,11:57:00,52.5647,27.5,24.5,3046,15026676.0,3.928851817439237e-05
2024-05-24,11:57:00,52.5714,27.5,24.5,3045,15026676.0,3.935140761269075e-05
2024-05-24,11:57:00,52.578,27.5,24.5,3045,15026676.0,3.935140761269075e-05
2024-05-24,11:57:00,52.5847,27.5,24.5,3045,15026674.0,3.935140761269075e-05
2024-05-24,11:57:00,52.5915,27.5,24.5,3045,15026674.0,3.935140761269075e-05
2024-05-24,11:57:00,52.5983,27.5,24.5,3046,15026676.0,3.928851817439237e-05
2024-05-24,11:57:00,52.6049,27.5,24.5,3046,15026676.0,3.928851817439237e-05
2024-05-24,11:57:00,52.6116,27.5,24.5,3046,15026676.0,3.928851817439237e-05
2024-05-24,11:57:00,52.6184,27.5,24.5,3046,15026676.0,3.928851817439237e-05
2024-05-24,11:57:00,52.625,27.5,24.5,3045,15026676.0,3.935140761269075e-05
2024-05-24,11:57:00,52.6317,27.5,24.5,3045,15026676.0,3.935140761269075e-05
2024-05-24,11:57:00,52.6385,27.5,24.5,3045,15026676.0,3.935140761269075e-05
2024-05-24,11:57:00,52.6451,27.5,24.5,3045,15026676.0,3.935140761269075e-05
2024-05-24,11:57:00,52.6518,27.5,24.5,3045,15026676.0,3.935140761269075e-05
2024-05-24,11:57:00,52.6585,27.5,24.5,3045,15026676.0,3.935140761269075e-05
2024-05-24,11:57:00,52.6653,27.5,24.5,3045,15026676.0,3.935140761269075e-05
2024-05-24,11:57:00,52.672,27.5,24.5,3045,15026675.0,3.935140761269075e-05
2024-05-24,11:57:00,52.6786,27.5,24.5,3045,15026675.0,3.935140761269075e-05
2024-05-24,11:57:00,52.6854,27.5,24.5,3045,15026675.0,3.935140761269075e-05
2024-05-24,11:57:00,52.6921,27.5,24.5,3045,15026676.0,3.935140761269075e-05
2024-05-24,11:57:00,52.6987,27.5,24.5,3045,15026676.0,3.935140761269075e-05
2024-05-24,11:57:00,52.7054,27.5,24.5,3045,15026675.0,3.935140761269075e-05
2024-05-24,11:57:00,52.7122,27.5,24.5,3045,15026676.0,3.935140761269075e-05
2024-05-24,11:57:00,52.719,27.5,24.5,3045,15026675.0,3.935140761269075e-05
2024-05-24,11:57:00,52.7256,27.5,24.5,3045,15026675.0,3.935140761269075e-05
2024-05-24,11:57:00,52.7324,27.5,24.5,3045,15026675.0,3.935140761269075e-05
2024-05-24,11:57:00,52.7391,27.5,24.5,3044,15026676.0,3.941439771860481e-05
2024-05-24,11:57:00,52.7457,27.5,24.5,3044,15026675.0,3.941439771860481e-05
2024-05-24,11:57:00,52.7525,27.5,24.5,3045,15026675.0,3.935140761269075e-05
2024-05-24,11:57:00,52.7593,27.5,24.5,3045,15026675.0,3.935140761269075e-05
2024-05-24,11:57:00,52.7659,27.5,24.5,3045,15026675.0,3.935140761269075e-05
2024-05-24,11:57:01,52.7726,27.5,24.5,3045,15026675.0,3.935140761269075e-05
2024-05-24,11:57:01,52.7794,27.5,24.5,3045,15026675.0,3.935140761269075e-05
2024-05-24,11:57:01,52.786,27.5,24.5,3045,15026676.0,3.935140761269075e-05
2024-05-24,11:57:01,52.7927,27.5,24.5,3045,15026676.0,3.935140761269075e-05
2024-05-24,11:57:01,52.7995,27.5,24.5,3045,15026676.0,3.935140761269075e-05
2024-05-24,11:57:01,52.8061,27.5,24.5,3045,15026675.0,3.935140761269075e-05
2024-05-24,11:57:01,52.8128,27.5,24.5,3045,15026674.0,3.935140761269075e-05
2024-05-24,11:57:01,52.8196,27.5,24.5,3045,15026675.0,3.935140761269075e-05
2024-05-24,11:57:01,52.8264,27.5,24.5,3045,15026675.0,3.935140761269075e-05
2024-05-24,11:57:01,52.833,27.5,24.5,3044,15026675.0,3.941439771860481e-05
2024-05-24,11:57:01,52.8397,27.5,24.5,3044,15026675.0,3.941439771860481e-05
2024-05-24,11:57:01,52.8465,27.5,24.5,3045,15026675.0,3.935140761269075e-05
2024-05-24,11:57:01,52.8531,27.5,24.5,3045,15026675.0,3.935140761269075e-05
2024-05-24,11:57:01,52.8598,27.5,24.5,3044,15026675.0,3.941439771860481e-05
2024-05-24,11:57:01,52.8665,27.5,24.5,3043,15026675.0,3.947748865327405e-05
2024-05-24,11:57:01,52.8732,27.5,24.5,3043,15026674.0,3.947748865327405e-05
2024-05-24,11:57:01,52.8799,27.5,24.5,3043,15026675.0,3.947748865327405e-05
2024-05-24,11:57:01,52.8866,27.5,24.5,3043,15026675.0,3.947748865327405e-05
2024-05-24,11:57:01,52.8934,27.5,24.5,3044,15026676.0,3.941439771860481e-05
2024-05-24,11:57:01,52.9001,27.5,24.5,3044,15026676.0,3.941439771860481e-05
2024-05-24,11:57:01,52.9067,27.5,24.5,3044,15026675.0,3.941439771860481e-05
2024-05-24,11:57:01,52.9135,27.5,24.5,3044,15026675.0,3.941439771860481e-05
2024-05-24,11:57:01,52.9203,27.5,24.5,3044,15026675.0,3.941439771860481e-05
2024-05-24,11:57:01,52.927,27.5,24.5,3045,15026674.0,3.935140761269075e-05
2024-05-24,11:57:01,52.9336,27.5,24.5,3044,15026675.0,3.941439771860481e-05
2024-05-24,11:57:01,52.9404,27.5,24.5,3043,15026675.0,3.947748865327405e-05
2024-05-24,11:57:01,52.9471,27.5,24.5,3044,15026676.0,3.941439771860481e-05
2024-05-24,11:57:01,52.9537,27.5,24.5,3044,15026675.0,3.941439771860481e-05
2024-05-24,11:57:01,52.9605,27.5,24.5,3043,15026675.0,3.947748865327405e-05
2024-05-24,11:57:01,52.9673,27.5,24.5,3043,15026675.0,3.947748865327405e-05
2024-05-24,11:57:01,52.9741,27.5,24.5,3043,15026674.0,3.947748865327405e-05
2024-05-24,11:57:01,52.9807,27.5,24.5,3043,15026674.0,3.947748865327405e-05
2024-05-24,11:57:01,52.9874,27.5,24.5,3043,15026674.0,3.947748865327405e-05
2024-05-24,11:57:01,52.994,27.5,24.5,3043,15026674.0,3.947748865327405e-05
2024-05-24,11:57:01,53.0007,27.5,24.5,3044,15026675.0,3.941439771860481e-05
2024-05-24,11:57:01,53.0075,27.5,24.5,3044,15026675.0,3.941439771860481e-05
2024-05-24,11:57:01,53.0143,27.5,24.5,3044,15026676.0,3.941439771860481e-05
2024-05-24,11:57:01,53.0209,27.5,24.5,3045,15026675.0,3.935140761269075e-05
2024-05-24,11:57:01,53.0276,27.5,24.5,3044,15026674.0,3.941439771860481e-05
2024-05-24,11:57:01,53.0344,27.5,24.5,3043,15026674.0,3.947748865327405e-05
2024-05-24,11:57:01,53.0411,27.5,24.5,3043,15026673.0,3.947748865327405e-05
2024-05-24,11:57:01,53.0478,27.5,24.5,3043,15026674.0,3.947748865327405e-05
2024-05-24,11:57:01,53.0545,27.5,24.5,3043,15026674.0,3.947748865327405e-05
2024-05-24,11:57:01,53.0611,27.5,24.5,3043,15026675.0,3.947748865327405e-05
2024-05-24,11:57:01,53.0678,27.5,24.5,3043,15026674.0,3.947748865327405e-05
2024-05-24,11:57:01,53.0745,27.5,24.5,3043,15026673.0,3.947748865327405e-05
2024-05-24,11:57:01,53.0813,27.5,24.5,3044,15026674.0,3.941439771860481e-05
2024-05-24,11:57:01,53.0881,27.5,24.5,3044,15026674.0,3.941439771860481e-05
2024-05-24,11:57:01,53.0948,27.5,24.5,3043,15026675.0,3.947748865327405e-05
2024-05-24,11:57:01,53.1014,27.5,24.5,3043,15026675.0,3.947748865327405e-05
2024-05-24,11:57:01,53.1081,27.5,24.5,3043,15026673.0,3.947748865327405e-05
2024-05-24,11:57:01,53.1149,27.5,24.5,3043,15026673.0,3.947748865327405e-05
2024-05-24,11:57:01,53.1217,27.5,24.5,3043,15026674.0,3.947748865327405e-05
2024-05-24,11:57:01,53.1283,27.5,24.5,3043,15026674.0,3.947748865327405e-05
2024-05-24,11:57:01,53.1351,27.5,24.5,3043,15026674.0,3.947748865327405e-05
2024-05-24,11:57:01,53.1417,27.5,24.5,3043,15026674.0,3.947748865327405e-05
2024-05-24,11:57:01,53.1484,27.5,24.5,3043,15026674.0,3.947748865327405e-05
2024-05-24,11:57:01,53.1552,27.5,24.5,3043,15026674.0,3.947748865327405e-05
2024-05-24,11:57:01,53.162,27.5,24.5,3042,15026672.0,3.95406805780958e-05
2024-05-24,11:57:01,53.1688,27.5,24.5,3042,15026673.0,3.95406805780958e-05
2024-05-24,11:57:01,53.1754,27.5,24.5,3043,15026673.0,3.947748865327405e-05
2024-05-24,11:57:01,53.1821,27.5,24.5,3043,15026673.0,3.947748865327405e-05
2024-05-24,11:57:01,53.1889,27.5,24.5,3043,15026673.0,3.947748865327405e-05
2024-05-24,11:57:01,53.1955,27.5,24.5,3043,15026673.0,3.947748865327405e-05
2024-05-24,11:57:01,53.2022,27.5,24.5,3043,15026674.0,3.947748865327405e-05
2024-05-24,11:57:01,53.2089,27.5,24.5,3042,15026674.0,3.95406805780958e-05
2024-05-24,11:57:01,53.2157,27.5,24.5,3042,15026673.0,3.95406805780958e-05
2024-05-24,11:57:01,53.2225,27.5,24.5,3043,15026672.0,3.947748865327405e-05
2024-05-24,11:57:01,53.2292,27.5,24.5,3043,15026673.0,3.947748865327405e-05
2024-05-24,11:57:01,53.2357,27.5,24.5,3043,15026674.0,3.947748865327405e-05
2024-05-24,11:57:01,53.2425,27.5,24.5,3043,15026674.0,3.947748865327405e-05
2024-05-24,11:57:01,53.2493,27.5,24.5,3043,15026674.0,3.947748865327405e-05
2024-05-24,11:57:01,53.2559,27.5,24.5,3043,15026673.0,3.947748865327405e-05
2024-05-24,11:57:01,53.2627,27.5,24.5,3043,15026673.0,3.947748865327405e-05
2024-05-24,11:57:01,53.2694,27.5,24.5,3043,15026675.0,3.947748865327405e-05
2024-05-24,11:57:01,53.276,27.5,24.5,3042,15026675.0,3.95406805780958e-05
2024-05-24,11:57:01,53.2828,27.5,24.5,3042,15026673.0,3.95406805780958e-05
2024-05-24,11:57:01,53.2896,27.5,24.5,3043,15026673.0,3.947748865327405e-05
2024-05-24,11:57:01,53.2964,27.5,24.5,3043,15026673.0,3.947748865327405e-05
2024-05-24,11:57:01,53.303,27.5,24.5,3043,15026673.0,3.947748865327405e-05
2024-05-24,11:57:01,53.3097,27.5,24.5,3043,15026673.0,3.947748865327405e-05
2024-05-24,11:57:01,53.3163,27.5,24.5,3042,15026673.0,3.95406805780958e-05
2024-05-24,11:57:01,53.323,27.5,24.5,3042,15026674.0,3.95406805780958e-05
2024-05-24,11:57:01,53.3298,27.5,24.5,3042,15026673.0,3.95406805780958e-05
2024-05-24,11:57:01,53.3366,27.5,24.5,3042,15026673.0,3.95406805780958e-05
2024-05-24,11:57:01,53.3433,27.5,24.5,3043,15026673.0,3.947748865327405e-05
2024-05-24,11:57:01,53.35,27.5,24.5,3043,15026673.0,3.947748865327405e-05
2024-05-24,11:57:01,53.3568,27.5,24.5,3042,15026673.0,3.95406805780958e-05
2024-05-24,11:57:01,53.3636,27.5,24.5,3042,15026673.0,3.95406805780958e-05
2024-05-24,11:57:01,53.3702,27.5,24.5,3042,15026673.0,3.95406805780958e-05
2024-05-24,11:57:01,53.3769,27.5,24.5,3042,15026673.0,3.95406805780958e-05
2024-05-24,11:57:01,53.3835,27.5,24.5,3042,15026674.0,3.95406805780958e-05
2024-05-24,11:57:01,53.3903,27.5,24.5,3041,15026672.0,3.960397365472582e-05
2024-05-24,11:57:01,53.3971,27.5,24.5,3042,15026672.0,3.95406805780958e-05
2024-05-24,11:57:01,53.4039,27.5,24.5,3043,15026672.0,3.947748865327405e-05
2024-05-24,11:57:01,53.4105,27.5,24.5,3042,15026673.0,3.95406805780958e-05
2024-05-24,11:57:01,53.4172,27.5,24.5,3042,15026674.0,3.95406805780958e-05
2024-05-24,11:57:01,53.424,27.5,24.5,3042,15026674.0,3.95406805780958e-05
2024-05-24,11:57:01,53.4308,27.5,24.5,3042,15026673.0,3.95406805780958e-05
2024-05-24,11:57:01,53.4374,27.5,24.5,3043,15026673.0,3.947748865327405e-05
2024-05-24,11:57:01,53.4441,27.5,24.5,3043,15026672.0,3.947748865327405e-05
2024-05-24,11:57:01,53.4509,27.5,24.5,3043,15026672.0,3.947748865327405e-05
2024-05-24,11:57:01,53.4577,27.5,24.5,3042,15026672.0,3.95406805780958e-05
2024-05-24,11:57:01,53.4644,27.5,24.5,3041,15026671.0,3.960397365472582e-05
2024-05-24,11:57:01,53.4711,27.5,24.5,3042,15026673.0,3.95406805780958e-05
2024-05-24,11:57:01,53.4779,27.5,24.5,3042,15026673.0,3.95406805780958e-05
2024-05-24,11:57:01,53.4847,27.5,24.5,3042,15026673.0,3.95406805780958e-05
2024-05-24,11:57:01,53.4913,27.5,24.5,3043,15026673.0,3.947748865327405e-05
2024-05-24,11:57:01,53.4981,27.5,24.5,3043,15026673.0,3.947748865327405e-05
2024-05-24,11:57:01,53.5048,27.5,24.5,3042,15026674.0,3.95406805780958e-05
2024-05-24,11:57:01,53.5114,27.5,24.5,3041,15026672.0,3.960397365472582e-05
2024-05-24,11:57:01,53.5182,27.5,24.5,3041,15026672.0,3.960397365472582e-05
2024-05-24,11:57:01,53.525,27.5,24.5,3042,15026673.0,3.95406805780958e-05
2024-05-24,11:57:01,53.5316,27.5,24.5,3043,15026672.0,3.947748865327405e-05
2024-05-24,11:57:01,53.5383,27.5,24.5,3043,15026672.0,3.947748865327405e-05
2024-05-24,11:57:01,53.5451,27.5,24.5,3042,15026673.0,3.95406805780958e-05
2024-05-24,11:57:01,53.5519,27.5,24.5,3041,15026672.0,3.960397365472582e-05
2024-05-24,11:57:01,53.5586,27.5,24.5,3041,15026672.0,3.960397365472582e-05
2024-05-24,11:57:01,53.5653,27.5,24.5,3041,15026673.0,3.960397365472582e-05
2024-05-24,11:57:01,53.572,27.5,24.5,3041,15026673.0,3.960397365472582e-05
2024-05-24,11:57:01,53.5787,27.5,24.5,3041,15026673.0,3.960397365472582e-05
2024-05-24,11:57:01,53.5855,27.5,24.5,3041,15026673.0,3.960397365472582e-05
2024-05-24,11:57:01,53.5923,27.5,24.5,3041,15026672.0,3.960397365472582e-05
2024-05-24,11:57:01,53.5991,27.5,24.5,3041,15026671.0,3.960397365472582e-05
2024-05-24,11:57:01,53.6057,27.5,24.5,3041,15026672.0,3.960397365472582e-05
2024-05-24,11:57:01,53.6124,27.5,24.5,3041,15026673.0,3.960397365472582e-05
2024-05-24,11:57:01,53.6192,27.5,24.5,3041,15026673.0,3.960397365472582e-05
2024-05-24,11:57:01,53.6258,27.5,24.5,3041,15026672.0,3.960397365472582e-05
2024-05-24,11:57:01,53.6325,27.5,24.5,3041,15026672.0,3.960397365472582e-05
2024-05-24,11:57:01,53.6394,27.5,24.5,3041,15026672.0,3.960397365472582e-05
2024-05-24,11:57:01,53.6462,27.5,24.5,3041,15026672.0,3.960397365472582e-05
2024-05-24,11:57:01,53.6527,27.5,24.5,3041,15026672.0,3.960397365472582e-05
2024-05-24,11:57:01,53.6594,27.5,24.5,3041,15026672.0,3.960397365472582e-05
2024-05-24,11:57:01,53.6662,27.5,24.5,3041,15026672.0,3.960397365472582e-05
2024-05-24,11:57:01,53.6729,27.5,24.5,3041,15026671.0,3.960397365472582e-05
2024-05-24,11:57:01,53.6797,27.5,24.5,3041,15026671.0,3.960397365472582e-05
2024-05-24,11:57:01,53.6864,27.5,24.5,3041,15026672.0,3.960397365472582e-05
2024-05-24,11:57:01,53.693,27.5,24.5,3040,15026672.0,3.966736804507856e-05
2024-05-24,11:57:01,53.6998,27.5,24.5,3040,15026673.0,3.966736804507856e-05
2024-05-24,11:57:01,53.7066,27.5,24.5,3041,15026672.0,3.960397365472582e-05
2024-05-24,11:57:01,53.7133,27.5,24.5,3041,15026673.0,3.960397365472582e-05
2024-05-24,11:57:01,53.7199,27.5,24.5,3041,15026672.0,3.960397365472582e-05
2024-05-24,11:57:01,53.7267,27.5,24.5,3041,15026671.0,3.960397365472582e-05
2024-05-24,11:57:01,53.7335,27.5,24.5,3041,15026672.0,3.960397365472582e-05
2024-05-24,11:57:01,53.7403,27.5,24.5,3041,15026672.0,3.960397365472582e-05
2024-05-24,11:57:01,53.7471,27.5,24.5,3041,15026672.0,3.960397365472582e-05
2024-05-24,11:57:01,53.7537,27.5,24.5,3041,15026671.0,3.960397365472582e-05
2024-05-24,11:57:01,53.7604,27.5,24.5,3040,15026672.0,3.966736804507856e-05
2024-05-24,11:57:01,53.7672,27.5,24.5,3040,15026672.0,3.966736804507856e-05
2024-05-24,11:57:02,53.7739,27.5,24.5,3041,15026671.0,3.960397365472582e-05
2024-05-24,11:57:02,53.7807,27.5,24.5,3041,15026671.0,3.960397365472582e-05
2024-05-24,11:57:02,53.7874,27.5,24.5,3041,15026671.0,3.960397365472582e-05
2024-05-24,11:57:02,53.794,27.5,24.5,3041,15026671.0,3.960397365472582e-05
2024-05-24,11:57:02,53.8009,27.5,24.5,3041,15026671.0,3.960397365472582e-05
2024-05-24,11:57:02,53.8077,27.5,24.5,3041,15026671.0,3.960397365472582e-05
2024-05-24,11:57:02,53.8144,27.5,24.5,3041,15026672.0,3.960397365472582e-05
2024-05-24,11:57:02,53.821,27.5,24.5,3041,15026672.0,3.960397365472582e-05
2024-05-24,11:57:02,53.8277,27.5,24.5,3041,15026672.0,3.960397365472582e-05
2024-05-24,11:57:02,53.8345,27.5,24.5,3041,15026671.0,3.960397365472582e-05
2024-05-24,11:57:02,53.8413,27.5,24.5,3041,15026671.0,3.960397365472582e-05
2024-05-24,11:57:02,53.8479,27.5,24.5,3041,15026672.0,3.960397365472582e-05
2024-05-24,11:57:02,53.8546,27.5,24.5,3041,15026672.0,3.960397365472582e-05
2024-05-24,11:57:02,53.8614,27.5,24.5,3041,15026672.0,3.960397365472582e-05
2024-05-24,11:57:02,53.8681,27.5,24.5,3041,15026672.0,3.960397365472582e-05
2024-05-24,11:57:02,53.8748,27.5,24.5,3041,15026671.0,3.960397365472582e-05
2024-05-24,11:57:02,53.8815,27.5,24.5,3041,15026671.0,3.960397365472582e-05
2024-05-24,11:57:02,53.8882,27.5,24.5,3040,15026669.0,3.966736804507856e-05
2024-05-24,11:57:02,53.895,27.5,24.5,3040,15026669.0,3.966736804507856e-05
2024-05-24,11:57:02,53.9018,27.5,24.5,3041,15026671.0,3.960397365472582e-05
2024-05-24,11:57:02,53.9086,27.5,24.5,3040,15026672.0,3.966736804507856e-05
2024-05-24,11:57:02,53.9154,27.5,24.5,3040,15026672.0,3.966736804507856e-05
2024-05-24,11:57:02,53.922,27.5,24.5,3041,15026671.0,3.960397365472582e-05
2024-05-24,11:57:02,53.9287,27.5,24.5,3040,15026670.0,3.966736804507856e-05
2024-05-24,11:57:02,53.9355,27.5,24.5,3039,15026670.0,3.973086391132776e-05
2024-05-24,11:57:02,53.9423,27.5,24.5,3040,15026671.0,3.966736804507856e-05
2024-05-24,11:57:02,53.949,27.5,24.5,3040,15026671.0,3.966736804507856e-05
2024-05-24,11:57:02,53.9558,27.5,24.5,3039,15026672.0,3.973086391132776e-05
2024-05-24,11:57:02,53.9626,27.5,24.5,3040,15026671.0,3.966736804507856e-05
2024-05-24,11:57:02,53.9693,27.5,24.5,3040,15026670.0,3.966736804507856e-05
2024-05-24,11:57:02,53.9761,27.5,24.5,3040,15026670.0,3.966736804507856e-05
2024-05-24,11:57:02,53.9828,27.5,24.5,3041,15026671.0,3.960397365472582e-05
2024-05-24,11:57:02,53.9895,27.5,24.5,3040,15026671.0,3.966736804507856e-05
2024-05-24,11:57:02,53.9961,27.5,24.5,3040,15026671.0,3.966736804507856e-05
2024-05-24,11:57:02,54.0028,27.5,24.5,3040,15026671.0,3.966736804507856e-05
2024-05-24,11:57:02,54.0096,27.5,24.5,3040,15026671.0,3.966736804507856e-05
2024-05-24,11:57:02,54.0164,27.5,24.5,3040,15026671.0,3.966736804507856e-05
2024-05-24,11:57:02,54.0232,27.5,24.5,3039,15026671.0,3.973086391132776e-05
2024-05-24,11:57:02,54.0299,27.5,24.5,3039,15026670.0,3.973086391132776e-05
2024-05-24,11:57:02,54.0367,27.5,24.5,3039,15026670.0,3.973086391132776e-05
2024-05-24,11:57:02,54.0435,27.5,24.5,3040,15026670.0,3.966736804507856e-05
2024-05-24,11:57:02,54.0502,27.5,24.5,3040,15026670.0,3.966736804507856e-05
2024-05-24,11:57:02,54.0568,27.5,24.5,3039,15026670.0,3.973086391132776e-05
2024-05-24,11:57:02,54.0636,27.5,24.5,3039,15026670.0,3.973086391132776e-05
2024-05-24,11:57:02,54.0704,27.5,24.5,3040,15026670.0,3.966736804507856e-05
2024-05-24,11:57:02,54.077,27.5,24.5,3041,15026671.0,3.960397365472582e-05
2024-05-24,11:57:02,54.0838,27.5,24.5,3041,15026670.0,3.960397365472582e-05
2024-05-24,11:57:02,54.0906,27.5,24.5,3041,15026671.0,3.960397365472582e-05
2024-05-24,11:57:02,54.0973,27.5,24.5,3040,15026671.0,3.966736804507856e-05
2024-05-24,11:57:02,54.1041,27.5,24.5,3039,15026670.0,3.973086391132776e-05
2024-05-24,11:57:02,54.1108,27.5,24.5,3040,15026670.0,3.966736804507856e-05
2024-05-24,11:57:02,54.1175,27.5,24.5,3040,15026670.0,3.966736804507856e-05
2024-05-24,11:57:02,54.1241,27.5,24.5,3039,15026670.0,3.973086391132776e-05
2024-05-24,11:57:02,54.1309,27.5,24.5,3039,15026669.0,3.973086391132776e-05
2024-05-24,11:57:02,54.1377,27.5,24.5,3039,15026669.0,3.973086391132776e-05
2024-05-24,11:57:02,54.1444,27.5,24.5,3039,15026670.0,3.973086391132776e-05
2024-05-24,11:57:02,54.1512,27.5,24.5,3039,15026670.0,3.973086391132776e-05
2024-05-24,11:57:02,54.1579,27.5,24.5,3039,15026669.0,3.973086391132776e-05
2024-05-24,11:57:02,54.1646,27.5,24.5,3039,15026669.0,3.973086391132776e-05
2024-05-24,11:57:02,54.1714,27.5,24.5,3039,15026670.0,3.973086391132776e-05
2024-05-24,11:57:02,54.1782,27.5,24.5,3039,15026670.0,3.973086391132776e-05
2024-05-24,11:57:02,54.1849,27.5,24.5,3040,15026671.0,3.966736804507856e-05
2024-05-24,11:57:02,54.1916,27.5,24.5,3041,15026671.0,3.960397365472582e-05
2024-05-24,11:57:02,54.1983,27.5,24.5,3040,15026669.0,3.966736804507856e-05
2024-05-24,11:57:02,54.205,27.5,24.5,3039,15026670.0,3.973086391132776e-05
2024-05-24,11:57:02,54.2117,27.5,24.5,3039,15026671.0,3.973086391132776e-05
2024-05-24,11:57:02,54.2184,27.5,24.5,3039,15026670.0,3.973086391132776e-05
2024-05-24,11:57:02,54.2251,27.5,24.5,3039,15026669.0,3.973086391132776e-05
2024-05-24,11:57:02,54.2319,27.5,24.5,3039,15026670.0,3.973086391132776e-05
2024-05-24,11:57:02,54.2387,27.5,24.5,3039,15026670.0,3.973086391132776e-05
2024-05-24,11:57:02,54.2455,27.5,24.5,3039,15026670.0,3.973086391132776e-05
2024-05-24,11:57:02,54.2523,27.5,24.5,3040,15026670.0,3.966736804507856e-05
2024-05-24,11:57:02,54.2591,27.5,24.5,3040,15026670.0,3.966736804507856e-05
2024-05-24,11:57:02,54.2657,27.5,24.5,3039,15026669.0,3.973086391132776e-05
2024-05-24,11:57:02,54.2724,27.5,24.5,3039,15026669.0,3.973086391132776e-05
2024-05-24,11:57:02,54.2792,27.5,24.5,3039,15026670.0,3.973086391132776e-05
2024-05-24,11:57:02,54.2859,27.5,24.5,3039,15026670.0,3.973086391132776e-05
2024-05-24,11:57:02,54.2926,27.5,24.5,3039,15026669.0,3.973086391132776e-05
2024-05-24,11:57:02,54.2993,27.5,24.5,3039,15026669.0,3.973086391132776e-05
2024-05-24,11:57:02,54.306,27.5,24.5,3039,15026670.0,3.973086391132776e-05
2024-05-24,11:57:02,54.3128,27.5,24.5,3039,15026670.0,3.973086391132776e-05
2024-05-24,11:57:02,54.3196,27.5,24.5,3039,15026670.0,3.973086391132776e-05
2024-05-24,11:57:02,54.3264,27.5,24.5,3039,15026670.0,3.973086391132776e-05
2024-05-24,11:57:02,54.333,27.5,24.5,3039,15026669.0,3.973086391132776e-05
2024-05-24,11:57:02,54.3397,27.5,24.5,3039,15026669.0,3.973086391132776e-05
2024-05-24,11:57:02,54.3465,27.5,24.5,3039,15026670.0,3.973086391132776e-05
2024-05-24,11:57:02,54.3533,27.5,24.5,3039,15026669.0,3.973086391132776e-05
2024-05-24,11:57:02,54.3601,27.5,24.5,3039,15026670.0,3.973086391132776e-05
2024-05-24,11:57:02,54.3667,27.5,24.5,3039,15026670.0,3.973086391132776e-05
2024-05-24,11:57:02,54.3734,27.5,24.5,3039,15026670.0,3.973086391132776e-05
2024-05-24,11:57:02,54.3801,27.5,24.5,3039,15026670.0,3.973086391132776e-05
2024-05-24,11:57:02,54.3869,27.5,24.5,3039,15026669.0,3.973086391132776e-05
2024-05-24,11:57:02,54.3937,27.5,24.5,3039,15026669.0,3.973086391132776e-05
2024-05-24,11:57:02,54.4004,27.5,24.5,3039,15026669.0,3.973086391132776e-05
2024-05-24,11:57:02,54.407,27.5,24.5,3040,15026668.0,3.966736804507856e-05
2024-05-24,11:57:02,54.4138,27.5,24.5,3040,15026669.0,3.966736804507856e-05
2024-05-24,11:57:02,54.4206,27.5,24.5,3039,15026669.0,3.973086391132776e-05
2024-05-24,11:57:02,54.4274,27.5,24.5,3039,15026669.0,3.973086391132776e-05
2024-05-24,11:57:02,54.4342,27.5,24.5,3039,15026670.0,3.973086391132776e-05
2024-05-24,11:57:02,54.4408,27.5,24.5,3039,15026669.0,3.973086391132776e-05
2024-05-24,11:57:02,54.4475,27.5,24.5,3039,15026669.0,3.973086391132776e-05
2024-05-24,11:57:02,54.4543,27.5,24.5,3038,15026668.0,3.979446141590659e-05
2024-05-24,11:57:02,54.461,27.5,24.5,3038,15026668.0,3.979446141590659e-05
2024-05-24,11:57:02,54.4678,27.5,24.5,3039,15026669.0,3.973086391132776e-05
2024-05-24,11:57:02,54.4746,27.5,24.5,3039,15026669.0,3.973086391132776e-05
2024-05-24,11:57:02,54.4813,27.5,24.5,3039,15026669.0,3.973086391132776e-05
2024-05-24,11:57:02,54.4881,27.5,24.5,3040,15026669.0,3.966736804507856e-05
2024-05-24,11:57:02,54.4948,27.5,24.5,3040,15026669.0,3.966736804507856e-05
2024-05-24,11:57:02,54.5015,27.5,24.5,3039,15026670.0,3.973086391132776e-05
2024-05-24,11:57:02,54.5081,27.5,24.5,3039,15026670.0,3.973086391132776e-05
2024-05-24,11:57:02,54.5148,27.5,24.5,3039,15026670.0,3.973086391132776e-05
2024-05-24,11:57:02,54.5216,27.5,24.5,3039,15026669.0,3.973086391132776e-05
2024-05-24,11:57:02,54.5284,27.5,24.5,3039,15026669.0,3.973086391132776e-05
2024-05-24,11:57:02,54.5352,27.5,24.5,3039,15026669.0,3.973086391132776e-05
2024-05-24,11:57:02,54.5419,27.5,24.5,3039,15026669.0,3.973086391132776e-05
2024-05-24,11:57:02,54.5486,27.5,24.5,3039,15026669.0,3.973086391132776e-05
2024-05-24,11:57:02,54.5553,27.5,24.5,3039,15026669.0,3.973086391132776e-05
2024-05-24,11:57:02,54.562,27.5,24.5,3039,15026669.0,3.973086391132776e-05
2024-05-24,11:57:02,54.5688,27.5,24.5,3039,15026669.0,3.973086391132776e-05
2024-05-24,11:57:02,54.5756,27.5,24.5,3038,15026668.0,3.979446141590659e-05
2024-05-24,11:57:02,54.5824,27.5,24.5,3038,15026669.0,3.979446141590659e-05
2024-05-24,11:57:02,54.589,27.5,24.5,3039,15026668.0,3.973086391132776e-05
2024-05-24,11:57:02,54.5957,27.5,24.5,3039,15026668.0,3.973086391132776e-05
2024-05-24,11:57:02,54.6025,27.5,24.5,3038,15026668.0,3.979446141590659e-05
2024-05-24,11:57:02,54.6093,27.5,24.5,3038,15026669.0,3.979446141590659e-05
2024-05-24,11:57:02,54.6159,27.5,24.5,3038,15026668.0,3.979446141590659e-05
2024-05-24,11:57:02,54.6226,27.5,24.5,3038,15026667.0,3.979446141590659e-05
2024-05-24,11:57:02,54.6294,27.5,24.5,3038,15026667.0,3.979446141590659e-05
2024-05-24,11:57:02,54.6361,27.5,24.5,3038,15026667.0,3.979446141590659e-05
2024-05-24,11:57:02,54.6429,27.5,24.5,3038,15026668.0,3.979446141590659e-05
2024-05-24,11:57:02,54.6497,27.5,24.5,3038,15026668.0,3.979446141590659e-05
2024-05-24,11:57:02,54.6565,27.5,24.5,3039,15026668.0,3.973086391132776e-05
2024-05-24,11:57:02,54.6632,27.5,24.5,3038,15026669.0,3.979446141590659e-05
2024-05-24,11:57:02,54.6698,27.5,24.5,3037,15026668.0,3.985816072150841e-05
2024-05-24,11:57:02,54.6766,27.5,24.5,3038,15026667.0,3.979446141590659e-05
2024-05-24,11:57:02,54.6834,27.5,24.5,3038,15026668.0,3.979446141590659e-05
2024-05-24,11:57:02,54.6902,27.5,24.5,3037,15026668.0,3.985816072150841e-05
2024-05-24,11:57:02,54.6969,27.5,24.5,3037,15026667.0,3.985816072150841e-05
2024-05-24,11:57:02,54.7037,27.5,24.5,3038,15026667.0,3.979446141590659e-05
2024-05-24,11:57:02,54.7104,27.5,24.5,3039,15026668.0,3.973086391132776e-05
2024-05-24,11:57:02,54.717,27.5,24.5,3039,15026667.0,3.973086391132776e-05
2024-05-24,11:57:02,54.7237,27.5,24.5,3038,15026666.0,3.979446141590659e-05
2024-05-24,11:57:02,54.7304,27.5,24.5,3037,15026667.0,3.985816072150841e-05
2024-05-24,11:57:02,54.7371,27.5,24.5,3037,15026668.0,3.985816072150841e-05
2024-05-24,11:57:02,54.7439,27.5,24.5,3037,15026669.0,3.985816072150841e-05
2024-05-24,11:57:02,54.7507,27.5,24.5,3038,15026669.0,3.979446141590659e-05
2024-05-24,11:57:02,54.7575,27.5,24.5,3038,15026669.0,3.979446141590659e-05
2024-05-24,11:57:02,54.7643,27.5,24.5,3037,15026668.0,3.985816072150841e-05
2024-05-24,11:57:02,54.7711,27.5,24.5,3038,15026668.0,3.979446141590659e-05
2024-05-24,11:57:03,54.7777,27.5,24.5,3038,15026668.0,3.979446141590659e-05
2024-05-24,11:57:03,54.7844,27.5,24.5,3038,15026667.0,3.979446141590659e-05
2024-05-24,11:57:03,54.7912,27.5,24.5,3038,15026667.0,3.979446141590659e-05
2024-05-24,11:57:03,54.7979,27.5,24.5,3038,15026668.0,3.979446141590659e-05
2024-05-24,11:57:03,54.8047,27.5,24.5,3038,15026667.0,3.979446141590659e-05
2024-05-24,11:57:03,54.8115,27.5,24.5,3037,15026667.0,3.985816072150841e-05
2024-05-24,11:57:03,54.8182,27.5,24.5,3037,15026668.0,3.985816072150841e-05
2024-05-24,11:57:03,54.8248,27.5,24.5,3038,15026667.0,3.979446141590659e-05
2024-05-24,11:57:03,54.8316,27.5,24.5,3038,15026667.0,3.979446141590659e-05
2024-05-24,11:57:03,54.8384,27.5,24.5,3037,15026668.0,3.985816072150841e-05
2024-05-24,11:57:03,54.8452,27.5,24.5,3037,15026668.0,3.985816072150841e-05
2024-05-24,11:57:03,54.852,27.5,24.5,3037,15026667.0,3.985816072150841e-05
2024-05-24,11:57:03,54.8586,27.5,24.5,3037,15026667.0,3.985816072150841e-05
2024-05-24,11:57:03,54.8654,27.5,24.5,3037,15026668.0,3.985816072150841e-05
2024-05-24,11:57:03,54.8722,27.5,24.5,3037,15026668.0,3.985816072150841e-05
2024-05-24,11:57:03,54.8788,27.5,24.5,3037,15026668.0,3.985816072150841e-05
2024-05-24,11:57:03,54.8855,27.5,24.5,3037,15026667.0,3.985816072150841e-05
2024-05-24,11:57:03,54.8923,27.5,24.5,3037,15026667.0,3.985816072150841e-05
2024-05-24,11:57:03,54.8991,27.5,24.5,3037,15026668.0,3.985816072150841e-05
2024-05-24,11:57:03,54.9057,27.5,24.5,3037,15026668.0,3.985816072150841e-05
2024-05-24,11:57:03,54.9125,27.5,24.75,3037,15026667.0,3.985816072150841e-05
2024-05-24,11:57:03,54.9194,27.5,24.75,3038,15026667.0,3.979446141590659e-05
2024-05-24,11:57:03,54.9262,27.5,24.75,3037,15026666.0,3.985816072150841e-05
2024-05-24,11:57:03,54.9329,27.5,24.75,3037,15026666.0,3.985816072150841e-05
2024-05-24,11:57:03,54.9396,27.5,24.75,3038,15026667.0,3.979446141590659e-05
2024-05-24,11:57:03,54.9464,27.5,24.75,3037,15026667.0,3.985816072150841e-05
2024-05-24,11:57:03,54.9531,27.5,24.75,3036,15026666.0,3.992196199108682e-05
2024-05-24,11:57:03,54.9599,27.5,24.75,3036,15026666.0,3.992196199108682e-05
2024-05-24,11:57:03,54.9666,27.5,24.75,3037,15026667.0,3.985816072150841e-05
2024-05-24,11:57:03,54.9733,27.5,24.75,3037,15026668.0,3.985816072150841e-05
2024-05-24,11:57:03,54.9801,27.5,24.75,3036,15026667.0,3.992196199108682e-05
2024-05-24,11:57:03,54.9869,27.5,24.75,3036,15026666.0,3.992196199108682e-05
2024-05-24,11:57:03,54.9937,27.5,24.75,3037,15026667.0,3.985816072150841e-05
2024-05-24,11:57:03,55.0004,27.5,24.75,3038,15026667.0,3.979446141590659e-05
2024-05-24,11:57:03,55.0071,27.5,24.75,3039,15026667.0,3.973086391132776e-05
2024-05-24,11:57:03,55.0137,27.5,24.75,3038,15026668.0,3.979446141590659e-05
2024-05-24,11:57:03,55.0205,27.5,24.75,3036,15026667.0,3.992196199108682e-05
2024-05-24,11:57:03,55.0273,27.5,24.75,3036,15026667.0,3.992196199108682e-05
2024-05-24,11:57:03,55.0341,27.5,24.75,3037,15026668.0,3.985816072150841e-05
2024-05-24,11:57:03,55.0409,27.5,24.75,3037,15026668.0,3.985816072150841e-05
2024-05-24,11:57:03,55.0477,27.5,24.75,3037,15026668.0,3.985816072150841e-05
2024-05-24,11:57:03,55.0543,27.5,24.75,3037,15026667.0,3.985816072150841e-05
2024-05-24,11:57:03,55.061,27.5,24.75,3037,15026667.0,3.985816072150841e-05
2024-05-24,11:57:03,55.0678,27.5,24.75,3037,15026666.0,3.985816072150841e-05
2024-05-24,11:57:03,55.0745,27.5,24.75,3037,15026666.0,3.985816072150841e-05
2024-05-24,11:57:03,55.0813,27.5,24.75,3037,15026666.0,3.985816072150841e-05
2024-05-24,11:57:03,55.0881,27.5,24.75,3037,15026667.0,3.985816072150841e-05
2024-05-24,11:57:03,55.0948,27.5,24.75,3037,15026667.0,3.985816072150841e-05
2024-05-24,11:57:03,55.1014,27.5,24.75,3036,15026667.0,3.992196199108682e-05
2024-05-24,11:57:03,55.1082,27.5,24.75,3036,15026667.0,3.992196199108682e-05
2024-05-24,11:57:03,55.115,27.5,24.75,3036,15026665.0,3.992196199108682e-05
2024-05-24,11:57:03,55.1218,27.5,24.75,3036,15026666.0,3.992196199108682e-05
2024-05-24,11:57:03,55.1286,27.5,24.75,3037,15026668.0,3.985816072150841e-05
2024-05-24,11:57:03,55.1353,27.5,24.75,3037,15026667.0,3.985816072150841e-05
2024-05-24,11:57:03,55.142,27.5,24.75,3036,15026665.0,3.992196199108682e-05
2024-05-24,11:57:03,55.1488,27.5,24.75,3036,15026666.0,3.992196199108682e-05
2024-05-24,11:57:03,55.1556,27.5,24.75,3037,15026667.0,3.985816072150841e-05
2024-05-24,11:57:03,55.1624,27.5,24.75,3037,15026666.0,3.985816072150841e-05
2024-05-24,11:57:03,55.1691,27.5,24.75,3036,15026666.0,3.992196199108682e-05
2024-05-24,11:57:03,55.1759,27.5,24.75,3036,15026666.0,3.992196199108682e-05
2024-05-24,11:57:03,55.1827,27.5,24.75,3037,15026666.0,3.985816072150841e-05
2024-05-24,11:57:03,55.1894,27.5,24.75,3037,15026666.0,3.985816072150841e-05
2024-05-24,11:57:03,55.1961,27.5,24.75,3036,15026666.0,3.992196199108682e-05
2024-05-24,11:57:03,55.2029,27.5,24.75,3036,15026666.0,3.992196199108682e-05
2024-05-24,11:57:03,55.2097,27.5,24.75,3036,15026666.0,3.992196199108682e-05
2024-05-24,11:57:03,55.2164,27.5,24.75,3035,15026667.0,3.998586538785644e-05
2024-05-24,11:57:03,55.223,27.5,24.75,3035,15026666.0,3.998586538785644e-05
2024-05-24,11:57:03,55.2299,27.5,24.75,3036,15026666.0,3.992196199108682e-05
2024-05-24,11:57:03,55.2367,27.5,24.75,3036,15026666.0,3.992196199108682e-05
2024-05-24,11:57:03,55.2434,27.5,24.75,3035,15026666.0,3.998586538785644e-05
2024-05-24,11:57:03,55.2502,27.5,24.75,3035,15026666.0,3.998586538785644e-05
2024-05-24,11:57:03,55.2569,27.5,24.75,3036,15026666.0,3.992196199108682e-05
2024-05-24,11:57:03,55.2637,27.5,24.75,3036,15026666.0,3.992196199108682e-05
2024-05-24,11:57:03,55.2705,27.5,24.75,3035,15026667.0,3.998586538785644e-05
2024-05-24,11:57:03,55.2772,27.5,24.75,3036,15026667.0,3.992196199108682e-05
2024-05-24,11:57:03,55.284,27.5,24.75,3037,15026666.0,3.985816072150841e-05
2024-05-24,11:57:03,55.2907,27.5,24.75,3036,15026665.0,3.992196199108682e-05
2024-05-24,11:57:03,55.2975,27.5,24.75,3036,15026665.0,3.992196199108682e-05
2024-05-24,11:57:03,55.3043,27.5,24.75,3036,15026665.0,3.992196199108682e-05
2024-05-24,11:57:03,55.311,27.5,24.75,3036,15026665.0,3.992196199108682e-05
2024-05-24,11:57:03,55.3177,27.5,24.75,3036,15026666.0,3.992196199108682e-05
2024-05-24,11:57:03,55.3245,27.5,24.75,3036,15026666.0,3.992196199108682e-05
2024-05-24,11:57:03,55.3313,27.5,24.75,3036,15026666.0,3.992196199108682e-05
2024-05-24,11:57:03,55.3381,27.5,24.75,3035,15026666.0,3.998586538785644e-05
2024-05-24,11:57:03,55.3448,27.5,24.75,3035,15026666.0,3.998586538785644e-05
2024-05-24,11:57:03,55.3515,27.5,24.75,3036,15026665.0,3.992196199108682e-05
2024-05-24,11:57:03,55.3583,27.5,24.75,3036,15026666.0,3.992196199108682e-05
2024-05-24,11:57:03,55.365,27.5,24.75,3036,15026666.0,3.992196199108682e-05
2024-05-24,11:57:03,55.3718,27.5,24.75,3036,15026666.0,3.992196199108682e-05
2024-05-24,11:57:03,55.3785,27.5,24.75,3036,15026665.0,3.992196199108682e-05
2024-05-24,11:57:03,55.3852,27.5,24.75,3036,15026665.0,3.992196199108682e-05
2024-05-24,11:57:03,55.3919,27.5,24.75,3036,15026665.0,3.992196199108682e-05
2024-05-24,11:57:03,55.3986,27.5,24.75,3036,15026665.0,3.992196199108682e-05
2024-05-24,11:57:03,55.4054,27.5,24.75,3036,15026665.0,3.992196199108682e-05
2024-05-24,11:57:03,55.4122,27.5,24.75,3036,15026665.0,3.992196199108682e-05
2024-05-24,11:57:03,55.419,27.56,24.75,3036,15026665.0,3.992196199108682e-05
2024-05-24,11:57:03,55.4258,27.56,24.75,3035,15026665.0,3.998586538785644e-05
2024-05-24,11:57:03,55.4326,27.56,24.75,3035,15026664.0,3.998586538785644e-05
2024-05-24,11:57:03,55.4392,27.56,24.75,3036,15026665.0,3.992196199108682e-05
2024-05-24,11:57:03,55.446,27.56,24.75,3035,15026665.0,3.998586538785644e-05
2024-05-24,11:57:03,55.4528,27.56,24.75,3035,15026665.0,3.998586538785644e-05
2024-05-24,11:57:03,55.4596,27.56,24.75,3035,15026665.0,3.998586538785644e-05
2024-05-24,11:57:03,55.4664,27.56,24.75,3034,15026664.0,4.004987107529301e-05
2024-05-24,11:57:03,55.4731,27.56,24.75,3035,15026664.0,3.998586538785644e-05
2024-05-24,11:57:03,55.4801,27.56,24.75,3035,15026664.0,3.998586538785644e-05
2024-05-24,11:57:03,55.4868,27.56,24.75,3034,15026664.0,4.004987107529301e-05
2024-05-24,11:57:03,55.4935,27.56,24.75,3036,15026666.0,3.992196199108682e-05
2024-05-24,11:57:03,55.5001,27.56,24.75,3037,15026665.0,3.985816072150841e-05
2024-05-24,11:57:03,55.5069,27.56,24.75,3035,15026663.0,3.998586538785644e-05
2024-05-24,11:57:03,55.5137,27.56,24.75,3034,15026663.0,4.004987107529301e-05
2024-05-24,11:57:03,55.5205,27.56,24.75,3034,15026664.0,4.004987107529301e-05
2024-05-24,11:57:03,55.5274,27.56,24.75,3034,15026664.0,4.004987107529301e-05
2024-05-24,11:57:03,55.5342,27.56,24.75,3034,15026665.0,4.004987107529301e-05
2024-05-24,11:57:03,55.5409,27.56,24.75,3034,15026665.0,4.004987107529301e-05
2024-05-24,11:57:03,55.5476,27.56,24.75,3034,15026664.0,4.004987107529301e-05
2024-05-24,11:57:03,55.5545,27.56,24.75,3034,15026664.0,4.004987107529301e-05
2024-05-24,11:57:03,55.5613,27.56,24.75,3035,15026665.0,3.998586538785644e-05
2024-05-24,11:57:03,55.568,27.56,24.75,3035,15026664.0,3.998586538785644e-05
2024-05-24,11:57:03,55.5748,27.56,24.75,3034,15026664.0,4.004987107529301e-05
2024-05-24,11:57:03,55.5816,27.56,24.75,3035,15026664.0,3.998586538785644e-05
2024-05-24,11:57:03,55.5883,27.56,24.75,3035,15026663.0,3.998586538785644e-05
2024-05-24,11:57:03,55.5951,27.56,24.75,3034,15026664.0,4.004987107529301e-05
2024-05-24,11:57:03,55.6019,27.56,24.75,3035,15026665.0,3.998586538785644e-05
2024-05-24,11:57:03,55.6087,27.56,24.75,3035,15026665.0,3.998586538785644e-05
2024-05-24,11:57:03,55.6155,27.56,24.75,3034,15026665.0,4.004987107529301e-05
2024-05-24,11:57:03,55.6221,27.56,24.75,3034,15026665.0,4.004987107529301e-05
2024-05-24,11:57:03,55.6288,27.56,24.75,3035,15026665.0,3.998586538785644e-05
2024-05-24,11:57:03,55.6356,27.56,24.75,3035,15026664.0,3.998586538785644e-05
2024-05-24,11:57:03,55.6424,27.56,24.75,3034,15026664.0,4.004987107529301e-05
2024-05-24,11:57:03,55.6491,27.56,24.75,3034,15026664.0,4.004987107529301e-05
2024-05-24,11:57:03,55.6559,27.56,24.75,3035,15026665.0,3.998586538785644e-05
2024-05-24,11:57:03,55.6627,27.56,24.75,3035,15026665.0,3.998586538785644e-05
2024-05-24,11:57:03,55.6695,27.56,24.75,3035,15026664.0,3.998586538785644e-05
2024-05-24,11:57:03,55.6763,27.56,24.75,3035,15026664.0,3.998586538785644e-05
2024-05-24,11:57:03,55.6829,27.56,24.75,3035,15026665.0,3.998586538785644e-05
2024-05-24,11:57:03,55.6897,27.56,24.75,3035,15026665.0,3.998586538785644e-05
2024-05-24,11:57:03,55.6965,27.56,24.75,3035,15026665.0,3.998586538785644e-05
2024-05-24,11:57:03,55.7032,27.56,24.75,3035,15026665.0,3.998586538785644e-05
2024-05-24,11:57:03,55.7099,27.56,24.75,3034,15026664.0,4.004987107529301e-05
2024-05-24,11:57:03,55.7167,27.56,24.75,3034,15026664.0,4.004987107529301e-05
2024-05-24,11:57:03,55.7235,27.56,24.75,3034,15026664.0,4.004987107529301e-05
2024-05-24,11:57:03,55.7303,27.56,24.75,3034,15026664.0,4.004987107529301e-05
2024-05-24,11:57:03,55.7371,27.56,24.75,3034,15026664.0,4.004987107529301e-05
2024-05-24,11:57:03,55.7439,27.56,24.75,3034,15026663.0,4.004987107529301e-05
2024-05-24,11:57:03,55.7506,27.56,24.75,3035,15026664.0,3.998586538785644e-05
2024-05-24,11:57:03,55.7573,27.56,24.75,3035,15026665.0,3.998586538785644e-05
2024-05-24,11:57:03,55.764,27.56,24.75,3034,15026664.0,4.004987107529301e-05
2024-05-24,11:57:03,55.7707,27.56,24.75,3034,15026664.0,4.004987107529301e-05
2024-05-24,11:57:04,55.7775,27.56,24.75,3035,15026664.0,3.998586538785644e-05
2024-05-24,11:57:04,55.7843,27.56,24.75,3035,15026664.0,3.998586538785644e-05
2024-05-24,11:57:04,55.7911,27.56,24.75,3035,15026664.0,3.998586538785644e-05
2024-05-24,11:57:04,55.7979,27.56,24.75,3035,15026664.0,3.998586538785644e-05
2024-05-24,11:57:04,55.8047,27.56,24.75,3034,15026663.0,4.004987107529301e-05
2024-05-24,11:57:04,55.8114,27.56,24.75,3034,15026664.0,4.004987107529301e-05
2024-05-24,11:57:04,55.8182,27.56,24.75,3034,15026663.0,4.004987107529301e-05
2024-05-24,11:57:04,55.825,27.56,24.75,3035,15026662.0,3.998586538785644e-05
2024-05-24,11:57:04,55.8317,27.56,24.75,3035,15026663.0,3.998586538785644e-05
2024-05-24,11:57:04,55.8385,27.56,24.75,3034,15026664.0,4.004987107529301e-05
2024-05-24,11:57:04,55.8452,27.56,24.75,3034,15026663.0,4.004987107529301e-05
2024-05-24,11:57:04,55.852,27.56,24.75,3034,15026664.0,4.004987107529301e-05
2024-05-24,11:57:04,55.8588,27.56,24.75,3034,15026663.0,4.004987107529301e-05
2024-05-24,11:57:04,55.8656,27.56,24.75,3034,15026663.0,4.004987107529301e-05
2024-05-24,11:57:04,55.8724,27.56,24.75,3034,15026663.0,4.004987107529301e-05
2024-05-24,11:57:04,55.8792,27.56,24.75,3034,15026663.0,4.004987107529301e-05
2024-05-24,11:57:04,55.8859,27.56,24.75,3035,15026664.0,3.998586538785644e-05
2024-05-24,11:57:04,55.8927,27.56,24.75,3035,15026663.0,3.998586538785644e-05
2024-05-24,11:57:04,55.8995,27.56,24.75,3034,15026663.0,4.004987107529301e-05
2024-05-24,11:57:04,55.9063,27.56,24.75,3034,15026663.0,4.004987107529301e-05
2024-05-24,11:57:04,55.9131,27.56,24.75,3034,15026663.0,4.004987107529301e-05
2024-05-24,11:57:04,55.9197,27.56,24.5,3034,15026664.0,4.004987107529301e-05
2024-05-24,11:57:04,55.9265,27.56,24.5,3034,15026662.0,4.004987107529301e-05
2024-05-24,11:57:04,55.9333,27.56,24.5,3034,15026663.0,4.004987107529301e-05
2024-05-24,11:57:04,55.9401,27.56,24.5,3034,15026664.0,4.004987107529301e-05
2024-05-24,11:57:04,55.9469,27.56,24.5,3034,15026664.0,4.004987107529301e-05
2024-05-24,11:57:04,55.9535,27.56,24.5,3033,15026662.0,4.011397921713403e-05
2024-05-24,11:57:04,55.9603,27.56,24.5,3032,15026662.0,4.017818997737903e-05
2024-05-24,11:57:04,55.9671,27.56,24.5,3032,15026663.0,4.017818997737903e-05
2024-05-24,11:57:04,55.9739,27.56,24.5,3033,15026663.0,4.011397921713403e-05
2024-05-24,11:57:04,55.9807,27.56,24.5,3034,15026664.0,4.004987107529301e-05
2024-05-24,11:57:04,55.9874,27.56,24.5,3033,15026664.0,4.011397921713403e-05
2024-05-24,11:57:04,55.9944,27.56,24.5,3032,15026663.0,4.017818997737903e-05
2024-05-24,11:57:04,56.001,27.56,24.5,3033,15026663.0,4.011397921713403e-05
2024-05-24,11:57:04,56.0077,27.56,24.5,3034,15026664.0,4.004987107529301e-05
2024-05-24,11:57:04,56.0146,27.56,24.5,3034,15026664.0,4.004987107529301e-05
2024-05-24,11:57:04,56.0214,27.56,24.5,3034,15026663.0,4.004987107529301e-05
2024-05-24,11:57:04,56.0281,27.56,24.5,3033,15026663.0,4.011397921713403e-05
2024-05-24,11:57:04,56.0349,27.56,24.5,3033,15026663.0,4.011397921713403e-05
2024-05-24,11:57:04,56.0416,27.56,24.5,3033,15026663.0,4.011397921713403e-05
2024-05-24,11:57:04,56.0484,27.56,24.5,3033,15026663.0,4.011397921713403e-05
2024-05-24,11:57:04,56.0552,27.56,24.5,3034,15026662.0,4.004987107529301e-05
2024-05-24,11:57:04,56.0619,27.56,24.5,3034,15026663.0,4.004987107529301e-05
2024-05-24,11:57:04,56.0687,27.56,24.5,3034,15026663.0,4.004987107529301e-05
2024-05-24,11:57:04,56.0755,27.56,24.5,3034,15026662.0,4.004987107529301e-05
2024-05-24,11:57:04,56.0823,27.56,24.5,3034,15026662.0,4.004987107529301e-05
2024-05-24,11:57:04,56.0889,27.56,24.5,3033,15026661.0,4.011397921713403e-05
2024-05-24,11:57:04,56.0957,27.56,24.5,3033,15026661.0,4.011397921713403e-05
2024-05-24,11:57:04,56.1025,27.56,24.5,3033,15026661.0,4.011397921713403e-05
2024-05-24,11:57:04,56.1093,27.56,24.5,3033,15026661.0,4.011397921713403e-05
2024-05-24,11:57:04,56.1161,27.56,24.5,3033,15026663.0,4.011397921713403e-05
2024-05-24,11:57:04,56.1227,27.56,24.5,3033,15026663.0,4.011397921713403e-05
2024-05-24,11:57:04,56.1295,27.56,24.5,3034,15026663.0,4.004987107529301e-05
2024-05-24,11:57:04,56.1363,27.56,24.5,3034,15026663.0,4.004987107529301e-05
2024-05-24,11:57:04,56.1431,27.56,24.5,3033,15026662.0,4.011397921713403e-05
2024-05-24,11:57:04,56.1499,27.56,24.5,3033,15026662.0,4.011397921713403e-05
2024-05-24,11:57:04,56.1567,27.56,24.5,3033,15026663.0,4.011397921713403e-05
2024-05-24,11:57:04,56.1634,27.56,24.5,3033,15026663.0,4.011397921713403e-05
2024-05-24,11:57:04,56.1701,27.56,24.5,3034,15026663.0,4.004987107529301e-05
2024-05-24,11:57:04,56.1769,27.56,24.5,3034,15026663.0,4.004987107529301e-05
2024-05-24,11:57:04,56.1837,27.56,24.5,3034,15026663.0,4.004987107529301e-05
2024-05-24,11:57:04,56.1903,27.56,24.5,3034,15026663.0,4.004987107529301e-05
2024-05-24,11:57:04,56.1971,27.56,24.5,3034,15026663.0,4.004987107529301e-05
2024-05-24,11:57:04,56.2039,27.56,24.5,3033,15026663.0,4.011397921713403e-05
2024-05-24,11:57:04,56.2107,27.56,24.5,3032,15026662.0,4.017818997737903e-05
2024-05-24,11:57:04,56.2175,27.56,24.5,3033,15026661.0,4.011397921713403e-05
2024-05-24,11:57:04,56.2242,27.56,24.5,3033,15026661.0,4.011397921713403e-05
2024-05-24,11:57:04,56.231,27.56,24.5,3033,15026662.0,4.011397921713403e-05
2024-05-24,11:57:04,56.2378,27.56,24.5,3034,15026663.0,4.004987107529301e-05
2024-05-24,11:57:04,56.2446,27.56,24.5,3034,15026662.0,4.004987107529301e-05
2024-05-24,11:57:04,56.2513,27.56,24.5,3033,15026661.0,4.011397921713403e-05
2024-05-24,11:57:04,56.258,27.56,24.5,3032,15026662.0,4.017818997737903e-05
2024-05-24,11:57:04,56.2649,27.56,24.5,3032,15026661.0,4.017818997737903e-05
2024-05-24,11:57:04,56.2717,27.56,24.5,3033,15026661.0,4.011397921713403e-05
2024-05-24,11:57:04,56.2784,27.56,24.5,3033,15026661.0,4.011397921713403e-05
2024-05-24,11:57:04,56.2852,27.56,24.5,3032,15026662.0,4.017818997737903e-05
2024-05-24,11:57:04,56.292,27.56,24.5,3032,15026662.0,4.017818997737903e-05
2024-05-24,11:57:04,56.2987,27.56,24.5,3033,15026662.0,4.011397921713403e-05
2024-05-24,11:57:04,56.3055,27.56,24.5,3033,15026662.0,4.011397921713403e-05
2024-05-24,11:57:04,56.3122,27.56,24.5,3032,15026662.0,4.017818997737903e-05
2024-05-24,11:57:04,56.319,27.56,24.5,3032,15026662.0,4.017818997737903e-05
2024-05-24,11:57:04,56.3257,27.56,24.5,3033,15026661.0,4.011397921713403e-05
2024-05-24,11:57:04,56.3325,27.56,24.5,3033,15026661.0,4.011397921713403e-05
2024-05-24,11:57:04,56.3393,27.56,24.5,3033,15026661.0,4.011397921713403e-05
2024-05-24,11:57:04,56.3461,27.56,24.5,3033,15026660.0,4.011397921713403e-05
2024-05-24,11:57:04,56.3529,27.56,24.5,3032,15026661.0,4.017818997737903e-05
2024-05-24,11:57:04,56.3597,27.56,24.5,3032,15026662.0,4.017818997737903e-05
2024-05-24,11:57:04,56.3665,27.56,24.5,3032,15026662.0,4.017818997737903e-05
2024-05-24,11:57:04,56.3731,27.56,24.5,3032,15026662.0,4.017818997737903e-05
2024-05-24,11:57:04,56.3799,27.56,24.5,3033,15026662.0,4.011397921713403e-05
2024-05-24,11:57:04,56.3867,27.56,24.5,3033,15026661.0,4.011397921713403e-05
2024-05-24,11:57:04,56.3935,27.56,24.5,3032,15026662.0,4.017818997737903e-05
2024-05-24,11:57:04,56.4002,27.56,24.5,3032,15026662.0,4.017818997737903e-05
2024-05-24,11:57:04,56.407,27.56,24.5,3032,15026662.0,4.017818997737903e-05
2024-05-24,11:57:04,56.4138,27.56,24.5,3032,15026662.0,4.017818997737903e-05
2024-05-24,11:57:04,56.4206,27.56,24.75,3033,15026661.0,4.011397921713403e-05
2024-05-24,11:57:04,56.4274,27.56,24.75,3032,15026660.0,4.017818997737903e-05
2024-05-24,11:57:04,56.4342,27.56,24.75,3031,15026660.0,4.024250352029014e-05
2024-05-24,11:57:04,56.4409,27.56,24.75,3031,15026660.0,4.024250352029014e-05
2024-05-24,11:57:04,56.4476,27.56,24.75,3031,15026661.0,4.024250352029014e-05
2024-05-24,11:57:04,56.4544,27.56,24.75,3030,15026660.0,4.030692001039233e-05
2024-05-24,11:57:04,56.4613,27.56,24.75,3031,15026660.0,4.024250352029014e-05
2024-05-24,11:57:04,56.4681,27.56,24.75,3032,15026661.0,4.017818997737903e-05
2024-05-24,11:57:04,56.4749,27.56,24.75,3031,15026661.0,4.024250352029014e-05
2024-05-24,11:57:04,56.4817,27.56,24.75,3031,15026660.0,4.024250352029014e-05
2024-05-24,11:57:04,56.4883,27.56,24.75,3031,15026660.0,4.024250352029014e-05
2024-05-24,11:57:04,56.4951,27.56,24.75,3032,15026661.0,4.017818997737903e-05
2024-05-24,11:57:04,56.502,27.56,24.75,3032,15026661.0,4.017818997737903e-05
2024-05-24,11:57:04,56.5088,27.56,24.75,3031,15026660.0,4.024250352029014e-05
2024-05-24,11:57:04,56.5156,27.56,24.75,3031,15026660.0,4.024250352029014e-05
2024-05-24,11:57:04,56.5224,27.56,24.75,3031,15026660.0,4.024250352029014e-05
2024-05-24,11:57:04,56.5291,27.56,24.75,3032,15026660.0,4.017818997737903e-05
2024-05-24,11:57:04,56.5361,27.56,24.75,3032,15026660.0,4.017818997737903e-05
2024-05-24,11:57:04,56.5428,27.56,24.75,3031,15026660.0,4.024250352029014e-05
2024-05-24,11:57:04,56.5495,27.56,24.75,3032,15026661.0,4.017818997737903e-05
2024-05-24,11:57:04,56.5561,27.56,24.75,3032,15026660.0,4.017818997737903e-05
2024-05-24,11:57:04,56.5629,27.56,24.75,3033,15026662.0,4.011397921713403e-05
2024-05-24,11:57:04,56.5697,27.56,24.75,3033,15026663.0,4.011397921713403e-05
2024-05-24,11:57:04,56.5765,27.56,24.75,3030,15026659.0,4.030692001039233e-05
2024-05-24,11:57:04,56.5834,27.56,24.75,3031,15026659.0,4.024250352029014e-05
2024-05-24,11:57:04,56.5902,27.56,24.75,3032,15026660.0,4.017818997737903e-05
2024-05-24,11:57:04,56.597,27.56,24.75,3031,15026660.0,4.024250352029014e-05
2024-05-24,11:57:04,56.6038,27.56,24.75,3031,15026660.0,4.024250352029014e-05
2024-05-24,11:57:04,56.6105,27.56,24.75,3031,15026659.0,4.024250352029014e-05
2024-05-24,11:57:04,56.6173,27.56,24.75,3031,15026660.0,4.024250352029014e-05
2024-05-24,11:57:04,56.6241,27.56,24.75,3031,15026660.0,4.024250352029014e-05
2024-05-24,11:57:04,56.6309,27.56,24.75,3031,15026661.0,4.024250352029014e-05
2024-05-24,11:57:04,56.6376,27.56,24.75,3031,15026661.0,4.024250352029014e-05
2024-05-24,11:57:04,56.6443,27.56,24.75,3031,15026660.0,4.024250352029014e-05
2024-05-24,11:57:04,56.6511,27.56,24.75,3031,15026660.0,4.024250352029014e-05
2024-05-24,11:57:04,56.6579,27.56,24.75,3031,15026661.0,4.024250352029014e-05
2024-05-24,11:57:04,56.6648,27.56,24.75,3031,15026661.0,4.024250352029014e-05
2024-05-24,11:57:04,56.6716,27.56,24.75,3032,15026661.0,4.017818997737903e-05
2024-05-24,11:57:04,56.6783,27.56,24.75,3032,15026661.0,4.017818997737903e-05
2024-05-24,11:57:04,56.685,27.56,24.75,3031,15026659.0,4.024250352029014e-05
2024-05-24,11:57:04,56.6918,27.56,24.75,3031,15026659.0,4.024250352029014e-05
2024-05-24,11:57:04,56.6986,27.56,24.75,3031,15026660.0,4.024250352029014e-05
2024-05-24,11:57:04,56.7055,27.56,24.75,3031,15026660.0,4.024250352029014e-05
2024-05-24,11:57:04,56.7123,27.56,24.75,3031,15026659.0,4.024250352029014e-05
2024-05-24,11:57:04,56.7191,27.56,24.75,3031,15026659.0,4.024250352029014e-05
2024-05-24,11:57:04,56.7259,27.56,24.75,3032,15026661.0,4.017818997737903e-05
2024-05-24,11:57:04,56.7325,27.56,24.75,3032,15026662.0,4.017818997737903e-05
2024-05-24,11:57:04,56.7393,27.56,24.75,3031,15026660.0,4.024250352029014e-05
2024-05-24,11:57:04,56.7462,27.56,24.75,3031,15026659.0,4.024250352029014e-05
2024-05-24,11:57:04,56.753,27.56,24.75,3030,15026659.0,4.030692001039233e-05
2024-05-24,11:57:04,56.7597,27.56,24.75,3030,15026659.0,4.030692001039233e-05
2024-05-24,11:57:04,56.7665,27.56,24.75,3031,15026660.0,4.024250352029014e-05
2024-05-24,11:57:04,56.7734,27.56,24.75,3031,15026660.0,4.024250352029014e-05
2024-05-24,11:57:05,56.7801,27.56,24.75,3031,15026660.0,4.024250352029014e-05
2024-05-24,11:57:05,56.7869,27.56,24.75,3031,15026660.0,4.024250352029014e-05
2024-05-24,11:57:05,56.7937,27.56,24.75,3032,15026660.0,4.017818997737903e-05
2024-05-24,11:57:05,56.8005,27.56,24.75,3032,15026660.0,4.017818997737903e-05
2024-05-24,11:57:05,56.8073,27.56,24.75,3031,15026660.0,4.024250352029014e-05
2024-05-24,11:57:05,56.8141,27.56,24.75,3031,15026660.0,4.024250352029014e-05
2024-05-24,11:57:05,56.8209,27.56,24.75,3031,15026660.0,4.024250352029014e-05
2024-05-24,11:57:05,56.8276,27.56,24.75,3031,15026660.0,4.024250352029014e-05
2024-05-24,11:57:05,56.8344,27.56,24.75,3032,15026660.0,4.017818997737903e-05
2024-05-24,11:57:05,56.8412,27.56,24.75,3032,15026660.0,4.017818997737903e-05
2024-05-24,11:57:05,56.848,27.56,24.75,3031,15026660.0,4.024250352029014e-05
2024-05-24,11:57:05,56.8548,27.56,24.75,3031,15026660.0,4.024250352029014e-05
2024-05-24,11:57:05,56.8617,27.56,24.75,3032,15026660.0,4.017818997737903e-05
2024-05-24,11:57:05,56.8685,27.56,24.75,3032,15026660.0,4.017818997737903e-05
2024-05-24,11:57:05,56.8751,27.56,24.75,3031,15026661.0,4.024250352029014e-05
2024-05-24,11:57:05,56.8818,27.56,24.75,3031,15026660.0,4.024250352029014e-05
2024-05-24,11:57:05,56.8886,27.56,24.75,3031,15026660.0,4.024250352029014e-05
2024-05-24,11:57:05,56.8955,27.56,24.75,3031,15026660.0,4.024250352029014e-05
2024-05-24,11:57:05,56.9023,27.56,24.75,3030,15026659.0,4.030692001039233e-05
2024-05-24,11:57:05,56.909,27.56,24.75,3030,15026659.0,4.030692001039233e-05
2024-05-24,11:57:05,56.916,27.56,24.75,3030,15026659.0,4.030692001039233e-05
2024-05-24,11:57:05,56.9227,27.56,24.5,3030,15026659.0,4.030692001039233e-05
2024-05-24,11:57:05,56.9295,27.56,24.5,3032,15026660.0,4.017818997737903e-05
2024-05-24,11:57:05,56.9363,27.56,24.5,3033,15026660.0,4.011397921713403e-05
2024-05-24,11:57:05,56.9431,27.56,24.5,3032,15026659.0,4.017818997737903e-05
2024-05-24,11:57:05,56.9499,27.56,24.5,3031,15026659.0,4.024250352029014e-05
2024-05-24,11:57:05,56.9567,27.56,24.5,3031,15026660.0,4.024250352029014e-05
2024-05-24,11:57:05,56.9634,27.56,24.5,3031,15026660.0,4.024250352029014e-05
2024-05-24,11:57:05,56.9701,27.56,24.5,3030,15026659.0,4.030692001039233e-05
2024-05-24,11:57:05,56.9769,27.56,24.5,3030,15026659.0,4.030692001039233e-05
2024-05-24,11:57:05,56.9838,27.56,24.5,3031,15026659.0,4.024250352029014e-05
2024-05-24,11:57:05,56.9906,27.56,24.5,3031,15026659.0,4.024250352029014e-05
2024-05-24,11:57:05,56.9974,27.56,24.5,3030,15026659.0,4.030692001039233e-05
2024-05-24,11:57:05,57.0043,27.56,24.5,3030,15026659.0,4.030692001039233e-05
2024-05-24,11:57:05,57.0111,27.56,24.5,3031,15026659.0,4.024250352029014e-05
2024-05-24,11:57:05,57.0178,27.56,24.5,3031,15026658.0,4.024250352029014e-05
2024-05-24,11:57:05,57.0246,27.56,24.5,3030,15026658.0,4.030692001039233e-05
2024-05-24,11:57:05,57.0314,27.56,24.5,3030,15026659.0,4.030692001039233e-05
2024-05-24,11:57:05,57.0383,27.56,24.5,3030,15026658.0,4.030692001039233e-05
2024-05-24,11:57:05,57.0452,27.56,24.5,3030,15026658.0,4.030692001039233e-05
2024-05-24,11:57:05,57.052,27.56,24.5,3031,15026659.0,4.024250352029014e-05
2024-05-24,11:57:05,57.0587,27.56,24.5,3030,15026659.0,4.030692001039233e-05
2024-05-24,11:57:05,57.0655,27.56,24.5,3030,15026660.0,4.030692001039233e-05
2024-05-24,11:57:05,57.0722,27.56,24.5,3031,15026660.0,4.024250352029014e-05
2024-05-24,11:57:05,57.079,27.56,24.5,3030,15026658.0,4.030692001039233e-05
2024-05-24,11:57:05,57.0859,27.56,24.5,3030,15026658.0,4.030692001039233e-05
2024-05-24,11:57:05,57.0927,27.56,24.5,3030,15026659.0,4.030692001039233e-05
2024-05-24,11:57:05,57.0994,27.56,24.5,3030,15026658.0,4.030692001039233e-05
2024-05-24,11:57:05,57.1063,27.56,24.5,3030,15026658.0,4.030692001039233e-05
2024-05-24,11:57:05,57.1132,27.56,24.5,3030,15026659.0,4.030692001039233e-05
2024-05-24,11:57:05,57.1199,27.56,24.5,3030,15026658.0,4.030692001039233e-05
2024-05-24,11:57:05,57.1266,27.56,24.5,3029,15026658.0,4.037143961247402e-05
2024-05-24,11:57:05,57.1336,27.56,24.5,3029,15026658.0,4.037143961247402e-05
2024-05-24,11:57:05,57.1403,27.56,24.5,3029,15026658.0,4.037143961247402e-05
2024-05-24,11:57:05,57.1471,27.56,24.5,3030,15026660.0,4.030692001039233e-05
2024-05-24,11:57:05,57.1539,27.56,24.5,3031,15026660.0,4.024250352029014e-05
2024-05-24,11:57:05,57.1607,27.56,24.5,3030,15026658.0,4.030692001039233e-05
2024-05-24,11:57:05,57.1675,27.56,24.5,3030,15026658.0,4.030692001039233e-05
2024-05-24,11:57:05,57.1743,27.56,24.5,3031,15026659.0,4.024250352029014e-05
2024-05-24,11:57:05,57.181,27.56,24.5,3031,15026658.0,4.024250352029014e-05
2024-05-24,11:57:05,57.1878,27.56,24.5,3031,15026659.0,4.024250352029014e-05
2024-05-24,11:57:05,57.1946,27.56,24.5,3031,15026660.0,4.024250352029014e-05
2024-05-24,11:57:05,57.2014,27.56,24.5,3030,15026658.0,4.030692001039233e-05
2024-05-24,11:57:05,57.2082,27.56,24.5,3030,15026658.0,4.030692001039233e-05
2024-05-24,11:57:05,57.215,27.56,24.5,3030,15026658.0,4.030692001039233e-05
2024-05-24,11:57:05,57.2217,27.56,24.5,3030,15026658.0,4.030692001039233e-05
2024-05-24,11:57:05,57.2285,27.56,24.5,3029,15026658.0,4.037143961247402e-05
2024-05-24,11:57:05,57.2354,27.56,24.5,3029,15026657.0,4.037143961247402e-05
2024-05-24,11:57:05,57.2422,27.56,24.5,3030,15026658.0,4.030692001039233e-05
2024-05-24,11:57:05,57.249,27.56,24.5,3029,15026659.0,4.037143961247402e-05
2024-05-24,11:57:05,57.2558,27.56,24.5,3029,15026658.0,4.037143961247402e-05
2024-05-24,11:57:05,57.2626,27.56,24.5,3030,15026658.0,4.030692001039233e-05
2024-05-24,11:57:05,57.2695,27.56,24.5,3030,15026658.0,4.030692001039233e-05
2024-05-24,11:57:05,57.2763,27.56,24.5,3029,15026659.0,4.037143961247402e-05
2024-05-24,11:57:05,57.2829,27.56,24.5,3029,15026659.0,4.037143961247402e-05
2024-05-24,11:57:05,57.2897,27.56,24.5,3030,15026658.0,4.030692001039233e-05
2024-05-24,11:57:05,57.2965,27.56,24.5,3029,15026657.0,4.037143961247402e-05
2024-05-24,11:57:05,57.3033,27.56,24.5,3029,15026657.0,4.037143961247402e-05
2024-05-24,11:57:05,57.3102,27.56,24.5,3031,15026659.0,4.024250352029014e-05
2024-05-24,11:57:05,57.317,27.56,24.5,3031,15026659.0,4.024250352029014e-05
2024-05-24,11:57:05,57.3238,27.56,24.5,3029,15026657.0,4.037143961247402e-05
2024-05-24,11:57:05,57.3307,27.56,24.5,3029,15026656.0,4.037143961247402e-05
2024-05-24,11:57:05,57.3375,27.56,24.5,3030,15026657.0,4.030692001039233e-05
2024-05-24,11:57:05,57.3442,27.56,24.5,3029,15026657.0,4.037143961247402e-05
2024-05-24,11:57:05,57.351,27.56,24.5,3028,15026657.0,4.043606249158732e-05
2024-05-24,11:57:05,57.3578,27.56,24.5,3028,15026657.0,4.043606249158732e-05
2024-05-24,11:57:05,57.3646,27.56,24.5,3028,15026657.0,4.043606249158732e-05
2024-05-24,11:57:05,57.3714,27.56,24.5,3028,15026657.0,4.043606249158732e-05
2024-05-24,11:57:05,57.3783,27.56,24.5,3028,15026656.0,4.043606249158732e-05
2024-05-24,11:57:05,57.3851,27.56,24.5,3029,15026656.0,4.037143961247402e-05
2024-05-24,11:57:05,57.3919,27.56,24.5,3029,15026656.0,4.037143961247402e-05
2024-05-24,11:57:05,57.3986,27.56,24.5,3028,15026657.0,4.043606249158732e-05
2024-05-24,11:57:05,57.4054,27.56,24.5,3028,15026657.0,4.043606249158732e-05
2024-05-24,11:57:05,57.4123,27.56,24.5,3028,15026657.0,4.043606249158732e-05
2024-05-24,11:57:05,57.4191,27.56,24.5,3028,15026657.0,4.043606249158732e-05
2024-05-24,11:57:05,57.4259,27.56,24.75,3028,15026657.0,4.043606249158732e-05
2024-05-24,11:57:05,57.4328,27.56,24.75,3028,15026656.0,4.043606249158732e-05
2024-05-24,11:57:05,57.4396,27.56,24.75,3029,15026656.0,4.037143961247402e-05
2024-05-24,11:57:05,57.4464,27.56,24.75,3029,15026656.0,4.037143961247402e-05
2024-05-24,11:57:05,57.4533,27.56,24.75,3028,15026656.0,4.043606249158732e-05
2024-05-24,11:57:05,57.4601,27.56,24.75,3029,15026656.0,4.037143961247402e-05
2024-05-24,11:57:05,57.4669,27.56,24.75,3030,15026656.0,4.030692001039233e-05
2024-05-24,11:57:05,57.4737,27.56,24.75,3029,15026655.0,4.037143961247402e-05
2024-05-24,11:57:05,57.4804,27.56,24.75,3028,15026657.0,4.043606249158732e-05
2024-05-24,11:57:05,57.4872,27.56,24.75,3028,15026657.0,4.043606249158732e-05
2024-05-24,11:57:05,57.494,27.56,24.75,3029,15026656.0,4.037143961247402e-05
2024-05-24,11:57:05,57.5009,27.56,24.75,3028,15026655.0,4.043606249158732e-05
2024-05-24,11:57:05,57.5077,27.56,24.75,3028,15026655.0,4.043606249158732e-05
2024-05-24,11:57:05,57.5145,27.56,24.75,3030,15026657.0,4.030692001039233e-05
2024-05-24,11:57:05,57.5214,27.56,24.75,3029,15026657.0,4.037143961247402e-05
2024-05-24,11:57:05,57.5282,27.56,24.75,3029,15026657.0,4.037143961247402e-05
2024-05-24,11:57:05,57.535,27.56,24.75,3030,15026656.0,4.030692001039233e-05
2024-05-24,11:57:05,57.5419,27.56,24.75,3029,15026655.0,4.037143961247402e-05
2024-05-24,11:57:05,57.5488,27.56,24.75,3028,15026656.0,4.043606249158732e-05
2024-05-24,11:57:05,57.5554,27.56,24.75,3028,15026656.0,4.043606249158732e-05
2024-05-24,11:57:05,57.5621,27.56,24.75,3028,15026656.0,4.043606249158732e-05
2024-05-24,11:57:05,57.569,27.56,24.75,3027,15026656.0,4.050078881304863e-05
2024-05-24,11:57:05,57.5759,27.56,24.75,3027,15026655.0,4.050078881304863e-05
2024-05-24,11:57:05,57.5827,27.56,24.75,3028,15026656.0,4.043606249158732e-05
2024-05-24,11:57:05,57.5895,27.56,24.75,3028,15026656.0,4.043606249158732e-05
2024-05-24,11:57:05,57.5964,27.56,24.75,3028,15026655.0,4.043606249158732e-05
2024-05-24,11:57:05,57.6032,27.56,24.75,3028,15026655.0,4.043606249158732e-05
2024-05-24,11:57:05,57.61,27.56,24.75,3030,15026658.0,4.030692001039233e-05
2024-05-24,11:57:05,57.6169,27.56,24.75,3030,15026658.0,4.030692001039233e-05
2024-05-24,11:57:05,57.6237,27.56,24.75,3028,15026656.0,4.043606249158732e-05
2024-05-24,11:57:05,57.6305,27.56,24.75,3028,15026656.0,4.043606249158732e-05
2024-05-24,11:57:05,57.6374,27.56,24.75,3027,15026655.0,4.050078881304863e-05
2024-05-24,11:57:05,57.6441,27.56,24.75,3027,15026655.0,4.050078881304863e-05
2024-05-24,11:57:05,57.6508,27.56,24.75,3027,15026654.0,4.050078881304863e-05
2024-05-24,11:57:05,57.6577,27.56,24.75,3027,15026655.0,4.050078881304863e-05
2024-05-24,11:57:05,57.6646,27.56,24.75,3029,15026657.0,4.037143961247402e-05
2024-05-24,11:57:05,57.6714,27.56,24.75,3029,15026657.0,4.037143961247402e-05
2024-05-24,11:57:05,57.6782,27.56,24.75,3027,15026654.0,4.050078881304863e-05
2024-05-24,11:57:05,57.6851,27.56,24.75,3028,15026653.0,4.043606249158732e-05
2024-05-24,11:57:05,57.692,27.56,24.75,3028,15026654.0,4.043606249158732e-05
2024-05-24,11:57:05,57.6988,27.56,24.75,3027,15026655.0,4.050078881304863e-05
2024-05-24,11:57:05,57.7056,27.56,24.75,3027,15026655.0,4.050078881304863e-05
2024-05-24,11:57:05,57.7124,27.56,24.75,3027,15026654.0,4.050078881304863e-05
2024-05-24,11:57:05,57.7192,27.56,24.75,3028,15026655.0,4.043606249158732e-05
2024-05-24,11:57:05,57.7259,27.56,24.75,3028,15026655.0,4.043606249158732e-05
2024-05-24,11:57:05,57.7329,27.56,24.75,3027,15026654.0,4.050078881304863e-05
2024-05-24,11:57:05,57.7396,27.56,24.75,3027,15026655.0,4.050078881304863e-05
2024-05-24,11:57:05,57.7464,27.56,24.75,3028,15026655.0,4.043606249158732e-05
2024-05-24,11:57:05,57.7535,27.56,24.75,3029,15026655.0,4.037143961247402e-05
2024-05-24,11:57:05,57.7602,27.56,24.75,3030,15026656.0,4.030692001039233e-05
2024-05-24,11:57:05,57.7669,27.56,24.75,3029,15026656.0,4.037143961247402e-05
2024-05-24,11:57:05,57.7738,27.56,24.75,3028,15026656.0,4.043606249158732e-05
2024-05-24,11:57:06,57.7807,27.56,24.75,3028,15026656.0,4.043606249158732e-05
2024-05-24,11:57:06,57.7875,27.56,24.75,3027,15026656.0,4.050078881304863e-05
2024-05-24,11:57:06,57.7943,27.56,24.75,3027,15026655.0,4.050078881304863e-05
2024-05-24,11:57:06,57.8011,27.56,24.75,3028,15026656.0,4.043606249158732e-05
2024-05-24,11:57:06,57.8079,27.56,24.75,3028,15026655.0,4.043606249158732e-05
2024-05-24,11:57:06,57.8148,27.56,24.75,3028,15026655.0,4.043606249158732e-05
2024-05-24,11:57:06,57.8217,27.56,24.75,3028,15026655.0,4.043606249158732e-05
2024-05-24,11:57:06,57.8285,27.56,24.75,3028,15026655.0,4.043606249158732e-05
2024-05-24,11:57:06,57.8353,27.56,24.75,3028,15026655.0,4.043606249158732e-05
2024-05-24,11:57:06,57.842,27.56,24.75,3028,15026657.0,4.043606249158732e-05
2024-05-24,11:57:06,57.8488,27.56,24.75,3028,15026656.0,4.043606249158732e-05
2024-05-24,11:57:06,57.8557,27.56,24.75,3028,15026655.0,4.043606249158732e-05
2024-05-24,11:57:06,57.8625,27.56,24.75,3028,15026655.0,4.043606249158732e-05
2024-05-24,11:57:06,57.8693,27.56,24.75,3027,15026654.0,4.050078881304863e-05
2024-05-24,11:57:06,57.8762,27.56,24.75,3028,15026654.0,4.043606249158732e-05
2024-05-24,11:57:06,57.883,27.56,24.75,3027,15026653.0,4.050078881304863e-05
2024-05-24,11:57:06,57.8898,27.56,24.75,3026,15026653.0,4.056561874243887e-05
2024-05-24,11:57:06,57.8967,27.56,24.75,3027,15026653.0,4.050078881304863e-05
2024-05-24,11:57:06,57.9036,27.56,24.75,3027,15026653.0,4.050078881304863e-05
2024-05-24,11:57:06,57.9104,27.56,24.75,3027,15026654.0,4.050078881304863e-05
2024-05-24,11:57:06,57.9172,27.56,24.75,3027,15026655.0,4.050078881304863e-05
2024-05-24,11:57:06,57.924,27.56,24.75,3028,15026656.0,4.043606249158732e-05
2024-05-24,11:57:06,57.9307,27.56,24.75,3027,15026656.0,4.050078881304863e-05
2024-05-24,11:57:06,57.9377,27.56,24.75,3026,15026655.0,4.056561874243887e-05
2024-05-24,11:57:06,57.9446,27.56,24.75,3027,15026655.0,4.050078881304863e-05
2024-05-24,11:57:06,57.9513,27.56,24.75,3027,15026655.0,4.050078881304863e-05
2024-05-24,11:57:06,57.9581,27.56,24.75,3027,15026655.0,4.050078881304863e-05
2024-05-24,11:57:06,57.965,27.56,24.75,3027,15026655.0,4.050078881304863e-05
2024-05-24,11:57:06,57.9718,27.56,24.75,3027,15026654.0,4.050078881304863e-05
2024-05-24,11:57:06,57.9786,27.56,24.75,3028,15026655.0,4.043606249158732e-05
2024-05-24,11:57:06,57.9855,27.56,24.75,3028,15026655.0,4.043606249158732e-05
2024-05-24,11:57:06,57.9923,27.56,24.75,3026,15026653.0,4.056561874243887e-05
2024-05-24,11:57:06,57.9991,27.56,24.75,3026,15026653.0,4.056561874243887e-05
2024-05-24,11:57:06,58.006,27.56,24.75,3026,15026654.0,4.056561874243887e-05
2024-05-24,11:57:06,58.0129,27.56,24.75,3025,15026655.0,4.06305524456041e-05
2024-05-24,11:57:06,58.0197,27.56,24.75,3026,15026655.0,4.056561874243887e-05
2024-05-24,11:57:06,58.0265,27.56,24.75,3027,15026655.0,4.050078881304863e-05
2024-05-24,11:57:06,58.0334,27.56,24.75,3027,15026654.0,4.050078881304863e-05
2024-05-24,11:57:06,58.0403,27.56,24.75,3026,15026655.0,4.056561874243887e-05
2024-05-24,11:57:06,58.0471,27.56,24.75,3025,15026654.0,4.06305524456041e-05
2024-05-24,11:57:06,58.0539,27.56,24.75,3026,15026653.0,4.056561874243887e-05
2024-05-24,11:57:06,58.0607,27.56,24.75,3028,15026655.0,4.043606249158732e-05
2024-05-24,11:57:06,58.0676,27.56,24.75,3027,15026656.0,4.050078881304863e-05
2024-05-24,11:57:06,58.0745,27.56,24.75,3026,15026655.0,4.056561874243887e-05
2024-05-24,11:57:06,58.0813,27.56,24.75,3026,15026655.0,4.056561874243887e-05
2024-05-24,11:57:06,58.0881,27.56,24.75,3027,15026656.0,4.050078881304863e-05
2024-05-24,11:57:06,58.0948,27.56,24.75,3028,15026656.0,4.043606249158732e-05
2024-05-24,11:57:06,58.1016,27.56,24.75,3026,15026654.0,4.056561874243887e-05
2024-05-24,11:57:06,58.1084,27.56,24.75,3026,15026654.0,4.056561874243887e-05
2024-05-24,11:57:06,58.1152,27.56,24.75,3026,15026653.0,4.056561874243887e-05
2024-05-24,11:57:06,58.1221,27.56,24.75,3026,15026653.0,4.056561874243887e-05
2024-05-24,11:57:06,58.129,27.56,24.75,3027,15026654.0,4.050078881304863e-05
2024-05-24,11:57:06,58.1358,27.56,24.75,3027,15026654.0,4.050078881304863e-05
2024-05-24,11:57:06,58.1427,27.56,24.75,3027,15026654.0,4.050078881304863e-05
2024-05-24,11:57:06,58.1496,27.56,24.75,3026,15026655.0,4.056561874243887e-05
2024-05-24,11:57:06,58.1564,27.56,24.75,3026,15026655.0,4.056561874243887e-05
2024-05-24,11:57:06,58.1632,27.56,24.75,3026,15026655.0,4.056561874243887e-05
2024-05-24,11:57:06,58.1701,27.56,24.75,3025,15026654.0,4.06305524456041e-05
2024-05-24,11:57:06,58.1769,27.56,24.75,3025,15026654.0,4.06305524456041e-05
2024-05-24,11:57:06,58.1837,27.56,24.75,3025,15026653.0,4.06305524456041e-05
2024-05-24,11:57:06,58.1906,27.56,24.75,3026,15026653.0,4.056561874243887e-05
2024-05-24,11:57:06,58.1974,27.56,24.75,3025,15026652.0,4.06305524456041e-05
2024-05-24,11:57:06,58.2043,27.56,24.75,3025,15026651.0,4.06305524456041e-05
2024-05-24,11:57:06,58.2112,27.56,24.75,3027,15026654.0,4.050078881304863e-05
2024-05-24,11:57:06,58.218,27.56,24.75,3026,15026655.0,4.056561874243887e-05
2024-05-24,11:57:06,58.2249,27.56,24.75,3026,15026655.0,4.056561874243887e-05
2024-05-24,11:57:06,58.2317,27.56,24.75,3026,15026655.0,4.056561874243887e-05
2024-05-24,11:57:06,58.2385,27.56,24.75,3025,15026654.0,4.06305524456041e-05
2024-05-24,11:57:06,58.2454,27.56,24.75,3025,15026654.0,4.06305524456041e-05
2024-05-24,11:57:06,58.2521,27.56,24.75,3026,15026654.0,4.056561874243887e-05
2024-05-24,11:57:06,58.2589,27.56,24.75,3027,15026654.0,4.050078881304863e-05
2024-05-24,11:57:06,58.2658,27.56,24.75,3027,15026654.0,4.050078881304863e-05
2024-05-24,11:57:06,58.2726,27.56,24.75,3027,15026654.0,4.050078881304863e-05
2024-05-24,11:57:06,58.2794,27.56,24.75,3028,15026655.0,4.043606249158732e-05
2024-05-24,11:57:06,58.2863,27.56,24.75,3027,15026655.0,4.050078881304863e-05
2024-05-24,11:57:06,58.2931,27.56,24.75,3025,15026653.0,4.06305524456041e-05
2024-05-24,11:57:06,58.2999,27.56,24.75,3025,15026653.0,4.06305524456041e-05
2024-05-24,11:57:06,58.3068,27.56,24.75,3025,15026653.0,4.06305524456041e-05
2024-05-24,11:57:06,58.3137,27.56,24.75,3025,15026652.0,4.06305524456041e-05
2024-05-24,11:57:06,58.3205,27.56,24.75,3026,15026654.0,4.056561874243887e-05
2024-05-24,11:57:06,58.3273,27.56,24.75,3026,15026655.0,4.056561874243887e-05
2024-05-24,11:57:06,58.3341,27.56,24.75,3026,15026655.0,4.056561874243887e-05
2024-05-24,11:57:06,58.3409,27.56,24.75,3026,15026655.0,4.056561874243887e-05
2024-05-24,11:57:06,58.3478,27.56,24.75,3025,15026653.0,4.06305524456041e-05
2024-05-24,11:57:06,58.3547,27.56,24.75,3026,15026652.0,4.056561874243887e-05
2024-05-24,11:57:06,58.3615,27.56,24.75,3026,15026652.0,4.056561874243887e-05
2024-05-24,11:57:06,58.3682,27.56,24.75,3026,15026653.0,4.056561874243887e-05
2024-05-24,11:57:06,58.3752,27.56,24.75,3026,15026653.0,4.056561874243887e-05
2024-05-24,11:57:06,58.3819,27.56,24.75,3025,15026654.0,4.06305524456041e-05
2024-05-24,11:57:06,58.3887,27.56,24.75,3024,15026653.0,4.069559008865578e-05
2024-05-24,11:57:06,58.3958,27.56,24.75,3024,15026652.0,4.069559008865578e-05
2024-05-24,11:57:06,58.4027,27.56,24.75,3025,15026653.0,4.06305524456041e-05
2024-05-24,11:57:06,58.4095,27.56,24.75,3025,15026653.0,4.06305524456041e-05
2024-05-24,11:57:06,58.4162,27.56,24.75,3025,15026653.0,4.06305524456041e-05
2024-05-24,11:57:06,58.423,27.56,24.75,3025,15026653.0,4.06305524456041e-05
2024-05-24,11:57:06,58.4299,27.56,24.75,3025,15026653.0,4.06305524456041e-05
2024-05-24,11:57:06,58.4367,27.62,24.75,3025,15026653.0,4.06305524456041e-05
2024-05-24,11:57:06,58.4435,27.62,24.75,3025,15026653.0,4.06305524456041e-05
2024-05-24,11:57:06,58.4504,27.62,24.75,3026,15026653.0,4.056561874243887e-05
2024-05-24,11:57:06,58.4572,27.62,24.75,3026,15026653.0,4.056561874243887e-05
2024-05-24,11:57:06,58.4641,27.62,24.75,3025,15026653.0,4.06305524456041e-05
2024-05-24,11:57:06,58.471,27.62,24.75,3024,15026652.0,4.069559008865578e-05
2024-05-24,11:57:06,58.4778,27.62,24.75,3024,15026652.0,4.069559008865578e-05
2024-05-24,11:57:06,58.4847,27.62,24.75,3025,15026653.0,4.06305524456041e-05
2024-05-24,11:57:06,58.4916,27.62,24.75,3025,15026653.0,4.06305524456041e-05
2024-05-24,11:57:06,58.4984,27.62,24.75,3026,15026654.0,4.056561874243887e-05
2024-05-24,11:57:06,58.5052,27.62,24.75,3026,15026654.0,4.056561874243887e-05
2024-05-24,11:57:06,58.5121,27.62,24.75,3024,15026652.0,4.069559008865578e-05
2024-05-24,11:57:06,58.519,27.62,24.75,3024,15026651.0,4.069559008865578e-05
2024-05-24,11:57:06,58.5258,27.62,24.75,3024,15026652.0,4.069559008865578e-05
2024-05-24,11:57:06,58.5326,27.62,24.75,3024,15026652.0,4.069559008865578e-05
2024-05-24,11:57:06,58.5394,27.62,24.75,3025,15026653.0,4.06305524456041e-05
2024-05-24,11:57:06,58.5463,27.62,24.75,3025,15026653.0,4.06305524456041e-05
2024-05-24,11:57:06,58.5532,27.62,24.75,3024,15026651.0,4.069559008865578e-05
2024-05-24,11:57:06,58.56,27.62,24.75,3024,15026652.0,4.069559008865578e-05
2024-05-24,11:57:06,58.5669,27.62,24.75,3025,15026652.0,4.06305524456041e-05
2024-05-24,11:57:06,58.5738,27.62,24.75,3026,15026652.0,4.056561874243887e-05
2024-05-24,11:57:06,58.5806,27.62,24.75,3026,15026653.0,4.056561874243887e-05
2024-05-24,11:57:06,58.5874,27.62,24.75,3025,15026653.0,4.06305524456041e-05
2024-05-24,11:57:06,58.5943,27.62,24.75,3024,15026652.0,4.069559008865578e-05
2024-05-24,11:57:06,58.6011,27.62,24.75,3024,15026652.0,4.069559008865578e-05
2024-05-24,11:57:06,58.6079,27.62,24.75,3025,15026652.0,4.06305524456041e-05
2024-05-24,11:57:06,58.6148,27.62,24.75,3025,15026652.0,4.06305524456041e-05
2024-05-24,11:57:06,58.6217,27.62,24.75,3024,15026652.0,4.069559008865578e-05
2024-05-24,11:57:06,58.6286,27.62,24.75,3025,15026651.0,4.06305524456041e-05
2024-05-24,11:57:06,58.6354,27.62,24.75,3026,15026652.0,4.056561874243887e-05
2024-05-24,11:57:06,58.6422,27.62,24.75,3025,15026653.0,4.06305524456041e-05
2024-05-24,11:57:06,58.6491,27.62,24.75,3025,15026653.0,4.06305524456041e-05
2024-05-24,11:57:06,58.656,27.62,24.75,3025,15026653.0,4.06305524456041e-05
2024-05-24,11:57:06,58.6628,27.62,24.75,3025,15026652.0,4.06305524456041e-05
2024-05-24,11:57:06,58.6696,27.62,24.75,3025,15026652.0,4.06305524456041e-05
2024-05-24,11:57:06,58.6765,27.62,24.75,3026,15026654.0,4.056561874243887e-05
2024-05-24,11:57:06,58.6833,27.62,24.75,3026,15026654.0,4.056561874243887e-05
2024-05-24,11:57:06,58.69,27.62,24.75,3024,15026652.0,4.069559008865578e-05
2024-05-24,11:57:06,58.6969,27.62,24.75,3024,15026652.0,4.069559008865578e-05
2024-05-24,11:57:06,58.7039,27.62,24.75,3024,15026652.0,4.069559008865578e-05
2024-05-24,11:57:06,58.7108,27.62,24.75,3024,15026652.0,4.069559008865578e-05
2024-05-24,11:57:06,58.7176,27.62,24.75,3024,15026651.0,4.069559008865578e-05
2024-05-24,11:57:06,58.7243,27.62,24.75,3025,15026650.0,4.06305524456041e-05
2024-05-24,11:57:06,58.7313,27.62,24.75,3025,15026651.0,4.06305524456041e-05
2024-05-24,11:57:06,58.7382,27.62,24.75,3024,15026651.0,4.069559008865578e-05
2024-05-24,11:57:06,58.7449,27.62,24.75,3025,15026651.0,4.06305524456041e-05
2024-05-24,11:57:06,58.7517,27.62,24.75,3025,15026651.0,4.06305524456041e-05
2024-05-24,11:57:06,58.7586,27.62,24.75,3024,15026651.0,4.069559008865578e-05
2024-05-24,11:57:06,58.7656,27.62,24.75,3024,15026651.0,4.069559008865578e-05
2024-05-24,11:57:06,58.7725,27.62,24.75,3024,15026653.0,4.069559008865578e-05
2024-05-24,11:57:07,58.7793,27.62,24.75,3024,15026653.0,4.069559008865578e-05
2024-05-24,11:57:07,58.786,27.62,24.75,3024,15026652.0,4.069559008865578e-05
2024-05-24,11:57:07,58.7929,27.62,24.75,3024,15026652.0,4.069559008865578e-05
2024-05-24,11:57:07,58.7997,27.62,24.75,3025,15026652.0,4.06305524456041e-05
2024-05-24,11:57:07,58.8065,27.62,24.75,3025,15026652.0,4.06305524456041e-05
2024-05-24,11:57:07,58.8134,27.62,24.75,3024,15026652.0,4.069559008865578e-05
2024-05-24,11:57:07,58.8203,27.62,24.75,3024,15026651.0,4.069559008865578e-05
2024-05-24,11:57:07,58.8273,27.62,24.75,3024,15026651.0,4.069559008865578e-05
2024-05-24,11:57:07,58.834,27.62,24.75,3024,15026651.0,4.069559008865578e-05
2024-05-24,11:57:07,58.8408,27.62,24.75,3024,15026651.0,4.069559008865578e-05
2024-05-24,11:57:07,58.8477,27.62,24.75,3023,15026652.0,4.076073183797135e-05
2024-05-24,11:57:07,58.8545,27.62,24.75,3023,15026652.0,4.076073183797135e-05
2024-05-24,11:57:07,58.8613,27.62,24.75,3024,15026651.0,4.069559008865578e-05
2024-05-24,11:57:07,58.8682,27.62,24.75,3024,15026651.0,4.069559008865578e-05
2024-05-24,11:57:07,58.8751,27.62,24.75,3024,15026651.0,4.069559008865578e-05
2024-05-24,11:57:07,58.8819,27.62,24.75,3024,15026652.0,4.069559008865578e-05
2024-05-24,11:57:07,58.8888,27.62,24.75,3024,15026652.0,4.069559008865578e-05
2024-05-24,11:57:07,58.8957,27.62,24.75,3025,15026653.0,4.06305524456041e-05
2024-05-24,11:57:07,58.9025,27.62,24.75,3025,15026653.0,4.06305524456041e-05
2024-05-24,11:57:07,58.9093,27.62,24.75,3024,15026651.0,4.069559008865578e-05
2024-05-24,11:57:07,58.9161,27.62,24.75,3024,15026651.0,4.069559008865578e-05
2024-05-24,11:57:07,58.923,27.62,24.75,3024,15026652.0,4.069559008865578e-05
2024-05-24,11:57:07,58.9299,27.62,24.75,3023,15026652.0,4.076073183797135e-05
2024-05-24,11:57:07,58.9367,27.62,24.75,3023,15026652.0,4.076073183797135e-05
2024-05-24,11:57:07,58.9436,27.62,24.75,3024,15026651.0,4.069559008865578e-05
2024-05-24,11:57:07,58.9505,27.62,24.75,3024,15026652.0,4.069559008865578e-05
2024-05-24,11:57:07,58.9573,27.62,24.75,3024,15026652.0,4.069559008865578e-05
2024-05-24,11:57:07,58.9641,27.62,24.75,3024,15026651.0,4.069559008865578e-05
2024-05-24,11:57:07,58.9709,27.62,24.75,3024,15026651.0,4.069559008865578e-05
2024-05-24,11:57:07,58.9778,27.62,24.75,3023,15026651.0,4.076073183797135e-05
2024-05-24,11:57:07,58.9847,27.62,24.75,3023,15026651.0,4.076073183797135e-05
2024-05-24,11:57:07,58.9915,27.62,24.75,3024,15026652.0,4.069559008865578e-05
2024-05-24,11:57:07,58.9984,27.62,24.75,3023,15026652.0,4.076073183797135e-05
2024-05-24,11:57:07,59.0053,27.62,24.75,3023,15026651.0,4.076073183797135e-05
2024-05-24,11:57:07,59.0121,27.62,24.75,3023,15026651.0,4.076073183797135e-05
2024-05-24,11:57:07,59.019,27.62,24.75,3023,15026651.0,4.076073183797135e-05
2024-05-24,11:57:07,59.0259,27.62,24.75,3023,15026651.0,4.076073183797135e-05
2024-05-24,11:57:07,59.0328,27.62,24.75,3024,15026652.0,4.069559008865578e-05
2024-05-24,11:57:07,59.0396,27.62,24.75,3025,15026651.0,4.06305524456041e-05
2024-05-24,11:57:07,59.0464,27.62,24.75,3024,15026650.0,4.069559008865578e-05
2024-05-24,11:57:07,59.0533,27.62,24.75,3023,15026651.0,4.076073183797135e-05
2024-05-24,11:57:07,59.0602,27.62,24.75,3023,15026651.0,4.076073183797135e-05
2024-05-24,11:57:07,59.0671,27.62,24.75,3024,15026651.0,4.069559008865578e-05
2024-05-24,11:57:07,59.0739,27.62,24.75,3024,15026652.0,4.069559008865578e-05
2024-05-24,11:57:07,59.0807,27.62,24.75,3023,15026652.0,4.076073183797135e-05
2024-05-24,11:57:07,59.0876,27.62,24.75,3023,15026651.0,4.076073183797135e-05
2024-05-24,11:57:07,59.0945,27.62,24.75,3024,15026651.0,4.069559008865578e-05
2024-05-24,11:57:07,59.1013,27.62,24.75,3024,15026652.0,4.069559008865578e-05
2024-05-24,11:57:07,59.1081,27.62,24.75,3024,15026652.0,4.069559008865578e-05
2024-05-24,11:57:07,59.1149,27.62,24.75,3024,15026650.0,4.069559008865578e-05
2024-05-24,11:57:07,59.1218,27.62,24.75,3023,15026650.0,4.076073183797135e-05
2024-05-24,11:57:07,59.1287,27.62,24.75,3023,15026651.0,4.076073183797135e-05
2024-05-24,11:57:07,59.1355,27.62,24.75,3023,15026651.0,4.076073183797135e-05
2024-05-24,11:57:07,59.1424,27.62,24.75,3022,15026651.0,4.082597786019447e-05
2024-05-24,11:57:07,59.1493,27.62,24.75,3022,15026652.0,4.082597786019447e-05
2024-05-24,11:57:07,59.1561,27.62,24.75,3022,15026651.0,4.082597786019447e-05
2024-05-24,11:57:07,59.163,27.62,24.75,3023,15026650.0,4.076073183797135e-05
2024-05-24,11:57:07,59.1699,27.62,24.75,3023,15026650.0,4.076073183797135e-05
2024-05-24,11:57:07,59.1767,27.62,24.75,3022,15026651.0,4.082597786019447e-05
2024-05-24,11:57:07,59.1836,27.62,24.75,3023,15026651.0,4.076073183797135e-05
2024-05-24,11:57:07,59.1905,27.62,24.75,3023,15026651.0,4.076073183797135e-05
2024-05-24,11:57:07,59.1973,27.62,24.75,3022,15026650.0,4.082597786019447e-05
2024-05-24,11:57:07,59.2042,27.62,24.75,3022,15026650.0,4.082597786019447e-05
2024-05-24,11:57:07,59.2111,27.62,24.75,3022,15026651.0,4.082597786019447e-05
2024-05-24,11:57:07,59.2179,27.62,24.75,3022,15026651.0,4.082597786019447e-05
2024-05-24,11:57:07,59.2248,27.62,24.75,3023,15026651.0,4.076073183797135e-05
2024-05-24,11:57:07,59.2316,27.62,24.75,3023,15026651.0,4.076073183797135e-05
2024-05-24,11:57:07,59.2384,27.62,24.75,3023,15026650.0,4.076073183797135e-05
2024-05-24,11:57:07,59.2453,27.62,24.75,3023,15026650.0,4.076073183797135e-05
2024-05-24,11:57:07,59.2521,27.62,24.75,3023,15026650.0,4.076073183797135e-05
2024-05-24,11:57:07,59.259,27.62,24.75,3023,15026650.0,4.076073183797135e-05
2024-05-24,11:57:07,59.266,27.62,24.75,3022,15026651.0,4.082597786019447e-05
2024-05-24,11:57:07,59.2728,27.62,24.75,3022,15026651.0,4.082597786019447e-05
2024-05-24,11:57:07,59.2796,27.62,24.75,3023,15026651.0,4.076073183797135e-05
2024-05-24,11:57:07,59.2865,27.62,24.75,3023,15026651.0,4.076073183797135e-05
2024-05-24,11:57:07,59.2933,27.62,24.75,3023,15026650.0,4.076073183797135e-05
2024-05-24,11:57:07,59.3002,27.62,24.75,3023,15026650.0,4.076073183797135e-05
2024-05-24,11:57:07,59.3071,27.62,24.75,3023,15026651.0,4.076073183797135e-05
2024-05-24,11:57:07,59.3139,27.62,24.75,3024,15026651.0,4.069559008865578e-05
2024-05-24,11:57:07,59.3208,27.62,24.75,3023,15026650.0,4.076073183797135e-05
2024-05-24,11:57:07,59.3277,27.62,24.75,3022,15026650.0,4.082597786019447e-05
2024-05-24,11:57:07,59.3345,27.62,24.75,3022,15026650.0,4.082597786019447e-05
2024-05-24,11:57:07,59.3413,27.62,24.75,3022,15026650.0,4.082597786019447e-05
2024-05-24,11:57:07,59.3482,27.62,24.75,3022,15026651.0,4.082597786019447e-05
2024-05-24,11:57:07,59.3551,27.62,24.75,3022,15026651.0,4.082597786019447e-05
2024-05-24,11:57:07,59.362,27.62,24.75,3022,15026650.0,4.082597786019447e-05
2024-05-24,11:57:07,59.3689,27.62,24.75,3022,15026650.0,4.082597786019447e-05
2024-05-24,11:57:07,59.3757,27.62,24.75,3022,15026650.0,4.082597786019447e-05
2024-05-24,11:57:07,59.3825,27.62,24.75,3022,15026650.0,4.082597786019447e-05
2024-05-24,11:57:07,59.3894,27.62,24.75,3023,15026650.0,4.076073183797135e-05
2024-05-24,11:57:07,59.3963,27.62,24.75,3023,15026650.0,4.076073183797135e-05
2024-05-24,11:57:07,59.4031,27.62,24.75,3022,15026650.0,4.082597786019447e-05
2024-05-24,11:57:07,59.4099,27.62,24.75,3022,15026650.0,4.082597786019447e-05
2024-05-24,11:57:07,59.4168,27.62,24.75,3022,15026651.0,4.082597786019447e-05
2024-05-24,11:57:07,59.4237,27.62,24.75,3022,15026650.0,4.082597786019447e-05
2024-05-24,11:57:07,59.4305,27.62,24.75,3022,15026649.0,4.082597786019447e-05
2024-05-24,11:57:07,59.4373,27.62,24.75,3022,15026650.0,4.082597786019447e-05
2024-05-24,11:57:07,59.4442,27.62,24.75,3023,15026651.0,4.076073183797135e-05
2024-05-24,11:57:07,59.4511,27.62,24.75,3023,15026651.0,4.076073183797135e-05
2024-05-24,11:57:07,59.4579,27.62,24.75,3022,15026651.0,4.082597786019447e-05
2024-05-24,11:57:07,59.4648,27.62,24.75,3022,15026650.0,4.082597786019447e-05
2024-05-24,11:57:07,59.4717,27.62,24.75,3022,15026651.0,4.082597786019447e-05
2024-05-24,11:57:07,59.4785,27.62,24.75,3022,15026650.0,4.082597786019447e-05
2024-05-24,11:57:07,59.4854,27.62,24.75,3022,15026648.0,4.082597786019447e-05
2024-05-24,11:57:07,59.4923,27.62,24.75,3022,15026649.0,4.082597786019447e-05
2024-05-24,11:57:07,59.4993,27.62,24.75,3022,15026650.0,4.082597786019447e-05
2024-05-24,11:57:07,59.5062,27.62,24.75,3022,15026650.0,4.082597786019447e-05
2024-05-24,11:57:07,59.5129,27.62,24.75,3022,15026648.0,4.082597786019447e-05
2024-05-24,11:57:07,59.5197,27.62,24.75,3022,15026649.0,4.082597786019447e-05
2024-05-24,11:57:07,59.5266,27.62,24.75,3022,15026650.0,4.082597786019447e-05
2024-05-24,11:57:07,59.5336,27.62,24.75,3021,15026650.0,4.089132832223565e-05
2024-05-24,11:57:07,59.5405,27.62,24.75,3021,15026650.0,4.089132832223565e-05
2024-05-24,11:57:07,59.5473,27.62,24.75,3022,15026649.0,4.082597786019447e-05
2024-05-24,11:57:07,59.554,27.62,24.75,3022,15026649.0,4.082597786019447e-05
2024-05-24,11:57:07,59.5609,27.62,24.75,3022,15026649.0,4.082597786019447e-05
2024-05-24,11:57:07,59.5679,27.62,24.75,3021,15026648.0,4.089132832223565e-05
2024-05-24,11:57:07,59.5748,27.62,24.75,3021,15026648.0,4.089132832223565e-05
2024-05-24,11:57:07,59.5817,27.62,24.75,3022,15026649.0,4.082597786019447e-05
2024-05-24,11:57:07,59.5886,27.62,24.75,3022,15026650.0,4.082597786019447e-05
2024-05-24,11:57:07,59.5955,27.62,24.75,3022,15026650.0,4.082597786019447e-05
2024-05-24,11:57:07,59.6023,27.62,24.75,3022,15026649.0,4.082597786019447e-05
2024-05-24,11:57:07,59.6091,27.62,24.75,3022,15026648.0,4.082597786019447e-05
2024-05-24,11:57:07,59.616,27.62,24.75,3022,15026649.0,4.082597786019447e-05
2024-05-24,11:57:07,59.6229,27.62,24.75,3022,15026649.0,4.082597786019447e-05
2024-05-24,11:57:07,59.6298,27.62,24.75,3022,15026649.0,4.082597786019447e-05
2024-05-24,11:57:07,59.6366,27.62,24.75,3022,15026650.0,4.082597786019447e-05
2024-05-24,11:57:07,59.6435,27.62,24.75,3022,15026649.0,4.082597786019447e-05
2024-05-24,11:57:07,59.6504,27.62,24.75,3022,15026649.0,4.082597786019447e-05
2024-05-24,11:57:07,59.6572,27.62,24.75,3022,15026649.0,4.082597786019447e-05
2024-05-24,11:57:07,59.664,27.62,24.75,3021,15026649.0,4.089132832223565e-05
2024-05-24,11:57:07,59.6709,27.62,24.75,3021,15026649.0,4.089132832223565e-05
2024-05-24,11:57:07,59.6778,27.62,24.75,3022,15026650.0,4.082597786019447e-05
2024-05-24,11:57:07,59.6847,27.62,24.75,3022,15026650.0,4.082597786019447e-05
2024-05-24,11:57:07,59.6916,27.62,24.75,3022,15026650.0,4.082597786019447e-05
2024-05-24,11:57:07,59.6984,27.62,24.75,3022,15026650.0,4.082597786019447e-05
2024-05-24,11:57:07,59.7052,27.62,24.75,3022,15026649.0,4.082597786019447e-05
2024-05-24,11:57:07,59.712,27.62,24.75,3022,15026649.0,4.082597786019447e-05
2024-05-24,11:57:07,59.7189,27.62,24.75,3022,15026649.0,4.082597786019447e-05
2024-05-24,11:57:07,59.7258,27.62,24.75,3022,15026650.0,4.082597786019447e-05
2024-05-24,11:57:07,59.7327,27.62,24.75,3022,15026649.0,4.082597786019447e-05
2024-05-24,11:57:07,59.7396,27.62,24.75,3022,15026648.0,4.082597786019447e-05
2024-05-24,11:57:07,59.7464,27.62,24.75,3021,15026649.0,4.089132832223565e-05
2024-05-24,11:57:07,59.7533,27.62,24.75,3021,15026650.0,4.089132832223565e-05
2024-05-24,11:57:07,59.7602,27.62,24.75,3022,15026649.0,4.082597786019447e-05
2024-05-24,11:57:07,59.767,27.62,24.75,3022,15026649.0,4.082597786019447e-05
2024-05-24,11:57:07,59.7739,27.62,24.75,3021,15026649.0,4.089132832223565e-05
2024-05-24,11:57:08,59.7809,27.62,24.75,3021,15026648.0,4.089132832223565e-05
2024-05-24,11:57:08,59.7878,27.62,24.75,3021,15026648.0,4.089132832223565e-05
2024-05-24,11:57:08,59.7947,27.62,24.75,3020,15026648.0,4.095678339127246e-05
2024-05-24,11:57:08,59.8015,27.62,24.75,3021,15026649.0,4.089132832223565e-05
2024-05-24,11:57:08,59.8084,27.62,24.75,3021,15026649.0,4.089132832223565e-05
2024-05-24,11:57:08,59.8153,27.62,24.75,3021,15026649.0,4.089132832223565e-05
2024-05-24,11:57:08,59.8221,27.62,24.75,3022,15026649.0,4.082597786019447e-05
2024-05-24,11:57:08,59.829,27.62,24.75,3022,15026649.0,4.082597786019447e-05
2024-05-24,11:57:08,59.8359,27.62,24.75,3022,15026649.0,4.082597786019447e-05
2024-05-24,11:57:08,59.8428,27.62,24.75,3021,15026648.0,4.089132832223565e-05
2024-05-24,11:57:08,59.8496,27.62,24.75,3021,15026648.0,4.089132832223565e-05
2024-05-24,11:57:08,59.8564,27.62,24.75,3022,15026650.0,4.082597786019447e-05
2024-05-24,11:57:08,59.8633,27.62,24.75,3021,15026650.0,4.089132832223565e-05
2024-05-24,11:57:08,59.8702,27.62,24.75,3021,15026648.0,4.089132832223565e-05
2024-05-24,11:57:08,59.8771,27.62,24.75,3022,15026648.0,4.082597786019447e-05
2024-05-24,11:57:08,59.8839,27.62,24.75,3022,15026649.0,4.082597786019447e-05
2024-05-24,11:57:08,59.8907,27.62,24.75,3022,15026649.0,4.082597786019447e-05
2024-05-24,11:57:08,59.8976,27.62,24.75,3022,15026649.0,4.082597786019447e-05
2024-05-24,11:57:08,59.9045,27.62,24.75,3021,15026649.0,4.089132832223565e-05
2024-05-24,11:57:08,59.9113,27.62,24.75,3021,15026648.0,4.089132832223565e-05
2024-05-24,11:57:08,59.9181,27.62,24.75,3021,15026648.0,4.089132832223565e-05
2024-05-24,11:57:08,59.925,27.62,24.75,3021,15026649.0,4.089132832223565e-05
2024-05-24,11:57:08,59.932,27.62,24.75,3022,15026649.0,4.082597786019447e-05
2024-05-24,11:57:08,59.9389,27.62,24.75,3022,15026649.0,4.082597786019447e-05
2024-05-24,11:57:08,59.9457,27.56,24.5,3021,15026649.0,4.089132832223565e-05
2024-05-24,11:57:08,59.9526,27.56,24.5,3020,15026648.0,4.095678339127246e-05
2024-05-24,11:57:08,59.9595,27.56,24.5,3021,15026647.0,4.089132832223565e-05
2024-05-24,11:57:08,59.9665,27.56,24.5,3021,15026648.0,4.089132832223565e-05
2024-05-24,11:57:08,59.9734,27.56,24.5,3020,15026649.0,4.095678339127246e-05
2024-05-24,11:57:08,59.9801,27.56,24.5,3020,15026648.0,4.095678339127246e-05
2024-05-24,11:57:08,59.9869,27.56,24.5,3021,15026647.0,4.089132832223565e-05
2024-05-24,11:57:08,59.9938,27.56,24.5,3021,15026648.0,4.089132832223565e-05
2024-05-24,11:57:08,60.0008,27.56,24.5,3020,15026648.0,4.095678339127246e-05
2024-05-24,11:57:08,60.0077,27.56,24.5,3020,15026648.0,4.095678339127246e-05
2024-05-24,11:57:08,60.0146,27.56,24.5,3020,15026648.0,4.095678339127246e-05
2024-05-24,11:57:08,60.0214,27.56,24.5,3021,15026648.0,4.089132832223565e-05
2024-05-24,11:57:08,60.0281,27.56,24.5,3021,15026648.0,4.089132832223565e-05
2024-05-24,11:57:08,60.0351,27.56,24.5,3020,15026648.0,4.095678339127246e-05
2024-05-24,11:57:08,60.042,27.56,24.5,3020,15026649.0,4.095678339127246e-05
2024-05-24,11:57:08,60.0489,27.56,24.5,3021,15026649.0,4.089132832223565e-05
2024-05-24,11:57:08,60.0558,27.56,24.5,3022,15026648.0,4.082597786019447e-05
2024-05-24,11:57:08,60.0626,27.56,24.5,3021,15026648.0,4.089132832223565e-05
2024-05-24,11:57:08,60.0695,27.56,24.5,3020,15026648.0,4.095678339127246e-05
2024-05-24,11:57:08,60.0764,27.56,24.5,3020,15026647.0,4.095678339127246e-05
2024-05-24,11:57:08,60.0833,27.56,24.5,3020,15026647.0,4.095678339127246e-05
2024-05-24,11:57:08,60.0902,27.56,24.5,3020,15026648.0,4.095678339127246e-05
2024-05-24,11:57:08,60.097,27.56,24.5,3020,15026648.0,4.095678339127246e-05
2024-05-24,11:57:08,60.1039,27.56,24.5,3020,15026647.0,4.095678339127246e-05
2024-05-24,11:57:08,60.1108,27.56,24.5,3020,15026647.0,4.095678339127246e-05
2024-05-24,11:57:08,60.1177,27.56,24.5,3020,15026648.0,4.095678339127246e-05
2024-05-24,11:57:08,60.1247,27.56,24.5,3020,15026648.0,4.095678339127246e-05
2024-05-24,11:57:08,60.1314,27.56,24.5,3020,15026647.0,4.095678339127246e-05
2024-05-24,11:57:08,60.1384,27.56,24.5,3020,15026647.0,4.095678339127246e-05
2024-05-24,11:57:08,60.1453,27.56,24.5,3020,15026648.0,4.095678339127246e-05
2024-05-24,11:57:08,60.1521,27.56,24.5,3020,15026648.0,4.095678339127246e-05
2024-05-24,11:57:08,60.1588,27.56,24.5,3020,15026648.0,4.095678339127246e-05
2024-05-24,11:57:08,60.1657,27.56,24.5,3020,15026648.0,4.095678339127246e-05
2024-05-24,11:57:08,60.1727,27.56,24.5,3020,15026648.0,4.095678339127246e-05
2024-05-24,11:57:08,60.1796,27.56,24.5,3020,15026647.0,4.095678339127246e-05
2024-05-24,11:57:08,60.1865,27.56,24.5,3020,15026647.0,4.095678339127246e-05
2024-05-24,11:57:08,60.1933,27.56,24.5,3020,15026648.0,4.095678339127246e-05
2024-05-24,11:57:08,60.2002,27.56,24.5,3020,15026647.0,4.095678339127246e-05
2024-05-24,11:57:08,60.2071,27.56,24.5,3020,15026646.0,4.095678339127246e-05
2024-05-24,11:57:08,60.2139,27.56,24.5,3020,15026648.0,4.095678339127246e-05
2024-05-24,11:57:08,60.2208,27.56,24.5,3020,15026648.0,4.095678339127246e-05
2024-05-24,11:57:08,60.2277,27.56,24.5,3020,15026647.0,4.095678339127246e-05
2024-05-24,11:57:08,60.2345,27.56,24.5,3020,15026647.0,4.095678339127246e-05
2024-05-24,11:57:08,60.2414,27.56,24.5,3020,15026647.0,4.095678339127246e-05
2024-05-24,11:57:08,60.2482,27.56,24.5,3020,15026648.0,4.095678339127246e-05
2024-05-24,11:57:08,60.255,27.56,24.5,3020,15026648.0,4.095678339127246e-05
2024-05-24,11:57:08,60.2619,27.56,24.5,3020,15026648.0,4.095678339127246e-05
2024-05-24,11:57:08,60.2688,27.56,24.5,3020,15026648.0,4.095678339127246e-05
2024-05-24,11:57:08,60.2757,27.56,24.5,3020,15026648.0,4.095678339127246e-05
2024-05-24,11:57:08,60.2826,27.56,24.5,3020,15026647.0,4.095678339127246e-05
2024-05-24,11:57:08,60.2895,27.56,24.5,3020,15026647.0,4.095678339127246e-05
2024-05-24,11:57:08,60.2964,27.56,24.5,3020,15026648.0,4.095678339127246e-05
2024-05-24,11:57:08,60.3033,27.56,24.5,3020,15026648.0,4.095678339127246e-05
2024-05-24,11:57:08,60.3101,27.56,24.5,3020,15026647.0,4.095678339127246e-05
2024-05-24,11:57:08,60.317,27.56,24.5,3020,15026647.0,4.095678339127246e-05
2024-05-24,11:57:08,60.324,27.56,24.5,3019,15026647.0,4.102234323475019e-05
2024-05-24,11:57:08,60.3309,27.56,24.5,3019,15026646.0,4.102234323475019e-05
2024-05-24,11:57:08,60.3378,27.56,24.5,3020,15026647.0,4.095678339127246e-05
2024-05-24,11:57:08,60.3446,27.56,24.5,3020,15026647.0,4.095678339127246e-05
2024-05-24,11:57:08,60.3515,27.56,24.5,3020,15026647.0,4.095678339127246e-05
2024-05-24,11:57:08,60.3584,27.56,24.5,3020,15026647.0,4.095678339127246e-05
2024-05-24,11:57:08,60.3653,27.56,24.5,3019,15026647.0,4.102234323475019e-05
2024-05-24,11:57:08,60.3722,27.56,24.5,3019,15026646.0,4.102234323475019e-05
2024-05-24,11:57:08,60.3791,27.56,24.5,3020,15026647.0,4.095678339127246e-05
2024-05-24,11:57:08,60.386,27.56,24.5,3020,15026647.0,4.095678339127246e-05
2024-05-24,11:57:08,60.3928,27.56,24.5,3019,15026646.0,4.102234323475019e-05
2024-05-24,11:57:08,60.3997,27.56,24.5,3019,15026646.0,4.102234323475019e-05
2024-05-24,11:57:08,60.4066,27.56,24.5,3020,15026647.0,4.095678339127246e-05
2024-05-24,11:57:08,60.4134,27.56,24.5,3020,15026647.0,4.095678339127246e-05
2024-05-24,11:57:08,60.4203,27.56,24.5,3019,15026646.0,4.102234323475019e-05
2024-05-24,11:57:08,60.4273,27.56,24.5,3019,15026646.0,4.102234323475019e-05
2024-05-24,11:57:08,60.4342,27.56,24.5,3020,15026646.0,4.095678339127246e-05
2024-05-24,11:57:08,60.4411,27.56,24.5,3020,15026646.0,4.095678339127246e-05
2024-05-24,11:57:08,60.4479,27.62,24.75,3020,15026646.0,4.095678339127246e-05
2024-05-24,11:57:08,60.4546,27.62,24.75,3019,15026647.0,4.102234323475019e-05
2024-05-24,11:57:08,60.4616,27.62,24.75,3019,15026647.0,4.102234323475019e-05
2024-05-24,11:57:08,60.4685,27.62,24.75,3019,15026647.0,4.102234323475019e-05
2024-05-24,11:57:08,60.4754,27.62,24.75,3018,15026646.0,4.108800802038206e-05
2024-05-24,11:57:08,60.4823,27.62,24.75,3018,15026646.0,4.108800802038206e-05
2024-05-24,11:57:08,60.4892,27.62,24.75,3018,15026648.0,4.108800802038206e-05
2024-05-24,11:57:08,60.4961,27.62,24.75,3019,15026647.0,4.102234323475019e-05
2024-05-24,11:57:08,60.5029,27.62,24.75,3020,15026647.0,4.095678339127246e-05
2024-05-24,11:57:08,60.5098,27.62,24.75,3019,15026647.0,4.102234323475019e-05
2024-05-24,11:57:08,60.5167,27.62,24.75,3019,15026647.0,4.102234323475019e-05
2024-05-24,11:57:08,60.5236,27.62,24.75,3019,15026647.0,4.102234323475019e-05
2024-05-24,11:57:08,60.5305,27.62,24.75,3019,15026647.0,4.102234323475019e-05
2024-05-24,11:57:08,60.5373,27.62,24.75,3019,15026647.0,4.102234323475019e-05
2024-05-24,11:57:08,60.5442,27.62,24.75,3018,15026647.0,4.108800802038206e-05
2024-05-24,11:57:08,60.5512,27.62,24.75,3018,15026647.0,4.108800802038206e-05
2024-05-24,11:57:08,60.5579,27.62,24.75,3019,15026646.0,4.102234323475019e-05
2024-05-24,11:57:08,60.5649,27.62,24.75,3019,15026646.0,4.102234323475019e-05
2024-05-24,11:57:08,60.5718,27.62,24.75,3018,15026646.0,4.108800802038206e-05
2024-05-24,11:57:08,60.5787,27.62,24.75,3018,15026646.0,4.108800802038206e-05
2024-05-24,11:57:08,60.5856,27.62,24.75,3019,15026647.0,4.102234323475019e-05
2024-05-24,11:57:08,60.5924,27.62,24.75,3019,15026647.0,4.102234323475019e-05
2024-05-24,11:57:08,60.5993,27.62,24.75,3019,15026647.0,4.102234323475019e-05
2024-05-24,11:57:08,60.6062,27.62,24.75,3020,15026647.0,4.095678339127246e-05
2024-05-24,11:57:08,60.613,27.62,24.75,3019,15026646.0,4.102234323475019e-05
2024-05-24,11:57:08,60.6199,27.62,24.75,3018,15026646.0,4.108800802038206e-05
2024-05-24,11:57:08,60.6268,27.62,24.75,3018,15026647.0,4.108800802038206e-05
2024-05-24,11:57:08,60.6336,27.62,24.75,3019,15026647.0,4.102234323475019e-05
2024-05-24,11:57:08,60.6405,27.62,24.75,3019,15026646.0,4.102234323475019e-05
2024-05-24,11:57:08,60.6474,27.62,24.75,3019,15026645.0,4.102234323475019e-05
2024-05-24,11:57:08,60.6543,27.62,24.75,3020,15026646.0,4.095678339127246e-05
2024-05-24,11:57:08,60.6612,27.62,24.75,3019,15026646.0,4.102234323475019e-05
2024-05-24,11:57:08,60.6681,27.62,24.75,3018,15026646.0,4.108800802038206e-05
2024-05-24,11:57:08,60.6751,27.62,24.75,3018,15026646.0,4.108800802038206e-05
2024-05-24,11:57:08,60.682,27.62,24.75,3018,15026647.0,4.108800802038206e-05
2024-05-24,11:57:08,60.6888,27.62,24.75,3018,15026646.0,4.108800802038206e-05
2024-05-24,11:57:08,60.6955,27.62,24.75,3018,15026646.0,4.108800802038206e-05
2024-05-24,11:57:08,60.7025,27.62,24.75,3019,15026646.0,4.102234323475019e-05
2024-05-24,11:57:08,60.7092,27.62,24.75,3019,15026646.0,4.102234323475019e-05
2024-05-24,11:57:08,60.7161,27.62,24.75,3018,15026646.0,4.108800802038206e-05
2024-05-24,11:57:08,60.7231,27.62,24.75,3018,15026646.0,4.108800802038206e-05
2024-05-24,11:57:08,60.73,27.62,24.75,3018,15026645.0,4.108800802038206e-05
2024-05-24,11:57:08,60.7369,27.62,24.75,3018,15026646.0,4.108800802038206e-05
2024-05-24,11:57:08,60.7437,27.62,24.75,3018,15026646.0,4.108800802038206e-05
2024-05-24,11:57:08,60.7506,27.62,24.75,3018,15026646.0,4.108800802038206e-05
2024-05-24,11:57:08,60.7575,27.62,24.75,3018,15026645.0,4.108800802038206e-05
2024-05-24,11:57:08,60.7644,27.62,24.75,3018,15026646.0,4.108800802038206e-05
2024-05-24,11:57:08,60.7712,27.62,24.75,3018,15026646.0,4.108800802038206e-05
2024-05-24,11:57:09,60.778,27.62,24.75,3019,15026646.0,4.102234323475019e-05
2024-05-24,11:57:09,60.785,27.62,24.75,3019,15026646.0,4.102234323475019e-05
2024-05-24,11:57:09,60.7919,27.62,24.75,3018,15026646.0,4.108800802038206e-05
2024-05-24,11:57:09,60.7987,27.62,24.75,3019,15026646.0,4.102234323475019e-05
2024-05-24,11:57:09,60.8056,27.62,24.75,3020,15026646.0,4.095678339127246e-05
2024-05-24,11:57:09,60.8125,27.62,24.75,3019,15026646.0,4.102234323475019e-05
2024-05-24,11:57:09,60.8194,27.62,24.75,3018,15026646.0,4.108800802038206e-05
2024-05-24,11:57:09,60.8264,27.62,24.75,3019,15026646.0,4.102234323475019e-05
2024-05-24,11:57:09,60.8331,27.62,24.75,3018,15026644.0,4.108800802038206e-05
2024-05-24,11:57:09,60.8401,27.62,24.75,3017,15026644.0,4.115377791614988e-05
2024-05-24,11:57:09,60.8471,27.62,24.75,3017,15026646.0,4.115377791614988e-05
2024-05-24,11:57:09,60.8539,27.62,24.75,3017,15026646.0,4.115377791614988e-05
2024-05-24,11:57:09,60.8607,27.62,24.75,3018,15026645.0,4.108800802038206e-05
2024-05-24,11:57:09,60.8676,27.62,24.75,3018,15026645.0,4.108800802038206e-05
2024-05-24,11:57:09,60.8745,27.62,24.75,3018,15026645.0,4.108800802038206e-05
2024-05-24,11:57:09,60.8814,27.62,24.75,3018,15026645.0,4.108800802038206e-05
2024-05-24,11:57:09,60.8882,27.62,24.75,3017,15026645.0,4.115377791614988e-05
2024-05-24,11:57:09,60.8951,27.62,24.75,3017,15026644.0,4.115377791614988e-05
2024-05-24,11:57:09,60.902,27.62,24.75,3018,15026645.0,4.108800802038206e-05
2024-05-24,11:57:09,60.9089,27.62,24.75,3018,15026645.0,4.108800802038206e-05
2024-05-24,11:57:09,60.9158,27.62,24.75,3018,15026645.0,4.108800802038206e-05
2024-05-24,11:57:09,60.9227,27.62,24.75,3018,15026645.0,4.108800802038206e-05
2024-05-24,11:57:09,60.9297,27.62,24.75,3018,15026645.0,4.108800802038206e-05
2024-05-24,11:57:09,60.9364,27.62,24.75,3018,15026645.0,4.108800802038206e-05
2024-05-24,11:57:09,60.9433,27.62,24.75,3018,15026645.0,4.108800802038206e-05
2024-05-24,11:57:09,60.9503,27.62,24.75,3018,15026645.0,4.108800802038206e-05
2024-05-24,11:57:09,60.9572,27.62,24.75,3018,15026646.0,4.108800802038206e-05
2024-05-24,11:57:09,60.9641,27.62,24.75,3018,15026646.0,4.108800802038206e-05
2024-05-24,11:57:09,60.9709,27.62,24.75,3018,15026645.0,4.108800802038206e-05
2024-05-24,11:57:09,60.9777,27.62,24.75,3018,15026645.0,4.108800802038206e-05
2024-05-24,11:57:09,60.9846,27.62,24.75,3017,15026644.0,4.115377791614988e-05
2024-05-24,11:57:09,60.9916,27.62,24.75,3017,15026644.0,4.115377791614988e-05
2024-05-24,11:57:09,60.9985,27.62,24.75,3017,15026644.0,4.115377791614988e-05
2024-05-24,11:57:09,61.0053,27.62,24.75,3017,15026644.0,4.115377791614988e-05
2024-05-24,11:57:09,61.0122,27.62,24.75,3017,15026645.0,4.115377791614988e-05
2024-05-24,11:57:09,61.0191,27.62,24.75,3017,15026644.0,4.115377791614988e-05
2024-05-24,11:57:09,61.0259,27.62,24.75,3018,15026645.0,4.108800802038206e-05
2024-05-24,11:57:09,61.0328,27.62,24.75,3017,15026646.0,4.115377791614988e-05
2024-05-24,11:57:09,61.0399,27.62,24.75,3016,15026645.0,4.121965309030415e-05
2024-05-24,11:57:09,61.0468,27.62,24.75,3017,15026645.0,4.115377791614988e-05
2024-05-24,11:57:09,61.0536,27.62,24.75,3017,15026644.0,4.115377791614988e-05
2024-05-24,11:57:09,61.0605,27.62,24.75,3016,15026644.0,4.121965309030415e-05
2024-05-24,11:57:09,61.0674,27.62,24.75,3017,15026645.0,4.115377791614988e-05
2024-05-24,11:57:09,61.0742,27.62,24.75,3018,15026645.0,4.108800802038206e-05
2024-05-24,11:57:09,61.0811,27.62,24.75,3017,15026643.0,4.115377791614988e-05
2024-05-24,11:57:09,61.088,27.62,24.75,3016,15026644.0,4.121965309030415e-05
2024-05-24,11:57:09,61.0949,27.62,24.75,3016,15026644.0,4.121965309030415e-05
2024-05-24,11:57:09,61.1018,27.62,24.75,3017,15026643.0,4.115377791614988e-05
2024-05-24,11:57:09,61.1086,27.62,24.75,3017,15026644.0,4.115377791614988e-05
2024-05-24,11:57:09,61.1155,27.62,24.75,3016,15026644.0,4.121965309030415e-05
2024-05-24,11:57:09,61.1224,27.62,24.75,3016,15026644.0,4.121965309030415e-05
2024-05-24,11:57:09,61.1293,27.62,24.75,3017,15026644.0,4.115377791614988e-05
2024-05-24,11:57:09,61.1362,27.62,24.75,3017,15026644.0,4.115377791614988e-05
2024-05-24,11:57:09,61.1432,27.62,24.75,3016,15026644.0,4.121965309030415e-05
2024-05-24,11:57:09,61.1501,27.62,24.75,3016,15026644.0,4.121965309030415e-05
2024-05-24,11:57:09,61.157,27.62,24.75,3016,15026644.0,4.121965309030415e-05
2024-05-24,11:57:09,61.1639,27.62,24.75,3016,15026644.0,4.121965309030415e-05
2024-05-24,11:57:09,61.1707,27.62,24.75,3017,15026644.0,4.115377791614988e-05
2024-05-24,11:57:09,61.1776,27.62,24.75,3017,15026644.0,4.115377791614988e-05
2024-05-24,11:57:09,61.1845,27.62,24.75,3016,15026644.0,4.121965309030415e-05
2024-05-24,11:57:09,61.1913,27.62,24.75,3016,15026644.0,4.121965309030415e-05
2024-05-24,11:57:09,61.1982,27.62,24.75,3017,15026644.0,4.115377791614988e-05
2024-05-24,11:57:09,61.2052,27.62,24.75,3017,15026644.0,4.115377791614988e-05
2024-05-24,11:57:09,61.2121,27.62,24.75,3017,15026644.0,4.115377791614988e-05
2024-05-24,11:57:09,61.2189,27.62,24.75,3017,15026644.0,4.115377791614988e-05
2024-05-24,11:57:09,61.2257,27.62,24.75,3017,15026644.0,4.115377791614988e-05
2024-05-24,11:57:09,61.2326,27.62,24.75,3017,15026644.0,4.115377791614988e-05
2024-05-24,11:57:09,61.2397,27.62,24.75,3016,15026644.0,4.121965309030415e-05
2024-05-24,11:57:09,61.2466,27.62,24.75,3016,15026644.0,4.121965309030415e-05
2024-05-24,11:57:09,61.2534,27.62,24.75,3016,15026644.0,4.121965309030415e-05
2024-05-24,11:57:09,61.2601,27.62,24.75,3016,15026645.0,4.121965309030415e-05
2024-05-24,11:57:09,61.2671,27.62,24.75,3016,15026645.0,4.121965309030415e-05
2024-05-24,11:57:09,61.274,27.62,24.75,3016,15026644.0,4.121965309030415e-05
2024-05-24,11:57:09,61.2809,27.62,24.75,3016,15026645.0,4.121965309030415e-05
2024-05-24,11:57:09,61.2878,27.62,24.75,3016,15026644.0,4.121965309030415e-05
2024-05-24,11:57:09,61.2946,27.62,24.75,3016,15026643.0,4.121965309030415e-05
2024-05-24,11:57:09,61.3015,27.62,24.75,3016,15026643.0,4.121965309030415e-05
2024-05-24,11:57:09,61.3085,27.62,24.75,3016,15026643.0,4.121965309030415e-05
2024-05-24,11:57:09,61.3154,27.62,24.75,3016,15026643.0,4.121965309030415e-05
2024-05-24,11:57:09,61.3224,27.62,24.75,3017,15026643.0,4.115377791614988e-05
2024-05-24,11:57:09,61.3293,27.62,24.75,3017,15026644.0,4.115377791614988e-05
2024-05-24,11:57:09,61.3361,27.62,24.75,3016,15026644.0,4.121965309030415e-05
2024-05-24,11:57:09,61.3428,27.62,24.75,3016,15026644.0,4.121965309030415e-05
2024-05-24,11:57:09,61.3497,27.62,24.75,3016,15026644.0,4.121965309030415e-05
2024-05-24,11:57:09,61.3567,27.62,24.75,3016,15026643.0,4.121965309030415e-05
2024-05-24,11:57:09,61.3636,27.62,24.75,3016,15026643.0,4.121965309030415e-05
2024-05-24,11:57:09,61.3705,27.62,24.75,3016,15026642.0,4.121965309030415e-05
2024-05-24,11:57:09,61.3774,27.62,24.75,3016,15026642.0,4.121965309030415e-05
2024-05-24,11:57:09,61.3843,27.62,24.75,3016,15026643.0,4.121965309030415e-05
2024-05-24,11:57:09,61.3912,27.62,24.75,3016,15026643.0,4.121965309030415e-05
2024-05-24,11:57:09,61.3981,27.62,24.75,3017,15026644.0,4.115377791614988e-05
2024-05-24,11:57:09,61.4049,27.62,24.75,3017,15026645.0,4.115377791614988e-05
2024-05-24,11:57:09,61.4118,27.62,24.75,3016,15026644.0,4.121965309030415e-05
2024-05-24,11:57:09,61.4187,27.62,24.75,3016,15026644.0,4.121965309030415e-05
2024-05-24,11:57:09,61.4257,27.62,24.75,3016,15026643.0,4.121965309030415e-05
2024-05-24,11:57:09,61.4326,27.62,24.75,3016,15026643.0,4.121965309030415e-05
2024-05-24,11:57:09,61.4393,27.62,24.75,3016,15026643.0,4.121965309030415e-05
2024-05-24,11:57:09,61.4463,27.62,24.75,3016,15026643.0,4.121965309030415e-05
2024-05-24,11:57:09,61.4532,27.62,24.75,3016,15026643.0,4.121965309030415e-05
2024-05-24,11:57:09,61.46,27.62,24.75,3016,15026643.0,4.121965309030415e-05
2024-05-24,11:57:09,61.4669,27.62,24.75,3016,15026644.0,4.121965309030415e-05
2024-05-24,11:57:09,61.4738,27.62,24.75,3016,15026644.0,4.121965309030415e-05
2024-05-24,11:57:09,61.4807,27.62,24.75,3016,15026644.0,4.121965309030415e-05
2024-05-24,11:57:09,61.4877,27.62,24.75,3016,15026643.0,4.121965309030415e-05
2024-05-24,11:57:09,61.4946,27.62,24.75,3015,15026643.0,4.12856337113649e-05
2024-05-24,11:57:09,61.5014,27.62,24.75,3015,15026642.0,4.12856337113649e-05
2024-05-24,11:57:09,61.5083,27.62,24.75,3015,15026642.0,4.12856337113649e-05
2024-05-24,11:57:09,61.5154,27.62,24.75,3015,15026642.0,4.12856337113649e-05
2024-05-24,11:57:09,61.5223,27.62,24.75,3016,15026642.0,4.121965309030415e-05
2024-05-24,11:57:09,61.5292,27.62,24.75,3016,15026642.0,4.121965309030415e-05
2024-05-24,11:57:09,61.5361,27.62,24.75,3016,15026643.0,4.121965309030415e-05
2024-05-24,11:57:09,61.5429,27.62,24.75,3017,15026642.0,4.115377791614988e-05
2024-05-24,11:57:09,61.5498,27.62,24.75,3017,15026642.0,4.115377791614988e-05
2024-05-24,11:57:09,61.5567,27.62,24.75,3016,15026642.0,4.121965309030415e-05
2024-05-24,11:57:09,61.5636,27.62,24.75,3016,15026643.0,4.121965309030415e-05
2024-05-24,11:57:09,61.5705,27.62,24.75,3016,15026643.0,4.121965309030415e-05
2024-05-24,11:57:09,61.5773,27.62,24.75,3015,15026642.0,4.12856337113649e-05
2024-05-24,11:57:09,61.5842,27.62,24.75,3015,15026642.0,4.12856337113649e-05
2024-05-24,11:57:09,61.5912,27.62,24.75,3016,15026643.0,4.121965309030415e-05
2024-05-24,11:57:09,61.5981,27.62,24.75,3016,15026643.0,4.121965309030415e-05
2024-05-24,11:57:09,61.605,27.62,24.75,3016,15026643.0,4.121965309030415e-05
2024-05-24,11:57:09,61.6118,27.62,24.75,3016,15026643.0,4.121965309030415e-05
2024-05-24,11:57:09,61.6187,27.62,24.75,3016,15026642.0,4.121965309030415e-05
2024-05-24,11:57:09,61.6256,27.62,24.75,3016,15026643.0,4.121965309030415e-05
2024-05-24,11:57:09,61.6325,27.62,24.75,3015,15026642.0,4.12856337113649e-05
2024-05-24,11:57:09,61.6395,27.62,24.75,3015,15026642.0,4.12856337113649e-05
2024-05-24,11:57:09,61.6465,27.62,24.75,3015,15026641.0,4.12856337113649e-05
2024-05-24,11:57:09,61.6532,27.62,24.75,3015,15026642.0,4.12856337113649e-05
2024-05-24,11:57:09,61.6601,27.62,24.75,3015,15026642.0,4.12856337113649e-05
2024-05-24,11:57:09,61.6671,27.62,24.75,3015,15026642.0,4.12856337113649e-05
2024-05-24,11:57:09,61.674,27.62,24.75,3015,15026642.0,4.12856337113649e-05
2024-05-24,11:57:09,61.6809,27.62,24.75,3015,15026642.0,4.12856337113649e-05
2024-05-24,11:57:09,61.6878,27.62,24.75,3015,15026641.0,4.12856337113649e-05
2024-05-24,11:57:09,61.6947,27.62,24.75,3015,15026641.0,4.12856337113649e-05
2024-05-24,11:57:09,61.7016,27.62,24.75,3016,15026642.0,4.121965309030415e-05
2024-05-24,11:57:09,61.7085,27.62,24.75,3016,15026642.0,4.121965309030415e-05
2024-05-24,11:57:09,61.7154,27.62,24.75,3015,15026642.0,4.12856337113649e-05
2024-05-24,11:57:09,61.7224,27.62,24.75,3015,15026642.0,4.12856337113649e-05
2024-05-24,11:57:09,61.7291,27.62,24.75,3015,15026641.0,4.12856337113649e-05
2024-05-24,11:57:09,61.7361,27.62,24.75,3015,15026641.0,4.12856337113649e-05
2024-05-24,11:57:09,61.7431,27.62,24.75,3016,15026642.0,4.121965309030415e-05
2024-05-24,11:57:09,61.75,27.62,24.75,3016,15026642.0,4.121965309030415e-05
2024-05-24,11:57:09,61.7568,27.62,24.75,3016,15026642.0,4.121965309030415e-05
2024-05-24,11:57:09,61.7637,27.62,24.75,3016,15026642.0,4.121965309030415e-05
2024-05-24,11:57:09,61.7706,27.62,24.75,3016,15026642.0,4.121965309030415e-05
2024-05-24,11:57:10,61.7775,27.62,24.75,3016,15026642.0,4.121965309030415e-05
2024-05-24,11:57:10,61.7844,27.62,24.75,3015,15026641.0,4.12856337113649e-05
2024-05-24,11:57:10,61.7913,27.62,24.75,3014,15026642.0,4.135171994812177e-05
2024-05-24,11:57:10,61.7983,27.62,24.75,3014,15026642.0,4.135171994812177e-05
2024-05-24,11:57:10,61.805,27.62,24.75,3014,15026641.0,4.135171994812177e-05
2024-05-24,11:57:10,61.812,27.62,24.75,3014,15026642.0,4.135171994812177e-05
2024-05-24,11:57:10,61.8189,27.62,24.75,3015,15026642.0,4.12856337113649e-05
2024-05-24,11:57:10,61.8258,27.62,24.75,3015,15026642.0,4.12856337113649e-05
2024-05-24,11:57:10,61.8327,27.62,24.75,3015,15026641.0,4.12856337113649e-05
2024-05-24,11:57:10,61.8396,27.62,24.75,3016,15026642.0,4.121965309030415e-05
2024-05-24,11:57:10,61.8465,27.62,24.75,3015,15026642.0,4.12856337113649e-05
2024-05-24,11:57:10,61.8534,27.62,24.75,3014,15026641.0,4.135171994812177e-05
2024-05-24,11:57:10,61.8605,27.62,24.75,3015,15026641.0,4.12856337113649e-05
2024-05-24,11:57:10,61.8673,27.62,24.75,3015,15026641.0,4.12856337113649e-05
2024-05-24,11:57:10,61.874,27.62,24.75,3015,15026641.0,4.12856337113649e-05
2024-05-24,11:57:10,61.8809,27.62,24.75,3015,15026641.0,4.12856337113649e-05
2024-05-24,11:57:10,61.8879,27.62,24.75,3014,15026641.0,4.135171994812177e-05
2024-05-24,11:57:10,61.8948,27.62,24.75,3014,15026642.0,4.135171994812177e-05
2024-05-24,11:57:10,61.9017,27.62,24.75,3014,15026641.0,4.135171994812177e-05
2024-05-24,11:57:10,61.9086,27.62,24.75,3014,15026641.0,4.135171994812177e-05
2024-05-24,11:57:10,61.9155,27.62,24.75,3015,15026641.0,4.12856337113649e-05
2024-05-24,11:57:10,61.9224,27.62,24.75,3015,15026641.0,4.12856337113649e-05
2024-05-24,11:57:10,61.9293,27.62,24.75,3014,15026641.0,4.135171994812177e-05
2024-05-24,11:57:10,61.9362,27.62,24.75,3014,15026641.0,4.135171994812177e-05
2024-05-24,11:57:10,61.9432,27.62,24.75,3014,15026641.0,4.135171994812177e-05
2024-05-24,11:57:10,61.9501,27.62,24.75,3014,15026641.0,4.135171994812177e-05
2024-05-24,11:57:10,61.9569,27.62,24.5,3015,15026641.0,4.12856337113649e-05
2024-05-24,11:57:10,61.9638,27.62,24.5,3015,15026641.0,4.12856337113649e-05
2024-05-24,11:57:10,61.9708,27.62,24.5,3014,15026641.0,4.135171994812177e-05
2024-05-24,11:57:10,61.9777,27.62,24.5,3014,15026640.0,4.135171994812177e-05
2024-05-24,11:57:10,61.9846,27.62,24.5,3014,15026641.0,4.135171994812177e-05
2024-05-24,11:57:10,61.9915,27.62,24.5,3014,15026642.0,4.135171994812177e-05
2024-05-24,11:57:10,61.9985,27.62,24.5,3014,15026642.0,4.135171994812177e-05
2024-05-24,11:57:10,62.0054,27.62,24.5,3014,15026641.0,4.135171994812177e-05
2024-05-24,11:57:10,62.0121,27.62,24.5,3014,15026640.0,4.135171994812177e-05
2024-05-24,11:57:10,62.0191,27.62,24.5,3014,15026641.0,4.135171994812177e-05
2024-05-24,11:57:10,62.026,27.62,24.5,3015,15026640.0,4.12856337113649e-05
2024-05-24,11:57:10,62.0329,27.62,24.5,3015,15026641.0,4.12856337113649e-05
2024-05-24,11:57:10,62.0399,27.62,24.5,3014,15026641.0,4.135171994812177e-05
2024-05-24,11:57:10,62.0468,27.62,24.5,3014,15026641.0,4.135171994812177e-05
2024-05-24,11:57:10,62.0537,27.62,24.5,3015,15026641.0,4.12856337113649e-05
2024-05-24,11:57:10,62.0607,27.62,24.5,3015,15026641.0,4.12856337113649e-05
2024-05-24,11:57:10,62.0674,27.62,24.5,3014,15026641.0,4.135171994812177e-05
2024-05-24,11:57:10,62.0744,27.62,24.5,3014,15026641.0,4.135171994812177e-05
2024-05-24,11:57:10,62.0813,27.62,24.5,3015,15026641.0,4.12856337113649e-05
2024-05-24,11:57:10,62.0882,27.62,24.5,3015,15026640.0,4.12856337113649e-05
2024-05-24,11:57:10,62.0951,27.62,24.5,3014,15026641.0,4.135171994812177e-05
2024-05-24,11:57:10,62.1019,27.62,24.5,3014,15026640.0,4.135171994812177e-05
2024-05-24,11:57:10,62.1088,27.62,24.5,3014,15026640.0,4.135171994812177e-05
2024-05-24,11:57:10,62.1158,27.62,24.5,3014,15026640.0,4.135171994812177e-05
2024-05-24,11:57:10,62.1227,27.62,24.5,3014,15026640.0,4.135171994812177e-05
2024-05-24,11:57:10,62.1297,27.62,24.5,3014,15026640.0,4.135171994812177e-05
2024-05-24,11:57:10,62.1366,27.62,24.5,3014,15026640.0,4.135171994812177e-05
2024-05-24,11:57:10,62.1435,27.62,24.5,3014,15026640.0,4.135171994812177e-05
2024-05-24,11:57:10,62.1504,27.62,24.5,3014,15026640.0,4.135171994812177e-05
2024-05-24,11:57:10,62.1573,27.62,24.5,3014,15026641.0,4.135171994812177e-05
2024-05-24,11:57:10,62.1642,27.62,24.5,3014,15026641.0,4.135171994812177e-05
2024-05-24,11:57:10,62.171,27.62,24.5,3013,15026640.0,4.141791196963466e-05
2024-05-24,11:57:10,62.1779,27.62,24.5,3014,15026639.0,4.135171994812177e-05
2024-05-24,11:57:10,62.1849,27.62,24.5,3014,15026640.0,4.135171994812177e-05
2024-05-24,11:57:10,62.192,27.62,24.5,3013,15026640.0,4.141791196963466e-05
2024-05-24,11:57:10,62.1989,27.62,24.5,3013,15026639.0,4.141791196963466e-05
2024-05-24,11:57:10,62.2058,27.62,24.5,3013,15026638.0,4.141791196963466e-05
2024-05-24,11:57:10,62.2127,27.62,24.5,3014,15026640.0,4.135171994812177e-05
2024-05-24,11:57:10,62.2196,27.62,24.5,3015,15026640.0,4.12856337113649e-05
2024-05-24,11:57:10,62.2265,27.62,24.5,3014,15026639.0,4.135171994812177e-05
2024-05-24,11:57:10,62.2335,27.62,24.5,3013,15026639.0,4.141791196963466e-05
2024-05-24,11:57:10,62.2404,27.62,24.5,3014,15026640.0,4.135171994812177e-05
2024-05-24,11:57:10,62.2472,27.62,24.5,3014,15026640.0,4.135171994812177e-05
2024-05-24,11:57:10,62.2541,27.62,24.5,3013,15026639.0,4.141791196963466e-05
2024-05-24,11:57:10,62.2611,27.62,24.5,3013,15026639.0,4.141791196963466e-05
2024-05-24,11:57:10,62.268,27.62,24.5,3014,15026640.0,4.135171994812177e-05
2024-05-24,11:57:10,62.2748,27.62,24.5,3014,15026639.0,4.135171994812177e-05
2024-05-24,11:57:10,62.2817,27.62,24.5,3013,15026638.0,4.141791196963466e-05
2024-05-24,11:57:10,62.2886,27.62,24.5,3013,15026639.0,4.141791196963466e-05
2024-05-24,11:57:10,62.2955,27.62,24.5,3014,15026640.0,4.135171994812177e-05
2024-05-24,11:57:10,62.3025,27.62,24.5,3014,15026640.0,4.135171994812177e-05
2024-05-24,11:57:10,62.3094,27.62,24.5,3013,15026639.0,4.141791196963466e-05
2024-05-24,11:57:10,62.3163,27.62,24.5,3013,15026639.0,4.141791196963466e-05
2024-05-24,11:57:10,62.3232,27.62,24.5,3014,15026640.0,4.135171994812177e-05
2024-05-24,11:57:10,62.3301,27.62,24.5,3014,15026641.0,4.135171994812177e-05
2024-05-24,11:57:10,62.337,27.62,24.5,3013,15026640.0,4.141791196963466e-05
2024-05-24,11:57:10,62.3439,27.62,24.5,3013,15026640.0,4.141791196963466e-05
2024-05-24,11:57:10,62.3508,27.62,24.5,3013,15026640.0,4.141791196963466e-05
2024-05-24,11:57:10,62.3577,27.62,24.5,3013,15026640.0,4.141791196963466e-05
2024-05-24,11:57:10,62.3647,27.62,24.5,3013,15026640.0,4.141791196963466e-05
2024-05-24,11:57:10,62.3716,27.62,24.5,3012,15026641.0,4.148420994523402e-05
2024-05-24,11:57:10,62.3785,27.62,24.5,3012,15026640.0,4.148420994523402e-05
2024-05-24,11:57:10,62.3855,27.62,24.5,3013,15026639.0,4.141791196963466e-05
2024-05-24,11:57:10,62.3924,27.62,24.5,3014,15026639.0,4.135171994812177e-05
2024-05-24,11:57:10,62.3993,27.62,24.5,3014,15026639.0,4.135171994812177e-05
2024-05-24,11:57:10,62.4063,27.62,24.5,3013,15026639.0,4.141791196963466e-05
2024-05-24,11:57:10,62.4132,27.62,24.5,3013,15026639.0,4.141791196963466e-05
2024-05-24,11:57:10,62.4201,27.62,24.5,3013,15026639.0,4.141791196963466e-05
2024-05-24,11:57:10,62.427,27.62,24.5,3013,15026639.0,4.141791196963466e-05
2024-05-24,11:57:10,62.4339,27.62,24.5,3014,15026639.0,4.135171994812177e-05
2024-05-24,11:57:10,62.4408,27.62,24.5,3014,15026639.0,4.135171994812177e-05
2024-05-24,11:57:10,62.4477,27.62,24.5,3013,15026640.0,4.141791196963466e-05
2024-05-24,11:57:10,62.4546,27.62,24.5,3013,15026640.0,4.141791196963466e-05
2024-05-24,11:57:10,62.4616,27.62,24.75,3013,15026638.0,4.141791196963466e-05
2024-05-24,11:57:10,62.4685,27.62,24.75,3014,15026638.0,4.135171994812177e-05
2024-05-24,11:57:10,62.4754,27.62,24.75,3014,15026638.0,4.135171994812177e-05
2024-05-24,11:57:10,62.4822,27.62,24.75,3013,15026639.0,4.141791196963466e-05
2024-05-24,11:57:10,62.4891,27.62,24.75,3013,15026638.0,4.141791196963466e-05
2024-05-24,11:57:10,62.4961,27.62,24.75,3013,15026637.0,4.141791196963466e-05
2024-05-24,11:57:10,62.503,27.62,24.75,3013,15026639.0,4.141791196963466e-05
2024-05-24,11:57:10,62.5099,27.62,24.75,3013,15026639.0,4.141791196963466e-05
2024-05-24,11:57:10,62.5169,27.62,24.75,3013,15026638.0,4.141791196963466e-05
2024-05-24,11:57:10,62.5238,27.62,24.75,3013,15026638.0,4.141791196963466e-05
2024-05-24,11:57:10,62.5307,27.62,24.75,3013,15026639.0,4.141791196963466e-05
2024-05-24,11:57:10,62.5376,27.62,24.75,3013,15026639.0,4.141791196963466e-05
2024-05-24,11:57:10,62.5445,27.62,24.75,3014,15026639.0,4.135171994812177e-05
2024-05-24,11:57:10,62.5514,27.62,24.75,3014,15026639.0,4.135171994812177e-05
2024-05-24,11:57:10,62.5583,27.62,24.75,3013,15026637.0,4.141791196963466e-05
2024-05-24,11:57:10,62.5652,27.62,24.75,3012,15026637.0,4.148420994523402e-05
2024-05-24,11:57:10,62.5721,27.62,24.75,3012,15026638.0,4.148420994523402e-05
2024-05-24,11:57:10,62.5789,27.62,24.75,3012,15026639.0,4.148420994523402e-05
2024-05-24,11:57:10,62.5858,27.62,24.75,3012,15026639.0,4.148420994523402e-05
2024-05-24,11:57:10,62.5929,27.62,24.75,3012,15026639.0,4.148420994523402e-05
2024-05-24,11:57:10,62.5998,27.62,24.75,3011,15026637.0,4.155061404452143e-05
2024-05-24,11:57:10,62.6067,27.62,24.75,3012,15026637.0,4.148420994523402e-05
2024-05-24,11:57:10,62.6136,27.62,24.75,3013,15026638.0,4.141791196963466e-05
2024-05-24,11:57:10,62.6205,27.62,24.75,3012,15026638.0,4.148420994523402e-05
2024-05-24,11:57:10,62.6274,27.62,24.75,3012,15026639.0,4.148420994523402e-05
2024-05-24,11:57:10,62.6344,27.62,24.75,3013,15026639.0,4.141791196963466e-05
2024-05-24,11:57:10,62.6414,27.62,24.75,3013,15026638.0,4.141791196963466e-05
2024-05-24,11:57:10,62.6483,27.62,24.75,3012,15026637.0,4.148420994523402e-05
2024-05-24,11:57:10,62.6552,27.62,24.75,3012,15026637.0,4.148420994523402e-05
2024-05-24,11:57:10,62.6623,27.62,24.75,3013,15026637.0,4.141791196963466e-05
2024-05-24,11:57:10,62.669,27.62,24.75,3013,15026637.0,4.141791196963466e-05
2024-05-24,11:57:10,62.6758,27.62,24.75,3013,15026637.0,4.141791196963466e-05
2024-05-24,11:57:10,62.6829,27.62,24.75,3013,15026638.0,4.141791196963466e-05
2024-05-24,11:57:10,62.6898,27.62,24.75,3012,15026639.0,4.148420994523402e-05
2024-05-24,11:57:10,62.6967,27.62,24.75,3012,15026639.0,4.148420994523402e-05
2024-05-24,11:57:10,62.7036,27.62,24.75,3013,15026638.0,4.141791196963466e-05
2024-05-24,11:57:10,62.7105,27.62,24.75,3013,15026638.0,4.141791196963466e-05
2024-05-24,11:57:10,62.7176,27.62,24.75,3012,15026638.0,4.148420994523402e-05
2024-05-24,11:57:10,62.7245,27.62,24.75,3012,15026637.0,4.148420994523402e-05
2024-05-24,11:57:10,62.7314,27.62,24.75,3013,15026637.0,4.141791196963466e-05
2024-05-24,11:57:10,62.7383,27.62,24.75,3012,15026636.0,4.148420994523402e-05
2024-05-24,11:57:10,62.7452,27.62,24.75,3012,15026636.0,4.148420994523402e-05
2024-05-24,11:57:10,62.7521,27.62,24.75,3012,15026636.0,4.148420994523402e-05
2024-05-24,11:57:10,62.759,27.62,24.75,3012,15026636.0,4.148420994523402e-05
2024-05-24,11:57:10,62.7659,27.62,24.75,3012,15026637.0,4.148420994523402e-05
2024-05-24,11:57:11,62.7729,27.62,24.75,3011,15026638.0,4.155061404452143e-05
2024-05-24,11:57:11,62.7798,27.62,24.75,3012,15026639.0,4.148420994523402e-05
2024-05-24,11:57:11,62.7867,27.62,24.75,3012,15026638.0,4.148420994523402e-05
2024-05-24,11:57:11,62.7936,27.62,24.75,3012,15026638.0,4.148420994523402e-05
2024-05-24,11:57:11,62.8005,27.62,24.75,3012,15026638.0,4.148420994523402e-05
2024-05-24,11:57:11,62.8074,27.62,24.75,3011,15026637.0,4.155061404452143e-05
2024-05-24,11:57:11,62.8142,27.62,24.75,3011,15026637.0,4.155061404452143e-05
2024-05-24,11:57:11,62.8211,27.62,24.75,3012,15026638.0,4.148420994523402e-05
2024-05-24,11:57:11,62.8281,27.62,24.75,3012,15026638.0,4.148420994523402e-05
2024-05-24,11:57:11,62.8351,27.62,24.75,3012,15026637.0,4.148420994523402e-05
2024-05-24,11:57:11,62.842,27.62,24.75,3012,15026637.0,4.148420994523402e-05
2024-05-24,11:57:11,62.8489,27.62,24.75,3012,15026638.0,4.148420994523402e-05
2024-05-24,11:57:11,62.8558,27.62,24.75,3012,15026637.0,4.148420994523402e-05
2024-05-24,11:57:11,62.8627,27.62,24.75,3012,15026637.0,4.148420994523402e-05
2024-05-24,11:57:11,62.8696,27.62,24.75,3012,15026637.0,4.148420994523402e-05
2024-05-24,11:57:11,62.8765,27.62,24.75,3012,15026638.0,4.148420994523402e-05
2024-05-24,11:57:11,62.8834,27.62,24.75,3013,15026637.0,4.141791196963466e-05
2024-05-24,11:57:11,62.8904,27.62,24.75,3013,15026637.0,4.141791196963466e-05
2024-05-24,11:57:11,62.8973,27.62,24.75,3012,15026637.0,4.148420994523402e-05
2024-05-24,11:57:11,62.9042,27.62,24.75,3012,15026637.0,4.148420994523402e-05
2024-05-24,11:57:11,62.911,27.62,24.75,3012,15026637.0,4.148420994523402e-05
2024-05-24,11:57:11,62.9179,27.62,24.75,3012,15026637.0,4.148420994523402e-05
2024-05-24,11:57:11,62.9249,27.62,24.75,3012,15026636.0,4.148420994523402e-05
2024-05-24,11:57:11,62.9318,27.62,24.75,3011,15026637.0,4.155061404452143e-05
2024-05-24,11:57:11,62.9387,27.62,24.75,3011,15026637.0,4.155061404452143e-05
2024-05-24,11:57:11,62.9458,27.62,24.75,3011,15026637.0,4.155061404452143e-05
2024-05-24,11:57:11,62.9527,27.62,24.75,3012,15026636.0,4.148420994523402e-05
2024-05-24,11:57:11,62.9595,27.62,24.75,3012,15026636.0,4.148420994523402e-05
2024-05-24,11:57:11,62.9665,27.62,24.75,3011,15026637.0,4.155061404452143e-05
2024-05-24,11:57:11,62.9736,27.62,24.75,3011,15026637.0,4.155061404452143e-05
2024-05-24,11:57:11,62.9803,27.62,24.75,3011,15026637.0,4.155061404452143e-05
2024-05-24,11:57:11,62.9873,27.62,24.75,3012,15026637.0,4.148420994523402e-05
2024-05-24,11:57:11,62.9943,27.62,24.75,3012,15026637.0,4.148420994523402e-05
2024-05-24,11:57:11,63.0012,27.62,24.75,3012,15026636.0,4.148420994523402e-05
2024-05-24,11:57:11,63.008,27.62,24.75,3012,15026637.0,4.148420994523402e-05
2024-05-24,11:57:11,63.0149,27.62,24.75,3011,15026636.0,4.155061404452143e-05
2024-05-24,11:57:11,63.0219,27.62,24.75,3011,15026636.0,4.155061404452143e-05
2024-05-24,11:57:11,63.0289,27.62,24.75,3012,15026637.0,4.148420994523402e-05
2024-05-24,11:57:11,63.0358,27.62,24.75,3012,15026637.0,4.148420994523402e-05
2024-05-24,11:57:11,63.0427,27.62,24.75,3012,15026637.0,4.148420994523402e-05
2024-05-24,11:57:11,63.0496,27.62,24.75,3012,15026637.0,4.148420994523402e-05
2024-05-24,11:57:11,63.0565,27.62,24.75,3011,15026636.0,4.155061404452143e-05
2024-05-24,11:57:11,63.0634,27.62,24.75,3011,15026636.0,4.155061404452143e-05
2024-05-24,11:57:11,63.0703,27.62,24.75,3012,15026636.0,4.148420994523402e-05
2024-05-24,11:57:11,63.0772,27.62,24.75,3012,15026636.0,4.148420994523402e-05
2024-05-24,11:57:11,63.0843,27.62,24.75,3011,15026637.0,4.155061404452143e-05
2024-05-24,11:57:11,63.0912,27.62,24.75,3011,15026637.0,4.155061404452143e-05
2024-05-24,11:57:11,63.098,27.62,24.75,3012,15026637.0,4.148420994523402e-05
2024-05-24,11:57:11,63.1049,27.62,24.75,3013,15026636.0,4.141791196963466e-05
2024-05-24,11:57:11,63.1118,27.62,24.75,3012,15026635.0,4.148420994523402e-05
2024-05-24,11:57:11,63.1187,27.62,24.75,3011,15026636.0,4.155061404452143e-05
2024-05-24,11:57:11,63.1256,27.62,24.75,3011,15026637.0,4.155061404452143e-05
2024-05-24,11:57:11,63.1325,27.62,24.75,3011,15026637.0,4.155061404452143e-05
2024-05-24,11:57:11,63.1394,27.62,24.75,3011,15026636.0,4.155061404452143e-05
2024-05-24,11:57:11,63.1464,27.62,24.75,3011,15026637.0,4.155061404452143e-05
2024-05-24,11:57:11,63.1533,27.62,24.75,3011,15026637.0,4.155061404452143e-05
2024-05-24,11:57:11,63.1602,27.62,24.75,3011,15026637.0,4.155061404452143e-05
2024-05-24,11:57:11,63.1672,27.62,24.75,3011,15026636.0,4.155061404452143e-05
2024-05-24,11:57:11,63.1741,27.62,24.75,3011,15026636.0,4.155061404452143e-05
2024-05-24,11:57:11,63.181,27.62,24.75,3012,15026636.0,4.148420994523402e-05
2024-05-24,11:57:11,63.188,27.62,24.75,3012,15026636.0,4.148420994523402e-05
2024-05-24,11:57:11,63.1949,27.62,24.75,3011,15026636.0,4.155061404452143e-05
2024-05-24,11:57:11,63.2019,27.62,24.75,3011,15026636.0,4.155061404452143e-05
2024-05-24,11:57:11,63.2088,27.62,24.75,3011,15026636.0,4.155061404452143e-05
2024-05-24,11:57:11,63.2157,27.62,24.75,3011,15026637.0,4.155061404452143e-05
2024-05-24,11:57:11,63.2226,27.62,24.75,3011,15026636.0,4.155061404452143e-05
2024-05-24,11:57:11,63.2296,27.62,24.75,3011,15026636.0,4.155061404452143e-05
2024-05-24,11:57:11,63.2365,27.62,24.75,3011,15026636.0,4.155061404452143e-05
2024-05-24,11:57:11,63.2434,27.62,24.75,3011,15026636.0,4.155061404452143e-05
2024-05-24,11:57:11,63.2503,27.62,24.75,3011,15026636.0,4.155061404452143e-05
2024-05-24,11:57:11,63.2571,27.62,24.75,3011,15026636.0,4.155061404452143e-05
2024-05-24,11:57:11,63.264,27.62,24.75,3011,15026636.0,4.155061404452143e-05
2024-05-24,11:57:11,63.271,27.62,24.75,3011,15026635.0,4.155061404452143e-05
2024-05-24,11:57:11,63.2779,27.62,24.75,3011,15026635.0,4.155061404452143e-05
2024-05-24,11:57:11,63.2849,27.62,24.75,3011,15026635.0,4.155061404452143e-05
2024-05-24,11:57:11,63.2918,27.62,24.75,3011,15026635.0,4.155061404452143e-05
2024-05-24,11:57:11,63.2987,27.62,24.75,3011,15026636.0,4.155061404452143e-05
2024-05-24,11:57:11,63.3056,27.62,24.75,3011,15026636.0,4.155061404452143e-05
2024-05-24,11:57:11,63.3125,27.62,24.75,3011,15026636.0,4.155061404452143e-05
2024-05-24,11:57:11,63.3194,27.62,24.75,3011,15026636.0,4.155061404452143e-05
2024-05-24,11:57:11,63.3263,27.62,24.75,3011,15026636.0,4.155061404452143e-05
2024-05-24,11:57:11,63.3332,27.62,24.75,3011,15026635.0,4.155061404452143e-05
2024-05-24,11:57:11,63.3401,27.62,24.75,3011,15026635.0,4.155061404452143e-05
2024-05-24,11:57:11,63.3472,27.62,24.75,3011,15026636.0,4.155061404452143e-05
2024-05-24,11:57:11,63.3541,27.62,24.75,3011,15026637.0,4.155061404452143e-05
2024-05-24,11:57:11,63.361,27.62,24.75,3011,15026636.0,4.155061404452143e-05
2024-05-24,11:57:11,63.3679,27.62,24.75,3010,15026636.0,4.161712443736986e-05
2024-05-24,11:57:11,63.3748,27.62,24.75,3010,15026636.0,4.161712443736986e-05
2024-05-24,11:57:11,63.3817,27.62,24.75,3011,15026636.0,4.155061404452143e-05
2024-05-24,11:57:11,63.3885,27.62,24.75,3011,15026636.0,4.155061404452143e-05
2024-05-24,11:57:11,63.3954,27.62,24.75,3011,15026635.0,4.155061404452143e-05
2024-05-24,11:57:11,63.4025,27.62,24.75,3011,15026635.0,4.155061404452143e-05
2024-05-24,11:57:11,63.4095,27.62,24.75,3011,15026635.0,4.155061404452143e-05
2024-05-24,11:57:11,63.4164,27.62,24.75,3011,15026635.0,4.155061404452143e-05
2024-05-24,11:57:11,63.4232,27.62,24.75,3011,15026636.0,4.155061404452143e-05
2024-05-24,11:57:11,63.4301,27.62,24.75,3011,15026636.0,4.155061404452143e-05
2024-05-24,11:57:11,63.4372,27.62,24.75,3011,15026636.0,4.155061404452143e-05
2024-05-24,11:57:11,63.4441,27.62,24.75,3011,15026636.0,4.155061404452143e-05
2024-05-24,11:57:11,63.451,27.62,24.75,3011,15026636.0,4.155061404452143e-05
2024-05-24,11:57:11,63.4579,27.62,24.75,3011,15026636.0,4.155061404452143e-05
2024-05-24,11:57:11,63.4648,27.62,24.75,3011,15026636.0,4.155061404452143e-05
2024-05-24,11:57:11,63.4717,27.62,24.5,3011,15026636.0,4.155061404452143e-05
2024-05-24,11:57:11,63.4786,27.62,24.5,3010,15026636.0,4.161712443736986e-05
2024-05-24,11:57:11,63.4856,27.62,24.5,3010,15026635.0,4.161712443736986e-05
2024-05-24,11:57:11,63.4925,27.62,24.5,3011,15026635.0,4.155061404452143e-05
2024-05-24,11:57:11,63.4994,27.62,24.5,3011,15026635.0,4.155061404452143e-05
2024-05-24,11:57:11,63.5063,27.62,24.5,3010,15026636.0,4.161712443736986e-05
2024-05-24,11:57:11,63.5132,27.62,24.5,3010,15026635.0,4.161712443736986e-05
2024-05-24,11:57:11,63.5201,27.62,24.5,3011,15026634.0,4.155061404452143e-05
2024-05-24,11:57:11,63.527,27.62,24.5,3011,15026635.0,4.155061404452143e-05
2024-05-24,11:57:11,63.5339,27.62,24.5,3011,15026635.0,4.155061404452143e-05
2024-05-24,11:57:11,63.541,27.62,24.5,3011,15026635.0,4.155061404452143e-05
2024-05-24,11:57:11,63.5479,27.62,24.5,3011,15026634.0,4.155061404452143e-05
2024-05-24,11:57:11,63.5548,27.62,24.5,3011,15026636.0,4.155061404452143e-05
2024-05-24,11:57:11,63.5617,27.62,24.5,3011,15026636.0,4.155061404452143e-05
2024-05-24,11:57:11,63.5685,27.62,24.5,3011,15026634.0,4.155061404452143e-05
2024-05-24,11:57:11,63.5755,27.62,24.5,3010,15026634.0,4.161712443736986e-05
2024-05-24,11:57:11,63.5825,27.62,24.5,3010,15026635.0,4.161712443736986e-05
2024-05-24,11:57:11,63.5892,27.62,24.5,3011,15026635.0,4.155061404452143e-05
2024-05-24,11:57:11,63.5961,27.62,24.5,3011,15026635.0,4.155061404452143e-05
2024-05-24,11:57:11,63.6032,27.62,24.5,3010,15026635.0,4.161712443736986e-05
2024-05-24,11:57:11,63.6102,27.62,24.5,3009,15026634.0,4.16837412939243e-05
2024-05-24,11:57:11,63.617,27.62,24.5,3010,15026634.0,4.161712443736986e-05
2024-05-24,11:57:11,63.6239,27.62,24.5,3010,15026634.0,4.161712443736986e-05
2024-05-24,11:57:11,63.631,27.62,24.5,3009,15026634.0,4.16837412939243e-05
2024-05-24,11:57:11,63.6379,27.62,24.5,3009,15026635.0,4.16837412939243e-05
2024-05-24,11:57:11,63.6448,27.62,24.5,3009,15026635.0,4.16837412939243e-05
2024-05-24,11:57:11,63.6517,27.62,24.5,3009,15026635.0,4.16837412939243e-05
2024-05-24,11:57:11,63.6586,27.62,24.5,3009,15026635.0,4.16837412939243e-05
2024-05-24,11:57:11,63.6655,27.62,24.5,3010,15026635.0,4.161712443736986e-05
2024-05-24,11:57:11,63.6724,27.62,24.5,3011,15026635.0,4.155061404452143e-05
2024-05-24,11:57:11,63.6793,27.62,24.5,3010,15026634.0,4.161712443736986e-05
2024-05-24,11:57:11,63.6864,27.62,24.5,3009,15026635.0,4.16837412939243e-05
2024-05-24,11:57:11,63.6933,27.62,24.5,3010,15026634.0,4.161712443736986e-05
2024-05-24,11:57:11,63.7001,27.62,24.5,3011,15026634.0,4.155061404452143e-05
2024-05-24,11:57:11,63.707,27.62,24.5,3011,15026634.0,4.155061404452143e-05
2024-05-24,11:57:11,63.7139,27.62,24.5,3010,15026634.0,4.161712443736986e-05
2024-05-24,11:57:11,63.7209,27.62,24.5,3010,15026635.0,4.161712443736986e-05
2024-05-24,11:57:11,63.7279,27.62,24.5,3010,15026635.0,4.161712443736986e-05
2024-05-24,11:57:11,63.7348,27.62,24.5,3010,15026635.0,4.161712443736986e-05
2024-05-24,11:57:11,63.7417,27.62,24.5,3010,15026635.0,4.161712443736986e-05
2024-05-24,11:57:11,63.7486,27.62,24.5,3010,15026635.0,4.161712443736986e-05
2024-05-24,11:57:11,63.7555,27.62,24.5,3010,15026635.0,4.161712443736986e-05
2024-05-24,11:57:11,63.7624,27.62,24.5,3009,15026634.0,4.16837412939243e-05
2024-05-24,11:57:12,63.7695,27.62,24.5,3009,15026634.0,4.16837412939243e-05
2024-05-24,11:57:12,63.7762,27.62,24.5,3010,15026634.0,4.161712443736986e-05
2024-05-24,11:57:12,63.783,27.62,24.5,3010,15026634.0,4.161712443736986e-05
2024-05-24,11:57:12,63.7901,27.62,24.5,3009,15026634.0,4.16837412939243e-05
2024-05-24,11:57:12,63.7971,27.62,24.5,3009,15026633.0,4.16837412939243e-05
2024-05-24,11:57:12,63.804,27.62,24.5,3009,15026634.0,4.16837412939243e-05
2024-05-24,11:57:12,63.8109,27.62,24.5,3009,15026634.0,4.16837412939243e-05
2024-05-24,11:57:12,63.8178,27.62,24.5,3009,15026634.0,4.16837412939243e-05
2024-05-24,11:57:12,63.8248,27.62,24.5,3009,15026634.0,4.16837412939243e-05
2024-05-24,11:57:12,63.8317,27.62,24.5,3009,15026634.0,4.16837412939243e-05
2024-05-24,11:57:12,63.8386,27.62,24.5,3009,15026634.0,4.16837412939243e-05
2024-05-24,11:57:12,63.8456,27.62,24.5,3010,15026635.0,4.161712443736986e-05
2024-05-24,11:57:12,63.8525,27.62,24.5,3010,15026635.0,4.161712443736986e-05
2024-05-24,11:57:12,63.8594,27.62,24.5,3010,15026634.0,4.161712443736986e-05
2024-05-24,11:57:12,63.8664,27.62,24.5,3011,15026634.0,4.155061404452143e-05
2024-05-24,11:57:12,63.8733,27.62,24.5,3010,15026633.0,4.161712443736986e-05
2024-05-24,11:57:12,63.8802,27.62,24.5,3010,15026633.0,4.161712443736986e-05
2024-05-24,11:57:12,63.8871,27.62,24.5,3010,15026633.0,4.161712443736986e-05
2024-05-24,11:57:12,63.894,27.62,24.5,3009,15026634.0,4.16837412939243e-05
2024-05-24,11:57:12,63.9009,27.62,24.5,3009,15026633.0,4.16837412939243e-05
2024-05-24,11:57:12,63.908,27.62,24.5,3009,15026633.0,4.16837412939243e-05
2024-05-24,11:57:12,63.9149,27.62,24.5,3010,15026634.0,4.161712443736986e-05
2024-05-24,11:57:12,63.9218,27.62,24.5,3010,15026634.0,4.161712443736986e-05
2024-05-24,11:57:12,63.9287,27.62,24.5,3009,15026632.0,4.16837412939243e-05
2024-05-24,11:57:12,63.9356,27.62,24.5,3009,15026633.0,4.16837412939243e-05
2024-05-24,11:57:12,63.9425,27.62,24.5,3009,15026633.0,4.16837412939243e-05
2024-05-24,11:57:12,63.9494,27.62,24.5,3009,15026633.0,4.16837412939243e-05
2024-05-24,11:57:12,63.9565,27.62,24.5,3009,15026633.0,4.16837412939243e-05
2024-05-24,11:57:12,63.9634,27.62,24.5,3009,15026633.0,4.16837412939243e-05
2024-05-24,11:57:12,63.9702,27.62,24.5,3009,15026634.0,4.16837412939243e-05
2024-05-24,11:57:12,63.9771,27.69,24.5,3009,15026634.0,4.16837412939243e-05
2024-05-24,11:57:12,63.9841,27.69,24.5,3009,15026632.0,4.16837412939243e-05
2024-05-24,11:57:12,63.9912,27.69,24.5,3009,15026632.0,4.16837412939243e-05
2024-05-24,11:57:12,63.9981,27.69,24.5,3009,15026633.0,4.16837412939243e-05
2024-05-24,11:57:12,64.005,27.69,24.5,3009,15026634.0,4.16837412939243e-05
2024-05-24,11:57:12,64.0119,27.69,24.5,3010,15026634.0,4.161712443736986e-05
2024-05-24,11:57:12,64.0188,27.69,24.5,3010,15026634.0,4.161712443736986e-05
2024-05-24,11:57:12,64.0257,27.69,24.5,3009,15026633.0,4.16837412939243e-05
2024-05-24,11:57:12,64.0325,27.69,24.5,3009,15026634.0,4.16837412939243e-05
2024-05-24,11:57:12,64.0394,27.69,24.5,3009,15026634.0,4.16837412939243e-05
2024-05-24,11:57:12,64.0465,27.69,24.5,3009,15026634.0,4.16837412939243e-05
2024-05-24,11:57:12,64.0534,27.69,24.5,3009,15026634.0,4.16837412939243e-05
2024-05-24,11:57:12,64.0603,27.69,24.5,3009,15026633.0,4.16837412939243e-05
2024-05-24,11:57:12,64.0672,27.69,24.5,3010,15026633.0,4.161712443736986e-05
2024-05-24,11:57:12,64.0741,27.69,24.5,3010,15026633.0,4.161712443736986e-05
2024-05-24,11:57:12,64.0811,27.69,24.5,3009,15026633.0,4.16837412939243e-05
2024-05-24,11:57:12,64.0882,27.69,24.5,3009,15026633.0,4.16837412939243e-05
2024-05-24,11:57:12,64.0951,27.69,24.5,3009,15026633.0,4.16837412939243e-05
2024-05-24,11:57:12,64.102,27.69,24.5,3009,15026633.0,4.16837412939243e-05
2024-05-24,11:57:12,64.1089,27.69,24.5,3009,15026632.0,4.16837412939243e-05
2024-05-24,11:57:12,64.1157,27.69,24.5,3009,15026632.0,4.16837412939243e-05
2024-05-24,11:57:12,64.1226,27.69,24.5,3009,15026633.0,4.16837412939243e-05
2024-05-24,11:57:12,64.1297,27.69,24.5,3009,15026633.0,4.16837412939243e-05
2024-05-24,11:57:12,64.1366,27.69,24.5,3009,15026632.0,4.16837412939243e-05
2024-05-24,11:57:12,64.1435,27.69,24.5,3009,15026631.0,4.16837412939243e-05
2024-05-24,11:57:12,64.1504,27.69,24.5,3009,15026632.0,4.16837412939243e-05
2024-05-24,11:57:12,64.1574,27.69,24.5,3009,15026632.0,4.16837412939243e-05
2024-05-24,11:57:12,64.1645,27.69,24.5,3009,15026632.0,4.16837412939243e-05
2024-05-24,11:57:12,64.1714,27.69,24.5,3008,15026632.0,4.175046478460198e-05
2024-05-24,11:57:12,64.1783,27.69,24.5,3008,15026633.0,4.175046478460198e-05
2024-05-24,11:57:12,64.1852,27.69,24.5,3009,15026632.0,4.16837412939243e-05
2024-05-24,11:57:12,64.1921,27.69,24.5,3009,15026633.0,4.16837412939243e-05
2024-05-24,11:57:12,64.199,27.69,24.5,3009,15026633.0,4.16837412939243e-05
2024-05-24,11:57:12,64.2059,27.69,24.5,3009,15026632.0,4.16837412939243e-05
2024-05-24,11:57:12,64.2129,27.69,24.5,3008,15026633.0,4.175046478460198e-05
2024-05-24,11:57:12,64.2198,27.69,24.5,3008,15026633.0,4.175046478460198e-05
2024-05-24,11:57:12,64.2267,27.69,24.5,3009,15026633.0,4.16837412939243e-05
2024-05-24,11:57:12,64.2337,27.69,24.5,3009,15026633.0,4.16837412939243e-05
2024-05-24,11:57:12,64.2406,27.69,24.5,3009,15026633.0,4.16837412939243e-05
2024-05-24,11:57:12,64.2474,27.69,24.5,3008,15026632.0,4.175046478460198e-05
2024-05-24,11:57:12,64.2543,27.69,24.5,3007,15026632.0,4.181729508009303e-05
2024-05-24,11:57:12,64.2614,27.69,24.5,3008,15026632.0,4.175046478460198e-05
2024-05-24,11:57:12,64.2684,27.69,24.5,3009,15026631.0,4.16837412939243e-05
2024-05-24,11:57:12,64.2753,27.69,24.5,3009,15026631.0,4.16837412939243e-05
2024-05-24,11:57:12,64.2822,27.69,24.5,3008,15026632.0,4.175046478460198e-05
2024-05-24,11:57:12,64.2891,27.69,24.5,3008,15026632.0,4.175046478460198e-05
2024-05-24,11:57:12,64.2961,27.69,24.5,3009,15026631.0,4.16837412939243e-05
2024-05-24,11:57:12,64.3031,27.69,24.5,3009,15026632.0,4.16837412939243e-05
2024-05-24,11:57:12,64.3101,27.69,24.5,3008,15026632.0,4.175046478460198e-05
2024-05-24,11:57:12,64.317,27.69,24.5,3008,15026633.0,4.175046478460198e-05
2024-05-24,11:57:12,64.3238,27.69,24.5,3009,15026632.0,4.16837412939243e-05
2024-05-24,11:57:12,64.3307,27.69,24.5,3009,15026633.0,4.16837412939243e-05
2024-05-24,11:57:12,64.3378,27.69,24.5,3009,15026633.0,4.16837412939243e-05
2024-05-24,11:57:12,64.3447,27.69,24.5,3009,15026633.0,4.16837412939243e-05
2024-05-24,11:57:12,64.3516,27.69,24.5,3009,15026633.0,4.16837412939243e-05
2024-05-24,11:57:12,64.3585,27.69,24.5,3008,15026632.0,4.175046478460198e-05
2024-05-24,11:57:12,64.3654,27.69,24.5,3008,15026632.0,4.175046478460198e-05
2024-05-24,11:57:12,64.3723,27.69,24.5,3008,15026631.0,4.175046478460198e-05
2024-05-24,11:57:12,64.3793,27.69,24.5,3007,15026632.0,4.181729508009303e-05
2024-05-24,11:57:12,64.3862,27.69,24.5,3008,15026633.0,4.175046478460198e-05
2024-05-24,11:57:12,64.3931,27.69,24.5,3008,15026633.0,4.175046478460198e-05
2024-05-24,11:57:12,64.4001,27.69,24.5,3008,15026632.0,4.175046478460198e-05
2024-05-24,11:57:12,64.407,27.69,24.5,3009,15026632.0,4.16837412939243e-05
2024-05-24,11:57:12,64.4139,27.69,24.5,3008,15026631.0,4.175046478460198e-05
2024-05-24,11:57:12,64.421,27.69,24.5,3008,15026631.0,4.175046478460198e-05
2024-05-24,11:57:12,64.4279,27.69,24.5,3009,15026633.0,4.16837412939243e-05
2024-05-24,11:57:12,64.4348,27.69,24.5,3008,15026634.0,4.175046478460198e-05
2024-05-24,11:57:12,64.4417,27.69,24.5,3008,15026632.0,4.175046478460198e-05
2024-05-24,11:57:12,64.4486,27.69,24.5,3009,15026632.0,4.16837412939243e-05
2024-05-24,11:57:12,64.4555,27.69,24.5,3008,15026631.0,4.175046478460198e-05
2024-05-24,11:57:12,64.4625,27.69,24.5,3007,15026631.0,4.181729508009303e-05
2024-05-24,11:57:12,64.4694,27.69,24.5,3008,15026632.0,4.175046478460198e-05
2024-05-24,11:57:12,64.4763,27.69,24.5,3008,15026632.0,4.175046478460198e-05
2024-05-24,11:57:12,64.4833,27.69,24.75,3008,15026632.0,4.175046478460198e-05
2024-05-24,11:57:12,64.4904,27.69,24.75,3008,15026632.0,4.175046478460198e-05
2024-05-24,11:57:12,64.4973,27.69,24.75,3008,15026631.0,4.175046478460198e-05
2024-05-24,11:57:12,64.5041,27.69,24.75,3008,15026631.0,4.175046478460198e-05
2024-05-24,11:57:12,64.511,27.69,24.75,3008,15026631.0,4.175046478460198e-05
2024-05-24,11:57:12,64.518,27.69,24.75,3009,15026631.0,4.16837412939243e-05
2024-05-24,11:57:12,64.5249,27.69,24.75,3009,15026631.0,4.16837412939243e-05
2024-05-24,11:57:12,64.5318,27.69,24.75,3008,15026632.0,4.175046478460198e-05
2024-05-24,11:57:12,64.5387,27.69,24.75,3008,15026633.0,4.175046478460198e-05
2024-05-24,11:57:12,64.5457,27.69,24.75,3008,15026632.0,4.175046478460198e-05
2024-05-24,11:57:12,64.5527,27.69,24.75,3007,15026631.0,4.181729508009303e-05
2024-05-24,11:57:12,64.5597,27.69,24.75,3008,15026631.0,4.175046478460198e-05
2024-05-24,11:57:12,64.5666,27.69,24.75,3009,15026632.0,4.16837412939243e-05
2024-05-24,11:57:12,64.5734,27.69,24.75,3008,15026632.0,4.175046478460198e-05
2024-05-24,11:57:12,64.5803,27.69,24.75,3007,15026631.0,4.181729508009303e-05
2024-05-24,11:57:12,64.5874,27.69,24.75,3008,15026630.0,4.175046478460198e-05
2024-05-24,11:57:12,64.5943,27.69,24.75,3009,15026632.0,4.16837412939243e-05
2024-05-24,11:57:12,64.6012,27.69,24.75,3009,15026631.0,4.16837412939243e-05
2024-05-24,11:57:12,64.6082,27.69,24.75,3008,15026631.0,4.175046478460198e-05
2024-05-24,11:57:12,64.6153,27.69,24.75,3007,15026632.0,4.181729508009303e-05
2024-05-24,11:57:12,64.6222,27.69,24.75,3008,15026633.0,4.175046478460198e-05
2024-05-24,11:57:12,64.629,27.69,24.75,3008,15026632.0,4.175046478460198e-05
2024-05-24,11:57:12,64.6359,27.69,24.75,3007,15026631.0,4.181729508009303e-05
2024-05-24,11:57:12,64.6429,27.69,24.75,3007,15026632.0,4.181729508009303e-05
2024-05-24,11:57:12,64.6498,27.69,24.75,3008,15026632.0,4.175046478460198e-05
2024-05-24,11:57:12,64.6568,27.69,24.75,3008,15026632.0,4.175046478460198e-05
2024-05-24,11:57:12,64.6638,27.69,24.75,3008,15026632.0,4.175046478460198e-05
2024-05-24,11:57:12,64.6708,27.69,24.75,3008,15026632.0,4.175046478460198e-05
2024-05-24,11:57:12,64.6776,27.69,24.75,3008,15026631.0,4.175046478460198e-05
2024-05-24,11:57:12,64.6845,27.69,24.75,3009,15026631.0,4.16837412939243e-05
2024-05-24,11:57:12,64.6916,27.69,24.75,3009,15026632.0,4.16837412939243e-05
2024-05-24,11:57:12,64.6984,27.69,24.75,3008,15026632.0,4.175046478460198e-05
2024-05-24,11:57:12,64.7053,27.69,24.75,3008,15026631.0,4.175046478460198e-05
2024-05-24,11:57:12,64.7123,27.69,24.75,3008,15026631.0,4.175046478460198e-05
2024-05-24,11:57:12,64.7192,27.69,24.75,3007,15026631.0,4.181729508009303e-05
2024-05-24,11:57:12,64.7261,27.69,24.75,3007,15026631.0,4.181729508009303e-05
2024-05-24,11:57:12,64.7332,27.69,24.75,3008,15026631.0,4.175046478460198e-05
2024-05-24,11:57:12,64.7402,27.69,24.75,3009,15026630.0,4.16837412939243e-05
2024-05-24,11:57:12,64.7471,27.69,24.75,3008,15026629.0,4.175046478460198e-05
2024-05-24,11:57:12,64.7539,27.69,24.75,3008,15026629.0,4.175046478460198e-05
2024-05-24,11:57:12,64.7608,27.69,24.75,3008,15026630.0,4.175046478460198e-05
2024-05-24,11:57:13,64.7679,27.69,24.75,3007,15026630.0,4.181729508009303e-05
2024-05-24,11:57:13,64.7748,27.69,24.75,3007,15026631.0,4.181729508009303e-05
2024-05-24,11:57:13,64.7817,27.69,24.75,3007,15026630.0,4.181729508009303e-05
2024-05-24,11:57:13,64.7887,27.69,24.75,3008,15026632.0,4.175046478460198e-05
2024-05-24,11:57:13,64.7956,27.69,24.75,3008,15026632.0,4.175046478460198e-05
2024-05-24,11:57:13,64.8025,27.69,24.75,3008,15026631.0,4.175046478460198e-05
2024-05-24,11:57:13,64.8095,27.69,24.75,3009,15026631.0,4.16837412939243e-05
2024-05-24,11:57:13,64.8164,27.69,24.75,3009,15026631.0,4.16837412939243e-05
2024-05-24,11:57:13,64.8234,27.69,24.75,3008,15026632.0,4.175046478460198e-05
2024-05-24,11:57:13,64.8303,27.69,24.75,3007,15026631.0,4.181729508009303e-05
2024-05-24,11:57:13,64.8372,27.69,24.75,3008,15026630.0,4.175046478460198e-05
2024-05-24,11:57:13,64.8441,27.69,24.75,3008,15026631.0,4.175046478460198e-05
2024-05-24,11:57:13,64.8511,27.69,24.75,3007,15026631.0,4.181729508009303e-05
2024-05-24,11:57:13,64.8581,27.69,24.75,3007,15026630.0,4.181729508009303e-05
2024-05-24,11:57:13,64.865,27.69,24.75,3007,15026629.0,4.181729508009303e-05
2024-05-24,11:57:13,64.8719,27.69,24.75,3007,15026631.0,4.181729508009303e-05
2024-05-24,11:57:13,64.879,27.69,24.75,3007,15026631.0,4.181729508009303e-05
2024-05-24,11:57:13,64.8859,27.69,24.75,3008,15026631.0,4.175046478460198e-05
2024-05-24,11:57:13,64.8928,27.69,24.75,3008,15026631.0,4.175046478460198e-05
2024-05-24,11:57:13,64.8997,27.69,24.75,3007,15026631.0,4.181729508009303e-05
2024-05-24,11:57:13,64.9067,27.69,24.75,3007,15026630.0,4.181729508009303e-05
2024-05-24,11:57:13,64.9138,27.69,24.75,3007,15026630.0,4.181729508009303e-05
2024-05-24,11:57:13,64.9206,27.69,24.75,3007,15026630.0,4.181729508009303e-05
2024-05-24,11:57:13,64.9275,27.69,24.75,3007,15026631.0,4.181729508009303e-05
2024-05-24,11:57:13,64.9345,27.69,24.75,3006,15026631.0,4.188423235136067e-05
2024-05-24,11:57:13,64.9414,27.69,24.75,3006,15026630.0,4.188423235136067e-05
2024-05-24,11:57:13,64.9483,27.69,24.75,3007,15026630.0,4.181729508009303e-05
2024-05-24,11:57:13,64.9553,27.69,24.75,3007,15026629.0,4.181729508009303e-05
2024-05-24,11:57:13,64.9623,27.69,24.75,3007,15026629.0,4.181729508009303e-05
2024-05-24,11:57:13,64.9693,27.69,24.75,3007,15026630.0,4.181729508009303e-05
2024-05-24,11:57:13,64.9761,27.69,24.75,3007,15026631.0,4.181729508009303e-05
2024-05-24,11:57:13,64.983,27.69,24.75,3007,15026631.0,4.181729508009303e-05
2024-05-24,11:57:13,64.9901,27.62,24.75,3007,15026631.0,4.181729508009303e-05
2024-05-24,11:57:13,64.997,27.62,24.75,3007,15026631.0,4.181729508009303e-05
2024-05-24,11:57:13,65.0039,27.62,24.75,3007,15026630.0,4.181729508009303e-05
2024-05-24,11:57:13,65.0108,27.62,24.75,3007,15026630.0,4.181729508009303e-05
2024-05-24,11:57:13,65.0178,27.62,24.75,3007,15026630.0,4.181729508009303e-05
2024-05-24,11:57:13,65.0248,27.62,24.75,3007,15026629.0,4.181729508009303e-05
2024-05-24,11:57:13,65.0317,27.62,24.75,3008,15026629.0,4.175046478460198e-05
2024-05-24,11:57:13,65.0387,27.62,24.75,3008,15026629.0,4.175046478460198e-05
2024-05-24,11:57:13,65.0456,27.62,24.75,3007,15026629.0,4.181729508009303e-05
2024-05-24,11:57:13,65.0527,27.62,24.75,3008,15026632.0,4.175046478460198e-05
2024-05-24,11:57:13,65.0596,27.62,24.75,3008,15026631.0,4.175046478460198e-05
2024-05-24,11:57:13,65.0664,27.62,24.75,3007,15026630.0,4.181729508009303e-05
2024-05-24,11:57:13,65.0733,27.62,24.75,3007,15026631.0,4.181729508009303e-05
2024-05-24,11:57:13,65.0803,27.62,24.75,3006,15026629.0,4.188423235136067e-05
2024-05-24,11:57:13,65.0873,27.62,24.75,3006,15026629.0,4.188423235136067e-05
2024-05-24,11:57:13,65.0943,27.62,24.75,3007,15026630.0,4.181729508009303e-05
2024-05-24,11:57:13,65.1012,27.62,24.75,3007,15026630.0,4.181729508009303e-05
2024-05-24,11:57:13,65.1081,27.62,24.75,3007,15026630.0,4.181729508009303e-05
2024-05-24,11:57:13,65.115,27.62,24.75,3007,15026630.0,4.181729508009303e-05
2024-05-24,11:57:13,65.1219,27.62,24.75,3007,15026631.0,4.181729508009303e-05
2024-05-24,11:57:13,65.1288,27.62,24.75,3007,15026631.0,4.181729508009303e-05
2024-05-24,11:57:13,65.1359,27.62,24.75,3007,15026630.0,4.181729508009303e-05
2024-05-24,11:57:13,65.1428,27.62,24.75,3007,15026630.0,4.181729508009303e-05
2024-05-24,11:57:13,65.1497,27.62,24.75,3007,15026631.0,4.181729508009303e-05
2024-05-24,11:57:13,65.1567,27.62,24.75,3007,15026630.0,4.181729508009303e-05
2024-05-24,11:57:13,65.1636,27.62,24.75,3007,15026630.0,4.181729508009303e-05
2024-05-24,11:57:13,65.1705,27.62,24.75,3007,15026630.0,4.181729508009303e-05
2024-05-24,11:57:13,65.1775,27.62,24.75,3007,15026630.0,4.181729508009303e-05
2024-05-24,11:57:13,65.1844,27.62,24.75,3007,15026630.0,4.181729508009303e-05
2024-05-24,11:57:13,65.1913,27.62,24.75,3007,15026630.0,4.181729508009303e-05
2024-05-24,11:57:13,65.1982,27.62,24.75,3008,15026629.0,4.175046478460198e-05
2024-05-24,11:57:13,65.2051,27.62,24.75,3008,15026630.0,4.175046478460198e-05
2024-05-24,11:57:13,65.2121,27.62,24.75,3007,15026630.0,4.181729508009303e-05
2024-05-24,11:57:13,65.2192,27.62,24.75,3007,15026630.0,4.181729508009303e-05
2024-05-24,11:57:13,65.226,27.62,24.75,3007,15026630.0,4.181729508009303e-05
2024-05-24,11:57:13,65.2329,27.62,24.75,3007,15026630.0,4.181729508009303e-05
2024-05-24,11:57:13,65.2399,27.62,24.75,3007,15026630.0,4.181729508009303e-05
2024-05-24,11:57:13,65.2468,27.62,24.75,3007,15026630.0,4.181729508009303e-05
2024-05-24,11:57:13,65.2537,27.62,24.75,3007,15026630.0,4.181729508009303e-05
2024-05-24,11:57:13,65.2607,27.62,24.75,3007,15026631.0,4.181729508009303e-05
2024-05-24,11:57:13,65.2677,27.62,24.75,3007,15026630.0,4.181729508009303e-05
2024-05-24,11:57:13,65.2747,27.62,24.75,3007,15026630.0,4.181729508009303e-05
2024-05-24,11:57:13,65.2817,27.62,24.75,3007,15026630.0,4.181729508009303e-05
2024-05-24,11:57:13,65.2886,27.62,24.75,3007,15026630.0,4.181729508009303e-05
2024-05-24,11:57:13,65.2955,27.62,24.75,3006,15026631.0,4.188423235136067e-05
2024-05-24,11:57:13,65.3024,27.62,24.75,3006,15026630.0,4.188423235136067e-05
2024-05-24,11:57:13,65.3093,27.62,24.75,3007,15026629.0,4.181729508009303e-05
2024-05-24,11:57:13,65.3162,27.62,24.75,3007,15026629.0,4.181729508009303e-05
2024-05-24,11:57:13,65.3231,27.62,24.75,3007,15026629.0,4.181729508009303e-05
2024-05-24,11:57:13,65.3302,27.62,24.75,3007,15026630.0,4.181729508009303e-05
2024-05-24,11:57:13,65.3372,27.62,24.75,3007,15026630.0,4.181729508009303e-05
2024-05-24,11:57:13,65.3441,27.62,24.75,3007,15026629.0,4.181729508009303e-05
2024-05-24,11:57:13,65.351,27.62,24.75,3007,15026630.0,4.181729508009303e-05
2024-05-24,11:57:13,65.3579,27.62,24.75,3007,15026630.0,4.181729508009303e-05
2024-05-24,11:57:13,65.3649,27.62,24.75,3007,15026629.0,4.181729508009303e-05
2024-05-24,11:57:13,65.3718,27.62,24.75,3007,15026629.0,4.181729508009303e-05
2024-05-24,11:57:13,65.3787,27.62,24.75,3007,15026630.0,4.181729508009303e-05
2024-05-24,11:57:13,65.3856,27.62,24.75,3007,15026630.0,4.181729508009303e-05
2024-05-24,11:57:13,65.3926,27.62,24.75,3007,15026629.0,4.181729508009303e-05
2024-05-24,11:57:13,65.3997,27.62,24.75,3007,15026629.0,4.181729508009303e-05
2024-05-24,11:57:13,65.4066,27.62,24.75,3008,15026629.0,4.175046478460198e-05
2024-05-24,11:57:13,65.4135,27.62,24.75,3008,15026629.0,4.175046478460198e-05
2024-05-24,11:57:13,65.4204,27.62,24.75,3007,15026629.0,4.181729508009303e-05
2024-05-24,11:57:13,65.4273,27.62,24.75,3007,15026629.0,4.181729508009303e-05
2024-05-24,11:57:13,65.4342,27.62,24.75,3006,15026629.0,4.188423235136067e-05
2024-05-24,11:57:13,65.4413,27.62,24.75,3005,15026630.0,4.195127676964197e-05
2024-05-24,11:57:13,65.4483,27.62,24.75,3006,15026629.0,4.188423235136067e-05
2024-05-24,11:57:13,65.4552,27.62,24.75,3007,15026629.0,4.181729508009303e-05
2024-05-24,11:57:13,65.4621,27.62,24.75,3007,15026629.0,4.181729508009303e-05
2024-05-24,11:57:13,65.469,27.62,24.75,3007,15026630.0,4.181729508009303e-05
2024-05-24,11:57:13,65.476,27.62,24.75,3007,15026630.0,4.181729508009303e-05
2024-05-24,11:57:13,65.4829,27.62,24.75,3007,15026630.0,4.181729508009303e-05
2024-05-24,11:57:13,65.4898,27.62,24.75,3006,15026630.0,4.188423235136067e-05
2024-05-24,11:57:13,65.4967,27.62,24.5,3006,15026630.0,4.188423235136067e-05
2024-05-24,11:57:13,65.5036,27.62,24.5,3007,15026629.0,4.181729508009303e-05
2024-05-24,11:57:13,65.5105,27.62,24.5,3007,15026629.0,4.181729508009303e-05
2024-05-24,11:57:13,65.5176,27.62,24.5,3007,15026629.0,4.181729508009303e-05
2024-05-24,11:57:13,65.5246,27.62,24.5,3007,15026629.0,4.181729508009303e-05
2024-05-24,11:57:13,65.5315,27.62,24.5,3007,15026629.0,4.181729508009303e-05
2024-05-24,11:57:13,65.5384,27.62,24.5,3007,15026630.0,4.181729508009303e-05
2024-05-24,11:57:13,65.5453,27.62,24.5,3006,15026630.0,4.188423235136067e-05
2024-05-24,11:57:13,65.5524,27.62,24.5,3006,15026630.0,4.188423235136067e-05
2024-05-24,11:57:13,65.5594,27.62,24.5,3006,15026630.0,4.188423235136067e-05
2024-05-24,11:57:13,65.5663,27.62,24.5,3006,15026629.0,4.188423235136067e-05
2024-05-24,11:57:13,65.5732,27.62,24.5,3006,15026629.0,4.188423235136067e-05
2024-05-24,11:57:13,65.5801,27.62,24.5,3005,15026629.0,4.195127676964197e-05
2024-05-24,11:57:13,65.5871,27.62,24.5,3005,15026628.0,4.195127676964197e-05
2024-05-24,11:57:13,65.594,27.62,24.5,3005,15026628.0,4.195127676964197e-05
2024-05-24,11:57:13,65.6009,27.62,24.5,3005,15026628.0,4.195127676964197e-05
2024-05-24,11:57:13,65.6079,27.62,24.5,3005,15026629.0,4.195127676964197e-05
2024-05-24,11:57:13,65.615,27.62,24.5,3005,15026629.0,4.195127676964197e-05
2024-05-24,11:57:13,65.6219,27.62,24.5,3005,15026629.0,4.195127676964197e-05
2024-05-24,11:57:13,65.6288,27.62,24.5,3006,15026628.0,4.188423235136067e-05
2024-05-24,11:57:13,65.6358,27.62,24.5,3006,15026628.0,4.188423235136067e-05
2024-05-24,11:57:13,65.6429,27.62,24.5,3006,15026628.0,4.188423235136067e-05
2024-05-24,11:57:13,65.6498,27.62,24.5,3006,15026628.0,4.188423235136067e-05
2024-05-24,11:57:13,65.6567,27.62,24.5,3006,15026628.0,4.188423235136067e-05
2024-05-24,11:57:13,65.6636,27.62,24.5,3006,15026629.0,4.188423235136067e-05
2024-05-24,11:57:13,65.6705,27.62,24.5,3005,15026629.0,4.195127676964197e-05
2024-05-24,11:57:13,65.6776,27.62,24.5,3005,15026628.0,4.195127676964197e-05
2024-05-24,11:57:13,65.6845,27.62,24.5,3006,15026628.0,4.188423235136067e-05
2024-05-24,11:57:13,65.6914,27.62,24.5,3006,15026628.0,4.188423235136067e-05
2024-05-24,11:57:13,65.6984,27.62,24.5,3006,15026629.0,4.188423235136067e-05
2024-05-24,11:57:13,65.7053,27.62,24.5,3007,15026629.0,4.181729508009303e-05
2024-05-24,11:57:13,65.7122,27.62,24.5,3006,15026629.0,4.188423235136067e-05
2024-05-24,11:57:13,65.7192,27.62,24.5,3005,15026628.0,4.195127676964197e-05
2024-05-24,11:57:13,65.7261,27.62,24.5,3005,15026628.0,4.195127676964197e-05
2024-05-24,11:57:13,65.733,27.62,24.5,3006,15026630.0,4.188423235136067e-05
2024-05-24,11:57:13,65.7399,27.62,24.5,3006,15026629.0,4.188423235136067e-05
2024-05-24,11:57:13,65.7468,27.62,24.5,3006,15026629.0,4.188423235136067e-05
2024-05-24,11:57:13,65.7537,27.62,24.5,3007,15026629.0,4.181729508009303e-05
2024-05-24,11:57:13,65.7608,27.62,24.5,3006,15026627.0,4.188423235136067e-05
2024-05-24,11:57:14,65.7678,27.62,24.5,3005,15026627.0,4.195127676964197e-05
2024-05-24,11:57:14,65.7747,27.62,24.5,3005,15026628.0,4.195127676964197e-05
2024-05-24,11:57:14,65.7816,27.62,24.5,3006,15026627.0,4.188423235136067e-05
2024-05-24,11:57:14,65.7885,27.62,24.5,3007,15026628.0,4.181729508009303e-05
2024-05-24,11:57:14,65.7954,27.62,24.5,3006,15026628.0,4.188423235136067e-05
2024-05-24,11:57:14,65.8025,27.62,24.5,3005,15026627.0,4.195127676964197e-05
2024-05-24,11:57:14,65.8095,27.62,24.5,3006,15026628.0,4.188423235136067e-05
2024-05-24,11:57:14,65.8164,27.62,24.5,3006,15026628.0,4.188423235136067e-05
2024-05-24,11:57:14,65.8233,27.62,24.5,3005,15026629.0,4.195127676964197e-05
2024-05-24,11:57:14,65.8303,27.62,24.5,3005,15026628.0,4.195127676964197e-05
2024-05-24,11:57:14,65.8372,27.62,24.5,3005,15026627.0,4.195127676964197e-05
2024-05-24,11:57:14,65.8442,27.62,24.5,3005,15026628.0,4.195127676964197e-05
2024-05-24,11:57:14,65.8513,27.62,24.5,3006,15026628.0,4.188423235136067e-05
2024-05-24,11:57:14,65.8582,27.62,24.5,3006,15026628.0,4.188423235136067e-05
2024-05-24,11:57:14,65.8651,27.62,24.5,3005,15026628.0,4.195127676964197e-05
2024-05-24,11:57:14,65.872,27.62,24.5,3005,15026628.0,4.195127676964197e-05
2024-05-24,11:57:14,65.879,27.62,24.5,3005,15026628.0,4.195127676964197e-05
2024-05-24,11:57:14,65.8859,27.62,24.5,3006,15026628.0,4.188423235136067e-05
2024-05-24,11:57:14,65.8929,27.62,24.5,3006,15026628.0,4.188423235136067e-05
2024-05-24,11:57:14,65.8999,27.62,24.5,3005,15026627.0,4.195127676964197e-05
2024-05-24,11:57:14,65.9068,27.62,24.5,3005,15026627.0,4.195127676964197e-05
2024-05-24,11:57:14,65.9137,27.62,24.5,3006,15026628.0,4.188423235136067e-05
2024-05-24,11:57:14,65.9206,27.62,24.5,3007,15026628.0,4.181729508009303e-05
2024-05-24,11:57:14,65.9275,27.62,24.5,3007,15026627.0,4.181729508009303e-05
2024-05-24,11:57:14,65.9345,27.62,24.5,3006,15026627.0,4.188423235136067e-05
2024-05-24,11:57:14,65.9415,27.62,24.5,3006,15026629.0,4.188423235136067e-05
2024-05-24,11:57:14,65.9484,27.62,24.5,3006,15026629.0,4.188423235136067e-05
2024-05-24,11:57:14,65.9553,27.62,24.5,3005,15026628.0,4.195127676964197e-05
2024-05-24,11:57:14,65.9624,27.62,24.5,3005,15026627.0,4.195127676964197e-05
2024-05-24,11:57:14,65.9693,27.62,24.5,3005,15026627.0,4.195127676964197e-05
2024-05-24,11:57:14,65.9762,27.62,24.5,3005,15026628.0,4.195127676964197e-05
2024-05-24,11:57:14,65.9831,27.62,24.5,3005,15026628.0,4.195127676964197e-05
2024-05-24,11:57:14,65.99,27.62,24.5,3005,15026628.0,4.195127676964197e-05
2024-05-24,11:57:14,65.997,27.62,24.5,3005,15026628.0,4.195127676964197e-05
2024-05-24,11:57:14,66.0041,27.69,24.5,3005,15026628.0,4.195127676964197e-05
2024-05-24,11:57:14,66.011,27.69,24.5,3005,15026627.0,4.195127676964197e-05
2024-05-24,11:57:14,66.0179,27.69,24.5,3005,15026628.0,4.195127676964197e-05
2024-05-24,11:57:14,66.0248,27.69,24.5,3005,15026628.0,4.195127676964197e-05
2024-05-24,11:57:14,66.0317,27.69,24.5,3006,15026628.0,4.188423235136067e-05
2024-05-24,11:57:14,66.0386,27.69,24.5,3006,15026628.0,4.188423235136067e-05
2024-05-24,11:57:14,66.0456,27.69,24.5,3005,15026629.0,4.195127676964197e-05
2024-05-24,11:57:14,66.0526,27.69,24.5,3005,15026628.0,4.195127676964197e-05
2024-05-24,11:57:14,66.0596,27.69,24.5,3005,15026627.0,4.195127676964197e-05
2024-05-24,11:57:14,66.0665,27.69,24.5,3005,15026627.0,4.195127676964197e-05
2024-05-24,11:57:14,66.0735,27.69,24.5,3006,15026627.0,4.188423235136067e-05
2024-05-24,11:57:14,66.0804,27.69,24.5,3006,15026627.0,4.188423235136067e-05
2024-05-24,11:57:14,66.0873,27.69,24.5,3006,15026627.0,4.188423235136067e-05
2024-05-24,11:57:14,66.0942,27.69,24.5,3006,15026627.0,4.188423235136067e-05
2024-05-24,11:57:14,66.1011,27.69,24.5,3005,15026628.0,4.195127676964197e-05
2024-05-24,11:57:14,66.1081,27.69,24.5,3005,15026628.0,4.195127676964197e-05
2024-05-24,11:57:14,66.1151,27.69,24.5,3005,15026627.0,4.195127676964197e-05
2024-05-24,11:57:14,66.122,27.69,24.5,3005,15026628.0,4.195127676964197e-05
2024-05-24,11:57:14,66.129,27.69,24.5,3005,15026628.0,4.195127676964197e-05
2024-05-24,11:57:14,66.1361,27.69,24.5,3005,15026628.0,4.195127676964197e-05
2024-05-24,11:57:14,66.1431,27.69,24.5,3005,15026628.0,4.195127676964197e-05
2024-05-24,11:57:14,66.15,27.69,24.5,3006,15026628.0,4.188423235136067e-05
2024-05-24,11:57:14,66.1569,27.69,24.5,3006,15026628.0,4.188423235136067e-05
2024-05-24,11:57:14,66.1638,27.69,24.5,3005,15026627.0,4.195127676964197e-05
2024-05-24,11:57:14,66.1707,27.69,24.5,3006,15026627.0,4.188423235136067e-05
2024-05-24,11:57:14,66.1777,27.69,24.5,3006,15026627.0,4.188423235136067e-05
2024-05-24,11:57:14,66.1846,27.69,24.5,3005,15026627.0,4.195127676964197e-05
2024-05-24,11:57:14,66.1916,27.69,24.5,3005,15026627.0,4.195127676964197e-05
2024-05-24,11:57:14,66.1986,27.69,24.5,3005,15026627.0,4.195127676964197e-05
2024-05-24,11:57:14,66.2056,27.69,24.5,3005,15026628.0,4.195127676964197e-05
2024-05-24,11:57:14,66.2125,27.69,24.5,3005,15026628.0,4.195127676964197e-05
2024-05-24,11:57:14,66.2194,27.69,24.5,3005,15026627.0,4.195127676964197e-05
2024-05-24,11:57:14,66.2263,27.69,24.5,3005,15026627.0,4.195127676964197e-05
2024-05-24,11:57:14,66.2333,27.69,24.5,3005,15026627.0,4.195127676964197e-05
2024-05-24,11:57:14,66.2404,27.69,24.5,3005,15026627.0,4.195127676964197e-05
2024-05-24,11:57:14,66.2473,27.69,24.5,3005,15026628.0,4.195127676964197e-05
2024-05-24,11:57:14,66.2542,27.69,24.5,3005,15026628.0,4.195127676964197e-05
2024-05-24,11:57:14,66.2611,27.69,24.5,3005,15026627.0,4.195127676964197e-05
2024-05-24,11:57:14,66.268,27.69,24.5,3004,15026628.0,4.201842850644788e-05
2024-05-24,11:57:14,66.2749,27.69,24.5,3004,15026627.0,4.201842850644788e-05
2024-05-24,11:57:14,66.2818,27.69,24.5,3005,15026627.0,4.195127676964197e-05
2024-05-24,11:57:14,66.2889,27.69,24.5,3005,15026627.0,4.195127676964197e-05
2024-05-24,11:57:14,66.2958,27.69,24.5,3005,15026627.0,4.195127676964197e-05
2024-05-24,11:57:14,66.3027,27.69,24.5,3005,15026627.0,4.195127676964197e-05
2024-05-24,11:57:14,66.3097,27.69,24.5,3005,15026627.0,4.195127676964197e-05
2024-05-24,11:57:14,66.3167,27.69,24.5,3005,15026627.0,4.195127676964197e-05
2024-05-24,11:57:14,66.3237,27.69,24.5,3005,15026628.0,4.195127676964197e-05
2024-05-24,11:57:14,66.3306,27.69,24.5,3005,15026627.0,4.195127676964197e-05
2024-05-24,11:57:14,66.3375,27.69,24.5,3005,15026628.0,4.195127676964197e-05
2024-05-24,11:57:14,66.3446,27.69,24.5,3005,15026628.0,4.195127676964197e-05
2024-05-24,11:57:14,66.3515,27.69,24.5,3005,15026627.0,4.195127676964197e-05
2024-05-24,11:57:14,66.3584,27.69,24.5,3005,15026627.0,4.195127676964197e-05
2024-05-24,11:57:14,66.3653,27.69,24.5,3005,15026627.0,4.195127676964197e-05
2024-05-24,11:57:14,66.3722,27.69,24.5,3005,15026627.0,4.195127676964197e-05
2024-05-24,11:57:14,66.3793,27.69,24.5,3005,15026627.0,4.195127676964197e-05
2024-05-24,11:57:14,66.3863,27.69,24.5,3005,15026627.0,4.195127676964197e-05
2024-05-24,11:57:14,66.3932,27.69,24.5,3005,15026627.0,4.195127676964197e-05
2024-05-24,11:57:14,66.4001,27.69,24.5,3004,15026626.0,4.201842850644788e-05
2024-05-24,11:57:14,66.407,27.69,24.5,3004,15026626.0,4.201842850644788e-05
2024-05-24,11:57:14,66.4139,27.69,24.5,3005,15026627.0,4.195127676964197e-05
2024-05-24,11:57:14,66.421,27.69,24.5,3005,15026627.0,4.195127676964197e-05
2024-05-24,11:57:14,66.428,27.69,24.5,3005,15026627.0,4.195127676964197e-05
2024-05-24,11:57:14,66.4349,27.69,24.5,3005,15026627.0,4.195127676964197e-05
2024-05-24,11:57:14,66.4418,27.69,24.5,3004,15026625.0,4.201842850644788e-05
2024-05-24,11:57:14,66.4488,27.69,24.5,3004,15026626.0,4.201842850644788e-05
2024-05-24,11:57:14,66.4557,27.69,24.5,3004,15026625.0,4.201842850644788e-05
2024-05-24,11:57:14,66.4627,27.69,24.5,3004,15026625.0,4.201842850644788e-05
2024-05-24,11:57:14,66.4697,27.69,24.5,3005,15026626.0,4.195127676964197e-05
2024-05-24,11:57:14,66.4767,27.69,24.5,3005,15026626.0,4.195127676964197e-05
2024-05-24,11:57:14,66.4836,27.69,24.5,3004,15026626.0,4.201842850644788e-05
2024-05-24,11:57:14,66.4905,27.69,24.5,3004,15026626.0,4.201842850644788e-05
2024-05-24,11:57:14,66.4975,27.69,24.5,3004,15026626.0,4.201842850644788e-05
2024-05-24,11:57:14,66.5046,27.69,24.5,3004,15026626.0,4.201842850644788e-05
2024-05-24,11:57:14,66.5115,27.69,24.75,3004,15026626.0,4.201842850644788e-05
2024-05-24,11:57:14,66.5184,27.69,24.75,3004,15026626.0,4.201842850644788e-05
2024-05-24,11:57:14,66.5254,27.69,24.75,3005,15026627.0,4.195127676964197e-05
2024-05-24,11:57:14,66.5325,27.69,24.75,3005,15026627.0,4.195127676964197e-05
2024-05-24,11:57:14,66.5394,27.69,24.75,3005,15026627.0,4.195127676964197e-05
2024-05-24,11:57:14,66.5463,27.69,24.75,3004,15026627.0,4.201842850644788e-05
2024-05-24,11:57:14,66.5532,27.69,24.75,3003,15026627.0,4.20856877335641e-05
2024-05-24,11:57:14,66.5602,27.69,24.75,3004,15026626.0,4.201842850644788e-05
2024-05-24,11:57:14,66.5673,27.69,24.75,3005,15026627.0,4.195127676964197e-05
2024-05-24,11:57:14,66.5742,27.69,24.75,3005,15026627.0,4.195127676964197e-05
2024-05-24,11:57:14,66.5811,27.69,24.75,3004,15026626.0,4.201842850644788e-05
2024-05-24,11:57:14,66.5881,27.69,24.75,3004,15026626.0,4.201842850644788e-05
2024-05-24,11:57:14,66.5952,27.69,24.75,3005,15026626.0,4.195127676964197e-05
2024-05-24,11:57:14,66.6021,27.69,24.75,3005,15026625.0,4.195127676964197e-05
2024-05-24,11:57:14,66.609,27.69,24.75,3005,15026627.0,4.195127676964197e-05
2024-05-24,11:57:14,66.6159,27.69,24.75,3004,15026627.0,4.201842850644788e-05
2024-05-24,11:57:14,66.6228,27.69,24.75,3003,15026626.0,4.20856877335641e-05
2024-05-24,11:57:14,66.6299,27.69,24.75,3004,15026626.0,4.201842850644788e-05
2024-05-24,11:57:14,66.6369,27.69,24.75,3004,15026626.0,4.201842850644788e-05
2024-05-24,11:57:14,66.6438,27.69,24.75,3003,15026626.0,4.20856877335641e-05
2024-05-24,11:57:14,66.6507,27.69,24.75,3004,15026627.0,4.201842850644788e-05
2024-05-24,11:57:14,66.6577,27.69,24.75,3005,15026626.0,4.195127676964197e-05
2024-05-24,11:57:14,66.6646,27.69,24.75,3004,15026626.0,4.201842850644788e-05
2024-05-24,11:57:14,66.6715,27.69,24.75,3004,15026625.0,4.201842850644788e-05
2024-05-24,11:57:14,66.6784,27.69,24.75,3004,15026625.0,4.201842850644788e-05
2024-05-24,11:57:14,66.6853,27.69,24.75,3003,15026626.0,4.20856877335641e-05
2024-05-24,11:57:14,66.6923,27.69,24.75,3003,15026626.0,4.20856877335641e-05
2024-05-24,11:57:14,66.6994,27.69,24.75,3004,15026625.0,4.201842850644788e-05
2024-05-24,11:57:14,66.7063,27.69,24.75,3004,15026625.0,4.201842850644788e-05
2024-05-24,11:57:14,66.7132,27.69,24.75,3004,15026625.0,4.201842850644788e-05
2024-05-24,11:57:14,66.7201,27.69,24.75,3004,15026625.0,4.201842850644788e-05
2024-05-24,11:57:14,66.727,27.69,24.75,3003,15026626.0,4.20856877335641e-05
2024-05-24,11:57:14,66.7339,27.69,24.75,3003,15026626.0,4.20856877335641e-05
2024-05-24,11:57:14,66.741,27.69,24.75,3004,15026625.0,4.201842850644788e-05
2024-05-24,11:57:14,66.748,27.69,24.75,3004,15026626.0,4.201842850644788e-05
2024-05-24,11:57:14,66.7549,27.69,24.75,3003,15026626.0,4.20856877335641e-05
2024-05-24,11:57:14,66.7618,27.69,24.75,3003,15026625.0,4.20856877335641e-05
2024-05-24,11:57:15,66.7689,27.69,24.75,3004,15026625.0,4.201842850644788e-05
2024-05-24,11:57:15,66.7759,27.69,24.75,3004,15026625.0,4.201842850644788e-05
2024-05-24,11:57:15,66.7828,27.69,24.75,3004,15026625.0,4.201842850644788e-05
2024-05-24,11:57:15,66.7897,27.69,24.75,3004,15026625.0,4.201842850644788e-05
2024-05-24,11:57:15,66.7967,27.69,24.75,3003,15026625.0,4.20856877335641e-05
2024-05-24,11:57:15,66.8036,27.69,24.75,3004,15026627.0,4.201842850644788e-05
2024-05-24,11:57:15,66.8105,27.69,24.75,3004,15026627.0,4.201842850644788e-05
2024-05-24,11:57:15,66.8174,27.69,24.75,3003,15026625.0,4.20856877335641e-05
2024-05-24,11:57:15,66.8244,27.69,24.75,3003,15026625.0,4.20856877335641e-05
2024-05-24,11:57:15,66.8315,27.69,24.75,3004,15026627.0,4.201842850644788e-05
2024-05-24,11:57:15,66.8384,27.69,24.75,3004,15026626.0,4.201842850644788e-05
2024-05-24,11:57:15,66.8453,27.69,24.75,3003,15026624.0,4.20856877335641e-05
2024-05-24,11:57:15,66.8522,27.69,24.75,3003,15026625.0,4.20856877335641e-05
2024-05-24,11:57:15,66.8593,27.69,24.75,3003,15026625.0,4.20856877335641e-05
2024-05-24,11:57:15,66.8663,27.69,24.75,3003,15026625.0,4.20856877335641e-05
2024-05-24,11:57:15,66.8732,27.69,24.75,3003,15026626.0,4.20856877335641e-05
2024-05-24,11:57:15,66.8801,27.69,24.75,3004,15026626.0,4.201842850644788e-05
2024-05-24,11:57:15,66.887,27.69,24.75,3004,15026624.0,4.201842850644788e-05
2024-05-24,11:57:15,66.8941,27.69,24.75,3003,15026624.0,4.20856877335641e-05
2024-05-24,11:57:15,66.9011,27.69,24.75,3003,15026626.0,4.20856877335641e-05
2024-05-24,11:57:15,66.908,27.69,24.75,3003,15026626.0,4.20856877335641e-05
2024-05-24,11:57:15,66.9149,27.69,24.75,3003,15026625.0,4.20856877335641e-05
2024-05-24,11:57:15,66.9218,27.69,24.75,3004,15026625.0,4.201842850644788e-05
2024-05-24,11:57:15,66.9289,27.69,24.75,3004,15026624.0,4.201842850644788e-05
2024-05-24,11:57:15,66.9359,27.69,24.75,3003,15026624.0,4.20856877335641e-05
2024-05-24,11:57:15,66.9428,27.69,24.75,3003,15026625.0,4.20856877335641e-05
2024-05-24,11:57:15,66.9497,27.69,24.75,3003,15026625.0,4.20856877335641e-05
2024-05-24,11:57:15,66.9567,27.69,24.75,3003,15026625.0,4.20856877335641e-05
2024-05-24,11:57:15,66.9636,27.69,24.75,3003,15026625.0,4.20856877335641e-05
2024-05-24,11:57:15,66.9705,27.69,24.75,3003,15026625.0,4.20856877335641e-05
2024-05-24,11:57:15,66.9775,27.69,24.75,3003,15026626.0,4.20856877335641e-05
2024-05-24,11:57:15,66.9846,27.69,24.75,3003,15026625.0,4.20856877335641e-05
2024-05-24,11:57:15,66.9913,27.69,24.75,3003,15026625.0,4.20856877335641e-05
2024-05-24,11:57:15,66.9983,27.69,24.75,3003,15026625.0,4.20856877335641e-05
2024-05-24,11:57:15,67.0053,27.69,24.75,3003,15026625.0,4.20856877335641e-05
2024-05-24,11:57:15,67.0122,27.69,24.75,3003,15026625.0,4.20856877335641e-05
2024-05-24,11:57:15,67.0191,27.69,24.75,3003,15026625.0,4.20856877335641e-05
2024-05-24,11:57:15,67.0262,27.69,24.75,3003,15026625.0,4.20856877335641e-05
2024-05-24,11:57:15,67.0332,27.69,24.75,3003,15026625.0,4.20856877335641e-05
2024-05-24,11:57:15,67.0401,27.69,24.75,3003,15026625.0,4.20856877335641e-05
2024-05-24,11:57:15,67.0472,27.69,24.75,3003,15026625.0,4.20856877335641e-05
2024-05-24,11:57:15,67.0542,27.69,24.75,3003,15026625.0,4.20856877335641e-05
2024-05-24,11:57:15,67.0611,27.69,24.75,3003,15026625.0,4.20856877335641e-05
2024-05-24,11:57:15,67.0679,27.69,24.75,3003,15026626.0,4.20856877335641e-05
2024-05-24,11:57:15,67.0748,27.69,24.75,3004,15026626.0,4.201842850644788e-05
2024-05-24,11:57:15,67.0818,27.69,24.75,3004,15026625.0,4.201842850644788e-05
2024-05-24,11:57:15,67.0888,27.69,24.75,3003,15026626.0,4.20856877335641e-05
2024-05-24,11:57:15,67.0957,27.69,24.75,3003,15026626.0,4.20856877335641e-05
2024-05-24,11:57:15,67.1026,27.69,24.75,3003,15026626.0,4.20856877335641e-05
2024-05-24,11:57:15,67.1096,27.69,24.75,3003,15026625.0,4.20856877335641e-05
2024-05-24,11:57:15,67.1167,27.69,24.75,3004,15026625.0,4.201842850644788e-05
2024-05-24,11:57:15,67.1236,27.69,24.75,3004,15026625.0,4.201842850644788e-05
2024-05-24,11:57:15,67.1305,27.69,24.75,3003,15026625.0,4.20856877335641e-05
2024-05-24,11:57:15,67.1374,27.69,24.75,3003,15026626.0,4.20856877335641e-05
2024-05-24,11:57:15,67.1443,27.69,24.75,3008,15026622.0,4.175046478460198e-05
2024-05-24,11:57:15,67.1512,27.69,24.75,3008,15026623.0,4.175046478460198e-05
2024-05-24,11:57:15,67.1581,27.69,24.75,3003,15026626.0,4.20856877335641e-05
2024-05-24,11:57:15,67.1652,27.69,24.75,3003,15026625.0,4.20856877335641e-05
2024-05-24,11:57:15,67.1722,27.69,24.75,3003,15026626.0,4.20856877335641e-05
2024-05-24,11:57:15,67.1791,27.69,24.75,3003,15026626.0,4.20856877335641e-05
2024-05-24,11:57:15,67.186,27.69,24.75,3004,15026625.0,4.201842850644788e-05
2024-05-24,11:57:15,67.1931,27.69,24.75,3004,15026625.0,4.201842850644788e-05
2024-05-24,11:57:15,67.2,27.69,24.75,3004,15026625.0,4.201842850644788e-05
2024-05-24,11:57:15,67.2069,27.69,24.75,3004,15026624.0,4.201842850644788e-05
2024-05-24,11:57:15,67.2139,27.69,24.75,3003,15026624.0,4.20856877335641e-05
2024-05-24,11:57:15,67.2209,27.69,24.75,3003,15026624.0,4.20856877335641e-05
2024-05-24,11:57:15,67.2279,27.69,24.75,3003,15026624.0,4.20856877335641e-05
2024-05-24,11:57:15,67.2348,27.69,24.75,3003,15026624.0,4.20856877335641e-05
2024-05-24,11:57:15,67.2417,27.69,24.75,3003,15026624.0,4.20856877335641e-05
2024-05-24,11:57:15,67.2488,27.69,24.75,3004,15026626.0,4.201842850644788e-05
2024-05-24,11:57:15,67.2557,27.69,24.75,3004,15026626.0,4.201842850644788e-05
2024-05-24,11:57:15,67.2626,27.69,24.75,3003,15026625.0,4.20856877335641e-05
2024-05-24,11:57:15,67.2695,27.69,24.75,3004,15026624.0,4.201842850644788e-05
2024-05-24,11:57:15,67.2764,27.69,24.75,3004,15026624.0,4.201842850644788e-05
2024-05-24,11:57:15,67.2834,27.69,24.75,3003,15026625.0,4.20856877335641e-05
2024-05-24,11:57:15,67.2905,27.69,24.75,3002,15026625.0,4.215305462305114e-05
2024-05-24,11:57:15,67.2974,27.69,24.75,3002,15026624.0,4.215305462305114e-05
2024-05-24,11:57:15,67.3043,27.69,24.75,3003,15026625.0,4.20856877335641e-05
2024-05-24,11:57:15,67.3113,27.69,24.75,3003,15026625.0,4.20856877335641e-05
2024-05-24,11:57:15,67.3183,27.69,24.75,3002,15026623.0,4.215305462305114e-05
2024-05-24,11:57:15,67.3252,27.69,24.75,3002,15026623.0,4.215305462305114e-05
2024-05-24,11:57:15,67.3322,27.69,24.75,3002,15026624.0,4.215305462305114e-05
2024-05-24,11:57:15,67.3391,27.69,24.75,3002,15026624.0,4.215305462305114e-05
2024-05-24,11:57:15,67.3462,27.69,24.75,3003,15026624.0,4.20856877335641e-05
2024-05-24,11:57:15,67.3531,27.69,24.75,3003,15026624.0,4.20856877335641e-05
2024-05-24,11:57:15,67.36,27.69,24.75,3003,15026624.0,4.20856877335641e-05
2024-05-24,11:57:15,67.367,27.69,24.75,3003,15026624.0,4.20856877335641e-05
2024-05-24,11:57:15,67.3741,27.69,24.75,3003,15026624.0,4.20856877335641e-05
2024-05-24,11:57:15,67.381,27.69,24.75,3003,15026624.0,4.20856877335641e-05
2024-05-24,11:57:15,67.3879,27.69,24.75,3003,15026624.0,4.20856877335641e-05
2024-05-24,11:57:15,67.3949,27.69,24.75,3003,15026625.0,4.20856877335641e-05
2024-05-24,11:57:15,67.4018,27.69,24.75,3002,15026624.0,4.215305462305114e-05
2024-05-24,11:57:15,67.4088,27.69,24.75,3002,15026624.0,4.215305462305114e-05
2024-05-24,11:57:15,67.4157,27.69,24.75,3003,15026624.0,4.20856877335641e-05
2024-05-24,11:57:15,67.4226,27.69,24.75,3002,15026625.0,4.215305462305114e-05
2024-05-24,11:57:15,67.4296,27.69,24.75,3002,15026625.0,4.215305462305114e-05
2024-05-24,11:57:15,67.4367,27.69,24.75,3003,15026624.0,4.20856877335641e-05
2024-05-24,11:57:15,67.4436,27.69,24.75,3003,15026625.0,4.20856877335641e-05
2024-05-24,11:57:15,67.4506,27.69,24.75,3003,15026624.0,4.20856877335641e-05
2024-05-24,11:57:15,67.4577,27.69,24.75,3002,15026624.0,4.215305462305114e-05
2024-05-24,11:57:15,67.4646,27.69,24.75,3002,15026624.0,4.215305462305114e-05
2024-05-24,11:57:15,67.4715,27.69,24.75,3003,15026624.0,4.20856877335641e-05
2024-05-24,11:57:15,67.4784,27.69,24.75,3003,15026624.0,4.20856877335641e-05
2024-05-24,11:57:15,67.4853,27.69,24.75,3002,15026623.0,4.215305462305114e-05
2024-05-24,11:57:15,67.4923,27.69,24.75,3002,15026623.0,4.215305462305114e-05
2024-05-24,11:57:15,67.4994,27.69,24.75,3003,15026624.0,4.20856877335641e-05
2024-05-24,11:57:15,67.5063,27.69,24.75,3003,15026625.0,4.20856877335641e-05
2024-05-24,11:57:15,67.5133,27.69,24.75,3002,15026623.0,4.215305462305114e-05
2024-05-24,11:57:15,67.5204,27.69,24.75,3002,15026623.0,4.215305462305114e-05
2024-05-24,11:57:15,67.5273,27.69,24.75,3002,15026624.0,4.215305462305114e-05
2024-05-24,11:57:15,67.5342,27.69,24.75,3002,15026624.0,4.215305462305114e-05
2024-05-24,11:57:15,67.5411,27.69,24.75,3002,15026623.0,4.215305462305114e-05
2024-05-24,11:57:15,67.548,27.69,24.75,3002,15026624.0,4.215305462305114e-05
2024-05-24,11:57:15,67.5551,27.69,24.75,3002,15026623.0,4.215305462305114e-05
2024-05-24,11:57:15,67.5622,27.69,24.75,3002,15026624.0,4.215305462305114e-05
2024-05-24,11:57:15,67.5691,27.69,24.75,3003,15026624.0,4.20856877335641e-05
2024-05-24,11:57:15,67.5761,27.69,24.75,3003,15026623.0,4.20856877335641e-05
2024-05-24,11:57:15,67.5831,27.69,24.75,3002,15026624.0,4.215305462305114e-05
2024-05-24,11:57:15,67.59,27.69,24.75,3002,15026624.0,4.215305462305114e-05
2024-05-24,11:57:15,67.597,27.69,24.75,3002,15026624.0,4.215305462305114e-05
2024-05-24,11:57:15,67.6041,27.69,24.75,3001,15026624.0,4.222052934724505e-05
2024-05-24,11:57:15,67.6109,27.69,24.75,3001,15026624.0,4.222052934724505e-05
2024-05-24,11:57:15,67.6178,27.69,24.75,3001,15026625.0,4.222052934724505e-05
2024-05-24,11:57:15,67.6248,27.69,24.75,3001,15026624.0,4.222052934724505e-05
2024-05-24,11:57:15,67.6319,27.69,24.75,3002,15026623.0,4.215305462305114e-05
2024-05-24,11:57:15,67.6389,27.69,24.75,3003,15026624.0,4.20856877335641e-05
2024-05-24,11:57:15,67.6458,27.69,24.75,3003,15026624.0,4.20856877335641e-05
2024-05-24,11:57:15,67.6527,27.69,24.75,3002,15026624.0,4.215305462305114e-05
2024-05-24,11:57:15,67.6596,27.69,24.75,3002,15026624.0,4.215305462305114e-05
2024-05-24,11:57:15,67.6665,27.69,24.75,3002,15026624.0,4.215305462305114e-05
2024-05-24,11:57:15,67.6735,27.69,24.75,3002,15026624.0,4.215305462305114e-05
2024-05-24,11:57:15,67.6805,27.69,24.75,3003,15026625.0,4.20856877335641e-05
2024-05-24,11:57:15,67.6874,27.69,24.75,3003,15026624.0,4.20856877335641e-05
2024-05-24,11:57:15,67.6943,27.69,24.75,3002,15026623.0,4.215305462305114e-05
2024-05-24,11:57:15,67.7012,27.69,24.75,3001,15026624.0,4.222052934724505e-05
2024-05-24,11:57:15,67.7081,27.69,24.75,3002,15026624.0,4.215305462305114e-05
2024-05-24,11:57:15,67.7153,27.69,24.75,3003,15026623.0,4.20856877335641e-05
2024-05-24,11:57:15,67.7224,27.69,24.75,3002,15026622.0,4.215305462305114e-05
2024-05-24,11:57:15,67.7293,27.69,24.75,3001,15026623.0,4.222052934724505e-05
2024-05-24,11:57:15,67.7362,27.69,24.75,3001,15026624.0,4.222052934724505e-05
2024-05-24,11:57:15,67.7432,27.69,24.75,3002,15026623.0,4.215305462305114e-05
2024-05-24,11:57:15,67.7503,27.69,24.75,3002,15026623.0,4.215305462305114e-05
2024-05-24,11:57:15,67.7572,27.69,24.75,3001,15026624.0,4.222052934724505e-05
2024-05-24,11:57:15,67.7641,27.69,24.75,3001,15026623.0,4.222052934724505e-05
2024-05-24,11:57:16,67.771,27.69,24.75,3002,15026622.0,4.215305462305114e-05
2024-05-24,11:57:16,67.778,27.69,24.75,3002,15026623.0,4.215305462305114e-05
2024-05-24,11:57:16,67.7851,27.69,24.75,3002,15026623.0,4.215305462305114e-05
2024-05-24,11:57:16,67.792,27.69,24.75,3002,15026624.0,4.215305462305114e-05
2024-05-24,11:57:16,67.7989,27.69,24.75,3001,15026624.0,4.222052934724505e-05
2024-05-24,11:57:16,67.8059,27.69,24.75,3001,15026623.0,4.222052934724505e-05
2024-05-24,11:57:16,67.813,27.69,24.75,3002,15026623.0,4.215305462305114e-05
2024-05-24,11:57:16,67.8199,27.69,24.75,3003,15026623.0,4.20856877335641e-05
2024-05-24,11:57:16,67.8268,27.69,24.75,3003,15026623.0,4.20856877335641e-05
2024-05-24,11:57:16,67.8337,27.69,24.75,3002,15026623.0,4.215305462305114e-05
2024-05-24,11:57:16,67.8408,27.69,24.75,3002,15026623.0,4.215305462305114e-05
2024-05-24,11:57:16,67.8478,27.69,24.75,3003,15026624.0,4.20856877335641e-05
2024-05-24,11:57:16,67.8547,27.69,24.75,3003,15026623.0,4.20856877335641e-05
2024-05-24,11:57:16,67.8616,27.69,24.75,3002,15026622.0,4.215305462305114e-05
2024-05-24,11:57:16,67.8687,27.69,24.75,3002,15026622.0,4.215305462305114e-05
2024-05-24,11:57:16,67.8756,27.69,24.75,3002,15026622.0,4.215305462305114e-05
2024-05-24,11:57:16,67.8824,27.69,24.75,3001,15026623.0,4.222052934724505e-05
2024-05-24,11:57:16,67.8894,27.69,24.75,3001,15026623.0,4.222052934724505e-05
2024-05-24,11:57:16,67.8964,27.69,24.75,3002,15026622.0,4.215305462305114e-05
2024-05-24,11:57:16,67.9033,27.69,24.75,3002,15026622.0,4.215305462305114e-05
2024-05-24,11:57:16,67.9104,27.69,24.75,3001,15026623.0,4.222052934724505e-05
2024-05-24,11:57:16,67.9174,27.69,24.75,3001,15026623.0,4.222052934724505e-05
2024-05-24,11:57:16,67.9243,27.69,24.75,3002,15026623.0,4.215305462305114e-05
2024-05-24,11:57:16,67.9313,27.69,24.75,3002,15026622.0,4.215305462305114e-05
2024-05-24,11:57:16,67.9382,27.69,24.75,3001,15026623.0,4.222052934724505e-05
2024-05-24,11:57:16,67.9452,27.69,24.75,3001,15026623.0,4.222052934724505e-05
2024-05-24,11:57:16,67.9522,27.69,24.75,3001,15026623.0,4.222052934724505e-05
2024-05-24,11:57:16,67.9592,27.69,24.75,3001,15026622.0,4.222052934724505e-05
2024-05-24,11:57:16,67.9661,27.69,24.75,3001,15026622.0,4.222052934724505e-05
2024-05-24,11:57:16,67.973,27.69,24.75,3001,15026622.0,4.222052934724505e-05
2024-05-24,11:57:16,67.98,27.69,24.75,3001,15026623.0,4.222052934724505e-05
2024-05-24,11:57:16,67.9871,27.69,24.75,3001,15026622.0,4.222052934724505e-05
2024-05-24,11:57:16,67.994,27.69,24.75,3001,15026622.0,4.222052934724505e-05
2024-05-24,11:57:16,68.0009,27.69,24.75,3001,15026622.0,4.222052934724505e-05
2024-05-24,11:57:16,68.0078,27.69,24.75,3001,15026622.0,4.222052934724505e-05
2024-05-24,11:57:16,68.0148,27.62,24.75,3001,15026623.0,4.222052934724505e-05
2024-05-24,11:57:16,68.0219,27.62,24.75,3001,15026622.0,4.222052934724505e-05
2024-05-24,11:57:16,68.0288,27.62,24.75,3001,15026622.0,4.222052934724505e-05
2024-05-24,11:57:16,68.0357,27.62,24.75,3001,15026622.0,4.222052934724505e-05
2024-05-24,11:57:16,68.0427,27.62,24.75,3001,15026623.0,4.222052934724505e-05
2024-05-24,11:57:16,68.0498,27.62,24.75,3001,15026622.0,4.222052934724505e-05
2024-05-24,11:57:16,68.0567,27.62,24.75,3001,15026623.0,4.222052934724505e-05
2024-05-24,11:57:16,68.0637,27.62,24.75,3001,15026624.0,4.222052934724505e-05
2024-05-24,11:57:16,68.0708,27.62,24.75,3001,15026623.0,4.222052934724505e-05
2024-05-24,11:57:16,68.0777,27.62,24.75,3002,15026621.0,4.215305462305114e-05
2024-05-24,11:57:16,68.0846,27.62,24.75,3002,15026622.0,4.215305462305114e-05
2024-05-24,11:57:16,68.0915,27.62,24.75,3001,15026623.0,4.222052934724505e-05
2024-05-24,11:57:16,68.0984,27.62,24.75,3001,15026623.0,4.222052934724505e-05
2024-05-24,11:57:16,68.1053,27.62,24.75,3001,15026623.0,4.222052934724505e-05
2024-05-24,11:57:16,68.1124,27.62,24.75,3001,15026623.0,4.222052934724505e-05
2024-05-24,11:57:16,68.1194,27.62,24.75,3001,15026622.0,4.222052934724505e-05
2024-05-24,11:57:16,68.1265,27.62,24.75,3001,15026622.0,4.222052934724505e-05
2024-05-24,11:57:16,68.1335,27.62,24.75,3002,15026621.0,4.215305462305114e-05
2024-05-24,11:57:16,68.1403,27.62,24.75,3002,15026620.0,4.215305462305114e-05
2024-05-24,11:57:16,68.1472,27.62,24.75,3001,15026621.0,4.222052934724505e-05
2024-05-24,11:57:16,68.1544,27.62,24.75,3001,15026622.0,4.222052934724505e-05
2024-05-24,11:57:16,68.1614,27.62,24.75,3001,15026623.0,4.222052934724505e-05
2024-05-24,11:57:16,68.1683,27.62,24.75,3001,15026623.0,4.222052934724505e-05
2024-05-24,11:57:16,68.1752,27.62,24.75,3001,15026623.0,4.222052934724505e-05
2024-05-24,11:57:16,68.1821,27.62,24.75,3001,15026622.0,4.222052934724505e-05
2024-05-24,11:57:16,68.1892,27.62,24.75,3001,15026622.0,4.222052934724505e-05
2024-05-24,11:57:16,68.1962,27.62,24.75,3001,15026621.0,4.222052934724505e-05
2024-05-24,11:57:16,68.2031,27.62,24.75,3001,15026621.0,4.222052934724505e-05
2024-05-24,11:57:16,68.21,27.62,24.75,3001,15026621.0,4.222052934724505e-05
2024-05-24,11:57:16,68.2171,27.62,24.75,3001,15026622.0,4.222052934724505e-05
2024-05-24,11:57:16,68.2241,27.62,24.75,3001,15026622.0,4.222052934724505e-05
2024-05-24,11:57:16,68.2309,27.62,24.75,3002,15026622.0,4.215305462305114e-05
2024-05-24,11:57:16,68.2377,27.62,24.75,3002,15026622.0,4.215305462305114e-05
2024-05-24,11:57:16,68.2447,27.62,24.75,3001,15026623.0,4.222052934724505e-05
2024-05-24,11:57:16,68.2518,27.62,24.75,3001,15026622.0,4.222052934724505e-05
2024-05-24,11:57:16,68.2587,27.62,24.75,3001,15026622.0,4.222052934724505e-05
2024-05-24,11:57:16,68.2657,27.62,24.75,3001,15026622.0,4.222052934724505e-05
2024-05-24,11:57:16,68.2726,27.62,24.75,3001,15026622.0,4.222052934724505e-05
2024-05-24,11:57:16,68.2795,27.62,24.75,3002,15026624.0,4.215305462305114e-05
2024-05-24,11:57:16,68.2866,27.62,24.75,3003,15026624.0,4.20856877335641e-05
2024-05-24,11:57:16,68.2935,27.62,24.75,3002,15026622.0,4.215305462305114e-05
2024-05-24,11:57:16,68.3005,27.62,24.75,3001,15026622.0,4.222052934724505e-05
2024-05-24,11:57:16,68.3076,27.62,24.75,3001,15026622.0,4.222052934724505e-05
2024-05-24,11:57:16,68.3145,27.62,24.75,3001,15026622.0,4.222052934724505e-05
2024-05-24,11:57:16,68.3214,27.62,24.75,3001,15026621.0,4.222052934724505e-05
2024-05-24,11:57:16,68.3283,27.62,24.75,3001,15026621.0,4.222052934724505e-05
2024-05-24,11:57:16,68.3353,27.62,24.75,3001,15026622.0,4.222052934724505e-05
2024-05-24,11:57:16,68.3424,27.62,24.75,3001,15026622.0,4.222052934724505e-05
2024-05-24,11:57:16,68.3493,27.62,24.75,3001,15026622.0,4.222052934724505e-05
2024-05-24,11:57:16,68.3562,27.62,24.75,3001,15026622.0,4.222052934724505e-05
2024-05-24,11:57:16,68.3633,27.62,24.75,3001,15026622.0,4.222052934724505e-05
2024-05-24,11:57:16,68.3703,27.62,24.75,3001,15026621.0,4.222052934724505e-05
2024-05-24,11:57:16,68.3772,27.62,24.75,3001,15026622.0,4.222052934724505e-05
2024-05-24,11:57:16,68.3841,27.62,24.75,3001,15026621.0,4.222052934724505e-05
2024-05-24,11:57:16,68.3912,27.62,24.75,3001,15026622.0,4.222052934724505e-05
2024-05-24,11:57:16,68.3982,27.62,24.75,3001,15026622.0,4.222052934724505e-05
2024-05-24,11:57:16,68.4051,27.62,24.75,3001,15026622.0,4.222052934724505e-05
2024-05-24,11:57:16,68.412,27.62,24.75,3001,15026623.0,4.222052934724505e-05
2024-05-24,11:57:16,68.4189,27.62,24.75,3001,15026622.0,4.222052934724505e-05
2024-05-24,11:57:16,68.426,27.62,24.75,3001,15026621.0,4.222052934724505e-05
2024-05-24,11:57:16,68.433,27.62,24.75,3001,15026621.0,4.222052934724505e-05
2024-05-24,11:57:16,68.4398,27.62,24.75,3001,15026621.0,4.222052934724505e-05
2024-05-24,11:57:16,68.4467,27.62,24.75,3001,15026621.0,4.222052934724505e-05
2024-05-24,11:57:16,68.4537,27.62,24.75,3002,15026621.0,4.215305462305114e-05
2024-05-24,11:57:16,68.4608,27.62,24.75,3002,15026622.0,4.215305462305114e-05
2024-05-24,11:57:16,68.4678,27.62,24.75,3001,15026622.0,4.222052934724505e-05
2024-05-24,11:57:16,68.4747,27.62,24.75,3001,15026621.0,4.222052934724505e-05
2024-05-24,11:57:16,68.4817,27.62,24.75,3001,15026621.0,4.222052934724505e-05
2024-05-24,11:57:16,68.4887,27.62,24.75,3001,15026622.0,4.222052934724505e-05
2024-05-24,11:57:16,68.4957,27.62,24.75,3001,15026622.0,4.222052934724505e-05
2024-05-24,11:57:16,68.5026,27.62,24.75,3001,15026622.0,4.222052934724505e-05
2024-05-24,11:57:16,68.5096,27.62,24.75,3001,15026622.0,4.222052934724505e-05
2024-05-24,11:57:16,68.5166,27.69,24.75,3000,15026621.0,4.228811207875762e-05
2024-05-24,11:57:16,68.5236,27.69,24.75,3001,15026620.0,4.222052934724505e-05
2024-05-24,11:57:16,68.5305,27.69,24.75,3002,15026621.0,4.215305462305114e-05
2024-05-24,11:57:16,68.5375,27.69,24.75,3001,15026622.0,4.222052934724505e-05
2024-05-24,11:57:16,68.5444,27.69,24.75,3000,15026621.0,4.228811207875762e-05
2024-05-24,11:57:16,68.5514,27.69,24.75,3000,15026620.0,4.228811207875762e-05
2024-05-24,11:57:16,68.5585,27.69,24.75,3001,15026621.0,4.222052934724505e-05
2024-05-24,11:57:16,68.5654,27.69,24.75,3001,15026622.0,4.222052934724505e-05
2024-05-24,11:57:16,68.5723,27.69,24.75,3001,15026622.0,4.222052934724505e-05
2024-05-24,11:57:16,68.5793,27.69,24.75,3001,15026622.0,4.222052934724505e-05
2024-05-24,11:57:16,68.5864,27.69,24.75,3001,15026621.0,4.222052934724505e-05
2024-05-24,11:57:16,68.5933,27.69,24.75,3001,15026622.0,4.222052934724505e-05
2024-05-24,11:57:16,68.6002,27.69,24.75,3000,15026620.0,4.228811207875762e-05
2024-05-24,11:57:16,68.6072,27.69,24.75,3000,15026620.0,4.228811207875762e-05
2024-05-24,11:57:16,68.6143,27.69,24.75,3000,15026621.0,4.228811207875762e-05
2024-05-24,11:57:16,68.6212,27.69,24.75,3000,15026621.0,4.228811207875762e-05
2024-05-24,11:57:16,68.6281,27.69,24.75,3001,15026621.0,4.222052934724505e-05
2024-05-24,11:57:16,68.6351,27.69,24.75,3001,15026620.0,4.222052934724505e-05
2024-05-24,11:57:16,68.6422,27.69,24.75,3000,15026621.0,4.228811207875762e-05
2024-05-24,11:57:16,68.6491,27.69,24.75,3000,15026621.0,4.228811207875762e-05
2024-05-24,11:57:16,68.6561,27.69,24.75,3001,15026621.0,4.222052934724505e-05
2024-05-24,11:57:16,68.6632,27.69,24.75,3001,15026621.0,4.222052934724505e-05
2024-05-24,11:57:16,68.6701,27.69,24.75,3001,15026621.0,4.222052934724505e-05
2024-05-24,11:57:16,68.677,27.69,24.75,3001,15026621.0,4.222052934724505e-05
2024-05-24,11:57:16,68.6839,27.69,24.75,3001,15026622.0,4.222052934724505e-05
2024-05-24,11:57:16,68.6908,27.69,24.75,3001,15026623.0,4.222052934724505e-05
2024-05-24,11:57:16,68.6978,27.69,24.75,3000,15026620.0,4.228811207875762e-05
2024-05-24,11:57:16,68.7049,27.69,24.75,3000,15026621.0,4.228811207875762e-05
2024-05-24,11:57:16,68.7118,27.69,24.75,3000,15026621.0,4.228811207875762e-05
2024-05-24,11:57:16,68.7187,27.69,24.75,3000,15026621.0,4.228811207875762e-05
2024-05-24,11:57:16,68.7257,27.69,24.75,3000,15026621.0,4.228811207875762e-05
2024-05-24,11:57:16,68.7328,27.69,24.75,3000,15026621.0,4.228811207875762e-05
2024-05-24,11:57:16,68.7397,27.69,24.75,3000,15026621.0,4.228811207875762e-05
2024-05-24,11:57:16,68.7466,27.69,24.75,3000,15026621.0,4.228811207875762e-05
2024-05-24,11:57:16,68.7535,27.69,24.75,3000,15026620.0,4.228811207875762e-05
2024-05-24,11:57:16,68.7606,27.69,24.75,3000,15026621.0,4.228811207875762e-05
2024-05-24,11:57:16,68.7676,27.69,24.75,3000,15026621.0,4.228811207875762e-05
2024-05-24,11:57:17,68.7745,27.69,24.75,3000,15026621.0,4.228811207875762e-05
2024-05-24,11:57:17,68.7816,27.69,24.75,3000,15026621.0,4.228811207875762e-05
2024-05-24,11:57:17,68.7886,27.69,24.75,3000,15026621.0,4.228811207875762e-05
2024-05-24,11:57:17,68.7955,27.69,24.75,3000,15026621.0,4.228811207875762e-05
2024-05-24,11:57:17,68.8024,27.69,24.75,3000,15026621.0,4.228811207875762e-05
2024-05-24,11:57:17,68.8093,27.69,24.75,3001,15026621.0,4.222052934724505e-05
2024-05-24,11:57:17,68.8162,27.69,24.75,3001,15026621.0,4.222052934724505e-05
2024-05-24,11:57:17,68.8232,27.69,24.75,3001,15026621.0,4.222052934724505e-05
2024-05-24,11:57:17,68.8302,27.69,24.75,3001,15026620.0,4.222052934724505e-05
2024-05-24,11:57:17,68.8372,27.69,24.75,3000,15026621.0,4.228811207875762e-05
2024-05-24,11:57:17,68.8441,27.69,24.75,3000,15026621.0,4.228811207875762e-05
2024-05-24,11:57:17,68.8512,27.69,24.75,3000,15026621.0,4.228811207875762e-05
2024-05-24,11:57:17,68.8582,27.69,24.75,3000,15026621.0,4.228811207875762e-05
2024-05-24,11:57:17,68.8651,27.69,24.75,3000,15026620.0,4.228811207875762e-05
2024-05-24,11:57:17,68.8721,27.69,24.75,3000,15026620.0,4.228811207875762e-05
2024-05-24,11:57:17,68.879,27.69,24.75,3001,15026621.0,4.222052934724505e-05
2024-05-24,11:57:17,68.886,27.69,24.75,3001,15026622.0,4.222052934724505e-05
2024-05-24,11:57:17,68.893,27.69,24.75,3001,15026621.0,4.222052934724505e-05
2024-05-24,11:57:17,68.9,27.69,24.75,3002,15026620.0,4.215305462305114e-05
2024-05-24,11:57:17,68.9069,27.69,24.75,3001,15026621.0,4.222052934724505e-05
2024-05-24,11:57:17,68.9138,27.69,24.75,3000,15026621.0,4.228811207875762e-05
2024-05-24,11:57:17,68.9207,27.69,24.75,3000,15026620.0,4.228811207875762e-05
2024-05-24,11:57:17,68.9277,27.69,24.75,3000,15026620.0,4.228811207875762e-05
2024-05-24,11:57:17,68.9348,27.69,24.75,3000,15026621.0,4.228811207875762e-05
2024-05-24,11:57:17,68.9417,27.69,24.75,3000,15026620.0,4.228811207875762e-05
2024-05-24,11:57:17,68.9486,27.69,24.75,3000,15026620.0,4.228811207875762e-05
2024-05-24,11:57:17,68.9556,27.69,24.75,3000,15026620.0,4.228811207875762e-05
2024-05-24,11:57:17,68.9627,27.69,24.75,3000,15026620.0,4.228811207875762e-05
2024-05-24,11:57:17,68.9696,27.69,24.75,3000,15026620.0,4.228811207875762e-05
2024-05-24,11:57:17,68.9766,27.69,24.75,3000,15026620.0,4.228811207875762e-05
2024-05-24,11:57:17,68.9837,27.69,24.75,3000,15026621.0,4.228811207875762e-05
2024-05-24,11:57:17,68.9906,27.69,24.75,3001,15026621.0,4.222052934724505e-05
2024-05-24,11:57:17,68.9975,27.69,24.75,3001,15026621.0,4.222052934724505e-05
2024-05-24,11:57:17,69.0044,27.69,24.75,3001,15026621.0,4.222052934724505e-05
2024-05-24,11:57:17,69.0114,27.69,24.75,3001,15026621.0,4.222052934724505e-05
2024-05-24,11:57:17,69.0185,27.69,24.75,3000,15026620.0,4.228811207875762e-05
2024-05-24,11:57:17,69.0254,27.69,24.75,3000,15026620.0,4.228811207875762e-05
2024-05-24,11:57:17,69.0323,27.69,24.75,3001,15026621.0,4.222052934724505e-05
2024-05-24,11:57:17,69.0392,27.69,24.75,3001,15026621.0,4.222052934724505e-05
2024-05-24,11:57:17,69.0461,27.69,24.75,3000,15026621.0,4.228811207875762e-05
2024-05-24,11:57:17,69.0532,27.69,24.75,3000,15026621.0,4.228811207875762e-05
2024-05-24,11:57:17,69.0602,27.69,24.75,3000,15026620.0,4.228811207875762e-05
2024-05-24,11:57:17,69.0671,27.69,24.75,3000,15026620.0,4.228811207875762e-05
2024-05-24,11:57:17,69.074,27.69,24.75,3000,15026621.0,4.228811207875762e-05
2024-05-24,11:57:17,69.0809,27.69,24.75,3000,15026621.0,4.228811207875762e-05
2024-05-24,11:57:17,69.088,27.69,24.75,3000,15026621.0,4.228811207875762e-05
2024-05-24,11:57:17,69.095,27.69,24.75,3000,15026620.0,4.228811207875762e-05
2024-05-24,11:57:17,69.1019,27.69,24.75,3001,15026621.0,4.222052934724505e-05
2024-05-24,11:57:17,69.1089,27.69,24.75,3001,15026621.0,4.222052934724505e-05
2024-05-24,11:57:17,69.1158,27.69,24.75,3000,15026620.0,4.228811207875762e-05
2024-05-24,11:57:17,69.1228,27.69,24.75,3001,15026619.0,4.222052934724505e-05
2024-05-24,11:57:17,69.1297,27.69,24.75,3001,15026620.0,4.222052934724505e-05
2024-05-24,11:57:17,69.1366,27.69,24.75,3000,15026620.0,4.228811207875762e-05
2024-05-24,11:57:17,69.1437,27.69,24.75,3000,15026620.0,4.228811207875762e-05
2024-05-24,11:57:17,69.1507,27.69,24.75,3000,15026620.0,4.228811207875762e-05
2024-05-24,11:57:17,69.1577,27.69,24.75,3000,15026619.0,4.228811207875762e-05
2024-05-24,11:57:17,69.1647,27.69,24.75,3000,15026619.0,4.228811207875762e-05
2024-05-24,11:57:17,69.1716,27.69,24.75,3000,15026621.0,4.228811207875762e-05
2024-05-24,11:57:17,69.1785,27.69,24.75,3000,15026621.0,4.228811207875762e-05
2024-05-24,11:57:17,69.1854,27.69,24.75,3000,15026620.0,4.228811207875762e-05
2024-05-24,11:57:17,69.1924,27.69,24.75,3000,15026620.0,4.228811207875762e-05
2024-05-24,11:57:17,69.1995,27.69,24.75,3000,15026620.0,4.228811207875762e-05
2024-05-24,11:57:17,69.2064,27.69,24.75,3000,15026620.0,4.228811207875762e-05
2024-05-24,11:57:17,69.2133,27.69,24.75,3000,15026621.0,4.228811207875762e-05
2024-05-24,11:57:17,69.2203,27.69,24.75,3000,15026620.0,4.228811207875762e-05
2024-05-24,11:57:17,69.2274,27.69,24.75,3000,15026620.0,4.228811207875762e-05
2024-05-24,11:57:17,69.2343,27.69,24.75,3000,15026621.0,4.228811207875762e-05
2024-05-24,11:57:17,69.2412,27.69,24.75,3000,15026620.0,4.228811207875762e-05
2024-05-24,11:57:17,69.2481,27.69,24.75,3000,15026619.0,4.228811207875762e-05
2024-05-24,11:57:17,69.255,27.69,24.75,3000,15026620.0,4.228811207875762e-05
2024-05-24,11:57:17,69.2621,27.69,24.75,3000,15026620.0,4.228811207875762e-05
2024-05-24,11:57:17,69.2691,27.69,24.75,3000,15026620.0,4.228811207875762e-05
2024-05-24,11:57:17,69.276,27.69,24.75,2999,15026620.0,4.235580299047711e-05
2024-05-24,11:57:17,69.2831,27.69,24.75,3000,15026621.0,4.228811207875762e-05
2024-05-24,11:57:17,69.2901,27.69,24.75,3000,15026621.0,4.228811207875762e-05
2024-05-24,11:57:17,69.297,27.69,24.75,2999,15026620.0,4.235580299047711e-05
2024-05-24,11:57:17,69.3039,27.69,24.75,3000,15026620.0,4.228811207875762e-05
2024-05-24,11:57:17,69.3108,27.69,24.75,3000,15026620.0,4.228811207875762e-05
2024-05-24,11:57:17,69.3179,27.69,24.75,2999,15026621.0,4.235580299047711e-05
2024-05-24,11:57:17,69.3249,27.69,24.75,3000,15026621.0,4.228811207875762e-05
2024-05-24,11:57:17,69.3318,27.69,24.75,3001,15026621.0,4.222052934724505e-05
2024-05-24,11:57:17,69.3387,27.69,24.75,3000,15026620.0,4.228811207875762e-05
2024-05-24,11:57:17,69.3458,27.69,24.75,3000,15026619.0,4.228811207875762e-05
2024-05-24,11:57:17,69.3528,27.69,24.75,3000,15026620.0,4.228811207875762e-05
2024-05-24,11:57:17,69.3597,27.69,24.75,3000,15026620.0,4.228811207875762e-05
2024-05-24,11:57:17,69.3666,27.69,24.75,3000,15026620.0,4.228811207875762e-05
2024-05-24,11:57:17,69.3736,27.69,24.75,3000,15026620.0,4.228811207875762e-05
2024-05-24,11:57:17,69.3806,27.69,24.75,3000,15026620.0,4.228811207875762e-05
2024-05-24,11:57:17,69.3876,27.69,24.75,3000,15026619.0,4.228811207875762e-05
2024-05-24,11:57:17,69.3945,27.69,24.75,3000,15026620.0,4.228811207875762e-05
2024-05-24,11:57:17,69.4016,27.69,24.75,2999,15026620.0,4.235580299047711e-05
2024-05-24,11:57:17,69.4086,27.69,24.75,2999,15026621.0,4.235580299047711e-05
2024-05-24,11:57:17,69.4155,27.69,24.75,3000,15026621.0,4.228811207875762e-05
2024-05-24,11:57:17,69.4225,27.69,24.75,3000,15026620.0,4.228811207875762e-05
2024-05-24,11:57:17,69.4294,27.69,24.75,3000,15026620.0,4.228811207875762e-05
2024-05-24,11:57:17,69.4363,27.69,24.75,3000,15026620.0,4.228811207875762e-05
2024-05-24,11:57:17,69.4433,27.69,24.75,3000,15026619.0,4.228811207875762e-05
2024-05-24,11:57:17,69.4504,27.69,24.75,3000,15026619.0,4.228811207875762e-05
2024-05-24,11:57:17,69.4574,27.69,24.75,3000,15026619.0,4.228811207875762e-05
2024-05-24,11:57:17,69.4643,27.69,24.75,3000,15026621.0,4.228811207875762e-05
2024-05-24,11:57:17,69.4712,27.69,24.75,3000,15026621.0,4.228811207875762e-05
2024-05-24,11:57:17,69.4783,27.69,24.75,3000,15026620.0,4.228811207875762e-05
2024-05-24,11:57:17,69.4852,27.69,24.75,2999,15026620.0,4.235580299047711e-05
2024-05-24,11:57:17,69.4921,27.69,24.75,2999,15026619.0,4.235580299047711e-05
2024-05-24,11:57:17,69.4991,27.69,24.75,3000,15026619.0,4.228811207875762e-05
2024-05-24,11:57:17,69.5062,27.69,24.75,2999,15026619.0,4.235580299047711e-05
2024-05-24,11:57:17,69.5131,27.69,24.75,2998,15026619.0,4.242360225556832e-05
2024-05-24,11:57:17,69.52,27.69,24.75,2999,15026619.0,4.235580299047711e-05
2024-05-24,11:57:17,69.527,27.69,24.75,2999,15026619.0,4.235580299047711e-05
2024-05-24,11:57:17,69.5341,27.69,24.75,2999,15026621.0,4.235580299047711e-05
2024-05-24,11:57:17,69.541,27.69,24.75,3000,15026620.0,4.228811207875762e-05
2024-05-24,11:57:17,69.5479,27.69,24.75,3000,15026620.0,4.228811207875762e-05
2024-05-24,11:57:17,69.5548,27.69,24.75,3000,15026619.0,4.228811207875762e-05
2024-05-24,11:57:17,69.5618,27.69,24.75,3000,15026619.0,4.228811207875762e-05
2024-05-24,11:57:17,69.5689,27.69,24.75,3000,15026619.0,4.228811207875762e-05
2024-05-24,11:57:17,69.5758,27.69,24.75,3000,15026620.0,4.228811207875762e-05
2024-05-24,11:57:17,69.5828,27.69,24.75,2999,15026620.0,4.235580299047711e-05
2024-05-24,11:57:17,69.5899,27.69,24.75,2999,15026619.0,4.235580299047711e-05
2024-05-24,11:57:17,69.5968,27.69,24.75,2999,15026619.0,4.235580299047711e-05
2024-05-24,11:57:17,69.6037,27.69,24.75,2999,15026620.0,4.235580299047711e-05
2024-05-24,11:57:17,69.6107,27.69,24.75,2999,15026620.0,4.235580299047711e-05
2024-05-24,11:57:17,69.6178,27.69,24.75,2999,15026619.0,4.235580299047711e-05
2024-05-24,11:57:17,69.6248,27.69,24.75,3000,15026620.0,4.228811207875762e-05
2024-05-24,11:57:17,69.6319,27.69,24.75,3000,15026620.0,4.228811207875762e-05
2024-05-24,11:57:17,69.6388,27.69,24.75,3000,15026620.0,4.228811207875762e-05
2024-05-24,11:57:17,69.6457,27.69,24.75,3000,15026620.0,4.228811207875762e-05
2024-05-24,11:57:17,69.6526,27.69,24.75,2999,15026620.0,4.235580299047711e-05
2024-05-24,11:57:17,69.6595,27.69,24.75,2999,15026619.0,4.235580299047711e-05
2024-05-24,11:57:17,69.6664,27.69,24.75,3000,15026619.0,4.228811207875762e-05
2024-05-24,11:57:17,69.6735,27.69,24.75,3000,15026619.0,4.228811207875762e-05
2024-05-24,11:57:17,69.6805,27.69,24.75,2999,15026620.0,4.235580299047711e-05
2024-05-24,11:57:17,69.6874,27.69,24.75,2999,15026620.0,4.235580299047711e-05
2024-05-24,11:57:17,69.6943,27.69,24.75,3000,15026620.0,4.228811207875762e-05
2024-05-24,11:57:17,69.7014,27.69,24.75,3000,15026619.0,4.228811207875762e-05
2024-05-24,11:57:17,69.7084,27.69,24.75,3000,15026620.0,4.228811207875762e-05
2024-05-24,11:57:17,69.7153,27.69,24.75,3000,15026619.0,4.228811207875762e-05
2024-05-24,11:57:17,69.7224,27.69,24.75,2999,15026619.0,4.235580299047711e-05
2024-05-24,11:57:17,69.7294,27.69,24.75,2998,15026618.0,4.242360225556832e-05
2024-05-24,11:57:17,69.7363,27.69,24.75,2998,15026618.0,4.242360225556832e-05
2024-05-24,11:57:17,69.7433,27.69,24.75,2999,15026619.0,4.235580299047711e-05
2024-05-24,11:57:17,69.7504,27.69,24.75,2999,15026619.0,4.235580299047711e-05
2024-05-24,11:57:17,69.7573,27.69,24.75,2999,15026620.0,4.235580299047711e-05
2024-05-24,11:57:17,69.7642,27.69,24.75,2999,15026619.0,4.235580299047711e-05
2024-05-24,11:57:18,69.7711,27.69,24.75,2999,15026619.0,4.235580299047711e-05
2024-05-24,11:57:18,69.7782,27.69,24.75,2999,15026619.0,4.235580299047711e-05
2024-05-24,11:57:18,69.7852,27.69,24.75,2999,15026619.0,4.235580299047711e-05
2024-05-24,11:57:18,69.7921,27.69,24.75,3000,15026618.0,4.228811207875762e-05
2024-05-24,11:57:18,69.799,27.69,24.75,3000,15026619.0,4.228811207875762e-05
2024-05-24,11:57:18,69.8059,27.69,24.75,2999,15026620.0,4.235580299047711e-05
2024-05-24,11:57:18,69.813,27.69,24.75,2999,15026618.0,4.235580299047711e-05
2024-05-24,11:57:18,69.82,27.69,24.75,2999,15026618.0,4.235580299047711e-05
2024-05-24,11:57:18,69.8269,27.69,24.75,2999,15026619.0,4.235580299047711e-05
2024-05-24,11:57:18,69.834,27.69,24.75,3000,15026619.0,4.228811207875762e-05
2024-05-24,11:57:18,69.841,27.69,24.75,2999,15026618.0,4.235580299047711e-05
2024-05-24,11:57:18,69.8479,27.69,24.75,2999,15026617.0,4.235580299047711e-05
2024-05-24,11:57:18,69.8548,27.69,24.75,2999,15026617.0,4.235580299047711e-05
2024-05-24,11:57:18,69.8619,27.69,24.75,2999,15026618.0,4.235580299047711e-05
2024-05-24,11:57:18,69.8689,27.69,24.75,3000,15026619.0,4.228811207875762e-05
2024-05-24,11:57:18,69.8758,27.69,24.75,2999,15026619.0,4.235580299047711e-05
2024-05-24,11:57:18,69.8829,27.69,24.75,2999,15026620.0,4.235580299047711e-05
2024-05-24,11:57:18,69.8899,27.69,24.75,2999,15026620.0,4.235580299047711e-05
2024-05-24,11:57:18,69.8968,27.69,24.75,2999,15026620.0,4.235580299047711e-05
2024-05-24,11:57:18,69.9037,27.69,24.75,2999,15026619.0,4.235580299047711e-05
2024-05-24,11:57:18,69.9106,27.69,24.75,2999,15026620.0,4.235580299047711e-05
2024-05-24,11:57:18,69.9176,27.69,24.75,2999,15026620.0,4.235580299047711e-05
2024-05-24,11:57:18,69.9245,27.69,24.75,2998,15026619.0,4.242360225556832e-05
2024-05-24,11:57:18,69.9315,27.69,24.75,2998,15026618.0,4.242360225556832e-05
2024-05-24,11:57:18,69.9385,27.69,24.75,2999,15026619.0,4.235580299047711e-05
2024-05-24,11:57:18,69.9455,27.69,24.75,2999,15026619.0,4.235580299047711e-05
2024-05-24,11:57:18,69.9524,27.69,24.75,2999,15026619.0,4.235580299047711e-05
2024-05-24,11:57:18,69.9594,27.69,24.75,2999,15026619.0,4.235580299047711e-05
2024-05-24,11:57:18,69.9665,27.69,24.75,2999,15026619.0,4.235580299047711e-05
2024-05-24,11:57:18,69.9734,27.69,24.75,2999,15026619.0,4.235580299047711e-05
2024-05-24,11:57:18,69.9803,27.69,24.75,2999,15026619.0,4.235580299047711e-05
2024-05-24,11:57:18,69.9873,27.69,24.75,2999,15026619.0,4.235580299047711e-05
2024-05-24,11:57:18,69.9942,27.69,24.75,2999,15026619.0,4.235580299047711e-05
2024-05-24,11:57:18,70.0011,27.69,24.75,3000,15026619.0,4.228811207875762e-05
2024-05-24,11:57:18,70.0082,27.69,24.75,3000,15026618.0,4.228811207875762e-05
2024-05-24,11:57:18,70.0151,27.69,24.75,3000,15026618.0,4.228811207875762e-05
2024-05-24,11:57:18,70.022,27.75,24.75,3000,15026618.0,4.228811207875762e-05
2024-05-24,11:57:18,70.029,27.75,24.75,2999,15026619.0,4.235580299047711e-05
2024-05-24,11:57:18,70.0361,27.75,24.75,2999,15026619.0,4.235580299047711e-05
2024-05-24,11:57:18,70.043,27.75,24.75,3000,15026619.0,4.228811207875762e-05
2024-05-24,11:57:18,70.0499,27.75,24.75,3000,15026619.0,4.228811207875762e-05
2024-05-24,11:57:18,70.0569,27.75,24.75,2999,15026620.0,4.235580299047711e-05
2024-05-24,11:57:18,70.064,27.75,24.75,2999,15026619.0,4.235580299047711e-05
2024-05-24,11:57:18,70.0709,27.75,24.75,3000,15026619.0,4.228811207875762e-05
2024-05-24,11:57:18,70.0778,27.75,24.75,2999,15026618.0,4.235580299047711e-05
2024-05-24,11:57:18,70.0849,27.75,24.75,2999,15026618.0,4.235580299047711e-05
2024-05-24,11:57:18,70.0919,27.75,24.75,2999,15026618.0,4.235580299047711e-05
2024-05-24,11:57:18,70.0988,27.75,24.75,2998,15026618.0,4.242360225556832e-05
2024-05-24,11:57:18,70.1057,27.75,24.75,2999,15026618.0,4.235580299047711e-05
2024-05-24,11:57:18,70.1126,27.75,24.75,3000,15026618.0,4.228811207875762e-05
2024-05-24,11:57:18,70.1197,27.75,24.75,2999,15026618.0,4.235580299047711e-05
2024-05-24,11:57:18,70.1267,27.75,24.75,2998,15026618.0,4.242360225556832e-05
2024-05-24,11:57:18,70.1336,27.75,24.75,2998,15026619.0,4.242360225556832e-05
2024-05-24,11:57:18,70.1407,27.75,24.75,2998,15026619.0,4.242360225556832e-05
2024-05-24,11:57:18,70.1477,27.75,24.75,2998,15026618.0,4.242360225556832e-05
2024-05-24,11:57:18,70.1546,27.75,24.75,2998,15026618.0,4.242360225556832e-05
2024-05-24,11:57:18,70.1615,27.75,24.75,2999,15026619.0,4.235580299047711e-05
2024-05-24,11:57:18,70.1684,27.75,24.75,2999,15026619.0,4.235580299047711e-05
2024-05-24,11:57:18,70.1755,27.75,24.75,2998,15026618.0,4.242360225556832e-05
2024-05-24,11:57:18,70.1825,27.75,24.75,2998,15026618.0,4.242360225556832e-05
2024-05-24,11:57:18,70.1894,27.75,24.75,2999,15026618.0,4.235580299047711e-05
2024-05-24,11:57:18,70.1963,27.75,24.75,2999,15026619.0,4.235580299047711e-05
2024-05-24,11:57:18,70.2033,27.75,24.75,2998,15026618.0,4.242360225556832e-05
2024-05-24,11:57:18,70.2103,27.75,24.75,2999,15026618.0,4.235580299047711e-05
2024-05-24,11:57:18,70.2173,27.75,24.75,2999,15026617.0,4.235580299047711e-05
2024-05-24,11:57:18,70.2242,27.75,24.75,2998,15026618.0,4.242360225556832e-05
2024-05-24,11:57:18,70.2312,27.75,24.75,2999,15026618.0,4.235580299047711e-05
2024-05-24,11:57:18,70.2382,27.75,24.75,2999,15026618.0,4.235580299047711e-05
2024-05-24,11:57:18,70.2452,27.75,24.75,2999,15026619.0,4.235580299047711e-05
2024-05-24,11:57:18,70.2523,27.75,24.75,2999,15026619.0,4.235580299047711e-05
2024-05-24,11:57:18,70.2593,27.75,24.75,2998,15026618.0,4.242360225556832e-05
2024-05-24,11:57:18,70.2662,27.75,24.75,2998,15026618.0,4.242360225556832e-05
2024-05-24,11:57:18,70.2731,27.75,24.75,2998,15026618.0,4.242360225556832e-05
2024-05-24,11:57:18,70.2801,27.75,24.75,2998,15026618.0,4.242360225556832e-05
2024-05-24,11:57:18,70.2871,27.75,24.75,2998,15026619.0,4.242360225556832e-05
2024-05-24,11:57:18,70.2941,27.75,24.75,2998,15026619.0,4.242360225556832e-05
2024-05-24,11:57:18,70.301,27.75,24.75,2998,15026618.0,4.242360225556832e-05
2024-05-24,11:57:18,70.3081,27.75,24.75,2998,15026617.0,4.242360225556832e-05
2024-05-24,11:57:18,70.3151,27.75,24.75,2998,15026617.0,4.242360225556832e-05
2024-05-24,11:57:18,70.3222,27.75,24.75,2998,15026617.0,4.242360225556832e-05
2024-05-24,11:57:18,70.3291,27.75,24.75,2998,15026618.0,4.242360225556832e-05
2024-05-24,11:57:18,70.336,27.75,24.75,2998,15026618.0,4.242360225556832e-05
2024-05-24,11:57:18,70.343,27.75,24.75,2998,15026618.0,4.242360225556832e-05
2024-05-24,11:57:18,70.3499,27.75,24.75,2998,15026617.0,4.242360225556832e-05
2024-05-24,11:57:18,70.357,27.75,24.75,2999,15026618.0,4.235580299047711e-05
2024-05-24,11:57:18,70.364,27.75,24.75,2999,15026619.0,4.235580299047711e-05
2024-05-24,11:57:18,70.3709,27.75,24.75,2998,15026618.0,4.242360225556832e-05
2024-05-24,11:57:18,70.3778,27.75,24.75,2998,15026618.0,4.242360225556832e-05
2024-05-24,11:57:18,70.3849,27.75,24.75,2999,15026619.0,4.235580299047711e-05
2024-05-24,11:57:18,70.3919,27.75,24.75,2999,15026619.0,4.235580299047711e-05
2024-05-24,11:57:18,70.3988,27.75,24.75,2998,15026618.0,4.242360225556832e-05
2024-05-24,11:57:18,70.4057,27.75,24.75,2998,15026618.0,4.242360225556832e-05
2024-05-24,11:57:18,70.4127,27.75,24.75,2999,15026620.0,4.235580299047711e-05
2024-05-24,11:57:18,70.4197,27.75,24.75,2999,15026620.0,4.235580299047711e-05
2024-05-24,11:57:18,70.4267,27.75,24.75,2998,15026617.0,4.242360225556832e-05
2024-05-24,11:57:18,70.4337,27.75,24.75,2998,15026617.0,4.242360225556832e-05
2024-05-24,11:57:18,70.4406,27.75,24.75,2999,15026618.0,4.235580299047711e-05
2024-05-24,11:57:18,70.4476,27.75,24.75,2999,15026617.0,4.235580299047711e-05
2024-05-24,11:57:18,70.4546,27.75,24.75,2999,15026617.0,4.235580299047711e-05
2024-05-24,11:57:18,70.4616,27.75,24.75,2999,15026618.0,4.235580299047711e-05
2024-05-24,11:57:18,70.4685,27.75,24.75,2998,15026618.0,4.242360225556832e-05
2024-05-24,11:57:18,70.4755,27.75,24.75,2998,15026617.0,4.242360225556832e-05
2024-05-24,11:57:18,70.4825,27.75,24.75,2998,15026617.0,4.242360225556832e-05
2024-05-24,11:57:18,70.4895,27.75,24.75,2998,15026618.0,4.242360225556832e-05
2024-05-24,11:57:18,70.4964,27.75,24.75,2998,15026618.0,4.242360225556832e-05
2024-05-24,11:57:18,70.5034,27.75,24.75,2998,15026618.0,4.242360225556832e-05
2024-05-24,11:57:18,70.5105,27.75,24.75,2998,15026617.0,4.242360225556832e-05
2024-05-24,11:57:18,70.5174,27.75,24.75,2998,15026618.0,4.242360225556832e-05
2024-05-24,11:57:18,70.5243,27.69,24.5,2998,15026618.0,4.242360225556832e-05
2024-05-24,11:57:18,70.5313,27.69,24.5,2998,15026618.0,4.242360225556832e-05
2024-05-24,11:57:18,70.5384,27.69,24.5,2998,15026617.0,4.242360225556832e-05
2024-05-24,11:57:18,70.5453,27.69,24.5,2998,15026617.0,4.242360225556832e-05
2024-05-24,11:57:18,70.5522,27.69,24.5,2999,15026618.0,4.235580299047711e-05
2024-05-24,11:57:18,70.5591,27.69,24.5,2999,15026618.0,4.235580299047711e-05
2024-05-24,11:57:18,70.5661,27.69,24.5,2998,15026618.0,4.242360225556832e-05
2024-05-24,11:57:18,70.5732,27.69,24.5,2998,15026618.0,4.242360225556832e-05
2024-05-24,11:57:18,70.5801,27.69,24.5,2998,15026617.0,4.242360225556832e-05
2024-05-24,11:57:18,70.5871,27.69,24.5,2998,15026617.0,4.242360225556832e-05
2024-05-24,11:57:18,70.5942,27.69,24.5,2998,15026616.0,4.242360225556832e-05
2024-05-24,11:57:18,70.6011,27.69,24.5,2998,15026617.0,4.242360225556832e-05
2024-05-24,11:57:18,70.608,27.69,24.5,2999,15026619.0,4.235580299047711e-05
2024-05-24,11:57:18,70.615,27.69,24.5,2999,15026619.0,4.235580299047711e-05
2024-05-24,11:57:18,70.6219,27.69,24.5,2998,15026617.0,4.242360225556832e-05
2024-05-24,11:57:18,70.6289,27.69,24.5,2998,15026617.0,4.242360225556832e-05
2024-05-24,11:57:18,70.636,27.69,24.5,2998,15026618.0,4.242360225556832e-05
2024-05-24,11:57:18,70.6431,27.69,24.5,2998,15026618.0,4.242360225556832e-05
2024-05-24,11:57:18,70.65,27.69,24.5,2998,15026617.0,4.242360225556832e-05
2024-05-24,11:57:18,70.657,27.69,24.5,2998,15026617.0,4.242360225556832e-05
2024-05-24,11:57:18,70.6641,27.69,24.5,2998,15026618.0,4.242360225556832e-05
2024-05-24,11:57:18,70.671,27.69,24.5,2998,15026618.0,4.242360225556832e-05
2024-05-24,11:57:18,70.6779,27.69,24.5,2998,15026617.0,4.242360225556832e-05
2024-05-24,11:57:18,70.6848,27.69,24.5,2998,15026618.0,4.242360225556832e-05
2024-05-24,11:57:18,70.6917,27.69,24.5,2998,15026617.0,4.242360225556832e-05
2024-05-24,11:57:18,70.6987,27.69,24.5,2998,15026617.0,4.242360225556832e-05
2024-05-24,11:57:18,70.7058,27.69,24.5,2998,15026617.0,4.242360225556832e-05
2024-05-24,11:57:18,70.7127,27.69,24.5,2998,15026617.0,4.242360225556832e-05
2024-05-24,11:57:18,70.7196,27.69,24.5,2998,15026618.0,4.242360225556832e-05
2024-05-24,11:57:18,70.7266,27.69,24.5,2998,15026618.0,4.242360225556832e-05
2024-05-24,11:57:18,70.7337,27.69,24.5,2998,15026618.0,4.242360225556832e-05
2024-05-24,11:57:18,70.7406,27.69,24.5,2998,15026618.0,4.242360225556832e-05
2024-05-24,11:57:18,70.7475,27.69,24.5,2998,15026618.0,4.242360225556832e-05
2024-05-24,11:57:18,70.7545,27.69,24.5,2998,15026618.0,4.242360225556832e-05
2024-05-24,11:57:18,70.7616,27.69,24.5,2997,15026616.0,4.249151004747342e-05
2024-05-24,11:57:18,70.7685,27.69,24.5,2996,15026616.0,4.255952653991208e-05
2024-05-24,11:57:19,70.7755,27.69,24.5,2997,15026617.0,4.249151004747342e-05
2024-05-24,11:57:19,70.7826,27.69,24.5,2997,15026617.0,4.249151004747342e-05
2024-05-24,11:57:19,70.7895,27.69,24.5,2997,15026617.0,4.249151004747342e-05
2024-05-24,11:57:19,70.7965,27.69,24.5,2997,15026617.0,4.249151004747342e-05
2024-05-24,11:57:19,70.8036,27.69,24.5,2997,15026617.0,4.249151004747342e-05
2024-05-24,11:57:19,70.8105,27.69,24.5,2998,15026616.0,4.242360225556832e-05
2024-05-24,11:57:19,70.8174,27.69,24.5,2998,15026616.0,4.242360225556832e-05
2024-05-24,11:57:19,70.8244,27.69,24.5,2998,15026616.0,4.242360225556832e-05
2024-05-24,11:57:19,70.8315,27.69,24.5,2999,15026617.0,4.235580299047711e-05
2024-05-24,11:57:19,70.8384,27.69,24.5,2999,15026618.0,4.235580299047711e-05
2024-05-24,11:57:19,70.8453,27.69,24.5,2998,15026617.0,4.242360225556832e-05
2024-05-24,11:57:19,70.8523,27.69,24.5,2997,15026617.0,4.249151004747342e-05
2024-05-24,11:57:19,70.8593,27.69,24.5,2997,15026617.0,4.249151004747342e-05
2024-05-24,11:57:19,70.8662,27.69,24.5,2997,15026617.0,4.249151004747342e-05
2024-05-24,11:57:19,70.8732,27.69,24.5,2997,15026618.0,4.249151004747342e-05
2024-05-24,11:57:19,70.8801,27.69,24.5,2998,15026617.0,4.242360225556832e-05
2024-05-24,11:57:19,70.8872,27.69,24.5,2997,15026616.0,4.249151004747342e-05
2024-05-24,11:57:19,70.8943,27.69,24.5,2996,15026617.0,4.255952653991208e-05
2024-05-24,11:57:19,70.9014,27.69,24.5,2997,15026618.0,4.249151004747342e-05
2024-05-24,11:57:19,70.9083,27.69,24.5,2998,15026617.0,4.242360225556832e-05
2024-05-24,11:57:19,70.9152,27.69,24.5,2998,15026617.0,4.242360225556832e-05
2024-05-24,11:57:19,70.9221,27.69,24.5,2997,15026617.0,4.249151004747342e-05
2024-05-24,11:57:19,70.929,27.69,24.5,2996,15026616.0,4.255952653991208e-05
2024-05-24,11:57:19,70.9361,27.69,24.5,2996,15026616.0,4.255952653991208e-05
2024-05-24,11:57:19,70.9431,27.69,24.5,2997,15026617.0,4.249151004747342e-05
2024-05-24,11:57:19,70.9501,27.69,24.5,2998,15026617.0,4.242360225556832e-05
2024-05-24,11:57:19,70.9572,27.69,24.5,2997,15026616.0,4.249151004747342e-05
2024-05-24,11:57:19,70.9641,27.69,24.5,2996,15026616.0,4.255952653991208e-05
2024-05-24,11:57:19,70.971,27.69,24.5,2997,15026616.0,4.249151004747342e-05
2024-05-24,11:57:19,70.978,27.69,24.5,2998,15026616.0,4.242360225556832e-05
2024-05-24,11:57:19,70.9851,27.69,24.5,2998,15026617.0,4.242360225556832e-05
2024-05-24,11:57:19,70.992,27.69,24.5,2997,15026616.0,4.249151004747342e-05
2024-05-24,11:57:19,70.9989,27.69,24.5,2997,15026618.0,4.249151004747342e-05
2024-05-24,11:57:19,71.0059,27.69,24.5,2998,15026618.0,4.242360225556832e-05
2024-05-24,11:57:19,71.013,27.69,24.5,2998,15026617.0,4.242360225556832e-05
2024-05-24,11:57:19,71.0199,27.69,24.5,2998,15026617.0,4.242360225556832e-05
2024-05-24,11:57:19,71.0268,27.69,24.75,2998,15026617.0,4.242360225556832e-05
2024-05-24,11:57:19,71.0338,27.69,24.75,2998,15026617.0,4.242360225556832e-05
2024-05-24,11:57:19,71.0409,27.69,24.75,2997,15026615.0,4.249151004747342e-05
2024-05-24,11:57:19,71.0478,27.69,24.75,2997,15026616.0,4.249151004747342e-05
2024-05-24,11:57:19,71.0548,27.69,24.75,2998,15026617.0,4.242360225556832e-05
2024-05-24,11:57:19,71.0617,27.69,24.75,2998,15026616.0,4.242360225556832e-05
2024-05-24,11:57:19,71.0687,27.69,24.75,2998,15026616.0,4.242360225556832e-05
2024-05-24,11:57:19,71.0757,27.69,24.75,2997,15026617.0,4.249151004747342e-05
2024-05-24,11:57:19,71.0826,27.69,24.75,2997,15026616.0,4.249151004747342e-05
2024-05-24,11:57:19,71.0897,27.69,24.75,2997,15026616.0,4.249151004747342e-05
2024-05-24,11:57:19,71.0967,27.69,24.75,2997,15026617.0,4.249151004747342e-05
2024-05-24,11:57:19,71.1037,27.69,24.75,2997,15026617.0,4.249151004747342e-05
2024-05-24,11:57:19,71.1108,27.69,24.75,2997,15026616.0,4.249151004747342e-05
2024-05-24,11:57:19,71.1177,27.69,24.75,2998,15026616.0,4.242360225556832e-05
2024-05-24,11:57:19,71.1247,27.69,24.75,2998,15026616.0,4.242360225556832e-05
2024-05-24,11:57:19,71.1318,27.69,24.75,2998,15026616.0,4.242360225556832e-05
2024-05-24,11:57:19,71.1387,27.69,24.75,2998,15026616.0,4.242360225556832e-05
2024-05-24,11:57:19,71.1456,27.69,24.75,2998,15026616.0,4.242360225556832e-05
2024-05-24,11:57:19,71.1526,27.69,24.75,2998,15026616.0,4.242360225556832e-05
2024-05-24,11:57:19,71.1597,27.69,24.75,2997,15026617.0,4.249151004747342e-05
2024-05-24,11:57:19,71.1666,27.69,24.75,2997,15026617.0,4.249151004747342e-05
2024-05-24,11:57:19,71.1736,27.69,24.75,2997,15026617.0,4.249151004747342e-05
2024-05-24,11:57:19,71.1805,27.69,24.75,2997,15026617.0,4.249151004747342e-05
2024-05-24,11:57:19,71.1874,27.69,24.75,2998,15026616.0,4.242360225556832e-05
2024-05-24,11:57:19,71.1946,27.69,24.75,2998,15026616.0,4.242360225556832e-05
2024-05-24,11:57:19,71.2015,27.69,24.75,2998,15026616.0,4.242360225556832e-05
2024-05-24,11:57:19,71.2084,27.69,24.75,2997,15026616.0,4.249151004747342e-05
2024-05-24,11:57:19,71.2156,27.69,24.75,2996,15026616.0,4.255952653991208e-05
2024-05-24,11:57:19,71.2225,27.69,24.75,2997,15026617.0,4.249151004747342e-05
2024-05-24,11:57:19,71.2293,27.69,24.75,2997,15026617.0,4.249151004747342e-05
2024-05-24,11:57:19,71.2363,27.69,24.75,2996,15026616.0,4.255952653991208e-05
2024-05-24,11:57:19,71.2434,27.69,24.75,2996,15026616.0,4.255952653991208e-05
2024-05-24,11:57:19,71.2503,27.69,24.75,2997,15026617.0,4.249151004747342e-05
2024-05-24,11:57:19,71.2573,27.69,24.75,2998,15026616.0,4.242360225556832e-05
2024-05-24,11:57:19,71.2644,27.69,24.75,2998,15026616.0,4.242360225556832e-05
2024-05-24,11:57:19,71.2713,27.69,24.75,2998,15026616.0,4.242360225556832e-05
2024-05-24,11:57:19,71.2783,27.69,24.75,2997,15026616.0,4.249151004747342e-05
2024-05-24,11:57:19,71.2854,27.69,24.75,2996,15026617.0,4.255952653991208e-05
2024-05-24,11:57:19,71.2923,27.69,24.75,2997,15026617.0,4.249151004747342e-05
2024-05-24,11:57:19,71.2993,27.69,24.75,2998,15026616.0,4.242360225556832e-05
2024-05-24,11:57:19,71.3064,27.69,24.75,2997,15026615.0,4.249151004747342e-05
2024-05-24,11:57:19,71.3134,27.69,24.75,2996,15026615.0,4.255952653991208e-05
2024-05-24,11:57:19,71.3204,27.69,24.75,2996,15026616.0,4.255952653991208e-05
2024-05-24,11:57:19,71.3273,27.69,24.75,2996,15026616.0,4.255952653991208e-05
2024-05-24,11:57:19,71.3343,27.69,24.75,2997,15026617.0,4.249151004747342e-05
2024-05-24,11:57:19,71.3413,27.69,24.75,2997,15026617.0,4.249151004747342e-05
2024-05-24,11:57:19,71.3483,27.69,24.75,2997,15026617.0,4.249151004747342e-05
2024-05-24,11:57:19,71.3553,27.69,24.75,2997,15026617.0,4.249151004747342e-05
2024-05-24,11:57:19,71.3622,27.69,24.75,2997,15026617.0,4.249151004747342e-05
2024-05-24,11:57:19,71.3692,27.69,24.75,2997,15026616.0,4.249151004747342e-05
2024-05-24,11:57:19,71.3762,27.69,24.75,2996,15026616.0,4.255952653991208e-05
2024-05-24,11:57:19,71.3832,27.69,24.75,2996,15026615.0,4.255952653991208e-05
2024-05-24,11:57:19,71.3901,27.69,24.75,2997,15026616.0,4.249151004747342e-05
2024-05-24,11:57:19,71.3972,27.69,24.75,2997,15026616.0,4.249151004747342e-05
2024-05-24,11:57:19,71.4043,27.69,24.75,2996,15026616.0,4.255952653991208e-05
2024-05-24,11:57:19,71.4112,27.69,24.75,2996,15026616.0,4.255952653991208e-05
2024-05-24,11:57:19,71.4182,27.69,24.75,2996,15026616.0,4.255952653991208e-05
2024-05-24,11:57:19,71.4251,27.69,24.75,2996,15026616.0,4.255952653991208e-05
2024-05-24,11:57:19,71.4322,27.69,24.75,2997,15026616.0,4.249151004747342e-05
2024-05-24,11:57:19,71.4392,27.69,24.75,2997,15026616.0,4.249151004747342e-05
2024-05-24,11:57:19,71.4461,27.69,24.75,2996,15026616.0,4.255952653991208e-05
2024-05-24,11:57:19,71.453,27.69,24.75,2996,15026616.0,4.255952653991208e-05
2024-05-24,11:57:19,71.4601,27.69,24.75,2997,15026616.0,4.249151004747342e-05
2024-05-24,11:57:19,71.4671,27.69,24.75,2997,15026616.0,4.249151004747342e-05
2024-05-24,11:57:19,71.474,27.69,24.75,2996,15026615.0,4.255952653991208e-05
2024-05-24,11:57:19,71.4809,27.69,24.75,2996,15026615.0,4.255952653991208e-05
2024-05-24,11:57:19,71.488,27.69,24.75,2996,15026616.0,4.255952653991208e-05
2024-05-24,11:57:19,71.495,27.69,24.75,2996,15026615.0,4.255952653991208e-05
2024-05-24,11:57:19,71.5019,27.69,24.75,2996,15026615.0,4.255952653991208e-05
2024-05-24,11:57:19,71.509,27.69,24.75,2996,15026615.0,4.255952653991208e-05
2024-05-24,11:57:19,71.516,27.69,24.75,2996,15026616.0,4.255952653991208e-05
2024-05-24,11:57:19,71.5231,27.69,24.75,2996,15026616.0,4.255952653991208e-05
2024-05-24,11:57:19,71.53,27.75,24.75,2996,15026616.0,4.255952653991208e-05
2024-05-24,11:57:19,71.5369,27.75,24.75,2996,15026616.0,4.255952653991208e-05
2024-05-24,11:57:19,71.5439,27.75,24.75,2996,15026616.0,4.255952653991208e-05
2024-05-24,11:57:19,71.551,27.75,24.75,2996,15026615.0,4.255952653991208e-05
2024-05-24,11:57:19,71.558,27.75,24.75,2996,15026616.0,4.255952653991208e-05
2024-05-24,11:57:19,71.5649,27.75,24.75,2996,15026616.0,4.255952653991208e-05
2024-05-24,11:57:19,71.572,27.75,24.75,2997,15026616.0,4.249151004747342e-05
2024-05-24,11:57:19,71.579,27.75,24.75,2997,15026615.0,4.249151004747342e-05
2024-05-24,11:57:19,71.5859,27.75,24.75,2996,15026615.0,4.255952653991208e-05
2024-05-24,11:57:19,71.5929,27.75,24.75,2996,15026616.0,4.255952653991208e-05
2024-05-24,11:57:19,71.6,27.75,24.75,2996,15026615.0,4.255952653991208e-05
2024-05-24,11:57:19,71.6069,27.75,24.75,2996,15026614.0,4.255952653991208e-05
2024-05-24,11:57:19,71.6138,27.75,24.75,2996,15026615.0,4.255952653991208e-05
2024-05-24,11:57:19,71.6209,27.75,24.75,2996,15026616.0,4.255952653991208e-05
2024-05-24,11:57:19,71.6279,27.75,24.75,2996,15026615.0,4.255952653991208e-05
2024-05-24,11:57:19,71.6348,27.75,24.75,2997,15026614.0,4.249151004747342e-05
2024-05-24,11:57:19,71.6417,27.75,24.75,2997,15026615.0,4.249151004747342e-05
2024-05-24,11:57:19,71.6488,27.75,24.75,2996,15026615.0,4.255952653991208e-05
2024-05-24,11:57:19,71.6558,27.75,24.75,2996,15026615.0,4.255952653991208e-05
2024-05-24,11:57:19,71.6628,27.75,24.75,2996,15026615.0,4.255952653991208e-05
2024-05-24,11:57:19,71.6697,27.75,24.75,2996,15026616.0,4.255952653991208e-05
2024-05-24,11:57:19,71.6767,27.75,24.75,2996,15026616.0,4.255952653991208e-05
2024-05-24,11:57:19,71.6837,27.75,24.75,2996,15026616.0,4.255952653991208e-05
2024-05-24,11:57:19,71.6907,27.75,24.75,2996,15026616.0,4.255952653991208e-05
2024-05-24,11:57:19,71.6978,27.75,24.75,2996,15026616.0,4.255952653991208e-05
2024-05-24,11:57:19,71.7047,27.75,24.75,2996,15026616.0,4.255952653991208e-05
2024-05-24,11:57:19,71.7116,27.75,24.75,2996,15026615.0,4.255952653991208e-05
2024-05-24,11:57:19,71.7185,27.75,24.75,2996,15026614.0,4.255952653991208e-05
2024-05-24,11:57:19,71.7256,27.75,24.75,2996,15026615.0,4.255952653991208e-05
2024-05-24,11:57:19,71.7326,27.75,24.75,2996,15026615.0,4.255952653991208e-05
2024-05-24,11:57:19,71.7396,27.75,24.75,2996,15026616.0,4.255952653991208e-05
2024-05-24,11:57:19,71.7467,27.75,24.75,2996,15026615.0,4.255952653991208e-05
2024-05-24,11:57:19,71.7536,27.75,24.75,2997,15026615.0,4.249151004747342e-05
2024-05-24,11:57:19,71.7605,27.75,24.75,2997,15026616.0,4.249151004747342e-05
2024-05-24,11:57:19,71.7675,27.75,24.75,2996,15026615.0,4.255952653991208e-05
2024-05-24,11:57:20,71.7747,27.75,24.75,2996,15026615.0,4.255952653991208e-05
2024-05-24,11:57:20,71.7816,27.75,24.75,2996,15026616.0,4.255952653991208e-05
2024-05-24,11:57:20,71.7885,27.75,24.75,2996,15026616.0,4.255952653991208e-05
2024-05-24,11:57:20,71.7956,27.75,24.75,2996,15026615.0,4.255952653991208e-05
2024-05-24,11:57:20,71.8025,27.75,24.75,2996,15026615.0,4.255952653991208e-05
2024-05-24,11:57:20,71.8094,27.75,24.75,2996,15026614.0,4.255952653991208e-05
2024-05-24,11:57:20,71.8166,27.75,24.75,2996,15026615.0,4.255952653991208e-05
2024-05-24,11:57:20,71.8236,27.75,24.75,2996,15026616.0,4.255952653991208e-05
2024-05-24,11:57:20,71.8305,27.75,24.75,2996,15026616.0,4.255952653991208e-05
2024-05-24,11:57:20,71.8374,27.75,24.75,2996,15026616.0,4.255952653991208e-05
2024-05-24,11:57:20,71.8443,27.75,24.75,2996,15026615.0,4.255952653991208e-05
2024-05-24,11:57:20,71.8514,27.75,24.75,2996,15026614.0,4.255952653991208e-05
2024-05-24,11:57:20,71.8584,27.75,24.75,2996,15026615.0,4.255952653991208e-05
2024-05-24,11:57:20,71.8655,27.75,24.75,2996,15026615.0,4.255952653991208e-05
2024-05-24,11:57:20,71.8724,27.75,24.75,2996,15026615.0,4.255952653991208e-05
2024-05-24,11:57:20,71.8793,27.75,24.75,2996,15026616.0,4.255952653991208e-05
2024-05-24,11:57:20,71.8863,27.75,24.75,2996,15026616.0,4.255952653991208e-05
2024-05-24,11:57:20,71.8934,27.75,24.75,2996,15026615.0,4.255952653991208e-05
2024-05-24,11:57:20,71.9003,27.75,24.75,2996,15026615.0,4.255952653991208e-05
2024-05-24,11:57:20,71.9072,27.75,24.75,2996,15026616.0,4.255952653991208e-05
2024-05-24,11:57:20,71.9142,27.75,24.75,2995,15026616.0,4.262765190688212e-05
2024-05-24,11:57:20,71.9213,27.75,24.75,2995,15026616.0,4.262765190688212e-05
2024-05-24,11:57:20,71.9283,27.75,24.75,2996,15026615.0,4.255952653991208e-05
2024-05-24,11:57:20,71.9353,27.75,24.75,2996,15026615.0,4.255952653991208e-05
2024-05-24,11:57:20,71.9423,27.75,24.75,2996,15026615.0,4.255952653991208e-05
2024-05-24,11:57:20,71.9492,27.75,24.75,2996,15026615.0,4.255952653991208e-05
2024-05-24,11:57:20,71.9561,27.75,24.75,2995,15026616.0,4.262765190688212e-05
2024-05-24,11:57:20,71.963,27.75,24.75,2995,15026615.0,4.262765190688212e-05
2024-05-24,11:57:20,71.97,27.75,24.75,2996,15026615.0,4.255952653991208e-05
2024-05-24,11:57:20,71.9771,27.75,24.75,2996,15026616.0,4.255952653991208e-05
2024-05-24,11:57:20,71.9841,27.75,24.75,2996,15026616.0,4.255952653991208e-05
2024-05-24,11:57:20,71.991,27.75,24.75,2996,15026615.0,4.255952653991208e-05
2024-05-24,11:57:20,71.9979,27.75,24.75,2996,15026614.0,4.255952653991208e-05
2024-05-24,11:57:20,72.005,27.75,24.75,2995,15026614.0,4.262765190688212e-05
2024-05-24,11:57:20,72.0119,27.75,24.75,2995,15026615.0,4.262765190688212e-05
2024-05-24,11:57:20,72.0189,27.75,24.75,2996,15026615.0,4.255952653991208e-05
2024-05-24,11:57:20,72.026,27.75,24.75,2996,15026615.0,4.255952653991208e-05
2024-05-24,11:57:20,72.0329,27.75,24.75,2996,15026615.0,4.255952653991208e-05
2024-05-24,11:57:20,72.0399,27.75,24.75,2996,15026615.0,4.255952653991208e-05
2024-05-24,11:57:20,72.047,27.75,24.75,2996,15026614.0,4.255952653991208e-05
2024-05-24,11:57:20,72.054,27.75,24.75,2996,15026614.0,4.255952653991208e-05
2024-05-24,11:57:20,72.061,27.75,24.75,2996,15026615.0,4.255952653991208e-05
2024-05-24,11:57:20,72.068,27.75,24.75,2996,15026614.0,4.255952653991208e-05
2024-05-24,11:57:20,72.0749,27.75,24.75,2996,15026614.0,4.255952653991208e-05
2024-05-24,11:57:20,72.0818,27.75,24.75,2996,15026615.0,4.255952653991208e-05
2024-05-24,11:57:20,72.0888,27.75,24.75,2996,15026614.0,4.255952653991208e-05
2024-05-24,11:57:20,72.0959,27.75,24.75,2996,15026614.0,4.255952653991208e-05
2024-05-24,11:57:20,72.1028,27.75,24.75,2996,15026614.0,4.255952653991208e-05
2024-05-24,11:57:20,72.1098,27.75,24.75,2996,15026614.0,4.255952653991208e-05
2024-05-24,11:57:20,72.1169,27.75,24.75,2996,15026614.0,4.255952653991208e-05
2024-05-24,11:57:20,72.1238,27.75,24.75,2995,15026615.0,4.262765190688212e-05
2024-05-24,11:57:20,72.1307,27.75,24.75,2994,15026615.0,4.269588632265983e-05
2024-05-24,11:57:20,72.1377,27.75,24.75,2994,15026614.0,4.269588632265983e-05
2024-05-24,11:57:20,72.1448,27.75,24.75,2995,15026615.0,4.262765190688212e-05
2024-05-24,11:57:20,72.1517,27.75,24.75,2995,15026615.0,4.262765190688212e-05
2024-05-24,11:57:20,72.1586,27.75,24.75,2995,15026613.0,4.262765190688212e-05
2024-05-24,11:57:20,72.1656,27.75,24.75,2996,15026613.0,4.255952653991208e-05
2024-05-24,11:57:20,72.1727,27.75,24.75,2995,15026615.0,4.262765190688212e-05
2024-05-24,11:57:20,72.1796,27.75,24.75,2994,15026615.0,4.269588632265983e-05
2024-05-24,11:57:20,72.1866,27.75,24.75,2995,15026615.0,4.262765190688212e-05
2024-05-24,11:57:20,72.1937,27.75,24.75,2996,15026614.0,4.255952653991208e-05
2024-05-24,11:57:20,72.2006,27.75,24.75,2995,15026613.0,4.262765190688212e-05
2024-05-24,11:57:20,72.2076,27.75,24.75,2995,15026613.0,4.262765190688212e-05
2024-05-24,11:57:20,72.2146,27.75,24.75,2996,15026614.0,4.255952653991208e-05
2024-05-24,11:57:20,72.2217,27.75,24.75,2996,15026614.0,4.255952653991208e-05
2024-05-24,11:57:20,72.2286,27.75,24.75,2996,15026614.0,4.255952653991208e-05
2024-05-24,11:57:20,72.2355,27.75,24.75,2996,15026614.0,4.255952653991208e-05
2024-05-24,11:57:20,72.2425,27.75,24.75,2996,15026615.0,4.255952653991208e-05
2024-05-24,11:57:20,72.2495,27.75,24.75,2995,15026615.0,4.262765190688212e-05
2024-05-24,11:57:20,72.2565,27.75,24.75,2995,15026614.0,4.262765190688212e-05
2024-05-24,11:57:20,72.2635,27.75,24.75,2995,15026613.0,4.262765190688212e-05
2024-05-24,11:57:20,72.2705,27.75,24.75,2994,15026612.0,4.269588632265983e-05
2024-05-24,11:57:20,72.2775,27.75,24.75,2994,15026613.0,4.269588632265983e-05
2024-05-24,11:57:20,72.2845,27.75,24.75,2995,15026615.0,4.262765190688212e-05
2024-05-24,11:57:20,72.2914,27.75,24.75,2996,15026614.0,4.255952653991208e-05
2024-05-24,11:57:20,72.2984,27.75,24.75,2996,15026615.0,4.255952653991208e-05
2024-05-24,11:57:20,72.3054,27.75,24.75,2995,15026615.0,4.262765190688212e-05
2024-05-24,11:57:20,72.3124,27.75,24.75,2995,15026614.0,4.262765190688212e-05
2024-05-24,11:57:20,72.3193,27.75,24.75,2995,15026614.0,4.262765190688212e-05
2024-05-24,11:57:20,72.3263,27.75,24.75,2995,15026615.0,4.262765190688212e-05
2024-05-24,11:57:20,72.3333,27.75,24.75,2995,15026615.0,4.262765190688212e-05
2024-05-24,11:57:20,72.3403,27.75,24.75,2994,15026613.0,4.269588632265983e-05
2024-05-24,11:57:20,72.3473,27.75,24.75,2995,15026613.0,4.262765190688212e-05
2024-05-24,11:57:20,72.3542,27.75,24.75,2995,15026613.0,4.262765190688212e-05
2024-05-24,11:57:20,72.3612,27.75,24.75,2995,15026614.0,4.262765190688212e-05
2024-05-24,11:57:20,72.3682,27.75,24.75,2996,15026615.0,4.255952653991208e-05
2024-05-24,11:57:20,72.3753,27.75,24.75,2995,15026615.0,4.262765190688212e-05
2024-05-24,11:57:20,72.3823,27.75,24.75,2994,15026611.0,4.269588632265983e-05
2024-05-24,11:57:20,72.3894,27.75,24.75,2995,15026610.0,4.262765190688212e-05
2024-05-24,11:57:20,72.3964,27.75,24.75,2997,15026612.0,4.249151004747342e-05
2024-05-24,11:57:20,72.4034,27.75,24.75,2998,15026612.0,4.242360225556832e-05
2024-05-24,11:57:20,72.4105,27.75,24.75,2998,15026615.0,4.242360225556832e-05
2024-05-24,11:57:20,72.4174,27.75,24.75,2996,15026615.0,4.255952653991208e-05
2024-05-24,11:57:20,72.4243,27.75,24.75,2994,15026612.0,4.269588632265983e-05
2024-05-24,11:57:20,72.4313,27.75,24.75,2995,15026612.0,4.262765190688212e-05
2024-05-24,11:57:20,72.4384,27.75,24.75,2995,15026613.0,4.262765190688212e-05
2024-05-24,11:57:20,72.4454,27.75,24.75,2994,15026614.0,4.269588632265983e-05
2024-05-24,11:57:20,72.4523,27.75,24.75,2994,15026614.0,4.269588632265983e-05
2024-05-24,11:57:20,72.4593,27.75,24.75,2995,15026613.0,4.262765190688212e-05
2024-05-24,11:57:20,72.4663,27.75,24.75,2996,15026614.0,4.255952653991208e-05
2024-05-24,11:57:20,72.4733,27.75,24.75,2995,15026615.0,4.262765190688212e-05
2024-05-24,11:57:20,72.4802,27.75,24.75,2994,15026614.0,4.269588632265983e-05
2024-05-24,11:57:20,72.4872,27.75,24.75,2994,15026614.0,4.269588632265983e-05
2024-05-24,11:57:20,72.4943,27.75,24.75,2994,15026613.0,4.269588632265983e-05
2024-05-24,11:57:20,72.5014,27.75,24.75,2994,15026614.0,4.269588632265983e-05
2024-05-24,11:57:20,72.5083,27.75,24.75,2995,15026615.0,4.262765190688212e-05
2024-05-24,11:57:20,72.5152,27.75,24.75,2995,15026615.0,4.262765190688212e-05
2024-05-24,11:57:20,72.5222,27.75,24.75,2994,15026613.0,4.269588632265983e-05
2024-05-24,11:57:20,72.5293,27.75,24.75,2994,15026613.0,4.269588632265983e-05
2024-05-24,11:57:20,72.5362,27.69,24.75,2994,15026614.0,4.269588632265983e-05
2024-05-24,11:57:20,72.5432,27.69,24.75,2994,15026614.0,4.269588632265983e-05
2024-05-24,11:57:20,72.5503,27.69,24.75,2994,15026613.0,4.269588632265983e-05
2024-05-24,11:57:20,72.5573,27.69,24.75,2994,15026614.0,4.269588632265983e-05
2024-05-24,11:57:20,72.5643,27.69,24.75,2994,15026615.0,4.269588632265983e-05
2024-05-24,11:57:20,72.5713,27.69,24.75,2994,15026614.0,4.269588632265983e-05
2024-05-24,11:57:20,72.5782,27.69,24.75,2994,15026613.0,4.269588632265983e-05
2024-05-24,11:57:20,72.5852,27.69,24.75,2994,15026613.0,4.269588632265983e-05
2024-05-24,11:57:20,72.5922,27.69,24.75,2994,15026612.0,4.269588632265983e-05
2024-05-24,11:57:20,72.5992,27.69,24.75,2994,15026612.0,4.269588632265983e-05
2024-05-24,11:57:20,72.6061,27.69,24.75,2994,15026612.0,4.269588632265983e-05
2024-05-24,11:57:20,72.6131,27.69,24.75,2994,15026612.0,4.269588632265983e-05
2024-05-24,11:57:20,72.6201,27.69,24.75,2994,15026613.0,4.269588632265983e-05
2024-05-24,11:57:20,72.6272,27.69,24.75,2994,15026613.0,4.269588632265983e-05
2024-05-24,11:57:20,72.6344,27.69,24.75,2993,15026612.0,4.276422996180053e-05
2024-05-24,11:57:20,72.6413,27.69,24.75,2993,15026613.0,4.276422996180053e-05
2024-05-24,11:57:20,72.6482,27.69,24.75,2995,15026615.0,4.262765190688212e-05
2024-05-24,11:57:20,72.6552,27.69,24.75,2995,15026615.0,4.262765190688212e-05
2024-05-24,11:57:20,72.6623,27.69,24.75,2994,15026614.0,4.269588632265983e-05
2024-05-24,11:57:20,72.6693,27.69,24.75,2994,15026614.0,4.269588632265983e-05
2024-05-24,11:57:20,72.6762,27.69,24.75,2994,15026614.0,4.269588632265983e-05
2024-05-24,11:57:20,72.6833,27.69,24.75,2995,15026613.0,4.262765190688212e-05
2024-05-24,11:57:20,72.6903,27.69,24.75,2995,15026612.0,4.262765190688212e-05
2024-05-24,11:57:20,72.6972,27.69,24.75,2994,15026613.0,4.269588632265983e-05
2024-05-24,11:57:20,72.7041,27.69,24.75,2994,15026613.0,4.269588632265983e-05
2024-05-24,11:57:20,72.7112,27.69,24.75,2994,15026614.0,4.269588632265983e-05
2024-05-24,11:57:20,72.7182,27.69,24.75,2994,15026612.0,4.269588632265983e-05
2024-05-24,11:57:20,72.7251,27.69,24.75,2994,15026611.0,4.269588632265983e-05
2024-05-24,11:57:20,72.7321,27.69,24.75,2994,15026612.0,4.269588632265983e-05
2024-05-24,11:57:20,72.7393,27.69,24.75,2994,15026613.0,4.269588632265983e-05
2024-05-24,11:57:20,72.7462,27.69,24.75,2994,15026613.0,4.269588632265983e-05
2024-05-24,11:57:20,72.7531,27.69,24.75,2994,15026613.0,4.269588632265983e-05
2024-05-24,11:57:20,72.7602,27.69,24.75,2994,15026613.0,4.269588632265983e-05
2024-05-24,11:57:20,72.7672,27.69,24.75,2994,15026613.0,4.269588632265983e-05
2024-05-24,11:57:21,72.7743,27.69,24.75,2993,15026612.0,4.276422996180053e-05
2024-05-24,11:57:21,72.7812,27.69,24.75,2993,15026612.0,4.276422996180053e-05
2024-05-24,11:57:21,72.7881,27.69,24.75,2994,15026613.0,4.269588632265983e-05
2024-05-24,11:57:21,72.7951,27.69,24.75,2994,15026613.0,4.269588632265983e-05
2024-05-24,11:57:21,72.8022,27.69,24.75,2994,15026613.0,4.269588632265983e-05
2024-05-24,11:57:21,72.8092,27.69,24.75,2994,15026613.0,4.269588632265983e-05
2024-05-24,11:57:21,72.8162,27.69,24.75,2994,15026613.0,4.269588632265983e-05
2024-05-24,11:57:21,72.8232,27.69,24.75,2994,15026613.0,4.269588632265983e-05
2024-05-24,11:57:21,72.8301,27.69,24.75,2995,15026614.0,4.262765190688212e-05
2024-05-24,11:57:21,72.837,27.69,24.75,2995,15026613.0,4.262765190688212e-05
2024-05-24,11:57:21,72.8439,27.69,24.75,2994,15026613.0,4.269588632265983e-05
2024-05-24,11:57:21,72.8509,27.69,24.75,2993,15026614.0,4.276422996180053e-05
2024-05-24,11:57:21,72.858,27.69,24.75,2993,15026613.0,4.276422996180053e-05
2024-05-24,11:57:21,72.8649,27.69,24.75,2994,15026613.0,4.269588632265983e-05
2024-05-24,11:57:21,72.8719,27.69,24.75,2994,15026612.0,4.269588632265983e-05
2024-05-24,11:57:21,72.879,27.69,24.75,2994,15026612.0,4.269588632265983e-05
2024-05-24,11:57:21,72.886,27.69,24.75,2994,15026613.0,4.269588632265983e-05
2024-05-24,11:57:21,72.893,27.69,24.75,2994,15026613.0,4.269588632265983e-05
2024-05-24,11:57:21,72.9,27.69,24.75,2994,15026612.0,4.269588632265983e-05
2024-05-24,11:57:21,72.9069,27.69,24.75,2994,15026612.0,4.269588632265983e-05
2024-05-24,11:57:21,72.9139,27.69,24.75,2994,15026613.0,4.269588632265983e-05
2024-05-24,11:57:21,72.9209,27.69,24.75,2994,15026613.0,4.269588632265983e-05
2024-05-24,11:57:21,72.928,27.69,24.75,2993,15026612.0,4.276422996180053e-05
2024-05-24,11:57:21,72.935,27.69,24.75,2993,15026612.0,4.276422996180053e-05
2024-05-24,11:57:21,72.9419,27.69,24.75,2994,15026613.0,4.269588632265983e-05
2024-05-24,11:57:21,72.9489,27.69,24.75,2994,15026613.0,4.269588632265983e-05
2024-05-24,11:57:21,72.9559,27.69,24.75,2994,15026613.0,4.269588632265983e-05
2024-05-24,11:57:21,72.9629,27.69,24.75,2993,15026613.0,4.276422996180053e-05
2024-05-24,11:57:21,72.97,27.69,24.75,2993,15026613.0,4.276422996180053e-05
2024-05-24,11:57:21,72.977,27.69,24.75,2993,15026613.0,4.276422996180053e-05
2024-05-24,11:57:21,72.9839,27.69,24.75,2993,15026613.0,4.276422996180053e-05
2024-05-24,11:57:21,72.991,27.69,24.75,2994,15026613.0,4.269588632265983e-05
2024-05-24,11:57:21,72.998,27.69,24.75,2994,15026613.0,4.269588632265983e-05
2024-05-24,11:57:21,73.0049,27.69,24.75,2994,15026613.0,4.269588632265983e-05
2024-05-24,11:57:21,73.0118,27.69,24.75,2993,15026612.0,4.276422996180053e-05
2024-05-24,11:57:21,73.019,27.69,24.75,2992,15026612.0,4.283268299913885e-05
2024-05-24,11:57:21,73.026,27.69,24.75,2993,15026613.0,4.276422996180053e-05
2024-05-24,11:57:21,73.0329,27.69,24.75,2994,15026613.0,4.269588632265983e-05
2024-05-24,11:57:21,73.04,27.75,24.75,2993,15026612.0,4.276422996180053e-05
2024-05-24,11:57:21,73.047,27.75,24.75,2993,15026611.0,4.276422996180053e-05
2024-05-24,11:57:21,73.0541,27.75,24.75,2994,15026612.0,4.269588632265983e-05
2024-05-24,11:57:21,73.0611,27.75,24.75,2994,15026612.0,4.269588632265983e-05
2024-05-24,11:57:21,73.0681,27.75,24.75,2994,15026613.0,4.269588632265983e-05
2024-05-24,11:57:21,73.0751,27.75,24.75,2994,15026612.0,4.269588632265983e-05
2024-05-24,11:57:21,73.082,27.75,24.75,2993,15026611.0,4.276422996180053e-05
2024-05-24,11:57:21,73.089,27.75,24.75,2993,15026612.0,4.276422996180053e-05
2024-05-24,11:57:21,73.0961,27.75,24.75,2994,15026613.0,4.269588632265983e-05
2024-05-24,11:57:21,73.1031,27.75,24.75,2993,15026613.0,4.276422996180053e-05
2024-05-24,11:57:21,73.1101,27.75,24.75,2992,15026612.0,4.283268299913885e-05
2024-05-24,11:57:21,73.117,27.75,24.75,2993,15026611.0,4.276422996180053e-05
2024-05-24,11:57:21,73.124,27.75,24.75,2994,15026613.0,4.269588632265983e-05
2024-05-24,11:57:21,73.1311,27.75,24.75,2994,15026612.0,4.269588632265983e-05
2024-05-24,11:57:21,73.1382,27.75,24.75,2993,15026612.0,4.276422996180053e-05
2024-05-24,11:57:21,73.1451,27.75,24.75,2993,15026612.0,4.276422996180053e-05
2024-05-24,11:57:21,73.1521,27.75,24.75,2993,15026611.0,4.276422996180053e-05
2024-05-24,11:57:21,73.159,27.75,24.75,2993,15026612.0,4.276422996180053e-05
2024-05-24,11:57:21,73.1659,27.75,24.75,2994,15026613.0,4.269588632265983e-05
2024-05-24,11:57:21,73.173,27.75,24.75,2994,15026613.0,4.269588632265983e-05
2024-05-24,11:57:21,73.18,27.75,24.75,2994,15026612.0,4.269588632265983e-05
2024-05-24,11:57:21,73.1871,27.75,24.75,2993,15026613.0,4.276422996180053e-05
2024-05-24,11:57:21,73.1941,27.75,24.75,2993,15026613.0,4.276422996180053e-05
2024-05-24,11:57:21,73.2011,27.75,24.75,2994,15026612.0,4.269588632265983e-05
2024-05-24,11:57:21,73.2081,27.75,24.75,2994,15026613.0,4.269588632265983e-05
2024-05-24,11:57:21,73.215,27.75,24.75,2993,15026613.0,4.276422996180053e-05
2024-05-24,11:57:21,73.222,27.75,24.75,2993,15026613.0,4.276422996180053e-05
2024-05-24,11:57:21,73.229,27.75,24.75,2993,15026613.0,4.276422996180053e-05
2024-05-24,11:57:21,73.236,27.75,24.75,2993,15026613.0,4.276422996180053e-05
2024-05-24,11:57:21,73.2429,27.75,24.75,2993,15026613.0,4.276422996180053e-05
2024-05-24,11:57:21,73.2499,27.75,24.75,2992,15026612.0,4.283268299913885e-05
2024-05-24,11:57:21,73.2569,27.75,24.75,2992,15026612.0,4.283268299913885e-05
2024-05-24,11:57:21,73.264,27.75,24.75,2993,15026613.0,4.276422996180053e-05
2024-05-24,11:57:21,73.2709,27.75,24.75,2994,15026612.0,4.269588632265983e-05
2024-05-24,11:57:21,73.2778,27.75,24.75,2994,15026611.0,4.269588632265983e-05
2024-05-24,11:57:21,73.2849,27.75,24.75,2993,15026612.0,4.276422996180053e-05
2024-05-24,11:57:21,73.2919,27.75,24.75,2993,15026614.0,4.276422996180053e-05
2024-05-24,11:57:21,73.2988,27.75,24.75,2993,15026614.0,4.276422996180053e-05
2024-05-24,11:57:21,73.3058,27.75,24.75,2992,15026612.0,4.283268299913885e-05
2024-05-24,11:57:21,73.3129,27.75,24.75,2992,15026612.0,4.283268299913885e-05
2024-05-24,11:57:21,73.3199,27.75,24.75,2992,15026613.0,4.283268299913885e-05
2024-05-24,11:57:21,73.327,27.75,24.75,2992,15026612.0,4.283268299913885e-05
2024-05-24,11:57:21,73.3339,27.75,24.75,2992,15026611.0,4.283268299913885e-05
2024-05-24,11:57:21,73.3409,27.75,24.75,2992,15026611.0,4.283268299913885e-05
2024-05-24,11:57:21,73.348,27.75,24.75,2992,15026611.0,4.283268299913885e-05
2024-05-24,11:57:21,73.355,27.75,24.75,2992,15026611.0,4.283268299913885e-05
2024-05-24,11:57:21,73.362,27.75,24.75,2992,15026612.0,4.283268299913885e-05
2024-05-24,11:57:21,73.3691,27.75,24.75,2992,15026612.0,4.283268299913885e-05
2024-05-24,11:57:21,73.3761,27.75,24.75,2992,15026611.0,4.283268299913885e-05
2024-05-24,11:57:21,73.383,27.75,24.75,2992,15026611.0,4.283268299913885e-05
2024-05-24,11:57:21,73.3899,27.75,24.75,2992,15026611.0,4.283268299913885e-05
2024-05-24,11:57:21,73.397,27.75,24.75,2992,15026612.0,4.283268299913885e-05
2024-05-24,11:57:21,73.404,27.75,24.75,2992,15026611.0,4.283268299913885e-05
2024-05-24,11:57:21,73.4111,27.75,24.75,2992,15026611.0,4.283268299913885e-05
2024-05-24,11:57:21,73.4181,27.75,24.75,2992,15026612.0,4.283268299913885e-05
2024-05-24,11:57:21,73.425,27.75,24.75,2992,15026612.0,4.283268299913885e-05
2024-05-24,11:57:21,73.4321,27.75,24.75,2992,15026612.0,4.283268299913885e-05
2024-05-24,11:57:21,73.4391,27.75,24.75,2992,15026613.0,4.283268299913885e-05
2024-05-24,11:57:21,73.446,27.75,24.75,2993,15026613.0,4.276422996180053e-05
2024-05-24,11:57:21,73.453,27.75,24.75,2993,15026613.0,4.276422996180053e-05
2024-05-24,11:57:21,73.4601,27.75,24.75,2992,15026611.0,4.283268299913885e-05
2024-05-24,11:57:21,73.4671,27.75,24.75,2992,15026611.0,4.283268299913885e-05
2024-05-24,11:57:21,73.4742,27.75,24.75,2992,15026612.0,4.283268299913885e-05
2024-05-24,11:57:21,73.4811,27.75,24.75,2992,15026613.0,4.283268299913885e-05
2024-05-24,11:57:21,73.488,27.75,24.75,2992,15026612.0,4.283268299913885e-05
2024-05-24,11:57:21,73.495,27.75,24.75,2992,15026612.0,4.283268299913885e-05
2024-05-24,11:57:21,73.5021,27.75,24.75,2992,15026612.0,4.283268299913885e-05
2024-05-24,11:57:21,73.5091,27.75,24.75,2992,15026613.0,4.283268299913885e-05
2024-05-24,11:57:21,73.5161,27.75,24.75,2992,15026612.0,4.283268299913885e-05
2024-05-24,11:57:21,73.5232,27.75,24.75,2992,15026612.0,4.283268299913885e-05
2024-05-24,11:57:21,73.5302,27.75,24.75,2992,15026612.0,4.283268299913885e-05
2024-05-24,11:57:21,73.5371,27.75,24.75,2992,15026612.0,4.283268299913885e-05
2024-05-24,11:57:21,73.5441,27.75,24.75,2992,15026612.0,4.283268299913885e-05
2024-05-24,11:57:21,73.5511,27.75,24.75,2992,15026613.0,4.283268299913885e-05
2024-05-24,11:57:21,73.5581,27.75,24.75,2992,15026613.0,4.283268299913885e-05
2024-05-24,11:57:21,73.5652,27.75,24.75,2992,15026612.0,4.283268299913885e-05
2024-05-24,11:57:21,73.5721,27.75,24.75,2992,15026611.0,4.283268299913885e-05
2024-05-24,11:57:21,73.5791,27.75,24.75,2992,15026611.0,4.283268299913885e-05
2024-05-24,11:57:21,73.5862,27.75,24.75,2992,15026612.0,4.283268299913885e-05
2024-05-24,11:57:21,73.5931,27.75,24.75,2992,15026613.0,4.283268299913885e-05
2024-05-24,11:57:21,73.6001,27.75,24.75,2992,15026612.0,4.283268299913885e-05
2024-05-24,11:57:21,73.6072,27.75,24.75,2992,15026612.0,4.283268299913885e-05
2024-05-24,11:57:21,73.6142,27.75,24.75,2993,15026613.0,4.276422996180053e-05
2024-05-24,11:57:21,73.6211,27.75,24.75,2993,15026613.0,4.276422996180053e-05
2024-05-24,11:57:21,73.6281,27.75,24.75,2992,15026613.0,4.283268299913885e-05
2024-05-24,11:57:21,73.6352,27.75,24.75,2992,15026612.0,4.283268299913885e-05
2024-05-24,11:57:21,73.6421,27.75,24.75,2992,15026611.0,4.283268299913885e-05
2024-05-24,11:57:21,73.6491,27.75,24.75,2992,15026612.0,4.283268299913885e-05
2024-05-24,11:57:21,73.6562,27.75,24.75,2992,15026612.0,4.283268299913885e-05
2024-05-24,11:57:21,73.6631,27.75,24.75,2992,15026611.0,4.283268299913885e-05
2024-05-24,11:57:21,73.67,27.75,24.75,2992,15026611.0,4.283268299913885e-05
2024-05-24,11:57:21,73.6772,27.75,24.75,2992,15026611.0,4.283268299913885e-05
2024-05-24,11:57:21,73.6842,27.75,24.75,2991,15026610.0,4.290124560978941e-05
2024-05-24,11:57:21,73.6913,27.75,24.75,2991,15026610.0,4.290124560978941e-05
2024-05-24,11:57:21,73.6984,27.75,24.75,2992,15026612.0,4.283268299913885e-05
2024-05-24,11:57:21,73.7053,27.75,24.75,2992,15026612.0,4.283268299913885e-05
2024-05-24,11:57:21,73.7122,27.75,24.75,2991,15026611.0,4.290124560978941e-05
2024-05-24,11:57:21,73.7193,27.75,24.75,2991,15026611.0,4.290124560978941e-05
2024-05-24,11:57:21,73.7263,27.75,24.75,2992,15026611.0,4.283268299913885e-05
2024-05-24,11:57:21,73.7334,27.75,24.75,2992,15026611.0,4.283268299913885e-05
2024-05-24,11:57:21,73.7404,27.75,24.75,2992,15026611.0,4.283268299913885e-05
2024-05-24,11:57:21,73.7474,27.75,24.75,2992,15026611.0,4.283268299913885e-05
2024-05-24,11:57:21,73.7545,27.75,24.75,2992,15026610.0,4.283268299913885e-05
2024-05-24,11:57:21,73.7614,27.75,24.75,2992,15026610.0,4.283268299913885e-05
2024-05-24,11:57:21,73.7684,27.75,24.75,2992,15026611.0,4.283268299913885e-05
2024-05-24,11:57:22,73.7755,27.75,24.75,2992,15026611.0,4.283268299913885e-05
2024-05-24,11:57:22,73.7824,27.75,24.75,2992,15026611.0,4.283268299913885e-05
2024-05-24,11:57:22,73.7894,27.75,24.75,2992,15026611.0,4.283268299913885e-05
2024-05-24,11:57:22,73.7965,27.75,24.75,2992,15026611.0,4.283268299913885e-05
2024-05-24,11:57:22,73.8035,27.75,24.75,2992,15026611.0,4.283268299913885e-05
2024-05-24,11:57:22,73.8105,27.75,24.75,2991,15026610.0,4.290124560978941e-05
2024-05-24,11:57:22,73.8176,27.75,24.75,2991,15026610.0,4.290124560978941e-05
2024-05-24,11:57:22,73.8246,27.75,24.75,2991,15026610.0,4.290124560978941e-05
2024-05-24,11:57:22,73.8317,27.75,24.75,2991,15026611.0,4.290124560978941e-05
2024-05-24,11:57:22,73.8387,27.75,24.75,2991,15026611.0,4.290124560978941e-05
2024-05-24,11:57:22,73.8457,27.75,24.75,2991,15026610.0,4.290124560978941e-05
2024-05-24,11:57:22,73.8528,27.75,24.75,2992,15026611.0,4.283268299913885e-05
2024-05-24,11:57:22,73.8597,27.75,24.75,2992,15026611.0,4.283268299913885e-05
2024-05-24,11:57:22,73.8666,27.75,24.75,2992,15026611.0,4.283268299913885e-05
2024-05-24,11:57:22,73.8737,27.75,24.75,2992,15026611.0,4.283268299913885e-05
2024-05-24,11:57:22,73.8808,27.75,24.75,2991,15026610.0,4.290124560978941e-05
2024-05-24,11:57:22,73.8879,27.75,24.75,2990,15026610.0,4.296991796914701e-05
2024-05-24,11:57:22,73.8948,27.75,24.75,2990,15026611.0,4.296991796914701e-05
2024-05-24,11:57:22,73.9018,27.75,24.75,2990,15026611.0,4.296991796914701e-05
2024-05-24,11:57:22,73.9089,27.75,24.75,2990,15026612.0,4.296991796914701e-05
2024-05-24,11:57:22,73.9159,27.75,24.75,2991,15026611.0,4.290124560978941e-05
2024-05-24,11:57:22,73.9229,27.75,24.75,2992,15026611.0,4.283268299913885e-05
2024-05-24,11:57:22,73.93,27.75,24.75,2992,15026611.0,4.283268299913885e-05
2024-05-24,11:57:22,73.937,27.75,24.75,2991,15026611.0,4.290124560978941e-05
2024-05-24,11:57:22,73.9441,27.75,24.75,2991,15026610.0,4.290124560978941e-05
2024-05-24,11:57:22,73.9511,27.75,24.75,2992,15026610.0,4.283268299913885e-05
2024-05-24,11:57:22,73.958,27.75,24.75,2991,15026611.0,4.290124560978941e-05
2024-05-24,11:57:22,73.965,27.75,24.75,2990,15026611.0,4.296991796914701e-05
2024-05-24,11:57:22,73.9721,27.75,24.75,2991,15026611.0,4.290124560978941e-05
2024-05-24,11:57:22,73.979,27.75,24.75,2992,15026611.0,4.283268299913885e-05
2024-05-24,11:57:22,73.9862,27.75,24.75,2991,15026611.0,4.290124560978941e-05
2024-05-24,11:57:22,73.9932,27.75,24.75,2990,15026610.0,4.296991796914701e-05
2024-05-24,11:57:22,74.0001,27.75,24.75,2991,15026610.0,4.290124560978941e-05
2024-05-24,11:57:22,74.0072,27.75,24.75,2991,15026611.0,4.290124560978941e-05
2024-05-24,11:57:22,74.0142,27.75,24.75,2991,15026611.0,4.290124560978941e-05
2024-05-24,11:57:22,74.0212,27.75,24.75,2992,15026611.0,4.283268299913885e-05
2024-05-24,11:57:22,74.0283,27.75,24.75,2992,15026612.0,4.283268299913885e-05
2024-05-24,11:57:22,74.0353,27.75,24.75,2992,15026612.0,4.283268299913885e-05
2024-05-24,11:57:22,74.0424,27.75,24.75,2992,15026612.0,4.283268299913885e-05
2024-05-24,11:57:22,74.0493,27.75,24.75,2991,15026610.0,4.290124560978941e-05
2024-05-24,11:57:22,74.0563,27.75,24.75,2990,15026610.0,4.296991796914701e-05
2024-05-24,11:57:22,74.0635,27.75,24.75,2990,15026611.0,4.296991796914701e-05
2024-05-24,11:57:22,74.0704,27.75,24.75,2990,15026610.0,4.296991796914701e-05
2024-05-24,11:57:22,74.0773,27.75,24.75,2991,15026611.0,4.290124560978941e-05
2024-05-24,11:57:22,74.0843,27.75,24.75,2992,15026611.0,4.283268299913885e-05
2024-05-24,11:57:22,74.0914,27.75,24.75,2992,15026610.0,4.283268299913885e-05
2024-05-24,11:57:22,74.0984,27.75,24.75,2992,15026610.0,4.283268299913885e-05
2024-05-24,11:57:22,74.1055,27.75,24.75,2991,15026610.0,4.290124560978941e-05
2024-05-24,11:57:22,74.1125,27.75,24.75,2990,15026610.0,4.296991796914701e-05
2024-05-24,11:57:22,74.1195,27.75,24.75,2990,15026610.0,4.296991796914701e-05
2024-05-24,11:57:22,74.1266,27.75,24.75,2990,15026609.0,4.296991796914701e-05
2024-05-24,11:57:22,74.1336,27.75,24.75,2990,15026609.0,4.296991796914701e-05
2024-05-24,11:57:22,74.1407,27.75,24.75,2990,15026610.0,4.296991796914701e-05
2024-05-24,11:57:22,74.1477,27.75,24.75,2990,15026611.0,4.296991796914701e-05
2024-05-24,11:57:22,74.1547,27.75,24.75,2990,15026610.0,4.296991796914701e-05
2024-05-24,11:57:22,74.1618,27.75,24.75,2991,15026610.0,4.290124560978941e-05
2024-05-24,11:57:22,74.1688,27.75,24.75,2992,15026609.0,4.283268299913885e-05
2024-05-24,11:57:22,74.1757,27.75,24.75,2991,15026609.0,4.290124560978941e-05
2024-05-24,11:57:22,74.1828,27.75,24.75,2990,15026609.0,4.296991796914701e-05
2024-05-24,11:57:22,74.1899,27.75,24.75,2990,15026610.0,4.296991796914701e-05
2024-05-24,11:57:22,74.1969,27.75,24.75,2990,15026610.0,4.296991796914701e-05
2024-05-24,11:57:22,74.2038,27.75,24.75,2990,15026610.0,4.296991796914701e-05
2024-05-24,11:57:22,74.2108,27.75,24.75,2990,15026610.0,4.296991796914701e-05
2024-05-24,11:57:22,74.2178,27.75,24.75,2990,15026609.0,4.296991796914701e-05
2024-05-24,11:57:22,74.2249,27.75,24.75,2991,15026609.0,4.290124560978941e-05
2024-05-24,11:57:22,74.2319,27.75,24.75,2991,15026610.0,4.290124560978941e-05
2024-05-24,11:57:22,74.2388,27.75,24.75,2990,15026610.0,4.296991796914701e-05
2024-05-24,11:57:22,74.2459,27.75,24.75,2991,15026611.0,4.290124560978941e-05
2024-05-24,11:57:22,74.253,27.75,24.75,2992,15026611.0,4.283268299913885e-05
2024-05-24,11:57:22,74.26,27.75,24.75,2991,15026609.0,4.290124560978941e-05
2024-05-24,11:57:22,74.267,27.75,24.75,2990,15026609.0,4.296991796914701e-05
2024-05-24,11:57:22,74.2742,27.75,24.75,2990,15026611.0,4.296991796914701e-05
2024-05-24,11:57:22,74.2811,27.75,24.75,2990,15026611.0,4.296991796914701e-05
2024-05-24,11:57:22,74.2881,27.75,24.75,2990,15026610.0,4.296991796914701e-05
2024-05-24,11:57:22,74.2952,27.75,24.75,2990,15026610.0,4.296991796914701e-05
2024-05-24,11:57:22,74.3021,27.75,24.75,2990,15026610.0,4.296991796914701e-05
2024-05-24,11:57:22,74.3091,27.75,24.75,2990,15026610.0,4.296991796914701e-05
2024-05-24,11:57:22,74.3161,27.75,24.75,2990,15026610.0,4.296991796914701e-05
2024-05-24,11:57:22,74.3232,27.75,24.75,2990,15026610.0,4.296991796914701e-05
2024-05-24,11:57:22,74.3302,27.75,24.75,2991,15026610.0,4.290124560978941e-05
2024-05-24,11:57:22,74.3373,27.75,24.75,2991,15026611.0,4.290124560978941e-05
2024-05-24,11:57:22,74.3443,27.75,24.75,2990,15026610.0,4.296991796914701e-05
2024-05-24,11:57:22,74.3512,27.75,24.75,2990,15026610.0,4.296991796914701e-05
2024-05-24,11:57:22,74.3581,27.75,24.75,2990,15026610.0,4.296991796914701e-05
2024-05-24,11:57:22,74.3652,27.75,24.75,2990,15026610.0,4.296991796914701e-05
2024-05-24,11:57:22,74.3722,27.75,24.75,2990,15026610.0,4.296991796914701e-05
2024-05-24,11:57:22,74.3794,27.75,24.75,2990,15026610.0,4.296991796914701e-05
2024-05-24,11:57:22,74.3864,27.75,24.75,2990,15026610.0,4.296991796914701e-05
2024-05-24,11:57:22,74.3933,27.75,24.75,2991,15026609.0,4.290124560978941e-05
2024-05-24,11:57:22,74.4004,27.75,24.75,2991,15026609.0,4.290124560978941e-05
2024-05-24,11:57:22,74.4074,27.75,24.75,2990,15026609.0,4.296991796914701e-05
2024-05-24,11:57:22,74.4145,27.75,24.75,2991,15026610.0,4.290124560978941e-05
2024-05-24,11:57:22,74.4214,27.75,24.75,2991,15026611.0,4.290124560978941e-05
2024-05-24,11:57:22,74.4283,27.75,24.75,2990,15026611.0,4.296991796914701e-05
2024-05-24,11:57:22,74.4353,27.75,24.75,2990,15026611.0,4.296991796914701e-05
2024-05-24,11:57:22,74.4424,27.75,24.75,2990,15026610.0,4.296991796914701e-05
2024-05-24,11:57:22,74.4494,27.75,24.75,2990,15026610.0,4.296991796914701e-05
2024-05-24,11:57:22,74.4564,27.75,24.75,2990,15026610.0,4.296991796914701e-05
2024-05-24,11:57:22,74.4635,27.75,24.75,2991,15026609.0,4.290124560978941e-05
2024-05-24,11:57:22,74.4705,27.75,24.75,2991,15026609.0,4.290124560978941e-05
2024-05-24,11:57:22,74.4776,27.75,24.75,2990,15026610.0,4.296991796914701e-05
2024-05-24,11:57:22,74.4846,27.75,24.75,2990,15026610.0,4.296991796914701e-05
2024-05-24,11:57:22,74.4916,27.75,24.75,2990,15026610.0,4.296991796914701e-05
2024-05-24,11:57:22,74.4987,27.75,24.75,2990,15026609.0,4.296991796914701e-05
2024-05-24,11:57:22,74.5056,27.75,24.75,2990,15026609.0,4.296991796914701e-05
2024-05-24,11:57:22,74.5125,27.75,24.75,2990,15026609.0,4.296991796914701e-05
2024-05-24,11:57:22,74.5195,27.75,24.75,2990,15026610.0,4.296991796914701e-05
2024-05-24,11:57:22,74.5266,27.75,24.75,2990,15026609.0,4.296991796914701e-05
2024-05-24,11:57:22,74.5336,27.75,24.75,2990,15026609.0,4.296991796914701e-05
2024-05-24,11:57:22,74.5407,27.75,24.75,2991,15026610.0,4.290124560978941e-05
2024-05-24,11:57:22,74.5477,27.75,24.75,2991,15026611.0,4.290124560978941e-05
2024-05-24,11:57:22,74.5547,27.75,24.75,2990,15026609.0,4.296991796914701e-05
2024-05-24,11:57:22,74.5618,27.75,24.75,2990,15026608.0,4.296991796914701e-05
2024-05-24,11:57:22,74.5688,27.75,24.75,2990,15026609.0,4.296991796914701e-05
2024-05-24,11:57:22,74.5759,27.75,24.75,2990,15026610.0,4.296991796914701e-05
2024-05-24,11:57:22,74.5829,27.75,24.75,2990,15026610.0,4.296991796914701e-05
2024-05-24,11:57:22,74.5898,27.75,24.75,2990,15026609.0,4.296991796914701e-05
2024-05-24,11:57:22,74.5969,27.75,24.75,2990,15026609.0,4.296991796914701e-05
2024-05-24,11:57:22,74.604,27.75,24.75,2990,15026609.0,4.296991796914701e-05
2024-05-24,11:57:22,74.6111,27.75,24.75,2990,15026609.0,4.296991796914701e-05
2024-05-24,11:57:22,74.618,27.75,24.75,2990,15026609.0,4.296991796914701e-05
2024-05-24,11:57:22,74.6249,27.75,24.75,2989,15026609.0,4.30387002528873e-05
2024-05-24,11:57:22,74.6321,27.75,24.75,2989,15026609.0,4.30387002528873e-05
2024-05-24,11:57:22,74.6391,27.75,24.75,2990,15026610.0,4.296991796914701e-05
2024-05-24,11:57:22,74.646,27.75,24.75,2990,15026609.0,4.296991796914701e-05
2024-05-24,11:57:22,74.653,27.75,24.75,2989,15026608.0,4.30387002528873e-05
2024-05-24,11:57:22,74.6601,27.75,24.75,2989,15026608.0,4.30387002528873e-05
2024-05-24,11:57:22,74.6671,27.75,24.75,2990,15026609.0,4.296991796914701e-05
2024-05-24,11:57:22,74.6742,27.75,24.75,2990,15026609.0,4.296991796914701e-05
2024-05-24,11:57:22,74.6812,27.75,24.75,2990,15026609.0,4.296991796914701e-05
2024-05-24,11:57:22,74.6882,27.75,24.75,2991,15026608.0,4.290124560978941e-05
2024-05-24,11:57:22,74.6953,27.75,24.75,2990,15026608.0,4.296991796914701e-05
2024-05-24,11:57:22,74.7023,27.75,24.75,2989,15026608.0,4.30387002528873e-05
2024-05-24,11:57:22,74.7092,27.75,24.75,2989,15026609.0,4.30387002528873e-05
2024-05-24,11:57:22,74.7163,27.75,24.75,2988,15026609.0,4.310759263696707e-05
2024-05-24,11:57:22,74.7233,27.75,24.75,2989,15026610.0,4.30387002528873e-05
2024-05-24,11:57:22,74.7304,27.75,24.75,2989,15026610.0,4.30387002528873e-05
2024-05-24,11:57:22,74.7374,27.75,24.75,2989,15026610.0,4.30387002528873e-05
2024-05-24,11:57:22,74.7443,27.75,24.75,2989,15026610.0,4.30387002528873e-05
2024-05-24,11:57:22,74.7513,27.75,24.75,2989,15026610.0,4.30387002528873e-05
2024-05-24,11:57:22,74.7584,27.75,24.75,2989,15026610.0,4.30387002528873e-05
2024-05-24,11:57:22,74.7654,27.75,24.75,2989,15026609.0,4.30387002528873e-05
2024-05-24,11:57:23,74.7725,27.75,24.75,2990,15026608.0,4.296991796914701e-05
2024-05-24,11:57:23,74.7795,27.75,24.75,2989,15026609.0,4.30387002528873e-05
2024-05-24,11:57:23,74.7865,27.75,24.75,2990,15026609.0,4.296991796914701e-05
2024-05-24,11:57:23,74.7936,27.75,24.75,2990,15026607.0,4.296991796914701e-05
2024-05-24,11:57:23,74.8006,27.75,24.75,2988,15026608.0,4.310759263696707e-05
2024-05-24,11:57:23,74.8077,27.75,24.75,2988,15026609.0,4.310759263696707e-05
2024-05-24,11:57:23,74.8147,27.75,24.75,2988,15026609.0,4.310759263696707e-05
2024-05-24,11:57:23,74.8217,27.75,24.75,2989,15026609.0,4.30387002528873e-05
2024-05-24,11:57:23,74.8288,27.75,24.75,2989,15026609.0,4.30387002528873e-05
2024-05-24,11:57:23,74.8358,27.75,24.75,2989,15026608.0,4.30387002528873e-05
2024-05-24,11:57:23,74.8429,27.75,24.75,2990,15026608.0,4.296991796914701e-05
2024-05-24,11:57:23,74.8499,27.75,24.75,2989,15026608.0,4.30387002528873e-05
2024-05-24,11:57:23,74.8569,27.75,24.75,2988,15026609.0,4.310759263696707e-05
2024-05-24,11:57:23,74.864,27.75,24.75,2988,15026610.0,4.310759263696707e-05
2024-05-24,11:57:23,74.871,27.75,24.75,2988,15026609.0,4.310759263696707e-05
2024-05-24,11:57:23,74.8779,27.75,24.75,2988,15026608.0,4.310759263696707e-05
2024-05-24,11:57:23,74.8849,27.75,24.75,2988,15026608.0,4.310759263696707e-05
2024-05-24,11:57:23,74.892,27.75,24.75,2988,15026609.0,4.310759263696707e-05
2024-05-24,11:57:23,74.8991,27.75,24.75,2989,15026608.0,4.30387002528873e-05
2024-05-24,11:57:23,74.906,27.75,24.75,2990,15026609.0,4.296991796914701e-05
2024-05-24,11:57:23,74.913,27.75,24.75,2991,15026608.0,4.290124560978941e-05
2024-05-24,11:57:23,74.9201,27.75,24.75,2991,15026609.0,4.290124560978941e-05
2024-05-24,11:57:23,74.9271,27.75,24.75,2989,15026610.0,4.30387002528873e-05
2024-05-24,11:57:23,74.9341,27.75,24.75,2988,15026608.0,4.310759263696707e-05
2024-05-24,11:57:23,74.9412,27.75,24.75,2989,15026608.0,4.30387002528873e-05
2024-05-24,11:57:23,74.9482,27.75,24.75,2989,15026608.0,4.30387002528873e-05
2024-05-24,11:57:23,74.9553,27.75,24.75,2988,15026608.0,4.310759263696707e-05
2024-05-24,11:57:23,74.9623,27.75,24.75,2988,15026609.0,4.310759263696707e-05
2024-05-24,11:57:23,74.9693,27.75,24.75,2989,15026609.0,4.30387002528873e-05
2024-05-24,11:57:23,74.9764,27.75,24.75,2989,15026607.0,4.30387002528873e-05
2024-05-24,11:57:23,74.9834,27.75,24.75,2989,15026606.0,4.30387002528873e-05
2024-05-24,11:57:23,74.9905,27.75,24.75,2990,15026609.0,4.296991796914701e-05
2024-05-24,11:57:23,74.9974,27.75,24.75,2989,15026609.0,4.30387002528873e-05
2024-05-24,11:57:23,75.0043,27.75,24.75,2988,15026608.0,4.310759263696707e-05
2024-05-24,11:57:23,75.0113,27.75,24.75,2988,15026609.0,4.310759263696707e-05
2024-05-24,11:57:23,75.0184,27.75,24.75,2988,15026608.0,4.310759263696707e-05
2024-05-24,11:57:23,75.0254,27.75,24.75,2989,15026607.0,4.30387002528873e-05
2024-05-24,11:57:23,75.0324,27.75,24.75,2990,15026609.0,4.296991796914701e-05
2024-05-24,11:57:23,75.0395,27.75,24.75,2990,15026609.0,4.296991796914701e-05
2024-05-24,11:57:23,75.0465,27.75,24.75,2989,15026607.0,4.30387002528873e-05
2024-05-24,11:57:23,75.0537,27.75,24.75,2988,15026607.0,4.310759263696707e-05
2024-05-24,11:57:23,75.0607,27.69,24.75,2989,15026608.0,4.30387002528873e-05
2024-05-24,11:57:23,75.0676,27.69,24.75,2990,15026608.0,4.296991796914701e-05
2024-05-24,11:57:23,75.0747,27.69,24.75,2989,15026607.0,4.30387002528873e-05
2024-05-24,11:57:23,75.0817,27.69,24.75,2988,15026607.0,4.310759263696707e-05
2024-05-24,11:57:23,75.0888,27.69,24.75,2988,15026608.0,4.310759263696707e-05
2024-05-24,11:57:23,75.0957,27.69,24.75,2988,15026608.0,4.310759263696707e-05
2024-05-24,11:57:23,75.1027,27.69,24.75,2988,15026607.0,4.310759263696707e-05
2024-05-24,11:57:23,75.1097,27.69,24.75,2988,15026608.0,4.310759263696707e-05
2024-05-24,11:57:23,75.1168,27.69,24.75,2988,15026608.0,4.310759263696707e-05
2024-05-24,11:57:23,75.124,27.69,24.75,2988,15026608.0,4.310759263696707e-05
2024-05-24,11:57:23,75.1309,27.69,24.75,2988,15026608.0,4.310759263696707e-05
2024-05-24,11:57:23,75.1378,27.69,24.75,2989,15026608.0,4.30387002528873e-05
2024-05-24,11:57:23,75.1448,27.69,24.75,2989,15026607.0,4.30387002528873e-05
2024-05-24,11:57:23,75.1519,27.69,24.75,2988,15026608.0,4.310759263696707e-05
2024-05-24,11:57:23,75.1589,27.69,24.75,2988,15026609.0,4.310759263696707e-05
2024-05-24,11:57:23,75.1659,27.69,24.75,2988,15026608.0,4.310759263696707e-05
2024-05-24,11:57:23,75.173,27.69,24.75,2988,15026607.0,4.310759263696707e-05
2024-05-24,11:57:23,75.18,27.69,24.75,2988,15026608.0,4.310759263696707e-05
2024-05-24,11:57:23,75.1871,27.69,24.75,2988,15026607.0,4.310759263696707e-05
2024-05-24,11:57:23,75.1941,27.69,24.75,2988,15026607.0,4.310759263696707e-05
2024-05-24,11:57:23,75.2011,27.69,24.75,2988,15026607.0,4.310759263696707e-05
2024-05-24,11:57:23,75.2082,27.69,24.75,2988,15026607.0,4.310759263696707e-05
2024-05-24,11:57:23,75.2152,27.69,24.75,2988,15026608.0,4.310759263696707e-05
2024-05-24,11:57:23,75.2223,27.69,24.75,2988,15026608.0,4.310759263696707e-05
2024-05-24,11:57:23,75.2293,27.69,24.75,2988,15026608.0,4.310759263696707e-05
2024-05-24,11:57:23,75.2363,27.69,24.75,2988,15026609.0,4.310759263696707e-05
2024-05-24,11:57:23,75.2434,27.69,24.75,2988,15026608.0,4.310759263696707e-05
2024-05-24,11:57:23,75.2503,27.69,24.75,2988,15026607.0,4.310759263696707e-05
2024-05-24,11:57:23,75.2573,27.69,24.75,2988,15026608.0,4.310759263696707e-05
2024-05-24,11:57:23,75.2645,27.69,24.75,2988,15026607.0,4.310759263696707e-05
2024-05-24,11:57:23,75.2714,27.69,24.75,2987,15026606.0,4.317659529762484e-05
2024-05-24,11:57:23,75.2785,27.69,24.75,2988,15026606.0,4.310759263696707e-05
2024-05-24,11:57:23,75.2855,27.69,24.75,2989,15026607.0,4.30387002528873e-05
2024-05-24,11:57:23,75.2924,27.69,24.75,2988,15026608.0,4.310759263696707e-05
2024-05-24,11:57:23,75.2994,27.69,24.75,2988,15026607.0,4.310759263696707e-05
2024-05-24,11:57:23,75.3065,27.69,24.75,2988,15026608.0,4.310759263696707e-05
2024-05-24,11:57:23,75.3135,27.69,24.75,2988,15026608.0,4.310759263696707e-05
2024-05-24,11:57:23,75.3206,27.69,24.75,2988,15026608.0,4.310759263696707e-05
2024-05-24,11:57:23,75.3276,27.69,24.75,2988,15026608.0,4.310759263696707e-05
2024-05-24,11:57:23,75.3346,27.69,24.75,2988,15026607.0,4.310759263696707e-05
2024-05-24,11:57:23,75.3417,27.69,24.75,2988,15026607.0,4.310759263696707e-05
2024-05-24,11:57:23,75.3487,27.69,24.75,2988,15026607.0,4.310759263696707e-05
2024-05-24,11:57:23,75.3558,27.69,24.75,2988,15026607.0,4.310759263696707e-05
2024-05-24,11:57:23,75.3628,27.69,24.75,2988,15026607.0,4.310759263696707e-05
2024-05-24,11:57:23,75.3698,27.69,24.75,2987,15026607.0,4.317659529762484e-05
2024-05-24,11:57:23,75.3769,27.69,24.75,2987,15026606.0,4.317659529762484e-05
2024-05-24,11:57:23,75.3839,27.69,24.75,2988,15026607.0,4.310759263696707e-05
2024-05-24,11:57:23,75.391,27.69,24.75,2988,15026607.0,4.310759263696707e-05
2024-05-24,11:57:23,75.398,27.69,24.75,2987,15026606.0,4.317659529762484e-05
2024-05-24,11:57:23,75.405,27.69,24.75,2987,15026607.0,4.317659529762484e-05
2024-05-24,11:57:23,75.412,27.69,24.75,2987,15026607.0,4.317659529762484e-05
2024-05-24,11:57:23,75.419,27.69,24.75,2987,15026606.0,4.317659529762484e-05
2024-05-24,11:57:23,75.4262,27.69,24.75,2988,15026607.0,4.310759263696707e-05
2024-05-24,11:57:23,75.4331,27.69,24.75,2988,15026607.0,4.310759263696707e-05
2024-05-24,11:57:23,75.4401,27.69,24.75,2987,15026606.0,4.317659529762484e-05
2024-05-24,11:57:23,75.4472,27.69,24.75,2987,15026607.0,4.317659529762484e-05
2024-05-24,11:57:23,75.4541,27.69,24.75,2987,15026607.0,4.317659529762484e-05
2024-05-24,11:57:23,75.4611,27.69,24.75,2987,15026607.0,4.317659529762484e-05
2024-05-24,11:57:23,75.4681,27.69,24.75,2987,15026607.0,4.317659529762484e-05
2024-05-24,11:57:23,75.4752,27.69,24.75,2987,15026606.0,4.317659529762484e-05
2024-05-24,11:57:23,75.4822,27.69,24.75,2988,15026607.0,4.310759263696707e-05
2024-05-24,11:57:23,75.4893,27.69,24.75,2988,15026607.0,4.310759263696707e-05
2024-05-24,11:57:23,75.4963,27.69,24.75,2987,15026607.0,4.317659529762484e-05
2024-05-24,11:57:23,75.5032,27.69,24.75,2987,15026607.0,4.317659529762484e-05
2024-05-24,11:57:23,75.5103,27.69,24.75,2988,15026607.0,4.310759263696707e-05
2024-05-24,11:57:23,75.5173,27.69,24.75,2987,15026607.0,4.317659529762484e-05
2024-05-24,11:57:23,75.5243,27.69,24.75,2986,15026606.0,4.324570841138112e-05
2024-05-24,11:57:23,75.5315,27.69,24.75,2987,15026606.0,4.317659529762484e-05
2024-05-24,11:57:23,75.5385,27.69,24.75,2988,15026607.0,4.310759263696707e-05
2024-05-24,11:57:23,75.5456,27.69,24.75,2988,15026607.0,4.310759263696707e-05
2024-05-24,11:57:23,75.5525,27.69,24.75,2987,15026605.0,4.317659529762484e-05
2024-05-24,11:57:23,75.5595,27.69,24.75,2987,15026606.0,4.317659529762484e-05
2024-05-24,11:57:23,75.5667,27.75,24.75,2988,15026606.0,4.310759263696707e-05
2024-05-24,11:57:23,75.5737,27.75,24.75,2988,15026606.0,4.310759263696707e-05
2024-05-24,11:57:23,75.5808,27.75,24.75,2987,15026606.0,4.317659529762484e-05
2024-05-24,11:57:23,75.5878,27.75,24.75,2987,15026605.0,4.317659529762484e-05
2024-05-24,11:57:23,75.5949,27.75,24.75,2987,15026606.0,4.317659529762484e-05
2024-05-24,11:57:23,75.6019,27.75,24.75,2987,15026606.0,4.317659529762484e-05
2024-05-24,11:57:23,75.6089,27.75,24.75,2987,15026606.0,4.317659529762484e-05
2024-05-24,11:57:23,75.6159,27.75,24.75,2987,15026606.0,4.317659529762484e-05
2024-05-24,11:57:23,75.6229,27.75,24.75,2987,15026607.0,4.317659529762484e-05
2024-05-24,11:57:23,75.6299,27.75,24.75,2987,15026607.0,4.317659529762484e-05
2024-05-24,11:57:23,75.637,27.75,24.75,2987,15026606.0,4.317659529762484e-05
2024-05-24,11:57:23,75.6441,27.75,24.75,2987,15026605.0,4.317659529762484e-05
2024-05-24,11:57:23,75.6511,27.75,24.75,2987,15026606.0,4.317659529762484e-05
2024-05-24,11:57:23,75.658,27.75,24.75,2987,15026605.0,4.317659529762484e-05
2024-05-24,11:57:23,75.6651,27.75,24.75,2987,15026605.0,4.317659529762484e-05
2024-05-24,11:57:23,75.6722,27.75,24.75,2987,15026605.0,4.317659529762484e-05
2024-05-24,11:57:23,75.6791,27.75,24.75,2987,15026606.0,4.317659529762484e-05
2024-05-24,11:57:23,75.6861,27.75,24.75,2986,15026606.0,4.324570841138112e-05
2024-05-24,11:57:23,75.6932,27.75,24.75,2986,15026606.0,4.324570841138112e-05
2024-05-24,11:57:23,75.7002,27.75,24.75,2986,15026606.0,4.324570841138112e-05
2024-05-24,11:57:23,75.7073,27.75,24.75,2986,15026606.0,4.324570841138112e-05
2024-05-24,11:57:23,75.7143,27.75,24.75,2987,15026605.0,4.317659529762484e-05
2024-05-24,11:57:23,75.7213,27.75,24.75,2987,15026604.0,4.317659529762484e-05
2024-05-24,11:57:23,75.7285,27.75,24.75,2987,15026604.0,4.317659529762484e-05
2024-05-24,11:57:23,75.7355,27.75,24.75,2987,15026606.0,4.317659529762484e-05
2024-05-24,11:57:23,75.7426,27.75,24.75,2987,15026606.0,4.317659529762484e-05
2024-05-24,11:57:23,75.7497,27.75,24.75,2987,15026605.0,4.317659529762484e-05
2024-05-24,11:57:23,75.7568,27.75,24.75,2986,15026606.0,4.324570841138112e-05
2024-05-24,11:57:23,75.7638,27.75,24.75,2986,15026606.0,4.324570841138112e-05
2024-05-24,11:57:23,75.7709,27.75,24.75,2986,15026606.0,4.324570841138112e-05
2024-05-24,11:57:24,75.7779,27.75,24.75,2986,15026605.0,4.324570841138112e-05
2024-05-24,11:57:24,75.7849,27.75,24.75,2986,15026606.0,4.324570841138112e-05
2024-05-24,11:57:24,75.792,27.75,24.75,2986,15026605.0,4.324570841138112e-05
2024-05-24,11:57:24,75.799,27.75,24.75,2987,15026604.0,4.317659529762484e-05
2024-05-24,11:57:24,75.8061,27.75,24.75,2988,15026606.0,4.310759263696707e-05
2024-05-24,11:57:24,75.8131,27.75,24.75,2987,15026606.0,4.317659529762484e-05
2024-05-24,11:57:24,75.8201,27.75,24.75,2986,15026605.0,4.324570841138112e-05
2024-05-24,11:57:24,75.8272,27.75,24.75,2986,15026606.0,4.324570841138112e-05
2024-05-24,11:57:24,75.8342,27.75,24.75,2986,15026606.0,4.324570841138112e-05
2024-05-24,11:57:24,75.8413,27.75,24.75,2986,15026606.0,4.324570841138112e-05
2024-05-24,11:57:24,75.8483,27.75,24.75,2986,15026606.0,4.324570841138112e-05
2024-05-24,11:57:24,75.8553,27.75,24.75,2987,15026606.0,4.317659529762484e-05
2024-05-24,11:57:24,75.8624,27.75,24.75,2987,15026605.0,4.317659529762484e-05
2024-05-24,11:57:24,75.8694,27.75,24.75,2986,15026605.0,4.324570841138112e-05
2024-05-24,11:57:24,75.8765,27.75,24.75,2987,15026606.0,4.317659529762484e-05
2024-05-24,11:57:24,75.8835,27.75,24.75,2987,15026606.0,4.317659529762484e-05
2024-05-24,11:57:24,75.8905,27.75,24.75,2986,15026606.0,4.324570841138112e-05
2024-05-24,11:57:24,75.8976,27.75,24.75,2986,15026606.0,4.324570841138112e-05
2024-05-24,11:57:24,75.9046,27.75,24.75,2986,15026606.0,4.324570841138112e-05
2024-05-24,11:57:24,75.9117,27.75,24.75,2987,15026605.0,4.317659529762484e-05
2024-05-24,11:57:24,75.9187,27.75,24.75,2987,15026605.0,4.317659529762484e-05
2024-05-24,11:57:24,75.9257,27.75,24.75,2986,15026606.0,4.324570841138112e-05
2024-05-24,11:57:24,75.9328,27.75,24.75,2986,15026606.0,4.324570841138112e-05
2024-05-24,11:57:24,75.9398,27.75,24.75,2986,15026606.0,4.324570841138112e-05
2024-05-24,11:57:24,75.9469,27.75,24.75,2986,15026606.0,4.324570841138112e-05
2024-05-24,11:57:24,75.9539,27.75,24.75,2986,15026605.0,4.324570841138112e-05
2024-05-24,11:57:24,75.9609,27.75,24.75,2986,15026605.0,4.324570841138112e-05
2024-05-24,11:57:24,75.968,27.75,24.75,2986,15026604.0,4.324570841138112e-05
2024-05-24,11:57:24,75.975,27.75,24.75,2986,15026605.0,4.324570841138112e-05
2024-05-24,11:57:24,75.9821,27.75,24.75,2986,15026606.0,4.324570841138112e-05
2024-05-24,11:57:24,75.9891,27.75,24.75,2986,15026606.0,4.324570841138112e-05
2024-05-24,11:57:24,75.9961,27.75,24.75,2986,15026605.0,4.324570841138112e-05
2024-05-24,11:57:24,76.0032,27.75,24.75,2986,15026605.0,4.324570841138112e-05
2024-05-24,11:57:24,76.0102,27.75,24.75,2986,15026604.0,4.324570841138112e-05
2024-05-24,11:57:24,76.0173,27.75,24.75,2986,15026605.0,4.324570841138112e-05
2024-05-24,11:57:24,76.0244,27.75,24.75,2986,15026605.0,4.324570841138112e-05
2024-05-24,11:57:24,76.0315,27.75,24.75,2986,15026605.0,4.324570841138112e-05
2024-05-24,11:57:24,76.0384,27.75,24.75,2986,15026605.0,4.324570841138112e-05
2024-05-24,11:57:24,76.0454,27.75,24.75,2986,15026605.0,4.324570841138112e-05
2024-05-24,11:57:24,76.0526,27.75,24.75,2986,15026605.0,4.324570841138112e-05
2024-05-24,11:57:24,76.0596,27.75,24.75,2986,15026605.0,4.324570841138112e-05
2024-05-24,11:57:24,76.0665,27.75,24.75,2986,15026605.0,4.324570841138112e-05
2024-05-24,11:57:24,76.0736,27.69,24.75,2986,15026605.0,4.324570841138112e-05
2024-05-24,11:57:24,76.0806,27.69,24.75,2986,15026605.0,4.324570841138112e-05
2024-05-24,11:57:24,76.0877,27.69,24.75,2986,15026605.0,4.324570841138112e-05
2024-05-24,11:57:24,76.0948,27.69,24.75,2987,15026605.0,4.317659529762484e-05
2024-05-24,11:57:24,76.1019,27.69,24.75,2987,15026605.0,4.317659529762484e-05
2024-05-24,11:57:24,76.1088,27.69,24.75,2986,15026605.0,4.324570841138112e-05
2024-05-24,11:57:24,76.1158,27.69,24.75,2985,15026604.0,4.331493215503914e-05
2024-05-24,11:57:24,76.1229,27.69,24.75,2985,15026604.0,4.331493215503914e-05
2024-05-24,11:57:24,76.1299,27.69,24.75,2986,15026604.0,4.324570841138112e-05
2024-05-24,11:57:24,76.1371,27.69,24.75,2986,15026604.0,4.324570841138112e-05
2024-05-24,11:57:24,76.1442,27.69,24.75,2985,15026604.0,4.331493215503914e-05
2024-05-24,11:57:24,76.1512,27.69,24.75,2985,15026604.0,4.331493215503914e-05
2024-05-24,11:57:24,76.1582,27.69,24.75,2986,15026605.0,4.324570841138112e-05
2024-05-24,11:57:24,76.1654,27.69,24.75,2986,15026605.0,4.324570841138112e-05
2024-05-24,11:57:24,76.1724,27.69,24.75,2986,15026605.0,4.324570841138112e-05
2024-05-24,11:57:24,76.1793,27.69,24.75,2986,15026605.0,4.324570841138112e-05
2024-05-24,11:57:24,76.1864,27.69,24.75,2986,15026605.0,4.324570841138112e-05
2024-05-24,11:57:24,76.1935,27.69,24.75,2986,15026605.0,4.324570841138112e-05
2024-05-24,11:57:24,76.2006,27.69,24.75,2986,15026604.0,4.324570841138112e-05
2024-05-24,11:57:24,76.2076,27.69,24.75,2985,15026605.0,4.331493215503914e-05
2024-05-24,11:57:24,76.2146,27.69,24.75,2985,15026605.0,4.331493215503914e-05
2024-05-24,11:57:24,76.2217,27.69,24.75,2986,15026604.0,4.324570841138112e-05
2024-05-24,11:57:24,76.2287,27.69,24.75,2986,15026605.0,4.324570841138112e-05
2024-05-24,11:57:24,76.2358,27.69,24.75,2986,15026605.0,4.324570841138112e-05
2024-05-24,11:57:24,76.2428,27.69,24.75,2986,15026605.0,4.324570841138112e-05
2024-05-24,11:57:24,76.2498,27.69,24.75,2986,15026605.0,4.324570841138112e-05
2024-05-24,11:57:24,76.2569,27.69,24.75,2985,15026603.0,4.331493215503914e-05
2024-05-24,11:57:24,76.2639,27.69,24.75,2985,15026603.0,4.331493215503914e-05
2024-05-24,11:57:24,76.271,27.69,24.75,2986,15026605.0,4.324570841138112e-05
2024-05-24,11:57:24,76.278,27.69,24.75,2986,15026605.0,4.324570841138112e-05
2024-05-24,11:57:24,76.285,27.69,24.75,2986,15026605.0,4.324570841138112e-05
2024-05-24,11:57:24,76.2921,27.69,24.75,2986,15026605.0,4.324570841138112e-05
2024-05-24,11:57:24,76.2991,27.69,24.75,2985,15026604.0,4.331493215503914e-05
2024-05-24,11:57:24,76.3063,27.69,24.75,2985,15026604.0,4.331493215503914e-05
2024-05-24,11:57:24,76.3133,27.69,24.75,2985,15026605.0,4.331493215503914e-05
2024-05-24,11:57:24,76.3204,27.69,24.75,2985,15026604.0,4.331493215503914e-05
2024-05-24,11:57:24,76.3274,27.69,24.75,2986,15026605.0,4.324570841138112e-05
2024-05-24,11:57:24,76.3343,27.69,24.75,2986,15026605.0,4.324570841138112e-05
2024-05-24,11:57:24,76.3414,27.69,24.75,2986,15026605.0,4.324570841138112e-05
2024-05-24,11:57:24,76.3484,27.69,24.75,2986,15026605.0,4.324570841138112e-05
2024-05-24,11:57:24,76.3554,27.69,24.75,2985,15026604.0,4.331493215503914e-05
2024-05-24,11:57:24,76.3626,27.69,24.75,2985,15026605.0,4.331493215503914e-05
2024-05-24,11:57:24,76.3697,27.69,24.75,2985,15026603.0,4.331493215503914e-05
2024-05-24,11:57:24,76.3766,27.69,24.75,2984,15026604.0,4.338426670568495e-05
2024-05-24,11:57:24,76.3836,27.69,24.75,2984,15026603.0,4.338426670568495e-05
2024-05-24,11:57:24,76.3908,27.69,24.75,2985,15026603.0,4.331493215503914e-05
2024-05-24,11:57:24,76.3979,27.69,24.75,2986,15026604.0,4.324570841138112e-05
2024-05-24,11:57:24,76.405,27.69,24.75,2986,15026604.0,4.324570841138112e-05
2024-05-24,11:57:24,76.412,27.69,24.75,2985,15026603.0,4.331493215503914e-05
2024-05-24,11:57:24,76.4191,27.69,24.75,2985,15026603.0,4.331493215503914e-05
2024-05-24,11:57:24,76.4261,27.69,24.75,2985,15026603.0,4.331493215503914e-05
2024-05-24,11:57:24,76.4331,27.69,24.75,2985,15026603.0,4.331493215503914e-05
2024-05-24,11:57:24,76.4402,27.69,24.75,2985,15026604.0,4.331493215503914e-05
2024-05-24,11:57:24,76.4472,27.69,24.75,2985,15026604.0,4.331493215503914e-05
2024-05-24,11:57:24,76.4543,27.69,24.75,2985,15026603.0,4.331493215503914e-05
2024-05-24,11:57:24,76.4613,27.69,24.75,2984,15026604.0,4.338426670568495e-05
2024-05-24,11:57:24,76.4683,27.69,24.75,2984,15026604.0,4.338426670568495e-05
2024-05-24,11:57:24,76.4755,27.69,24.75,2985,15026603.0,4.331493215503914e-05
2024-05-24,11:57:24,76.4825,27.69,24.75,2985,15026603.0,4.331493215503914e-05
2024-05-24,11:57:24,76.4896,27.69,24.75,2984,15026604.0,4.338426670568495e-05
2024-05-24,11:57:24,76.4968,27.69,24.75,2984,15026604.0,4.338426670568495e-05
2024-05-24,11:57:24,76.5038,27.69,24.75,2985,15026603.0,4.331493215503914e-05
2024-05-24,11:57:24,76.5108,27.69,24.75,2985,15026604.0,4.331493215503914e-05
2024-05-24,11:57:24,76.5177,27.69,24.75,2984,15026604.0,4.338426670568495e-05
2024-05-24,11:57:24,76.5248,27.69,24.75,2984,15026604.0,4.338426670568495e-05
2024-05-24,11:57:24,76.532,27.69,24.75,2985,15026604.0,4.331493215503914e-05
2024-05-24,11:57:24,76.539,27.69,24.75,2985,15026604.0,4.331493215503914e-05
2024-05-24,11:57:24,76.546,27.69,24.75,2985,15026604.0,4.331493215503914e-05
2024-05-24,11:57:24,76.5531,27.69,24.75,2985,15026604.0,4.331493215503914e-05
2024-05-24,11:57:24,76.56,27.69,24.75,2985,15026604.0,4.331493215503914e-05
2024-05-24,11:57:24,76.567,27.69,24.75,2985,15026603.0,4.331493215503914e-05
2024-05-24,11:57:24,76.5743,27.69,24.75,2985,15026602.0,4.331493215503914e-05
2024-05-24,11:57:24,76.5814,27.75,24.75,2985,15026603.0,4.331493215503914e-05
2024-05-24,11:57:24,76.5884,27.75,24.75,2984,15026604.0,4.338426670568495e-05
2024-05-24,11:57:24,76.5954,27.75,24.75,2984,15026605.0,4.338426670568495e-05
2024-05-24,11:57:24,76.6025,27.75,24.75,2985,15026604.0,4.331493215503914e-05
2024-05-24,11:57:24,76.6095,27.75,24.75,2985,15026603.0,4.331493215503914e-05
2024-05-24,11:57:24,76.6164,27.75,24.75,2984,15026603.0,4.338426670568495e-05
2024-05-24,11:57:24,76.6235,27.75,24.75,2984,15026604.0,4.338426670568495e-05
2024-05-24,11:57:24,76.6306,27.75,24.75,2984,15026604.0,4.338426670568495e-05
2024-05-24,11:57:24,76.6378,27.75,24.75,2984,15026603.0,4.338426670568495e-05
2024-05-24,11:57:24,76.6447,27.75,24.75,2984,15026604.0,4.338426670568495e-05
2024-05-24,11:57:24,76.6516,27.75,24.75,2984,15026604.0,4.338426670568495e-05
2024-05-24,11:57:24,76.6587,27.75,24.75,2984,15026603.0,4.338426670568495e-05
2024-05-24,11:57:24,76.6658,27.75,24.75,2984,15026603.0,4.338426670568495e-05
2024-05-24,11:57:24,76.673,27.75,24.75,2984,15026603.0,4.338426670568495e-05
2024-05-24,11:57:24,76.6799,27.75,24.75,2984,15026603.0,4.338426670568495e-05
2024-05-24,11:57:24,76.687,27.75,24.75,2984,15026603.0,4.338426670568495e-05
2024-05-24,11:57:24,76.6941,27.75,24.75,2984,15026603.0,4.338426670568495e-05
2024-05-24,11:57:24,76.7012,27.75,24.75,2985,15026603.0,4.331493215503914e-05
2024-05-24,11:57:24,76.7082,27.75,24.75,2985,15026602.0,4.331493215503914e-05
2024-05-24,11:57:24,76.7153,27.75,24.75,2984,15026603.0,4.338426670568495e-05
2024-05-24,11:57:24,76.7223,27.75,24.75,2984,15026603.0,4.338426670568495e-05
2024-05-24,11:57:24,76.7293,27.75,24.75,2985,15026603.0,4.331493215503914e-05
2024-05-24,11:57:24,76.7364,27.75,24.75,2985,15026602.0,4.331493215503914e-05
2024-05-24,11:57:24,76.7434,27.75,24.75,2984,15026603.0,4.338426670568495e-05
2024-05-24,11:57:24,76.7505,27.75,24.75,2984,15026603.0,4.338426670568495e-05
2024-05-24,11:57:24,76.7575,27.75,24.75,2985,15026603.0,4.331493215503914e-05
2024-05-24,11:57:24,76.7645,27.75,24.75,2985,15026602.0,4.331493215503914e-05
2024-05-24,11:57:25,76.7717,27.75,24.75,2985,15026602.0,4.331493215503914e-05
2024-05-24,11:57:25,76.7789,27.75,24.75,2984,15026602.0,4.338426670568495e-05
2024-05-24,11:57:25,76.7859,27.75,24.75,2983,15026602.0,4.345371224068825e-05
2024-05-24,11:57:25,76.7928,27.75,24.75,2983,15026602.0,4.345371224068825e-05
2024-05-24,11:57:25,76.7999,27.75,24.75,2983,15026602.0,4.345371224068825e-05
2024-05-24,11:57:25,76.807,27.75,24.75,2983,15026602.0,4.345371224068825e-05
2024-05-24,11:57:25,76.8141,27.75,24.75,2983,15026602.0,4.345371224068825e-05
2024-05-24,11:57:25,76.8211,27.75,24.75,2984,15026602.0,4.338426670568495e-05
2024-05-24,11:57:25,76.8281,27.75,24.75,2985,15026602.0,4.331493215503914e-05
2024-05-24,11:57:25,76.8352,27.75,24.75,2985,15026603.0,4.331493215503914e-05
2024-05-24,11:57:25,76.8422,27.75,24.75,2984,15026603.0,4.338426670568495e-05
2024-05-24,11:57:25,76.8494,27.75,24.75,2984,15026602.0,4.338426670568495e-05
2024-05-24,11:57:25,76.8566,27.75,24.75,2985,15026602.0,4.331493215503914e-05
2024-05-24,11:57:25,76.8635,27.75,24.75,2985,15026603.0,4.331493215503914e-05
2024-05-24,11:57:25,76.8704,27.75,24.75,2984,15026603.0,4.338426670568495e-05
2024-05-24,11:57:25,76.8774,27.75,24.75,2984,15026602.0,4.338426670568495e-05
2024-05-24,11:57:25,76.8846,27.75,24.75,2984,15026602.0,4.338426670568495e-05
2024-05-24,11:57:25,76.8918,27.75,24.75,2984,15026603.0,4.338426670568495e-05
2024-05-24,11:57:25,76.8988,27.75,24.75,2985,15026603.0,4.331493215503914e-05
2024-05-24,11:57:25,76.9058,27.75,24.75,2985,15026602.0,4.331493215503914e-05
2024-05-24,11:57:25,76.9129,27.75,24.75,2984,15026603.0,4.338426670568495e-05
2024-05-24,11:57:25,76.9199,27.75,24.75,2984,15026602.0,4.338426670568495e-05
2024-05-24,11:57:25,76.927,27.75,24.75,2984,15026603.0,4.338426670568495e-05
2024-05-24,11:57:25,76.934,27.75,24.75,2983,15026603.0,4.345371224068825e-05
2024-05-24,11:57:25,76.941,27.75,24.75,2983,15026602.0,4.345371224068825e-05
2024-05-24,11:57:25,76.9481,27.75,24.75,2983,15026602.0,4.345371224068825e-05
2024-05-24,11:57:25,76.9551,27.75,24.75,2983,15026602.0,4.345371224068825e-05
2024-05-24,11:57:25,76.9622,27.75,24.75,2984,15026603.0,4.338426670568495e-05
2024-05-24,11:57:25,76.9692,27.75,24.75,2984,15026603.0,4.338426670568495e-05
2024-05-24,11:57:25,76.9762,27.75,24.75,2984,15026603.0,4.338426670568495e-05
2024-05-24,11:57:25,76.9834,27.75,24.75,2984,15026603.0,4.338426670568495e-05
2024-05-24,11:57:25,76.9905,27.75,24.75,2984,15026602.0,4.338426670568495e-05
2024-05-24,11:57:25,76.9975,27.75,24.75,2984,15026603.0,4.338426670568495e-05
2024-05-24,11:57:25,77.0047,27.75,24.75,2984,15026604.0,4.338426670568495e-05
2024-05-24,11:57:25,77.0117,27.75,24.75,2984,15026603.0,4.338426670568495e-05
2024-05-24,11:57:25,77.0187,27.75,24.75,2983,15026601.0,4.345371224068825e-05
2024-05-24,11:57:25,77.0258,27.75,24.75,2983,15026601.0,4.345371224068825e-05
2024-05-24,11:57:25,77.0328,27.75,24.75,2983,15026602.0,4.345371224068825e-05
2024-05-24,11:57:25,77.0399,27.75,24.75,2983,15026603.0,4.345371224068825e-05
2024-05-24,11:57:25,77.0469,27.75,24.75,2983,15026602.0,4.345371224068825e-05
2024-05-24,11:57:25,77.0539,27.75,24.75,2983,15026602.0,4.345371224068825e-05
2024-05-24,11:57:25,77.061,27.75,24.75,2983,15026601.0,4.345371224068825e-05
2024-05-24,11:57:25,77.068,27.75,24.75,2983,15026601.0,4.345371224068825e-05
2024-05-24,11:57:25,77.0752,27.75,24.75,2983,15026602.0,4.345371224068825e-05
2024-05-24,11:57:25,77.0824,27.75,24.75,2983,15026601.0,4.345371224068825e-05
2024-05-24,11:57:25,77.0893,27.75,24.75,2983,15026601.0,4.345371224068825e-05
2024-05-24,11:57:25,77.0963,27.75,24.75,2983,15026601.0,4.345371224068825e-05
2024-05-24,11:57:25,77.1035,27.75,24.75,2983,15026602.0,4.345371224068825e-05
2024-05-24,11:57:25,77.1105,27.75,24.75,2983,15026602.0,4.345371224068825e-05
2024-05-24,11:57:25,77.1176,27.75,24.75,2983,15026602.0,4.345371224068825e-05
2024-05-24,11:57:25,77.1246,27.75,24.75,2983,15026601.0,4.345371224068825e-05
2024-05-24,11:57:25,77.1316,27.75,24.75,2983,15026602.0,4.345371224068825e-05
2024-05-24,11:57:25,77.1388,27.75,24.75,2984,15026601.0,4.338426670568495e-05
2024-05-24,11:57:25,77.1458,27.75,24.75,2985,15026601.0,4.331493215503914e-05
2024-05-24,11:57:25,77.1528,27.75,24.75,2984,15026602.0,4.338426670568495e-05
2024-05-24,11:57:25,77.1598,27.75,24.75,2983,15026601.0,4.345371224068825e-05
2024-05-24,11:57:25,77.1668,27.75,24.75,2983,15026602.0,4.345371224068825e-05
2024-05-24,11:57:25,77.1739,27.75,24.75,2984,15026602.0,4.338426670568495e-05
2024-05-24,11:57:25,77.1809,27.75,24.75,2983,15026603.0,4.345371224068825e-05
2024-05-24,11:57:25,77.188,27.75,24.75,2982,15026602.0,4.352326893770249e-05
2024-05-24,11:57:25,77.195,27.75,24.75,2983,15026601.0,4.345371224068825e-05
2024-05-24,11:57:25,77.2022,27.75,24.75,2983,15026602.0,4.345371224068825e-05
2024-05-24,11:57:25,77.2093,27.75,24.75,2982,15026602.0,4.352326893770249e-05
2024-05-24,11:57:25,77.2162,27.75,24.75,2983,15026601.0,4.345371224068825e-05
2024-05-24,11:57:25,77.2233,27.75,24.75,2984,15026602.0,4.338426670568495e-05
2024-05-24,11:57:25,77.2305,27.75,24.75,2983,15026602.0,4.345371224068825e-05
2024-05-24,11:57:25,77.2375,27.75,24.75,2983,15026601.0,4.345371224068825e-05
2024-05-24,11:57:25,77.2445,27.75,24.75,2983,15026602.0,4.345371224068825e-05
2024-05-24,11:57:25,77.2516,27.75,24.75,2983,15026602.0,4.345371224068825e-05
2024-05-24,11:57:25,77.2586,27.75,24.75,2983,15026600.0,4.345371224068825e-05
2024-05-24,11:57:25,77.2657,27.75,24.75,2984,15026600.0,4.338426670568495e-05
2024-05-24,11:57:25,77.2727,27.75,24.75,2984,15026600.0,4.338426670568495e-05
2024-05-24,11:57:25,77.2799,27.75,24.75,2983,15026600.0,4.345371224068825e-05
2024-05-24,11:57:25,77.287,27.75,24.75,2984,15026602.0,4.338426670568495e-05
2024-05-24,11:57:25,77.2941,27.75,24.75,2984,15026602.0,4.338426670568495e-05
2024-05-24,11:57:25,77.3011,27.75,24.75,2983,15026600.0,4.345371224068825e-05
2024-05-24,11:57:25,77.3081,27.75,24.75,2983,15026600.0,4.345371224068825e-05
2024-05-24,11:57:25,77.3152,27.75,24.75,2983,15026601.0,4.345371224068825e-05
2024-05-24,11:57:25,77.3222,27.75,24.75,2983,15026602.0,4.345371224068825e-05
2024-05-24,11:57:25,77.3293,27.75,24.75,2983,15026601.0,4.345371224068825e-05
2024-05-24,11:57:25,77.3363,27.75,24.75,2983,15026601.0,4.345371224068825e-05
2024-05-24,11:57:25,77.3433,27.75,24.75,2983,15026601.0,4.345371224068825e-05
2024-05-24,11:57:25,77.3504,27.75,24.75,2982,15026601.0,4.352326893770249e-05
2024-05-24,11:57:25,77.3574,27.75,24.75,2982,15026600.0,4.352326893770249e-05
2024-05-24,11:57:25,77.3645,27.75,24.75,2983,15026600.0,4.345371224068825e-05
2024-05-24,11:57:25,77.3715,27.75,24.75,2983,15026601.0,4.345371224068825e-05
2024-05-24,11:57:25,77.3787,27.75,24.75,2983,15026601.0,4.345371224068825e-05
2024-05-24,11:57:25,77.3857,27.75,24.75,2983,15026600.0,4.345371224068825e-05
2024-05-24,11:57:25,77.3926,27.75,24.75,2983,15026600.0,4.345371224068825e-05
2024-05-24,11:57:25,77.3997,27.75,24.75,2983,15026600.0,4.345371224068825e-05
2024-05-24,11:57:25,77.4067,27.75,24.75,2983,15026601.0,4.345371224068825e-05
2024-05-24,11:57:25,77.4137,27.75,24.75,2983,15026601.0,4.345371224068825e-05
2024-05-24,11:57:25,77.4208,27.75,24.75,2982,15026601.0,4.352326893770249e-05
2024-05-24,11:57:25,77.4278,27.75,24.75,2982,15026601.0,4.352326893770249e-05
2024-05-24,11:57:25,77.435,27.75,24.75,2983,15026600.0,4.345371224068825e-05
2024-05-24,11:57:25,77.442,27.75,24.75,2983,15026601.0,4.345371224068825e-05
2024-05-24,11:57:25,77.4491,27.75,24.75,2982,15026602.0,4.352326893770249e-05
2024-05-24,11:57:25,77.4562,27.75,24.75,2982,15026601.0,4.352326893770249e-05
2024-05-24,11:57:25,77.4633,27.75,24.75,2982,15026601.0,4.352326893770249e-05
2024-05-24,11:57:25,77.4703,27.75,24.75,2982,15026601.0,4.352326893770249e-05
2024-05-24,11:57:25,77.4774,27.75,24.75,2983,15026600.0,4.345371224068825e-05
2024-05-24,11:57:25,77.4844,27.75,24.75,2983,15026601.0,4.345371224068825e-05
2024-05-24,11:57:25,77.4914,27.75,24.75,2983,15026601.0,4.345371224068825e-05
2024-05-24,11:57:25,77.4985,27.75,24.75,2983,15026600.0,4.345371224068825e-05
2024-05-24,11:57:25,77.5055,27.75,24.75,2983,15026600.0,4.345371224068825e-05
2024-05-24,11:57:25,77.5126,27.75,24.75,2983,15026600.0,4.345371224068825e-05
2024-05-24,11:57:25,77.5196,27.75,24.75,2983,15026601.0,4.345371224068825e-05
2024-05-24,11:57:25,77.5266,27.75,24.75,2983,15026601.0,4.345371224068825e-05
2024-05-24,11:57:25,77.5337,27.75,24.75,2982,15026602.0,4.352326893770249e-05
2024-05-24,11:57:25,77.5407,27.75,24.75,2982,15026601.0,4.352326893770249e-05
2024-05-24,11:57:25,77.5479,27.75,24.75,2982,15026600.0,4.352326893770249e-05
2024-05-24,11:57:25,77.5549,27.75,24.75,2982,15026600.0,4.352326893770249e-05
2024-05-24,11:57:25,77.5618,27.75,24.75,2982,15026600.0,4.352326893770249e-05
2024-05-24,11:57:25,77.5689,27.75,24.75,2982,15026600.0,4.352326893770249e-05
2024-05-24,11:57:25,77.5761,27.75,24.75,2982,15026600.0,4.352326893770249e-05
2024-05-24,11:57:25,77.5832,27.75,24.75,2982,15026600.0,4.352326893770249e-05
2024-05-24,11:57:25,77.5903,27.75,24.75,2983,15026600.0,4.345371224068825e-05
2024-05-24,11:57:25,77.5973,27.75,24.75,2983,15026600.0,4.345371224068825e-05
2024-05-24,11:57:25,77.6043,27.75,24.75,2983,15026600.0,4.345371224068825e-05
2024-05-24,11:57:25,77.6113,27.75,24.75,2983,15026600.0,4.345371224068825e-05
2024-05-24,11:57:25,77.6183,27.75,24.75,2983,15026599.0,4.345371224068825e-05
2024-05-24,11:57:25,77.6255,27.75,24.75,2983,15026600.0,4.345371224068825e-05
2024-05-24,11:57:25,77.6325,27.75,24.75,2983,15026600.0,4.345371224068825e-05
2024-05-24,11:57:25,77.6395,27.75,24.75,2983,15026600.0,4.345371224068825e-05
2024-05-24,11:57:25,77.6466,27.75,24.75,2983,15026600.0,4.345371224068825e-05
2024-05-24,11:57:25,77.6536,27.75,24.75,2983,15026600.0,4.345371224068825e-05
2024-05-24,11:57:25,77.6607,27.75,24.75,2983,15026600.0,4.345371224068825e-05
2024-05-24,11:57:25,77.6677,27.75,24.75,2983,15026600.0,4.345371224068825e-05
2024-05-24,11:57:25,77.6747,27.75,24.75,2982,15026600.0,4.352326893770249e-05
2024-05-24,11:57:25,77.6818,27.75,24.75,2982,15026600.0,4.352326893770249e-05
2024-05-24,11:57:25,77.6888,27.75,24.75,2982,15026600.0,4.352326893770249e-05
2024-05-24,11:57:25,77.6959,27.75,24.75,2982,15026600.0,4.352326893770249e-05
2024-05-24,11:57:25,77.703,27.75,24.75,2982,15026600.0,4.352326893770249e-05
2024-05-24,11:57:25,77.7102,27.75,24.75,2982,15026600.0,4.352326893770249e-05
2024-05-24,11:57:25,77.7171,27.75,24.75,2982,15026600.0,4.352326893770249e-05
2024-05-24,11:57:25,77.7241,27.75,24.75,2982,15026599.0,4.352326893770249e-05
2024-05-24,11:57:25,77.7313,27.75,24.75,2983,15026599.0,4.345371224068825e-05
2024-05-24,11:57:25,77.7384,27.75,24.75,2983,15026600.0,4.345371224068825e-05
2024-05-24,11:57:25,77.7454,27.75,24.75,2982,15026601.0,4.352326893770249e-05
2024-05-24,11:57:25,77.7524,27.75,24.75,2982,15026600.0,4.352326893770249e-05
2024-05-24,11:57:25,77.7595,27.75,24.75,2983,15026599.0,4.345371224068825e-05
2024-05-24,11:57:25,77.7665,27.75,24.75,2983,15026601.0,4.345371224068825e-05
2024-05-24,11:57:26,77.7737,27.75,24.75,2982,15026601.0,4.352326893770249e-05
2024-05-24,11:57:26,77.7807,27.75,24.75,2981,15026600.0,4.359293697466567e-05
2024-05-24,11:57:26,77.7876,27.75,24.75,2982,15026600.0,4.352326893770249e-05
2024-05-24,11:57:26,77.7947,27.75,24.75,2982,15026599.0,4.352326893770249e-05
2024-05-24,11:57:26,77.8018,27.75,24.75,2981,15026599.0,4.359293697466567e-05
2024-05-24,11:57:26,77.809,27.75,24.75,2982,15026600.0,4.352326893770249e-05
2024-05-24,11:57:26,77.8161,27.75,24.75,2982,15026601.0,4.352326893770249e-05
2024-05-24,11:57:26,77.8231,27.75,24.75,2981,15026599.0,4.359293697466567e-05
2024-05-24,11:57:26,77.8301,27.75,24.75,2981,15026599.0,4.359293697466567e-05
2024-05-24,11:57:26,77.8372,27.75,24.75,2982,15026600.0,4.352326893770249e-05
2024-05-24,11:57:26,77.8442,27.75,24.75,2982,15026600.0,4.352326893770249e-05
2024-05-24,11:57:26,77.8513,27.75,24.75,2982,15026599.0,4.352326893770249e-05
2024-05-24,11:57:26,77.8583,27.75,24.75,2982,15026600.0,4.352326893770249e-05
2024-05-24,11:57:26,77.8653,27.75,24.75,2981,15026600.0,4.359293697466567e-05
2024-05-24,11:57:26,77.8724,27.75,24.75,2981,15026600.0,4.359293697466567e-05
2024-05-24,11:57:26,77.8794,27.75,24.75,2982,15026600.0,4.352326893770249e-05
2024-05-24,11:57:26,77.8866,27.75,24.75,2983,15026600.0,4.345371224068825e-05
2024-05-24,11:57:26,77.8936,27.75,24.75,2982,15026599.0,4.352326893770249e-05
2024-05-24,11:57:26,77.9007,27.75,24.75,2981,15026599.0,4.359293697466567e-05
2024-05-24,11:57:26,77.9078,27.75,24.75,2982,15026600.0,4.352326893770249e-05
2024-05-24,11:57:26,77.9149,27.75,24.75,2982,15026600.0,4.352326893770249e-05
2024-05-24,11:57:26,77.9219,27.75,24.75,2981,15026599.0,4.359293697466567e-05
2024-05-24,11:57:26,77.9289,27.75,24.75,2981,15026599.0,4.359293697466567e-05
2024-05-24,11:57:26,77.936,27.75,24.75,2982,15026599.0,4.352326893770249e-05
2024-05-24,11:57:26,77.943,27.75,24.75,2983,15026599.0,4.345371224068825e-05
2024-05-24,11:57:26,77.9501,27.75,24.75,2982,15026599.0,4.352326893770249e-05
2024-05-24,11:57:26,77.9571,27.75,24.75,2982,15026599.0,4.352326893770249e-05
2024-05-24,11:57:26,77.9641,27.75,24.75,2982,15026599.0,4.352326893770249e-05
2024-05-24,11:57:26,77.9712,27.75,24.75,2981,15026599.0,4.359293697466567e-05
2024-05-24,11:57:26,77.9784,27.75,24.75,2982,15026600.0,4.352326893770249e-05
2024-05-24,11:57:26,77.9855,27.75,24.75,2982,15026599.0,4.352326893770249e-05
2024-05-24,11:57:26,77.9924,27.75,24.75,2981,15026599.0,4.359293697466567e-05
2024-05-24,11:57:26,77.9995,27.75,24.75,2981,15026600.0,4.359293697466567e-05
2024-05-24,11:57:26,78.0065,27.75,24.75,2981,15026599.0,4.359293697466567e-05
2024-05-24,11:57:26,78.0136,27.75,24.75,2981,15026599.0,4.359293697466567e-05
2024-05-24,11:57:26,78.0207,27.75,24.75,2981,15026599.0,4.359293697466567e-05
2024-05-24,11:57:26,78.0279,27.75,24.75,2981,15026599.0,4.359293697466567e-05
2024-05-24,11:57:26,78.0349,27.75,24.75,2982,15026601.0,4.352326893770249e-05
2024-05-24,11:57:26,78.0418,27.75,24.75,2982,15026600.0,4.352326893770249e-05
2024-05-24,11:57:26,78.0489,27.75,24.75,2982,15026600.0,4.352326893770249e-05
2024-05-24,11:57:26,78.0559,27.75,24.75,2982,15026600.0,4.352326893770249e-05
2024-05-24,11:57:26,78.063,27.75,24.75,2982,15026600.0,4.352326893770249e-05
2024-05-24,11:57:26,78.07,27.75,24.75,2982,15026599.0,4.352326893770249e-05
2024-05-24,11:57:26,78.077,27.75,24.75,2981,15026599.0,4.359293697466567e-05
2024-05-24,11:57:26,78.0842,27.75,24.75,2981,15026599.0,4.359293697466567e-05
2024-05-24,11:57:26,78.0914,27.75,24.75,2981,15026599.0,4.359293697466567e-05
2024-05-24,11:57:26,78.0984,27.75,24.75,2981,15026599.0,4.359293697466567e-05
2024-05-24,11:57:26,78.1055,27.75,24.75,2982,15026600.0,4.352326893770249e-05
2024-05-24,11:57:26,78.1125,27.75,24.75,2982,15026600.0,4.352326893770249e-05
2024-05-24,11:57:26,78.1195,27.75,24.75,2981,15026598.0,4.359293697466567e-05
2024-05-24,11:57:26,78.1267,27.75,24.75,2981,15026598.0,4.359293697466567e-05
2024-05-24,11:57:26,78.1337,27.75,24.75,2982,15026600.0,4.352326893770249e-05
2024-05-24,11:57:26,78.1408,27.75,24.75,2982,15026601.0,4.352326893770249e-05
2024-05-24,11:57:26,78.1478,27.75,24.75,2981,15026599.0,4.359293697466567e-05
2024-05-24,11:57:26,78.1549,27.75,24.75,2981,15026599.0,4.359293697466567e-05
2024-05-24,11:57:26,78.162,27.75,24.75,2981,15026599.0,4.359293697466567e-05
2024-05-24,11:57:26,78.1691,27.75,24.75,2981,15026599.0,4.359293697466567e-05
2024-05-24,11:57:26,78.176,27.75,24.75,2981,15026598.0,4.359293697466567e-05
2024-05-24,11:57:26,78.183,27.75,24.75,2982,15026599.0,4.352326893770249e-05
2024-05-24,11:57:26,78.1902,27.75,24.75,2983,15026599.0,4.345371224068825e-05
2024-05-24,11:57:26,78.1972,27.75,24.75,2983,15026599.0,4.345371224068825e-05
2024-05-24,11:57:26,78.2043,27.75,24.75,2983,15026599.0,4.345371224068825e-05
2024-05-24,11:57:26,78.2113,27.75,24.75,2982,15026600.0,4.352326893770249e-05
2024-05-24,11:57:26,78.2184,27.75,24.75,2981,15026599.0,4.359293697466567e-05
2024-05-24,11:57:26,78.2255,27.75,24.75,2981,15026600.0,4.359293697466567e-05
2024-05-24,11:57:26,78.2327,27.75,24.75,2981,15026599.0,4.359293697466567e-05
2024-05-24,11:57:26,78.2397,27.75,24.75,2981,15026599.0,4.359293697466567e-05
2024-05-24,11:57:26,78.2468,27.75,24.75,2982,15026600.0,4.352326893770249e-05
2024-05-24,11:57:26,78.2538,27.75,24.75,2983,15026599.0,4.345371224068825e-05
2024-05-24,11:57:26,78.2609,27.75,24.75,2982,15026599.0,4.352326893770249e-05
2024-05-24,11:57:26,78.268,27.75,24.75,2981,15026599.0,4.359293697466567e-05
2024-05-24,11:57:26,78.2752,27.75,24.75,2981,15026598.0,4.359293697466567e-05
2024-05-24,11:57:26,78.2822,27.75,24.75,2981,15026598.0,4.359293697466567e-05
2024-05-24,11:57:26,78.2893,27.75,24.75,2982,15026599.0,4.352326893770249e-05
2024-05-24,11:57:26,78.2963,27.75,24.75,2982,15026599.0,4.352326893770249e-05
2024-05-24,11:57:26,78.3033,27.75,24.75,2982,15026599.0,4.352326893770249e-05
2024-05-24,11:57:26,78.3104,27.75,24.75,2982,15026599.0,4.352326893770249e-05
2024-05-24,11:57:26,78.3174,27.75,24.75,2982,15026600.0,4.352326893770249e-05
2024-05-24,11:57:26,78.3246,27.75,24.75,2982,15026599.0,4.352326893770249e-05
2024-05-24,11:57:26,78.3318,27.75,24.75,2982,15026599.0,4.352326893770249e-05
2024-05-24,11:57:26,78.3388,27.75,24.75,2982,15026599.0,4.352326893770249e-05
2024-05-24,11:57:26,78.3458,27.75,24.75,2981,15026599.0,4.359293697466567e-05
2024-05-24,11:57:26,78.3529,27.75,24.75,2981,15026599.0,4.359293697466567e-05
2024-05-24,11:57:26,78.3601,27.75,24.75,2981,15026598.0,4.359293697466567e-05
2024-05-24,11:57:26,78.3672,27.75,24.75,2982,15026598.0,4.352326893770249e-05
2024-05-24,11:57:26,78.3743,27.75,24.75,2982,15026598.0,4.352326893770249e-05
2024-05-24,11:57:26,78.3813,27.75,24.75,2981,15026599.0,4.359293697466567e-05
2024-05-24,11:57:26,78.3883,27.75,24.75,2981,15026599.0,4.359293697466567e-05
2024-05-24,11:57:26,78.3954,27.75,24.75,2982,15026598.0,4.352326893770249e-05
2024-05-24,11:57:26,78.4025,27.75,24.75,2983,15026599.0,4.345371224068825e-05
2024-05-24,11:57:26,78.4097,27.75,24.75,2982,15026599.0,4.352326893770249e-05
2024-05-24,11:57:26,78.4168,27.75,24.75,2982,15026599.0,4.352326893770249e-05
2024-05-24,11:57:26,78.4238,27.75,24.75,2982,15026599.0,4.352326893770249e-05
2024-05-24,11:57:26,78.4308,27.75,24.75,2981,15026598.0,4.359293697466567e-05
2024-05-24,11:57:26,78.438,27.75,24.75,2981,15026599.0,4.359293697466567e-05
2024-05-24,11:57:26,78.4452,27.75,24.75,2981,15026598.0,4.359293697466567e-05
2024-05-24,11:57:26,78.4522,27.75,24.75,2981,15026598.0,4.359293697466567e-05
2024-05-24,11:57:26,78.4593,27.75,24.75,2982,15026599.0,4.352326893770249e-05
2024-05-24,11:57:26,78.4664,27.75,24.75,2982,15026599.0,4.352326893770249e-05
2024-05-24,11:57:26,78.4735,27.75,24.75,2982,15026598.0,4.352326893770249e-05
2024-05-24,11:57:26,78.4805,27.75,24.75,2983,15026597.0,4.345371224068825e-05
2024-05-24,11:57:26,78.4877,27.75,24.75,2982,15026598.0,4.352326893770249e-05
2024-05-24,11:57:26,78.4947,27.75,24.75,2981,15026599.0,4.359293697466567e-05
2024-05-24,11:57:26,78.5017,27.75,24.75,2982,15026599.0,4.352326893770249e-05
2024-05-24,11:57:26,78.5089,27.75,24.75,2982,15026599.0,4.352326893770249e-05
2024-05-24,11:57:26,78.516,27.75,24.75,2982,15026599.0,4.352326893770249e-05
2024-05-24,11:57:26,78.523,27.75,24.75,2982,15026599.0,4.352326893770249e-05
2024-05-24,11:57:26,78.53,27.75,24.75,2981,15026599.0,4.359293697466567e-05
2024-05-24,11:57:26,78.5371,27.75,24.75,2982,15026598.0,4.352326893770249e-05
2024-05-24,11:57:26,78.5442,27.75,24.75,2983,15026598.0,4.345371224068825e-05
2024-05-24,11:57:26,78.5514,27.75,24.75,2983,15026597.0,4.345371224068825e-05
2024-05-24,11:57:26,78.5585,27.75,24.75,2983,15026598.0,4.345371224068825e-05
2024-05-24,11:57:26,78.5655,27.75,24.75,2983,15026598.0,4.345371224068825e-05
2024-05-24,11:57:26,78.5727,27.75,24.75,2983,15026599.0,4.345371224068825e-05
2024-05-24,11:57:26,78.5797,27.75,24.75,2983,15026599.0,4.345371224068825e-05
2024-05-24,11:57:26,78.5867,27.75,24.75,2983,15026599.0,4.345371224068825e-05
2024-05-24,11:57:26,78.5939,27.75,24.75,2982,15026599.0,4.352326893770249e-05
2024-05-24,11:57:26,78.6011,27.75,24.75,2982,15026599.0,4.352326893770249e-05
2024-05-24,11:57:26,78.6081,27.75,24.75,2982,15026599.0,4.352326893770249e-05
2024-05-24,11:57:26,78.6152,27.75,24.75,2981,15026598.0,4.359293697466567e-05
2024-05-24,11:57:26,78.6222,27.75,24.75,2982,15026598.0,4.352326893770249e-05
2024-05-24,11:57:26,78.6292,27.75,24.75,2983,15026599.0,4.345371224068825e-05
2024-05-24,11:57:26,78.6364,27.75,24.75,2983,15026598.0,4.345371224068825e-05
2024-05-24,11:57:26,78.6434,27.75,24.75,2983,15026598.0,4.345371224068825e-05
2024-05-24,11:57:26,78.6505,27.75,24.75,2983,15026598.0,4.345371224068825e-05
2024-05-24,11:57:26,78.6577,27.75,24.75,2982,15026598.0,4.352326893770249e-05
2024-05-24,11:57:26,78.6647,27.75,24.75,2981,15026598.0,4.359293697466567e-05
2024-05-24,11:57:26,78.6717,27.75,24.75,2981,15026598.0,4.359293697466567e-05
2024-05-24,11:57:26,78.6789,27.75,24.75,2981,15026597.0,4.359293697466567e-05
2024-05-24,11:57:26,78.6859,27.75,24.75,2981,15026598.0,4.359293697466567e-05
2024-05-24,11:57:26,78.693,27.75,24.75,2982,15026598.0,4.352326893770249e-05
2024-05-24,11:57:26,78.7001,27.75,24.75,2983,15026598.0,4.345371224068825e-05
2024-05-24,11:57:26,78.7072,27.75,24.75,2982,15026599.0,4.352326893770249e-05
2024-05-24,11:57:26,78.7142,27.75,24.75,2982,15026598.0,4.352326893770249e-05
2024-05-24,11:57:26,78.7213,27.75,24.75,2982,15026598.0,4.352326893770249e-05
2024-05-24,11:57:26,78.7283,27.75,24.75,2982,15026598.0,4.352326893770249e-05
2024-05-24,11:57:26,78.7355,27.75,24.75,2983,15026598.0,4.345371224068825e-05
2024-05-24,11:57:26,78.7426,27.75,24.75,2982,15026598.0,4.352326893770249e-05
2024-05-24,11:57:26,78.7497,27.75,24.75,2981,15026598.0,4.359293697466567e-05
2024-05-24,11:57:26,78.7567,27.75,24.75,2981,15026598.0,4.359293697466567e-05
2024-05-24,11:57:26,78.7639,27.75,24.75,2982,15026598.0,4.352326893770249e-05
2024-05-24,11:57:26,78.7711,27.75,24.75,2982,15026597.0,4.352326893770249e-05
2024-05-24,11:57:27,78.7781,27.75,24.75,2981,15026598.0,4.359293697466567e-05
2024-05-24,11:57:27,78.7851,27.75,24.75,2981,15026598.0,4.359293697466567e-05
2024-05-24,11:57:27,78.7923,27.75,24.75,2981,15026597.0,4.359293697466567e-05
2024-05-24,11:57:27,78.7995,27.75,24.75,2982,15026599.0,4.352326893770249e-05
2024-05-24,11:57:27,78.8065,27.75,24.75,2982,15026599.0,4.352326893770249e-05
2024-05-24,11:57:27,78.8136,27.75,24.75,2982,15026599.0,4.352326893770249e-05
2024-05-24,11:57:27,78.8207,27.75,24.75,2982,15026599.0,4.352326893770249e-05
2024-05-24,11:57:27,78.8278,27.75,24.75,2982,15026598.0,4.352326893770249e-05
2024-05-24,11:57:27,78.8348,27.75,24.75,2983,15026597.0,4.345371224068825e-05
2024-05-24,11:57:27,78.842,27.75,24.75,2982,15026598.0,4.352326893770249e-05
2024-05-24,11:57:27,78.849,27.75,24.75,2982,15026598.0,4.352326893770249e-05
2024-05-24,11:57:27,78.8561,27.75,24.75,2982,15026598.0,4.352326893770249e-05
2024-05-24,11:57:27,78.8631,27.75,24.75,2981,15026598.0,4.359293697466567e-05
2024-05-24,11:57:27,78.8701,27.75,24.75,2981,15026598.0,4.359293697466567e-05
2024-05-24,11:57:27,78.8773,27.75,24.75,2981,15026598.0,4.359293697466567e-05
2024-05-24,11:57:27,78.8845,27.75,24.75,2982,15026599.0,4.352326893770249e-05
2024-05-24,11:57:27,78.8915,27.75,24.75,2982,15026599.0,4.352326893770249e-05
2024-05-24,11:57:27,78.8987,27.75,24.75,2981,15026598.0,4.359293697466567e-05
2024-05-24,11:57:27,78.9058,27.75,24.75,2981,15026598.0,4.359293697466567e-05
2024-05-24,11:57:27,78.9129,27.75,24.75,2982,15026598.0,4.352326893770249e-05
2024-05-24,11:57:27,78.9199,27.75,24.75,2983,15026598.0,4.345371224068825e-05
2024-05-24,11:57:27,78.927,27.75,24.75,2983,15026599.0,4.345371224068825e-05
2024-05-24,11:57:27,78.934,27.75,24.75,2983,15026599.0,4.345371224068825e-05
2024-05-24,11:57:27,78.941,27.75,24.75,2983,15026598.0,4.345371224068825e-05
2024-05-24,11:57:27,78.9482,27.75,24.75,2983,15026598.0,4.345371224068825e-05
2024-05-24,11:57:27,78.9554,27.75,24.75,2982,15026597.0,4.352326893770249e-05
2024-05-24,11:57:27,78.9624,27.75,24.75,2982,15026598.0,4.352326893770249e-05
2024-05-24,11:57:27,78.9695,27.75,24.75,2982,15026597.0,4.352326893770249e-05
2024-05-24,11:57:27,78.9765,27.75,24.75,2981,15026599.0,4.359293697466567e-05
2024-05-24,11:57:27,78.9835,27.75,24.75,2982,15026599.0,4.352326893770249e-05
2024-05-24,11:57:27,78.9907,27.75,24.75,2982,15026598.0,4.352326893770249e-05
2024-05-24,11:57:27,78.9979,27.75,24.75,2982,15026599.0,4.352326893770249e-05
2024-05-24,11:57:27,79.0049,27.75,24.75,2982,15026599.0,4.352326893770249e-05
2024-05-24,11:57:27,79.012,27.75,24.75,2982,15026598.0,4.352326893770249e-05
2024-05-24,11:57:27,79.0191,27.75,24.75,2982,15026598.0,4.352326893770249e-05
2024-05-24,11:57:27,79.0263,27.75,24.75,2981,15026598.0,4.359293697466567e-05
2024-05-24,11:57:27,79.0333,27.75,24.75,2981,15026597.0,4.359293697466567e-05
2024-05-24,11:57:27,79.0404,27.75,24.75,2981,15026598.0,4.359293697466567e-05
2024-05-24,11:57:27,79.0475,27.75,24.75,2981,15026598.0,4.359293697466567e-05
2024-05-24,11:57:27,79.0547,27.75,24.75,2981,15026599.0,4.359293697466567e-05
2024-05-24,11:57:27,79.0619,27.75,24.75,2981,15026598.0,4.359293697466567e-05
2024-05-24,11:57:27,79.0689,27.75,24.75,2982,15026598.0,4.352326893770249e-05
2024-05-24,11:57:27,79.0758,27.75,24.75,2983,15026597.0,4.345371224068825e-05
2024-05-24,11:57:27,79.083,27.75,24.75,2982,15026598.0,4.352326893770249e-05
2024-05-24,11:57:27,79.0902,27.75,24.75,2981,15026598.0,4.359293697466567e-05
2024-05-24,11:57:27,79.0972,27.75,24.75,2982,15026598.0,4.352326893770249e-05
2024-05-24,11:57:27,79.1044,27.75,24.75,2983,15026598.0,4.345371224068825e-05
2024-05-24,11:57:27,79.1115,27.75,24.75,2982,15026597.0,4.352326893770249e-05
2024-05-24,11:57:27,79.1186,27.75,24.75,2981,15026597.0,4.359293697466567e-05
2024-05-24,11:57:27,79.1256,27.75,24.75,2982,15026599.0,4.352326893770249e-05
2024-05-24,11:57:27,79.1328,27.75,24.75,2982,15026600.0,4.352326893770249e-05
2024-05-24,11:57:27,79.1398,27.75,24.75,2981,15026598.0,4.359293697466567e-05
2024-05-24,11:57:27,79.1469,27.75,24.75,2982,15026597.0,4.352326893770249e-05
2024-05-24,11:57:27,79.154,27.75,24.75,2982,15026597.0,4.352326893770249e-05
2024-05-24,11:57:27,79.1612,27.75,24.75,2981,15026597.0,4.359293697466567e-05
2024-05-24,11:57:27,79.1682,27.75,24.75,2981,15026598.0,4.359293697466567e-05
2024-05-24,11:57:27,79.1754,27.75,24.75,2981,15026598.0,4.359293697466567e-05
2024-05-24,11:57:27,79.1826,27.75,24.75,2982,15026598.0,4.352326893770249e-05
2024-05-24,11:57:27,79.1896,27.75,24.75,2983,15026598.0,4.345371224068825e-05
2024-05-24,11:57:27,79.1968,27.75,24.75,2982,15026597.0,4.352326893770249e-05
2024-05-24,11:57:27,79.2038,27.75,24.75,2981,15026598.0,4.359293697466567e-05
2024-05-24,11:57:27,79.2109,27.75,24.75,2982,15026599.0,4.352326893770249e-05
2024-05-24,11:57:27,79.2179,27.75,24.75,2983,15026598.0,4.345371224068825e-05
2024-05-24,11:57:27,79.2249,27.75,24.75,2983,15026597.0,4.345371224068825e-05
2024-05-24,11:57:27,79.2321,27.75,24.75,2982,15026598.0,4.352326893770249e-05
2024-05-24,11:57:27,79.2393,27.75,24.75,2981,15026597.0,4.359293697466567e-05
2024-05-24,11:57:27,79.2465,27.75,24.75,2981,15026597.0,4.359293697466567e-05
2024-05-24,11:57:27,79.2536,27.75,24.75,2981,15026597.0,4.359293697466567e-05
2024-05-24,11:57:27,79.2607,27.75,24.75,2981,15026597.0,4.359293697466567e-05
2024-05-24,11:57:27,79.2676,27.75,24.75,2981,15026597.0,4.359293697466567e-05
2024-05-24,11:57:27,79.2746,27.75,24.75,2981,15026598.0,4.359293697466567e-05
2024-05-24,11:57:27,79.2818,27.75,24.75,2982,15026598.0,4.352326893770249e-05
2024-05-24,11:57:27,79.2889,27.75,24.75,2982,15026598.0,4.352326893770249e-05
2024-05-24,11:57:27,79.2961,27.75,24.75,2982,15026599.0,4.352326893770249e-05
2024-05-24,11:57:27,79.3033,27.75,24.75,2982,15026599.0,4.352326893770249e-05
2024-05-24,11:57:27,79.3103,27.75,24.75,2981,15026597.0,4.359293697466567e-05
2024-05-24,11:57:27,79.3174,27.75,24.75,2981,15026597.0,4.359293697466567e-05
2024-05-24,11:57:27,79.3245,27.75,24.75,2982,15026598.0,4.352326893770249e-05
2024-05-24,11:57:27,79.3316,27.75,24.75,2982,15026598.0,4.352326893770249e-05
2024-05-24,11:57:27,79.3386,27.75,24.75,2981,15026598.0,4.359293697466567e-05
2024-05-24,11:57:27,79.3458,27.75,24.75,2981,15026597.0,4.359293697466567e-05
2024-05-24,11:57:27,79.3529,27.75,24.75,2981,15026597.0,4.359293697466567e-05
2024-05-24,11:57:27,79.36,27.75,24.75,2981,15026598.0,4.359293697466567e-05
2024-05-24,11:57:27,79.367,27.75,24.75,2981,15026598.0,4.359293697466567e-05
2024-05-24,11:57:27,79.3742,27.75,24.75,2981,15026597.0,4.359293697466567e-05
2024-05-24,11:57:27,79.3814,27.75,24.75,2981,15026597.0,4.359293697466567e-05
2024-05-24,11:57:27,79.3884,27.75,24.75,2981,15026598.0,4.359293697466567e-05
2024-05-24,11:57:27,79.3954,27.75,24.75,2981,15026597.0,4.359293697466567e-05
2024-05-24,11:57:27,79.4026,27.75,24.75,2981,15026597.0,4.359293697466567e-05
2024-05-24,11:57:27,79.4098,27.75,24.75,2981,15026598.0,4.359293697466567e-05
2024-05-24,11:57:27,79.4169,27.75,24.75,2981,15026597.0,4.359293697466567e-05
2024-05-24,11:57:27,79.424,27.75,24.75,2981,15026597.0,4.359293697466567e-05
2024-05-24,11:57:27,79.431,27.75,24.75,2981,15026597.0,4.359293697466567e-05
2024-05-24,11:57:27,79.4382,27.75,24.75,2981,15026598.0,4.359293697466567e-05
2024-05-24,11:57:27,79.4452,27.75,24.75,2981,15026597.0,4.359293697466567e-05
2024-05-24,11:57:27,79.4523,27.75,24.75,2981,15026597.0,4.359293697466567e-05
2024-05-24,11:57:27,79.4594,27.75,24.75,2981,15026597.0,4.359293697466567e-05
2024-05-24,11:57:27,79.4666,27.75,24.75,2981,15026598.0,4.359293697466567e-05
2024-05-24,11:57:27,79.4738,27.75,24.75,2982,15026598.0,4.352326893770249e-05
2024-05-24,11:57:27,79.4809,27.75,24.75,2982,15026597.0,4.352326893770249e-05
2024-05-24,11:57:27,79.488,27.75,24.75,2981,15026597.0,4.359293697466567e-05
2024-05-24,11:57:27,79.495,27.75,24.75,2981,15026598.0,4.359293697466567e-05
2024-05-24,11:57:27,79.5022,27.75,24.75,2981,15026597.0,4.359293697466567e-05
2024-05-24,11:57:27,79.5094,27.75,24.75,2980,15026596.0,4.366271652980039e-05
2024-05-24,11:57:27,79.5165,27.75,24.75,2980,15026596.0,4.366271652980039e-05
2024-05-24,11:57:27,79.5236,27.75,24.75,2982,15026597.0,4.352326893770249e-05
2024-05-24,11:57:27,79.5306,27.75,24.75,2982,15026597.0,4.352326893770249e-05
2024-05-24,11:57:27,79.5378,27.75,24.75,2981,15026597.0,4.359293697466567e-05
2024-05-24,11:57:27,79.5448,27.75,24.75,2981,15026597.0,4.359293697466567e-05
2024-05-24,11:57:27,79.5519,27.75,24.75,2982,15026599.0,4.352326893770249e-05
2024-05-24,11:57:27,79.559,27.75,24.75,2982,15026599.0,4.352326893770249e-05
2024-05-24,11:57:27,79.5662,27.75,24.75,2981,15026597.0,4.359293697466567e-05
2024-05-24,11:57:27,79.5732,27.75,24.75,2982,15026596.0,4.352326893770249e-05
2024-05-24,11:57:27,79.5803,27.75,24.75,2982,15026597.0,4.352326893770249e-05
2024-05-24,11:57:27,79.5873,27.75,24.75,2981,15026598.0,4.359293697466567e-05
2024-05-24,11:57:27,79.5945,27.75,24.75,2981,15026597.0,4.359293697466567e-05
2024-05-24,11:57:27,79.6017,27.75,24.75,2981,15026597.0,4.359293697466567e-05
2024-05-24,11:57:27,79.6087,27.75,24.75,2982,15026598.0,4.352326893770249e-05
2024-05-24,11:57:27,79.6159,27.75,24.75,2982,15026598.0,4.352326893770249e-05
2024-05-24,11:57:27,79.623,27.75,24.75,2981,15026597.0,4.359293697466567e-05
2024-05-24,11:57:27,79.6301,27.75,24.75,2981,15026597.0,4.359293697466567e-05
2024-05-24,11:57:27,79.6371,27.75,24.75,2981,15026597.0,4.359293697466567e-05
2024-05-24,11:57:27,79.6443,27.75,24.75,2981,15026597.0,4.359293697466567e-05
2024-05-24,11:57:27,79.6514,27.75,24.75,2981,15026598.0,4.359293697466567e-05
2024-05-24,11:57:27,79.6586,27.75,24.75,2981,15026598.0,4.359293697466567e-05
2024-05-24,11:57:27,79.6658,27.75,24.75,2981,15026598.0,4.359293697466567e-05
2024-05-24,11:57:27,79.6728,27.75,24.75,2981,15026598.0,4.359293697466567e-05
2024-05-24,11:57:27,79.6799,27.75,24.75,2981,15026598.0,4.359293697466567e-05
2024-05-24,11:57:27,79.687,27.75,24.75,2981,15026597.0,4.359293697466567e-05
2024-05-24,11:57:27,79.6942,27.75,24.75,2981,15026596.0,4.359293697466567e-05
2024-05-24,11:57:27,79.7014,27.75,24.75,2981,15026597.0,4.359293697466567e-05
2024-05-24,11:57:27,79.7085,27.75,24.75,2981,15026597.0,4.359293697466567e-05
2024-05-24,11:57:27,79.7156,27.75,24.75,2981,15026598.0,4.359293697466567e-05
2024-05-24,11:57:27,79.7225,27.75,24.75,2981,15026598.0,4.359293697466567e-05
2024-05-24,11:57:27,79.7295,27.75,24.75,2981,15026597.0,4.359293697466567e-05
2024-05-24,11:57:27,79.7367,27.75,24.75,2981,15026596.0,4.359293697466567e-05
2024-05-24,11:57:27,79.7439,27.75,24.75,2982,15026596.0,4.352326893770249e-05
2024-05-24,11:57:27,79.751,27.75,24.75,2982,15026597.0,4.352326893770249e-05
2024-05-24,11:57:27,79.7581,27.75,24.75,2981,15026597.0,4.359293697466567e-05
2024-05-24,11:57:27,79.7651,27.75,24.75,2981,15026596.0,4.359293697466567e-05
2024-05-24,11:57:27,79.7723,27.75,24.75,2981,15026596.0,4.359293697466567e-05
2024-05-24,11:57:28,79.7794,27.75,24.75,2981,15026597.0,4.359293697466567e-05
2024-05-24,11:57:28,79.7866,27.75,24.75,2981,15026597.0,4.359293697466567e-05
2024-05-24,11:57:28,79.7937,27.75,24.75,2981,15026597.0,4.359293697466567e-05
2024-05-24,11:57:28,79.8007,27.75,24.75,2981,15026598.0,4.359293697466567e-05
2024-05-24,11:57:28,79.8079,27.75,24.75,2981,15026597.0,4.359293697466567e-05
2024-05-24,11:57:28,79.815,27.75,24.75,2982,15026596.0,4.352326893770249e-05
2024-05-24,11:57:28,79.8221,27.75,24.75,2982,15026596.0,4.352326893770249e-05
2024-05-24,11:57:28,79.8291,27.75,24.75,2981,15026597.0,4.359293697466567e-05
2024-05-24,11:57:28,79.8363,27.75,24.75,2981,15026597.0,4.359293697466567e-05
2024-05-24,11:57:28,79.8434,27.75,24.75,2981,15026597.0,4.359293697466567e-05
2024-05-24,11:57:28,79.8506,27.75,24.75,2981,15026597.0,4.359293697466567e-05
2024-05-24,11:57:28,79.8577,27.75,24.75,2981,15026596.0,4.359293697466567e-05
2024-05-24,11:57:28,79.8647,27.75,24.75,2981,15026596.0,4.359293697466567e-05
2024-05-24,11:57:28,79.8719,27.75,24.75,2981,15026596.0,4.359293697466567e-05
2024-05-24,11:57:28,79.879,27.75,24.75,2981,15026596.0,4.359293697466567e-05
2024-05-24,11:57:28,79.8862,27.75,24.75,2982,15026596.0,4.352326893770249e-05
2024-05-24,11:57:28,79.8934,27.75,24.75,2982,15026597.0,4.352326893770249e-05
2024-05-24,11:57:28,79.9004,27.75,24.75,2981,15026598.0,4.359293697466567e-05
2024-05-24,11:57:28,79.9074,27.75,24.75,2981,15026598.0,4.359293697466567e-05
2024-05-24,11:57:28,79.9146,27.75,24.75,2981,15026598.0,4.359293697466567e-05
2024-05-24,11:57:28,79.9218,27.75,24.75,2981,15026597.0,4.359293697466567e-05
2024-05-24,11:57:28,79.9288,27.75,24.75,2981,15026597.0,4.359293697466567e-05
2024-05-24,11:57:28,79.9359,27.75,24.75,2981,15026597.0,4.359293697466567e-05
2024-05-24,11:57:28,79.943,27.75,24.75,2981,15026597.0,4.359293697466567e-05
2024-05-24,11:57:28,79.9502,27.75,24.75,2981,15026597.0,4.359293697466567e-05
2024-05-24,11:57:28,79.9574,27.75,24.75,2981,15026597.0,4.359293697466567e-05
2024-05-24,11:57:28,79.9645,27.75,24.75,2982,15026598.0,4.352326893770249e-05
2024-05-24,11:57:28,79.9716,27.75,24.75,2982,15026598.0,4.352326893770249e-05
2024-05-24,11:57:28,79.9786,27.75,24.75,2981,15026597.0,4.359293697466567e-05
2024-05-24,11:57:28,79.9858,27.75,24.75,2982,15026596.0,4.352326893770249e-05
2024-05-24,11:57:28,79.9929,27.75,24.75,2981,15026596.0,4.359293697466567e-05
2024-05-24,11:57:28,80.0,27.75,24.75,2980,15026597.0,4.366271652980039e-05
2024-05-24,11:57:28,80.007,27.75,24.75,2981,15026597.0,4.359293697466567e-05
2024-05-24,11:57:28,80.0142,27.75,24.75,2981,15026596.0,4.359293697466567e-05
2024-05-24,11:57:28,80.0214,27.75,24.75,2981,15026597.0,4.359293697466567e-05
2024-05-24,11:57:28,80.0284,27.75,24.75,2980,15026597.0,4.366271652980039e-05
2024-05-24,11:57:28,80.0356,27.75,24.75,2980,15026597.0,4.366271652980039e-05
2024-05-24,11:57:28,80.0427,27.75,24.75,2981,15026597.0,4.359293697466567e-05
2024-05-24,11:57:28,80.0499,27.75,24.75,2981,15026597.0,4.359293697466567e-05
2024-05-24,11:57:28,80.0571,27.75,24.75,2981,15026597.0,4.359293697466567e-05
2024-05-24,11:57:28,80.0641,27.75,24.75,2981,15026596.0,4.359293697466567e-05
2024-05-24,11:57:28,80.0713,27.75,24.75,2981,15026596.0,4.359293697466567e-05
2024-05-24,11:57:28,80.0785,27.75,24.75,2981,15026596.0,4.359293697466567e-05
2024-05-24,11:57:28,80.0856,27.75,24.75,2981,15026596.0,4.359293697466567e-05
2024-05-24,11:57:28,80.0927,27.75,24.75,2981,15026597.0,4.359293697466567e-05
2024-05-24,11:57:28,80.0997,27.75,24.75,2981,15026597.0,4.359293697466567e-05
2024-05-24,11:57:28,80.1069,27.75,24.75,2981,15026595.0,4.359293697466567e-05
2024-05-24,11:57:28,80.114,27.75,24.75,2981,15026596.0,4.359293697466567e-05
2024-05-24,11:57:28,80.1212,27.75,24.75,2981,15026597.0,4.359293697466567e-05
2024-05-24,11:57:28,80.1282,27.75,24.75,2981,15026596.0,4.359293697466567e-05
2024-05-24,11:57:28,80.1353,27.75,24.75,2981,15026596.0,4.359293697466567e-05
2024-05-24,11:57:28,80.1425,27.75,24.75,2981,15026597.0,4.359293697466567e-05
2024-05-24,11:57:28,80.1496,27.75,24.75,2981,15026597.0,4.359293697466567e-05
2024-05-24,11:57:28,80.1568,27.75,24.75,2981,15026596.0,4.359293697466567e-05
2024-05-24,11:57:28,80.164,27.75,24.75,2981,15026596.0,4.359293697466567e-05
2024-05-24,11:57:28,80.171,27.75,24.75,2981,15026596.0,4.359293697466567e-05
2024-05-24,11:57:28,80.178,27.75,24.75,2981,15026596.0,4.359293697466567e-05
2024-05-24,11:57:28,80.1852,27.75,24.75,2981,15026596.0,4.359293697466567e-05
2024-05-24,11:57:28,80.1924,27.75,24.75,2981,15026597.0,4.359293697466567e-05
2024-05-24,11:57:28,80.1995,27.75,24.75,2981,15026597.0,4.359293697466567e-05
2024-05-24,11:57:28,80.2066,27.75,24.75,2981,15026596.0,4.359293697466567e-05
2024-05-24,11:57:28,80.2135,27.75,24.75,2981,15026597.0,4.359293697466567e-05
2024-05-24,11:57:28,80.2207,27.75,24.75,2980,15026596.0,4.366271652980039e-05
2024-05-24,11:57:28,80.228,27.75,24.75,2980,15026596.0,4.366271652980039e-05
2024-05-24,11:57:28,80.235,27.75,24.75,2981,15026596.0,4.359293697466567e-05
2024-05-24,11:57:28,80.242,27.75,24.75,2981,15026595.0,4.359293697466567e-05
2024-05-24,11:57:28,80.2492,27.75,24.75,2981,15026597.0,4.359293697466567e-05
2024-05-24,11:57:28,80.2564,27.75,24.75,2981,15026598.0,4.359293697466567e-05
2024-05-24,11:57:28,80.2634,27.75,24.75,2981,15026597.0,4.359293697466567e-05
2024-05-24,11:57:28,80.2706,27.75,24.75,2981,15026596.0,4.359293697466567e-05
2024-05-24,11:57:28,80.2777,27.75,24.75,2980,15026596.0,4.366271652980039e-05
2024-05-24,11:57:28,80.2848,27.75,24.75,2980,15026597.0,4.366271652980039e-05
2024-05-24,11:57:28,80.292,27.75,24.75,2981,15026597.0,4.359293697466567e-05
2024-05-24,11:57:28,80.299,27.75,24.75,2981,15026597.0,4.359293697466567e-05
2024-05-24,11:57:28,80.306,27.75,24.75,2980,15026596.0,4.366271652980039e-05
2024-05-24,11:57:28,80.3132,27.75,24.75,2980,15026596.0,4.366271652980039e-05
2024-05-24,11:57:28,80.3204,27.75,24.75,2981,15026596.0,4.359293697466567e-05
2024-05-24,11:57:28,80.3275,27.75,24.75,2981,15026596.0,4.359293697466567e-05
2024-05-24,11:57:28,80.3347,27.75,24.75,2981,15026595.0,4.359293697466567e-05
2024-05-24,11:57:28,80.3417,27.75,24.75,2981,15026596.0,4.359293697466567e-05
2024-05-24,11:57:28,80.3488,27.75,24.75,2981,15026595.0,4.359293697466567e-05
2024-05-24,11:57:28,80.356,27.75,24.75,2981,15026595.0,4.359293697466567e-05
2024-05-24,11:57:28,80.3631,27.75,24.75,2981,15026596.0,4.359293697466567e-05
2024-05-24,11:57:28,80.3703,27.75,24.75,2981,15026597.0,4.359293697466567e-05
2024-05-24,11:57:28,80.3775,27.75,24.75,2980,15026596.0,4.366271652980039e-05
2024-05-24,11:57:28,80.3846,27.75,24.75,2980,15026595.0,4.366271652980039e-05
2024-05-24,11:57:28,80.3918,27.75,24.75,2981,15026596.0,4.359293697466567e-05
2024-05-24,11:57:28,80.3988,27.75,24.75,2981,15026596.0,4.359293697466567e-05
2024-05-24,11:57:28,80.4059,27.75,24.75,2981,15026596.0,4.359293697466567e-05
2024-05-24,11:57:28,80.413,27.75,24.75,2981,15026596.0,4.359293697466567e-05
2024-05-24,11:57:28,80.4202,27.75,24.75,2981,15026597.0,4.359293697466567e-05
2024-05-24,11:57:28,80.4273,27.75,24.75,2981,15026596.0,4.359293697466567e-05
2024-05-24,11:57:28,80.4343,27.75,24.75,2981,15026596.0,4.359293697466567e-05
2024-05-24,11:57:28,80.4415,27.75,24.75,2981,15026597.0,4.359293697466567e-05
2024-05-24,11:57:28,80.4486,27.75,24.75,2980,15026595.0,4.366271652980039e-05
2024-05-24,11:57:28,80.4558,27.75,24.75,2980,15026594.0,4.366271652980039e-05
2024-05-24,11:57:28,80.463,27.75,24.75,2981,15026596.0,4.359293697466567e-05
2024-05-24,11:57:28,80.4701,27.75,24.75,2981,15026596.0,4.359293697466567e-05
2024-05-24,11:57:28,80.4773,27.75,24.75,2981,15026596.0,4.359293697466567e-05
2024-05-24,11:57:28,80.4843,27.75,24.75,2982,15026595.0,4.352326893770249e-05
2024-05-24,11:57:28,80.4914,27.75,24.75,2982,15026595.0,4.352326893770249e-05
2024-05-24,11:57:28,80.4985,27.75,24.75,2981,15026595.0,4.359293697466567e-05
2024-05-24,11:57:28,80.5057,27.75,24.75,2980,15026596.0,4.366271652980039e-05
2024-05-24,11:57:28,80.5128,27.75,24.75,2980,15026596.0,4.366271652980039e-05
2024-05-24,11:57:28,80.5198,27.75,24.75,2981,15026597.0,4.359293697466567e-05
2024-05-24,11:57:28,80.527,27.75,24.75,2981,15026597.0,4.359293697466567e-05
2024-05-24,11:57:28,80.5341,27.75,24.75,2980,15026596.0,4.366271652980039e-05
2024-05-24,11:57:28,80.5413,27.75,24.75,2979,15026596.0,4.373260778161478e-05
2024-05-24,11:57:28,80.5485,27.75,24.75,2980,15026597.0,4.366271652980039e-05
2024-05-24,11:57:28,80.5556,27.75,24.75,2982,15026595.0,4.352326893770249e-05
2024-05-24,11:57:28,80.5627,27.75,24.75,2982,15026595.0,4.352326893770249e-05
2024-05-24,11:57:28,80.5697,27.75,24.75,2981,15026596.0,4.359293697466567e-05
2024-05-24,11:57:28,80.5769,27.75,24.75,2981,15026596.0,4.359293697466567e-05
2024-05-24,11:57:28,80.5841,27.75,24.75,2981,15026596.0,4.359293697466567e-05
2024-05-24,11:57:28,80.5912,27.75,24.75,2981,15026596.0,4.359293697466567e-05
2024-05-24,11:57:28,80.5983,27.75,24.75,2980,15026597.0,4.366271652980039e-05
2024-05-24,11:57:28,80.6054,27.75,24.75,2979,15026596.0,4.373260778161478e-05
2024-05-24,11:57:28,80.6127,27.75,24.75,2980,15026596.0,4.366271652980039e-05
2024-05-24,11:57:28,80.6199,27.75,24.75,2981,15026596.0,4.359293697466567e-05
2024-05-24,11:57:28,80.6269,27.75,24.75,2981,15026596.0,4.359293697466567e-05
2024-05-24,11:57:28,80.634,27.75,24.75,2981,15026596.0,4.359293697466567e-05
2024-05-24,11:57:28,80.6411,27.75,24.75,2981,15026596.0,4.359293697466567e-05
2024-05-24,11:57:28,80.6483,27.75,24.75,2981,15026597.0,4.359293697466567e-05
2024-05-24,11:57:28,80.6555,27.75,24.75,2981,15026596.0,4.359293697466567e-05
2024-05-24,11:57:28,80.6625,27.75,24.75,2981,15026595.0,4.359293697466567e-05
2024-05-24,11:57:28,80.6696,27.75,24.75,2981,15026595.0,4.359293697466567e-05
2024-05-24,11:57:28,80.6767,27.75,24.75,2981,15026596.0,4.359293697466567e-05
2024-05-24,11:57:28,80.6839,27.75,24.75,2981,15026596.0,4.359293697466567e-05
2024-05-24,11:57:28,80.6911,27.75,24.75,2981,15026597.0,4.359293697466567e-05
2024-05-24,11:57:28,80.6981,27.75,24.75,2981,15026597.0,4.359293697466567e-05
2024-05-24,11:57:28,80.7051,27.75,24.75,2981,15026596.0,4.359293697466567e-05
2024-05-24,11:57:28,80.7123,27.75,24.75,2981,15026597.0,4.359293697466567e-05
2024-05-24,11:57:28,80.7195,27.75,24.75,2980,15026596.0,4.366271652980039e-05
2024-05-24,11:57:28,80.7266,27.75,24.75,2980,15026596.0,4.366271652980039e-05
2024-05-24,11:57:28,80.7338,27.75,24.75,2980,15026595.0,4.366271652980039e-05
2024-05-24,11:57:28,80.7409,27.75,24.75,2980,15026595.0,4.366271652980039e-05
2024-05-24,11:57:28,80.748,27.75,24.75,2980,15026595.0,4.366271652980039e-05
2024-05-24,11:57:28,80.7552,27.75,24.75,2980,15026595.0,4.366271652980039e-05
2024-05-24,11:57:28,80.7622,27.75,24.75,2980,15026595.0,4.366271652980039e-05
2024-05-24,11:57:28,80.7694,27.75,24.75,2980,15026595.0,4.366271652980039e-05
2024-05-24,11:57:29,80.7766,27.75,24.75,2981,15026597.0,4.359293697466567e-05
2024-05-24,11:57:29,80.7837,27.75,24.75,2981,15026597.0,4.359293697466567e-05
2024-05-24,11:57:29,80.7908,27.75,24.75,2981,15026596.0,4.359293697466567e-05
2024-05-24,11:57:29,80.7978,27.75,24.75,2981,15026596.0,4.359293697466567e-05
2024-05-24,11:57:29,80.805,27.75,24.75,2980,15026595.0,4.366271652980039e-05
2024-05-24,11:57:29,80.8121,27.75,24.75,2980,15026596.0,4.366271652980039e-05
2024-05-24,11:57:29,80.8193,27.75,24.75,2980,15026596.0,4.366271652980039e-05
2024-05-24,11:57:29,80.8265,27.75,24.75,2980,15026595.0,4.366271652980039e-05
2024-05-24,11:57:29,80.8335,27.75,24.75,2980,15026594.0,4.366271652980039e-05
2024-05-24,11:57:29,80.8406,27.75,24.75,2980,15026595.0,4.366271652980039e-05
2024-05-24,11:57:29,80.8477,27.75,24.75,2980,15026595.0,4.366271652980039e-05
2024-05-24,11:57:29,80.8549,27.75,24.75,2980,15026594.0,4.366271652980039e-05
2024-05-24,11:57:29,80.8621,27.75,24.75,2980,15026595.0,4.366271652980039e-05
2024-05-24,11:57:29,80.8692,27.75,24.75,2980,15026596.0,4.366271652980039e-05
2024-05-24,11:57:29,80.8764,27.75,24.75,2980,15026594.0,4.366271652980039e-05
2024-05-24,11:57:29,80.8836,27.75,24.75,2979,15026596.0,4.373260778161478e-05
2024-05-24,11:57:29,80.8906,27.75,24.75,2979,15026596.0,4.373260778161478e-05
2024-05-24,11:57:29,80.8977,27.75,24.75,2980,15026595.0,4.366271652980039e-05
2024-05-24,11:57:29,80.9048,27.75,24.75,2981,15026596.0,4.359293697466567e-05
2024-05-24,11:57:29,80.9119,27.75,24.75,2981,15026596.0,4.359293697466567e-05
2024-05-24,11:57:29,80.919,27.75,24.75,2980,15026595.0,4.366271652980039e-05
2024-05-24,11:57:29,80.9262,27.75,24.75,2980,15026594.0,4.366271652980039e-05
2024-05-24,11:57:29,80.9332,27.75,24.75,2981,15026596.0,4.359293697466567e-05
2024-05-24,11:57:29,80.9404,27.75,24.75,2981,15026596.0,4.359293697466567e-05
2024-05-24,11:57:29,80.9476,27.75,24.75,2980,15026595.0,4.366271652980039e-05
2024-05-24,11:57:29,80.9547,27.75,24.75,2980,15026596.0,4.366271652980039e-05
2024-05-24,11:57:29,80.9618,27.75,24.75,2981,15026596.0,4.359293697466567e-05
2024-05-24,11:57:29,80.9688,27.75,24.75,2980,15026597.0,4.366271652980039e-05
2024-05-24,11:57:29,80.976,27.75,24.75,2979,15026597.0,4.373260778161478e-05
2024-05-24,11:57:29,80.9832,27.75,24.75,2980,15026596.0,4.366271652980039e-05
2024-05-24,11:57:29,80.9903,27.75,24.75,2981,15026595.0,4.359293697466567e-05
2024-05-24,11:57:29,80.9975,27.75,24.75,2981,15026596.0,4.359293697466567e-05
2024-05-24,11:57:29,81.0047,27.75,24.75,2981,15026594.0,4.359293697466567e-05
2024-05-24,11:57:29,81.0117,27.75,24.75,2981,15026595.0,4.359293697466567e-05
2024-05-24,11:57:29,81.0187,27.75,24.75,2980,15026594.0,4.366271652980039e-05
2024-05-24,11:57:29,81.0259,27.75,24.75,2980,15026594.0,4.366271652980039e-05
2024-05-24,11:57:29,81.0331,27.75,24.75,2980,15026595.0,4.366271652980039e-05
2024-05-24,11:57:29,81.0402,27.75,24.75,2980,15026595.0,4.366271652980039e-05
2024-05-24,11:57:29,81.0474,27.75,24.75,2980,15026595.0,4.366271652980039e-05
2024-05-24,11:57:29,81.0545,27.75,24.75,2980,15026595.0,4.366271652980039e-05
2024-05-24,11:57:29,81.0615,27.75,24.75,2980,15026595.0,4.366271652980039e-05
2024-05-24,11:57:29,81.0688,27.75,24.75,2980,15026595.0,4.366271652980039e-05
2024-05-24,11:57:29,81.076,27.75,24.75,2981,15026596.0,4.359293697466567e-05
2024-05-24,11:57:29,81.0829,27.75,24.75,2981,15026596.0,4.359293697466567e-05
2024-05-24,11:57:29,81.09,27.75,24.75,2980,15026595.0,4.366271652980039e-05
2024-05-24,11:57:29,81.0972,27.75,24.75,2980,15026595.0,4.366271652980039e-05
2024-05-24,11:57:29,81.1042,27.75,24.75,2980,15026594.0,4.366271652980039e-05
2024-05-24,11:57:29,81.1114,27.81,24.75,2979,15026595.0,4.373260778161478e-05
2024-05-24,11:57:29,81.1186,27.81,24.75,2979,15026595.0,4.373260778161478e-05
2024-05-24,11:57:29,81.1257,27.81,24.75,2980,15026595.0,4.366271652980039e-05
2024-05-24,11:57:29,81.1329,27.81,24.75,2980,15026596.0,4.366271652980039e-05
2024-05-24,11:57:29,81.1401,27.81,24.75,2979,15026596.0,4.373260778161478e-05
2024-05-24,11:57:29,81.1473,27.81,24.75,2979,15026595.0,4.373260778161478e-05
2024-05-24,11:57:29,81.1543,27.81,24.75,2980,15026595.0,4.366271652980039e-05
2024-05-24,11:57:29,81.1615,27.81,24.75,2980,15026595.0,4.366271652980039e-05
2024-05-24,11:57:29,81.1686,27.81,24.75,2980,15026594.0,4.366271652980039e-05
2024-05-24,11:57:29,81.1757,27.81,24.75,2980,15026595.0,4.366271652980039e-05
2024-05-24,11:57:29,81.1828,27.81,24.75,2980,15026595.0,4.366271652980039e-05
2024-05-24,11:57:29,81.19,27.81,24.75,2980,15026596.0,4.366271652980039e-05
2024-05-24,11:57:29,81.1972,27.81,24.75,2980,15026595.0,4.366271652980039e-05
2024-05-24,11:57:29,81.2043,27.81,24.75,2980,15026595.0,4.366271652980039e-05
2024-05-24,11:57:29,81.2115,27.81,24.75,2980,15026596.0,4.366271652980039e-05
2024-05-24,11:57:29,81.2187,27.81,24.75,2980,15026596.0,4.366271652980039e-05
2024-05-24,11:57:29,81.2257,27.81,24.75,2980,15026595.0,4.366271652980039e-05
2024-05-24,11:57:29,81.2328,27.81,24.75,2980,15026594.0,4.366271652980039e-05
2024-05-24,11:57:29,81.2399,27.81,24.75,2980,15026594.0,4.366271652980039e-05
2024-05-24,11:57:29,81.247,27.81,24.75,2980,15026595.0,4.366271652980039e-05
2024-05-24,11:57:29,81.254,27.81,24.75,2980,15026595.0,4.366271652980039e-05
2024-05-24,11:57:29,81.2612,27.81,24.75,2981,15026595.0,4.359293697466567e-05
2024-05-24,11:57:29,81.2683,27.81,24.75,2980,15026596.0,4.366271652980039e-05
2024-05-24,11:57:29,81.2755,27.81,24.75,2979,15026594.0,4.373260778161478e-05
2024-05-24,11:57:29,81.2827,27.81,24.75,2979,15026595.0,4.373260778161478e-05
2024-05-24,11:57:29,81.2898,27.81,24.75,2979,15026595.0,4.373260778161478e-05
2024-05-24,11:57:29,81.297,27.81,24.75,2980,15026595.0,4.366271652980039e-05
2024-05-24,11:57:29,81.3041,27.81,24.75,2981,15026596.0,4.359293697466567e-05
2024-05-24,11:57:29,81.3111,27.81,24.75,2981,15026595.0,4.359293697466567e-05
2024-05-24,11:57:29,81.3183,27.81,24.75,2980,15026594.0,4.366271652980039e-05
2024-05-24,11:57:29,81.3254,27.81,24.75,2979,15026595.0,4.373260778161478e-05
2024-05-24,11:57:29,81.3326,27.81,24.75,2980,15026596.0,4.366271652980039e-05
2024-05-24,11:57:29,81.3398,27.81,24.75,2981,15026595.0,4.359293697466567e-05
2024-05-24,11:57:29,81.3468,27.81,24.75,2980,15026595.0,4.366271652980039e-05
2024-05-24,11:57:29,81.354,27.81,24.75,2979,15026596.0,4.373260778161478e-05
2024-05-24,11:57:29,81.3611,27.81,24.75,2979,15026595.0,4.373260778161478e-05
2024-05-24,11:57:29,81.3682,27.81,24.75,2980,15026594.0,4.366271652980039e-05
2024-05-24,11:57:29,81.3753,27.81,24.75,2980,15026594.0,4.366271652980039e-05
2024-05-24,11:57:29,81.3825,27.81,24.75,2980,15026595.0,4.366271652980039e-05
2024-05-24,11:57:29,81.3897,27.81,24.75,2980,15026594.0,4.366271652980039e-05
2024-05-24,11:57:29,81.3969,27.81,24.75,2980,15026594.0,4.366271652980039e-05
2024-05-24,11:57:29,81.404,27.81,24.75,2980,15026595.0,4.366271652980039e-05
2024-05-24,11:57:29,81.4111,27.81,24.75,2980,15026595.0,4.366271652980039e-05
2024-05-24,11:57:29,81.4181,27.81,24.75,2980,15026594.0,4.366271652980039e-05
2024-05-24,11:57:29,81.4253,27.81,24.75,2980,15026594.0,4.366271652980039e-05
2024-05-24,11:57:29,81.4324,27.81,24.75,2980,15026594.0,4.366271652980039e-05
2024-05-24,11:57:29,81.4396,27.81,24.75,2980,15026594.0,4.366271652980039e-05
2024-05-24,11:57:29,81.4468,27.81,24.75,2980,15026594.0,4.366271652980039e-05
2024-05-24,11:57:29,81.4539,27.81,24.75,2980,15026594.0,4.366271652980039e-05
2024-05-24,11:57:29,81.461,27.81,24.75,2980,15026594.0,4.366271652980039e-05
2024-05-24,11:57:29,81.4681,27.81,24.75,2979,15026594.0,4.373260778161478e-05
2024-05-24,11:57:29,81.4753,27.81,24.75,2979,15026595.0,4.373260778161478e-05
2024-05-24,11:57:29,81.4824,27.81,24.75,2979,15026594.0,4.373260778161478e-05
2024-05-24,11:57:29,81.4895,27.81,24.75,2979,15026594.0,4.373260778161478e-05
2024-05-24,11:57:29,81.4967,27.81,24.75,2980,15026595.0,4.366271652980039e-05
2024-05-24,11:57:29,81.5039,27.81,24.75,2980,15026594.0,4.366271652980039e-05
2024-05-24,11:57:29,81.511,27.81,24.75,2979,15026595.0,4.373260778161478e-05
2024-05-24,11:57:29,81.5182,27.81,24.75,2980,15026596.0,4.366271652980039e-05
2024-05-24,11:57:29,81.5254,27.81,24.75,2981,15026595.0,4.359293697466567e-05
2024-05-24,11:57:29,81.5324,27.81,24.75,2980,15026594.0,4.366271652980039e-05
2024-05-24,11:57:29,81.5394,27.81,24.75,2980,15026593.0,4.366271652980039e-05
2024-05-24,11:57:29,81.5466,27.81,24.75,2980,15026593.0,4.366271652980039e-05
2024-05-24,11:57:29,81.5538,27.81,24.75,2979,15026594.0,4.373260778161478e-05
2024-05-24,11:57:29,81.5609,27.81,24.75,2979,15026595.0,4.373260778161478e-05
2024-05-24,11:57:29,81.5681,27.81,24.75,2979,15026595.0,4.373260778161478e-05
2024-05-24,11:57:29,81.5753,27.81,24.75,2979,15026594.0,4.373260778161478e-05
2024-05-24,11:57:29,81.5825,27.81,24.75,2979,15026594.0,4.373260778161478e-05
2024-05-24,11:57:29,81.5896,27.81,24.75,2980,15026595.0,4.366271652980039e-05
2024-05-24,11:57:29,81.5967,27.81,24.75,2981,15026594.0,4.359293697466567e-05
2024-05-24,11:57:29,81.6037,27.81,24.75,2980,15026593.0,4.366271652980039e-05
2024-05-24,11:57:29,81.6109,27.81,24.75,2979,15026594.0,4.373260778161478e-05
2024-05-24,11:57:29,81.618,27.75,24.75,2979,15026593.0,4.373260778161478e-05
2024-05-24,11:57:29,81.6252,27.75,24.75,2979,15026593.0,4.373260778161478e-05
2024-05-24,11:57:29,81.6324,27.75,24.75,2979,15026595.0,4.373260778161478e-05
2024-05-24,11:57:29,81.6394,27.75,24.75,2980,15026595.0,4.366271652980039e-05
2024-05-24,11:57:29,81.6466,27.75,24.75,2980,15026594.0,4.366271652980039e-05
2024-05-24,11:57:29,81.6537,27.75,24.75,2979,15026594.0,4.373260778161478e-05
2024-05-24,11:57:29,81.6608,27.75,24.75,2979,15026594.0,4.373260778161478e-05
2024-05-24,11:57:29,81.668,27.75,24.75,2980,15026593.0,4.366271652980039e-05
2024-05-24,11:57:29,81.6751,27.75,24.75,2981,15026594.0,4.359293697466567e-05
2024-05-24,11:57:29,81.6822,27.75,24.75,2980,15026596.0,4.366271652980039e-05
2024-05-24,11:57:29,81.6893,27.75,24.75,2979,15026594.0,4.373260778161478e-05
2024-05-24,11:57:29,81.6965,27.75,24.75,2980,15026593.0,4.366271652980039e-05
2024-05-24,11:57:29,81.7035,27.75,24.75,2980,15026594.0,4.366271652980039e-05
2024-05-24,11:57:29,81.7107,27.75,24.75,2980,15026594.0,4.366271652980039e-05
2024-05-24,11:57:29,81.7179,27.75,24.75,2980,15026594.0,4.366271652980039e-05
2024-05-24,11:57:29,81.725,27.75,24.75,2979,15026595.0,4.373260778161478e-05
2024-05-24,11:57:29,81.7322,27.75,24.75,2979,15026594.0,4.373260778161478e-05
2024-05-24,11:57:29,81.7393,27.75,24.75,2979,15026594.0,4.373260778161478e-05
2024-05-24,11:57:29,81.7464,27.75,24.75,2979,15026595.0,4.373260778161478e-05
2024-05-24,11:57:29,81.7536,27.75,24.75,2979,15026595.0,4.373260778161478e-05
2024-05-24,11:57:29,81.7608,27.75,24.75,2979,15026593.0,4.373260778161478e-05
2024-05-24,11:57:29,81.7679,27.75,24.75,2979,15026594.0,4.373260778161478e-05
2024-05-24,11:57:30,81.775,27.75,24.75,2979,15026595.0,4.373260778161478e-05
2024-05-24,11:57:30,81.7821,27.75,24.75,2979,15026594.0,4.373260778161478e-05
2024-05-24,11:57:30,81.7893,27.75,24.75,2979,15026593.0,4.373260778161478e-05
2024-05-24,11:57:30,81.7965,27.75,24.75,2979,15026594.0,4.373260778161478e-05
2024-05-24,11:57:30,81.8036,27.75,24.75,2979,15026594.0,4.373260778161478e-05
2024-05-24,11:57:30,81.8108,27.75,24.75,2979,15026594.0,4.373260778161478e-05
2024-05-24,11:57:30,81.818,27.75,24.75,2979,15026593.0,4.373260778161478e-05
2024-05-24,11:57:30,81.8251,27.75,24.75,2980,15026593.0,4.366271652980039e-05
2024-05-24,11:57:30,81.8322,27.75,24.75,2980,15026594.0,4.366271652980039e-05
2024-05-24,11:57:30,81.8393,27.75,24.75,2979,15026594.0,4.373260778161478e-05
2024-05-24,11:57:30,81.8465,27.75,24.75,2979,15026593.0,4.373260778161478e-05
2024-05-24,11:57:30,81.8536,27.75,24.75,2979,15026594.0,4.373260778161478e-05
2024-05-24,11:57:30,81.8607,27.75,24.75,2979,15026594.0,4.373260778161478e-05
2024-05-24,11:57:30,81.8678,27.75,24.75,2980,15026593.0,4.366271652980039e-05
2024-05-24,11:57:30,81.8749,27.75,24.75,2980,15026593.0,4.366271652980039e-05
2024-05-24,11:57:30,81.8822,27.75,24.75,2980,15026593.0,4.366271652980039e-05
2024-05-24,11:57:30,81.8894,27.75,24.75,2979,15026594.0,4.373260778161478e-05
2024-05-24,11:57:30,81.8964,27.75,24.75,2979,15026593.0,4.373260778161478e-05
2024-05-24,11:57:30,81.9035,27.75,24.75,2980,15026593.0,4.366271652980039e-05
2024-05-24,11:57:30,81.9106,27.75,24.75,2979,15026594.0,4.373260778161478e-05
2024-05-24,11:57:30,81.9178,27.75,24.75,2979,15026594.0,4.373260778161478e-05
2024-05-24,11:57:30,81.925,27.75,24.75,2979,15026595.0,4.373260778161478e-05
2024-05-24,11:57:30,81.9321,27.75,24.75,2979,15026594.0,4.373260778161478e-05
2024-05-24,11:57:30,81.9392,27.75,24.75,2979,15026595.0,4.373260778161478e-05
2024-05-24,11:57:30,81.9462,27.75,24.75,2979,15026594.0,4.373260778161478e-05
2024-05-24,11:57:30,81.9534,27.75,24.75,2979,15026594.0,4.373260778161478e-05
2024-05-24,11:57:30,81.9606,27.75,24.75,2979,15026594.0,4.373260778161478e-05
2024-05-24,11:57:30,81.9677,27.75,24.75,2980,15026593.0,4.366271652980039e-05
2024-05-24,11:57:30,81.9749,27.75,24.75,2980,15026592.0,4.366271652980039e-05
2024-05-24,11:57:30,81.9819,27.75,24.75,2979,15026593.0,4.373260778161478e-05
2024-05-24,11:57:30,81.989,27.75,24.75,2979,15026594.0,4.373260778161478e-05
2024-05-24,11:57:30,81.9961,27.75,24.75,2979,15026594.0,4.373260778161478e-05
2024-05-24,11:57:30,82.0033,27.75,24.75,2979,15026594.0,4.373260778161478e-05
2024-05-24,11:57:30,82.0105,27.75,24.75,2979,15026593.0,4.373260778161478e-05
2024-05-24,11:57:30,82.0177,27.75,24.75,2979,15026593.0,4.373260778161478e-05
2024-05-24,11:57:30,82.0248,27.75,24.75,2979,15026593.0,4.373260778161478e-05
2024-05-24,11:57:30,82.032,27.75,24.75,2978,15026593.0,4.38026109089025e-05
2024-05-24,11:57:30,82.0392,27.75,24.75,2979,15026592.0,4.373260778161478e-05
2024-05-24,11:57:30,82.0462,27.75,24.75,2980,15026593.0,4.366271652980039e-05
2024-05-24,11:57:30,82.0532,27.75,24.75,2979,15026594.0,4.373260778161478e-05
2024-05-24,11:57:30,82.0604,27.75,24.75,2978,15026594.0,4.38026109089025e-05
2024-05-24,11:57:30,82.0676,27.75,24.75,2978,15026595.0,4.38026109089025e-05
2024-05-24,11:57:30,82.0747,27.75,24.75,2979,15026594.0,4.373260778161478e-05
2024-05-24,11:57:30,82.0819,27.75,24.75,2979,15026593.0,4.373260778161478e-05
2024-05-24,11:57:30,82.0891,27.75,24.75,2978,15026593.0,4.38026109089025e-05
2024-05-24,11:57:30,82.0962,27.75,24.75,2978,15026593.0,4.38026109089025e-05
2024-05-24,11:57:30,82.1034,27.75,24.75,2978,15026593.0,4.38026109089025e-05
2024-05-24,11:57:30,82.1105,27.75,24.75,2978,15026593.0,4.38026109089025e-05
2024-05-24,11:57:30,82.1175,27.75,24.75,2979,15026594.0,4.373260778161478e-05
2024-05-24,11:57:30,82.1247,27.81,24.75,2980,15026594.0,4.366271652980039e-05
2024-05-24,11:57:30,82.1318,27.81,24.75,2979,15026592.0,4.373260778161478e-05
2024-05-24,11:57:30,82.1389,27.81,24.75,2979,15026592.0,4.373260778161478e-05
2024-05-24,11:57:30,82.146,27.81,24.75,2979,15026592.0,4.373260778161478e-05
2024-05-24,11:57:30,82.1533,27.81,24.75,2978,15026593.0,4.38026109089025e-05
2024-05-24,11:57:30,82.1604,27.81,24.75,2979,15026594.0,4.373260778161478e-05
2024-05-24,11:57:30,82.1674,27.81,24.75,2980,15026594.0,4.366271652980039e-05
2024-05-24,11:57:30,82.1746,27.81,24.75,2980,15026594.0,4.366271652980039e-05
2024-05-24,11:57:30,82.1817,27.81,24.75,2979,15026594.0,4.373260778161478e-05
2024-05-24,11:57:30,82.1888,27.81,24.75,2979,15026594.0,4.373260778161478e-05
2024-05-24,11:57:30,82.196,27.81,24.75,2980,15026594.0,4.366271652980039e-05
2024-05-24,11:57:30,82.2031,27.81,24.75,2980,15026593.0,4.366271652980039e-05
2024-05-24,11:57:30,82.2102,27.81,24.75,2979,15026594.0,4.373260778161478e-05
2024-05-24,11:57:30,82.2173,27.81,24.75,2979,15026593.0,4.373260778161478e-05
2024-05-24,11:57:30,82.2245,27.81,24.75,2980,15026593.0,4.366271652980039e-05
2024-05-24,11:57:30,82.2317,27.81,24.75,2980,15026594.0,4.366271652980039e-05
2024-05-24,11:57:30,82.2388,27.81,24.75,2980,15026594.0,4.366271652980039e-05
2024-05-24,11:57:30,82.2459,27.81,24.75,2979,15026592.0,4.373260778161478e-05
2024-05-24,11:57:30,82.253,27.81,24.75,2979,15026592.0,4.373260778161478e-05
2024-05-24,11:57:30,82.2603,27.81,24.75,2980,15026593.0,4.366271652980039e-05
2024-05-24,11:57:30,82.2674,27.81,24.75,2980,15026593.0,4.366271652980039e-05
2024-05-24,11:57:30,82.2744,27.81,24.75,2979,15026593.0,4.373260778161478e-05
2024-05-24,11:57:30,82.2816,27.81,24.75,2979,15026593.0,4.373260778161478e-05
2024-05-24,11:57:30,82.2888,27.81,24.75,2979,15026593.0,4.373260778161478e-05
2024-05-24,11:57:30,82.2959,27.81,24.75,2978,15026593.0,4.38026109089025e-05
2024-05-24,11:57:30,82.3031,27.81,24.75,2979,15026593.0,4.373260778161478e-05
2024-05-24,11:57:30,82.3103,27.81,24.75,2980,15026593.0,4.366271652980039e-05
2024-05-24,11:57:30,82.3174,27.81,24.75,2980,15026593.0,4.366271652980039e-05
2024-05-24,11:57:30,82.3245,27.81,24.75,2979,15026593.0,4.373260778161478e-05
2024-05-24,11:57:30,82.3315,27.81,24.75,2979,15026595.0,4.373260778161478e-05
2024-05-24,11:57:30,82.3387,27.81,24.75,2980,15026595.0,4.366271652980039e-05
2024-05-24,11:57:30,82.3457,27.81,24.75,2979,15026593.0,4.373260778161478e-05
2024-05-24,11:57:30,82.3529,27.81,24.75,2979,15026593.0,4.373260778161478e-05
2024-05-24,11:57:30,82.3602,27.81,24.75,2979,15026592.0,4.373260778161478e-05
2024-05-24,11:57:30,82.3672,27.81,24.75,2978,15026592.0,4.38026109089025e-05
2024-05-24,11:57:30,82.3743,27.81,24.75,2978,15026593.0,4.38026109089025e-05
2024-05-24,11:57:30,82.3814,27.81,24.75,2978,15026593.0,4.38026109089025e-05
2024-05-24,11:57:30,82.3886,27.81,24.75,2979,15026594.0,4.373260778161478e-05
2024-05-24,11:57:30,82.3958,27.81,24.75,2979,15026594.0,4.373260778161478e-05
2024-05-24,11:57:30,82.4029,27.81,24.75,2979,15026593.0,4.373260778161478e-05
2024-05-24,11:57:30,82.4101,27.81,24.75,2979,15026593.0,4.373260778161478e-05
2024-05-24,11:57:30,82.4171,27.81,24.75,2979,15026593.0,4.373260778161478e-05
2024-05-24,11:57:30,82.4242,27.81,24.75,2979,15026594.0,4.373260778161478e-05
2024-05-24,11:57:30,82.4315,27.81,24.75,2979,15026594.0,4.373260778161478e-05
2024-05-24,11:57:30,82.4386,27.81,24.75,2979,15026593.0,4.373260778161478e-05
2024-05-24,11:57:30,82.4457,27.81,24.75,2979,15026594.0,4.373260778161478e-05
2024-05-24,11:57:30,82.4529,27.81,24.75,2979,15026594.0,4.373260778161478e-05
2024-05-24,11:57:30,82.46,27.81,24.75,2979,15026594.0,4.373260778161478e-05
2024-05-24,11:57:30,82.4672,27.81,24.75,2979,15026594.0,4.373260778161478e-05
2024-05-24,11:57:30,82.4744,27.81,24.75,2979,15026594.0,4.373260778161478e-05
2024-05-24,11:57:30,82.4815,27.81,24.75,2979,15026594.0,4.373260778161478e-05
2024-05-24,11:57:30,82.4887,27.81,24.75,2979,15026595.0,4.373260778161478e-05
2024-05-24,11:57:30,82.4957,27.81,24.75,2979,15026594.0,4.373260778161478e-05
2024-05-24,11:57:30,82.5028,27.81,24.75,2978,15026594.0,4.38026109089025e-05
2024-05-24,11:57:30,82.5099,27.81,24.75,2978,15026594.0,4.38026109089025e-05
2024-05-24,11:57:30,82.517,27.81,24.75,2979,15026593.0,4.373260778161478e-05
2024-05-24,11:57:30,82.5241,27.81,24.75,2979,15026593.0,4.373260778161478e-05
2024-05-24,11:57:30,82.5314,27.81,24.75,2979,15026594.0,4.373260778161478e-05
2024-05-24,11:57:30,82.5385,27.81,24.75,2979,15026594.0,4.373260778161478e-05
2024-05-24,11:57:30,82.5455,27.81,24.75,2978,15026593.0,4.38026109089025e-05
2024-05-24,11:57:30,82.5527,27.81,24.75,2979,15026593.0,4.373260778161478e-05
2024-05-24,11:57:30,82.5599,27.81,24.75,2980,15026593.0,4.366271652980039e-05
2024-05-24,11:57:30,82.567,27.81,24.75,2979,15026594.0,4.373260778161478e-05
2024-05-24,11:57:30,82.5742,27.81,24.75,2979,15026594.0,4.373260778161478e-05
2024-05-24,11:57:30,82.5814,27.81,24.75,2980,15026593.0,4.366271652980039e-05
2024-05-24,11:57:30,82.5885,27.81,24.75,2979,15026593.0,4.373260778161478e-05
2024-05-24,11:57:30,82.5957,27.81,24.75,2978,15026593.0,4.38026109089025e-05
2024-05-24,11:57:30,82.6029,27.81,24.75,2979,15026593.0,4.373260778161478e-05
2024-05-24,11:57:30,82.61,27.81,24.75,2979,15026594.0,4.373260778161478e-05
2024-05-24,11:57:30,82.6172,27.81,24.75,2979,15026594.0,4.373260778161478e-05
2024-05-24,11:57:30,82.6242,27.81,24.75,2979,15026594.0,4.373260778161478e-05
2024-05-24,11:57:30,82.6313,27.81,24.75,2978,15026593.0,4.38026109089025e-05
2024-05-24,11:57:30,82.6386,27.81,24.75,2978,15026592.0,4.38026109089025e-05
2024-05-24,11:57:30,82.6457,27.81,24.75,2979,15026593.0,4.373260778161478e-05
2024-05-24,11:57:30,82.6528,27.81,24.75,2979,15026594.0,4.373260778161478e-05
2024-05-24,11:57:30,82.66,27.81,24.75,2979,15026594.0,4.373260778161478e-05
2024-05-24,11:57:30,82.6671,27.81,24.75,2979,15026594.0,4.373260778161478e-05
2024-05-24,11:57:30,82.6743,27.81,24.75,2979,15026594.0,4.373260778161478e-05
2024-05-24,11:57:30,82.6813,27.81,24.75,2979,15026594.0,4.373260778161478e-05
2024-05-24,11:57:30,82.6884,27.81,24.75,2979,15026594.0,4.373260778161478e-05
2024-05-24,11:57:30,82.6955,27.81,24.75,2979,15026594.0,4.373260778161478e-05
2024-05-24,11:57:30,82.7028,27.81,24.75,2978,15026592.0,4.38026109089025e-05
2024-05-24,11:57:30,82.7101,27.81,24.75,2979,15026591.0,4.373260778161478e-05
2024-05-24,11:57:30,82.7173,27.81,24.75,2979,15026592.0,4.373260778161478e-05
2024-05-24,11:57:30,82.7243,27.81,24.75,2978,15026593.0,4.38026109089025e-05
2024-05-24,11:57:30,82.7314,27.81,24.75,2979,15026593.0,4.373260778161478e-05
2024-05-24,11:57:30,82.7385,27.81,24.75,2979,15026593.0,4.373260778161478e-05
2024-05-24,11:57:30,82.7457,27.81,24.75,2979,15026593.0,4.373260778161478e-05
2024-05-24,11:57:30,82.7529,27.81,24.75,2979,15026594.0,4.373260778161478e-05
2024-05-24,11:57:30,82.7601,27.81,24.75,2978,15026594.0,4.38026109089025e-05
2024-05-24,11:57:30,82.7672,27.81,24.75,2978,15026593.0,4.38026109089025e-05
2024-05-24,11:57:31,82.7744,27.81,24.75,2979,15026593.0,4.373260778161478e-05
2024-05-24,11:57:31,82.7816,27.81,24.75,2979,15026594.0,4.373260778161478e-05
2024-05-24,11:57:31,82.7887,27.81,24.75,2979,15026595.0,4.373260778161478e-05
2024-05-24,11:57:31,82.7958,27.81,24.75,2979,15026594.0,4.373260778161478e-05
2024-05-24,11:57:31,82.8028,27.81,24.75,2979,15026593.0,4.373260778161478e-05
2024-05-24,11:57:31,82.81,27.81,24.75,2979,15026594.0,4.373260778161478e-05
2024-05-24,11:57:31,82.8171,27.81,24.75,2979,15026595.0,4.373260778161478e-05
2024-05-24,11:57:31,82.8243,27.81,24.75,2979,15026594.0,4.373260778161478e-05
2024-05-24,11:57:31,82.8315,27.81,24.75,2978,15026592.0,4.38026109089025e-05
2024-05-24,11:57:31,82.8385,27.81,24.75,2978,15026592.0,4.38026109089025e-05
2024-05-24,11:57:31,82.8456,27.81,24.75,2979,15026593.0,4.373260778161478e-05
2024-05-24,11:57:31,82.8529,27.81,24.75,2979,15026593.0,4.373260778161478e-05
2024-05-24,11:57:31,82.86,27.81,24.75,2979,15026593.0,4.373260778161478e-05
2024-05-24,11:57:31,82.8671,27.81,24.75,2979,15026592.0,4.373260778161478e-05
2024-05-24,11:57:31,82.8742,27.81,24.75,2979,15026594.0,4.373260778161478e-05
2024-05-24,11:57:31,82.8814,27.81,24.75,2979,15026594.0,4.373260778161478e-05
2024-05-24,11:57:31,82.8886,27.81,24.75,2978,15026593.0,4.38026109089025e-05
2024-05-24,11:57:31,82.8957,27.81,24.75,2978,15026593.0,4.38026109089025e-05
2024-05-24,11:57:31,82.9029,27.81,24.75,2978,15026593.0,4.38026109089025e-05
2024-05-24,11:57:31,82.9101,27.81,24.75,2978,15026593.0,4.38026109089025e-05
2024-05-24,11:57:31,82.9172,27.81,24.75,2978,15026593.0,4.38026109089025e-05
2024-05-24,11:57:31,82.9244,27.81,24.75,2978,15026593.0,4.38026109089025e-05
2024-05-24,11:57:31,82.9314,27.81,24.75,2979,15026593.0,4.373260778161478e-05
2024-05-24,11:57:31,82.9385,27.81,24.75,2979,15026593.0,4.373260778161478e-05
2024-05-24,11:57:31,82.9457,27.81,24.75,2979,15026594.0,4.373260778161478e-05
2024-05-24,11:57:31,82.9528,27.81,24.75,2979,15026594.0,4.373260778161478e-05
2024-05-24,11:57:31,82.96,27.81,24.75,2978,15026591.0,4.38026109089025e-05
2024-05-24,11:57:31,82.9672,27.81,24.75,2978,15026592.0,4.38026109089025e-05
2024-05-24,11:57:31,82.9743,27.81,24.75,2978,15026592.0,4.38026109089025e-05
2024-05-24,11:57:31,82.9815,27.81,24.75,2978,15026593.0,4.38026109089025e-05
2024-05-24,11:57:31,82.9887,27.81,24.75,2978,15026594.0,4.38026109089025e-05
2024-05-24,11:57:31,82.9957,27.81,24.75,2978,15026593.0,4.38026109089025e-05
2024-05-24,11:57:31,83.0027,27.81,24.75,2979,15026593.0,4.373260778161478e-05
2024-05-24,11:57:31,83.0099,27.81,24.75,2980,15026592.0,4.366271652980039e-05
2024-05-24,11:57:31,83.0171,27.81,24.75,2979,15026593.0,4.373260778161478e-05
2024-05-24,11:57:31,83.0242,27.81,24.75,2978,15026594.0,4.38026109089025e-05
2024-05-24,11:57:31,83.0314,27.81,24.75,2978,15026593.0,4.38026109089025e-05
2024-05-24,11:57:31,83.0386,27.81,24.75,2978,15026592.0,4.38026109089025e-05
2024-05-24,11:57:31,83.0457,27.81,24.75,2978,15026592.0,4.38026109089025e-05
2024-05-24,11:57:31,83.0529,27.81,24.75,2978,15026592.0,4.38026109089025e-05
2024-05-24,11:57:31,83.0601,27.81,24.75,2978,15026592.0,4.38026109089025e-05
2024-05-24,11:57:31,83.0673,27.81,24.75,2978,15026593.0,4.38026109089025e-05
2024-05-24,11:57:31,83.0744,27.81,24.75,2978,15026593.0,4.38026109089025e-05
2024-05-24,11:57:31,83.0815,27.81,24.75,2978,15026593.0,4.38026109089025e-05
2024-05-24,11:57:31,83.0886,27.81,24.75,2978,15026592.0,4.38026109089025e-05
2024-05-24,11:57:31,83.0958,27.81,24.75,2978,15026593.0,4.38026109089025e-05
2024-05-24,11:57:31,83.1028,27.81,24.75,2979,15026594.0,4.373260778161478e-05
2024-05-24,11:57:31,83.11,27.81,24.75,2979,15026594.0,4.373260778161478e-05
2024-05-24,11:57:31,83.1172,27.81,24.75,2979,15026593.0,4.373260778161478e-05
2024-05-24,11:57:31,83.1243,27.81,24.75,2979,15026593.0,4.373260778161478e-05
2024-05-24,11:57:31,83.1315,27.81,24.75,2979,15026593.0,4.373260778161478e-05
2024-05-24,11:57:31,83.1387,27.75,24.75,2979,15026593.0,4.373260778161478e-05
2024-05-24,11:57:31,83.1458,27.75,24.75,2978,15026592.0,4.38026109089025e-05
2024-05-24,11:57:31,83.1531,27.75,24.75,2978,15026591.0,4.38026109089025e-05
2024-05-24,11:57:31,83.1603,27.75,24.75,2979,15026594.0,4.373260778161478e-05
2024-05-24,11:57:31,83.1672,27.75,24.75,2979,15026595.0,4.373260778161478e-05
2024-05-24,11:57:31,83.1744,27.75,24.75,2978,15026592.0,4.38026109089025e-05
2024-05-24,11:57:31,83.1817,27.75,24.75,2978,15026592.0,4.38026109089025e-05
2024-05-24,11:57:31,83.1887,27.75,24.75,2979,15026592.0,4.373260778161478e-05
2024-05-24,11:57:31,83.1958,27.75,24.75,2979,15026593.0,4.373260778161478e-05
2024-05-24,11:57:31,83.2029,27.75,24.75,2978,15026592.0,4.38026109089025e-05
2024-05-24,11:57:31,83.2101,27.75,24.75,2978,15026592.0,4.38026109089025e-05
2024-05-24,11:57:31,83.2173,27.75,24.75,2978,15026593.0,4.38026109089025e-05
2024-05-24,11:57:31,83.2244,27.75,24.75,2978,15026593.0,4.38026109089025e-05
2024-05-24,11:57:31,83.2316,27.75,24.75,2978,15026592.0,4.38026109089025e-05
2024-05-24,11:57:31,83.2388,27.75,24.75,2978,15026591.0,4.38026109089025e-05
2024-05-24,11:57:31,83.2459,27.75,24.75,2979,15026593.0,4.373260778161478e-05
2024-05-24,11:57:31,83.253,27.75,24.75,2979,15026594.0,4.373260778161478e-05
2024-05-24,11:57:31,83.2601,27.75,24.75,2978,15026593.0,4.38026109089025e-05
2024-05-24,11:57:31,83.2673,27.75,24.75,2978,15026593.0,4.38026109089025e-05
2024-05-24,11:57:31,83.2745,27.75,24.75,2978,15026592.0,4.38026109089025e-05
2024-05-24,11:57:31,83.2817,27.75,24.75,2978,15026592.0,4.38026109089025e-05
2024-05-24,11:57:31,83.2887,27.75,24.75,2978,15026591.0,4.38026109089025e-05
2024-05-24,11:57:31,83.2959,27.75,24.75,2978,15026592.0,4.38026109089025e-05
2024-05-24,11:57:31,83.303,27.75,24.75,2979,15026592.0,4.373260778161478e-05
2024-05-24,11:57:31,83.3103,27.75,24.75,2979,15026592.0,4.373260778161478e-05
2024-05-24,11:57:31,83.3175,27.75,24.75,2978,15026592.0,4.38026109089025e-05
2024-05-24,11:57:31,83.3245,27.75,24.75,2978,15026592.0,4.38026109089025e-05
2024-05-24,11:57:31,83.3317,27.75,24.75,2978,15026593.0,4.38026109089025e-05
2024-05-24,11:57:31,83.339,27.75,24.75,2978,15026593.0,4.38026109089025e-05
2024-05-24,11:57:31,83.3462,27.75,24.75,2978,15026593.0,4.38026109089025e-05
2024-05-24,11:57:31,83.3531,27.75,24.75,2978,15026593.0,4.38026109089025e-05
2024-05-24,11:57:31,83.3601,27.75,24.75,2978,15026593.0,4.38026109089025e-05
2024-05-24,11:57:31,83.3673,27.75,24.75,2978,15026593.0,4.38026109089025e-05
2024-05-24,11:57:31,83.3745,27.75,24.75,2978,15026592.0,4.38026109089025e-05
2024-05-24,11:57:31,83.3816,27.75,24.75,2978,15026592.0,4.38026109089025e-05
2024-05-24,11:57:31,83.3888,27.75,24.75,2978,15026592.0,4.38026109089025e-05
2024-05-24,11:57:31,83.396,27.75,24.75,2978,15026592.0,4.38026109089025e-05
2024-05-24,11:57:31,83.4031,27.75,24.75,2978,15026593.0,4.38026109089025e-05
2024-05-24,11:57:31,83.4103,27.75,24.75,2978,15026593.0,4.38026109089025e-05
2024-05-24,11:57:31,83.4173,27.75,24.75,2978,15026593.0,4.38026109089025e-05
2024-05-24,11:57:31,83.4244,27.75,24.75,2978,15026594.0,4.38026109089025e-05
2024-05-24,11:57:31,83.4317,27.75,24.75,2978,15026594.0,4.38026109089025e-05
2024-05-24,11:57:31,83.439,27.75,24.75,2978,15026593.0,4.38026109089025e-05
2024-05-24,11:57:31,83.446,27.75,24.75,2978,15026592.0,4.38026109089025e-05
2024-05-24,11:57:31,83.453,27.75,24.75,2978,15026592.0,4.38026109089025e-05
2024-05-24,11:57:31,83.4602,27.75,24.75,2978,15026592.0,4.38026109089025e-05
2024-05-24,11:57:31,83.4674,27.75,24.75,2978,15026592.0,4.38026109089025e-05
2024-05-24,11:57:31,83.4745,27.75,24.75,2978,15026591.0,4.38026109089025e-05
2024-05-24,11:57:31,83.4817,27.75,24.75,2978,15026591.0,4.38026109089025e-05
2024-05-24,11:57:31,83.4889,27.75,24.75,2979,15026593.0,4.373260778161478e-05
2024-05-24,11:57:31,83.4961,27.75,24.75,2979,15026594.0,4.373260778161478e-05
2024-05-24,11:57:31,83.5032,27.75,24.75,2978,15026593.0,4.38026109089025e-05
2024-05-24,11:57:31,83.5104,27.75,24.75,2978,15026593.0,4.38026109089025e-05
2024-05-24,11:57:31,83.5174,27.75,24.75,2978,15026594.0,4.38026109089025e-05
2024-05-24,11:57:31,83.5245,27.75,24.75,2978,15026593.0,4.38026109089025e-05
2024-05-24,11:57:31,83.5316,27.75,24.75,2978,15026593.0,4.38026109089025e-05
2024-05-24,11:57:31,83.5388,27.75,24.75,2978,15026593.0,4.38026109089025e-05
2024-05-24,11:57:31,83.546,27.75,24.75,2978,15026593.0,4.38026109089025e-05
2024-05-24,11:57:31,83.5531,27.75,24.75,2978,15026593.0,4.38026109089025e-05
2024-05-24,11:57:31,83.5603,27.75,24.75,2978,15026592.0,4.38026109089025e-05
2024-05-24,11:57:31,83.5673,27.75,24.75,2978,15026592.0,4.38026109089025e-05
2024-05-24,11:57:31,83.5745,27.75,24.75,2978,15026593.0,4.38026109089025e-05
2024-05-24,11:57:31,83.5817,27.75,24.75,2977,15026593.0,4.387272609074357e-05
2024-05-24,11:57:31,83.5887,27.75,24.75,2977,15026593.0,4.387272609074357e-05
2024-05-24,11:57:31,83.5959,27.75,24.75,2978,15026593.0,4.38026109089025e-05
2024-05-24,11:57:31,83.6031,27.75,24.75,2978,15026592.0,4.38026109089025e-05
2024-05-24,11:57:31,83.6102,27.75,24.75,2978,15026591.0,4.38026109089025e-05
2024-05-24,11:57:31,83.6174,27.75,24.75,2978,15026591.0,4.38026109089025e-05
2024-05-24,11:57:31,83.6246,27.75,24.75,2978,15026592.0,4.38026109089025e-05
2024-05-24,11:57:31,83.6317,27.75,24.75,2978,15026592.0,4.38026109089025e-05
2024-05-24,11:57:31,83.6388,27.75,24.75,2978,15026592.0,4.38026109089025e-05
2024-05-24,11:57:31,83.6458,27.81,24.75,2978,15026593.0,4.38026109089025e-05
2024-05-24,11:57:31,83.6531,27.81,24.75,2978,15026593.0,4.38026109089025e-05
2024-05-24,11:57:31,83.6603,27.81,24.75,2978,15026592.0,4.38026109089025e-05
2024-05-24,11:57:31,83.6673,27.81,24.75,2978,15026593.0,4.38026109089025e-05
2024-05-24,11:57:31,83.6745,27.81,24.75,2978,15026591.0,4.38026109089025e-05
2024-05-24,11:57:31,83.6817,27.81,24.75,2978,15026591.0,4.38026109089025e-05
2024-05-24,11:57:31,83.6888,27.81,24.75,2978,15026592.0,4.38026109089025e-05
2024-05-24,11:57:31,83.696,27.81,24.75,2978,15026593.0,4.38026109089025e-05
2024-05-24,11:57:31,83.7032,27.81,24.75,2978,15026592.0,4.38026109089025e-05
2024-05-24,11:57:31,83.7103,27.81,24.75,2978,15026591.0,4.38026109089025e-05
2024-05-24,11:57:31,83.7175,27.81,24.75,2978,15026592.0,4.38026109089025e-05
2024-05-24,11:57:31,83.7247,27.81,24.75,2977,15026593.0,4.387272609074357e-05
2024-05-24,11:57:31,83.7318,27.81,24.75,2977,15026592.0,4.387272609074357e-05
2024-05-24,11:57:31,83.7389,27.81,24.75,2978,15026592.0,4.38026109089025e-05
2024-05-24,11:57:31,83.7459,27.81,24.75,2978,15026592.0,4.38026109089025e-05
2024-05-24,11:57:31,83.7531,27.81,24.75,2978,15026592.0,4.38026109089025e-05
2024-05-24,11:57:31,83.7602,27.81,24.75,2977,15026591.0,4.387272609074357e-05
2024-05-24,11:57:31,83.7674,27.81,24.75,2977,15026591.0,4.387272609074357e-05
2024-05-24,11:57:32,83.7746,27.81,24.75,2978,15026592.0,4.38026109089025e-05
2024-05-24,11:57:32,83.7817,27.81,24.75,2978,15026591.0,4.38026109089025e-05
2024-05-24,11:57:32,83.7889,27.81,24.75,2978,15026591.0,4.38026109089025e-05
2024-05-24,11:57:32,83.7961,27.81,24.75,2977,15026592.0,4.387272609074357e-05
2024-05-24,11:57:32,83.8033,27.81,24.75,2976,15026592.0,4.394295350650451e-05
2024-05-24,11:57:32,83.8104,27.81,24.75,2977,15026591.0,4.387272609074357e-05
2024-05-24,11:57:32,83.8176,27.81,24.75,2978,15026592.0,4.38026109089025e-05
2024-05-24,11:57:32,83.8248,27.81,24.75,2978,15026592.0,4.38026109089025e-05
2024-05-24,11:57:32,83.8319,27.81,24.75,2978,15026592.0,4.38026109089025e-05
2024-05-24,11:57:32,83.839,27.81,24.75,2977,15026592.0,4.387272609074357e-05
2024-05-24,11:57:32,83.8461,27.81,24.75,2976,15026591.0,4.394295350650451e-05
2024-05-24,11:57:32,83.8533,27.81,24.75,2976,15026591.0,4.394295350650451e-05
2024-05-24,11:57:32,83.8605,27.81,24.75,2976,15026591.0,4.394295350650451e-05
2024-05-24,11:57:32,83.8678,27.81,24.75,2976,15026591.0,4.394295350650451e-05
2024-05-24,11:57:32,83.8748,27.81,24.75,2976,15026592.0,4.394295350650451e-05
2024-05-24,11:57:32,83.8818,27.81,24.75,2976,15026592.0,4.394295350650451e-05
2024-05-24,11:57:32,83.889,27.81,24.75,2976,15026591.0,4.394295350650451e-05
2024-05-24,11:57:32,83.8962,27.81,24.75,2977,15026590.0,4.387272609074357e-05
2024-05-24,11:57:32,83.9033,27.81,24.75,2978,15026592.0,4.38026109089025e-05
2024-05-24,11:57:32,83.9105,27.81,24.75,2977,15026593.0,4.387272609074357e-05
2024-05-24,11:57:32,83.9177,27.81,24.75,2976,15026592.0,4.394295350650451e-05
2024-05-24,11:57:32,83.9249,27.81,24.75,2976,15026592.0,4.394295350650451e-05
2024-05-24,11:57:32,83.932,27.81,24.75,2977,15026592.0,4.387272609074357e-05
2024-05-24,11:57:32,83.9392,27.81,24.75,2978,15026592.0,4.38026109089025e-05
2024-05-24,11:57:32,83.9464,27.81,24.75,2978,15026592.0,4.38026109089025e-05
2024-05-24,11:57:32,83.9534,27.81,24.75,2978,15026592.0,4.38026109089025e-05
2024-05-24,11:57:32,83.9606,27.81,24.75,2978,15026592.0,4.38026109089025e-05
2024-05-24,11:57:32,83.9679,27.81,24.75,2978,15026592.0,4.38026109089025e-05
2024-05-24,11:57:32,83.9749,27.81,24.75,2978,15026592.0,4.38026109089025e-05
2024-05-24,11:57:32,83.9819,27.81,24.75,2977,15026592.0,4.387272609074357e-05
2024-05-24,11:57:32,83.9891,27.81,24.75,2977,15026592.0,4.387272609074357e-05
2024-05-24,11:57:32,83.9963,27.81,24.75,2977,15026592.0,4.387272609074357e-05
2024-05-24,11:57:32,84.0034,27.81,24.75,2976,15026592.0,4.394295350650451e-05
2024-05-24,11:57:32,84.0106,27.81,24.75,2976,15026592.0,4.394295350650451e-05
2024-05-24,11:57:32,84.0178,27.81,24.75,2977,15026591.0,4.387272609074357e-05
2024-05-24,11:57:32,84.0249,27.81,24.75,2977,15026592.0,4.387272609074357e-05
2024-05-24,11:57:32,84.0321,27.81,24.75,2976,15026591.0,4.394295350650451e-05
2024-05-24,11:57:32,84.0393,27.81,24.75,2976,15026591.0,4.394295350650451e-05
2024-05-24,11:57:32,84.0465,27.81,24.75,2977,15026592.0,4.387272609074357e-05
2024-05-24,11:57:32,84.0536,27.81,24.75,2978,15026592.0,4.38026109089025e-05
2024-05-24,11:57:32,84.0608,27.81,24.75,2977,15026591.0,4.387272609074357e-05
2024-05-24,11:57:32,84.068,27.81,24.75,2976,15026591.0,4.394295350650451e-05
2024-05-24,11:57:32,84.0751,27.81,24.75,2976,15026591.0,4.394295350650451e-05
2024-05-24,11:57:32,84.0823,27.81,24.75,2977,15026590.0,4.387272609074357e-05
2024-05-24,11:57:32,84.0895,27.81,24.75,2977,15026592.0,4.387272609074357e-05
2024-05-24,11:57:32,84.0965,27.81,24.75,2976,15026593.0,4.394295350650451e-05
2024-05-24,11:57:32,84.1035,27.81,24.75,2976,15026592.0,4.394295350650451e-05
2024-05-24,11:57:32,84.1107,27.81,24.75,2976,15026591.0,4.394295350650451e-05
2024-05-24,11:57:32,84.1179,27.81,24.75,2976,15026591.0,4.394295350650451e-05
2024-05-24,11:57:32,84.125,27.81,24.75,2977,15026591.0,4.387272609074357e-05
2024-05-24,11:57:32,84.1322,27.81,24.75,2977,15026590.0,4.387272609074357e-05
2024-05-24,11:57:32,84.1394,27.81,24.75,2976,15026591.0,4.394295350650451e-05
2024-05-24,11:57:32,84.1465,27.81,24.75,2976,15026590.0,4.394295350650451e-05
2024-05-24,11:57:32,84.1538,27.81,24.75,2976,15026590.0,4.394295350650451e-05
2024-05-24,11:57:32,84.161,27.81,24.75,2976,15026592.0,4.394295350650451e-05
2024-05-24,11:57:32,84.1681,27.81,24.75,2977,15026591.0,4.387272609074357e-05
2024-05-24,11:57:32,84.1752,27.81,24.75,2977,15026590.0,4.387272609074357e-05
2024-05-24,11:57:32,84.1824,27.81,24.75,2976,15026591.0,4.394295350650451e-05
2024-05-24,11:57:32,84.1896,27.81,24.75,2976,15026591.0,4.394295350650451e-05
2024-05-24,11:57:32,84.1967,27.81,24.75,2977,15026590.0,4.387272609074357e-05
2024-05-24,11:57:32,84.2039,27.81,24.75,2977,15026590.0,4.387272609074357e-05
2024-05-24,11:57:32,84.2111,27.81,24.75,2976,15026591.0,4.394295350650451e-05
2024-05-24,11:57:32,84.2182,27.81,24.75,2976,15026592.0,4.394295350650451e-05
2024-05-24,11:57:32,84.2253,27.81,24.75,2977,15026591.0,4.387272609074357e-05
2024-05-24,11:57:32,84.2324,27.81,24.75,2977,15026590.0,4.387272609074357e-05
2024-05-24,11:57:32,84.2397,27.81,24.75,2976,15026591.0,4.394295350650451e-05
2024-05-24,11:57:32,84.2468,27.81,24.75,2976,15026591.0,4.394295350650451e-05
2024-05-24,11:57:32,84.2539,27.81,24.75,2976,15026591.0,4.394295350650451e-05
2024-05-24,11:57:32,84.2611,27.81,24.75,2976,15026591.0,4.394295350650451e-05
2024-05-24,11:57:32,84.2683,27.81,24.75,2977,15026591.0,4.387272609074357e-05
2024-05-24,11:57:32,84.2754,27.81,24.75,2977,15026592.0,4.387272609074357e-05
2024-05-24,11:57:32,84.2825,27.81,24.75,2976,15026593.0,4.394295350650451e-05
2024-05-24,11:57:32,84.2897,27.81,24.75,2976,15026591.0,4.394295350650451e-05
2024-05-24,11:57:32,84.2968,27.81,24.75,2976,15026592.0,4.394295350650451e-05
2024-05-24,11:57:32,84.304,27.81,24.75,2976,15026592.0,4.394295350650451e-05
2024-05-24,11:57:32,84.3113,27.81,24.75,2977,15026591.0,4.387272609074357e-05
2024-05-24,11:57:32,84.3185,27.81,24.75,2977,15026591.0,4.387272609074357e-05
2024-05-24,11:57:32,84.3255,27.81,24.75,2976,15026592.0,4.394295350650451e-05
2024-05-24,11:57:32,84.3327,27.81,24.75,2976,15026591.0,4.394295350650451e-05
2024-05-24,11:57:32,84.3398,27.81,24.75,2976,15026591.0,4.394295350650451e-05
2024-05-24,11:57:32,84.347,27.81,24.75,2976,15026591.0,4.394295350650451e-05
2024-05-24,11:57:32,84.3542,27.81,24.75,2976,15026591.0,4.394295350650451e-05
2024-05-24,11:57:32,84.3613,27.81,24.75,2976,15026590.0,4.394295350650451e-05
2024-05-24,11:57:32,84.3685,27.81,24.75,2977,15026590.0,4.387272609074357e-05
2024-05-24,11:57:32,84.3757,27.81,24.75,2977,15026591.0,4.387272609074357e-05
2024-05-24,11:57:32,84.3827,27.81,24.75,2976,15026591.0,4.394295350650451e-05
2024-05-24,11:57:32,84.3897,27.81,24.75,2976,15026592.0,4.394295350650451e-05
2024-05-24,11:57:32,84.3969,27.81,24.75,2976,15026592.0,4.394295350650451e-05
2024-05-24,11:57:32,84.4042,27.81,24.75,2976,15026591.0,4.394295350650451e-05
2024-05-24,11:57:32,84.4115,27.81,24.75,2976,15026592.0,4.394295350650451e-05
2024-05-24,11:57:32,84.4185,27.81,24.75,2976,15026591.0,4.394295350650451e-05
2024-05-24,11:57:32,84.4256,27.81,24.75,2976,15026591.0,4.394295350650451e-05
2024-05-24,11:57:32,84.4328,27.81,24.75,2976,15026591.0,4.394295350650451e-05
2024-05-24,11:57:32,84.4401,27.81,24.75,2976,15026590.0,4.394295350650451e-05
2024-05-24,11:57:32,84.4472,27.81,24.75,2976,15026590.0,4.394295350650451e-05
2024-05-24,11:57:32,84.4544,27.81,24.75,2976,15026591.0,4.394295350650451e-05
2024-05-24,11:57:32,84.4616,27.81,24.75,2976,15026591.0,4.394295350650451e-05
2024-05-24,11:57:32,84.4687,27.81,24.75,2976,15026591.0,4.394295350650451e-05
2024-05-24,11:57:32,84.476,27.81,24.75,2976,15026591.0,4.394295350650451e-05
2024-05-24,11:57:32,84.4831,27.81,24.75,2976,15026591.0,4.394295350650451e-05
2024-05-24,11:57:32,84.4902,27.81,24.75,2976,15026591.0,4.394295350650451e-05
2024-05-24,11:57:32,84.4975,27.81,24.75,2976,15026590.0,4.394295350650451e-05
2024-05-24,11:57:32,84.5046,27.81,24.75,2976,15026591.0,4.394295350650451e-05
2024-05-24,11:57:32,84.5117,27.81,24.75,2976,15026591.0,4.394295350650451e-05
2024-05-24,11:57:32,84.5189,27.81,24.75,2976,15026591.0,4.394295350650451e-05
2024-05-24,11:57:32,84.5261,27.81,24.75,2976,15026591.0,4.394295350650451e-05
2024-05-24,11:57:32,84.5334,27.81,24.75,2975,15026589.0,4.40132933358391e-05
2024-05-24,11:57:32,84.5404,27.81,24.75,2975,15026590.0,4.40132933358391e-05
2024-05-24,11:57:32,84.5474,27.81,24.75,2976,15026590.0,4.394295350650451e-05
2024-05-24,11:57:32,84.5546,27.81,24.75,2976,15026590.0,4.394295350650451e-05
2024-05-24,11:57:32,84.5618,27.81,24.75,2977,15026591.0,4.387272609074357e-05
2024-05-24,11:57:32,84.5689,27.81,24.75,2977,15026591.0,4.387272609074357e-05
2024-05-24,11:57:32,84.5761,27.81,24.75,2976,15026591.0,4.394295350650451e-05
2024-05-24,11:57:32,84.5833,27.81,24.75,2976,15026591.0,4.394295350650451e-05
2024-05-24,11:57:32,84.5905,27.81,24.75,2976,15026591.0,4.394295350650451e-05
2024-05-24,11:57:32,84.5976,27.81,24.75,2976,15026592.0,4.394295350650451e-05
2024-05-24,11:57:32,84.6048,27.81,24.75,2976,15026592.0,4.394295350650451e-05
2024-05-24,11:57:32,84.612,27.81,24.75,2976,15026591.0,4.394295350650451e-05
2024-05-24,11:57:32,84.6191,27.81,24.75,2976,15026590.0,4.394295350650451e-05
2024-05-24,11:57:32,84.6263,27.81,24.75,2976,15026591.0,4.394295350650451e-05
2024-05-24,11:57:32,84.6335,27.81,24.75,2976,15026592.0,4.394295350650451e-05
2024-05-24,11:57:32,84.6406,27.81,24.75,2976,15026592.0,4.394295350650451e-05
2024-05-24,11:57:32,84.6478,27.81,24.75,2976,15026591.0,4.394295350650451e-05
2024-05-24,11:57:32,84.655,27.81,24.75,2976,15026592.0,4.394295350650451e-05
2024-05-24,11:57:32,84.6621,27.81,24.75,2976,15026591.0,4.394295350650451e-05
2024-05-24,11:57:32,84.6692,27.81,24.75,2976,15026591.0,4.394295350650451e-05
2024-05-24,11:57:32,84.6762,27.81,24.75,2976,15026591.0,4.394295350650451e-05
2024-05-24,11:57:32,84.6834,27.81,24.75,2976,15026590.0,4.394295350650451e-05
2024-05-24,11:57:32,84.6905,27.81,24.75,2976,15026590.0,4.394295350650451e-05
2024-05-24,11:57:32,84.6978,27.81,24.75,2976,15026591.0,4.394295350650451e-05
2024-05-24,11:57:32,84.705,27.81,24.75,2976,15026590.0,4.394295350650451e-05
2024-05-24,11:57:32,84.7121,27.81,24.75,2976,15026590.0,4.394295350650451e-05
2024-05-24,11:57:32,84.7192,27.81,24.75,2976,15026591.0,4.394295350650451e-05
2024-05-24,11:57:32,84.7264,27.81,24.75,2975,15026592.0,4.40132933358391e-05
2024-05-24,11:57:32,84.7336,27.81,24.75,2975,15026591.0,4.40132933358391e-05
2024-05-24,11:57:32,84.7409,27.81,24.75,2976,15026591.0,4.394295350650451e-05
2024-05-24,11:57:32,84.748,27.81,24.75,2976,15026590.0,4.394295350650451e-05
2024-05-24,11:57:32,84.7551,27.81,24.75,2976,15026591.0,4.394295350650451e-05
2024-05-24,11:57:32,84.7622,27.81,24.75,2976,15026591.0,4.394295350650451e-05
2024-05-24,11:57:32,84.7694,27.81,24.75,2976,15026591.0,4.394295350650451e-05
2024-05-24,11:57:33,84.7766,27.81,24.75,2976,15026591.0,4.394295350650451e-05
2024-05-24,11:57:33,84.7837,27.81,24.75,2976,15026590.0,4.394295350650451e-05
2024-05-24,11:57:33,84.7909,27.81,24.75,2976,15026591.0,4.394295350650451e-05
2024-05-24,11:57:33,84.7981,27.81,24.75,2976,15026591.0,4.394295350650451e-05
2024-05-24,11:57:33,84.8052,27.81,24.75,2976,15026590.0,4.394295350650451e-05
2024-05-24,11:57:33,84.8124,27.81,24.75,2976,15026590.0,4.394295350650451e-05
2024-05-24,11:57:33,84.8194,27.81,24.75,2976,15026591.0,4.394295350650451e-05
2024-05-24,11:57:33,84.8266,27.81,24.75,2975,15026591.0,4.40132933358391e-05
2024-05-24,11:57:33,84.8339,27.81,24.75,2975,15026592.0,4.40132933358391e-05
2024-05-24,11:57:33,84.8409,27.81,24.75,2976,15026591.0,4.394295350650451e-05
2024-05-24,11:57:33,84.848,27.81,24.75,2975,15026589.0,4.40132933358391e-05
2024-05-24,11:57:33,84.8553,27.81,24.75,2975,15026589.0,4.40132933358391e-05
2024-05-24,11:57:33,84.8625,27.81,24.75,2976,15026590.0,4.394295350650451e-05
2024-05-24,11:57:33,84.8696,27.81,24.75,2975,15026591.0,4.40132933358391e-05
2024-05-24,11:57:33,84.8769,27.81,24.75,2974,15026590.0,4.408374575868857e-05
2024-05-24,11:57:33,84.8841,27.81,24.75,2975,15026589.0,4.40132933358391e-05
2024-05-24,11:57:33,84.8913,27.81,24.75,2976,15026590.0,4.394295350650451e-05
2024-05-24,11:57:33,84.8984,27.81,24.75,2976,15026591.0,4.394295350650451e-05
2024-05-24,11:57:33,84.9055,27.81,24.75,2976,15026591.0,4.394295350650451e-05
2024-05-24,11:57:33,84.9126,27.81,24.75,2976,15026590.0,4.394295350650451e-05
2024-05-24,11:57:33,84.9198,27.81,24.75,2975,15026590.0,4.40132933358391e-05
2024-05-24,11:57:33,84.927,27.81,24.75,2975,15026589.0,4.40132933358391e-05
2024-05-24,11:57:33,84.9341,27.81,24.75,2976,15026590.0,4.394295350650451e-05
2024-05-24,11:57:33,84.9412,27.81,24.75,2976,15026590.0,4.394295350650451e-05
2024-05-24,11:57:33,84.9483,27.81,24.75,2975,15026589.0,4.40132933358391e-05
2024-05-24,11:57:33,84.9556,27.81,24.75,2975,15026589.0,4.40132933358391e-05
2024-05-24,11:57:33,84.9629,27.81,24.75,2975,15026590.0,4.40132933358391e-05
2024-05-24,11:57:33,84.97,27.81,24.75,2974,15026590.0,4.408374575868857e-05
2024-05-24,11:57:33,84.9771,27.81,24.75,2974,15026591.0,4.408374575868857e-05
2024-05-24,11:57:33,84.9844,27.81,24.75,2974,15026591.0,4.408374575868857e-05
2024-05-24,11:57:33,84.9916,27.81,24.75,2974,15026590.0,4.408374575868857e-05
2024-05-24,11:57:33,84.9988,27.81,24.75,2975,15026589.0,4.40132933358391e-05
2024-05-24,11:57:33,85.0059,27.81,24.75,2975,15026590.0,4.40132933358391e-05
2024-05-24,11:57:33,85.0131,27.81,24.75,2975,15026590.0,4.40132933358391e-05
2024-05-24,11:57:33,85.0203,27.81,24.75,2975,15026589.0,4.40132933358391e-05
2024-05-24,11:57:33,85.0274,27.81,24.75,2974,15026589.0,4.408374575868857e-05
2024-05-24,11:57:33,85.0346,27.81,24.75,2974,15026590.0,4.408374575868857e-05
2024-05-24,11:57:33,85.0418,27.81,24.75,2974,15026590.0,4.408374575868857e-05
2024-05-24,11:57:33,85.0489,27.81,24.75,2974,15026590.0,4.408374575868857e-05
2024-05-24,11:57:33,85.0561,27.81,24.75,2974,15026590.0,4.408374575868857e-05
2024-05-24,11:57:33,85.0633,27.81,24.75,2974,15026590.0,4.408374575868857e-05
2024-05-24,11:57:33,85.0706,27.81,24.75,2975,15026589.0,4.40132933358391e-05
2024-05-24,11:57:33,85.0777,27.81,24.75,2975,15026589.0,4.40132933358391e-05
2024-05-24,11:57:33,85.0848,27.81,24.75,2975,15026589.0,4.40132933358391e-05
2024-05-24,11:57:33,85.092,27.81,24.75,2976,15026590.0,4.394295350650451e-05
2024-05-24,11:57:33,85.0991,27.81,24.75,2976,15026590.0,4.394295350650451e-05
2024-05-24,11:57:33,85.1063,27.81,24.75,2975,15026590.0,4.40132933358391e-05
2024-05-24,11:57:33,85.1135,27.81,24.75,2975,15026590.0,4.40132933358391e-05
2024-05-24,11:57:33,85.1205,27.81,24.75,2975,15026588.0,4.40132933358391e-05
2024-05-24,11:57:33,85.1278,27.81,24.75,2974,15026590.0,4.408374575868857e-05
2024-05-24,11:57:33,85.1351,27.81,24.75,2974,15026590.0,4.408374575868857e-05
2024-05-24,11:57:33,85.1421,27.81,24.75,2975,15026589.0,4.40132933358391e-05
2024-05-24,11:57:33,85.1493,27.81,24.75,2975,15026590.0,4.40132933358391e-05
2024-05-24,11:57:33,85.1565,27.81,24.75,2974,15026590.0,4.408374575868857e-05
2024-05-24,11:57:33,85.1636,27.81,24.75,2974,15026589.0,4.408374575868857e-05
2024-05-24,11:57:33,85.1708,27.81,24.75,2974,15026589.0,4.408374575868857e-05
2024-05-24,11:57:33,85.178,27.81,24.75,2974,15026590.0,4.408374575868857e-05
2024-05-24,11:57:33,85.1851,27.81,24.75,2974,15026589.0,4.408374575868857e-05
2024-05-24,11:57:33,85.1923,27.81,24.75,2974,15026590.0,4.408374575868857e-05
2024-05-24,11:57:33,85.1995,27.81,24.75,2974,15026590.0,4.408374575868857e-05
2024-05-24,11:57:33,85.2066,27.81,24.75,2974,15026590.0,4.408374575868857e-05
2024-05-24,11:57:33,85.2138,27.81,24.75,2975,15026589.0,4.40132933358391e-05
2024-05-24,11:57:33,85.221,27.81,24.75,2975,15026588.0,4.40132933358391e-05
2024-05-24,11:57:33,85.2283,27.81,24.75,2974,15026589.0,4.408374575868857e-05
2024-05-24,11:57:33,85.2354,27.81,24.75,2974,15026589.0,4.408374575868857e-05
2024-05-24,11:57:33,85.2425,27.81,24.75,2974,15026589.0,4.408374575868857e-05
2024-05-24,11:57:33,85.2497,27.81,24.75,2974,15026590.0,4.408374575868857e-05
2024-05-24,11:57:33,85.2568,27.81,24.75,2974,15026590.0,4.408374575868857e-05
2024-05-24,11:57:33,85.264,27.81,24.75,2974,15026589.0,4.408374575868857e-05
2024-05-24,11:57:33,85.2712,27.81,24.75,2974,15026590.0,4.408374575868857e-05
2024-05-24,11:57:33,85.2785,27.81,24.75,2974,15026590.0,4.408374575868857e-05
2024-05-24,11:57:33,85.2857,27.81,24.75,2974,15026589.0,4.408374575868857e-05
2024-05-24,11:57:33,85.2928,27.81,24.75,2974,15026590.0,4.408374575868857e-05
2024-05-24,11:57:33,85.3,27.81,24.75,2974,15026590.0,4.408374575868857e-05
2024-05-24,11:57:33,85.3071,27.81,24.75,2975,15026590.0,4.40132933358391e-05
2024-05-24,11:57:33,85.3142,27.81,24.75,2976,15026590.0,4.394295350650451e-05
2024-05-24,11:57:33,85.3213,27.81,24.75,2975,15026588.0,4.40132933358391e-05
2024-05-24,11:57:33,85.3286,27.81,24.75,2974,15026589.0,4.408374575868857e-05
2024-05-24,11:57:33,85.3358,27.81,24.75,2974,15026590.0,4.408374575868857e-05
2024-05-24,11:57:33,85.3428,27.81,24.75,2974,15026589.0,4.408374575868857e-05
2024-05-24,11:57:33,85.35,27.81,24.75,2974,15026588.0,4.408374575868857e-05
2024-05-24,11:57:33,85.3572,27.81,24.75,2974,15026589.0,4.408374575868857e-05
2024-05-24,11:57:33,85.3643,27.81,24.75,2974,15026589.0,4.408374575868857e-05
2024-05-24,11:57:33,85.3715,27.81,24.75,2974,15026588.0,4.408374575868857e-05
2024-05-24,11:57:33,85.3787,27.81,24.75,2974,15026589.0,4.408374575868857e-05
2024-05-24,11:57:33,85.386,27.81,24.75,2975,15026588.0,4.40132933358391e-05
2024-05-24,11:57:33,85.3931,27.81,24.75,2975,15026589.0,4.40132933358391e-05
2024-05-24,11:57:33,85.4002,27.81,24.75,2974,15026590.0,4.408374575868857e-05
2024-05-24,11:57:33,85.4073,27.81,24.75,2973,15026588.0,4.41543109552823e-05
2024-05-24,11:57:33,85.4146,27.81,24.75,2973,15026589.0,4.41543109552823e-05
2024-05-24,11:57:33,85.4219,27.81,24.75,2974,15026590.0,4.408374575868857e-05
2024-05-24,11:57:33,85.4291,27.81,24.75,2974,15026590.0,4.408374575868857e-05
2024-05-24,11:57:33,85.4361,27.81,24.75,2974,15026590.0,4.408374575868857e-05
2024-05-24,11:57:33,85.4433,27.81,24.75,2974,15026590.0,4.408374575868857e-05
2024-05-24,11:57:33,85.4506,27.81,24.75,2974,15026589.0,4.408374575868857e-05
2024-05-24,11:57:33,85.4578,27.81,24.75,2975,15026589.0,4.40132933358391e-05
2024-05-24,11:57:33,85.4648,27.81,24.75,2974,15026587.0,4.408374575868857e-05
2024-05-24,11:57:33,85.472,27.81,24.75,2972,15026588.0,4.422498910613804e-05
2024-05-24,11:57:33,85.4792,27.81,24.75,2973,15026589.0,4.41543109552823e-05
2024-05-24,11:57:33,85.4863,27.81,24.75,2974,15026588.0,4.408374575868857e-05
2024-05-24,11:57:33,85.4935,27.81,24.75,2973,15026588.0,4.41543109552823e-05
2024-05-24,11:57:33,85.5007,27.81,24.75,2973,15026588.0,4.41543109552823e-05
2024-05-24,11:57:33,85.508,27.81,24.75,2974,15026588.0,4.408374575868857e-05
2024-05-24,11:57:33,85.5151,27.81,24.75,2974,15026588.0,4.408374575868857e-05
2024-05-24,11:57:33,85.5223,27.81,24.75,2973,15026587.0,4.41543109552823e-05
2024-05-24,11:57:33,85.5296,27.81,24.75,2973,15026587.0,4.41543109552823e-05
2024-05-24,11:57:33,85.5368,27.81,24.75,2975,15026588.0,4.40132933358391e-05
2024-05-24,11:57:33,85.5438,27.81,24.75,2975,15026589.0,4.40132933358391e-05
2024-05-24,11:57:33,85.551,27.81,24.75,2974,15026589.0,4.408374575868857e-05
2024-05-24,11:57:33,85.5583,27.81,24.75,2974,15026589.0,4.408374575868857e-05
2024-05-24,11:57:33,85.5654,27.81,24.75,2974,15026589.0,4.408374575868857e-05
2024-05-24,11:57:33,85.5725,27.81,24.75,2974,15026589.0,4.408374575868857e-05
2024-05-24,11:57:33,85.5796,27.81,24.75,2974,15026589.0,4.408374575868857e-05
2024-05-24,11:57:33,85.5869,27.81,24.75,2974,15026589.0,4.408374575868857e-05
2024-05-24,11:57:33,85.5941,27.81,24.75,2974,15026589.0,4.408374575868857e-05
2024-05-24,11:57:33,85.6013,27.81,24.75,2974,15026589.0,4.408374575868857e-05
2024-05-24,11:57:33,85.6084,27.81,24.75,2974,15026588.0,4.408374575868857e-05
2024-05-24,11:57:33,85.6156,27.81,24.75,2974,15026588.0,4.408374575868857e-05
2024-05-24,11:57:33,85.6228,27.81,24.75,2973,15026589.0,4.41543109552823e-05
2024-05-24,11:57:33,85.6299,27.81,24.75,2973,15026589.0,4.41543109552823e-05
2024-05-24,11:57:33,85.6372,27.81,24.75,2973,15026589.0,4.41543109552823e-05
2024-05-24,11:57:33,85.6444,27.81,24.75,2972,15026589.0,4.422498910613804e-05
2024-05-24,11:57:33,85.6516,27.75,24.75,2972,15026588.0,4.422498910613804e-05
2024-05-24,11:57:33,85.6589,27.75,24.75,2973,15026588.0,4.41543109552823e-05
2024-05-24,11:57:33,85.666,27.75,24.75,2973,15026589.0,4.41543109552823e-05
2024-05-24,11:57:33,85.6731,27.75,24.75,2973,15026588.0,4.41543109552823e-05
2024-05-24,11:57:33,85.6802,27.75,24.75,2974,15026587.0,4.408374575868857e-05
2024-05-24,11:57:33,85.6874,27.75,24.75,2974,15026588.0,4.408374575868857e-05
2024-05-24,11:57:33,85.6946,27.75,24.75,2973,15026588.0,4.41543109552823e-05
2024-05-24,11:57:33,85.7017,27.75,24.75,2972,15026589.0,4.422498910613804e-05
2024-05-24,11:57:33,85.7089,27.75,24.75,2972,15026588.0,4.422498910613804e-05
2024-05-24,11:57:33,85.7161,27.75,24.75,2973,15026588.0,4.41543109552823e-05
2024-05-24,11:57:33,85.7234,27.75,24.75,2974,15026589.0,4.408374575868857e-05
2024-05-24,11:57:33,85.7307,27.75,24.75,2974,15026590.0,4.408374575868857e-05
2024-05-24,11:57:33,85.7377,27.75,24.75,2974,15026589.0,4.408374575868857e-05
2024-05-24,11:57:33,85.7449,27.75,24.75,2974,15026588.0,4.408374575868857e-05
2024-05-24,11:57:33,85.7522,27.75,24.75,2974,15026588.0,4.408374575868857e-05
2024-05-24,11:57:33,85.7593,27.75,24.75,2974,15026588.0,4.408374575868857e-05
2024-05-24,11:57:34,85.7665,27.75,24.75,2973,15026587.0,4.41543109552823e-05
2024-05-24,11:57:34,85.7737,27.75,24.75,2973,15026587.0,4.41543109552823e-05
2024-05-24,11:57:34,85.7809,27.75,24.75,2974,15026587.0,4.408374575868857e-05
2024-05-24,11:57:34,85.788,27.75,24.75,2973,15026588.0,4.41543109552823e-05
2024-05-24,11:57:34,85.7952,27.75,24.75,2972,15026589.0,4.422498910613804e-05
2024-05-24,11:57:34,85.8024,27.75,24.75,2973,15026588.0,4.41543109552823e-05
2024-05-24,11:57:34,85.8095,27.75,24.75,2973,15026587.0,4.41543109552823e-05
2024-05-24,11:57:34,85.8167,27.75,24.75,2973,15026587.0,4.41543109552823e-05
2024-05-24,11:57:34,85.8239,27.75,24.75,2974,15026588.0,4.408374575868857e-05
2024-05-24,11:57:34,85.831,27.75,24.75,2974,15026589.0,4.408374575868857e-05
2024-05-24,11:57:34,85.8382,27.75,24.75,2973,15026588.0,4.41543109552823e-05
2024-05-24,11:57:34,85.8455,27.75,24.75,2972,15026588.0,4.422498910613804e-05
2024-05-24,11:57:34,85.8527,27.75,24.75,2972,15026589.0,4.422498910613804e-05
2024-05-24,11:57:34,85.8598,27.75,24.75,2973,15026588.0,4.41543109552823e-05
2024-05-24,11:57:34,85.8671,27.75,24.75,2973,15026588.0,4.41543109552823e-05
2024-05-24,11:57:34,85.8743,27.75,24.75,2973,15026588.0,4.41543109552823e-05
2024-05-24,11:57:34,85.8813,27.75,24.75,2973,15026587.0,4.41543109552823e-05
2024-05-24,11:57:34,85.8884,27.75,24.75,2972,15026588.0,4.422498910613804e-05
2024-05-24,11:57:34,85.8957,27.75,24.75,2973,15026589.0,4.41543109552823e-05
2024-05-24,11:57:34,85.9028,27.75,24.75,2974,15026588.0,4.408374575868857e-05
2024-05-24,11:57:34,85.9099,27.75,24.75,2973,15026588.0,4.41543109552823e-05
2024-05-24,11:57:34,85.9172,27.75,24.75,2973,15026588.0,4.41543109552823e-05
2024-05-24,11:57:34,85.9245,27.75,24.75,2973,15026587.0,4.41543109552823e-05
2024-05-24,11:57:34,85.9316,27.75,24.75,2972,15026588.0,4.422498910613804e-05
2024-05-24,11:57:34,85.9388,27.75,24.75,2973,15026589.0,4.41543109552823e-05
2024-05-24,11:57:34,85.946,27.75,24.75,2973,15026588.0,4.41543109552823e-05
2024-05-24,11:57:34,85.9531,27.75,24.75,2972,15026588.0,4.422498910613804e-05
2024-05-24,11:57:34,85.9603,27.75,24.75,2973,15026588.0,4.41543109552823e-05
2024-05-24,11:57:34,85.9675,27.75,24.75,2973,15026587.0,4.41543109552823e-05
2024-05-24,11:57:34,85.9746,27.75,24.75,2973,15026587.0,4.41543109552823e-05
2024-05-24,11:57:34,85.9818,27.75,24.75,2973,15026587.0,4.41543109552823e-05
2024-05-24,11:57:34,85.9891,27.75,24.75,2973,15026587.0,4.41543109552823e-05
2024-05-24,11:57:34,85.9963,27.75,24.75,2973,15026585.0,4.41543109552823e-05
2024-05-24,11:57:34,86.0034,27.75,24.75,2973,15026586.0,4.41543109552823e-05
2024-05-24,11:57:34,86.0106,27.75,24.75,2972,15026586.0,4.422498910613804e-05
2024-05-24,11:57:34,86.0178,27.75,24.75,2971,15026586.0,4.429578039206264e-05
2024-05-24,11:57:34,86.0251,27.75,24.75,2972,15026587.0,4.422498910613804e-05
2024-05-24,11:57:34,86.0322,27.75,24.75,2972,15026587.0,4.422498910613804e-05
2024-05-24,11:57:34,86.0394,27.75,24.75,2972,15026588.0,4.422498910613804e-05
2024-05-24,11:57:34,86.0466,27.75,24.75,2972,15026588.0,4.422498910613804e-05
2024-05-24,11:57:34,86.0537,27.75,24.75,2973,15026588.0,4.41543109552823e-05
2024-05-24,11:57:34,86.0609,27.75,24.75,2973,15026588.0,4.41543109552823e-05
2024-05-24,11:57:34,86.0681,27.75,24.75,2972,15026588.0,4.422498910613804e-05
2024-05-24,11:57:34,86.0753,27.75,24.75,2973,15026587.0,4.41543109552823e-05
2024-05-24,11:57:34,86.0823,27.75,24.75,2973,15026587.0,4.41543109552823e-05
2024-05-24,11:57:34,86.0895,27.75,24.75,2973,15026587.0,4.41543109552823e-05
2024-05-24,11:57:34,86.0966,27.75,24.75,2973,15026586.0,4.41543109552823e-05
2024-05-24,11:57:34,86.1038,27.75,24.75,2972,15026588.0,4.422498910613804e-05
2024-05-24,11:57:34,86.1111,27.75,24.75,2972,15026589.0,4.422498910613804e-05
2024-05-24,11:57:34,86.1183,27.75,24.75,2972,15026588.0,4.422498910613804e-05
2024-05-24,11:57:34,86.1253,27.75,24.75,2972,15026586.0,4.422498910613804e-05
2024-05-24,11:57:34,86.1325,27.75,24.75,2972,15026587.0,4.422498910613804e-05
2024-05-24,11:57:34,86.1398,27.75,24.75,2972,15026588.0,4.422498910613804e-05
2024-05-24,11:57:34,86.1471,27.75,24.75,2973,15026587.0,4.41543109552823e-05
2024-05-24,11:57:34,86.1542,27.81,24.75,2973,15026587.0,4.41543109552823e-05
2024-05-24,11:57:34,86.1613,27.81,24.75,2972,15026587.0,4.422498910613804e-05
2024-05-24,11:57:34,86.1684,27.81,24.75,2972,15026586.0,4.422498910613804e-05
2024-05-24,11:57:34,86.1756,27.81,24.75,2972,15026586.0,4.422498910613804e-05
2024-05-24,11:57:34,86.1828,27.81,24.75,2972,15026587.0,4.422498910613804e-05
2024-05-24,11:57:34,86.1899,27.81,24.75,2972,15026587.0,4.422498910613804e-05
2024-05-24,11:57:34,86.1971,27.81,24.75,2972,15026587.0,4.422498910613804e-05
2024-05-24,11:57:34,86.2043,27.81,24.75,2973,15026587.0,4.41543109552823e-05
2024-05-24,11:57:34,86.2114,27.81,24.75,2973,15026587.0,4.41543109552823e-05
2024-05-24,11:57:34,86.2187,27.81,24.75,2972,15026588.0,4.422498910613804e-05
2024-05-24,11:57:34,86.226,27.81,24.75,2972,15026586.0,4.422498910613804e-05
2024-05-24,11:57:34,86.2332,27.81,24.75,2972,15026586.0,4.422498910613804e-05
2024-05-24,11:57:34,86.2402,27.81,24.75,2971,15026586.0,4.429578039206264e-05
2024-05-24,11:57:34,86.2474,27.81,24.75,2971,15026586.0,4.429578039206264e-05
2024-05-24,11:57:34,86.2547,27.81,24.75,2972,15026586.0,4.422498910613804e-05
2024-05-24,11:57:34,86.2619,27.81,24.75,2972,15026587.0,4.422498910613804e-05
2024-05-24,11:57:34,86.269,27.81,24.75,2971,15026587.0,4.429578039206264e-05
2024-05-24,11:57:34,86.2762,27.81,24.75,2971,15026586.0,4.429578039206264e-05
2024-05-24,11:57:34,86.2834,27.81,24.75,2972,15026586.0,4.422498910613804e-05
2024-05-24,11:57:34,86.2905,27.81,24.75,2972,15026587.0,4.422498910613804e-05
2024-05-24,11:57:34,86.2976,27.81,24.75,2972,15026587.0,4.422498910613804e-05
2024-05-24,11:57:34,86.3048,27.81,24.75,2972,15026587.0,4.422498910613804e-05
2024-05-24,11:57:34,86.3121,27.81,24.75,2972,15026587.0,4.422498910613804e-05
2024-05-24,11:57:34,86.3192,27.81,24.75,2972,15026587.0,4.422498910613804e-05
2024-05-24,11:57:34,86.3264,27.81,24.75,2972,15026587.0,4.422498910613804e-05
2024-05-24,11:57:34,86.3337,27.81,24.75,2972,15026587.0,4.422498910613804e-05
2024-05-24,11:57:34,86.3409,27.81,24.75,2972,15026587.0,4.422498910613804e-05
2024-05-24,11:57:34,86.3479,27.81,24.75,2972,15026587.0,4.422498910613804e-05
2024-05-24,11:57:34,86.3551,27.81,24.75,2972,15026587.0,4.422498910613804e-05
2024-05-24,11:57:34,86.3622,27.81,24.75,2972,15026588.0,4.422498910613804e-05
2024-05-24,11:57:34,86.3694,27.81,24.75,2971,15026586.0,4.429578039206264e-05
2024-05-24,11:57:34,86.3767,27.81,24.75,2971,15026585.0,4.429578039206264e-05
2024-05-24,11:57:34,86.3839,27.81,24.75,2971,15026586.0,4.429578039206264e-05
2024-05-24,11:57:34,86.391,27.81,24.75,2971,15026587.0,4.429578039206264e-05
2024-05-24,11:57:34,86.3983,27.81,24.75,2971,15026586.0,4.429578039206264e-05
2024-05-24,11:57:34,86.4055,27.81,24.75,2971,15026586.0,4.429578039206264e-05
2024-05-24,11:57:34,86.4127,27.81,24.75,2971,15026585.0,4.429578039206264e-05
2024-05-24,11:57:34,86.4198,27.81,24.75,2970,15026586.0,4.43666849941522e-05
2024-05-24,11:57:34,86.4269,27.81,24.75,2970,15026585.0,4.43666849941522e-05
2024-05-24,11:57:34,86.434,27.81,24.75,2971,15026586.0,4.429578039206264e-05
2024-05-24,11:57:34,86.4413,27.81,24.75,2971,15026588.0,4.429578039206264e-05
2024-05-24,11:57:34,86.4486,27.81,24.75,2970,15026588.0,4.43666849941522e-05
2024-05-24,11:57:34,86.4558,27.81,24.75,2971,15026587.0,4.429578039206264e-05
2024-05-24,11:57:34,86.463,27.81,24.75,2972,15026587.0,4.422498910613804e-05
2024-05-24,11:57:34,86.4701,27.81,24.75,2971,15026586.0,4.429578039206264e-05
2024-05-24,11:57:34,86.4773,27.81,24.75,2971,15026585.0,4.429578039206264e-05
2024-05-24,11:57:34,86.4846,27.81,24.75,2972,15026586.0,4.422498910613804e-05
2024-05-24,11:57:34,86.4918,27.81,24.75,2972,15026586.0,4.422498910613804e-05
2024-05-24,11:57:34,86.4989,27.81,24.75,2972,15026586.0,4.422498910613804e-05
2024-05-24,11:57:34,86.5061,27.81,24.75,2972,15026586.0,4.422498910613804e-05
2024-05-24,11:57:34,86.5133,27.81,24.75,2971,15026586.0,4.429578039206264e-05
2024-05-24,11:57:34,86.5204,27.81,24.75,2971,15026586.0,4.429578039206264e-05
2024-05-24,11:57:34,86.5276,27.81,24.75,2971,15026585.0,4.429578039206264e-05
2024-05-24,11:57:34,86.5348,27.81,24.75,2971,15026586.0,4.429578039206264e-05
2024-05-24,11:57:34,86.5419,27.81,24.75,2971,15026587.0,4.429578039206264e-05
2024-05-24,11:57:34,86.5492,27.81,24.75,2971,15026586.0,4.429578039206264e-05
2024-05-24,11:57:34,86.5564,27.81,24.75,2971,15026586.0,4.429578039206264e-05
2024-05-24,11:57:34,86.5636,27.81,24.75,2970,15026586.0,4.43666849941522e-05
2024-05-24,11:57:34,86.5709,27.81,24.75,2971,15026586.0,4.429578039206264e-05
2024-05-24,11:57:34,86.578,27.81,24.75,2972,15026586.0,4.422498910613804e-05
2024-05-24,11:57:34,86.5852,27.81,24.75,2971,15026586.0,4.429578039206264e-05
2024-05-24,11:57:34,86.5924,27.81,24.75,2970,15026587.0,4.43666849941522e-05
2024-05-24,11:57:34,86.5995,27.81,24.75,2970,15026586.0,4.43666849941522e-05
2024-05-24,11:57:34,86.6068,27.81,24.75,2971,15026585.0,4.429578039206264e-05
2024-05-24,11:57:34,86.6141,27.81,24.75,2971,15026585.0,4.429578039206264e-05
2024-05-24,11:57:34,86.6212,27.81,24.75,2970,15026586.0,4.43666849941522e-05
2024-05-24,11:57:34,86.6283,27.81,24.75,2971,15026586.0,4.429578039206264e-05
2024-05-24,11:57:34,86.6356,27.81,24.75,2971,15026587.0,4.429578039206264e-05
2024-05-24,11:57:34,86.6427,27.81,24.75,2970,15026585.0,4.43666849941522e-05
2024-05-24,11:57:34,86.6498,27.81,24.75,2971,15026584.0,4.429578039206264e-05
2024-05-24,11:57:34,86.6571,27.81,24.75,2971,15026585.0,4.429578039206264e-05
2024-05-24,11:57:34,86.6643,27.81,24.75,2971,15026585.0,4.429578039206264e-05
2024-05-24,11:57:34,86.6715,27.81,24.75,2971,15026585.0,4.429578039206264e-05
2024-05-24,11:57:34,86.6788,27.81,24.75,2971,15026585.0,4.429578039206264e-05
2024-05-24,11:57:34,86.6859,27.81,24.75,2971,15026587.0,4.429578039206264e-05
2024-05-24,11:57:34,86.6931,27.81,24.75,2971,15026586.0,4.429578039206264e-05
2024-05-24,11:57:34,86.7003,27.81,24.75,2971,15026584.0,4.429578039206264e-05
2024-05-24,11:57:34,86.7073,27.81,24.75,2971,15026586.0,4.429578039206264e-05
2024-05-24,11:57:34,86.7146,27.81,24.75,2971,15026586.0,4.429578039206264e-05
2024-05-24,11:57:34,86.7219,27.81,24.75,2971,15026584.0,4.429578039206264e-05
2024-05-24,11:57:34,86.7291,27.81,24.75,2971,15026586.0,4.429578039206264e-05
2024-05-24,11:57:34,86.7362,27.81,24.75,2971,15026587.0,4.429578039206264e-05
2024-05-24,11:57:34,86.7434,27.81,24.75,2971,15026586.0,4.429578039206264e-05
2024-05-24,11:57:34,86.7507,27.81,24.75,2970,15026587.0,4.43666849941522e-05
2024-05-24,11:57:34,86.758,27.81,24.75,2970,15026586.0,4.43666849941522e-05
2024-05-24,11:57:34,86.7652,27.81,24.75,2970,15026586.0,4.43666849941522e-05
2024-05-24,11:57:35,86.7723,27.81,24.75,2970,15026586.0,4.43666849941522e-05
2024-05-24,11:57:35,86.7795,27.81,24.75,2971,15026585.0,4.429578039206264e-05
2024-05-24,11:57:35,86.7867,27.81,24.75,2971,15026586.0,4.429578039206264e-05
2024-05-24,11:57:35,86.7938,27.81,24.75,2971,15026585.0,4.429578039206264e-05
2024-05-24,11:57:35,86.801,27.81,24.75,2971,15026585.0,4.429578039206264e-05
2024-05-24,11:57:35,86.8082,27.81,24.75,2971,15026586.0,4.429578039206264e-05
2024-05-24,11:57:35,86.8153,27.81,24.75,2971,15026586.0,4.429578039206264e-05
2024-05-24,11:57:35,86.8225,27.81,24.75,2970,15026586.0,4.43666849941522e-05
2024-05-24,11:57:35,86.8297,27.81,24.75,2970,15026586.0,4.43666849941522e-05
2024-05-24,11:57:35,86.837,27.81,24.75,2970,15026586.0,4.43666849941522e-05
2024-05-24,11:57:35,86.8443,27.81,24.75,2970,15026586.0,4.43666849941522e-05
2024-05-24,11:57:35,86.8513,27.81,24.75,2970,15026586.0,4.43666849941522e-05
2024-05-24,11:57:35,86.8585,27.81,24.75,2971,15026586.0,4.429578039206264e-05
2024-05-24,11:57:35,86.8658,27.81,24.75,2972,15026586.0,4.422498910613804e-05
2024-05-24,11:57:35,86.8729,27.81,24.75,2971,15026585.0,4.429578039206264e-05
2024-05-24,11:57:35,86.8801,27.81,24.75,2970,15026585.0,4.43666849941522e-05
2024-05-24,11:57:35,86.8873,27.81,24.75,2970,15026586.0,4.43666849941522e-05
2024-05-24,11:57:35,86.8946,27.81,24.75,2970,15026586.0,4.43666849941522e-05
2024-05-24,11:57:35,86.9017,27.81,24.75,2970,15026586.0,4.43666849941522e-05
2024-05-24,11:57:35,86.9089,27.81,24.75,2970,15026586.0,4.43666849941522e-05
2024-05-24,11:57:35,86.9161,27.81,24.75,2970,15026585.0,4.43666849941522e-05
2024-05-24,11:57:35,86.9231,27.81,24.75,2971,15026585.0,4.429578039206264e-05
2024-05-24,11:57:35,86.9303,27.81,24.75,2971,15026586.0,4.429578039206264e-05
2024-05-24,11:57:35,86.9376,27.81,24.75,2970,15026586.0,4.43666849941522e-05
2024-05-24,11:57:35,86.9448,27.81,24.75,2970,15026585.0,4.43666849941522e-05
2024-05-24,11:57:35,86.9519,27.81,24.75,2970,15026585.0,4.43666849941522e-05
2024-05-24,11:57:35,86.9592,27.81,24.75,2970,15026585.0,4.43666849941522e-05
2024-05-24,11:57:35,86.9664,27.81,24.75,2971,15026585.0,4.429578039206264e-05
2024-05-24,11:57:35,86.9736,27.81,24.75,2971,15026585.0,4.429578039206264e-05
2024-05-24,11:57:35,86.9807,27.81,24.75,2971,15026585.0,4.429578039206264e-05
2024-05-24,11:57:35,86.9879,27.81,24.75,2971,15026585.0,4.429578039206264e-05
2024-05-24,11:57:35,86.9951,27.81,24.75,2970,15026585.0,4.43666849941522e-05
2024-05-24,11:57:35,87.0022,27.81,24.75,2970,15026585.0,4.43666849941522e-05
2024-05-24,11:57:35,87.0095,27.81,24.75,2970,15026585.0,4.43666849941522e-05
2024-05-24,11:57:35,87.0167,27.81,24.75,2970,15026585.0,4.43666849941522e-05
2024-05-24,11:57:35,87.0237,27.81,24.75,2970,15026585.0,4.43666849941522e-05
2024-05-24,11:57:35,87.0309,27.81,24.75,2969,15026585.0,4.443770309379288e-05
2024-05-24,11:57:35,87.0382,27.81,24.75,2969,15026585.0,4.443770309379288e-05
2024-05-24,11:57:35,87.0455,27.81,24.75,2970,15026584.0,4.43666849941522e-05
2024-05-24,11:57:35,87.0527,27.81,24.75,2970,15026584.0,4.43666849941522e-05
2024-05-24,11:57:35,87.0598,27.81,24.75,2970,15026584.0,4.43666849941522e-05
2024-05-24,11:57:35,87.067,27.81,24.75,2970,15026585.0,4.43666849941522e-05
2024-05-24,11:57:35,87.0742,27.81,24.75,2970,15026585.0,4.43666849941522e-05
2024-05-24,11:57:35,87.0815,27.81,24.75,2971,15026584.0,4.429578039206264e-05
2024-05-24,11:57:35,87.0886,27.81,24.75,2971,15026584.0,4.429578039206264e-05
2024-05-24,11:57:35,87.0958,27.81,24.75,2971,15026584.0,4.429578039206264e-05
2024-05-24,11:57:35,87.103,27.81,24.75,2970,15026584.0,4.43666849941522e-05
2024-05-24,11:57:35,87.1101,27.81,24.75,2969,15026584.0,4.443770309379288e-05
2024-05-24,11:57:35,87.1174,27.81,24.75,2970,15026585.0,4.43666849941522e-05
2024-05-24,11:57:35,87.1247,27.81,24.75,2970,15026584.0,4.43666849941522e-05
2024-05-24,11:57:35,87.1319,27.81,24.75,2969,15026583.0,4.443770309379288e-05
2024-05-24,11:57:35,87.1389,27.81,24.75,2969,15026584.0,4.443770309379288e-05
2024-05-24,11:57:35,87.1461,27.81,24.75,2969,15026584.0,4.443770309379288e-05
2024-05-24,11:57:35,87.1534,27.81,24.75,2969,15026584.0,4.443770309379288e-05
2024-05-24,11:57:35,87.1607,27.81,24.75,2970,15026584.0,4.43666849941522e-05
2024-05-24,11:57:35,87.1679,27.81,24.75,2970,15026584.0,4.43666849941522e-05
2024-05-24,11:57:35,87.175,27.81,24.75,2969,15026584.0,4.443770309379288e-05
2024-05-24,11:57:35,87.1822,27.81,24.75,2969,15026585.0,4.443770309379288e-05
2024-05-24,11:57:35,87.1894,27.81,24.75,2969,15026585.0,4.443770309379288e-05
2024-05-24,11:57:35,87.1965,27.81,24.75,2969,15026585.0,4.443770309379288e-05
2024-05-24,11:57:35,87.2037,27.81,24.75,2970,15026585.0,4.43666849941522e-05
2024-05-24,11:57:35,87.211,27.81,24.75,2969,15026586.0,4.443770309379288e-05
2024-05-24,11:57:35,87.2182,27.81,24.75,2969,15026585.0,4.443770309379288e-05
2024-05-24,11:57:35,87.2253,27.81,24.75,2970,15026584.0,4.43666849941522e-05
2024-05-24,11:57:35,87.2326,27.81,24.75,2970,15026585.0,4.43666849941522e-05
2024-05-24,11:57:35,87.2398,27.81,24.75,2971,15026584.0,4.429578039206264e-05
2024-05-24,11:57:35,87.247,27.81,24.75,2970,15026583.0,4.43666849941522e-05
2024-05-24,11:57:35,87.2543,27.81,24.75,2968,15026584.0,4.4508834872661e-05
2024-05-24,11:57:35,87.2614,27.81,24.75,2968,15026584.0,4.4508834872661e-05
2024-05-24,11:57:35,87.2686,27.81,24.75,2969,15026584.0,4.443770309379288e-05
2024-05-24,11:57:35,87.2759,27.81,24.75,2969,15026584.0,4.443770309379288e-05
2024-05-24,11:57:35,87.2831,27.81,24.75,2969,15026584.0,4.443770309379288e-05
2024-05-24,11:57:35,87.2901,27.81,24.75,2969,15026584.0,4.443770309379288e-05
2024-05-24,11:57:35,87.2973,27.81,24.75,2968,15026584.0,4.4508834872661e-05
2024-05-24,11:57:35,87.3046,27.81,24.75,2968,15026583.0,4.4508834872661e-05
2024-05-24,11:57:35,87.3119,27.81,24.75,2968,15026582.0,4.4508834872661e-05
2024-05-24,11:57:35,87.3192,27.81,24.75,2969,15026584.0,4.443770309379288e-05
2024-05-24,11:57:35,87.3263,27.81,24.75,2970,15026584.0,4.43666849941522e-05
2024-05-24,11:57:35,87.3334,27.81,24.75,2969,15026583.0,4.443770309379288e-05
2024-05-24,11:57:35,87.3407,27.81,24.75,2968,15026584.0,4.4508834872661e-05
2024-05-24,11:57:35,87.3481,27.81,24.75,2968,15026583.0,4.4508834872661e-05
2024-05-24,11:57:35,87.3553,27.81,24.75,2969,15026583.0,4.443770309379288e-05
2024-05-24,11:57:35,87.3623,27.81,24.75,2969,15026583.0,4.443770309379288e-05
2024-05-24,11:57:35,87.3695,27.81,24.75,2969,15026583.0,4.443770309379288e-05
2024-05-24,11:57:35,87.3768,27.81,24.75,2969,15026584.0,4.443770309379288e-05
2024-05-24,11:57:35,87.3839,27.81,24.75,2970,15026584.0,4.43666849941522e-05
2024-05-24,11:57:35,87.3911,27.81,24.75,2971,15026584.0,4.429578039206264e-05
2024-05-24,11:57:35,87.3984,27.81,24.75,2970,15026584.0,4.43666849941522e-05
2024-05-24,11:57:35,87.4056,27.81,24.75,2969,15026583.0,4.443770309379288e-05
2024-05-24,11:57:35,87.4127,27.81,24.75,2968,15026584.0,4.4508834872661e-05
2024-05-24,11:57:35,87.42,27.81,24.75,2969,15026585.0,4.443770309379288e-05
2024-05-24,11:57:35,87.4272,27.81,24.75,2970,15026584.0,4.43666849941522e-05
2024-05-24,11:57:35,87.4342,27.81,24.75,2969,15026584.0,4.443770309379288e-05
2024-05-24,11:57:35,87.4414,27.81,24.75,2968,15026584.0,4.4508834872661e-05
2024-05-24,11:57:35,87.4487,27.81,24.75,2968,15026585.0,4.4508834872661e-05
2024-05-24,11:57:35,87.4559,27.81,24.75,2969,15026584.0,4.443770309379288e-05
2024-05-24,11:57:35,87.463,27.81,24.75,2970,15026584.0,4.43666849941522e-05
2024-05-24,11:57:35,87.4703,27.81,24.75,2970,15026584.0,4.43666849941522e-05
2024-05-24,11:57:35,87.4775,27.81,24.75,2969,15026584.0,4.443770309379288e-05
2024-05-24,11:57:35,87.4847,27.81,24.75,2969,15026584.0,4.443770309379288e-05
2024-05-24,11:57:35,87.492,27.81,24.75,2969,15026583.0,4.443770309379288e-05
2024-05-24,11:57:35,87.4991,27.81,24.75,2968,15026584.0,4.4508834872661e-05
2024-05-24,11:57:35,87.5063,27.81,24.75,2968,15026583.0,4.4508834872661e-05
2024-05-24,11:57:35,87.5136,27.81,24.75,2969,15026583.0,4.443770309379288e-05
2024-05-24,11:57:35,87.5208,27.81,24.75,2969,15026583.0,4.443770309379288e-05
2024-05-24,11:57:35,87.5279,27.81,24.75,2969,15026583.0,4.443770309379288e-05
2024-05-24,11:57:35,87.5352,27.81,24.75,2969,15026582.0,4.443770309379288e-05
2024-05-24,11:57:35,87.5425,27.81,24.75,2969,15026582.0,4.443770309379288e-05
2024-05-24,11:57:35,87.5497,27.81,24.75,2969,15026584.0,4.443770309379288e-05
2024-05-24,11:57:35,87.5567,27.81,24.75,2969,15026584.0,4.443770309379288e-05
2024-05-24,11:57:35,87.5639,27.81,24.75,2969,15026583.0,4.443770309379288e-05
2024-05-24,11:57:35,87.5711,27.81,24.75,2969,15026584.0,4.443770309379288e-05
2024-05-24,11:57:35,87.5782,27.81,24.75,2969,15026584.0,4.443770309379288e-05
2024-05-24,11:57:35,87.5855,27.81,24.75,2968,15026584.0,4.4508834872661e-05
2024-05-24,11:57:35,87.5927,27.81,24.75,2968,15026582.0,4.4508834872661e-05
2024-05-24,11:57:35,87.5999,27.81,24.75,2968,15026583.0,4.4508834872661e-05
2024-05-24,11:57:35,87.6072,27.81,24.75,2968,15026583.0,4.4508834872661e-05
2024-05-24,11:57:35,87.6145,27.81,24.75,2969,15026581.0,4.443770309379288e-05
2024-05-24,11:57:35,87.6215,27.81,24.75,2969,15026582.0,4.443770309379288e-05
2024-05-24,11:57:35,87.6287,27.81,24.75,2968,15026583.0,4.4508834872661e-05
2024-05-24,11:57:35,87.636,27.81,24.75,2968,15026583.0,4.4508834872661e-05
2024-05-24,11:57:35,87.643,27.81,24.75,2969,15026583.0,4.443770309379288e-05
2024-05-24,11:57:35,87.6502,27.81,24.75,2969,15026583.0,4.443770309379288e-05
2024-05-24,11:57:35,87.6575,27.81,24.75,2969,15026583.0,4.443770309379288e-05
2024-05-24,11:57:35,87.6646,27.81,24.75,2969,15026581.0,4.443770309379288e-05
2024-05-24,11:57:35,87.6718,27.81,24.75,2969,15026581.0,4.443770309379288e-05
2024-05-24,11:57:35,87.6791,27.81,24.75,2969,15026581.0,4.443770309379288e-05
2024-05-24,11:57:35,87.6863,27.81,24.75,2968,15026582.0,4.4508834872661e-05
2024-05-24,11:57:35,87.6934,27.81,24.75,2968,15026583.0,4.4508834872661e-05
2024-05-24,11:57:35,87.7007,27.81,24.75,2969,15026583.0,4.443770309379288e-05
2024-05-24,11:57:35,87.708,27.81,24.75,2968,15026583.0,4.4508834872661e-05
2024-05-24,11:57:35,87.7152,27.81,24.75,2967,15026583.0,4.458008051272389e-05
2024-05-24,11:57:35,87.7224,27.81,24.75,2968,15026583.0,4.4508834872661e-05
2024-05-24,11:57:35,87.7297,27.81,24.75,2968,15026582.0,4.4508834872661e-05
2024-05-24,11:57:35,87.7369,27.81,24.75,2968,15026582.0,4.4508834872661e-05
2024-05-24,11:57:35,87.7441,27.81,24.75,2969,15026582.0,4.443770309379288e-05
2024-05-24,11:57:35,87.7513,27.81,24.75,2969,15026582.0,4.443770309379288e-05
2024-05-24,11:57:35,87.7586,27.81,24.75,2969,15026582.0,4.443770309379288e-05
2024-05-24,11:57:36,87.7657,27.81,24.75,2969,15026582.0,4.443770309379288e-05
2024-05-24,11:57:36,87.7729,27.81,24.75,2968,15026583.0,4.4508834872661e-05
2024-05-24,11:57:36,87.7801,27.81,24.75,2968,15026582.0,4.4508834872661e-05
2024-05-24,11:57:36,87.7873,27.81,24.75,2968,15026582.0,4.4508834872661e-05
2024-05-24,11:57:36,87.7944,27.81,24.75,2967,15026582.0,4.458008051272389e-05
2024-05-24,11:57:36,87.8016,27.81,24.75,2967,15026582.0,4.458008051272389e-05
2024-05-24,11:57:36,87.8089,27.81,24.75,2967,15026582.0,4.458008051272389e-05
2024-05-24,11:57:36,87.8162,27.81,24.75,2967,15026583.0,4.458008051272389e-05
2024-05-24,11:57:36,87.8235,27.81,24.75,2968,15026584.0,4.4508834872661e-05
2024-05-24,11:57:36,87.8306,27.81,24.75,2968,15026583.0,4.4508834872661e-05
2024-05-24,11:57:36,87.8378,27.81,24.75,2968,15026582.0,4.4508834872661e-05
2024-05-24,11:57:36,87.845,27.81,24.75,2968,15026582.0,4.4508834872661e-05
2024-05-24,11:57:36,87.8523,27.81,24.75,2968,15026583.0,4.4508834872661e-05
2024-05-24,11:57:36,87.8596,27.81,24.75,2969,15026583.0,4.443770309379288e-05
2024-05-24,11:57:36,87.8667,27.81,24.75,2969,15026582.0,4.443770309379288e-05
2024-05-24,11:57:36,87.8739,27.81,24.75,2968,15026582.0,4.4508834872661e-05
2024-05-24,11:57:36,87.8811,27.81,24.75,2968,15026582.0,4.4508834872661e-05
2024-05-24,11:57:36,87.8884,27.81,24.75,2968,15026582.0,4.4508834872661e-05
2024-05-24,11:57:36,87.8957,27.81,24.75,2968,15026583.0,4.4508834872661e-05
2024-05-24,11:57:36,87.9028,27.81,24.75,2968,15026584.0,4.4508834872661e-05
2024-05-24,11:57:36,87.91,27.81,24.75,2968,15026583.0,4.4508834872661e-05
2024-05-24,11:57:36,87.9172,27.81,24.75,2968,15026583.0,4.4508834872661e-05
2024-05-24,11:57:36,87.9243,27.81,24.75,2968,15026583.0,4.4508834872661e-05
2024-05-24,11:57:36,87.9315,27.81,24.75,2968,15026583.0,4.4508834872661e-05
2024-05-24,11:57:36,87.9388,27.81,24.75,2967,15026583.0,4.458008051272389e-05
2024-05-24,11:57:36,87.9461,27.81,24.75,2967,15026583.0,4.458008051272389e-05
2024-05-24,11:57:36,87.9531,27.81,24.75,2968,15026581.0,4.4508834872661e-05
2024-05-24,11:57:36,87.9603,27.81,24.75,2968,15026581.0,4.4508834872661e-05
2024-05-24,11:57:36,87.9676,27.81,24.75,2967,15026582.0,4.458008051272389e-05
2024-05-24,11:57:36,87.975,27.81,24.75,2967,15026582.0,4.458008051272389e-05
2024-05-24,11:57:36,87.9823,27.81,24.75,2968,15026583.0,4.4508834872661e-05
2024-05-24,11:57:36,87.9895,27.81,24.75,2968,15026582.0,4.4508834872661e-05
2024-05-24,11:57:36,87.9967,27.81,24.75,2968,15026582.0,4.4508834872661e-05
2024-05-24,11:57:36,88.0038,27.81,24.75,2968,15026582.0,4.4508834872661e-05
2024-05-24,11:57:36,88.011,27.81,24.75,2967,15026583.0,4.458008051272389e-05
2024-05-24,11:57:36,88.0182,27.81,24.75,2967,15026583.0,4.458008051272389e-05
2024-05-24,11:57:36,88.0253,27.81,24.75,2967,15026581.0,4.458008051272389e-05
2024-05-24,11:57:36,88.0325,27.81,24.75,2967,15026581.0,4.458008051272389e-05
2024-05-24,11:57:36,88.0398,27.81,24.75,2967,15026582.0,4.458008051272389e-05
2024-05-24,11:57:36,88.047,27.81,24.75,2967,15026581.0,4.458008051272389e-05
2024-05-24,11:57:36,88.0541,27.81,24.75,2968,15026583.0,4.4508834872661e-05
2024-05-24,11:57:36,88.0613,27.81,24.75,2968,15026583.0,4.4508834872661e-05
2024-05-24,11:57:36,88.0685,27.81,24.75,2967,15026582.0,4.458008051272389e-05
2024-05-24,11:57:36,88.0758,27.81,24.75,2967,15026582.0,4.458008051272389e-05
2024-05-24,11:57:36,88.0831,27.81,24.75,2968,15026582.0,4.4508834872661e-05
2024-05-24,11:57:36,88.0902,27.81,24.75,2968,15026582.0,4.4508834872661e-05
2024-05-24,11:57:36,88.0974,27.81,24.75,2968,15026582.0,4.4508834872661e-05
2024-05-24,11:57:36,88.1047,27.81,24.75,2968,15026582.0,4.4508834872661e-05
2024-05-24,11:57:36,88.112,27.81,24.75,2967,15026582.0,4.458008051272389e-05
2024-05-24,11:57:36,88.1192,27.81,24.75,2967,15026582.0,4.458008051272389e-05
2024-05-24,11:57:36,88.1262,27.81,24.75,2967,15026581.0,4.458008051272389e-05
2024-05-24,11:57:36,88.1334,27.81,24.75,2967,15026581.0,4.458008051272389e-05
2024-05-24,11:57:36,88.1407,27.81,24.75,2968,15026582.0,4.4508834872661e-05
2024-05-24,11:57:36,88.1478,27.81,24.75,2968,15026582.0,4.4508834872661e-05
2024-05-24,11:57:36,88.155,27.81,24.75,2967,15026582.0,4.458008051272389e-05
2024-05-24,11:57:36,88.1623,27.81,24.75,2967,15026582.0,4.458008051272389e-05
2024-05-24,11:57:36,88.1696,27.81,24.75,2967,15026582.0,4.458008051272389e-05
2024-05-24,11:57:36,88.1768,27.81,24.75,2967,15026582.0,4.458008051272389e-05
2024-05-24,11:57:36,88.1839,27.81,24.75,2968,15026583.0,4.4508834872661e-05
2024-05-24,11:57:36,88.1912,27.81,24.75,2968,15026582.0,4.4508834872661e-05
2024-05-24,11:57:36,88.1984,27.81,24.75,2967,15026581.0,4.458008051272389e-05
2024-05-24,11:57:36,88.2056,27.81,24.75,2968,15026581.0,4.4508834872661e-05
2024-05-24,11:57:36,88.2129,27.81,24.75,2968,15026581.0,4.4508834872661e-05
2024-05-24,11:57:36,88.22,27.81,24.75,2967,15026582.0,4.458008051272389e-05
2024-05-24,11:57:36,88.2272,27.81,24.75,2967,15026582.0,4.458008051272389e-05
2024-05-24,11:57:36,88.2344,27.81,24.75,2967,15026582.0,4.458008051272389e-05
2024-05-24,11:57:36,88.2415,27.81,24.75,2968,15026583.0,4.4508834872661e-05
2024-05-24,11:57:36,88.2488,27.81,24.75,2968,15026583.0,4.4508834872661e-05
2024-05-24,11:57:36,88.2561,27.81,24.75,2967,15026581.0,4.458008051272389e-05
2024-05-24,11:57:36,88.2634,27.81,24.75,2967,15026581.0,4.458008051272389e-05
2024-05-24,11:57:36,88.2706,27.81,24.75,2967,15026581.0,4.458008051272389e-05
2024-05-24,11:57:36,88.2777,27.81,24.75,2967,15026581.0,4.458008051272389e-05
2024-05-24,11:57:36,88.285,27.81,24.75,2968,15026582.0,4.4508834872661e-05
2024-05-24,11:57:36,88.2922,27.81,24.75,2967,15026583.0,4.458008051272389e-05
2024-05-24,11:57:36,88.2994,27.81,24.75,2966,15026582.0,4.465144019623996e-05
2024-05-24,11:57:36,88.3065,27.81,24.75,2967,15026581.0,4.458008051272389e-05
2024-05-24,11:57:36,88.3138,27.81,24.75,2967,15026582.0,4.458008051272389e-05
2024-05-24,11:57:36,88.3211,27.81,24.75,2967,15026581.0,4.458008051272389e-05
2024-05-24,11:57:36,88.3283,27.81,24.75,2967,15026581.0,4.458008051272389e-05
2024-05-24,11:57:36,88.3355,27.81,24.75,2967,15026581.0,4.458008051272389e-05
2024-05-24,11:57:36,88.3426,27.81,24.75,2967,15026580.0,4.458008051272389e-05
2024-05-24,11:57:36,88.3499,27.81,24.75,2967,15026580.0,4.458008051272389e-05
2024-05-24,11:57:36,88.3571,27.81,24.75,2968,15026582.0,4.4508834872661e-05
2024-05-24,11:57:36,88.3643,27.81,24.75,2968,15026582.0,4.4508834872661e-05
2024-05-24,11:57:36,88.3716,27.81,24.75,2968,15026582.0,4.4508834872661e-05
2024-05-24,11:57:36,88.3787,27.81,24.75,2968,15026582.0,4.4508834872661e-05
2024-05-24,11:57:36,88.3859,27.81,24.75,2967,15026580.0,4.458008051272389e-05
2024-05-24,11:57:36,88.3932,27.81,24.75,2967,15026580.0,4.458008051272389e-05
2024-05-24,11:57:36,88.4005,27.81,24.75,2967,15026582.0,4.458008051272389e-05
2024-05-24,11:57:36,88.4077,27.81,24.75,2967,15026582.0,4.458008051272389e-05
2024-05-24,11:57:36,88.4148,27.81,24.75,2967,15026582.0,4.458008051272389e-05
2024-05-24,11:57:36,88.422,27.81,24.75,2967,15026582.0,4.458008051272389e-05
2024-05-24,11:57:36,88.4292,27.81,24.75,2967,15026580.0,4.458008051272389e-05
2024-05-24,11:57:36,88.4365,27.81,24.75,2967,15026580.0,4.458008051272389e-05
2024-05-24,11:57:36,88.4438,27.81,24.75,2967,15026581.0,4.458008051272389e-05
2024-05-24,11:57:36,88.4509,27.81,24.75,2967,15026581.0,4.458008051272389e-05
2024-05-24,11:57:36,88.4581,27.81,24.75,2967,15026581.0,4.458008051272389e-05
2024-05-24,11:57:36,88.4654,27.81,24.75,2967,15026581.0,4.458008051272389e-05
2024-05-24,11:57:36,88.4727,27.81,24.75,2967,15026580.0,4.458008051272389e-05
2024-05-24,11:57:36,88.4799,27.81,24.75,2966,15026581.0,4.465144019623996e-05
2024-05-24,11:57:36,88.487,27.81,24.75,2966,15026582.0,4.465144019623996e-05
2024-05-24,11:57:36,88.4943,27.81,24.75,2967,15026581.0,4.458008051272389e-05
2024-05-24,11:57:36,88.5015,27.81,24.75,2967,15026581.0,4.458008051272389e-05
2024-05-24,11:57:36,88.5087,27.81,24.75,2967,15026581.0,4.458008051272389e-05
2024-05-24,11:57:36,88.516,27.81,24.75,2967,15026582.0,4.458008051272389e-05
2024-05-24,11:57:36,88.5231,27.81,24.75,2967,15026582.0,4.458008051272389e-05
2024-05-24,11:57:36,88.5302,27.81,24.75,2967,15026582.0,4.458008051272389e-05
2024-05-24,11:57:36,88.5373,27.81,24.75,2966,15026582.0,4.465144019623996e-05
2024-05-24,11:57:36,88.5446,27.81,24.75,2966,15026582.0,4.465144019623996e-05
2024-05-24,11:57:36,88.5518,27.81,24.75,2967,15026582.0,4.458008051272389e-05
2024-05-24,11:57:36,88.559,27.81,24.75,2967,15026580.0,4.458008051272389e-05
2024-05-24,11:57:36,88.5661,27.81,24.75,2967,15026580.0,4.458008051272389e-05
2024-05-24,11:57:36,88.5733,27.81,24.75,2967,15026580.0,4.458008051272389e-05
2024-05-24,11:57:36,88.5806,27.81,24.75,2967,15026580.0,4.458008051272389e-05
2024-05-24,11:57:36,88.5879,27.81,24.75,2967,15026580.0,4.458008051272389e-05
2024-05-24,11:57:36,88.5951,27.81,24.75,2967,15026581.0,4.458008051272389e-05
2024-05-24,11:57:36,88.6022,27.81,24.75,2967,15026580.0,4.458008051272389e-05
2024-05-24,11:57:36,88.6095,27.81,24.75,2966,15026580.0,4.465144019623996e-05
2024-05-24,11:57:36,88.6167,27.81,24.75,2966,15026580.0,4.465144019623996e-05
2024-05-24,11:57:36,88.6239,27.81,24.75,2967,15026579.0,4.458008051272389e-05
2024-05-24,11:57:36,88.6312,27.81,24.75,2967,15026580.0,4.458008051272389e-05
2024-05-24,11:57:36,88.6385,27.81,24.75,2967,15026580.0,4.458008051272389e-05
2024-05-24,11:57:36,88.6457,27.81,24.75,2967,15026580.0,4.458008051272389e-05
2024-05-24,11:57:36,88.6529,27.81,24.75,2967,15026580.0,4.458008051272389e-05
2024-05-24,11:57:36,88.6601,27.81,24.75,2967,15026580.0,4.458008051272389e-05
2024-05-24,11:57:36,88.6673,27.81,24.75,2966,15026582.0,4.465144019623996e-05
2024-05-24,11:57:36,88.6744,27.75,24.75,2966,15026581.0,4.465144019623996e-05
2024-05-24,11:57:36,88.6816,27.75,24.75,2966,15026581.0,4.465144019623996e-05
2024-05-24,11:57:36,88.6888,27.75,24.75,2966,15026582.0,4.465144019623996e-05
2024-05-24,11:57:36,88.6961,27.75,24.75,2967,15026581.0,4.458008051272389e-05
2024-05-24,11:57:36,88.7033,27.75,24.75,2967,15026580.0,4.458008051272389e-05
2024-05-24,11:57:36,88.7106,27.75,24.75,2967,15026580.0,4.458008051272389e-05
2024-05-24,11:57:36,88.7179,27.75,24.75,2966,15026581.0,4.465144019623996e-05
2024-05-24,11:57:36,88.7251,27.75,24.75,2966,15026580.0,4.465144019623996e-05
2024-05-24,11:57:36,88.7323,27.75,24.75,2967,15026581.0,4.458008051272389e-05
2024-05-24,11:57:36,88.7394,27.75,24.75,2966,15026581.0,4.465144019623996e-05
2024-05-24,11:57:36,88.7466,27.75,24.75,2966,15026581.0,4.465144019623996e-05
2024-05-24,11:57:36,88.7539,27.75,24.75,2967,15026580.0,4.458008051272389e-05
2024-05-24,11:57:36,88.7611,27.75,24.75,2967,15026580.0,4.458008051272389e-05
2024-05-24,11:57:37,88.7682,27.75,24.75,2966,15026581.0,4.465144019623996e-05
2024-05-24,11:57:37,88.7755,27.75,24.75,2966,15026580.0,4.465144019623996e-05
2024-05-24,11:57:37,88.7827,27.75,24.75,2967,15026579.0,4.458008051272389e-05
2024-05-24,11:57:37,88.7899,27.75,24.75,2967,15026579.0,4.458008051272389e-05
2024-05-24,11:57:37,88.797,27.75,24.75,2967,15026580.0,4.458008051272389e-05
2024-05-24,11:57:37,88.8042,27.75,24.75,2968,15026581.0,4.4508834872661e-05
2024-05-24,11:57:37,88.8115,27.75,24.75,2967,15026582.0,4.458008051272389e-05
2024-05-24,11:57:37,88.8188,27.75,24.75,2966,15026581.0,4.465144019623996e-05
2024-05-24,11:57:37,88.826,27.75,24.75,2966,15026581.0,4.465144019623996e-05
2024-05-24,11:57:37,88.8331,27.75,24.75,2966,15026581.0,4.465144019623996e-05
2024-05-24,11:57:37,88.8404,27.75,24.75,2966,15026581.0,4.465144019623996e-05
2024-05-24,11:57:37,88.8476,27.75,24.75,2966,15026581.0,4.465144019623996e-05
2024-05-24,11:57:37,88.8548,27.75,24.75,2967,15026580.0,4.458008051272389e-05
2024-05-24,11:57:37,88.8619,27.75,24.75,2967,15026580.0,4.458008051272389e-05
2024-05-24,11:57:37,88.8691,27.75,24.75,2967,15026580.0,4.458008051272389e-05
2024-05-24,11:57:37,88.8764,27.75,24.75,2967,15026580.0,4.458008051272389e-05
2024-05-24,11:57:37,88.8837,27.75,24.75,2966,15026581.0,4.465144019623996e-05
2024-05-24,11:57:37,88.8909,27.75,24.75,2966,15026582.0,4.465144019623996e-05
2024-05-24,11:57:37,88.898,27.75,24.75,2966,15026581.0,4.465144019623996e-05
2024-05-24,11:57:37,88.9052,27.75,24.75,2965,15026580.0,4.472291410575956e-05
2024-05-24,11:57:37,88.9124,27.75,24.75,2965,15026579.0,4.472291410575956e-05
2024-05-24,11:57:37,88.9197,27.75,24.75,2965,15026580.0,4.472291410575956e-05
2024-05-24,11:57:37,88.927,27.75,24.75,2965,15026580.0,4.472291410575956e-05
2024-05-24,11:57:37,88.9343,27.75,24.75,2965,15026581.0,4.472291410575956e-05
2024-05-24,11:57:37,88.9414,27.75,24.75,2965,15026581.0,4.472291410575956e-05
2024-05-24,11:57:37,88.9486,27.75,24.75,2966,15026581.0,4.465144019623996e-05
2024-05-24,11:57:37,88.9559,27.75,24.75,2967,15026580.0,4.458008051272389e-05
2024-05-24,11:57:37,88.9631,27.75,24.75,2967,15026580.0,4.458008051272389e-05
2024-05-24,11:57:37,88.9702,27.75,24.75,2966,15026580.0,4.465144019623996e-05
2024-05-24,11:57:37,88.9774,27.75,24.75,2966,15026580.0,4.465144019623996e-05
2024-05-24,11:57:37,88.9846,27.75,24.75,2966,15026580.0,4.465144019623996e-05
2024-05-24,11:57:37,88.9919,27.75,24.75,2965,15026580.0,4.472291410575956e-05
2024-05-24,11:57:37,88.999,27.75,24.75,2965,15026580.0,4.472291410575956e-05
2024-05-24,11:57:37,89.0062,27.75,24.75,2966,15026582.0,4.465144019623996e-05
2024-05-24,11:57:37,89.0135,27.75,24.75,2966,15026582.0,4.465144019623996e-05
2024-05-24,11:57:37,89.0208,27.75,24.75,2966,15026581.0,4.465144019623996e-05
2024-05-24,11:57:37,89.028,27.75,24.75,2967,15026580.0,4.458008051272389e-05
2024-05-24,11:57:37,89.0351,27.75,24.75,2966,15026580.0,4.465144019623996e-05
2024-05-24,11:57:37,89.0424,27.75,24.75,2965,15026581.0,4.472291410575956e-05
2024-05-24,11:57:37,89.0496,27.75,24.75,2965,15026580.0,4.472291410575956e-05
2024-05-24,11:57:37,89.0568,27.75,24.75,2965,15026579.0,4.472291410575956e-05
2024-05-24,11:57:37,89.0641,27.75,24.75,2965,15026580.0,4.472291410575956e-05
2024-05-24,11:57:37,89.0713,27.75,24.75,2966,15026580.0,4.465144019623996e-05
2024-05-24,11:57:37,89.0785,27.75,24.75,2967,15026580.0,4.458008051272389e-05
2024-05-24,11:57:37,89.0857,27.75,24.75,2966,15026581.0,4.465144019623996e-05
2024-05-24,11:57:37,89.093,27.75,24.75,2966,15026580.0,4.465144019623996e-05
2024-05-24,11:57:37,89.1001,27.75,24.75,2967,15026579.0,4.458008051272389e-05
2024-05-24,11:57:37,89.1073,27.75,24.75,2966,15026579.0,4.465144019623996e-05
2024-05-24,11:57:37,89.1146,27.75,24.75,2966,15026579.0,4.465144019623996e-05
2024-05-24,11:57:37,89.1218,27.75,24.75,2967,15026581.0,4.458008051272389e-05
2024-05-24,11:57:37,89.1289,27.75,24.75,2966,15026581.0,4.465144019623996e-05
2024-05-24,11:57:37,89.1362,27.75,24.75,2965,15026579.0,4.472291410575956e-05
2024-05-24,11:57:37,89.1434,27.75,24.75,2965,15026580.0,4.472291410575956e-05
2024-05-24,11:57:37,89.1506,27.75,24.75,2966,15026580.0,4.465144019623996e-05
2024-05-24,11:57:37,89.1579,27.75,24.75,2966,15026580.0,4.465144019623996e-05
2024-05-24,11:57:37,89.165,27.75,24.75,2966,15026581.0,4.465144019623996e-05
2024-05-24,11:57:37,89.1722,27.75,24.75,2967,15026580.0,4.458008051272389e-05
2024-05-24,11:57:37,89.1795,27.81,24.75,2967,15026580.0,4.458008051272389e-05
2024-05-24,11:57:37,89.1867,27.81,24.75,2966,15026580.0,4.465144019623996e-05
2024-05-24,11:57:37,89.1938,27.81,24.75,2965,15026579.0,4.472291410575956e-05
2024-05-24,11:57:37,89.2011,27.81,24.75,2965,15026579.0,4.472291410575956e-05
2024-05-24,11:57:37,89.2083,27.81,24.75,2966,15026581.0,4.465144019623996e-05
2024-05-24,11:57:37,89.2155,27.81,24.75,2966,15026581.0,4.465144019623996e-05
2024-05-24,11:57:37,89.2228,27.81,24.75,2966,15026581.0,4.465144019623996e-05
2024-05-24,11:57:37,89.2299,27.81,24.75,2966,15026581.0,4.465144019623996e-05
2024-05-24,11:57:37,89.2371,27.81,24.75,2966,15026581.0,4.465144019623996e-05
2024-05-24,11:57:37,89.2444,27.81,24.75,2967,15026580.0,4.458008051272389e-05
2024-05-24,11:57:37,89.2516,27.81,24.75,2967,15026580.0,4.458008051272389e-05
2024-05-24,11:57:37,89.2587,27.81,24.75,2966,15026581.0,4.465144019623996e-05
2024-05-24,11:57:37,89.2659,27.81,24.75,2965,15026580.0,4.472291410575956e-05
2024-05-24,11:57:37,89.2731,27.81,24.75,2965,15026580.0,4.472291410575956e-05
2024-05-24,11:57:37,89.2804,27.81,24.75,2965,15026580.0,4.472291410575956e-05
2024-05-24,11:57:37,89.2875,27.81,24.75,2965,15026579.0,4.472291410575956e-05
2024-05-24,11:57:37,89.2947,27.81,24.75,2966,15026580.0,4.465144019623996e-05
2024-05-24,11:57:37,89.302,27.81,24.75,2966,15026581.0,4.465144019623996e-05
2024-05-24,11:57:37,89.3092,27.81,24.75,2965,15026580.0,4.472291410575956e-05
2024-05-24,11:57:37,89.3163,27.81,24.75,2965,15026579.0,4.472291410575956e-05
2024-05-24,11:57:37,89.3236,27.81,24.75,2966,15026580.0,4.465144019623996e-05
2024-05-24,11:57:37,89.3308,27.81,24.75,2966,15026580.0,4.465144019623996e-05
2024-05-24,11:57:37,89.338,27.81,24.75,2965,15026580.0,4.472291410575956e-05
2024-05-24,11:57:37,89.3453,27.81,24.75,2965,15026579.0,4.472291410575956e-05
2024-05-24,11:57:37,89.3526,27.81,24.75,2965,15026580.0,4.472291410575956e-05
2024-05-24,11:57:37,89.3597,27.81,24.75,2965,15026581.0,4.472291410575956e-05
2024-05-24,11:57:37,89.3669,27.81,24.75,2965,15026580.0,4.472291410575956e-05
2024-05-24,11:57:37,89.3742,27.81,24.75,2965,15026579.0,4.472291410575956e-05
2024-05-24,11:57:37,89.3814,27.81,24.75,2965,15026579.0,4.472291410575956e-05
2024-05-24,11:57:37,89.3885,27.81,24.75,2965,15026578.0,4.472291410575956e-05
2024-05-24,11:57:37,89.3957,27.81,24.75,2965,15026578.0,4.472291410575956e-05
2024-05-24,11:57:37,89.403,27.81,24.75,2965,15026579.0,4.472291410575956e-05
2024-05-24,11:57:37,89.4103,27.81,24.75,2965,15026579.0,4.472291410575956e-05
2024-05-24,11:57:37,89.4175,27.81,24.75,2965,15026579.0,4.472291410575956e-05
2024-05-24,11:57:37,89.4246,27.81,24.75,2965,15026578.0,4.472291410575956e-05
2024-05-24,11:57:37,89.4318,27.81,24.75,2965,15026578.0,4.472291410575956e-05
2024-05-24,11:57:37,89.4391,27.81,24.75,2966,15026580.0,4.465144019623996e-05
2024-05-24,11:57:37,89.4464,27.81,24.75,2966,15026580.0,4.465144019623996e-05
2024-05-24,11:57:37,89.4536,27.81,24.75,2965,15026579.0,4.472291410575956e-05
2024-05-24,11:57:37,89.4607,27.81,24.75,2965,15026580.0,4.472291410575956e-05
2024-05-24,11:57:37,89.468,27.81,24.75,2966,15026580.0,4.465144019623996e-05
2024-05-24,11:57:37,89.4753,27.81,24.75,2966,15026580.0,4.465144019623996e-05
2024-05-24,11:57:37,89.4825,27.81,24.75,2965,15026579.0,4.472291410575956e-05
2024-05-24,11:57:37,89.4897,27.81,24.75,2965,15026579.0,4.472291410575956e-05
2024-05-24,11:57:37,89.4969,27.81,24.75,2965,15026579.0,4.472291410575956e-05
2024-05-24,11:57:37,89.5041,27.81,24.75,2965,15026579.0,4.472291410575956e-05
2024-05-24,11:57:37,89.5113,27.81,24.75,2966,15026580.0,4.465144019623996e-05
2024-05-24,11:57:37,89.5186,27.81,24.75,2966,15026581.0,4.465144019623996e-05
2024-05-24,11:57:37,89.5259,27.81,24.75,2965,15026580.0,4.472291410575956e-05
2024-05-24,11:57:37,89.533,27.81,24.75,2965,15026579.0,4.472291410575956e-05
2024-05-24,11:57:37,89.5402,27.81,24.75,2965,15026577.0,4.472291410575956e-05
2024-05-24,11:57:37,89.5475,27.81,24.75,2965,15026578.0,4.472291410575956e-05
2024-05-24,11:57:37,89.5547,27.81,24.75,2965,15026580.0,4.472291410575956e-05
2024-05-24,11:57:37,89.5618,27.81,24.75,2965,15026579.0,4.472291410575956e-05
2024-05-24,11:57:37,89.5691,27.81,24.75,2965,15026579.0,4.472291410575956e-05
2024-05-24,11:57:37,89.5764,27.81,24.75,2965,15026579.0,4.472291410575956e-05
2024-05-24,11:57:37,89.5836,27.81,24.75,2965,15026579.0,4.472291410575956e-05
2024-05-24,11:57:37,89.5908,27.81,24.75,2965,15026579.0,4.472291410575956e-05
2024-05-24,11:57:37,89.5981,27.81,24.75,2965,15026579.0,4.472291410575956e-05
2024-05-24,11:57:37,89.6054,27.81,24.75,2965,15026579.0,4.472291410575956e-05
2024-05-24,11:57:37,89.6125,27.81,24.75,2965,15026581.0,4.472291410575956e-05
2024-05-24,11:57:37,89.6197,27.81,24.75,2965,15026580.0,4.472291410575956e-05
2024-05-24,11:57:37,89.627,27.81,24.75,2965,15026578.0,4.472291410575956e-05
2024-05-24,11:57:37,89.6343,27.81,24.75,2965,15026579.0,4.472291410575956e-05
2024-05-24,11:57:37,89.6415,27.81,24.75,2965,15026579.0,4.472291410575956e-05
2024-05-24,11:57:37,89.6486,27.81,24.75,2966,15026578.0,4.465144019623996e-05
2024-05-24,11:57:37,89.6559,27.81,24.75,2966,15026578.0,4.465144019623996e-05
2024-05-24,11:57:37,89.6631,27.81,24.75,2965,15026580.0,4.472291410575956e-05
2024-05-24,11:57:37,89.6703,27.81,24.75,2965,15026579.0,4.472291410575956e-05
2024-05-24,11:57:37,89.6776,27.81,24.75,2965,15026578.0,4.472291410575956e-05
2024-05-24,11:57:37,89.6847,27.81,24.75,2965,15026579.0,4.472291410575956e-05
2024-05-24,11:57:37,89.6919,27.81,24.75,2965,15026579.0,4.472291410575956e-05
2024-05-24,11:57:37,89.6992,27.81,24.75,2965,15026579.0,4.472291410575956e-05
2024-05-24,11:57:37,89.7065,27.81,24.75,2965,15026579.0,4.472291410575956e-05
2024-05-24,11:57:37,89.7137,27.81,24.75,2965,15026579.0,4.472291410575956e-05
2024-05-24,11:57:37,89.7208,27.81,24.75,2965,15026579.0,4.472291410575956e-05
2024-05-24,11:57:37,89.728,27.81,24.75,2965,15026579.0,4.472291410575956e-05
2024-05-24,11:57:37,89.7352,27.81,24.75,2965,15026579.0,4.472291410575956e-05
2024-05-24,11:57:37,89.7425,27.81,24.75,2965,15026579.0,4.472291410575956e-05
2024-05-24,11:57:37,89.7497,27.81,24.75,2965,15026578.0,4.472291410575956e-05
2024-05-24,11:57:37,89.757,27.81,24.75,2965,15026578.0,4.472291410575956e-05
2024-05-24,11:57:37,89.7643,27.81,24.75,2965,15026578.0,4.472291410575956e-05
2024-05-24,11:57:38,89.7715,27.81,24.75,2966,15026579.0,4.465144019623996e-05
2024-05-24,11:57:38,89.7787,27.81,24.75,2966,15026579.0,4.465144019623996e-05
2024-05-24,11:57:38,89.7858,27.81,24.75,2965,15026578.0,4.472291410575956e-05
2024-05-24,11:57:38,89.793,27.81,24.75,2965,15026578.0,4.472291410575956e-05
2024-05-24,11:57:38,89.8003,27.81,24.75,2965,15026579.0,4.472291410575956e-05
2024-05-24,11:57:38,89.8076,27.81,24.75,2965,15026578.0,4.472291410575956e-05
2024-05-24,11:57:38,89.8149,27.81,24.75,2965,15026579.0,4.472291410575956e-05
2024-05-24,11:57:38,89.8221,27.81,24.75,2965,15026579.0,4.472291410575956e-05
2024-05-24,11:57:38,89.8292,27.81,24.75,2965,15026579.0,4.472291410575956e-05
2024-05-24,11:57:38,89.8364,27.81,24.75,2965,15026579.0,4.472291410575956e-05
2024-05-24,11:57:38,89.8436,27.81,24.75,2965,15026579.0,4.472291410575956e-05
2024-05-24,11:57:38,89.8509,27.81,24.75,2965,15026579.0,4.472291410575956e-05
2024-05-24,11:57:38,89.858,27.81,24.75,2965,15026579.0,4.472291410575956e-05
2024-05-24,11:57:38,89.8653,27.81,24.75,2965,15026579.0,4.472291410575956e-05
2024-05-24,11:57:38,89.8726,27.81,24.75,2965,15026579.0,4.472291410575956e-05
2024-05-24,11:57:38,89.8797,27.81,24.75,2965,15026580.0,4.472291410575956e-05
2024-05-24,11:57:38,89.8868,27.81,24.75,2965,15026578.0,4.472291410575956e-05
2024-05-24,11:57:38,89.8943,27.81,24.75,2965,15026578.0,4.472291410575956e-05
2024-05-24,11:57:38,89.9016,27.81,24.75,2965,15026578.0,4.472291410575956e-05
2024-05-24,11:57:38,89.9086,27.81,24.75,2965,15026578.0,4.472291410575956e-05
2024-05-24,11:57:38,89.9158,27.81,24.75,2966,15026578.0,4.465144019623996e-05
2024-05-24,11:57:38,89.9232,27.81,24.75,2966,15026578.0,4.465144019623996e-05
2024-05-24,11:57:38,89.9305,27.81,24.75,2965,15026579.0,4.472291410575956e-05
2024-05-24,11:57:38,89.9377,27.81,24.75,2965,15026580.0,4.472291410575956e-05
2024-05-24,11:57:38,89.9448,27.81,24.75,2964,15026578.0,4.479450242412504e-05
2024-05-24,11:57:38,89.952,27.81,24.75,2964,15026578.0,4.479450242412504e-05
2024-05-24,11:57:38,89.9593,27.81,24.75,2965,15026579.0,4.472291410575956e-05
2024-05-24,11:57:38,89.9665,27.81,24.75,2965,15026579.0,4.472291410575956e-05
2024-05-24,11:57:38,89.9736,27.81,24.75,2965,15026579.0,4.472291410575956e-05
2024-05-24,11:57:38,89.9809,27.81,24.75,2964,15026579.0,4.479450242412504e-05
2024-05-24,11:57:38,89.9881,27.81,24.75,2964,15026578.0,4.479450242412504e-05
2024-05-24,11:57:38,89.9954,27.81,24.75,2965,15026578.0,4.472291410575956e-05
2024-05-24,11:57:38,90.0966,27.81,24.75,2964,15026578.0,4.478127079301612e-05
2024-05-24,11:57:38,90.2665,27.81,24.75,2964,15026578.0,4.478736078108565e-05
2024-05-24,11:57:38,90.411,27.81,24.75,2964,15026578.0,4.478379282436549e-05
2024-05-24,11:57:38,90.5556,27.81,24.75,2964,15026577.0,4.480169563355592e-05
2024-05-24,11:57:38,90.7005,27.81,24.75,2964,15026576.0,4.482320077706084e-05
2024-05-24,11:57:39,90.8452,27.81,24.75,2963,15026576.0,4.483752989993204e-05
2024-05-24,11:57:39,90.99,27.81,24.75,2964,15026577.0,4.481602475642713e-05
2024-05-24,11:57:39,91.1346,27.81,24.75,2963,15026576.0,4.485903504343697e-05
2024-05-24,11:57:39,91.2794,27.81,24.75,2963,15026575.0,4.485903504343697e-05
2024-05-24,11:57:39,91.4242,27.81,24.75,2963,15026576.0,4.486621681201255e-05
2024-05-24,11:57:39,91.569,27.81,24.75,2963,15026575.0,4.486621681201255e-05
2024-05-24,11:57:39,91.7139,27.81,24.75,2963,15026575.0,4.48805688716228e-05
2024-05-24,11:57:40,91.8589,27.81,24.75,2962,15026574.0,4.490211417734957e-05
2024-05-24,11:57:40,92.0038,27.81,24.75,2962,15026574.0,4.49093074418383e-05
2024-05-24,11:57:40,92.1487,27.81,24.75,2962,15026574.0,4.493086999143475e-05
2024-05-24,11:57:40,92.2938,27.81,24.75,2962,15026573.0,4.496320519389459e-05
2024-05-24,11:57:40,92.4388,27.81,24.75,2962,15026574.0,4.493804601205378e-05
2024-05-24,11:57:40,92.5837,27.81,24.75,2961,15026573.0,4.499556913613726e-05
2024-05-24,11:57:40,92.7287,27.81,24.75,2961,15026573.0,4.499557489329462e-05
2024-05-24,11:57:41,92.8737,27.81,24.75,2961,15026573.0,4.501716620107549e-05
2024-05-24,11:57:41,93.0186,27.81,24.75,2961,15026572.0,4.499917152553898e-05
2024-05-24,11:57:41,93.1635,27.81,24.75,2961,15026572.0,4.501355805451641e-05
2024-05-24,11:57:41,93.3084,27.81,24.75,2961,15026572.0,4.502437673703628e-05
2024-05-24,11:57:41,93.4532,27.81,24.75,2961,15026572.0,4.502437673703628e-05
2024-05-24,11:57:41,93.5982,27.81,24.75,2961,15026571.0,4.504237716973014e-05
2024-05-24,11:57:41,93.7432,27.81,24.75,2960,15026571.0,4.506038911673873e-05
2024-05-24,11:57:42,93.8881,27.81,24.75,2960,15026571.0,4.504958194853358e-05
2024-05-24,11:57:42,94.0331,27.81,24.75,2960,15026571.0,4.505678672733701e-05
2024-05-24,11:57:42,94.1782,27.81,24.75,2960,15026570.0,4.508922553107114e-05
2024-05-24,11:57:42,94.3233,27.81,24.75,2960,15026571.0,4.50531843379353e-05
2024-05-24,11:57:42,94.4682,27.81,24.75,2960,15026571.0,4.506039488311163e-05
2024-05-24,11:57:42,94.6132,27.81,24.75,2960,15026570.0,4.507480444071849e-05
2024-05-24,11:57:42,94.7583,27.81,24.75,2960,15026570.0,4.507481020709138e-05
2024-05-24,11:57:43,94.9033,27.81,24.75,2960,15026570.0,4.510365238779669e-05
2024-05-24,11:57:43,95.0484,27.81,24.75,2960,15026570.0,4.509643607624747e-05
2024-05-24,11:57:43,95.1937,27.81,24.75,2960,15026570.0,4.511808501089512e-05
2024-05-24,11:57:43,95.3389,27.81,24.75,2959,15026570.0,4.513251763399356e-05
2024-05-24,11:57:43,95.4843,27.81,24.75,2959,15026569.0,4.51253070980475e-05
2024-05-24,11:57:43,95.6296,27.81,24.75,2959,15026569.0,4.513975127235226e-05
2024-05-24,11:57:44,95.7747,27.81,24.75,2960,15026569.0,4.51108686993459e-05
2024-05-24,11:57:44,95.9199,27.81,24.75,2959,15026569.0,4.513251763399356e-05
2024-05-24,11:57:44,96.0652,27.81,24.75,2959,15026569.0,4.513975703872515e-05
2024-05-24,11:57:44,96.2103,27.81,24.75,2959,15026569.0,4.513975127235226e-05
2024-05-24,11:57:44,96.3556,27.81,24.75,2958,15026568.0,4.52011534521554e-05
2024-05-24,11:57:44,96.501,27.81,24.75,2959,15026568.0,4.516862806975546e-05
2024-05-24,11:57:44,96.6462,27.81,24.75,2959,15026568.0,4.51614175338094e-05
2024-05-24,11:57:45,96.7914,27.81,24.75,2959,15026568.0,4.516141175820624e-05
2024-05-24,11:57:45,96.9366,27.81,24.75,2959,15026568.0,4.515780360243164e-05
2024-05-24,11:57:45,97.0819,27.81,24.75,2959,15026568.0,4.516865693854099e-05
2024-05-24,11:57:45,97.2271,27.81,24.75,2959,15026568.0,4.51614175338094e-05
2024-05-24,11:57:45,97.3722,27.81,24.75,2959,15026568.0,4.514697335950464e-05
2024-05-24,11:57:45,97.5175,27.81,24.75,2959,15026567.0,4.517225932794271e-05
2024-05-24,11:57:45,97.6627,27.81,24.75,2959,15026567.0,4.516502568958401e-05
2024-05-24,11:57:46,97.8079,27.81,24.75,2959,15026568.0,4.518669772664431e-05
2024-05-24,11:57:46,97.9532,27.81,24.75,2959,15026568.0,4.518669195104115e-05
2024-05-24,11:57:46,98.0984,27.81,24.75,2958,15026568.0,4.520114767655223e-05
2024-05-24,11:57:46,98.2438,27.81,24.75,2959,15026568.0,4.516862806975546e-05
2024-05-24,11:57:46,98.3892,27.81,24.75,2958,15026567.0,4.520837553930777e-05
2024-05-24,11:57:46,98.5346,27.81,24.75,2958,15026567.0,4.520837553930777e-05
2024-05-24,11:57:46,98.6801,27.81,24.75,2958,15026567.0,4.522644519619663e-05
2024-05-24,11:57:47,98.8256,27.81,24.75,2958,15026567.0,4.522645676589307e-05
2024-05-24,11:57:47,98.9712,27.81,24.75,2958,15026566.0,4.522283126481886e-05
2024-05-24,11:57:47,99.1166,27.81,24.75,2959,15026567.0,4.518669772664431e-05
2024-05-24,11:57:47,99.262,27.81,24.75,2958,15026566.0,4.520476738353317e-05
2024-05-24,11:57:47,99.4077,27.81,24.75,2958,15026566.0,4.522644519619663e-05
2024-05-24,11:57:47,99.5532,27.81,24.75,2958,15026566.0,4.521921733344109e-05
2024-05-24,11:57:47,99.6987,27.81,24.75,2958,15026566.0,4.521921733344109e-05
2024-05-24,11:57:48,99.8441,27.81,24.75,2958,15026566.0,4.521198947068555e-05
2024-05-24,11:57:48,99.9898,27.81,24.75,2958,15026566.0,4.524817507250888e-05
2024-05-24,11:57:48,100.1353,27.81,24.75,2958,15026566.0,4.523369041349684e-05
2024-05-24,11:57:48,100.2809,27.81,24.75,2958,15026565.0,4.523732169941927e-05
2024-05-24,11:57:48,100.4265,27.81,24.75,2958,15026565.0,4.523369619834505e-05
2024-05-24,11:57:48,100.572,27.81,24.75,2958,15026565.0,4.523731012972283e-05
2024-05-24,11:57:48,100.7176,27.81,24.75,2958,15026565.0,4.525540292600457e-05
2024-05-24,11:57:49,100.8634,27.81,24.75,2957,15026565.0,4.528437224402865e-05
2024-05-24,11:57:49,101.0092,27.81,24.75,2958,15026564.0,4.525541451422072e-05
2024-05-24,11:57:49,101.1548,27.81,24.75,2957,15026565.0,4.528799775436271e-05
2024-05-24,11:57:49,101.3005,27.81,24.75,2958,15026565.0,4.525903423044671e-05
2024-05-24,11:57:49,101.4462,27.81,24.75,2957,15026565.0,4.528436644992057e-05
2024-05-24,11:57:49,101.5919,27.81,24.75,2958,15026564.0,4.524816349355259e-05
2024-05-24,11:57:49,101.7376,27.81,24.7,2958,15026565.0,4.524816349355259e-05
2024-05-24,11:57:50,101.8832,27.81,24.5,2958,15026565.0,4.525540292600457e-05
2024-05-24,11:57:50,102.0289,27.81,24.5,2958,15026565.0,4.526264235845655e-05
2024-05-24,11:57:50,102.1746,27.81,24.5,2958,15026564.0,4.525540292600457e-05
2024-05-24,11:57:50,102.3202,27.81,24.69,2958,15026565.0,4.52481692784008e-05
2024-05-24,11:57:50,102.4658,27.81,24.75,2957,15026564.0,4.527712701746859e-05
2024-05-24,11:57:50,102.6115,27.81,24.75,2958,15026564.0,4.525540292600457e-05
2024-05-24,11:57:50,102.7572,27.81,24.68,2958,15026564.0,4.526264815256463e-05
2024-05-24,11:57:51,102.9027,27.81,24.5,2958,15026565.0,4.52481692784008e-05
2024-05-24,11:57:51,103.0481,27.81,24.5,2958,15026564.0,4.52409240611006e-05
2024-05-24,11:57:51,103.1936,27.81,24.5,2958,15026564.0,4.523368462864862e-05
2024-05-24,11:57:51,103.3391,27.81,24.5,2958,15026564.0,4.525541450496087e-05
2024-05-24,11:57:51,103.4847,27.81,24.5,2958,15026564.0,4.523369619834505e-05
2024-05-24,11:57:51,103.6302,27.81,24.5,2958,15026564.0,4.523368462864862e-05
2024-05-24,11:57:52,103.7757,27.84,24.5,2958,15026564.0,4.521921733344109e-05
2024-05-24,11:57:52,103.9212,27.88,24.5,2958,15026564.0,4.521921733344109e-05
2024-05-24,11:57:52,104.0668,27.88,24.5,2958,15026564.0,4.521921733344109e-05
2024-05-24,11:57:52,104.2122,27.88,24.5,2958,15026564.0,4.523368462864862e-05
2024-05-24,11:57:52,104.3576,27.81,24.5,2958,15026564.0,4.521198947068555e-05
2024-05-24,11:57:52,104.5029,27.81,24.5,2958,15026564.0,4.520476160793e-05
2024-05-24,11:57:52,104.6484,27.81,24.5,2958,15026564.0,4.520476160793e-05
2024-05-24,11:57:53,104.7938,27.81,24.62,2958,15026564.0,4.521198947068555e-05
2024-05-24,11:57:53,104.9392,27.81,24.75,2958,15026564.0,4.519755687532229e-05
2024-05-24,11:57:53,105.0846,27.81,24.75,2958,15026564.0,4.521198947068555e-05
2024-05-24,11:57:53,105.2299,27.81,24.75,2958,15026564.0,4.519753374517446e-05
2024-05-24,11:57:53,105.3752,27.88,24.75,2958,15026564.0,4.519031165802208e-05
2024-05-24,11:57:53,105.5206,27.88,24.75,2958,15026564.0,4.521198947068555e-05
2024-05-24,11:57:53,105.666,27.88,24.75,2958,15026564.0,4.519391981379669e-05
2024-05-24,11:57:54,105.8113,27.92,24.75,2958,15026565.0,4.520114767655223e-05
2024-05-24,11:57:54,105.9566,27.94,24.75,2959,15026564.0,4.517586170811416e-05
2024-05-24,11:57:54,106.1019,27.94,24.75,2959,15026565.0,4.518669772664431e-05
2024-05-24,11:57:54,106.2471,27.92,24.71,2959,15026565.0,4.514696180829832e-05
2024-05-24,11:57:54,106.3923,27.81,24.5,2959,15026565.0,4.512530132244434e-05
2024-05-24,11:57:54,106.5374,27.81,24.5,2960,15026565.0,4.510365238779669e-05
2024-05-24,11:57:54,106.6823,27.81,24.5,2960,15026565.0,4.508921976469825e-05
2024-05-24,11:57:55,106.8274,27.86,24.5,2959,15026565.0,4.513254649354883e-05
2024-05-24,11:57:55,106.9725,27.88,24.5,2960,15026565.0,4.511808501089512e-05
2024-05-24,11:57:55,107.1176,27.88,24.5,2960,15026565.0,4.511808501089512e-05
2024-05-24,11:57:55,107.2628,27.87,24.5,2960,15026565.0,4.511809078649828e-05
2024-05-24,11:57:55,107.4079,27.81,24.5,2960,15026565.0,4.510365238779669e-05
2024-05-24,11:57:55,107.553,27.81,24.5,2959,15026565.0,4.512530132244434e-05
2024-05-24,11:57:55,107.6981,27.81,24.5,2960,15026566.0,4.51108686993459e-05
2024-05-24,11:57:56,107.8433,27.86,24.5,2960,15026566.0,4.51108744657188e-05
2024-05-24,11:57:56,107.9884,27.88,24.5,2959,15026565.0,4.513614311657765e-05
2024-05-24,11:57:56,108.1337,27.88,24.5,2959,15026566.0,4.514335365252371e-05
2024-05-24,11:57:56,108.2789,27.88,24.57,2960,15026566.0,4.511808501089512e-05
2024-05-24,11:57:56,108.424,27.88,24.75,2960,15026566.0,4.51108686993459e-05
2024-05-24,11:57:56,108.5691,27.88,24.75,2960,15026565.0,4.509643607624747e-05
2024-05-24,11:57:56,108.7141,27.88,24.75,2960,15026566.0,4.509644760899326e-05
2024-05-24,11:57:57,108.8593,27.88,24.55,2959,15026565.0,4.515057573967609e-05
2024-05-24,11:57:57,109.0045,27.88,24.5,2959,15026566.0,4.515059306648558e-05
2024-05-24,11:57:57,109.1498,27.88,24.5,2959,15026565.0,4.512530132244434e-05
2024-05-24,11:57:57,109.2949,27.86,24.5,2960,15026566.0,4.509643607624747e-05
2024-05-24,11:57:57,109.4399,27.81,24.5,2960,15026566.0,4.511088023209169e-05
2024-05-24,11:57:57,109.585,27.81,24.5,2960,15026565.0,4.510365238779669e-05
2024-05-24,11:57:57,109.7302,27.81,24.5,2959,15026565.0,4.513613734097449e-05
2024-05-24,11:57:58,109.8754,27.87,24.5,2959,15026565.0,4.516501413837769e-05
2024-05-24,11:57:58,110.0207,27.88,24.5,2960,15026565.0,4.509644760899326e-05
2024-05-24,11:57:58,110.1658,27.88,24.5,2960,15026565.0,4.51108744657188e-05
2024-05-24,11:57:58,110.3112,27.88,24.61,2959,15026564.0,4.513254073640621e-05
2024-05-24,11:57:58,110.4564,27.88,24.75,2960,15026565.0,4.51108686993459e-05
2024-05-24,11:57:58,110.6015,27.88,24.75,2960,15026565.0,4.508923129744404e-05
2024-05-24,11:57:58,110.7465,27.88,24.75,2960,15026565.0,4.511808501089512e-05
2024-05-24,11:57:59,110.8916,27.88,24.75,2960,15026565.0,4.51108744657188e-05
2024-05-24,11:57:59,111.0368,27.88,24.75,2959,15026564.0,4.516503724079034e-05
2024-05-24,11:57:59,111.1822,27.88,24.75,2958,15026562.0,4.524454957143466e-05
2024-05-24,11:57:59,111.3278,27.88,24.75,2956,15026559.0,4.539683861974547e-05
2024-05-24,11:57:59,111.4736,27.88,24.75,2952,15026557.0,4.569915773669427e-05
2024-05-24,11:57:59,111.6201,27.88,24.75,2949,15026555.0,4.58492197206572e-05
2024-05-24,11:58:00,111.7668,27.88,24.75,2948,15026555.0,4.592624787365438e-05
2024-05-24,11:58:00,111.9134,27.88,24.75,2948,15026554.0,4.598138377057651e-05
2024-05-24,11:58:00,112.0602,27.88,24.75,2946,15026553.0,4.606602662921438e-05
2024-05-24,11:58:00,112.2071,27.88,24.75,2946,15026552.0,4.609920589282794e-05
2024-05-24,11:58:00,112.3544,27.88,24.75,2945,15026551.0,4.616559390480485e-05
2024-05-24,11:58:00,112.5017,27.88,24.75,2945,15026551.0,4.618776260232662e-05
2024-05-24,11:58:00,112.6492,27.88,24.75,2944,15026551.0,4.623580759637596e-05
2024-05-24,11:58:01,112.7967,27.9,24.75,2944,15026551.0,4.623211774490111e-05
2024-05-24,11:58:01,112.944,27.94,24.75,2944,15026551.0,4.623949153200717e-05
