1597
1605
1609
