4270
4452
4469
8019
22503
24471
