Date,Time,Relative_time,Ambient,Temperature,Peak Magnitude (RAW),Resonance_Frequency,Dissipation
2023-12-11,10:14:46,0.0539,23.5,25.0,3236,15022430.0,2.899261051404105e-05
2023-12-11,10:14:46,0.0822,23.5,25.0,3216,15022718.0,2.993503545336507e-05
2023-12-11,10:14:46,0.1124,23.5,25.0,3223,15022647.0,2.960175210600676e-05
2023-12-11,10:14:46,0.1161,23.5,25.0,3217,15022649.0,2.988719478693625e-05
2023-12-11,10:14:46,0.1196,23.5,25.0,3217,15022650.0,2.988719478693625e-05
2023-12-11,10:14:46,0.1232,23.5,25.0,3217,15022650.0,2.988719478693625e-05
2023-12-11,10:14:46,0.1269,23.5,25.0,3216,15022649.0,2.993503545336507e-05
2023-12-11,10:14:46,0.1307,23.5,25.0,3216,15022648.0,2.993503545336507e-05
2023-12-11,10:14:46,0.1342,23.5,25.0,3215,15022648.0,2.99829526987228e-05
2023-12-11,10:14:46,0.1378,23.5,25.0,3215,15022648.0,2.99829526987228e-05
2023-12-11,10:14:46,0.1415,23.5,25.0,3216,15022649.0,2.993503545336507e-05
2023-12-11,10:14:46,0.1452,23.5,25.0,3216,15022649.0,2.993503545336507e-05
2023-12-11,10:14:46,0.1488,23.5,25.0,3216,15022649.0,2.993503545336507e-05
2023-12-11,10:14:46,0.1524,23.5,25.0,3216,15022649.0,2.993503545336507e-05
2023-12-11,10:14:46,0.1561,23.5,25.0,3216,15022649.0,2.993503545336507e-05
2023-12-11,10:14:46,0.1598,23.5,25.0,3217,15022649.0,2.988719478693625e-05
2023-12-11,10:14:46,0.1634,23.5,25.0,3218,15022649.0,2.983943057705171e-05
2023-12-11,10:14:46,0.167,23.5,25.0,3217,15022649.0,2.988719478693625e-05
2023-12-11,10:14:46,0.1706,23.5,25.0,3216,15022649.0,2.993503545336507e-05
2023-12-11,10:14:46,0.1742,23.5,25.0,3216,15022648.0,2.993503545336507e-05
2023-12-11,10:14:46,0.1779,23.5,25.0,3217,15022649.0,2.988719478693625e-05
2023-12-11,10:14:46,0.1816,23.5,25.0,3217,15022650.0,2.988719478693625e-05
2023-12-11,10:14:46,0.1852,23.5,25.0,3215,15022649.0,2.99829526987228e-05
2023-12-11,10:14:46,0.1888,23.5,25.0,3215,15022649.0,2.99829526987228e-05
2023-12-11,10:14:46,0.1925,23.5,25.0,3216,15022649.0,2.993503545336507e-05
2023-12-11,10:14:46,0.1962,23.5,25.0,3216,15022648.0,2.993503545336507e-05
2023-12-11,10:14:46,0.1999,23.5,25.0,3216,15022649.0,2.993503545336507e-05
2023-12-11,10:14:46,0.2035,23.5,25.0,3216,15022649.0,2.993503545336507e-05
2023-12-11,10:14:46,0.2071,23.5,25.0,3215,15022649.0,2.99829526987228e-05
2023-12-11,10:14:46,0.2144,23.5,25.0,3216,15022647.0,2.993503545336507e-05
2023-12-11,10:14:46,0.218,23.5,25.0,3214,15022649.0,3.003094664558989e-05
2023-12-11,10:14:46,0.2217,23.5,25.0,3215,15022649.0,2.99829526987228e-05
2023-12-11,10:14:46,0.2254,23.5,25.0,3215,15022649.0,2.99829526987228e-05
2023-12-11,10:14:46,0.229,23.5,25.0,3214,15022650.0,3.003094664558989e-05
2023-12-11,10:14:46,0.2325,23.5,25.0,3214,15022648.0,3.003094664558989e-05
2023-12-11,10:14:46,0.2363,23.5,25.0,3214,15022649.0,3.003094664558989e-05
2023-12-11,10:14:46,0.2398,23.5,25.0,3213,15022650.0,3.00790174167431e-05
2023-12-11,10:14:46,0.2434,23.5,25.0,3212,15022649.0,3.012716513515561e-05
2023-12-11,10:14:46,0.2471,23.5,25.0,3212,15022648.0,3.012716513515561e-05
2023-12-11,10:14:46,0.2543,23.5,25.0,3211,15022651.0,3.017538992399754e-05
2023-12-11,10:14:46,0.258,23.5,25.0,3211,15022649.0,3.017538992399754e-05
2023-12-11,10:14:46,0.2616,23.5,25.0,3211,15022649.0,3.017538992399754e-05
2023-12-11,10:14:46,0.2652,23.5,25.0,3210,15022649.0,3.022369190663609e-05
2023-12-11,10:14:46,0.2689,23.5,25.0,3209,15022649.0,3.027207120663602e-05
2023-12-11,10:14:46,0.2725,23.5,25.0,3209,15022649.0,3.027207120663602e-05
2023-12-11,10:14:46,0.2761,23.5,25.0,3210,15022648.0,3.022369190663609e-05
2023-12-11,10:14:46,0.2796,23.5,25.0,3210,15022648.0,3.022369190663609e-05
2023-12-11,10:14:47,0.2834,23.5,25.0,3209,15022648.0,3.027207120663602e-05
2023-12-11,10:14:47,0.2871,23.5,25.0,3208,15022649.0,3.032052794775979e-05
2023-12-11,10:14:47,0.2942,23.5,25.0,3212,15022648.0,3.012716513515561e-05
2023-12-11,10:14:47,0.298,23.5,25.0,3212,15022649.0,3.012716513515561e-05
2023-12-11,10:14:47,0.3017,23.5,25.0,3209,15022647.0,3.027207120663602e-05
2023-12-11,10:14:47,0.3052,23.5,25.0,3210,15022647.0,3.022369190663609e-05
2023-12-11,10:14:47,0.3088,23.5,25.0,3210,15022647.0,3.022369190663609e-05
2023-12-11,10:14:47,0.3125,23.5,25.0,3210,15022646.0,3.022369190663609e-05
2023-12-11,10:14:47,0.3163,23.5,25.0,3209,15022645.0,3.027207120663602e-05
2023-12-11,10:14:47,0.3198,23.5,25.0,3209,15022646.0,3.027207120663602e-05
2023-12-11,10:14:47,0.3234,23.5,25.0,3210,15022647.0,3.022369190663609e-05
2023-12-11,10:14:47,0.3306,23.5,25.0,3213,15022647.0,3.00790174167431e-05
2023-12-11,10:14:47,0.3342,23.5,25.0,3213,15022648.0,3.00790174167431e-05
2023-12-11,10:14:47,0.3379,23.5,25.0,3213,15022647.0,3.00790174167431e-05
2023-12-11,10:14:47,0.3416,23.5,25.0,3214,15022647.0,3.003094664558989e-05
2023-12-11,10:14:47,0.3452,23.5,25.0,3214,15022647.0,3.003094664558989e-05
2023-12-11,10:14:47,0.3488,23.5,25.0,3214,15022648.0,3.003094664558989e-05
2023-12-11,10:14:47,0.3525,23.5,25.0,3214,15022647.0,3.003094664558989e-05
2023-12-11,10:14:47,0.3561,23.5,25.0,3215,15022648.0,2.99829526987228e-05
2023-12-11,10:14:47,0.3596,23.5,25.0,3214,15022649.0,3.003094664558989e-05
2023-12-11,10:14:47,0.3634,23.5,25.0,3213,15022647.0,3.00790174167431e-05
2023-12-11,10:14:47,0.3708,23.5,25.0,3212,15022648.0,3.012716513515561e-05
2023-12-11,10:14:47,0.3744,23.5,25.0,3212,15022648.0,3.012716513515561e-05
2023-12-11,10:14:47,0.378,23.5,25.0,3213,15022647.0,3.00790174167431e-05
2023-12-11,10:14:47,0.3815,23.5,25.0,3213,15022646.0,3.00790174167431e-05
2023-12-11,10:14:47,0.3851,23.5,25.0,3211,15022647.0,3.017538992399754e-05
2023-12-11,10:14:47,0.3887,23.5,25.0,3211,15022647.0,3.017538992399754e-05
2023-12-11,10:14:47,0.3924,23.5,25.0,3212,15022646.0,3.012716513515561e-05
2023-12-11,10:14:47,0.3961,23.5,25.0,3211,15022647.0,3.017538992399754e-05
2023-12-11,10:14:47,0.3997,23.5,25.0,3210,15022647.0,3.022369190663609e-05
2023-12-11,10:14:47,0.4033,23.5,25.0,3210,15022646.0,3.022369190663609e-05
2023-12-11,10:14:47,0.4105,23.5,25.0,3213,15022642.0,3.00790174167431e-05
2023-12-11,10:14:47,0.4142,23.5,25.0,3213,15022645.0,3.00790174167431e-05
2023-12-11,10:14:47,0.4179,23.5,25.0,3213,15022645.0,3.00790174167431e-05
2023-12-11,10:14:47,0.4215,23.5,25.0,3213,15022645.0,3.00790174167431e-05
2023-12-11,10:14:47,0.4251,23.5,25.0,3215,15022645.0,2.99829526987228e-05
2023-12-11,10:14:47,0.4288,23.5,25.0,3216,15022644.0,2.993503545336507e-05
2023-12-11,10:14:47,0.4325,23.5,25.0,3216,15022647.0,2.993503545336507e-05
2023-12-11,10:14:47,0.4361,23.5,25.0,3217,15022648.0,2.988719478693625e-05
2023-12-11,10:14:47,0.4396,23.5,25.0,3218,15022646.0,2.983943057705171e-05
2023-12-11,10:14:47,0.4434,23.5,25.0,3219,15022646.0,2.97917427015225e-05
2023-12-11,10:14:47,0.4507,23.5,25.0,3221,15022648.0,2.969659546575003e-05
2023-12-11,10:14:47,0.4542,23.5,25.0,3222,15022647.0,2.964913586210391e-05
2023-12-11,10:14:47,0.4578,23.5,25.0,3222,15022648.0,2.964913586210391e-05
2023-12-11,10:14:47,0.4615,23.5,25.0,3222,15022648.0,2.964913586210391e-05
2023-12-11,10:14:47,0.4652,23.5,25.0,3222,15022649.0,2.964913586210391e-05
2023-12-11,10:14:47,0.469,23.5,25.0,3221,15022650.0,2.969659546575003e-05
2023-12-11,10:14:47,0.4727,23.5,25.0,3219,15022649.0,2.97917427015225e-05
2023-12-11,10:14:47,0.4763,23.5,25.0,3220,15022649.0,2.974413103835483e-05
2023-12-11,10:14:47,0.4798,23.5,25.0,3221,15022649.0,2.969659546575003e-05
2023-12-11,10:14:47,0.4834,23.5,25.0,3221,15022649.0,2.969659546575003e-05
2023-12-11,10:14:47,0.4908,23.5,25.0,3222,15022649.0,2.964913586210391e-05
2023-12-11,10:14:47,0.4944,23.5,25.0,3221,15022649.0,2.969659546575003e-05
2023-12-11,10:14:47,0.498,23.5,25.0,3219,15022649.0,2.97917427015225e-05
2023-12-11,10:14:47,0.5017,23.5,25.0,3219,15022650.0,2.97917427015225e-05
2023-12-11,10:14:47,0.5054,23.5,25.0,3222,15022652.0,2.964913586210391e-05
2023-12-11,10:14:47,0.509,23.5,25.0,3220,15022652.0,2.974413103835483e-05
2023-12-11,10:14:47,0.5126,23.5,25.0,3217,15022651.0,2.988719478693625e-05
2023-12-11,10:14:47,0.5163,23.5,25.0,3219,15022650.0,2.97917427015225e-05
2023-12-11,10:14:47,0.52,23.5,25.0,3219,15022650.0,2.97917427015225e-05
2023-12-11,10:14:47,0.5236,23.5,25.0,3217,15022650.0,2.988719478693625e-05
2023-12-11,10:14:47,0.5309,23.5,25.0,3216,15022651.0,2.993503545336507e-05
2023-12-11,10:14:47,0.5346,23.5,25.0,3216,15022650.0,2.993503545336507e-05
2023-12-11,10:14:47,0.5382,23.5,25.0,3216,15022650.0,2.993503545336507e-05
2023-12-11,10:14:47,0.5418,23.5,25.0,3215,15022650.0,2.99829526987228e-05
2023-12-11,10:14:47,0.5454,23.5,25.0,3213,15022650.0,3.00790174167431e-05
2023-12-11,10:14:47,0.5491,23.5,25.0,3213,15022650.0,3.00790174167431e-05
2023-12-11,10:14:47,0.5528,23.5,25.0,3213,15022649.0,3.00790174167431e-05
2023-12-11,10:14:47,0.5564,23.5,25.0,3211,15022649.0,3.017538992399754e-05
2023-12-11,10:14:47,0.56,23.5,25.0,3211,15022648.0,3.017538992399754e-05
2023-12-11,10:14:47,0.5636,23.5,25.0,3212,15022649.0,3.012716513515561e-05
2023-12-11,10:14:47,0.5708,23.5,25.0,3210,15022649.0,3.022369190663609e-05
2023-12-11,10:14:47,0.5746,23.5,25.0,3210,15022649.0,3.022369190663609e-05
2023-12-11,10:14:47,0.5781,23.5,25.0,3210,15022648.0,3.022369190663609e-05
2023-12-11,10:14:47,0.5817,23.5,25.0,3209,15022649.0,3.027207120663602e-05
2023-12-11,10:14:47,0.5854,23.5,25.0,3209,15022648.0,3.027207120663602e-05
2023-12-11,10:14:47,0.5892,23.5,25.0,3210,15022648.0,3.022369190663609e-05
2023-12-11,10:14:47,0.5927,23.5,25.0,3210,15022648.0,3.022369190663609e-05
2023-12-11,10:14:47,0.5963,23.5,25.0,3208,15022648.0,3.032052794775979e-05
2023-12-11,10:14:47,0.5999,23.5,25.0,3206,15022648.0,3.041767424941981e-05
2023-12-11,10:14:47,0.6071,23.5,25.0,3206,15022646.0,3.041767424941981e-05
2023-12-11,10:14:47,0.6107,23.5,25.0,3206,15022647.0,3.041767424941981e-05
2023-12-11,10:14:47,0.6144,23.5,25.0,3208,15022648.0,3.032052794775979e-05
2023-12-11,10:14:47,0.6181,23.5,25.0,3208,15022647.0,3.032052794775979e-05
2023-12-11,10:14:47,0.6217,23.5,25.0,3206,15022646.0,3.041767424941981e-05
2023-12-11,10:14:47,0.6252,23.5,25.0,3207,15022646.0,3.036906225396806e-05
2023-12-11,10:14:47,0.6288,23.5,25.0,3209,15022646.0,3.027207120663602e-05
2023-12-11,10:14:47,0.6325,23.5,25.0,3210,15022645.0,3.022369190663609e-05
2023-12-11,10:14:47,0.6363,23.5,25.0,3210,15022644.0,3.022369190663609e-05
2023-12-11,10:14:47,0.6398,23.5,25.0,3211,15022644.0,3.017538992399754e-05
2023-12-11,10:14:47,0.6471,23.5,25.0,3210,15022646.0,3.022369190663609e-05
2023-12-11,10:14:47,0.6507,23.5,25.0,3209,15022646.0,3.027207120663602e-05
2023-12-11,10:14:47,0.6544,23.5,25.0,3208,15022646.0,3.032052794775979e-05
2023-12-11,10:14:47,0.6581,23.5,25.0,3208,15022646.0,3.032052794775979e-05
2023-12-11,10:14:47,0.6617,23.5,25.0,3208,15022646.0,3.032052794775979e-05
2023-12-11,10:14:47,0.6653,23.5,25.0,3209,15022646.0,3.027207120663602e-05
2023-12-11,10:14:47,0.669,23.5,25.0,3209,15022647.0,3.027207120663602e-05
2023-12-11,10:14:47,0.6726,23.5,25.0,3207,15022646.0,3.036906225396806e-05
2023-12-11,10:14:47,0.6762,23.5,25.0,3207,15022646.0,3.036906225396806e-05
2023-12-11,10:14:47,0.6799,23.5,25.0,3208,15022647.0,3.032052794775979e-05
2023-12-11,10:14:47,0.6871,23.5,25.0,3207,15022645.0,3.036906225396806e-05
2023-12-11,10:14:47,0.6908,23.5,25.0,3207,15022646.0,3.036906225396806e-05
2023-12-11,10:14:47,0.6944,23.5,25.0,3206,15022645.0,3.041767424941981e-05
2023-12-11,10:14:47,0.6981,23.5,25.0,3206,15022645.0,3.041767424941981e-05
2023-12-11,10:14:47,0.7018,23.5,25.0,3207,15022645.0,3.036906225396806e-05
2023-12-11,10:14:47,0.7054,23.5,25.0,3208,15022644.0,3.032052794775979e-05
2023-12-11,10:14:47,0.709,23.5,25.0,3208,15022645.0,3.032052794775979e-05
2023-12-11,10:14:47,0.7125,23.5,25.0,3208,15022646.0,3.032052794775979e-05
2023-12-11,10:14:47,0.7163,23.5,25.0,3208,15022646.0,3.032052794775979e-05
2023-12-11,10:14:47,0.7236,23.5,25.0,3208,15022644.0,3.032052794775979e-05
2023-12-11,10:14:47,0.7271,23.5,25.0,3208,15022645.0,3.032052794775979e-05
2023-12-11,10:14:47,0.7308,23.5,25.0,3209,15022646.0,3.027207120663602e-05
2023-12-11,10:14:47,0.7346,23.5,25.0,3209,15022646.0,3.027207120663602e-05
2023-12-11,10:14:47,0.7381,23.5,25.0,3208,15022646.0,3.032052794775979e-05
2023-12-11,10:14:47,0.7417,23.5,25.0,3209,15022646.0,3.027207120663602e-05
2023-12-11,10:14:47,0.7453,23.5,25.0,3209,15022646.0,3.027207120663602e-05
2023-12-11,10:14:47,0.749,23.5,25.0,3210,15022645.0,3.022369190663609e-05
2023-12-11,10:14:47,0.7527,23.5,25.0,3211,15022647.0,3.017538992399754e-05
2023-12-11,10:14:47,0.7563,23.5,25.0,3210,15022647.0,3.022369190663609e-05
2023-12-11,10:14:47,0.7635,23.5,25.0,3210,15022648.0,3.022369190663609e-05
2023-12-11,10:14:47,0.7672,23.5,25.0,3210,15022647.0,3.022369190663609e-05
2023-12-11,10:14:47,0.7709,23.5,25.0,3209,15022647.0,3.027207120663602e-05
2023-12-11,10:14:47,0.7745,23.5,25.0,3209,15022647.0,3.027207120663602e-05
2023-12-11,10:14:47,0.7781,23.5,25.0,3209,15022647.0,3.027207120663602e-05
2023-12-11,10:14:47,0.7817,23.5,25.0,3207,15022647.0,3.036906225396806e-05
2023-12-11,10:14:47,0.7854,23.5,25.0,3207,15022647.0,3.036906225396806e-05
2023-12-11,10:14:47,0.7891,23.5,25.0,3207,15022647.0,3.036906225396806e-05
2023-12-11,10:14:47,0.7927,23.5,25.0,3206,15022647.0,3.041767424941981e-05
2023-12-11,10:14:47,0.7963,23.5,25.0,3206,15022648.0,3.041767424941981e-05
2023-12-11,10:14:47,0.8036,23.5,25.0,3207,15022648.0,3.036906225396806e-05
2023-12-11,10:14:47,0.8073,23.5,25.0,3208,15022648.0,3.032052794775979e-05
2023-12-11,10:14:47,0.8108,23.5,25.0,3209,15022649.0,3.027207120663602e-05
2023-12-11,10:14:47,0.8144,23.5,25.0,3208,15022650.0,3.032052794775979e-05
2023-12-11,10:14:47,0.818,23.5,25.0,3207,15022648.0,3.036906225396806e-05
2023-12-11,10:14:47,0.8216,23.5,25.0,3208,15022647.0,3.032052794775979e-05
2023-12-11,10:14:47,0.8252,23.5,25.0,3208,15022649.0,3.032052794775979e-05
2023-12-11,10:14:47,0.8288,23.5,25.0,3210,15022649.0,3.022369190663609e-05
2023-12-11,10:14:47,0.8325,23.5,25.0,3210,15022648.0,3.022369190663609e-05
2023-12-11,10:14:47,0.8362,23.5,25.0,3209,15022648.0,3.027207120663602e-05
2023-12-11,10:14:47,0.8435,23.5,25.0,3207,15022649.0,3.036906225396806e-05
2023-12-11,10:14:47,0.8472,23.5,25.0,3206,15022648.0,3.041767424941981e-05
2023-12-11,10:14:47,0.8508,23.5,25.0,3206,15022648.0,3.041767424941981e-05
2023-12-11,10:14:47,0.8544,23.5,25.0,3206,15022649.0,3.041767424941981e-05
2023-12-11,10:14:47,0.8581,23.5,25.0,3206,15022648.0,3.041767424941981e-05
2023-12-11,10:14:47,0.8618,23.5,25.0,3206,15022649.0,3.041767424941981e-05
2023-12-11,10:14:47,0.8654,23.5,25.0,3205,15022649.0,3.046636405847287e-05
2023-12-11,10:14:47,0.869,23.5,25.0,3205,15022649.0,3.046636405847287e-05
2023-12-11,10:14:47,0.8727,23.5,25.0,3206,15022649.0,3.041767424941981e-05
2023-12-11,10:14:47,0.8798,23.5,25.0,3205,15022650.0,3.046636405847287e-05
2023-12-11,10:14:47,0.8834,23.5,25.0,3205,15022648.0,3.046636405847287e-05
2023-12-11,10:14:47,0.8871,23.5,25.0,3206,15022648.0,3.041767424941981e-05
2023-12-11,10:14:47,0.8907,23.5,25.0,3206,15022649.0,3.041767424941981e-05
2023-12-11,10:14:47,0.8943,23.5,25.0,3206,15022649.0,3.041767424941981e-05
2023-12-11,10:14:47,0.898,23.5,25.0,3206,15022649.0,3.041767424941981e-05
2023-12-11,10:14:47,0.9016,23.5,25.0,3205,15022649.0,3.046636405847287e-05
2023-12-11,10:14:47,0.9052,23.5,25.0,3204,15022649.0,3.051513180568405e-05
2023-12-11,10:14:47,0.9089,23.5,25.0,3204,15022648.0,3.051513180568405e-05
2023-12-11,10:14:47,0.9125,23.5,25.0,3204,15022648.0,3.051513180568405e-05
2023-12-11,10:14:47,0.9196,23.5,25.0,3205,15022647.0,3.046636405847287e-05
2023-12-11,10:14:47,0.9234,23.5,25.0,3206,15022647.0,3.041767424941981e-05
2023-12-11,10:14:47,0.9271,23.5,25.0,3206,15022647.0,3.041767424941981e-05
2023-12-11,10:14:47,0.9307,23.5,25.0,3206,15022648.0,3.041767424941981e-05
2023-12-11,10:14:47,0.9342,23.5,25.0,3209,15022649.0,3.027207120663602e-05
2023-12-11,10:14:47,0.9378,23.5,25.0,3210,15022649.0,3.022369190663609e-05
2023-12-11,10:14:47,0.9415,23.5,25.0,3209,15022648.0,3.027207120663602e-05
2023-12-11,10:14:47,0.9452,23.5,25.0,3209,15022648.0,3.027207120663602e-05
2023-12-11,10:14:47,0.9488,23.5,25.0,3208,15022649.0,3.032052794775979e-05
2023-12-11,10:14:47,0.9524,23.5,25.0,3208,15022649.0,3.032052794775979e-05
2023-12-11,10:14:47,0.9597,23.5,25.0,3208,15022650.0,3.032052794775979e-05
2023-12-11,10:14:47,0.9634,23.5,25.0,3209,15022649.0,3.027207120663602e-05
2023-12-11,10:14:47,0.967,23.5,25.0,3209,15022649.0,3.027207120663602e-05
2023-12-11,10:14:47,0.9706,23.5,25.0,3209,15022649.0,3.027207120663602e-05
2023-12-11,10:14:47,0.9742,23.5,25.0,3209,15022649.0,3.027207120663602e-05
2023-12-11,10:14:47,0.9779,23.5,25.0,3209,15022650.0,3.027207120663602e-05
2023-12-11,10:14:47,0.9816,23.5,25.0,3209,15022650.0,3.027207120663602e-05
2023-12-11,10:14:47,0.9852,23.5,25.0,3209,15022651.0,3.027207120663602e-05
2023-12-11,10:14:47,0.9888,23.5,25.0,3208,15022651.0,3.032052794775979e-05
2023-12-11,10:14:47,0.9961,23.5,25.0,3208,15022650.0,3.032052794775979e-05
2023-12-11,10:14:47,0.9998,23.5,24.75,3209,15022649.0,3.027207120663602e-05
2023-12-11,10:14:47,1.0034,23.5,24.75,3209,15022650.0,3.027207120663602e-05
2023-12-11,10:14:47,1.0069,23.5,24.75,3209,15022650.0,3.027207120663602e-05
2023-12-11,10:14:47,1.0105,23.5,24.75,3209,15022651.0,3.027207120663602e-05
2023-12-11,10:14:47,1.0142,23.5,24.75,3208,15022650.0,3.032052794775979e-05
2023-12-11,10:14:47,1.018,23.5,24.75,3210,15022650.0,3.022369190663609e-05
2023-12-11,10:14:47,1.0217,23.5,24.75,3211,15022651.0,3.017538992399754e-05
2023-12-11,10:14:47,1.0254,23.5,24.75,3210,15022651.0,3.022369190663609e-05
2023-12-11,10:14:47,1.029,23.5,24.75,3210,15022651.0,3.022369190663609e-05
2023-12-11,10:14:47,1.0325,23.5,24.75,3209,15022651.0,3.027207120663602e-05
2023-12-11,10:14:47,1.0398,23.5,24.75,3211,15022652.0,3.017538992399754e-05
2023-12-11,10:14:47,1.0436,23.5,24.75,3212,15022650.0,3.012716513515561e-05
2023-12-11,10:14:47,1.0471,23.5,24.75,3209,15022651.0,3.027207120663602e-05
2023-12-11,10:14:47,1.0507,23.5,24.75,3208,15022651.0,3.032052794775979e-05
2023-12-11,10:14:47,1.0543,23.5,24.75,3208,15022651.0,3.032052794775979e-05
2023-12-11,10:14:47,1.0579,23.5,24.75,3208,15022650.0,3.032052794775979e-05
2023-12-11,10:14:47,1.0615,23.5,24.75,3208,15022650.0,3.032052794775979e-05
2023-12-11,10:14:47,1.0651,23.5,24.75,3207,15022650.0,3.036906225396806e-05
2023-12-11,10:14:47,1.0688,23.5,24.75,3207,15022650.0,3.036906225396806e-05
2023-12-11,10:14:47,1.0761,23.5,24.75,3207,15022652.0,3.036906225396806e-05
2023-12-11,10:14:47,1.0796,23.5,24.75,3206,15022651.0,3.041767424941981e-05
2023-12-11,10:14:47,1.0834,23.5,24.75,3206,15022651.0,3.041767424941981e-05
2023-12-11,10:14:47,1.0871,23.5,24.75,3207,15022651.0,3.036906225396806e-05
2023-12-11,10:14:47,1.0907,23.5,24.75,3207,15022651.0,3.036906225396806e-05
2023-12-11,10:14:47,1.0942,23.5,24.75,3207,15022651.0,3.036906225396806e-05
2023-12-11,10:14:47,1.0978,23.5,24.75,3208,15022651.0,3.032052794775979e-05
2023-12-11,10:14:47,1.1015,23.5,24.75,3208,15022651.0,3.032052794775979e-05
2023-12-11,10:14:47,1.1052,23.5,24.75,3207,15022650.0,3.036906225396806e-05
2023-12-11,10:14:47,1.1088,23.5,24.75,3208,15022651.0,3.032052794775979e-05
2023-12-11,10:14:47,1.116,23.5,24.75,3207,15022650.0,3.036906225396806e-05
2023-12-11,10:14:47,1.1196,23.5,24.75,3208,15022651.0,3.032052794775979e-05
2023-12-11,10:14:47,1.1233,23.5,24.75,3208,15022651.0,3.032052794775979e-05
2023-12-11,10:14:47,1.127,23.5,24.75,3209,15022650.0,3.027207120663602e-05
2023-12-11,10:14:47,1.1307,23.5,24.75,3209,15022649.0,3.027207120663602e-05
2023-12-11,10:14:47,1.1344,23.5,24.75,3208,15022650.0,3.032052794775979e-05
2023-12-11,10:14:47,1.138,23.5,24.75,3209,15022650.0,3.027207120663602e-05
2023-12-11,10:14:47,1.1416,23.5,24.75,3209,15022651.0,3.027207120663602e-05
2023-12-11,10:14:47,1.1453,23.5,24.75,3208,15022651.0,3.032052794775979e-05
2023-12-11,10:14:47,1.149,23.5,24.75,3208,15022649.0,3.032052794775979e-05
2023-12-11,10:14:47,1.1562,23.5,24.75,3208,15022652.0,3.032052794775979e-05
2023-12-11,10:14:47,1.1598,23.5,24.75,3208,15022651.0,3.032052794775979e-05
2023-12-11,10:14:47,1.1634,23.5,24.75,3208,15022650.0,3.032052794775979e-05
2023-12-11,10:14:47,1.1671,23.5,24.75,3208,15022651.0,3.032052794775979e-05
2023-12-11,10:14:47,1.1708,23.5,24.75,3207,15022651.0,3.036906225396806e-05
2023-12-11,10:14:47,1.1744,23.5,24.75,3208,15022651.0,3.032052794775979e-05
2023-12-11,10:14:47,1.178,23.5,24.75,3209,15022651.0,3.027207120663602e-05
2023-12-11,10:14:47,1.1817,23.5,24.75,3208,15022652.0,3.032052794775979e-05
2023-12-11,10:14:47,1.1852,23.5,24.75,3207,15022651.0,3.036906225396806e-05
2023-12-11,10:14:47,1.1888,23.5,24.75,3207,15022651.0,3.036906225396806e-05
2023-12-11,10:14:47,1.1961,23.5,24.75,3208,15022651.0,3.032052794775979e-05
2023-12-11,10:14:47,1.1997,23.5,24.75,3208,15022650.0,3.032052794775979e-05
2023-12-11,10:14:47,1.2034,23.5,24.75,3208,15022650.0,3.032052794775979e-05
2023-12-11,10:14:47,1.2071,23.5,24.75,3208,15022649.0,3.032052794775979e-05
2023-12-11,10:14:47,1.2107,23.5,24.75,3209,15022650.0,3.027207120663602e-05
2023-12-11,10:14:47,1.2143,23.5,24.75,3208,15022651.0,3.032052794775979e-05
2023-12-11,10:14:47,1.218,23.5,24.75,3207,15022651.0,3.036906225396806e-05
2023-12-11,10:14:47,1.2217,23.5,24.75,3208,15022650.0,3.032052794775979e-05
2023-12-11,10:14:47,1.2253,23.5,24.75,3208,15022650.0,3.032052794775979e-05
2023-12-11,10:14:47,1.2325,23.5,24.75,3208,15022650.0,3.032052794775979e-05
2023-12-11,10:14:47,1.2362,23.5,24.75,3207,15022651.0,3.036906225396806e-05
2023-12-11,10:14:47,1.2399,23.5,24.75,3207,15022650.0,3.036906225396806e-05
2023-12-11,10:14:47,1.2435,23.5,24.75,3208,15022650.0,3.032052794775979e-05
2023-12-11,10:14:47,1.2472,23.5,24.75,3208,15022650.0,3.032052794775979e-05
2023-12-11,10:14:47,1.2508,23.5,24.75,3208,15022650.0,3.032052794775979e-05
2023-12-11,10:14:47,1.2544,23.5,24.75,3208,15022651.0,3.032052794775979e-05
2023-12-11,10:14:47,1.2581,23.5,24.75,3208,15022651.0,3.032052794775979e-05
2023-12-11,10:14:47,1.2617,23.5,24.75,3208,15022651.0,3.032052794775979e-05
2023-12-11,10:14:47,1.2652,23.5,24.75,3209,15022651.0,3.027207120663602e-05
2023-12-11,10:14:47,1.2725,23.5,24.75,3208,15022652.0,3.032052794775979e-05
2023-12-11,10:14:47,1.2763,23.5,24.75,3207,15022652.0,3.036906225396806e-05
2023-12-11,10:14:47,1.2798,23.5,24.75,3208,15022652.0,3.032052794775979e-05
2023-12-11,10:14:48,1.2834,23.5,24.75,3208,15022651.0,3.032052794775979e-05
2023-12-11,10:14:48,1.287,23.5,24.75,3208,15022651.0,3.032052794775979e-05
2023-12-11,10:14:48,1.2907,23.5,24.75,3209,15022652.0,3.027207120663602e-05
2023-12-11,10:14:48,1.2944,23.5,24.75,3209,15022652.0,3.027207120663602e-05
2023-12-11,10:14:48,1.298,23.5,24.75,3208,15022652.0,3.032052794775979e-05
2023-12-11,10:14:48,1.3016,23.5,24.75,3208,15022651.0,3.032052794775979e-05
2023-12-11,10:14:48,1.3053,23.5,24.75,3208,15022651.0,3.032052794775979e-05
2023-12-11,10:14:48,1.3125,23.5,24.75,3209,15022651.0,3.027207120663602e-05
2023-12-11,10:14:48,1.3162,23.5,24.75,3209,15022652.0,3.027207120663602e-05
2023-12-11,10:14:48,1.3198,23.5,24.75,3208,15022652.0,3.032052794775979e-05
2023-12-11,10:14:48,1.3234,23.5,24.75,3208,15022651.0,3.032052794775979e-05
2023-12-11,10:14:48,1.3271,23.5,24.75,3209,15022652.0,3.027207120663602e-05
2023-12-11,10:14:48,1.3308,23.5,24.75,3209,15022652.0,3.027207120663602e-05
2023-12-11,10:14:48,1.3344,23.5,24.75,3209,15022652.0,3.027207120663602e-05
2023-12-11,10:14:48,1.338,23.5,24.75,3209,15022652.0,3.027207120663602e-05
2023-12-11,10:14:48,1.3415,23.5,24.75,3208,15022652.0,3.032052794775979e-05
2023-12-11,10:14:48,1.3452,23.5,24.75,3208,15022652.0,3.032052794775979e-05
2023-12-11,10:14:48,1.3525,23.5,24.75,3211,15022651.0,3.017538992399754e-05
2023-12-11,10:14:48,1.3561,23.5,24.75,3211,15022651.0,3.017538992399754e-05
2023-12-11,10:14:48,1.3597,23.5,24.75,3209,15022651.0,3.027207120663602e-05
2023-12-11,10:14:48,1.3634,23.5,24.75,3208,15022652.0,3.032052794775979e-05
2023-12-11,10:14:48,1.3671,23.5,24.75,3209,15022652.0,3.027207120663602e-05
2023-12-11,10:14:48,1.3707,23.5,24.75,3210,15022652.0,3.022369190663609e-05
2023-12-11,10:14:48,1.3743,23.5,24.75,3209,15022652.0,3.027207120663602e-05
2023-12-11,10:14:48,1.378,23.5,24.75,3209,15022653.0,3.027207120663602e-05
2023-12-11,10:14:48,1.3816,23.5,24.75,3209,15022652.0,3.027207120663602e-05
2023-12-11,10:14:48,1.3889,23.5,24.75,3208,15022653.0,3.032052794775979e-05
2023-12-11,10:14:48,1.3925,23.5,24.75,3209,15022652.0,3.027207120663602e-05
2023-12-11,10:14:48,1.3962,23.5,24.75,3209,15022652.0,3.027207120663602e-05
2023-12-11,10:14:48,1.3999,23.5,24.75,3209,15022653.0,3.027207120663602e-05
2023-12-11,10:14:48,1.4035,23.5,24.75,3210,15022652.0,3.022369190663609e-05
2023-12-11,10:14:48,1.4071,23.5,24.75,3210,15022651.0,3.022369190663609e-05
2023-12-11,10:14:48,1.4107,23.5,24.75,3210,15022651.0,3.022369190663609e-05
2023-12-11,10:14:48,1.4142,23.5,24.75,3211,15022653.0,3.017538992399754e-05
2023-12-11,10:14:48,1.418,23.5,24.75,3210,15022653.0,3.022369190663609e-05
2023-12-11,10:14:48,1.4217,23.5,24.75,3209,15022652.0,3.027207120663602e-05
2023-12-11,10:14:48,1.4288,23.5,24.75,3211,15022650.0,3.017538992399754e-05
2023-12-11,10:14:48,1.4324,23.5,24.75,3210,15022651.0,3.022369190663609e-05
2023-12-11,10:14:48,1.4361,23.5,24.75,3208,15022652.0,3.032052794775979e-05
2023-12-11,10:14:48,1.4398,23.5,24.75,3209,15022652.0,3.027207120663602e-05
2023-12-11,10:14:48,1.4434,23.5,24.75,3210,15022651.0,3.022369190663609e-05
2023-12-11,10:14:48,1.447,23.5,24.75,3209,15022652.0,3.027207120663602e-05
2023-12-11,10:14:48,1.4507,23.5,24.75,3208,15022652.0,3.032052794775979e-05
2023-12-11,10:14:48,1.4544,23.5,24.75,3208,15022652.0,3.032052794775979e-05
2023-12-11,10:14:48,1.458,23.5,24.75,3208,15022653.0,3.032052794775979e-05
2023-12-11,10:14:48,1.4616,23.5,24.75,3208,15022653.0,3.032052794775979e-05
2023-12-11,10:14:48,1.469,23.5,24.75,3208,15022652.0,3.032052794775979e-05
2023-12-11,10:14:48,1.4726,23.5,24.75,3209,15022652.0,3.027207120663602e-05
2023-12-11,10:14:48,1.4762,23.5,24.75,3209,15022653.0,3.027207120663602e-05
2023-12-11,10:14:48,1.4798,23.5,24.75,3210,15022653.0,3.022369190663609e-05
2023-12-11,10:14:48,1.4835,23.5,24.75,3211,15022652.0,3.017538992399754e-05
2023-12-11,10:14:48,1.4872,23.5,24.75,3209,15022651.0,3.027207120663602e-05
2023-12-11,10:14:48,1.4908,23.5,24.75,3209,15022651.0,3.027207120663602e-05
2023-12-11,10:14:48,1.4944,23.5,24.75,3210,15022651.0,3.022369190663609e-05
2023-12-11,10:14:48,1.498,23.5,24.75,3210,15022651.0,3.022369190663609e-05
2023-12-11,10:14:48,1.5017,23.5,24.75,3209,15022651.0,3.027207120663602e-05
2023-12-11,10:14:48,1.509,23.5,24.75,3209,15022650.0,3.027207120663602e-05
2023-12-11,10:14:48,1.5125,23.5,24.75,3209,15022651.0,3.027207120663602e-05
2023-12-11,10:14:48,1.5163,23.5,24.75,3209,15022652.0,3.027207120663602e-05
2023-12-11,10:14:48,1.52,23.5,24.75,3209,15022652.0,3.027207120663602e-05
2023-12-11,10:14:48,1.5236,23.5,24.75,3209,15022652.0,3.027207120663602e-05
2023-12-11,10:14:48,1.5271,23.5,24.75,3209,15022652.0,3.027207120663602e-05
2023-12-11,10:14:48,1.5308,23.5,24.75,3208,15022653.0,3.032052794775979e-05
2023-12-11,10:14:48,1.5344,23.5,24.75,3208,15022652.0,3.032052794775979e-05
2023-12-11,10:14:48,1.5379,23.5,24.75,3209,15022653.0,3.027207120663602e-05
2023-12-11,10:14:48,1.5416,23.5,24.75,3209,15022652.0,3.027207120663602e-05
2023-12-11,10:14:48,1.5489,23.5,24.75,3210,15022651.0,3.022369190663609e-05
2023-12-11,10:14:48,1.5526,23.5,24.75,3209,15022651.0,3.027207120663602e-05
2023-12-11,10:14:48,1.5563,23.5,24.75,3208,15022652.0,3.032052794775979e-05
2023-12-11,10:14:48,1.5599,23.5,24.75,3210,15022653.0,3.022369190663609e-05
2023-12-11,10:14:48,1.5635,23.5,24.75,3210,15022653.0,3.022369190663609e-05
2023-12-11,10:14:48,1.5672,23.5,24.75,3210,15022653.0,3.022369190663609e-05
2023-12-11,10:14:48,1.5709,23.5,24.75,3210,15022652.0,3.022369190663609e-05
2023-12-11,10:14:48,1.5745,23.5,24.75,3208,15022651.0,3.032052794775979e-05
2023-12-11,10:14:48,1.5781,23.5,24.75,3208,15022651.0,3.032052794775979e-05
2023-12-11,10:14:48,1.5852,23.5,24.75,3208,15022653.0,3.032052794775979e-05
2023-12-11,10:14:48,1.589,23.5,24.75,3209,15022652.0,3.027207120663602e-05
2023-12-11,10:14:48,1.5927,23.5,24.75,3209,15022652.0,3.027207120663602e-05
2023-12-11,10:14:48,1.5961,23.5,24.75,3208,15022652.0,3.032052794775979e-05
2023-12-11,10:14:48,1.5997,23.5,24.75,3208,15022652.0,3.032052794775979e-05
2023-12-11,10:14:48,1.6034,23.5,24.75,3209,15022651.0,3.027207120663602e-05
2023-12-11,10:14:48,1.607,23.5,24.75,3210,15022651.0,3.022369190663609e-05
2023-12-11,10:14:48,1.6106,23.5,24.75,3210,15022651.0,3.022369190663609e-05
2023-12-11,10:14:48,1.6143,23.5,24.75,3210,15022651.0,3.022369190663609e-05
2023-12-11,10:14:48,1.618,23.5,24.75,3210,15022652.0,3.022369190663609e-05
2023-12-11,10:14:48,1.6252,23.5,24.75,3209,15022652.0,3.027207120663602e-05
2023-12-11,10:14:48,1.6288,23.5,24.75,3209,15022652.0,3.027207120663602e-05
2023-12-11,10:14:48,1.6324,23.5,24.75,3209,15022651.0,3.027207120663602e-05
2023-12-11,10:14:48,1.6361,23.5,24.75,3209,15022652.0,3.027207120663602e-05
2023-12-11,10:14:48,1.6398,23.5,24.75,3209,15022654.0,3.027207120663602e-05
2023-12-11,10:14:48,1.6434,23.5,24.75,3209,15022653.0,3.027207120663602e-05
2023-12-11,10:14:48,1.6471,23.5,24.75,3208,15022651.0,3.032052794775979e-05
2023-12-11,10:14:48,1.6508,23.5,24.75,3208,15022651.0,3.032052794775979e-05
2023-12-11,10:14:48,1.6544,23.5,24.75,3208,15022651.0,3.032052794775979e-05
2023-12-11,10:14:48,1.658,23.5,24.75,3208,15022651.0,3.032052794775979e-05
2023-12-11,10:14:48,1.6651,23.5,24.75,3209,15022653.0,3.027207120663602e-05
2023-12-11,10:14:48,1.6687,23.5,24.75,3209,15022652.0,3.027207120663602e-05
2023-12-11,10:14:48,1.6724,23.5,24.75,3213,15022650.0,3.00790174167431e-05
2023-12-11,10:14:48,1.6761,23.5,24.75,3214,15022650.0,3.003094664558989e-05
2023-12-11,10:14:48,1.6797,23.5,24.75,3210,15022652.0,3.022369190663609e-05
2023-12-11,10:14:48,1.6833,23.5,24.75,3210,15022652.0,3.022369190663609e-05
2023-12-11,10:14:48,1.687,23.5,24.75,3211,15022650.0,3.017538992399754e-05
2023-12-11,10:14:48,1.6907,23.5,24.75,3210,15022651.0,3.022369190663609e-05
2023-12-11,10:14:48,1.6943,23.5,24.75,3210,15022651.0,3.022369190663609e-05
2023-12-11,10:14:48,1.7015,23.5,24.75,3209,15022653.0,3.027207120663602e-05
2023-12-11,10:14:48,1.7052,23.5,24.75,3209,15022653.0,3.027207120663602e-05
2023-12-11,10:14:48,1.7089,23.5,24.75,3210,15022652.0,3.022369190663609e-05
2023-12-11,10:14:48,1.7125,23.5,24.75,3210,15022651.0,3.022369190663609e-05
2023-12-11,10:14:48,1.7161,23.5,24.75,3210,15022652.0,3.022369190663609e-05
2023-12-11,10:14:48,1.7198,23.5,24.75,3210,15022652.0,3.022369190663609e-05
2023-12-11,10:14:48,1.7235,23.5,24.75,3209,15022652.0,3.027207120663602e-05
2023-12-11,10:14:48,1.7271,23.5,24.75,3210,15022652.0,3.022369190663609e-05
2023-12-11,10:14:48,1.7307,23.5,24.75,3210,15022652.0,3.022369190663609e-05
2023-12-11,10:14:48,1.7344,23.5,24.75,3208,15022653.0,3.032052794775979e-05
2023-12-11,10:14:48,1.7415,23.5,24.75,3210,15022650.0,3.022369190663609e-05
2023-12-11,10:14:48,1.7452,23.5,24.75,3209,15022652.0,3.027207120663602e-05
2023-12-11,10:14:48,1.7488,23.5,24.75,3209,15022652.0,3.027207120663602e-05
2023-12-11,10:14:48,1.7524,23.5,24.75,3209,15022652.0,3.027207120663602e-05
2023-12-11,10:14:48,1.7561,23.5,24.75,3208,15022653.0,3.032052794775979e-05
2023-12-11,10:14:48,1.7598,23.5,24.75,3208,15022652.0,3.032052794775979e-05
2023-12-11,10:14:48,1.7634,23.5,24.75,3209,15022652.0,3.027207120663602e-05
2023-12-11,10:14:48,1.767,23.5,24.75,3209,15022652.0,3.027207120663602e-05
2023-12-11,10:14:48,1.7707,23.5,24.75,3208,15022652.0,3.032052794775979e-05
2023-12-11,10:14:48,1.7744,23.5,24.75,3208,15022652.0,3.032052794775979e-05
2023-12-11,10:14:48,1.7817,23.5,24.75,3208,15022653.0,3.032052794775979e-05
2023-12-11,10:14:48,1.7852,23.5,24.75,3207,15022652.0,3.036906225396806e-05
2023-12-11,10:14:48,1.7889,23.5,24.75,3208,15022652.0,3.032052794775979e-05
2023-12-11,10:14:48,1.7926,23.5,24.75,3208,15022652.0,3.032052794775979e-05
2023-12-11,10:14:48,1.7962,23.5,24.75,3208,15022651.0,3.032052794775979e-05
2023-12-11,10:14:48,1.7999,23.5,24.75,3209,15022652.0,3.027207120663602e-05
2023-12-11,10:14:48,1.8036,23.5,24.75,3209,15022652.0,3.027207120663602e-05
2023-12-11,10:14:48,1.8072,23.5,24.75,3208,15022651.0,3.032052794775979e-05
2023-12-11,10:14:48,1.8109,23.5,24.75,3208,15022652.0,3.032052794775979e-05
2023-12-11,10:14:48,1.8146,23.5,24.75,3208,15022653.0,3.032052794775979e-05
2023-12-11,10:14:48,1.8217,23.5,24.75,3208,15022651.0,3.032052794775979e-05
2023-12-11,10:14:48,1.8252,23.5,24.75,3208,15022652.0,3.032052794775979e-05
2023-12-11,10:14:48,1.829,23.5,24.75,3208,15022653.0,3.032052794775979e-05
2023-12-11,10:14:48,1.8325,23.5,24.75,3208,15022653.0,3.032052794775979e-05
2023-12-11,10:14:48,1.8363,23.5,24.75,3209,15022652.0,3.027207120663602e-05
2023-12-11,10:14:48,1.84,23.5,24.75,3209,15022649.0,3.027207120663602e-05
2023-12-11,10:14:48,1.8436,23.5,24.75,3208,15022649.0,3.032052794775979e-05
2023-12-11,10:14:48,1.8471,23.5,24.75,3207,15022652.0,3.036906225396806e-05
2023-12-11,10:14:48,1.8507,23.5,24.75,3206,15022651.0,3.041767424941981e-05
2023-12-11,10:14:48,1.8543,23.5,24.75,3206,15022651.0,3.041767424941981e-05
2023-12-11,10:14:48,1.8617,23.5,24.75,3208,15022652.0,3.032052794775979e-05
2023-12-11,10:14:48,1.8653,23.5,24.75,3208,15022652.0,3.032052794775979e-05
2023-12-11,10:14:48,1.869,23.5,24.75,3207,15022652.0,3.036906225396806e-05
2023-12-11,10:14:48,1.8726,23.5,24.75,3207,15022652.0,3.036906225396806e-05
2023-12-11,10:14:48,1.8762,23.5,24.75,3210,15022651.0,3.022369190663609e-05
2023-12-11,10:14:48,1.8799,23.5,24.75,3210,15022651.0,3.022369190663609e-05
2023-12-11,10:14:48,1.8835,23.5,24.75,3208,15022651.0,3.032052794775979e-05
2023-12-11,10:14:48,1.8871,23.5,24.75,3210,15022652.0,3.022369190663609e-05
2023-12-11,10:14:48,1.8907,23.5,24.75,3210,15022652.0,3.022369190663609e-05
2023-12-11,10:14:48,1.8981,23.5,24.75,3208,15022653.0,3.032052794775979e-05
2023-12-11,10:14:48,1.9017,23.5,24.75,3207,15022652.0,3.036906225396806e-05
2023-12-11,10:14:48,1.9052,23.5,24.75,3208,15022651.0,3.032052794775979e-05
2023-12-11,10:14:48,1.909,23.5,24.75,3208,15022651.0,3.032052794775979e-05
2023-12-11,10:14:48,1.9127,23.5,24.75,3208,15022651.0,3.032052794775979e-05
2023-12-11,10:14:48,1.9163,23.5,24.75,3208,15022651.0,3.032052794775979e-05
2023-12-11,10:14:48,1.9198,23.5,24.75,3208,15022651.0,3.032052794775979e-05
2023-12-11,10:14:48,1.9234,23.5,24.75,3207,15022652.0,3.036906225396806e-05
2023-12-11,10:14:48,1.927,23.5,24.75,3206,15022651.0,3.041767424941981e-05
2023-12-11,10:14:48,1.9307,23.5,24.75,3207,15022651.0,3.036906225396806e-05
2023-12-11,10:14:48,1.938,23.5,24.75,3207,15022651.0,3.036906225396806e-05
2023-12-11,10:14:48,1.9416,23.5,24.75,3207,15022651.0,3.036906225396806e-05
2023-12-11,10:14:48,1.9452,23.5,24.75,3207,15022651.0,3.036906225396806e-05
2023-12-11,10:14:48,1.9489,23.5,24.75,3207,15022651.0,3.036906225396806e-05
2023-12-11,10:14:48,1.9526,23.5,24.75,3207,15022652.0,3.036906225396806e-05
2023-12-11,10:14:48,1.9562,23.5,24.75,3207,15022652.0,3.036906225396806e-05
2023-12-11,10:14:48,1.9598,23.5,24.75,3208,15022652.0,3.032052794775979e-05
2023-12-11,10:14:48,1.9634,23.5,24.75,3208,15022653.0,3.032052794775979e-05
2023-12-11,10:14:48,1.9671,23.5,24.75,3208,15022653.0,3.032052794775979e-05
2023-12-11,10:14:48,1.9708,23.5,24.75,3209,15022651.0,3.027207120663602e-05
2023-12-11,10:14:48,1.978,23.5,24.75,3208,15022653.0,3.032052794775979e-05
2023-12-11,10:14:48,1.9817,23.5,24.75,3209,15022652.0,3.027207120663602e-05
2023-12-11,10:14:48,1.9852,23.5,24.75,3209,15022652.0,3.027207120663602e-05
2023-12-11,10:14:48,1.9888,23.5,24.75,3207,15022651.0,3.036906225396806e-05
2023-12-11,10:14:48,1.9925,23.5,24.75,3208,15022650.0,3.032052794775979e-05
2023-12-11,10:14:48,1.9961,23.5,24.75,3208,15022651.0,3.032052794775979e-05
2023-12-11,10:14:48,1.9997,23.5,24.75,3207,15022652.0,3.036906225396806e-05
2023-12-11,10:14:48,2.0034,23.5,24.75,3207,15022651.0,3.036906225396806e-05
2023-12-11,10:14:48,2.0071,23.5,24.75,3208,15022650.0,3.032052794775979e-05
2023-12-11,10:14:48,2.0107,23.5,24.75,3208,15022651.0,3.032052794775979e-05
2023-12-11,10:14:48,2.018,23.5,24.75,3208,15022650.0,3.032052794775979e-05
2023-12-11,10:14:48,2.0217,23.5,24.75,3208,15022651.0,3.032052794775979e-05
2023-12-11,10:14:48,2.0253,23.5,24.75,3209,15022651.0,3.027207120663602e-05
2023-12-11,10:14:48,2.0289,23.5,24.75,3209,15022650.0,3.027207120663602e-05
2023-12-11,10:14:48,2.0325,23.5,24.75,3209,15022651.0,3.027207120663602e-05
2023-12-11,10:14:48,2.0362,23.5,24.75,3210,15022652.0,3.022369190663609e-05
2023-12-11,10:14:48,2.0399,23.5,24.75,3210,15022651.0,3.022369190663609e-05
2023-12-11,10:14:48,2.0435,23.5,24.75,3210,15022650.0,3.022369190663609e-05
2023-12-11,10:14:48,2.0471,23.5,24.75,3209,15022651.0,3.027207120663602e-05
2023-12-11,10:14:48,2.0544,23.5,24.75,3208,15022650.0,3.032052794775979e-05
2023-12-11,10:14:48,2.0581,23.5,24.75,3208,15022651.0,3.032052794775979e-05
2023-12-11,10:14:48,2.0617,23.5,24.75,3209,15022651.0,3.027207120663602e-05
2023-12-11,10:14:48,2.0652,23.5,24.75,3209,15022651.0,3.027207120663602e-05
2023-12-11,10:14:48,2.0688,23.5,24.75,3208,15022650.0,3.032052794775979e-05
2023-12-11,10:14:48,2.0724,23.5,24.75,3208,15022651.0,3.032052794775979e-05
2023-12-11,10:14:48,2.0761,23.5,24.75,3208,15022651.0,3.032052794775979e-05
2023-12-11,10:14:48,2.0798,23.5,24.75,3208,15022650.0,3.032052794775979e-05
2023-12-11,10:14:48,2.0834,23.5,24.75,3208,15022651.0,3.032052794775979e-05
2023-12-11,10:14:48,2.087,23.5,24.75,3208,15022651.0,3.032052794775979e-05
2023-12-11,10:14:48,2.0942,23.5,24.75,3211,15022654.0,3.017538992399754e-05
2023-12-11,10:14:48,2.0979,23.5,24.75,3209,15022652.0,3.027207120663602e-05
2023-12-11,10:14:48,2.1016,23.5,24.75,3209,15022652.0,3.027207120663602e-05
2023-12-11,10:14:48,2.1053,23.5,24.75,3209,15022652.0,3.027207120663602e-05
2023-12-11,10:14:48,2.1089,23.5,24.75,3208,15022652.0,3.032052794775979e-05
2023-12-11,10:14:48,2.1125,23.5,24.75,3207,15022652.0,3.036906225396806e-05
2023-12-11,10:14:48,2.1162,23.5,24.75,3208,15022652.0,3.032052794775979e-05
2023-12-11,10:14:48,2.1198,23.5,24.75,3208,15022652.0,3.032052794775979e-05
2023-12-11,10:14:48,2.1234,23.5,24.75,3207,15022652.0,3.036906225396806e-05
2023-12-11,10:14:48,2.1271,23.5,24.75,3208,15022652.0,3.032052794775979e-05
2023-12-11,10:14:48,2.1344,23.5,24.75,3208,15022651.0,3.032052794775979e-05
2023-12-11,10:14:48,2.138,23.5,24.75,3208,15022652.0,3.032052794775979e-05
2023-12-11,10:14:48,2.1415,23.5,24.75,3208,15022651.0,3.032052794775979e-05
2023-12-11,10:14:48,2.1452,23.5,24.75,3208,15022651.0,3.032052794775979e-05
2023-12-11,10:14:48,2.149,23.5,24.75,3209,15022652.0,3.027207120663602e-05
2023-12-11,10:14:48,2.1525,23.5,24.75,3209,15022652.0,3.027207120663602e-05
2023-12-11,10:14:48,2.1561,23.5,24.75,3209,15022652.0,3.027207120663602e-05
2023-12-11,10:14:48,2.1597,23.5,24.75,3210,15022651.0,3.022369190663609e-05
2023-12-11,10:14:48,2.1634,23.5,24.75,3210,15022652.0,3.022369190663609e-05
2023-12-11,10:14:48,2.1671,23.5,24.75,3208,15022651.0,3.032052794775979e-05
2023-12-11,10:14:48,2.1743,23.5,24.75,3209,15022652.0,3.027207120663602e-05
2023-12-11,10:14:48,2.1779,23.5,24.75,3208,15022652.0,3.032052794775979e-05
2023-12-11,10:14:48,2.1816,23.5,24.75,3207,15022652.0,3.036906225396806e-05
2023-12-11,10:14:48,2.1853,23.5,24.75,3206,15022651.0,3.041767424941981e-05
2023-12-11,10:14:48,2.1889,23.5,24.75,3206,15022651.0,3.041767424941981e-05
2023-12-11,10:14:48,2.1925,23.5,24.75,3208,15022651.0,3.032052794775979e-05
2023-12-11,10:14:48,2.1962,23.5,24.75,3209,15022651.0,3.027207120663602e-05
2023-12-11,10:14:48,2.1999,23.5,24.75,3211,15022653.0,3.017538992399754e-05
2023-12-11,10:14:48,2.2035,23.5,24.75,3211,15022653.0,3.017538992399754e-05
2023-12-11,10:14:48,2.2107,23.5,24.75,3208,15022653.0,3.032052794775979e-05
2023-12-11,10:14:48,2.2144,23.5,24.75,3207,15022652.0,3.036906225396806e-05
2023-12-11,10:14:48,2.2181,23.5,24.75,3208,15022651.0,3.032052794775979e-05
2023-12-11,10:14:48,2.2217,23.5,24.75,3208,15022651.0,3.032052794775979e-05
2023-12-11,10:14:48,2.2252,23.5,24.75,3208,15022651.0,3.032052794775979e-05
2023-12-11,10:14:48,2.2288,23.5,24.75,3209,15022652.0,3.027207120663602e-05
2023-12-11,10:14:48,2.2324,23.5,24.75,3208,15022652.0,3.032052794775979e-05
2023-12-11,10:14:48,2.2361,23.5,24.75,3208,15022652.0,3.032052794775979e-05
2023-12-11,10:14:48,2.2398,23.5,24.75,3209,15022651.0,3.027207120663602e-05
2023-12-11,10:14:48,2.2434,23.5,24.75,3209,15022652.0,3.027207120663602e-05
2023-12-11,10:14:48,2.2508,23.5,24.75,3208,15022649.0,3.032052794775979e-05
2023-12-11,10:14:48,2.2544,23.5,24.75,3208,15022651.0,3.032052794775979e-05
2023-12-11,10:14:48,2.258,23.5,24.75,3208,15022652.0,3.032052794775979e-05
2023-12-11,10:14:48,2.2616,23.5,24.75,3208,15022652.0,3.032052794775979e-05
2023-12-11,10:14:48,2.2652,23.5,24.75,3208,15022651.0,3.032052794775979e-05
2023-12-11,10:14:48,2.2689,23.5,24.75,3208,15022651.0,3.032052794775979e-05
2023-12-11,10:14:48,2.2726,23.5,24.75,3208,15022652.0,3.032052794775979e-05
2023-12-11,10:14:48,2.2762,23.5,24.75,3208,15022652.0,3.032052794775979e-05
2023-12-11,10:14:48,2.2798,23.5,24.75,3208,15022652.0,3.032052794775979e-05
2023-12-11,10:14:49,2.2834,23.5,24.75,3208,15022651.0,3.032052794775979e-05
2023-12-11,10:14:49,2.2908,23.5,24.75,3208,15022652.0,3.032052794775979e-05
2023-12-11,10:14:49,2.2944,23.5,24.75,3208,15022652.0,3.032052794775979e-05
2023-12-11,10:14:49,2.298,23.5,24.75,3208,15022652.0,3.032052794775979e-05
2023-12-11,10:14:49,2.3015,23.5,24.75,3209,15022652.0,3.027207120663602e-05
2023-12-11,10:14:49,2.3051,23.5,24.75,3209,15022652.0,3.027207120663602e-05
2023-12-11,10:14:49,2.3088,23.5,24.75,3208,15022652.0,3.032052794775979e-05
2023-12-11,10:14:49,2.3125,23.5,24.75,3207,15022652.0,3.036906225396806e-05
2023-12-11,10:14:49,2.3161,23.5,24.75,3207,15022652.0,3.036906225396806e-05
2023-12-11,10:14:49,2.3197,23.5,24.75,3207,15022651.0,3.036906225396806e-05
2023-12-11,10:14:49,2.3234,23.5,24.75,3207,15022652.0,3.036906225396806e-05
2023-12-11,10:14:49,2.3307,23.5,24.75,3208,15022651.0,3.032052794775979e-05
2023-12-11,10:14:49,2.3343,23.5,24.75,3207,15022653.0,3.036906225396806e-05
2023-12-11,10:14:49,2.3379,23.5,24.75,3208,15022652.0,3.032052794775979e-05
2023-12-11,10:14:49,2.3416,23.5,24.75,3209,15022651.0,3.027207120663602e-05
2023-12-11,10:14:49,2.3453,23.5,24.75,3208,15022651.0,3.032052794775979e-05
2023-12-11,10:14:49,2.3489,23.5,24.75,3208,15022652.0,3.032052794775979e-05
2023-12-11,10:14:49,2.3525,23.5,24.75,3208,15022652.0,3.032052794775979e-05
2023-12-11,10:14:49,2.3561,23.5,24.75,3207,15022652.0,3.036906225396806e-05
2023-12-11,10:14:49,2.3596,23.5,24.75,3207,15022652.0,3.036906225396806e-05
2023-12-11,10:14:49,2.3669,23.5,24.75,3209,15022651.0,3.027207120663602e-05
2023-12-11,10:14:49,2.3707,23.5,24.75,3208,15022653.0,3.032052794775979e-05
2023-12-11,10:14:49,2.3742,23.5,24.75,3207,15022652.0,3.036906225396806e-05
2023-12-11,10:14:49,2.378,23.5,24.75,3208,15022650.0,3.032052794775979e-05
2023-12-11,10:14:49,2.3817,23.5,24.75,3208,15022651.0,3.032052794775979e-05
2023-12-11,10:14:49,2.3852,23.5,24.75,3207,15022652.0,3.036906225396806e-05
2023-12-11,10:14:49,2.3888,23.5,24.75,3207,15022652.0,3.036906225396806e-05
2023-12-11,10:14:49,2.3924,23.5,24.75,3208,15022651.0,3.032052794775979e-05
2023-12-11,10:14:49,2.3961,23.5,24.75,3208,15022651.0,3.032052794775979e-05
2023-12-11,10:14:49,2.3997,23.5,24.75,3208,15022651.0,3.032052794775979e-05
2023-12-11,10:14:49,2.407,23.5,24.75,3209,15022652.0,3.027207120663602e-05
2023-12-11,10:14:49,2.4106,23.5,24.75,3209,15022652.0,3.027207120663602e-05
2023-12-11,10:14:49,2.4142,23.5,24.75,3209,15022652.0,3.027207120663602e-05
2023-12-11,10:14:49,2.4179,23.5,24.75,3209,15022652.0,3.027207120663602e-05
2023-12-11,10:14:49,2.4216,23.5,24.75,3209,15022652.0,3.027207120663602e-05
2023-12-11,10:14:49,2.4253,23.5,24.75,3208,15022651.0,3.032052794775979e-05
2023-12-11,10:14:49,2.429,23.5,24.75,3208,15022651.0,3.032052794775979e-05
2023-12-11,10:14:49,2.4326,23.5,24.75,3209,15022652.0,3.027207120663602e-05
2023-12-11,10:14:49,2.4362,23.5,24.75,3208,15022652.0,3.032052794775979e-05
2023-12-11,10:14:49,2.4398,23.5,24.75,3207,15022652.0,3.036906225396806e-05
2023-12-11,10:14:49,2.4471,23.5,24.75,3209,15022650.0,3.027207120663602e-05
2023-12-11,10:14:49,2.4507,23.5,24.75,3209,15022652.0,3.027207120663602e-05
2023-12-11,10:14:49,2.4542,23.5,24.75,3209,15022652.0,3.027207120663602e-05
2023-12-11,10:14:49,2.458,23.5,24.75,3209,15022652.0,3.027207120663602e-05
2023-12-11,10:14:49,2.4615,23.5,24.75,3210,15022653.0,3.022369190663609e-05
2023-12-11,10:14:49,2.4651,23.5,24.75,3211,15022652.0,3.017538992399754e-05
2023-12-11,10:14:49,2.4688,23.5,24.75,3210,15022652.0,3.022369190663609e-05
2023-12-11,10:14:49,2.4725,23.5,24.75,3209,15022652.0,3.027207120663602e-05
2023-12-11,10:14:49,2.4761,23.5,24.75,3209,15022652.0,3.027207120663602e-05
2023-12-11,10:14:49,2.4798,23.5,24.75,3208,15022652.0,3.032052794775979e-05
2023-12-11,10:14:49,2.4871,23.5,24.75,3209,15022652.0,3.027207120663602e-05
2023-12-11,10:14:49,2.4907,23.5,24.75,3208,15022652.0,3.032052794775979e-05
2023-12-11,10:14:49,2.4943,23.5,24.75,3208,15022651.0,3.032052794775979e-05
2023-12-11,10:14:49,2.4979,23.5,24.75,3209,15022652.0,3.027207120663602e-05
2023-12-11,10:14:49,2.5015,23.5,24.75,3209,15022652.0,3.027207120663602e-05
2023-12-11,10:14:49,2.5052,23.5,24.75,3209,15022652.0,3.027207120663602e-05
2023-12-11,10:14:49,2.5089,23.5,24.75,3209,15022652.0,3.027207120663602e-05
2023-12-11,10:14:49,2.5125,23.5,24.75,3208,15022652.0,3.032052794775979e-05
2023-12-11,10:14:49,2.5161,23.5,24.75,3209,15022652.0,3.027207120663602e-05
2023-12-11,10:14:49,2.5232,23.5,24.75,3208,15022654.0,3.032052794775979e-05
2023-12-11,10:14:49,2.5268,23.5,24.75,3208,15022653.0,3.032052794775979e-05
2023-12-11,10:14:49,2.5305,23.5,24.75,3209,15022652.0,3.027207120663602e-05
2023-12-11,10:14:49,2.5342,23.5,24.75,3209,15022651.0,3.027207120663602e-05
2023-12-11,10:14:49,2.5378,23.5,24.75,3209,15022652.0,3.027207120663602e-05
2023-12-11,10:14:49,2.5415,23.5,24.75,3208,15022651.0,3.032052794775979e-05
2023-12-11,10:14:49,2.5451,23.5,24.75,3208,15022650.0,3.032052794775979e-05
2023-12-11,10:14:49,2.5487,23.5,24.75,3208,15022651.0,3.032052794775979e-05
2023-12-11,10:14:49,2.5524,23.5,24.75,3207,15022652.0,3.036906225396806e-05
2023-12-11,10:14:49,2.556,23.5,24.75,3207,15022653.0,3.036906225396806e-05
2023-12-11,10:14:49,2.5632,23.5,24.75,3207,15022650.0,3.036906225396806e-05
2023-12-11,10:14:49,2.5669,23.5,24.75,3208,15022651.0,3.032052794775979e-05
2023-12-11,10:14:49,2.5706,23.5,24.75,3208,15022652.0,3.032052794775979e-05
2023-12-11,10:14:49,2.5743,23.5,24.75,3208,15022651.0,3.032052794775979e-05
2023-12-11,10:14:49,2.5779,23.5,24.75,3209,15022652.0,3.027207120663602e-05
2023-12-11,10:14:49,2.5815,23.5,24.75,3209,15022652.0,3.027207120663602e-05
2023-12-11,10:14:49,2.5852,23.5,24.75,3208,15022651.0,3.032052794775979e-05
2023-12-11,10:14:49,2.5888,23.5,24.75,3208,15022652.0,3.032052794775979e-05
2023-12-11,10:14:49,2.5924,23.5,24.75,3209,15022652.0,3.027207120663602e-05
2023-12-11,10:14:49,2.5959,23.5,24.75,3208,15022651.0,3.032052794775979e-05
2023-12-11,10:14:49,2.6034,23.5,24.75,3209,15022653.0,3.027207120663602e-05
2023-12-11,10:14:49,2.6069,23.5,24.75,3208,15022652.0,3.032052794775979e-05
2023-12-11,10:14:49,2.6105,23.5,24.75,3208,15022652.0,3.032052794775979e-05
2023-12-11,10:14:49,2.6141,23.5,24.75,3211,15022652.0,3.017538992399754e-05
2023-12-11,10:14:49,2.6178,23.5,24.75,3211,15022652.0,3.017538992399754e-05
2023-12-11,10:14:49,2.6215,23.5,24.75,3208,15022651.0,3.032052794775979e-05
2023-12-11,10:14:49,2.6251,23.5,24.75,3208,15022651.0,3.032052794775979e-05
2023-12-11,10:14:49,2.6287,23.5,24.75,3209,15022652.0,3.027207120663602e-05
2023-12-11,10:14:49,2.6324,23.5,24.75,3208,15022652.0,3.032052794775979e-05
2023-12-11,10:14:49,2.6397,23.5,24.75,3208,15022654.0,3.032052794775979e-05
2023-12-11,10:14:49,2.6433,23.5,24.75,3207,15022652.0,3.036906225396806e-05
2023-12-11,10:14:49,2.6469,23.5,24.75,3208,15022651.0,3.032052794775979e-05
2023-12-11,10:14:49,2.6505,23.5,24.75,3210,15022652.0,3.022369190663609e-05
2023-12-11,10:14:49,2.6542,23.5,24.75,3209,15022653.0,3.027207120663602e-05
2023-12-11,10:14:49,2.6579,23.5,24.75,3207,15022651.0,3.036906225396806e-05
2023-12-11,10:14:49,2.6615,23.5,24.75,3208,15022651.0,3.032052794775979e-05
2023-12-11,10:14:49,2.6651,23.5,24.75,3208,15022651.0,3.032052794775979e-05
2023-12-11,10:14:49,2.6686,23.5,24.75,3208,15022650.0,3.032052794775979e-05
2023-12-11,10:14:49,2.6722,23.5,24.75,3208,15022651.0,3.032052794775979e-05
2023-12-11,10:14:49,2.6796,23.5,24.75,3208,15022650.0,3.032052794775979e-05
2023-12-11,10:14:49,2.6832,23.5,24.75,3207,15022652.0,3.036906225396806e-05
2023-12-11,10:14:49,2.6868,23.5,24.75,3207,15022652.0,3.036906225396806e-05
2023-12-11,10:14:49,2.6905,23.5,24.75,3208,15022651.0,3.032052794775979e-05
2023-12-11,10:14:49,2.6942,23.5,24.75,3209,15022652.0,3.027207120663602e-05
2023-12-11,10:14:49,2.6978,23.5,24.75,3209,15022652.0,3.027207120663602e-05
2023-12-11,10:14:49,2.7014,23.5,24.75,3208,15022652.0,3.032052794775979e-05
2023-12-11,10:14:49,2.705,23.5,24.75,3207,15022652.0,3.036906225396806e-05
2023-12-11,10:14:49,2.7086,23.5,24.75,3207,15022652.0,3.036906225396806e-05
2023-12-11,10:14:49,2.7123,23.5,24.75,3208,15022651.0,3.032052794775979e-05
2023-12-11,10:14:49,2.7196,23.5,24.75,3207,15022652.0,3.036906225396806e-05
2023-12-11,10:14:49,2.7232,23.5,24.75,3206,15022652.0,3.041767424941981e-05
2023-12-11,10:14:49,2.7269,23.5,24.75,3207,15022651.0,3.036906225396806e-05
2023-12-11,10:14:49,2.7306,23.5,24.75,3208,15022651.0,3.032052794775979e-05
2023-12-11,10:14:49,2.7342,23.5,24.75,3208,15022652.0,3.032052794775979e-05
2023-12-11,10:14:49,2.7378,23.5,24.75,3208,15022652.0,3.032052794775979e-05
2023-12-11,10:14:49,2.7413,23.5,24.75,3208,15022652.0,3.032052794775979e-05
2023-12-11,10:14:49,2.7451,23.5,24.75,3208,15022652.0,3.032052794775979e-05
2023-12-11,10:14:49,2.7488,23.5,24.75,3207,15022652.0,3.036906225396806e-05
2023-12-11,10:14:49,2.7524,23.5,24.75,3209,15022653.0,3.027207120663602e-05
2023-12-11,10:14:49,2.7595,23.5,24.75,3207,15022652.0,3.036906225396806e-05
2023-12-11,10:14:49,2.7632,23.5,24.75,3207,15022653.0,3.036906225396806e-05
2023-12-11,10:14:49,2.7669,23.5,24.75,3207,15022652.0,3.036906225396806e-05
2023-12-11,10:14:49,2.7705,23.5,24.75,3207,15022652.0,3.036906225396806e-05
2023-12-11,10:14:49,2.7741,23.5,24.75,3207,15022653.0,3.036906225396806e-05
2023-12-11,10:14:49,2.7777,23.5,24.75,3208,15022652.0,3.032052794775979e-05
2023-12-11,10:14:49,2.7814,23.5,24.75,3208,15022651.0,3.032052794775979e-05
2023-12-11,10:14:49,2.7851,23.5,24.75,3207,15022651.0,3.036906225396806e-05
2023-12-11,10:14:49,2.7887,23.5,24.75,3207,15022652.0,3.036906225396806e-05
2023-12-11,10:14:49,2.7924,23.5,24.75,3208,15022651.0,3.032052794775979e-05
2023-12-11,10:14:49,2.7996,23.5,24.75,3207,15022652.0,3.036906225396806e-05
2023-12-11,10:14:49,2.8033,23.5,24.75,3207,15022652.0,3.036906225396806e-05
2023-12-11,10:14:49,2.8069,23.5,24.75,3207,15022652.0,3.036906225396806e-05
2023-12-11,10:14:49,2.8106,23.5,24.75,3207,15022652.0,3.036906225396806e-05
2023-12-11,10:14:49,2.8143,23.5,24.75,3207,15022652.0,3.036906225396806e-05
2023-12-11,10:14:49,2.8179,23.5,24.75,3208,15022652.0,3.032052794775979e-05
2023-12-11,10:14:49,2.8215,23.5,24.75,3209,15022651.0,3.027207120663602e-05
2023-12-11,10:14:49,2.8252,23.5,24.75,3208,15022651.0,3.032052794775979e-05
2023-12-11,10:14:49,2.8289,23.5,24.75,3207,15022651.0,3.036906225396806e-05
2023-12-11,10:14:49,2.8325,23.5,24.75,3208,15022652.0,3.032052794775979e-05
2023-12-11,10:14:49,2.8399,23.5,24.75,3207,15022651.0,3.036906225396806e-05
2023-12-11,10:14:49,2.8435,23.5,24.75,3208,15022651.0,3.032052794775979e-05
2023-12-11,10:14:49,2.8471,23.5,24.75,3209,15022652.0,3.027207120663602e-05
2023-12-11,10:14:49,2.8508,23.5,24.75,3209,15022653.0,3.027207120663602e-05
2023-12-11,10:14:49,2.8545,23.5,24.75,3208,15022653.0,3.032052794775979e-05
2023-12-11,10:14:49,2.8581,23.5,24.75,3207,15022652.0,3.036906225396806e-05
2023-12-11,10:14:49,2.8617,23.5,24.75,3207,15022651.0,3.036906225396806e-05
2023-12-11,10:14:49,2.8652,23.5,24.75,3207,15022651.0,3.036906225396806e-05
2023-12-11,10:14:49,2.869,23.5,24.75,3207,15022653.0,3.036906225396806e-05
2023-12-11,10:14:49,2.8727,23.5,24.75,3208,15022652.0,3.032052794775979e-05
2023-12-11,10:14:49,2.8798,23.5,24.75,3207,15022653.0,3.036906225396806e-05
2023-12-11,10:14:49,2.8834,23.5,24.75,3207,15022652.0,3.036906225396806e-05
2023-12-11,10:14:49,2.8871,23.5,24.75,3207,15022652.0,3.036906225396806e-05
2023-12-11,10:14:49,2.8908,23.5,24.75,3207,15022652.0,3.036906225396806e-05
2023-12-11,10:14:49,2.8944,23.5,24.75,3208,15022651.0,3.032052794775979e-05
2023-12-11,10:14:49,2.8981,23.5,24.75,3208,15022652.0,3.032052794775979e-05
2023-12-11,10:14:49,2.9019,23.5,24.75,3208,15022652.0,3.032052794775979e-05
2023-12-11,10:14:49,2.9054,23.5,24.75,3208,15022652.0,3.032052794775979e-05
2023-12-11,10:14:49,2.909,23.5,24.75,3208,15022652.0,3.032052794775979e-05
2023-12-11,10:14:49,2.9162,23.5,24.75,3207,15022653.0,3.036906225396806e-05
2023-12-11,10:14:49,2.9198,23.5,24.75,3207,15022652.0,3.036906225396806e-05
2023-12-11,10:14:49,2.9234,23.5,24.75,3207,15022652.0,3.036906225396806e-05
2023-12-11,10:14:49,2.9271,23.5,24.75,3207,15022652.0,3.036906225396806e-05
2023-12-11,10:14:49,2.9308,23.5,24.75,3207,15022652.0,3.036906225396806e-05
2023-12-11,10:14:49,2.9344,23.5,24.75,3207,15022652.0,3.036906225396806e-05
2023-12-11,10:14:49,2.938,23.5,24.75,3207,15022651.0,3.036906225396806e-05
2023-12-11,10:14:49,2.9417,23.5,24.75,3207,15022652.0,3.036906225396806e-05
2023-12-11,10:14:49,2.9454,23.5,24.75,3208,15022652.0,3.032052794775979e-05
2023-12-11,10:14:49,2.949,23.5,24.75,3208,15022652.0,3.032052794775979e-05
2023-12-11,10:14:49,2.9563,23.5,24.75,3207,15022651.0,3.036906225396806e-05
2023-12-11,10:14:49,2.9598,23.5,24.75,3208,15022652.0,3.032052794775979e-05
2023-12-11,10:14:49,2.9634,23.5,24.75,3208,15022651.0,3.032052794775979e-05
2023-12-11,10:14:49,2.9671,23.5,24.75,3208,15022651.0,3.032052794775979e-05
2023-12-11,10:14:49,2.9707,23.5,24.75,3209,15022652.0,3.027207120663602e-05
2023-12-11,10:14:49,2.9743,23.5,24.75,3208,15022652.0,3.032052794775979e-05
2023-12-11,10:14:49,2.978,23.5,24.75,3207,15022652.0,3.036906225396806e-05
2023-12-11,10:14:49,2.9817,23.5,24.75,3207,15022653.0,3.036906225396806e-05
2023-12-11,10:14:49,2.9853,23.5,24.75,3208,15022653.0,3.032052794775979e-05
2023-12-11,10:14:49,2.9889,23.5,24.75,3208,15022652.0,3.032052794775979e-05
2023-12-11,10:14:49,2.9961,23.5,24.75,3207,15022654.0,3.036906225396806e-05
2023-12-11,10:14:49,2.9998,23.5,24.75,3206,15022653.0,3.041767424941981e-05
2023-12-11,10:14:49,3.0035,23.5,24.75,3206,15022652.0,3.041767424941981e-05
2023-12-11,10:14:49,3.0071,23.5,24.5,3207,15022652.0,3.036906225396806e-05
2023-12-11,10:14:49,3.0108,23.5,24.5,3208,15022652.0,3.032052794775979e-05
2023-12-11,10:14:49,3.0145,23.5,24.5,3208,15022652.0,3.032052794775979e-05
2023-12-11,10:14:49,3.0181,23.5,24.5,3208,15022652.0,3.032052794775979e-05
2023-12-11,10:14:49,3.0217,23.5,24.5,3207,15022652.0,3.036906225396806e-05
2023-12-11,10:14:49,3.0254,23.5,24.5,3206,15022652.0,3.041767424941981e-05
2023-12-11,10:14:49,3.0291,23.5,24.5,3207,15022653.0,3.036906225396806e-05
2023-12-11,10:14:49,3.0361,23.5,24.5,3207,15022651.0,3.036906225396806e-05
2023-12-11,10:14:49,3.0398,23.5,24.5,3208,15022652.0,3.032052794775979e-05
2023-12-11,10:14:49,3.0434,23.5,24.5,3208,15022653.0,3.032052794775979e-05
2023-12-11,10:14:49,3.047,23.5,24.5,3209,15022651.0,3.027207120663602e-05
2023-12-11,10:14:49,3.0507,23.5,24.5,3208,15022650.0,3.032052794775979e-05
2023-12-11,10:14:49,3.0544,23.5,24.5,3207,15022651.0,3.036906225396806e-05
2023-12-11,10:14:49,3.0581,23.5,24.5,3208,15022652.0,3.032052794775979e-05
2023-12-11,10:14:49,3.0617,23.5,24.5,3208,15022652.0,3.032052794775979e-05
2023-12-11,10:14:49,3.0653,23.5,24.5,3209,15022653.0,3.027207120663602e-05
2023-12-11,10:14:49,3.069,23.5,24.5,3208,15022653.0,3.032052794775979e-05
2023-12-11,10:14:49,3.0763,23.5,24.5,3208,15022653.0,3.032052794775979e-05
2023-12-11,10:14:49,3.0799,23.5,24.5,3206,15022653.0,3.041767424941981e-05
2023-12-11,10:14:49,3.0836,23.5,24.5,3206,15022653.0,3.041767424941981e-05
2023-12-11,10:14:49,3.0872,23.5,24.5,3207,15022652.0,3.036906225396806e-05
2023-12-11,10:14:49,3.0908,23.5,24.5,3208,15022651.0,3.032052794775979e-05
2023-12-11,10:14:49,3.0945,23.5,24.5,3208,15022653.0,3.032052794775979e-05
2023-12-11,10:14:49,3.0982,23.5,24.5,3208,15022652.0,3.032052794775979e-05
2023-12-11,10:14:49,3.1018,23.5,24.5,3207,15022652.0,3.036906225396806e-05
2023-12-11,10:14:49,3.1054,23.5,24.5,3206,15022652.0,3.041767424941981e-05
2023-12-11,10:14:49,3.1125,23.5,24.5,3208,15022652.0,3.032052794775979e-05
2023-12-11,10:14:49,3.1163,23.5,24.5,3208,15022652.0,3.032052794775979e-05
2023-12-11,10:14:49,3.12,23.5,24.5,3208,15022653.0,3.032052794775979e-05
2023-12-11,10:14:49,3.1236,23.5,24.5,3208,15022653.0,3.032052794775979e-05
2023-12-11,10:14:49,3.1271,23.5,24.5,3207,15022653.0,3.036906225396806e-05
2023-12-11,10:14:49,3.1307,23.5,24.5,3207,15022653.0,3.036906225396806e-05
2023-12-11,10:14:49,3.1344,23.5,24.5,3208,15022653.0,3.032052794775979e-05
2023-12-11,10:14:49,3.1381,23.5,24.5,3208,15022653.0,3.032052794775979e-05
2023-12-11,10:14:49,3.1417,23.5,24.5,3208,15022652.0,3.032052794775979e-05
2023-12-11,10:14:49,3.1453,23.5,24.5,3208,15022653.0,3.032052794775979e-05
2023-12-11,10:14:49,3.1525,23.5,24.5,3207,15022652.0,3.036906225396806e-05
2023-12-11,10:14:49,3.1562,23.5,24.5,3207,15022653.0,3.036906225396806e-05
2023-12-11,10:14:49,3.1599,23.5,24.5,3207,15022653.0,3.036906225396806e-05
2023-12-11,10:14:49,3.1635,23.5,24.5,3207,15022653.0,3.036906225396806e-05
2023-12-11,10:14:49,3.1671,23.5,24.5,3207,15022653.0,3.036906225396806e-05
2023-12-11,10:14:49,3.1708,23.5,24.5,3207,15022653.0,3.036906225396806e-05
2023-12-11,10:14:49,3.1745,23.5,24.5,3207,15022653.0,3.036906225396806e-05
2023-12-11,10:14:49,3.1781,23.5,24.5,3207,15022652.0,3.036906225396806e-05
2023-12-11,10:14:49,3.1817,23.5,24.5,3207,15022653.0,3.036906225396806e-05
2023-12-11,10:14:49,3.1854,23.5,24.5,3208,15022652.0,3.032052794775979e-05
2023-12-11,10:14:49,3.1925,23.5,24.5,3207,15022653.0,3.036906225396806e-05
2023-12-11,10:14:49,3.1963,23.5,24.5,3207,15022652.0,3.036906225396806e-05
2023-12-11,10:14:49,3.1998,23.5,24.5,3207,15022653.0,3.036906225396806e-05
2023-12-11,10:14:49,3.2034,23.5,24.5,3207,15022653.0,3.036906225396806e-05
2023-12-11,10:14:49,3.207,23.5,24.5,3208,15022653.0,3.032052794775979e-05
2023-12-11,10:14:49,3.2107,23.5,24.5,3208,15022652.0,3.032052794775979e-05
2023-12-11,10:14:49,3.2144,23.5,24.5,3208,15022652.0,3.032052794775979e-05
2023-12-11,10:14:49,3.218,23.5,24.5,3208,15022652.0,3.032052794775979e-05
2023-12-11,10:14:49,3.2216,23.5,24.5,3207,15022652.0,3.036906225396806e-05
2023-12-11,10:14:49,3.2289,23.5,24.5,3208,15022653.0,3.032052794775979e-05
2023-12-11,10:14:49,3.2325,23.5,24.5,3208,15022652.0,3.032052794775979e-05
2023-12-11,10:14:49,3.2362,23.5,24.5,3208,15022652.0,3.032052794775979e-05
2023-12-11,10:14:49,3.2398,23.5,24.5,3209,15022653.0,3.027207120663602e-05
2023-12-11,10:14:49,3.2434,23.5,24.5,3209,15022653.0,3.027207120663602e-05
2023-12-11,10:14:49,3.2471,23.5,24.5,3208,15022655.0,3.032052794775979e-05
2023-12-11,10:14:49,3.2508,23.5,24.5,3208,15022655.0,3.032052794775979e-05
2023-12-11,10:14:49,3.2544,23.5,24.5,3210,15022654.0,3.022369190663609e-05
2023-12-11,10:14:49,3.258,23.5,24.5,3209,15022654.0,3.027207120663602e-05
2023-12-11,10:14:49,3.2615,23.5,24.5,3207,15022654.0,3.036906225396806e-05
2023-12-11,10:14:49,3.269,23.5,24.5,3207,15022651.0,3.036906225396806e-05
2023-12-11,10:14:49,3.2725,23.5,24.5,3207,15022652.0,3.036906225396806e-05
2023-12-11,10:14:49,3.2763,23.5,24.5,3206,15022652.0,3.041767424941981e-05
2023-12-11,10:14:49,3.28,23.5,24.5,3206,15022652.0,3.041767424941981e-05
2023-12-11,10:14:50,3.2836,23.5,24.5,3208,15022654.0,3.032052794775979e-05
2023-12-11,10:14:50,3.2871,23.5,24.5,3208,15022654.0,3.032052794775979e-05
2023-12-11,10:14:50,3.2907,23.5,24.5,3207,15022653.0,3.036906225396806e-05
2023-12-11,10:14:50,3.2943,23.5,24.5,3207,15022653.0,3.036906225396806e-05
2023-12-11,10:14:50,3.298,23.5,24.5,3207,15022654.0,3.036906225396806e-05
2023-12-11,10:14:50,3.3017,23.5,24.5,3207,15022652.0,3.036906225396806e-05
2023-12-11,10:14:50,3.309,23.5,24.5,3207,15022654.0,3.036906225396806e-05
2023-12-11,10:14:50,3.3127,23.5,24.5,3207,15022653.0,3.036906225396806e-05
2023-12-11,10:14:50,3.3163,23.5,24.5,3207,15022653.0,3.036906225396806e-05
2023-12-11,10:14:50,3.3199,23.5,24.5,3208,15022654.0,3.032052794775979e-05
2023-12-11,10:14:50,3.3235,23.5,24.5,3208,15022653.0,3.032052794775979e-05
2023-12-11,10:14:50,3.3271,23.5,24.5,3207,15022652.0,3.036906225396806e-05
2023-12-11,10:14:50,3.3307,23.5,24.5,3207,15022653.0,3.036906225396806e-05
2023-12-11,10:14:50,3.3344,23.5,24.5,3206,15022653.0,3.041767424941981e-05
2023-12-11,10:14:50,3.3381,23.5,24.5,3206,15022652.0,3.041767424941981e-05
2023-12-11,10:14:50,3.3417,23.5,24.5,3207,15022654.0,3.036906225396806e-05
2023-12-11,10:14:50,3.3488,23.5,24.5,3207,15022652.0,3.036906225396806e-05
2023-12-11,10:14:50,3.3525,23.5,24.5,3207,15022652.0,3.036906225396806e-05
2023-12-11,10:14:50,3.3563,23.5,24.5,3210,15022654.0,3.022369190663609e-05
2023-12-11,10:14:50,3.3598,23.5,24.5,3211,15022653.0,3.017538992399754e-05
2023-12-11,10:14:50,3.3636,23.5,24.5,3208,15022651.0,3.032052794775979e-05
2023-12-11,10:14:50,3.3671,23.5,24.5,3207,15022652.0,3.036906225396806e-05
2023-12-11,10:14:50,3.3707,23.5,24.5,3206,15022652.0,3.041767424941981e-05
2023-12-11,10:14:50,3.3744,23.5,24.5,3206,15022652.0,3.041767424941981e-05
2023-12-11,10:14:50,3.378,23.5,24.5,3207,15022654.0,3.036906225396806e-05
2023-12-11,10:14:50,3.3816,23.5,24.5,3207,15022653.0,3.036906225396806e-05
2023-12-11,10:14:50,3.3889,23.5,24.5,3207,15022653.0,3.036906225396806e-05
2023-12-11,10:14:50,3.3926,23.5,24.5,3208,15022652.0,3.032052794775979e-05
2023-12-11,10:14:50,3.3962,23.5,24.5,3207,15022652.0,3.036906225396806e-05
2023-12-11,10:14:50,3.3998,23.5,24.5,3207,15022653.0,3.036906225396806e-05
2023-12-11,10:14:50,3.4035,23.5,24.5,3207,15022653.0,3.036906225396806e-05
2023-12-11,10:14:50,3.4072,23.5,24.5,3207,15022654.0,3.036906225396806e-05
2023-12-11,10:14:50,3.4108,23.5,24.5,3208,15022653.0,3.032052794775979e-05
2023-12-11,10:14:50,3.4144,23.5,24.5,3208,15022653.0,3.032052794775979e-05
2023-12-11,10:14:50,3.418,23.5,24.5,3207,15022653.0,3.036906225396806e-05
2023-12-11,10:14:50,3.4254,23.5,24.5,3207,15022655.0,3.036906225396806e-05
2023-12-11,10:14:50,3.429,23.5,24.5,3207,15022653.0,3.036906225396806e-05
2023-12-11,10:14:50,3.4325,23.5,24.5,3207,15022652.0,3.036906225396806e-05
2023-12-11,10:14:50,3.4361,23.5,24.5,3207,15022652.0,3.036906225396806e-05
2023-12-11,10:14:50,3.4397,23.5,24.5,3207,15022652.0,3.036906225396806e-05
2023-12-11,10:14:50,3.4434,23.5,24.5,3207,15022653.0,3.036906225396806e-05
2023-12-11,10:14:50,3.447,23.5,24.5,3208,15022653.0,3.032052794775979e-05
2023-12-11,10:14:50,3.4506,23.5,24.5,3208,15022652.0,3.032052794775979e-05
2023-12-11,10:14:50,3.4543,23.5,24.5,3207,15022652.0,3.036906225396806e-05
2023-12-11,10:14:50,3.4579,23.5,24.5,3207,15022654.0,3.036906225396806e-05
2023-12-11,10:14:50,3.4653,23.5,24.5,3208,15022652.0,3.032052794775979e-05
2023-12-11,10:14:50,3.4689,23.5,24.5,3208,15022653.0,3.032052794775979e-05
2023-12-11,10:14:50,3.4725,23.5,24.5,3208,15022653.0,3.032052794775979e-05
2023-12-11,10:14:50,3.4761,23.5,24.5,3208,15022653.0,3.032052794775979e-05
2023-12-11,10:14:50,3.4796,23.5,24.5,3206,15022653.0,3.041767424941981e-05
2023-12-11,10:14:50,3.4834,23.5,24.5,3206,15022653.0,3.041767424941981e-05
2023-12-11,10:14:50,3.4871,23.5,24.5,3207,15022653.0,3.036906225396806e-05
2023-12-11,10:14:50,3.4907,23.5,24.5,3207,15022653.0,3.036906225396806e-05
2023-12-11,10:14:50,3.4942,23.5,24.5,3206,15022652.0,3.041767424941981e-05
2023-12-11,10:14:50,3.4978,23.5,24.5,3206,15022652.0,3.041767424941981e-05
2023-12-11,10:14:50,3.5052,23.5,24.5,3207,15022654.0,3.036906225396806e-05
2023-12-11,10:14:50,3.5088,23.5,24.5,3207,15022654.0,3.036906225396806e-05
2023-12-11,10:14:50,3.5125,23.5,24.5,3207,15022654.0,3.036906225396806e-05
2023-12-11,10:14:50,3.5163,23.5,24.5,3207,15022653.0,3.036906225396806e-05
2023-12-11,10:14:50,3.5198,23.5,24.5,3208,15022652.0,3.032052794775979e-05
2023-12-11,10:14:50,3.5236,23.5,24.5,3209,15022654.0,3.027207120663602e-05
2023-12-11,10:14:50,3.5271,23.5,24.5,3208,15022654.0,3.032052794775979e-05
2023-12-11,10:14:50,3.5307,23.5,24.5,3207,15022653.0,3.036906225396806e-05
2023-12-11,10:14:50,3.5344,23.5,24.5,3207,15022652.0,3.036906225396806e-05
2023-12-11,10:14:50,3.538,23.5,24.5,3207,15022653.0,3.036906225396806e-05
2023-12-11,10:14:50,3.5452,23.5,24.5,3208,15022653.0,3.032052794775979e-05
2023-12-11,10:14:50,3.5489,23.5,24.5,3209,15022653.0,3.027207120663602e-05
2023-12-11,10:14:50,3.5526,23.5,24.5,3210,15022654.0,3.022369190663609e-05
2023-12-11,10:14:50,3.5562,23.5,24.5,3209,15022654.0,3.027207120663602e-05
2023-12-11,10:14:50,3.5598,23.5,24.5,3207,15022653.0,3.036906225396806e-05
2023-12-11,10:14:50,3.5635,23.5,24.5,3209,15022652.0,3.027207120663602e-05
2023-12-11,10:14:50,3.5672,23.5,24.5,3211,15022653.0,3.017538992399754e-05
2023-12-11,10:14:50,3.5708,23.5,24.5,3211,15022653.0,3.017538992399754e-05
2023-12-11,10:14:50,3.5744,23.5,24.5,3210,15022653.0,3.022369190663609e-05
2023-12-11,10:14:50,3.5781,23.5,24.5,3209,15022653.0,3.027207120663602e-05
2023-12-11,10:14:50,3.5854,23.5,24.5,3209,15022653.0,3.027207120663602e-05
2023-12-11,10:14:50,3.589,23.5,24.5,3208,15022653.0,3.032052794775979e-05
2023-12-11,10:14:50,3.5925,23.5,24.5,3208,15022653.0,3.032052794775979e-05
2023-12-11,10:14:50,3.5963,23.5,24.5,3209,15022654.0,3.027207120663602e-05
2023-12-11,10:14:50,3.6,23.5,24.5,3209,15022654.0,3.027207120663602e-05
2023-12-11,10:14:50,3.6036,23.5,24.5,3209,15022654.0,3.027207120663602e-05
2023-12-11,10:14:50,3.6071,23.5,24.5,3209,15022654.0,3.027207120663602e-05
2023-12-11,10:14:50,3.6108,23.5,24.5,3209,15022653.0,3.027207120663602e-05
2023-12-11,10:14:50,3.6144,23.5,24.5,3209,15022653.0,3.027207120663602e-05
2023-12-11,10:14:50,3.6217,23.5,24.5,3209,15022655.0,3.027207120663602e-05
2023-12-11,10:14:50,3.6253,23.5,24.5,3208,15022652.0,3.032052794775979e-05
2023-12-11,10:14:50,3.6289,23.5,24.5,3208,15022653.0,3.032052794775979e-05
2023-12-11,10:14:50,3.6326,23.5,24.5,3209,15022654.0,3.027207120663602e-05
2023-12-11,10:14:50,3.6363,23.5,24.5,3208,15022654.0,3.032052794775979e-05
2023-12-11,10:14:50,3.6399,23.5,24.5,3209,15022654.0,3.027207120663602e-05
2023-12-11,10:14:50,3.6435,23.5,24.5,3210,15022653.0,3.022369190663609e-05
2023-12-11,10:14:50,3.6471,23.5,24.5,3209,15022654.0,3.027207120663602e-05
2023-12-11,10:14:50,3.6508,23.5,24.5,3209,15022654.0,3.027207120663602e-05
2023-12-11,10:14:50,3.6545,23.5,24.5,3209,15022654.0,3.027207120663602e-05
2023-12-11,10:14:50,3.6617,23.5,24.5,3208,15022653.0,3.032052794775979e-05
2023-12-11,10:14:50,3.6652,23.5,24.5,3208,15022655.0,3.032052794775979e-05
2023-12-11,10:14:50,3.669,23.5,24.5,3207,15022654.0,3.036906225396806e-05
2023-12-11,10:14:50,3.6727,23.5,24.5,3208,15022653.0,3.032052794775979e-05
2023-12-11,10:14:50,3.6763,23.5,24.5,3209,15022654.0,3.027207120663602e-05
2023-12-11,10:14:50,3.6798,23.5,24.5,3209,15022654.0,3.027207120663602e-05
2023-12-11,10:14:50,3.6834,23.5,24.5,3209,15022654.0,3.027207120663602e-05
2023-12-11,10:14:50,3.687,23.5,24.5,3209,15022654.0,3.027207120663602e-05
2023-12-11,10:14:50,3.6907,23.5,24.5,3209,15022653.0,3.027207120663602e-05
2023-12-11,10:14:50,3.6944,23.5,24.5,3209,15022652.0,3.027207120663602e-05
2023-12-11,10:14:50,3.7016,23.5,24.5,3208,15022655.0,3.032052794775979e-05
2023-12-11,10:14:50,3.7053,23.5,24.5,3207,15022654.0,3.036906225396806e-05
2023-12-11,10:14:50,3.709,23.5,24.5,3208,15022653.0,3.032052794775979e-05
2023-12-11,10:14:50,3.7126,23.5,24.5,3208,15022653.0,3.032052794775979e-05
2023-12-11,10:14:50,3.7163,23.5,24.5,3208,15022653.0,3.032052794775979e-05
2023-12-11,10:14:50,3.7199,23.5,24.5,3209,15022654.0,3.027207120663602e-05
2023-12-11,10:14:50,3.7235,23.5,24.5,3209,15022654.0,3.027207120663602e-05
2023-12-11,10:14:50,3.7272,23.5,24.5,3209,15022654.0,3.027207120663602e-05
2023-12-11,10:14:50,3.7308,23.5,24.5,3209,15022654.0,3.027207120663602e-05
2023-12-11,10:14:50,3.7344,23.5,24.5,3209,15022654.0,3.027207120663602e-05
2023-12-11,10:14:50,3.7418,23.5,24.5,3208,15022654.0,3.032052794775979e-05
2023-12-11,10:14:50,3.7454,23.5,24.5,3209,15022654.0,3.027207120663602e-05
2023-12-11,10:14:50,3.749,23.5,24.5,3210,15022654.0,3.022369190663609e-05
2023-12-11,10:14:50,3.7527,23.5,24.5,3210,15022655.0,3.022369190663609e-05
2023-12-11,10:14:50,3.7564,23.5,24.5,3209,15022654.0,3.027207120663602e-05
2023-12-11,10:14:50,3.76,23.5,24.5,3209,15022654.0,3.027207120663602e-05
2023-12-11,10:14:50,3.7636,23.5,24.5,3209,15022655.0,3.027207120663602e-05
2023-12-11,10:14:50,3.7671,23.5,24.5,3209,15022654.0,3.027207120663602e-05
2023-12-11,10:14:50,3.7707,23.5,24.5,3208,15022654.0,3.032052794775979e-05
2023-12-11,10:14:50,3.778,23.5,24.5,3211,15022652.0,3.017538992399754e-05
2023-12-11,10:14:50,3.7817,23.5,24.5,3209,15022653.0,3.027207120663602e-05
2023-12-11,10:14:50,3.7853,23.5,24.5,3210,15022654.0,3.022369190663609e-05
2023-12-11,10:14:50,3.7889,23.5,24.5,3210,15022654.0,3.022369190663609e-05
2023-12-11,10:14:50,3.7926,23.5,24.5,3209,15022655.0,3.027207120663602e-05
2023-12-11,10:14:50,3.7963,23.5,24.5,3209,15022655.0,3.027207120663602e-05
2023-12-11,10:14:50,3.7999,23.5,24.5,3208,15022654.0,3.032052794775979e-05
2023-12-11,10:14:50,3.8035,23.5,24.5,3208,15022653.0,3.032052794775979e-05
2023-12-11,10:14:50,3.8072,23.5,24.5,3209,15022653.0,3.027207120663602e-05
2023-12-11,10:14:50,3.8109,23.5,24.5,3208,15022654.0,3.032052794775979e-05
2023-12-11,10:14:50,3.8181,23.5,24.5,3208,15022654.0,3.032052794775979e-05
2023-12-11,10:14:50,3.8217,23.5,24.5,3208,15022654.0,3.032052794775979e-05
2023-12-11,10:14:50,3.8252,23.5,24.5,3208,15022653.0,3.032052794775979e-05
2023-12-11,10:14:50,3.829,23.5,24.5,3209,15022655.0,3.027207120663602e-05
2023-12-11,10:14:50,3.8327,23.5,24.5,3209,15022655.0,3.027207120663602e-05
2023-12-11,10:14:50,3.8363,23.5,24.5,3209,15022653.0,3.027207120663602e-05
2023-12-11,10:14:50,3.8398,23.5,24.5,3209,15022654.0,3.027207120663602e-05
2023-12-11,10:14:50,3.8436,23.5,24.5,3208,15022654.0,3.032052794775979e-05
2023-12-11,10:14:50,3.8473,23.5,24.5,3208,15022654.0,3.032052794775979e-05
2023-12-11,10:14:50,3.8508,23.5,24.5,3209,15022656.0,3.027207120663602e-05
2023-12-11,10:14:50,3.858,23.5,24.5,3209,15022652.0,3.027207120663602e-05
2023-12-11,10:14:50,3.8617,23.5,24.5,3209,15022654.0,3.027207120663602e-05
2023-12-11,10:14:50,3.8654,23.5,24.5,3209,15022654.0,3.027207120663602e-05
2023-12-11,10:14:50,3.869,23.5,24.5,3209,15022653.0,3.027207120663602e-05
2023-12-11,10:14:50,3.8726,23.5,24.5,3209,15022654.0,3.027207120663602e-05
2023-12-11,10:14:50,3.8762,23.5,24.5,3209,15022654.0,3.027207120663602e-05
2023-12-11,10:14:50,3.8799,23.5,24.5,3208,15022654.0,3.032052794775979e-05
2023-12-11,10:14:50,3.8836,23.5,24.5,3208,15022654.0,3.032052794775979e-05
2023-12-11,10:14:50,3.8872,23.5,24.5,3209,15022655.0,3.027207120663602e-05
2023-12-11,10:14:50,3.8908,23.5,24.5,3209,15022654.0,3.027207120663602e-05
2023-12-11,10:14:50,3.8981,23.5,24.5,3209,15022655.0,3.027207120663602e-05
2023-12-11,10:14:50,3.9018,23.5,24.5,3209,15022654.0,3.027207120663602e-05
2023-12-11,10:14:50,3.9054,23.5,24.5,3209,15022653.0,3.027207120663602e-05
2023-12-11,10:14:50,3.909,23.5,24.5,3209,15022653.0,3.027207120663602e-05
2023-12-11,10:14:50,3.9127,23.5,24.5,3209,15022654.0,3.027207120663602e-05
2023-12-11,10:14:50,3.9164,23.5,24.5,3208,15022654.0,3.032052794775979e-05
2023-12-11,10:14:50,3.92,23.5,24.5,3207,15022655.0,3.036906225396806e-05
2023-12-11,10:14:50,3.9236,23.5,24.5,3207,15022655.0,3.036906225396806e-05
2023-12-11,10:14:50,3.9271,23.5,24.5,3207,15022655.0,3.036906225396806e-05
2023-12-11,10:14:50,3.9308,23.5,24.5,3207,15022655.0,3.036906225396806e-05
2023-12-11,10:14:50,3.9381,23.5,24.5,3208,15022653.0,3.032052794775979e-05
2023-12-11,10:14:50,3.9417,23.5,24.5,3208,15022654.0,3.032052794775979e-05
2023-12-11,10:14:50,3.9453,23.5,24.5,3207,15022654.0,3.036906225396806e-05
2023-12-11,10:14:50,3.949,23.5,24.5,3210,15022653.0,3.022369190663609e-05
2023-12-11,10:14:50,3.9527,23.5,24.5,3212,15022654.0,3.012716513515561e-05
2023-12-11,10:14:50,3.9563,23.5,24.5,3210,15022655.0,3.022369190663609e-05
2023-12-11,10:14:50,3.9599,23.5,24.5,3209,15022654.0,3.027207120663602e-05
2023-12-11,10:14:50,3.9636,23.5,24.5,3209,15022653.0,3.027207120663602e-05
2023-12-11,10:14:50,3.9673,23.5,24.5,3209,15022655.0,3.027207120663602e-05
2023-12-11,10:14:50,3.9745,23.5,24.5,3209,15022654.0,3.027207120663602e-05
2023-12-11,10:14:50,3.9781,23.5,24.5,3208,15022655.0,3.032052794775979e-05
2023-12-11,10:14:50,3.9818,23.5,24.5,3210,15022656.0,3.022369190663609e-05
2023-12-11,10:14:50,3.9855,23.5,24.5,3210,15022657.0,3.022369190663609e-05
2023-12-11,10:14:50,3.9891,23.5,24.5,3208,15022656.0,3.032052794775979e-05
2023-12-11,10:14:50,3.9927,23.5,24.5,3209,15022655.0,3.027207120663602e-05
2023-12-11,10:14:50,3.9963,23.5,24.5,3209,15022654.0,3.027207120663602e-05
2023-12-11,10:14:50,3.9998,23.5,24.5,3209,15022654.0,3.027207120663602e-05
2023-12-11,10:14:50,4.0034,23.5,24.5,3209,15022654.0,3.027207120663602e-05
2023-12-11,10:14:50,4.0071,23.5,24.5,3208,15022655.0,3.032052794775979e-05
2023-12-11,10:14:50,4.0144,23.5,24.5,3210,15022654.0,3.022369190663609e-05
2023-12-11,10:14:50,4.018,23.5,24.5,3210,15022653.0,3.022369190663609e-05
2023-12-11,10:14:50,4.0217,23.5,24.5,3209,15022654.0,3.027207120663602e-05
2023-12-11,10:14:50,4.0254,23.5,24.5,3208,15022655.0,3.032052794775979e-05
2023-12-11,10:14:50,4.029,23.5,24.5,3208,15022654.0,3.032052794775979e-05
2023-12-11,10:14:50,4.0326,23.5,24.5,3208,15022654.0,3.032052794775979e-05
2023-12-11,10:14:50,4.0362,23.5,24.5,3209,15022654.0,3.027207120663602e-05
2023-12-11,10:14:50,4.0399,23.5,24.5,3209,15022653.0,3.027207120663602e-05
2023-12-11,10:14:50,4.0436,23.5,24.5,3208,15022653.0,3.032052794775979e-05
2023-12-11,10:14:50,4.0472,23.5,24.5,3208,15022654.0,3.032052794775979e-05
2023-12-11,10:14:50,4.0544,23.5,24.5,3209,15022649.0,3.027207120663602e-05
2023-12-11,10:14:50,4.0581,23.5,24.5,3209,15022653.0,3.027207120663602e-05
2023-12-11,10:14:50,4.0618,23.5,24.5,3209,15022653.0,3.027207120663602e-05
2023-12-11,10:14:50,4.0654,23.5,24.5,3209,15022653.0,3.027207120663602e-05
2023-12-11,10:14:50,4.0691,23.5,24.5,3209,15022655.0,3.027207120663602e-05
2023-12-11,10:14:50,4.0728,23.5,24.5,3208,15022655.0,3.032052794775979e-05
2023-12-11,10:14:50,4.0764,23.5,24.5,3208,15022656.0,3.032052794775979e-05
2023-12-11,10:14:50,4.08,23.5,24.5,3208,15022655.0,3.032052794775979e-05
2023-12-11,10:14:50,4.0836,23.5,24.5,3208,15022654.0,3.032052794775979e-05
2023-12-11,10:14:50,4.0873,23.5,24.5,3208,15022654.0,3.032052794775979e-05
2023-12-11,10:14:50,4.0946,23.5,24.5,3209,15022655.0,3.027207120663602e-05
2023-12-11,10:14:50,4.0981,23.5,24.5,3209,15022654.0,3.027207120663602e-05
2023-12-11,10:14:50,4.1019,23.5,24.5,3209,15022654.0,3.027207120663602e-05
2023-12-11,10:14:50,4.1056,23.5,24.5,3209,15022655.0,3.027207120663602e-05
2023-12-11,10:14:50,4.1092,23.5,24.5,3209,15022655.0,3.027207120663602e-05
2023-12-11,10:14:50,4.1127,23.5,24.5,3209,15022654.0,3.027207120663602e-05
2023-12-11,10:14:50,4.1163,23.5,24.5,3209,15022654.0,3.027207120663602e-05
2023-12-11,10:14:50,4.1199,23.5,24.5,3209,15022655.0,3.027207120663602e-05
2023-12-11,10:14:50,4.1236,23.5,24.5,3209,15022655.0,3.027207120663602e-05
2023-12-11,10:14:50,4.1273,23.5,24.5,3209,15022655.0,3.027207120663602e-05
2023-12-11,10:14:50,4.1345,23.5,24.5,3207,15022653.0,3.036906225396806e-05
2023-12-11,10:14:50,4.1381,23.5,24.5,3207,15022654.0,3.036906225396806e-05
2023-12-11,10:14:50,4.1418,23.5,24.5,3208,15022655.0,3.032052794775979e-05
2023-12-11,10:14:50,4.1455,23.5,24.5,3209,15022655.0,3.027207120663602e-05
2023-12-11,10:14:50,4.1491,23.5,24.5,3208,15022655.0,3.032052794775979e-05
2023-12-11,10:14:50,4.1527,23.5,24.5,3208,15022654.0,3.032052794775979e-05
2023-12-11,10:14:50,4.1564,23.5,24.5,3209,15022655.0,3.027207120663602e-05
2023-12-11,10:14:50,4.1601,23.5,24.5,3209,15022654.0,3.027207120663602e-05
2023-12-11,10:14:50,4.1637,23.5,24.5,3209,15022655.0,3.027207120663602e-05
2023-12-11,10:14:50,4.1673,23.5,24.5,3208,15022655.0,3.032052794775979e-05
2023-12-11,10:14:50,4.1746,23.5,24.5,3209,15022655.0,3.027207120663602e-05
2023-12-11,10:14:50,4.1783,23.5,24.5,3209,15022655.0,3.027207120663602e-05
2023-12-11,10:14:50,4.1819,23.5,24.5,3208,15022656.0,3.032052794775979e-05
2023-12-11,10:14:50,4.1856,23.5,24.5,3207,15022655.0,3.036906225396806e-05
2023-12-11,10:14:50,4.1892,23.5,24.5,3209,15022654.0,3.027207120663602e-05
2023-12-11,10:14:50,4.1927,23.5,24.5,3210,15022654.0,3.022369190663609e-05
2023-12-11,10:14:50,4.1964,23.5,24.5,3209,15022654.0,3.027207120663602e-05
2023-12-11,10:14:50,4.2,23.5,24.5,3208,15022655.0,3.032052794775979e-05
2023-12-11,10:14:50,4.2036,23.5,24.5,3208,15022655.0,3.032052794775979e-05
2023-12-11,10:14:50,4.211,23.5,24.5,3209,15022656.0,3.027207120663602e-05
2023-12-11,10:14:50,4.2146,23.5,24.5,3209,15022654.0,3.027207120663602e-05
2023-12-11,10:14:50,4.2183,23.5,24.5,3209,15022654.0,3.027207120663602e-05
2023-12-11,10:14:50,4.222,23.5,24.5,3209,15022655.0,3.027207120663602e-05
2023-12-11,10:14:50,4.2256,23.5,24.5,3209,15022654.0,3.027207120663602e-05
2023-12-11,10:14:50,4.2292,23.5,24.5,3210,15022655.0,3.022369190663609e-05
2023-12-11,10:14:50,4.2328,23.5,24.5,3211,15022654.0,3.017538992399754e-05
2023-12-11,10:14:50,4.2365,23.5,24.5,3209,15022655.0,3.027207120663602e-05
2023-12-11,10:14:50,4.2402,23.5,24.5,3207,15022656.0,3.036906225396806e-05
2023-12-11,10:14:50,4.2438,23.5,24.5,3208,15022656.0,3.032052794775979e-05
2023-12-11,10:14:50,4.251,23.5,24.5,3209,15022653.0,3.027207120663602e-05
2023-12-11,10:14:50,4.2547,23.5,24.5,3208,15022655.0,3.032052794775979e-05
2023-12-11,10:14:50,4.2584,23.5,24.5,3207,15022655.0,3.036906225396806e-05
2023-12-11,10:14:50,4.262,23.5,24.5,3208,15022655.0,3.032052794775979e-05
2023-12-11,10:14:50,4.2656,23.5,24.5,3209,15022654.0,3.027207120663602e-05
2023-12-11,10:14:50,4.2692,23.5,24.5,3209,15022654.0,3.027207120663602e-05
2023-12-11,10:14:50,4.2729,23.5,24.5,3208,15022654.0,3.032052794775979e-05
2023-12-11,10:14:50,4.2766,23.5,24.5,3208,15022654.0,3.032052794775979e-05
2023-12-11,10:14:50,4.2802,23.5,24.5,3209,15022655.0,3.027207120663602e-05
2023-12-11,10:14:51,4.2839,23.5,24.5,3209,15022655.0,3.027207120663602e-05
2023-12-11,10:14:51,4.2912,23.5,24.5,3207,15022655.0,3.036906225396806e-05
2023-12-11,10:14:51,4.2949,23.5,24.5,3207,15022654.0,3.036906225396806e-05
2023-12-11,10:14:51,4.2985,23.5,24.5,3207,15022654.0,3.036906225396806e-05
2023-12-11,10:14:51,4.302,23.5,24.5,3208,15022655.0,3.032052794775979e-05
2023-12-11,10:14:51,4.3058,23.5,24.5,3208,15022654.0,3.032052794775979e-05
2023-12-11,10:14:51,4.3093,23.5,24.5,3207,15022654.0,3.036906225396806e-05
2023-12-11,10:14:51,4.3131,23.5,24.5,3207,15022654.0,3.036906225396806e-05
2023-12-11,10:14:51,4.3168,23.5,24.5,3208,15022656.0,3.032052794775979e-05
2023-12-11,10:14:51,4.3204,23.5,24.5,3209,15022655.0,3.027207120663602e-05
2023-12-11,10:14:51,4.3239,23.5,24.5,3208,15022655.0,3.032052794775979e-05
2023-12-11,10:14:51,4.3312,23.5,24.5,3208,15022655.0,3.032052794775979e-05
2023-12-11,10:14:51,4.3349,23.5,24.5,3209,15022654.0,3.027207120663602e-05
2023-12-11,10:14:51,4.3385,23.5,24.5,3209,15022654.0,3.027207120663602e-05
2023-12-11,10:14:51,4.3421,23.5,24.5,3209,15022654.0,3.027207120663602e-05
2023-12-11,10:14:51,4.3457,23.5,24.5,3208,15022653.0,3.032052794775979e-05
2023-12-11,10:14:51,4.3494,23.5,24.5,3208,15022654.0,3.032052794775979e-05
2023-12-11,10:14:51,4.3531,23.5,24.5,3208,15022655.0,3.032052794775979e-05
2023-12-11,10:14:51,4.3567,23.5,24.5,3207,15022656.0,3.036906225396806e-05
2023-12-11,10:14:51,4.3603,23.5,24.5,3207,15022654.0,3.036906225396806e-05
2023-12-11,10:14:51,4.3639,23.5,24.5,3207,15022653.0,3.036906225396806e-05
2023-12-11,10:14:51,4.371,23.5,24.5,3207,15022656.0,3.036906225396806e-05
2023-12-11,10:14:51,4.3748,23.5,24.5,3206,15022654.0,3.041767424941981e-05
2023-12-11,10:14:51,4.3785,23.5,24.5,3207,15022654.0,3.036906225396806e-05
2023-12-11,10:14:51,4.3822,23.5,24.5,3208,15022654.0,3.032052794775979e-05
2023-12-11,10:14:51,4.3859,23.5,24.5,3208,15022654.0,3.032052794775979e-05
2023-12-11,10:14:51,4.3895,23.5,24.5,3208,15022654.0,3.032052794775979e-05
2023-12-11,10:14:51,4.3929,23.5,24.5,3207,15022654.0,3.036906225396806e-05
2023-12-11,10:14:51,4.3965,23.5,24.5,3208,15022655.0,3.032052794775979e-05
2023-12-11,10:14:51,4.4002,23.5,24.5,3209,15022654.0,3.027207120663602e-05
2023-12-11,10:14:51,4.4038,23.5,24.5,3208,15022655.0,3.032052794775979e-05
2023-12-11,10:14:51,4.4111,23.5,24.5,3207,15022654.0,3.036906225396806e-05
2023-12-11,10:14:51,4.4148,23.5,24.5,3207,15022655.0,3.036906225396806e-05
2023-12-11,10:14:51,4.4184,23.5,24.5,3207,15022654.0,3.036906225396806e-05
2023-12-11,10:14:51,4.422,23.5,24.5,3208,15022654.0,3.032052794775979e-05
2023-12-11,10:14:51,4.4257,23.5,24.5,3208,15022655.0,3.032052794775979e-05
2023-12-11,10:14:51,4.4294,23.5,24.5,3207,15022654.0,3.036906225396806e-05
2023-12-11,10:14:51,4.433,23.5,24.5,3208,15022655.0,3.032052794775979e-05
2023-12-11,10:14:51,4.4366,23.5,24.5,3208,15022654.0,3.032052794775979e-05
2023-12-11,10:14:51,4.4402,23.5,24.5,3207,15022654.0,3.036906225396806e-05
2023-12-11,10:14:51,4.4473,23.5,24.5,3206,15022654.0,3.041767424941981e-05
2023-12-11,10:14:51,4.451,23.5,24.5,3207,15022654.0,3.036906225396806e-05
2023-12-11,10:14:51,4.4548,23.5,24.5,3208,15022656.0,3.032052794775979e-05
2023-12-11,10:14:51,4.4583,23.5,24.5,3209,15022655.0,3.027207120663602e-05
2023-12-11,10:14:51,4.4619,23.5,24.5,3208,15022654.0,3.032052794775979e-05
2023-12-11,10:14:51,4.4656,23.5,24.5,3207,15022654.0,3.036906225396806e-05
2023-12-11,10:14:51,4.4693,23.5,24.5,3208,15022656.0,3.032052794775979e-05
2023-12-11,10:14:51,4.4729,23.5,24.5,3209,15022655.0,3.027207120663602e-05
2023-12-11,10:14:51,4.4766,23.5,24.5,3208,15022654.0,3.032052794775979e-05
2023-12-11,10:14:51,4.4804,23.5,24.5,3207,15022655.0,3.036906225396806e-05
2023-12-11,10:14:51,4.4875,23.5,24.5,3206,15022654.0,3.041767424941981e-05
2023-12-11,10:14:51,4.4911,23.5,24.5,3208,15022654.0,3.032052794775979e-05
2023-12-11,10:14:51,4.4947,23.5,24.5,3208,15022655.0,3.032052794775979e-05
2023-12-11,10:14:51,4.4984,23.5,24.5,3207,15022655.0,3.036906225396806e-05
2023-12-11,10:14:51,4.5021,23.5,24.5,3208,15022654.0,3.032052794775979e-05
2023-12-11,10:14:51,4.5057,23.5,24.5,3208,15022654.0,3.032052794775979e-05
2023-12-11,10:14:51,4.5093,23.5,24.5,3208,15022654.0,3.032052794775979e-05
2023-12-11,10:14:51,4.513,23.5,24.75,3208,15022655.0,3.032052794775979e-05
2023-12-11,10:14:51,4.5167,23.5,24.75,3208,15022654.0,3.032052794775979e-05
2023-12-11,10:14:51,4.5203,23.5,24.75,3208,15022655.0,3.032052794775979e-05
2023-12-11,10:14:51,4.5275,23.5,24.75,3207,15022655.0,3.036906225396806e-05
2023-12-11,10:14:51,4.531,23.5,24.75,3207,15022656.0,3.036906225396806e-05
2023-12-11,10:14:51,4.5348,23.5,24.75,3206,15022655.0,3.041767424941981e-05
2023-12-11,10:14:51,4.5383,23.5,24.75,3206,15022655.0,3.041767424941981e-05
2023-12-11,10:14:51,4.5419,23.5,24.75,3208,15022655.0,3.032052794775979e-05
2023-12-11,10:14:51,4.5456,23.5,24.75,3208,15022655.0,3.032052794775979e-05
2023-12-11,10:14:51,4.5492,23.5,24.75,3207,15022655.0,3.036906225396806e-05
2023-12-11,10:14:51,4.5528,23.5,24.75,3208,15022654.0,3.032052794775979e-05
2023-12-11,10:14:51,4.5565,23.5,24.75,3208,15022654.0,3.032052794775979e-05
2023-12-11,10:14:51,4.5638,23.5,24.75,3207,15022653.0,3.036906225396806e-05
2023-12-11,10:14:51,4.5674,23.5,24.75,3207,15022654.0,3.036906225396806e-05
2023-12-11,10:14:51,4.571,23.5,24.75,3206,15022655.0,3.041767424941981e-05
2023-12-11,10:14:51,4.5746,23.5,24.75,3205,15022655.0,3.046636405847287e-05
2023-12-11,10:14:51,4.5783,23.5,24.75,3205,15022655.0,3.046636405847287e-05
2023-12-11,10:14:51,4.582,23.5,24.75,3207,15022654.0,3.036906225396806e-05
2023-12-11,10:14:51,4.5856,23.5,24.75,3208,15022654.0,3.032052794775979e-05
2023-12-11,10:14:51,4.5893,23.5,24.75,3208,15022654.0,3.032052794775979e-05
2023-12-11,10:14:51,4.593,23.5,24.75,3209,15022656.0,3.027207120663602e-05
2023-12-11,10:14:51,4.5966,23.5,24.75,3208,15022655.0,3.032052794775979e-05
2023-12-11,10:14:51,4.6037,23.5,24.75,3208,15022655.0,3.032052794775979e-05
2023-12-11,10:14:51,4.6075,23.5,24.75,3208,15022654.0,3.032052794775979e-05
2023-12-11,10:14:51,4.6112,23.5,24.75,3207,15022654.0,3.036906225396806e-05
2023-12-11,10:14:51,4.6148,23.5,24.75,3207,15022655.0,3.036906225396806e-05
2023-12-11,10:14:51,4.6183,23.5,24.75,3210,15022654.0,3.022369190663609e-05
2023-12-11,10:14:51,4.622,23.5,24.75,3210,15022653.0,3.022369190663609e-05
2023-12-11,10:14:51,4.6256,23.5,24.75,3207,15022654.0,3.036906225396806e-05
2023-12-11,10:14:51,4.6292,23.5,24.75,3206,15022653.0,3.041767424941981e-05
2023-12-11,10:14:51,4.6329,23.5,24.75,3206,15022653.0,3.041767424941981e-05
2023-12-11,10:14:51,4.6365,23.5,24.75,3207,15022655.0,3.036906225396806e-05
2023-12-11,10:14:51,4.6437,23.5,24.75,3208,15022655.0,3.032052794775979e-05
2023-12-11,10:14:51,4.6474,23.5,24.75,3208,15022655.0,3.032052794775979e-05
2023-12-11,10:14:51,4.6511,23.5,24.75,3206,15022654.0,3.041767424941981e-05
2023-12-11,10:14:51,4.6547,23.5,24.75,3207,15022654.0,3.036906225396806e-05
2023-12-11,10:14:51,4.6583,23.5,24.75,3207,15022654.0,3.036906225396806e-05
2023-12-11,10:14:51,4.662,23.5,24.75,3207,15022654.0,3.036906225396806e-05
2023-12-11,10:14:51,4.6657,23.5,24.75,3208,15022655.0,3.032052794775979e-05
2023-12-11,10:14:51,4.6693,23.5,24.75,3207,15022655.0,3.036906225396806e-05
2023-12-11,10:14:51,4.6729,23.5,24.75,3206,15022654.0,3.041767424941981e-05
2023-12-11,10:14:51,4.6764,23.5,24.75,3206,15022654.0,3.041767424941981e-05
2023-12-11,10:14:51,4.6837,23.5,24.75,3207,15022655.0,3.036906225396806e-05
2023-12-11,10:14:51,4.6875,23.5,24.75,3207,15022654.0,3.036906225396806e-05
2023-12-11,10:14:51,4.691,23.5,24.75,3207,15022655.0,3.036906225396806e-05
2023-12-11,10:14:51,4.6946,23.5,24.75,3207,15022656.0,3.036906225396806e-05
2023-12-11,10:14:51,4.6983,23.5,24.75,3207,15022655.0,3.036906225396806e-05
2023-12-11,10:14:51,4.702,23.5,24.75,3207,15022654.0,3.036906225396806e-05
2023-12-11,10:14:51,4.7056,23.5,24.75,3207,15022655.0,3.036906225396806e-05
2023-12-11,10:14:51,4.7092,23.5,24.75,3209,15022656.0,3.027207120663602e-05
2023-12-11,10:14:51,4.7128,23.5,24.75,3209,15022655.0,3.027207120663602e-05
2023-12-11,10:14:51,4.7202,23.5,24.75,3206,15022655.0,3.041767424941981e-05
2023-12-11,10:14:51,4.7238,23.5,24.75,3207,15022655.0,3.036906225396806e-05
2023-12-11,10:14:51,4.7274,23.5,24.75,3208,15022654.0,3.032052794775979e-05
2023-12-11,10:14:51,4.731,23.5,24.75,3208,15022653.0,3.032052794775979e-05
2023-12-11,10:14:51,4.7347,23.5,24.75,3207,15022654.0,3.036906225396806e-05
2023-12-11,10:14:51,4.7384,23.5,24.75,3207,15022655.0,3.036906225396806e-05
2023-12-11,10:14:51,4.742,23.5,24.75,3207,15022655.0,3.036906225396806e-05
2023-12-11,10:14:51,4.7456,23.5,24.75,3206,15022654.0,3.041767424941981e-05
2023-12-11,10:14:51,4.7492,23.5,24.75,3206,15022654.0,3.041767424941981e-05
2023-12-11,10:14:51,4.7527,23.5,24.75,3207,15022654.0,3.036906225396806e-05
2023-12-11,10:14:51,4.7602,23.5,24.75,3207,15022652.0,3.036906225396806e-05
2023-12-11,10:14:51,4.7637,23.5,24.75,3207,15022654.0,3.036906225396806e-05
2023-12-11,10:14:51,4.7675,23.5,24.75,3207,15022654.0,3.036906225396806e-05
2023-12-11,10:14:51,4.7712,23.5,24.75,3207,15022654.0,3.036906225396806e-05
2023-12-11,10:14:51,4.7748,23.5,24.75,3207,15022654.0,3.036906225396806e-05
2023-12-11,10:14:51,4.7783,23.5,24.75,3208,15022654.0,3.032052794775979e-05
2023-12-11,10:14:51,4.7819,23.5,24.75,3208,15022654.0,3.032052794775979e-05
2023-12-11,10:14:51,4.7855,23.5,24.75,3208,15022654.0,3.032052794775979e-05
2023-12-11,10:14:51,4.7892,23.5,24.75,3208,15022654.0,3.032052794775979e-05
2023-12-11,10:14:51,4.7929,23.5,24.75,3207,15022654.0,3.036906225396806e-05
2023-12-11,10:14:51,4.8001,23.5,24.75,3206,15022655.0,3.041767424941981e-05
2023-12-11,10:14:51,4.8038,23.5,24.75,3207,15022655.0,3.036906225396806e-05
2023-12-11,10:14:51,4.8075,23.5,24.75,3207,15022655.0,3.036906225396806e-05
2023-12-11,10:14:51,4.8111,23.5,24.75,3207,15022656.0,3.036906225396806e-05
2023-12-11,10:14:51,4.8147,23.5,24.75,3207,15022657.0,3.036906225396806e-05
2023-12-11,10:14:51,4.8183,23.5,24.75,3206,15022656.0,3.041767424941981e-05
2023-12-11,10:14:51,4.822,23.5,24.75,3207,15022654.0,3.036906225396806e-05
2023-12-11,10:14:51,4.8257,23.5,24.75,3208,15022654.0,3.032052794775979e-05
2023-12-11,10:14:51,4.8293,23.5,24.75,3207,15022655.0,3.036906225396806e-05
2023-12-11,10:14:51,4.8329,23.5,24.75,3207,15022654.0,3.036906225396806e-05
2023-12-11,10:14:51,4.84,23.5,24.75,3206,15022654.0,3.041767424941981e-05
2023-12-11,10:14:51,4.8437,23.5,24.75,3206,15022655.0,3.041767424941981e-05
2023-12-11,10:14:51,4.8475,23.5,24.75,3207,15022655.0,3.036906225396806e-05
2023-12-11,10:14:51,4.851,23.5,24.75,3207,15022655.0,3.036906225396806e-05
2023-12-11,10:14:51,4.8548,23.5,24.75,3207,15022659.0,3.036906225396806e-05
2023-12-11,10:14:51,4.8583,23.5,24.75,3208,15022658.0,3.032052794775979e-05
2023-12-11,10:14:51,4.8619,23.5,24.75,3208,15022654.0,3.032052794775979e-05
2023-12-11,10:14:51,4.8656,23.5,24.75,3207,15022654.0,3.036906225396806e-05
2023-12-11,10:14:51,4.8692,23.5,24.75,3207,15022654.0,3.036906225396806e-05
2023-12-11,10:14:51,4.8729,23.5,24.75,3207,15022654.0,3.036906225396806e-05
2023-12-11,10:14:51,4.8802,23.5,24.75,3207,15022655.0,3.036906225396806e-05
2023-12-11,10:14:51,4.8838,23.5,24.75,3206,15022655.0,3.041767424941981e-05
2023-12-11,10:14:51,4.8874,23.5,24.75,3205,15022655.0,3.046636405847287e-05
2023-12-11,10:14:51,4.891,23.5,24.75,3206,15022655.0,3.041767424941981e-05
2023-12-11,10:14:51,4.8947,23.5,24.75,3206,15022654.0,3.041767424941981e-05
2023-12-11,10:14:51,4.8984,23.5,24.75,3205,15022654.0,3.046636405847287e-05
2023-12-11,10:14:51,4.902,23.5,24.75,3206,15022653.0,3.041767424941981e-05
2023-12-11,10:14:51,4.9056,23.5,24.75,3207,15022654.0,3.036906225396806e-05
2023-12-11,10:14:51,4.9093,23.5,24.75,3207,15022654.0,3.036906225396806e-05
2023-12-11,10:14:51,4.9166,23.5,24.75,3207,15022655.0,3.036906225396806e-05
2023-12-11,10:14:51,4.9202,23.5,24.75,3206,15022654.0,3.041767424941981e-05
2023-12-11,10:14:51,4.9237,23.5,24.75,3206,15022654.0,3.041767424941981e-05
2023-12-11,10:14:51,4.9275,23.5,24.75,3206,15022654.0,3.041767424941981e-05
2023-12-11,10:14:51,4.931,23.5,24.75,3205,15022654.0,3.046636405847287e-05
2023-12-11,10:14:51,4.9346,23.5,24.75,3205,15022655.0,3.046636405847287e-05
2023-12-11,10:14:51,4.9383,23.5,24.75,3206,15022654.0,3.041767424941981e-05
2023-12-11,10:14:51,4.9419,23.5,24.75,3206,15022653.0,3.041767424941981e-05
2023-12-11,10:14:51,4.9455,23.5,24.75,3205,15022653.0,3.046636405847287e-05
2023-12-11,10:14:51,4.9491,23.5,24.75,3207,15022656.0,3.036906225396806e-05
2023-12-11,10:14:51,4.9565,23.5,24.75,3208,15022653.0,3.032052794775979e-05
2023-12-11,10:14:51,4.9601,23.5,24.75,3208,15022654.0,3.032052794775979e-05
2023-12-11,10:14:51,4.9637,23.5,24.75,3208,15022654.0,3.032052794775979e-05
2023-12-11,10:14:51,4.9674,23.5,24.75,3208,15022654.0,3.032052794775979e-05
2023-12-11,10:14:51,4.9711,23.5,24.75,3208,15022654.0,3.032052794775979e-05
2023-12-11,10:14:51,4.9747,23.5,24.75,3208,15022654.0,3.032052794775979e-05
2023-12-11,10:14:51,4.9783,23.5,24.75,3208,15022653.0,3.032052794775979e-05
2023-12-11,10:14:51,4.982,23.5,24.75,3208,15022653.0,3.032052794775979e-05
2023-12-11,10:14:51,4.9856,23.5,24.75,3209,15022654.0,3.027207120663602e-05
2023-12-11,10:14:51,4.9892,23.5,24.75,3209,15022654.0,3.027207120663602e-05
2023-12-11,10:14:51,4.9964,23.5,24.75,3209,15022655.0,3.027207120663602e-05
2023-12-11,10:14:51,5.0,23.5,24.75,3208,15022653.0,3.032052794775979e-05
2023-12-11,10:14:51,5.0036,23.5,24.75,3208,15022653.0,3.032052794775979e-05
2023-12-11,10:14:51,5.0072,23.5,24.75,3208,15022654.0,3.032052794775979e-05
2023-12-11,10:14:51,5.0109,23.5,24.75,3208,15022654.0,3.032052794775979e-05
2023-12-11,10:14:51,5.0146,23.56,24.75,3209,15022655.0,3.027207120663602e-05
2023-12-11,10:14:51,5.0182,23.56,24.75,3208,15022655.0,3.032052794775979e-05
2023-12-11,10:14:51,5.0218,23.56,24.75,3207,15022655.0,3.036906225396806e-05
2023-12-11,10:14:51,5.0255,23.56,24.75,3210,15022654.0,3.022369190663609e-05
2023-12-11,10:14:51,5.0328,23.56,24.75,3208,15022655.0,3.032052794775979e-05
2023-12-11,10:14:51,5.0364,23.56,24.75,3208,15022654.0,3.032052794775979e-05
2023-12-11,10:14:51,5.04,23.56,24.75,3207,15022655.0,3.036906225396806e-05
2023-12-11,10:14:51,5.0437,23.56,24.75,3207,15022655.0,3.036906225396806e-05
2023-12-11,10:14:51,5.0474,23.56,24.75,3207,15022655.0,3.036906225396806e-05
2023-12-11,10:14:51,5.051,23.56,24.75,3207,15022655.0,3.036906225396806e-05
2023-12-11,10:14:51,5.0547,23.56,24.75,3208,15022654.0,3.032052794775979e-05
2023-12-11,10:14:51,5.0584,23.56,24.75,3208,15022654.0,3.032052794775979e-05
2023-12-11,10:14:51,5.062,23.56,24.75,3207,15022654.0,3.036906225396806e-05
2023-12-11,10:14:51,5.0656,23.56,24.75,3207,15022656.0,3.036906225396806e-05
2023-12-11,10:14:51,5.0727,23.56,24.75,3207,15022653.0,3.036906225396806e-05
2023-12-11,10:14:51,5.0763,23.56,24.75,3205,15022655.0,3.046636405847287e-05
2023-12-11,10:14:51,5.08,23.56,24.75,3205,15022655.0,3.046636405847287e-05
2023-12-11,10:14:51,5.0837,23.56,24.75,3206,15022655.0,3.041767424941981e-05
2023-12-11,10:14:51,5.0873,23.56,24.75,3206,15022655.0,3.041767424941981e-05
2023-12-11,10:14:51,5.0909,23.56,24.75,3206,15022655.0,3.041767424941981e-05
2023-12-11,10:14:51,5.0945,23.56,24.75,3207,15022654.0,3.036906225396806e-05
2023-12-11,10:14:51,5.0982,23.56,24.75,3207,15022654.0,3.036906225396806e-05
2023-12-11,10:14:51,5.1019,23.56,24.75,3206,15022654.0,3.041767424941981e-05
2023-12-11,10:14:51,5.1055,23.56,24.75,3206,15022653.0,3.041767424941981e-05
2023-12-11,10:14:51,5.1127,23.56,24.75,3205,15022656.0,3.046636405847287e-05
2023-12-11,10:14:51,5.1164,23.56,24.75,3205,15022655.0,3.046636405847287e-05
2023-12-11,10:14:51,5.1201,23.56,24.75,3205,15022655.0,3.046636405847287e-05
2023-12-11,10:14:51,5.1237,23.56,24.75,3205,15022655.0,3.046636405847287e-05
2023-12-11,10:14:51,5.1273,23.56,24.75,3206,15022655.0,3.041767424941981e-05
2023-12-11,10:14:51,5.131,23.56,24.75,3206,15022655.0,3.041767424941981e-05
2023-12-11,10:14:51,5.1346,23.56,24.75,3206,15022654.0,3.041767424941981e-05
2023-12-11,10:14:51,5.1381,23.56,24.75,3206,15022654.0,3.041767424941981e-05
2023-12-11,10:14:51,5.1419,23.56,24.75,3205,15022654.0,3.046636405847287e-05
2023-12-11,10:14:51,5.1492,23.56,24.75,3205,15022656.0,3.046636405847287e-05
2023-12-11,10:14:51,5.1526,23.56,24.75,3206,15022655.0,3.041767424941981e-05
2023-12-11,10:14:51,5.1563,23.56,24.75,3206,15022656.0,3.041767424941981e-05
2023-12-11,10:14:51,5.16,23.56,24.75,3205,15022655.0,3.046636405847287e-05
2023-12-11,10:14:51,5.1636,23.56,24.75,3206,15022654.0,3.041767424941981e-05
2023-12-11,10:14:51,5.1672,23.56,24.75,3206,15022654.0,3.041767424941981e-05
2023-12-11,10:14:51,5.1708,23.56,24.75,3206,15022654.0,3.041767424941981e-05
2023-12-11,10:14:51,5.1745,23.56,24.75,3207,15022655.0,3.036906225396806e-05
2023-12-11,10:14:51,5.1782,23.56,24.75,3207,15022655.0,3.036906225396806e-05
2023-12-11,10:14:51,5.1818,23.56,24.75,3207,15022655.0,3.036906225396806e-05
2023-12-11,10:14:51,5.189,23.56,24.75,3206,15022653.0,3.041767424941981e-05
2023-12-11,10:14:51,5.1925,23.56,24.75,3206,15022655.0,3.041767424941981e-05
2023-12-11,10:14:51,5.1963,23.56,24.75,3206,15022655.0,3.041767424941981e-05
2023-12-11,10:14:51,5.2,23.56,24.75,3205,15022656.0,3.046636405847287e-05
2023-12-11,10:14:51,5.2036,23.56,24.75,3205,15022655.0,3.046636405847287e-05
2023-12-11,10:14:51,5.2071,23.56,24.75,3206,15022654.0,3.041767424941981e-05
2023-12-11,10:14:51,5.2107,23.56,24.75,3206,15022655.0,3.041767424941981e-05
2023-12-11,10:14:51,5.2144,23.56,24.75,3206,15022655.0,3.041767424941981e-05
2023-12-11,10:14:51,5.2181,23.56,24.75,3206,15022654.0,3.041767424941981e-05
2023-12-11,10:14:51,5.2217,23.56,24.75,3206,15022653.0,3.041767424941981e-05
2023-12-11,10:14:51,5.229,23.56,24.75,3207,15022656.0,3.036906225396806e-05
2023-12-11,10:14:51,5.2327,23.56,24.75,3206,15022655.0,3.041767424941981e-05
2023-12-11,10:14:51,5.2363,23.56,24.75,3206,15022655.0,3.041767424941981e-05
2023-12-11,10:14:51,5.24,23.56,24.75,3206,15022655.0,3.041767424941981e-05
2023-12-11,10:14:51,5.2436,23.56,24.75,3205,15022656.0,3.046636405847287e-05
2023-12-11,10:14:51,5.2471,23.56,24.75,3206,15022655.0,3.041767424941981e-05
2023-12-11,10:14:51,5.2508,23.56,24.75,3207,15022654.0,3.036906225396806e-05
2023-12-11,10:14:51,5.2545,23.56,24.75,3207,15022655.0,3.036906225396806e-05
2023-12-11,10:14:51,5.2581,23.56,24.75,3208,15022655.0,3.032052794775979e-05
2023-12-11,10:14:51,5.2618,23.56,24.75,3208,15022655.0,3.032052794775979e-05
2023-12-11,10:14:51,5.2691,23.56,24.75,3207,15022654.0,3.036906225396806e-05
2023-12-11,10:14:51,5.2727,23.56,24.75,3207,15022655.0,3.036906225396806e-05
2023-12-11,10:14:51,5.2764,23.56,24.75,3206,15022655.0,3.041767424941981e-05
2023-12-11,10:14:51,5.28,23.56,24.75,3205,15022654.0,3.046636405847287e-05
2023-12-11,10:14:52,5.2836,23.56,24.75,3206,15022654.0,3.041767424941981e-05
2023-12-11,10:14:52,5.2873,23.56,24.75,3207,15022655.0,3.036906225396806e-05
2023-12-11,10:14:52,5.2908,23.56,24.75,3207,15022654.0,3.036906225396806e-05
2023-12-11,10:14:52,5.2944,23.56,24.75,3209,15022653.0,3.027207120663602e-05
2023-12-11,10:14:52,5.298,23.56,24.75,3209,15022654.0,3.027207120663602e-05
2023-12-11,10:14:52,5.3054,23.56,24.75,3208,15022653.0,3.032052794775979e-05
2023-12-11,10:14:52,5.309,23.56,24.75,3208,15022654.0,3.032052794775979e-05
2023-12-11,10:14:52,5.3126,23.56,24.75,3208,15022654.0,3.032052794775979e-05
2023-12-11,10:14:52,5.3163,23.56,24.75,3208,15022655.0,3.032052794775979e-05
2023-12-11,10:14:52,5.32,23.56,24.75,3208,15022654.0,3.032052794775979e-05
2023-12-11,10:14:52,5.3236,23.56,24.75,3208,15022654.0,3.032052794775979e-05
2023-12-11,10:14:52,5.3272,23.56,24.75,3208,15022656.0,3.032052794775979e-05
2023-12-11,10:14:52,5.3309,23.56,24.75,3208,15022655.0,3.032052794775979e-05
2023-12-11,10:14:52,5.3346,23.56,24.75,3207,15022654.0,3.036906225396806e-05
2023-12-11,10:14:52,5.3382,23.56,24.75,3210,15022653.0,3.022369190663609e-05
2023-12-11,10:14:52,5.3454,23.56,24.75,3209,15022656.0,3.027207120663602e-05
2023-12-11,10:14:52,5.349,23.56,24.75,3208,15022654.0,3.032052794775979e-05
2023-12-11,10:14:52,5.3527,23.56,24.75,3208,15022654.0,3.032052794775979e-05
2023-12-11,10:14:52,5.3564,23.56,24.75,3208,15022654.0,3.032052794775979e-05
2023-12-11,10:14:52,5.36,23.56,24.75,3207,15022655.0,3.036906225396806e-05
2023-12-11,10:14:52,5.3636,23.56,24.75,3207,15022655.0,3.036906225396806e-05
2023-12-11,10:14:52,5.3671,23.56,24.75,3208,15022655.0,3.032052794775979e-05
2023-12-11,10:14:52,5.3707,23.56,24.75,3208,15022654.0,3.032052794775979e-05
2023-12-11,10:14:52,5.3744,23.56,24.75,3207,15022654.0,3.036906225396806e-05
2023-12-11,10:14:52,5.3781,23.56,24.75,3207,15022655.0,3.036906225396806e-05
2023-12-11,10:14:52,5.3853,23.56,24.75,3208,15022654.0,3.032052794775979e-05
2023-12-11,10:14:52,5.3889,23.56,24.75,3208,15022655.0,3.032052794775979e-05
2023-12-11,10:14:52,5.3926,23.56,24.75,3208,15022655.0,3.032052794775979e-05
2023-12-11,10:14:52,5.3963,23.56,24.75,3208,15022655.0,3.032052794775979e-05
2023-12-11,10:14:52,5.3999,23.56,24.75,3208,15022654.0,3.032052794775979e-05
2023-12-11,10:14:52,5.4035,23.56,24.75,3207,15022654.0,3.036906225396806e-05
2023-12-11,10:14:52,5.4072,23.56,24.75,3207,15022654.0,3.036906225396806e-05
2023-12-11,10:14:52,5.4109,23.56,24.75,3208,15022654.0,3.032052794775979e-05
2023-12-11,10:14:52,5.4145,23.56,24.75,3208,15022655.0,3.032052794775979e-05
2023-12-11,10:14:52,5.4181,23.56,24.75,3207,15022655.0,3.036906225396806e-05
2023-12-11,10:14:52,5.4252,23.56,24.75,3207,15022654.0,3.036906225396806e-05
2023-12-11,10:14:52,5.429,23.56,24.75,3208,15022655.0,3.032052794775979e-05
2023-12-11,10:14:52,5.4327,23.56,24.75,3207,15022655.0,3.036906225396806e-05
2023-12-11,10:14:52,5.4363,23.56,24.75,3207,15022655.0,3.036906225396806e-05
2023-12-11,10:14:52,5.4398,23.56,24.75,3208,15022655.0,3.032052794775979e-05
2023-12-11,10:14:52,5.4436,23.56,24.75,3208,15022655.0,3.032052794775979e-05
2023-12-11,10:14:52,5.4473,23.56,24.75,3209,15022656.0,3.027207120663602e-05
2023-12-11,10:14:52,5.4508,23.56,24.75,3209,15022655.0,3.027207120663602e-05
2023-12-11,10:14:52,5.4544,23.56,24.75,3207,15022654.0,3.036906225396806e-05
2023-12-11,10:14:52,5.4616,23.56,24.75,3207,15022659.0,3.036906225396806e-05
2023-12-11,10:14:52,5.4653,23.56,24.75,3206,15022654.0,3.041767424941981e-05
2023-12-11,10:14:52,5.469,23.56,24.75,3207,15022653.0,3.036906225396806e-05
2023-12-11,10:14:52,5.4726,23.56,24.75,3209,15022654.0,3.027207120663602e-05
2023-12-11,10:14:52,5.4762,23.56,24.75,3208,15022655.0,3.032052794775979e-05
2023-12-11,10:14:52,5.4798,23.56,24.75,3208,15022655.0,3.032052794775979e-05
2023-12-11,10:14:52,5.4835,23.56,24.75,3209,15022654.0,3.027207120663602e-05
2023-12-11,10:14:52,5.4871,23.56,24.75,3208,15022654.0,3.032052794775979e-05
2023-12-11,10:14:52,5.4907,23.56,24.75,3208,15022654.0,3.032052794775979e-05
2023-12-11,10:14:52,5.4944,23.56,24.75,3209,15022655.0,3.027207120663602e-05
2023-12-11,10:14:52,5.5017,23.56,24.75,3208,15022654.0,3.032052794775979e-05
2023-12-11,10:14:52,5.5054,23.56,24.75,3207,15022656.0,3.036906225396806e-05
2023-12-11,10:14:52,5.509,23.56,24.75,3207,15022655.0,3.036906225396806e-05
2023-12-11,10:14:52,5.5125,23.56,24.75,3208,15022654.0,3.032052794775979e-05
2023-12-11,10:14:52,5.5163,23.5,24.75,3208,15022654.0,3.032052794775979e-05
2023-12-11,10:14:52,5.52,23.5,24.75,3208,15022654.0,3.032052794775979e-05
2023-12-11,10:14:52,5.5236,23.5,24.75,3209,15022655.0,3.027207120663602e-05
2023-12-11,10:14:52,5.5273,23.5,24.75,3209,15022655.0,3.027207120663602e-05
2023-12-11,10:14:52,5.531,23.5,24.75,3209,15022656.0,3.027207120663602e-05
2023-12-11,10:14:52,5.5346,23.5,24.75,3208,15022655.0,3.032052794775979e-05
2023-12-11,10:14:52,5.5417,23.5,24.75,3207,15022657.0,3.036906225396806e-05
2023-12-11,10:14:52,5.5453,23.5,24.75,3207,15022654.0,3.036906225396806e-05
2023-12-11,10:14:52,5.5489,23.5,24.75,3207,15022654.0,3.036906225396806e-05
2023-12-11,10:14:52,5.5525,23.5,24.75,3208,15022656.0,3.032052794775979e-05
2023-12-11,10:14:52,5.5562,23.5,24.75,3209,15022656.0,3.027207120663602e-05
2023-12-11,10:14:52,5.5599,23.5,24.75,3209,15022656.0,3.027207120663602e-05
2023-12-11,10:14:52,5.5635,23.5,24.75,3209,15022655.0,3.027207120663602e-05
2023-12-11,10:14:52,5.5671,23.5,24.75,3208,15022655.0,3.032052794775979e-05
2023-12-11,10:14:52,5.5707,23.5,24.75,3207,15022656.0,3.036906225396806e-05
2023-12-11,10:14:52,5.578,23.5,24.75,3207,15022655.0,3.036906225396806e-05
2023-12-11,10:14:52,5.5817,23.5,24.75,3208,15022655.0,3.032052794775979e-05
2023-12-11,10:14:52,5.5852,23.5,24.75,3208,15022656.0,3.032052794775979e-05
2023-12-11,10:14:52,5.5888,23.5,24.75,3207,15022655.0,3.036906225396806e-05
2023-12-11,10:14:52,5.5925,23.5,24.75,3208,15022655.0,3.032052794775979e-05
2023-12-11,10:14:52,5.5963,23.5,24.75,3208,15022654.0,3.032052794775979e-05
2023-12-11,10:14:52,5.5998,23.5,24.75,3208,15022654.0,3.032052794775979e-05
2023-12-11,10:14:52,5.6034,23.5,24.75,3208,15022654.0,3.032052794775979e-05
2023-12-11,10:14:52,5.6071,23.5,24.75,3207,15022654.0,3.036906225396806e-05
2023-12-11,10:14:52,5.6108,23.5,24.75,3207,15022655.0,3.036906225396806e-05
2023-12-11,10:14:52,5.618,23.5,24.75,3207,15022653.0,3.036906225396806e-05
2023-12-11,10:14:52,5.6217,23.5,24.75,3208,15022654.0,3.032052794775979e-05
2023-12-11,10:14:52,5.6254,23.5,24.75,3208,15022654.0,3.032052794775979e-05
2023-12-11,10:14:52,5.629,23.5,24.75,3208,15022654.0,3.032052794775979e-05
2023-12-11,10:14:52,5.6326,23.5,24.75,3209,15022654.0,3.027207120663602e-05
2023-12-11,10:14:52,5.6362,23.5,24.75,3209,15022655.0,3.027207120663602e-05
2023-12-11,10:14:52,5.6399,23.5,24.75,3208,15022655.0,3.032052794775979e-05
2023-12-11,10:14:52,5.6436,23.5,24.75,3207,15022655.0,3.036906225396806e-05
2023-12-11,10:14:52,5.6472,23.5,24.75,3207,15022656.0,3.036906225396806e-05
2023-12-11,10:14:52,5.6508,23.5,24.75,3207,15022655.0,3.036906225396806e-05
2023-12-11,10:14:52,5.6581,23.5,24.75,3208,15022655.0,3.032052794775979e-05
2023-12-11,10:14:52,5.6618,23.5,24.75,3207,15022654.0,3.036906225396806e-05
2023-12-11,10:14:52,5.6654,23.5,24.75,3207,15022654.0,3.036906225396806e-05
2023-12-11,10:14:52,5.6691,23.5,24.75,3208,15022654.0,3.032052794775979e-05
2023-12-11,10:14:52,5.6728,23.5,24.75,3208,15022654.0,3.032052794775979e-05
2023-12-11,10:14:52,5.6764,23.5,24.75,3209,15022654.0,3.027207120663602e-05
2023-12-11,10:14:52,5.68,23.5,24.75,3209,15022654.0,3.027207120663602e-05
2023-12-11,10:14:52,5.6837,23.5,24.75,3208,15022655.0,3.032052794775979e-05
2023-12-11,10:14:52,5.6873,23.5,24.75,3207,15022655.0,3.036906225396806e-05
2023-12-11,10:14:52,5.6908,23.5,24.75,3207,15022654.0,3.036906225396806e-05
2023-12-11,10:14:52,5.6981,23.5,24.75,3208,15022653.0,3.032052794775979e-05
2023-12-11,10:14:52,5.7019,23.5,24.75,3207,15022654.0,3.036906225396806e-05
2023-12-11,10:14:52,5.7056,23.5,24.75,3207,15022655.0,3.036906225396806e-05
2023-12-11,10:14:52,5.7092,23.5,24.75,3207,15022655.0,3.036906225396806e-05
2023-12-11,10:14:52,5.7127,23.5,24.75,3207,15022655.0,3.036906225396806e-05
2023-12-11,10:14:52,5.7163,23.5,24.75,3208,15022654.0,3.032052794775979e-05
2023-12-11,10:14:52,5.72,23.5,24.75,3207,15022654.0,3.036906225396806e-05
2023-12-11,10:14:52,5.7237,23.5,24.75,3207,15022654.0,3.036906225396806e-05
2023-12-11,10:14:52,5.7273,23.5,24.75,3208,15022655.0,3.032052794775979e-05
2023-12-11,10:14:52,5.7309,23.5,24.75,3207,15022654.0,3.036906225396806e-05
2023-12-11,10:14:52,5.7381,23.5,24.75,3207,15022655.0,3.036906225396806e-05
2023-12-11,10:14:52,5.7418,23.5,24.75,3207,15022654.0,3.036906225396806e-05
2023-12-11,10:14:52,5.7455,23.5,24.75,3207,15022654.0,3.036906225396806e-05
2023-12-11,10:14:52,5.7491,23.5,24.75,3207,15022654.0,3.036906225396806e-05
2023-12-11,10:14:52,5.7527,23.5,24.75,3208,15022654.0,3.032052794775979e-05
2023-12-11,10:14:52,5.7564,23.5,24.75,3208,15022655.0,3.032052794775979e-05
2023-12-11,10:14:52,5.76,23.5,24.75,3208,15022655.0,3.032052794775979e-05
2023-12-11,10:14:52,5.7636,23.5,24.75,3209,15022655.0,3.027207120663602e-05
2023-12-11,10:14:52,5.7673,23.5,24.75,3209,15022654.0,3.027207120663602e-05
2023-12-11,10:14:52,5.771,23.5,24.75,3208,15022655.0,3.032052794775979e-05
2023-12-11,10:14:52,5.7783,23.5,24.75,3209,15022654.0,3.027207120663602e-05
2023-12-11,10:14:52,5.7819,23.5,24.75,3208,15022655.0,3.032052794775979e-05
2023-12-11,10:14:52,5.7854,23.5,24.75,3207,15022655.0,3.036906225396806e-05
2023-12-11,10:14:52,5.789,23.5,24.75,3207,15022655.0,3.036906225396806e-05
2023-12-11,10:14:52,5.7927,23.5,24.75,3207,15022654.0,3.036906225396806e-05
2023-12-11,10:14:52,5.7964,23.5,24.75,3208,15022654.0,3.032052794775979e-05
2023-12-11,10:14:52,5.8,23.5,24.75,3208,15022655.0,3.032052794775979e-05
2023-12-11,10:14:52,5.8036,23.5,24.75,3207,15022654.0,3.036906225396806e-05
2023-12-11,10:14:52,5.8072,23.5,24.75,3207,15022654.0,3.036906225396806e-05
2023-12-11,10:14:52,5.8109,23.5,24.75,3208,15022653.0,3.032052794775979e-05
2023-12-11,10:14:52,5.8182,23.5,24.75,3209,15022654.0,3.027207120663602e-05
2023-12-11,10:14:52,5.8219,23.5,24.75,3207,15022653.0,3.036906225396806e-05
2023-12-11,10:14:52,5.8255,23.5,24.75,3207,15022654.0,3.036906225396806e-05
2023-12-11,10:14:52,5.829,23.5,24.75,3209,15022655.0,3.027207120663602e-05
2023-12-11,10:14:52,5.8327,23.5,24.75,3209,15022654.0,3.027207120663602e-05
2023-12-11,10:14:52,5.8364,23.5,24.75,3209,15022654.0,3.027207120663602e-05
2023-12-11,10:14:52,5.84,23.5,24.75,3209,15022655.0,3.027207120663602e-05
2023-12-11,10:14:52,5.8436,23.5,24.75,3208,15022654.0,3.032052794775979e-05
2023-12-11,10:14:52,5.8471,23.5,24.75,3207,15022655.0,3.036906225396806e-05
2023-12-11,10:14:52,5.8546,23.5,24.75,3208,15022655.0,3.032052794775979e-05
2023-12-11,10:14:52,5.8581,23.5,24.75,3209,15022654.0,3.027207120663602e-05
2023-12-11,10:14:52,5.8617,23.5,24.75,3209,15022655.0,3.027207120663602e-05
2023-12-11,10:14:52,5.8654,23.5,24.75,3208,15022654.0,3.032052794775979e-05
2023-12-11,10:14:52,5.8692,23.5,24.75,3208,15022654.0,3.032052794775979e-05
2023-12-11,10:14:52,5.8729,23.5,24.75,3208,15022654.0,3.032052794775979e-05
2023-12-11,10:14:52,5.8764,23.5,24.75,3207,15022654.0,3.036906225396806e-05
2023-12-11,10:14:52,5.88,23.5,24.75,3206,15022654.0,3.041767424941981e-05
2023-12-11,10:14:52,5.8837,23.5,24.75,3207,15022654.0,3.036906225396806e-05
2023-12-11,10:14:52,5.8873,23.5,24.75,3208,15022655.0,3.032052794775979e-05
2023-12-11,10:14:52,5.8945,23.5,24.75,3209,15022653.0,3.027207120663602e-05
2023-12-11,10:14:52,5.8981,23.5,24.75,3209,15022654.0,3.027207120663602e-05
2023-12-11,10:14:52,5.9018,23.5,24.75,3209,15022655.0,3.027207120663602e-05
2023-12-11,10:14:52,5.9055,23.5,24.75,3209,15022654.0,3.027207120663602e-05
2023-12-11,10:14:52,5.9091,23.5,24.75,3208,15022654.0,3.032052794775979e-05
2023-12-11,10:14:52,5.9127,23.5,24.75,3208,15022655.0,3.032052794775979e-05
2023-12-11,10:14:52,5.9163,23.5,24.75,3208,15022654.0,3.032052794775979e-05
2023-12-11,10:14:52,5.92,23.5,24.75,3208,15022654.0,3.032052794775979e-05
2023-12-11,10:14:52,5.9237,23.5,24.75,3208,15022655.0,3.032052794775979e-05
2023-12-11,10:14:52,5.9273,23.5,24.75,3208,15022654.0,3.032052794775979e-05
2023-12-11,10:14:52,5.9346,23.5,24.75,3209,15022655.0,3.027207120663602e-05
2023-12-11,10:14:52,5.9383,23.5,24.75,3209,15022655.0,3.027207120663602e-05
2023-12-11,10:14:52,5.9419,23.5,24.75,3210,15022655.0,3.022369190663609e-05
2023-12-11,10:14:52,5.9454,23.5,24.75,3210,15022655.0,3.022369190663609e-05
2023-12-11,10:14:52,5.949,23.5,24.75,3209,15022655.0,3.027207120663602e-05
2023-12-11,10:14:52,5.9527,23.5,24.75,3209,15022655.0,3.027207120663602e-05
2023-12-11,10:14:52,5.9563,23.5,24.75,3209,15022655.0,3.027207120663602e-05
2023-12-11,10:14:52,5.9599,23.5,24.75,3208,15022654.0,3.032052794775979e-05
2023-12-11,10:14:52,5.9636,23.5,24.75,3211,15022652.0,3.017538992399754e-05
2023-12-11,10:14:52,5.9709,23.5,24.75,3209,15022656.0,3.027207120663602e-05
2023-12-11,10:14:52,5.9745,23.5,24.75,3209,15022654.0,3.027207120663602e-05
2023-12-11,10:14:52,5.9781,23.5,24.75,3209,15022655.0,3.027207120663602e-05
2023-12-11,10:14:52,5.9818,23.5,24.75,3208,15022654.0,3.032052794775979e-05
2023-12-11,10:14:52,5.9855,23.5,24.75,3207,15022655.0,3.036906225396806e-05
2023-12-11,10:14:52,5.9892,23.5,24.75,3208,15022655.0,3.032052794775979e-05
2023-12-11,10:14:52,5.9928,23.5,24.75,3209,15022655.0,3.027207120663602e-05
2023-12-11,10:14:52,5.9964,23.5,24.75,3208,15022654.0,3.032052794775979e-05
2023-12-11,10:14:52,6.0,23.5,24.75,3209,15022654.0,3.027207120663602e-05
2023-12-11,10:14:52,6.0036,23.5,24.75,3210,15022655.0,3.022369190663609e-05
2023-12-11,10:14:52,6.011,23.5,24.75,3207,15022653.0,3.036906225396806e-05
2023-12-11,10:14:52,6.0146,23.5,24.75,3207,15022654.0,3.036906225396806e-05
2023-12-11,10:14:52,6.0181,23.5,24.75,3208,15022655.0,3.032052794775979e-05
2023-12-11,10:14:52,6.0217,23.5,24.75,3208,15022655.0,3.032052794775979e-05
2023-12-11,10:14:52,6.0253,23.5,24.75,3207,15022654.0,3.036906225396806e-05
2023-12-11,10:14:52,6.029,23.5,24.75,3208,15022654.0,3.032052794775979e-05
2023-12-11,10:14:52,6.0327,23.5,24.75,3208,15022654.0,3.032052794775979e-05
2023-12-11,10:14:52,6.0363,23.5,24.75,3207,15022654.0,3.036906225396806e-05
2023-12-11,10:14:52,6.0399,23.5,24.75,3207,15022655.0,3.036906225396806e-05
2023-12-11,10:14:52,6.0436,23.5,24.75,3208,15022654.0,3.032052794775979e-05
2023-12-11,10:14:52,6.0509,23.5,24.75,3208,15022656.0,3.032052794775979e-05
2023-12-11,10:14:52,6.0546,23.5,24.75,3207,15022655.0,3.036906225396806e-05
2023-12-11,10:14:52,6.0583,23.5,24.75,3207,15022654.0,3.036906225396806e-05
2023-12-11,10:14:52,6.0619,23.5,24.75,3209,15022655.0,3.027207120663602e-05
2023-12-11,10:14:52,6.0655,23.5,24.75,3211,15022656.0,3.017538992399754e-05
2023-12-11,10:14:52,6.0691,23.5,24.75,3210,15022655.0,3.022369190663609e-05
2023-12-11,10:14:52,6.0727,23.5,24.75,3207,15022655.0,3.036906225396806e-05
2023-12-11,10:14:52,6.0763,23.5,24.75,3207,15022654.0,3.036906225396806e-05
2023-12-11,10:14:52,6.08,23.5,24.75,3209,15022653.0,3.027207120663602e-05
2023-12-11,10:14:52,6.0837,23.5,24.75,3210,15022654.0,3.022369190663609e-05
2023-12-11,10:14:52,6.0908,23.5,24.75,3207,15022654.0,3.036906225396806e-05
2023-12-11,10:14:52,6.0944,23.5,24.75,3207,15022655.0,3.036906225396806e-05
2023-12-11,10:14:52,6.0981,23.5,24.75,3207,15022654.0,3.036906225396806e-05
2023-12-11,10:14:52,6.1019,23.5,24.75,3207,15022655.0,3.036906225396806e-05
2023-12-11,10:14:52,6.1054,23.5,24.75,3208,15022656.0,3.032052794775979e-05
2023-12-11,10:14:52,6.109,23.5,24.75,3209,15022655.0,3.027207120663602e-05
2023-12-11,10:14:52,6.1127,23.5,24.75,3208,15022655.0,3.032052794775979e-05
2023-12-11,10:14:52,6.1163,23.5,24.75,3207,15022655.0,3.036906225396806e-05
2023-12-11,10:14:52,6.1199,23.5,24.75,3207,15022654.0,3.036906225396806e-05
2023-12-11,10:14:52,6.1236,23.5,24.75,3208,15022653.0,3.032052794775979e-05
2023-12-11,10:14:52,6.1308,23.5,24.75,3208,15022654.0,3.032052794775979e-05
2023-12-11,10:14:52,6.1345,23.5,24.75,3208,15022655.0,3.032052794775979e-05
2023-12-11,10:14:52,6.1382,23.5,24.75,3207,15022655.0,3.036906225396806e-05
2023-12-11,10:14:52,6.1418,23.5,24.75,3207,15022655.0,3.036906225396806e-05
2023-12-11,10:14:52,6.1454,23.5,24.75,3207,15022655.0,3.036906225396806e-05
2023-12-11,10:14:52,6.1491,23.5,24.75,3206,15022655.0,3.041767424941981e-05
2023-12-11,10:14:52,6.1528,23.5,24.75,3207,15022654.0,3.036906225396806e-05
2023-12-11,10:14:52,6.1564,23.5,24.75,3209,15022655.0,3.027207120663602e-05
2023-12-11,10:14:52,6.16,23.5,24.75,3208,15022655.0,3.032052794775979e-05
2023-12-11,10:14:52,6.1673,23.5,24.75,3207,15022656.0,3.036906225396806e-05
2023-12-11,10:14:52,6.171,23.5,24.75,3207,15022654.0,3.036906225396806e-05
2023-12-11,10:14:52,6.1746,23.5,24.75,3208,15022655.0,3.032052794775979e-05
2023-12-11,10:14:52,6.1781,23.5,24.75,3208,15022655.0,3.032052794775979e-05
2023-12-11,10:14:52,6.1819,23.5,24.75,3208,15022654.0,3.032052794775979e-05
2023-12-11,10:14:52,6.1856,23.5,24.75,3208,15022655.0,3.032052794775979e-05
2023-12-11,10:14:52,6.1892,23.5,24.75,3207,15022656.0,3.036906225396806e-05
2023-12-11,10:14:52,6.1927,23.5,24.75,3207,15022655.0,3.036906225396806e-05
2023-12-11,10:14:52,6.1964,23.5,24.75,3208,15022654.0,3.032052794775979e-05
2023-12-11,10:14:52,6.2002,23.5,24.75,3208,15022655.0,3.032052794775979e-05
2023-12-11,10:14:52,6.2073,23.5,24.75,3208,15022654.0,3.032052794775979e-05
2023-12-11,10:14:52,6.2109,23.5,24.75,3208,15022654.0,3.032052794775979e-05
2023-12-11,10:14:52,6.2146,23.5,24.75,3208,15022655.0,3.032052794775979e-05
2023-12-11,10:14:52,6.2183,23.5,24.75,3208,15022655.0,3.032052794775979e-05
2023-12-11,10:14:52,6.2219,23.5,24.75,3208,15022655.0,3.032052794775979e-05
2023-12-11,10:14:52,6.2255,23.5,24.75,3208,15022655.0,3.032052794775979e-05
2023-12-11,10:14:52,6.2291,23.5,24.75,3209,15022654.0,3.027207120663602e-05
2023-12-11,10:14:52,6.2328,23.5,24.75,3209,15022654.0,3.027207120663602e-05
2023-12-11,10:14:52,6.2365,23.5,24.75,3208,15022656.0,3.032052794775979e-05
2023-12-11,10:14:52,6.2401,23.5,24.75,3207,15022655.0,3.036906225396806e-05
2023-12-11,10:14:52,6.2473,23.5,24.75,3208,15022656.0,3.032052794775979e-05
2023-12-11,10:14:52,6.251,23.5,24.75,3208,15022655.0,3.032052794775979e-05
2023-12-11,10:14:52,6.2547,23.5,24.75,3208,15022655.0,3.032052794775979e-05
2023-12-11,10:14:52,6.2583,23.5,24.75,3209,15022656.0,3.027207120663602e-05
2023-12-11,10:14:52,6.2619,23.5,24.75,3208,15022653.0,3.032052794775979e-05
2023-12-11,10:14:52,6.2654,23.5,24.75,3207,15022652.0,3.036906225396806e-05
2023-12-11,10:14:52,6.2692,23.5,24.75,3208,15022655.0,3.032052794775979e-05
2023-12-11,10:14:52,6.2729,23.5,24.75,3208,15022655.0,3.032052794775979e-05
2023-12-11,10:14:52,6.2763,23.5,24.75,3209,15022654.0,3.027207120663602e-05
2023-12-11,10:14:52,6.2799,23.5,24.75,3212,15022656.0,3.012716513515561e-05
2023-12-11,10:14:53,6.2872,23.5,24.75,3209,15022655.0,3.027207120663602e-05
2023-12-11,10:14:53,6.2908,23.5,24.75,3208,15022655.0,3.032052794775979e-05
2023-12-11,10:14:53,6.2945,23.5,24.75,3206,15022655.0,3.041767424941981e-05
2023-12-11,10:14:53,6.2982,23.5,24.75,3206,15022655.0,3.041767424941981e-05
2023-12-11,10:14:53,6.3018,23.5,24.75,3207,15022655.0,3.036906225396806e-05
2023-12-11,10:14:53,6.3054,23.5,24.75,3209,15022654.0,3.027207120663602e-05
2023-12-11,10:14:53,6.3091,23.5,24.75,3209,15022654.0,3.027207120663602e-05
2023-12-11,10:14:53,6.3128,23.5,24.75,3208,15022655.0,3.032052794775979e-05
2023-12-11,10:14:53,6.3164,23.5,24.75,3208,15022655.0,3.032052794775979e-05
2023-12-11,10:14:53,6.3236,23.5,24.75,3209,15022655.0,3.027207120663602e-05
2023-12-11,10:14:53,6.3271,23.5,24.75,3208,15022656.0,3.032052794775979e-05
2023-12-11,10:14:53,6.3308,23.5,24.75,3207,15022656.0,3.036906225396806e-05
2023-12-11,10:14:53,6.3346,23.5,24.75,3207,15022656.0,3.036906225396806e-05
2023-12-11,10:14:53,6.3381,23.5,24.75,3207,15022655.0,3.036906225396806e-05
2023-12-11,10:14:53,6.3417,23.5,24.75,3208,15022654.0,3.032052794775979e-05
2023-12-11,10:14:53,6.3454,23.5,24.75,3208,15022655.0,3.032052794775979e-05
2023-12-11,10:14:53,6.3492,23.5,24.75,3208,15022655.0,3.032052794775979e-05
2023-12-11,10:14:53,6.3527,23.5,24.75,3209,15022655.0,3.027207120663602e-05
2023-12-11,10:14:53,6.3563,23.5,24.75,3209,15022655.0,3.027207120663602e-05
2023-12-11,10:14:53,6.3636,23.5,24.75,3208,15022656.0,3.032052794775979e-05
2023-12-11,10:14:53,6.3672,23.5,24.75,3208,15022655.0,3.032052794775979e-05
2023-12-11,10:14:53,6.3708,23.5,24.75,3207,15022655.0,3.036906225396806e-05
2023-12-11,10:14:53,6.3744,23.5,24.75,3206,15022654.0,3.041767424941981e-05
2023-12-11,10:14:53,6.3781,23.5,24.75,3207,15022654.0,3.036906225396806e-05
2023-12-11,10:14:53,6.3817,23.5,24.75,3209,15022656.0,3.027207120663602e-05
2023-12-11,10:14:53,6.3852,23.5,24.75,3208,15022656.0,3.032052794775979e-05
2023-12-11,10:14:53,6.389,23.5,24.75,3207,15022655.0,3.036906225396806e-05
2023-12-11,10:14:53,6.3927,23.5,24.75,3207,15022655.0,3.036906225396806e-05
2023-12-11,10:14:53,6.3963,23.5,24.75,3207,15022656.0,3.036906225396806e-05
2023-12-11,10:14:53,6.4036,23.5,24.75,3208,15022655.0,3.032052794775979e-05
2023-12-11,10:14:53,6.4071,23.5,24.75,3210,15022655.0,3.022369190663609e-05
2023-12-11,10:14:53,6.4107,23.5,24.75,3209,15022653.0,3.027207120663602e-05
2023-12-11,10:14:53,6.4144,23.5,24.75,3208,15022654.0,3.032052794775979e-05
2023-12-11,10:14:53,6.418,23.5,24.75,3208,15022655.0,3.032052794775979e-05
2023-12-11,10:14:53,6.4216,23.5,24.75,3208,15022655.0,3.032052794775979e-05
2023-12-11,10:14:53,6.4253,23.5,24.75,3209,15022655.0,3.027207120663602e-05
2023-12-11,10:14:53,6.429,23.5,24.75,3209,15022655.0,3.027207120663602e-05
2023-12-11,10:14:53,6.4326,23.5,24.75,3209,15022656.0,3.027207120663602e-05
2023-12-11,10:14:53,6.4398,23.5,24.75,3208,15022654.0,3.032052794775979e-05
2023-12-11,10:14:53,6.4434,23.5,24.75,3208,15022655.0,3.032052794775979e-05
2023-12-11,10:14:53,6.4469,23.5,24.75,3209,15022655.0,3.027207120663602e-05
2023-12-11,10:14:53,6.4507,23.5,24.75,3208,15022655.0,3.032052794775979e-05
2023-12-11,10:14:53,6.4544,23.5,24.75,3207,15022655.0,3.036906225396806e-05
2023-12-11,10:14:53,6.458,23.5,24.75,3208,15022654.0,3.032052794775979e-05
2023-12-11,10:14:53,6.4615,23.5,24.75,3209,15022655.0,3.027207120663602e-05
2023-12-11,10:14:53,6.4652,23.5,24.75,3209,15022655.0,3.027207120663602e-05
2023-12-11,10:14:53,6.469,23.5,24.75,3208,15022656.0,3.032052794775979e-05
2023-12-11,10:14:53,6.4725,23.5,24.75,3207,15022655.0,3.036906225396806e-05
2023-12-11,10:14:53,6.4797,23.5,24.75,3207,15022656.0,3.036906225396806e-05
2023-12-11,10:14:53,6.4834,23.5,24.75,3207,15022656.0,3.036906225396806e-05
2023-12-11,10:14:53,6.4871,23.5,24.75,3208,15022656.0,3.032052794775979e-05
2023-12-11,10:14:53,6.4907,23.5,24.75,3209,15022655.0,3.027207120663602e-05
2023-12-11,10:14:53,6.4943,23.5,24.75,3208,15022655.0,3.032052794775979e-05
2023-12-11,10:14:53,6.4979,23.5,24.75,3207,15022655.0,3.036906225396806e-05
2023-12-11,10:14:53,6.5016,23.5,24.75,3208,15022655.0,3.032052794775979e-05
2023-12-11,10:14:53,6.5053,23.5,24.75,3208,15022656.0,3.032052794775979e-05
2023-12-11,10:14:53,6.5089,23.5,24.75,3207,15022655.0,3.036906225396806e-05
2023-12-11,10:14:53,6.5125,23.5,24.75,3207,15022655.0,3.036906225396806e-05
2023-12-11,10:14:53,6.5196,23.5,24.75,3208,15022655.0,3.032052794775979e-05
2023-12-11,10:14:53,6.5234,23.5,24.75,3208,15022656.0,3.032052794775979e-05
2023-12-11,10:14:53,6.5271,23.5,24.75,3207,15022655.0,3.036906225396806e-05
2023-12-11,10:14:53,6.5307,23.5,24.75,3208,15022655.0,3.032052794775979e-05
2023-12-11,10:14:53,6.5344,23.5,24.75,3208,15022655.0,3.032052794775979e-05
2023-12-11,10:14:53,6.5381,23.5,24.75,3207,15022655.0,3.036906225396806e-05
2023-12-11,10:14:53,6.5417,23.5,24.75,3207,15022654.0,3.036906225396806e-05
2023-12-11,10:14:53,6.5452,23.5,24.75,3208,15022654.0,3.032052794775979e-05
2023-12-11,10:14:53,6.549,23.5,24.75,3208,15022655.0,3.032052794775979e-05
2023-12-11,10:14:53,6.5527,23.5,24.75,3207,15022655.0,3.036906225396806e-05
2023-12-11,10:14:53,6.5598,23.5,24.75,3208,15022655.0,3.032052794775979e-05
2023-12-11,10:14:53,6.5634,23.5,24.75,3208,15022654.0,3.032052794775979e-05
2023-12-11,10:14:53,6.5671,23.5,24.75,3207,15022655.0,3.036906225396806e-05
2023-12-11,10:14:53,6.5708,23.5,24.75,3207,15022656.0,3.036906225396806e-05
2023-12-11,10:14:53,6.5744,23.5,24.75,3208,15022655.0,3.032052794775979e-05
2023-12-11,10:14:53,6.578,23.5,24.75,3208,15022655.0,3.032052794775979e-05
2023-12-11,10:14:53,6.5816,23.5,24.75,3207,15022656.0,3.036906225396806e-05
2023-12-11,10:14:53,6.5853,23.5,24.75,3207,15022656.0,3.036906225396806e-05
2023-12-11,10:14:53,6.589,23.5,24.75,3207,15022655.0,3.036906225396806e-05
2023-12-11,10:14:53,6.5962,23.5,24.75,3211,15022654.0,3.017538992399754e-05
2023-12-11,10:14:53,6.5998,23.5,24.75,3211,15022652.0,3.017538992399754e-05
2023-12-11,10:14:53,6.6035,23.5,24.75,3207,15022654.0,3.036906225396806e-05
2023-12-11,10:14:53,6.6072,23.5,24.75,3207,15022654.0,3.036906225396806e-05
2023-12-11,10:14:53,6.6108,23.5,24.75,3208,15022654.0,3.032052794775979e-05
2023-12-11,10:14:53,6.6144,23.5,24.75,3208,15022654.0,3.032052794775979e-05
2023-12-11,10:14:53,6.618,23.5,24.75,3208,15022654.0,3.032052794775979e-05
2023-12-11,10:14:53,6.6217,23.5,24.75,3208,15022655.0,3.032052794775979e-05
2023-12-11,10:14:53,6.6252,23.5,24.75,3207,15022655.0,3.036906225396806e-05
2023-12-11,10:14:53,6.6288,23.5,24.75,3207,15022655.0,3.036906225396806e-05
2023-12-11,10:14:53,6.6361,23.5,24.75,3208,15022654.0,3.032052794775979e-05
2023-12-11,10:14:53,6.6397,23.5,24.75,3209,15022655.0,3.027207120663602e-05
2023-12-11,10:14:53,6.6434,23.5,24.75,3209,15022655.0,3.027207120663602e-05
2023-12-11,10:14:53,6.6471,23.5,24.75,3208,15022654.0,3.032052794775979e-05
2023-12-11,10:14:53,6.6507,23.5,24.75,3208,15022654.0,3.032052794775979e-05
2023-12-11,10:14:53,6.6543,23.5,24.75,3209,15022654.0,3.027207120663602e-05
2023-12-11,10:14:53,6.6579,23.5,24.75,3208,15022654.0,3.032052794775979e-05
2023-12-11,10:14:53,6.6615,23.5,24.75,3207,15022655.0,3.036906225396806e-05
2023-12-11,10:14:53,6.6652,23.5,24.75,3207,15022656.0,3.036906225396806e-05
2023-12-11,10:14:53,6.6689,23.5,24.75,3207,15022656.0,3.036906225396806e-05
2023-12-11,10:14:53,6.6761,23.5,24.75,3207,15022655.0,3.036906225396806e-05
2023-12-11,10:14:53,6.6796,23.5,24.75,3207,15022655.0,3.036906225396806e-05
2023-12-11,10:14:53,6.6834,23.5,24.75,3207,15022655.0,3.036906225396806e-05
2023-12-11,10:14:53,6.6871,23.5,24.75,3207,15022654.0,3.036906225396806e-05
2023-12-11,10:14:53,6.6907,23.5,24.75,3207,15022653.0,3.036906225396806e-05
2023-12-11,10:14:53,6.6944,23.5,24.75,3206,15022653.0,3.041767424941981e-05
2023-12-11,10:14:53,6.6981,23.5,24.75,3206,15022653.0,3.041767424941981e-05
2023-12-11,10:14:53,6.7017,23.5,24.75,3209,15022656.0,3.027207120663602e-05
2023-12-11,10:14:53,6.7052,23.5,24.75,3209,15022655.0,3.027207120663602e-05
2023-12-11,10:14:53,6.709,23.5,24.75,3207,15022655.0,3.036906225396806e-05
2023-12-11,10:14:53,6.7163,23.5,24.75,3207,15022654.0,3.036906225396806e-05
2023-12-11,10:14:53,6.7198,23.5,24.75,3207,15022654.0,3.036906225396806e-05
2023-12-11,10:14:53,6.7236,23.5,24.75,3207,15022655.0,3.036906225396806e-05
2023-12-11,10:14:53,6.7271,23.5,24.75,3207,15022655.0,3.036906225396806e-05
2023-12-11,10:14:53,6.7307,23.5,24.75,3207,15022654.0,3.036906225396806e-05
2023-12-11,10:14:53,6.7344,23.5,24.75,3208,15022654.0,3.032052794775979e-05
2023-12-11,10:14:53,6.738,23.5,24.75,3208,15022654.0,3.032052794775979e-05
2023-12-11,10:14:53,6.7417,23.5,24.75,3207,15022654.0,3.036906225396806e-05
2023-12-11,10:14:53,6.7454,23.5,24.75,3207,15022655.0,3.036906225396806e-05
2023-12-11,10:14:53,6.749,23.5,24.75,3207,15022654.0,3.036906225396806e-05
2023-12-11,10:14:53,6.7562,23.5,24.75,3207,15022654.0,3.036906225396806e-05
2023-12-11,10:14:53,6.7599,23.5,24.75,3207,15022654.0,3.036906225396806e-05
2023-12-11,10:14:53,6.7636,23.5,24.75,3207,15022654.0,3.036906225396806e-05
2023-12-11,10:14:53,6.7672,23.5,24.75,3207,15022655.0,3.036906225396806e-05
2023-12-11,10:14:53,6.7708,23.5,24.75,3207,15022654.0,3.036906225396806e-05
2023-12-11,10:14:53,6.7745,23.5,24.75,3207,15022654.0,3.036906225396806e-05
2023-12-11,10:14:53,6.7781,23.5,24.75,3207,15022654.0,3.036906225396806e-05
2023-12-11,10:14:53,6.7817,23.5,24.75,3207,15022655.0,3.036906225396806e-05
2023-12-11,10:14:53,6.7854,23.5,24.75,3207,15022654.0,3.036906225396806e-05
2023-12-11,10:14:53,6.7925,23.5,24.75,3207,15022654.0,3.036906225396806e-05
2023-12-11,10:14:53,6.7961,23.5,24.75,3207,15022654.0,3.036906225396806e-05
2023-12-11,10:14:53,6.7997,23.5,24.75,3207,15022655.0,3.036906225396806e-05
2023-12-11,10:14:53,6.8034,23.5,24.75,3206,15022655.0,3.041767424941981e-05
2023-12-11,10:14:53,6.8071,23.5,24.75,3206,15022654.0,3.041767424941981e-05
2023-12-11,10:14:53,6.8107,23.5,24.75,3207,15022655.0,3.036906225396806e-05
2023-12-11,10:14:53,6.8143,23.5,24.75,3208,15022654.0,3.032052794775979e-05
2023-12-11,10:14:53,6.818,23.5,24.75,3209,15022654.0,3.027207120663602e-05
2023-12-11,10:14:53,6.8217,23.5,24.75,3208,15022654.0,3.032052794775979e-05
2023-12-11,10:14:53,6.8253,23.5,24.75,3207,15022655.0,3.036906225396806e-05
2023-12-11,10:14:53,6.8325,23.5,24.75,3207,15022653.0,3.036906225396806e-05
2023-12-11,10:14:53,6.8362,23.5,24.75,3207,15022654.0,3.036906225396806e-05
2023-12-11,10:14:53,6.8399,23.5,24.75,3207,15022654.0,3.036906225396806e-05
2023-12-11,10:14:53,6.8435,23.5,24.75,3207,15022655.0,3.036906225396806e-05
2023-12-11,10:14:53,6.8471,23.5,24.75,3207,15022653.0,3.036906225396806e-05
2023-12-11,10:14:53,6.8507,23.5,24.75,3208,15022653.0,3.032052794775979e-05
2023-12-11,10:14:53,6.8544,23.5,24.75,3208,15022654.0,3.032052794775979e-05
2023-12-11,10:14:53,6.8581,23.5,24.75,3207,15022654.0,3.036906225396806e-05
2023-12-11,10:14:53,6.8617,23.5,24.75,3206,15022653.0,3.041767424941981e-05
2023-12-11,10:14:53,6.8652,23.5,24.75,3207,15022651.0,3.036906225396806e-05
2023-12-11,10:14:53,6.8727,23.5,24.75,3206,15022655.0,3.041767424941981e-05
2023-12-11,10:14:53,6.8763,23.5,24.75,3206,15022653.0,3.041767424941981e-05
2023-12-11,10:14:53,6.8798,23.5,24.75,3206,15022653.0,3.041767424941981e-05
2023-12-11,10:14:53,6.8834,23.5,24.75,3207,15022654.0,3.036906225396806e-05
2023-12-11,10:14:53,6.887,23.5,24.75,3207,15022655.0,3.036906225396806e-05
2023-12-11,10:14:53,6.8907,23.5,24.75,3207,15022654.0,3.036906225396806e-05
2023-12-11,10:14:53,6.8944,23.5,24.75,3207,15022654.0,3.036906225396806e-05
2023-12-11,10:14:53,6.898,23.5,24.75,3207,15022654.0,3.036906225396806e-05
2023-12-11,10:14:53,6.9016,23.5,24.75,3206,15022654.0,3.041767424941981e-05
2023-12-11,10:14:53,6.9089,23.5,24.75,3207,15022654.0,3.036906225396806e-05
2023-12-11,10:14:53,6.9126,23.5,24.75,3206,15022653.0,3.041767424941981e-05
2023-12-11,10:14:53,6.9162,23.5,24.75,3206,15022654.0,3.041767424941981e-05
2023-12-11,10:14:53,6.9198,23.5,24.75,3207,15022654.0,3.036906225396806e-05
2023-12-11,10:14:53,6.9234,23.5,24.75,3208,15022653.0,3.032052794775979e-05
2023-12-11,10:14:53,6.9271,23.5,24.75,3208,15022653.0,3.032052794775979e-05
2023-12-11,10:14:53,6.9308,23.5,24.75,3207,15022653.0,3.036906225396806e-05
2023-12-11,10:14:53,6.9344,23.5,24.75,3207,15022654.0,3.036906225396806e-05
2023-12-11,10:14:53,6.938,23.5,24.75,3208,15022653.0,3.032052794775979e-05
2023-12-11,10:14:53,6.9415,23.5,24.75,3207,15022653.0,3.036906225396806e-05
2023-12-11,10:14:53,6.9487,23.5,24.75,3206,15022652.0,3.041767424941981e-05
2023-12-11,10:14:53,6.9524,23.5,24.75,3206,15022654.0,3.041767424941981e-05
2023-12-11,10:14:53,6.9561,23.5,24.75,3207,15022655.0,3.036906225396806e-05
2023-12-11,10:14:53,6.9597,23.5,24.75,3207,15022655.0,3.036906225396806e-05
2023-12-11,10:14:53,6.9633,23.5,24.75,3206,15022653.0,3.041767424941981e-05
2023-12-11,10:14:53,6.9669,23.5,24.75,3206,15022653.0,3.041767424941981e-05
2023-12-11,10:14:53,6.9706,23.5,24.75,3207,15022654.0,3.036906225396806e-05
2023-12-11,10:14:53,6.9743,23.5,24.75,3207,15022654.0,3.036906225396806e-05
2023-12-11,10:14:53,6.9779,23.5,24.75,3206,15022654.0,3.041767424941981e-05
2023-12-11,10:14:53,6.9815,23.5,24.75,3205,15022654.0,3.046636405847287e-05
2023-12-11,10:14:53,6.9886,23.5,24.75,3207,15022653.0,3.036906225396806e-05
2023-12-11,10:14:53,6.9924,23.5,24.75,3207,15022653.0,3.036906225396806e-05
2023-12-11,10:14:53,6.9961,23.5,24.75,3207,15022653.0,3.036906225396806e-05
2023-12-11,10:14:53,6.9996,23.5,24.75,3206,15022654.0,3.041767424941981e-05
2023-12-11,10:14:53,7.0032,23.5,24.75,3207,15022653.0,3.036906225396806e-05
2023-12-11,10:14:53,7.0068,23.5,24.75,3210,15022654.0,3.022369190663609e-05
2023-12-11,10:14:53,7.0104,23.5,24.75,3210,15022653.0,3.022369190663609e-05
2023-12-11,10:14:53,7.0141,23.5,24.75,3207,15022653.0,3.036906225396806e-05
2023-12-11,10:14:53,7.0178,23.5,24.75,3205,15022653.0,3.046636405847287e-05
2023-12-11,10:14:53,7.025,23.5,24.75,3206,15022654.0,3.041767424941981e-05
2023-12-11,10:14:53,7.0286,23.5,24.75,3207,15022653.0,3.036906225396806e-05
2023-12-11,10:14:53,7.0323,23.5,24.75,3207,15022653.0,3.036906225396806e-05
2023-12-11,10:14:53,7.036,23.5,24.75,3207,15022654.0,3.036906225396806e-05
2023-12-11,10:14:53,7.0396,23.5,24.75,3207,15022653.0,3.036906225396806e-05
2023-12-11,10:14:53,7.0432,23.5,24.75,3207,15022653.0,3.036906225396806e-05
2023-12-11,10:14:53,7.0469,23.5,24.75,3208,15022652.0,3.032052794775979e-05
2023-12-11,10:14:53,7.0506,23.5,24.75,3207,15022651.0,3.036906225396806e-05
2023-12-11,10:14:53,7.0542,23.5,24.75,3205,15022653.0,3.046636405847287e-05
2023-12-11,10:14:53,7.0578,23.5,24.75,3206,15022654.0,3.041767424941981e-05
2023-12-11,10:14:53,7.0649,23.5,24.75,3207,15022652.0,3.036906225396806e-05
2023-12-11,10:14:53,7.0686,23.5,24.75,3207,15022653.0,3.036906225396806e-05
2023-12-11,10:14:53,7.0724,23.5,24.75,3207,15022653.0,3.036906225396806e-05
2023-12-11,10:14:53,7.0759,23.5,24.75,3207,15022653.0,3.036906225396806e-05
2023-12-11,10:14:53,7.0796,23.5,24.75,3207,15022653.0,3.036906225396806e-05
2023-12-11,10:14:53,7.0832,23.5,24.75,3207,15022653.0,3.036906225396806e-05
2023-12-11,10:14:53,7.0868,23.5,24.75,3206,15022652.0,3.041767424941981e-05
2023-12-11,10:14:53,7.0905,23.5,24.75,3206,15022652.0,3.041767424941981e-05
2023-12-11,10:14:53,7.0941,23.5,24.75,3206,15022652.0,3.041767424941981e-05
2023-12-11,10:14:53,7.0977,23.5,24.75,3206,15022652.0,3.041767424941981e-05
2023-12-11,10:14:53,7.105,23.5,24.75,3206,15022655.0,3.041767424941981e-05
2023-12-11,10:14:53,7.1087,23.5,24.75,3206,15022654.0,3.041767424941981e-05
2023-12-11,10:14:53,7.1123,23.5,24.75,3207,15022652.0,3.036906225396806e-05
2023-12-11,10:14:53,7.116,23.5,24.75,3207,15022652.0,3.036906225396806e-05
2023-12-11,10:14:53,7.1197,23.5,24.75,3207,15022652.0,3.036906225396806e-05
2023-12-11,10:14:53,7.1234,23.5,24.75,3207,15022654.0,3.036906225396806e-05
2023-12-11,10:14:53,7.127,23.5,24.75,3207,15022653.0,3.036906225396806e-05
2023-12-11,10:14:53,7.1305,23.5,24.75,3206,15022653.0,3.041767424941981e-05
2023-12-11,10:14:53,7.1342,23.5,24.75,3206,15022652.0,3.041767424941981e-05
2023-12-11,10:14:53,7.1379,23.5,24.75,3207,15022652.0,3.036906225396806e-05
2023-12-11,10:14:53,7.1451,23.5,24.75,3207,15022653.0,3.036906225396806e-05
2023-12-11,10:14:53,7.1486,23.5,24.75,3206,15022654.0,3.041767424941981e-05
2023-12-11,10:14:53,7.1524,23.5,24.75,3205,15022653.0,3.046636405847287e-05
2023-12-11,10:14:53,7.1561,23.5,24.75,3206,15022652.0,3.041767424941981e-05
2023-12-11,10:14:53,7.1596,23.5,24.75,3206,15022652.0,3.041767424941981e-05
2023-12-11,10:14:53,7.1632,23.5,24.75,3206,15022653.0,3.041767424941981e-05
2023-12-11,10:14:53,7.1669,23.5,24.75,3207,15022653.0,3.036906225396806e-05
2023-12-11,10:14:53,7.1707,23.5,24.75,3207,15022652.0,3.036906225396806e-05
2023-12-11,10:14:53,7.1742,23.5,24.75,3207,15022654.0,3.036906225396806e-05
2023-12-11,10:14:53,7.1814,23.5,24.75,3207,15022651.0,3.036906225396806e-05
2023-12-11,10:14:53,7.185,23.5,24.75,3207,15022652.0,3.036906225396806e-05
2023-12-11,10:14:53,7.1886,23.5,24.75,3206,15022653.0,3.041767424941981e-05
2023-12-11,10:14:53,7.1922,23.5,24.75,3206,15022653.0,3.041767424941981e-05
2023-12-11,10:14:53,7.1959,23.5,24.75,3207,15022653.0,3.036906225396806e-05
2023-12-11,10:14:53,7.1996,23.5,24.75,3208,15022653.0,3.032052794775979e-05
2023-12-11,10:14:53,7.2033,23.5,24.75,3208,15022653.0,3.032052794775979e-05
2023-12-11,10:14:53,7.207,23.5,24.75,3208,15022652.0,3.032052794775979e-05
2023-12-11,10:14:53,7.2106,23.5,24.75,3208,15022652.0,3.032052794775979e-05
2023-12-11,10:14:53,7.2142,23.5,24.75,3206,15022653.0,3.041767424941981e-05
2023-12-11,10:14:53,7.2213,23.5,24.75,3205,15022653.0,3.046636405847287e-05
2023-12-11,10:14:53,7.2249,23.5,24.75,3207,15022653.0,3.036906225396806e-05
2023-12-11,10:14:53,7.2285,23.5,24.75,3208,15022653.0,3.032052794775979e-05
2023-12-11,10:14:53,7.2322,23.5,24.75,3207,15022653.0,3.036906225396806e-05
2023-12-11,10:14:53,7.2359,23.5,24.75,3207,15022653.0,3.036906225396806e-05
2023-12-11,10:14:53,7.2395,23.5,24.75,3207,15022654.0,3.036906225396806e-05
2023-12-11,10:14:53,7.2431,23.5,24.75,3207,15022654.0,3.036906225396806e-05
2023-12-11,10:14:53,7.2467,23.5,24.75,3206,15022653.0,3.041767424941981e-05
2023-12-11,10:14:53,7.2503,23.5,24.75,3206,15022652.0,3.041767424941981e-05
2023-12-11,10:14:53,7.2577,23.5,24.75,3205,15022654.0,3.046636405847287e-05
2023-12-11,10:14:53,7.2613,23.5,24.75,3205,15022652.0,3.046636405847287e-05
2023-12-11,10:14:53,7.2649,23.5,24.75,3206,15022652.0,3.041767424941981e-05
2023-12-11,10:14:53,7.2686,23.5,24.75,3208,15022653.0,3.032052794775979e-05
2023-12-11,10:14:53,7.2723,23.5,24.75,3209,15022652.0,3.027207120663602e-05
2023-12-11,10:14:53,7.2759,23.5,24.75,3207,15022652.0,3.036906225396806e-05
2023-12-11,10:14:53,7.2795,23.5,24.75,3206,15022652.0,3.041767424941981e-05
2023-12-11,10:14:54,7.2832,23.5,24.75,3207,15022653.0,3.036906225396806e-05
2023-12-11,10:14:54,7.2869,23.5,24.75,3207,15022653.0,3.036906225396806e-05
2023-12-11,10:14:54,7.2905,23.5,24.75,3206,15022653.0,3.041767424941981e-05
2023-12-11,10:14:54,7.2976,23.5,24.75,3206,15022652.0,3.041767424941981e-05
2023-12-11,10:14:54,7.3013,23.5,24.75,3207,15022652.0,3.036906225396806e-05
2023-12-11,10:14:54,7.3051,23.5,24.75,3207,15022652.0,3.036906225396806e-05
2023-12-11,10:14:54,7.3086,23.5,24.75,3207,15022652.0,3.036906225396806e-05
2023-12-11,10:14:54,7.3122,23.5,24.75,3207,15022654.0,3.036906225396806e-05
2023-12-11,10:14:54,7.3158,23.5,24.75,3207,15022654.0,3.036906225396806e-05
2023-12-11,10:14:54,7.3194,23.5,24.75,3208,15022653.0,3.032052794775979e-05
2023-12-11,10:14:54,7.3231,23.5,24.75,3207,15022654.0,3.036906225396806e-05
2023-12-11,10:14:54,7.3268,23.5,24.75,3205,15022652.0,3.046636405847287e-05
2023-12-11,10:14:54,7.3304,23.5,24.75,3206,15022652.0,3.041767424941981e-05
2023-12-11,10:14:54,7.3376,23.5,24.75,3208,15022654.0,3.032052794775979e-05
2023-12-11,10:14:54,7.3412,23.5,24.75,3207,15022654.0,3.036906225396806e-05
2023-12-11,10:14:54,7.3449,23.5,24.75,3207,15022653.0,3.036906225396806e-05
2023-12-11,10:14:54,7.3486,23.5,24.75,3207,15022652.0,3.036906225396806e-05
2023-12-11,10:14:54,7.3522,23.5,24.75,3207,15022653.0,3.036906225396806e-05
2023-12-11,10:14:54,7.3557,23.5,24.75,3207,15022653.0,3.036906225396806e-05
2023-12-11,10:14:54,7.3593,23.5,24.75,3207,15022653.0,3.036906225396806e-05
2023-12-11,10:14:54,7.363,23.5,24.75,3206,15022652.0,3.041767424941981e-05
2023-12-11,10:14:54,7.3668,23.5,24.75,3206,15022652.0,3.041767424941981e-05
2023-12-11,10:14:54,7.3703,23.5,24.75,3207,15022653.0,3.036906225396806e-05
2023-12-11,10:14:54,7.3775,23.5,24.75,3207,15022653.0,3.036906225396806e-05
2023-12-11,10:14:54,7.3812,23.5,24.75,3207,15022653.0,3.036906225396806e-05
2023-12-11,10:14:54,7.3849,23.5,24.75,3207,15022653.0,3.036906225396806e-05
2023-12-11,10:14:54,7.3885,23.5,24.75,3207,15022653.0,3.036906225396806e-05
2023-12-11,10:14:54,7.3921,23.5,24.75,3207,15022653.0,3.036906225396806e-05
2023-12-11,10:14:54,7.3957,23.5,24.75,3207,15022653.0,3.036906225396806e-05
2023-12-11,10:14:54,7.3994,23.5,24.75,3207,15022653.0,3.036906225396806e-05
2023-12-11,10:14:54,7.4031,23.5,24.75,3207,15022653.0,3.036906225396806e-05
2023-12-11,10:14:54,7.4067,23.5,24.75,3207,15022652.0,3.036906225396806e-05
2023-12-11,10:14:54,7.4139,23.5,24.75,3207,15022652.0,3.036906225396806e-05
2023-12-11,10:14:54,7.4174,23.5,24.75,3207,15022653.0,3.036906225396806e-05
2023-12-11,10:14:54,7.4212,23.5,24.75,3206,15022653.0,3.041767424941981e-05
2023-12-11,10:14:54,7.4249,23.5,24.75,3207,15022652.0,3.036906225396806e-05
2023-12-11,10:14:54,7.4284,23.5,24.75,3208,15022652.0,3.032052794775979e-05
2023-12-11,10:14:54,7.432,23.5,24.75,3208,15022652.0,3.032052794775979e-05
2023-12-11,10:14:54,7.4356,23.5,24.75,3208,15022653.0,3.032052794775979e-05
2023-12-11,10:14:54,7.4393,23.5,24.75,3207,15022653.0,3.036906225396806e-05
2023-12-11,10:14:54,7.443,23.5,24.75,3207,15022653.0,3.036906225396806e-05
2023-12-11,10:14:54,7.4466,23.5,24.75,3206,15022652.0,3.041767424941981e-05
2023-12-11,10:14:54,7.4538,23.5,24.75,3206,15022654.0,3.041767424941981e-05
2023-12-11,10:14:54,7.4575,23.5,24.75,3205,15022653.0,3.046636405847287e-05
2023-12-11,10:14:54,7.4612,23.5,24.75,3206,15022653.0,3.041767424941981e-05
2023-12-11,10:14:54,7.4648,23.5,24.75,3207,15022653.0,3.036906225396806e-05
2023-12-11,10:14:54,7.4685,23.5,24.75,3208,15022652.0,3.032052794775979e-05
2023-12-11,10:14:54,7.4722,23.5,24.75,3207,15022651.0,3.036906225396806e-05
2023-12-11,10:14:54,7.4758,23.5,24.75,3206,15022652.0,3.041767424941981e-05
2023-12-11,10:14:54,7.4794,23.5,24.75,3207,15022653.0,3.036906225396806e-05
2023-12-11,10:14:54,7.483,23.5,24.75,3206,15022653.0,3.041767424941981e-05
2023-12-11,10:14:54,7.4866,23.5,24.75,3206,15022653.0,3.041767424941981e-05
2023-12-11,10:14:54,7.494,23.5,24.75,3206,15022652.0,3.041767424941981e-05
2023-12-11,10:14:54,7.4976,23.5,24.75,3207,15022653.0,3.036906225396806e-05
2023-12-11,10:14:54,7.5012,23.5,24.75,3206,15022652.0,3.041767424941981e-05
2023-12-11,10:14:54,7.5047,23.5,24.75,3206,15022653.0,3.041767424941981e-05
2023-12-11,10:14:54,7.5084,23.5,24.75,3207,15022654.0,3.036906225396806e-05
2023-12-11,10:14:54,7.5122,23.5,24.75,3207,15022653.0,3.036906225396806e-05
2023-12-11,10:14:54,7.5157,23.5,24.75,3207,15022653.0,3.036906225396806e-05
2023-12-11,10:14:54,7.5193,23.5,24.75,3207,15022653.0,3.036906225396806e-05
2023-12-11,10:14:54,7.523,23.5,24.75,3207,15022654.0,3.036906225396806e-05
2023-12-11,10:14:54,7.5303,23.5,24.75,3206,15022653.0,3.041767424941981e-05
2023-12-11,10:14:54,7.5339,23.5,24.75,3207,15022654.0,3.036906225396806e-05
2023-12-11,10:14:54,7.5375,23.5,24.75,3209,15022654.0,3.027207120663602e-05
2023-12-11,10:14:54,7.5411,23.5,24.75,3209,15022654.0,3.027207120663602e-05
2023-12-11,10:14:54,7.5448,23.5,24.75,3207,15022653.0,3.036906225396806e-05
2023-12-11,10:14:54,7.5485,23.5,24.75,3207,15022653.0,3.036906225396806e-05
2023-12-11,10:14:54,7.5521,23.5,24.75,3207,15022653.0,3.036906225396806e-05
2023-12-11,10:14:54,7.5557,23.5,24.75,3207,15022653.0,3.036906225396806e-05
2023-12-11,10:14:54,7.5593,23.5,24.75,3206,15022653.0,3.041767424941981e-05
2023-12-11,10:14:54,7.563,23.5,24.75,3206,15022653.0,3.041767424941981e-05
2023-12-11,10:14:54,7.5703,23.5,24.75,3206,15022654.0,3.041767424941981e-05
2023-12-11,10:14:54,7.5739,23.5,24.75,3207,15022653.0,3.036906225396806e-05
2023-12-11,10:14:54,7.5774,23.5,24.75,3207,15022653.0,3.036906225396806e-05
2023-12-11,10:14:54,7.5812,23.5,24.75,3207,15022653.0,3.036906225396806e-05
2023-12-11,10:14:54,7.5847,23.5,24.75,3206,15022654.0,3.041767424941981e-05
2023-12-11,10:14:54,7.5883,23.5,24.75,3206,15022653.0,3.041767424941981e-05
2023-12-11,10:14:54,7.592,23.5,24.75,3207,15022653.0,3.036906225396806e-05
2023-12-11,10:14:54,7.5956,23.5,24.75,3206,15022653.0,3.041767424941981e-05
2023-12-11,10:14:54,7.5992,23.5,24.75,3206,15022653.0,3.041767424941981e-05
2023-12-11,10:14:54,7.6028,23.5,24.75,3207,15022654.0,3.036906225396806e-05
2023-12-11,10:14:54,7.6101,23.5,24.75,3206,15022653.0,3.041767424941981e-05
2023-12-11,10:14:54,7.6138,23.5,24.75,3206,15022653.0,3.041767424941981e-05
2023-12-11,10:14:54,7.6174,23.5,24.75,3206,15022652.0,3.041767424941981e-05
2023-12-11,10:14:54,7.621,23.5,24.75,3206,15022653.0,3.041767424941981e-05
2023-12-11,10:14:54,7.6247,23.5,24.75,3206,15022653.0,3.041767424941981e-05
2023-12-11,10:14:54,7.6284,23.5,24.75,3206,15022653.0,3.041767424941981e-05
2023-12-11,10:14:54,7.632,23.5,24.75,3207,15022654.0,3.036906225396806e-05
2023-12-11,10:14:54,7.6357,23.5,24.75,3207,15022653.0,3.036906225396806e-05
2023-12-11,10:14:54,7.6393,23.5,24.75,3207,15022653.0,3.036906225396806e-05
2023-12-11,10:14:54,7.6466,23.5,24.75,3208,15022652.0,3.032052794775979e-05
2023-12-11,10:14:54,7.6501,23.5,24.75,3207,15022653.0,3.036906225396806e-05
2023-12-11,10:14:54,7.6537,23.5,24.75,3205,15022653.0,3.046636405847287e-05
2023-12-11,10:14:54,7.6573,23.5,24.75,3206,15022653.0,3.041767424941981e-05
2023-12-11,10:14:54,7.661,23.5,24.75,3207,15022653.0,3.036906225396806e-05
2023-12-11,10:14:54,7.6647,23.5,24.75,3207,15022653.0,3.036906225396806e-05
2023-12-11,10:14:54,7.6683,23.5,24.75,3207,15022653.0,3.036906225396806e-05
2023-12-11,10:14:54,7.6719,23.5,24.75,3208,15022652.0,3.032052794775979e-05
2023-12-11,10:14:54,7.6755,23.5,24.75,3208,15022654.0,3.032052794775979e-05
2023-12-11,10:14:54,7.6792,23.5,24.75,3207,15022654.0,3.036906225396806e-05
2023-12-11,10:14:54,7.6865,23.5,24.75,3207,15022655.0,3.036906225396806e-05
2023-12-11,10:14:54,7.6901,23.5,24.75,3207,15022653.0,3.036906225396806e-05
2023-12-11,10:14:54,7.6938,23.5,24.75,3207,15022653.0,3.036906225396806e-05
2023-12-11,10:14:54,7.6975,23.5,24.75,3206,15022653.0,3.041767424941981e-05
2023-12-11,10:14:54,7.7011,23.5,24.75,3206,15022652.0,3.041767424941981e-05
2023-12-11,10:14:54,7.7047,23.5,24.75,3206,15022653.0,3.041767424941981e-05
2023-12-11,10:14:54,7.7083,23.5,24.75,3207,15022653.0,3.036906225396806e-05
2023-12-11,10:14:54,7.712,23.5,24.75,3208,15022654.0,3.032052794775979e-05
2023-12-11,10:14:54,7.7157,23.5,24.75,3207,15022654.0,3.036906225396806e-05
2023-12-11,10:14:54,7.7193,23.5,24.75,3206,15022653.0,3.041767424941981e-05
2023-12-11,10:14:54,7.7264,23.5,24.75,3205,15022652.0,3.046636405847287e-05
2023-12-11,10:14:54,7.7301,23.5,24.75,3206,15022653.0,3.041767424941981e-05
2023-12-11,10:14:54,7.7339,23.5,24.75,3207,15022654.0,3.036906225396806e-05
2023-12-11,10:14:54,7.7374,23.5,24.75,3207,15022653.0,3.036906225396806e-05
2023-12-11,10:14:54,7.741,23.5,24.75,3207,15022653.0,3.036906225396806e-05
2023-12-11,10:14:54,7.7447,23.5,24.75,3207,15022653.0,3.036906225396806e-05
2023-12-11,10:14:54,7.7484,23.5,24.75,3206,15022654.0,3.041767424941981e-05
2023-12-11,10:14:54,7.7519,23.5,24.75,3206,15022654.0,3.041767424941981e-05
2023-12-11,10:14:54,7.7555,23.5,24.75,3206,15022653.0,3.041767424941981e-05
2023-12-11,10:14:54,7.7592,23.5,24.75,3205,15022653.0,3.046636405847287e-05
2023-12-11,10:14:54,7.7666,23.5,24.75,3207,15022653.0,3.036906225396806e-05
2023-12-11,10:14:54,7.7702,23.5,24.75,3206,15022652.0,3.041767424941981e-05
2023-12-11,10:14:54,7.7738,23.5,24.75,3206,15022652.0,3.041767424941981e-05
2023-12-11,10:14:54,7.7774,23.5,24.75,3207,15022653.0,3.036906225396806e-05
2023-12-11,10:14:54,7.781,23.5,24.75,3207,15022653.0,3.036906225396806e-05
2023-12-11,10:14:54,7.7847,23.5,24.75,3207,15022654.0,3.036906225396806e-05
2023-12-11,10:14:54,7.7884,23.5,24.75,3207,15022654.0,3.036906225396806e-05
2023-12-11,10:14:54,7.792,23.5,24.75,3206,15022653.0,3.041767424941981e-05
2023-12-11,10:14:54,7.7956,23.5,24.75,3205,15022653.0,3.046636405847287e-05
2023-12-11,10:14:54,7.8028,23.5,24.75,3207,15022653.0,3.036906225396806e-05
2023-12-11,10:14:54,7.8066,23.5,24.75,3206,15022653.0,3.041767424941981e-05
2023-12-11,10:14:54,7.8101,23.5,24.75,3206,15022653.0,3.041767424941981e-05
2023-12-11,10:14:54,7.8139,23.5,24.75,3206,15022653.0,3.041767424941981e-05
2023-12-11,10:14:54,7.8174,23.5,24.75,3206,15022653.0,3.041767424941981e-05
2023-12-11,10:14:54,7.821,23.5,24.75,3207,15022653.0,3.036906225396806e-05
2023-12-11,10:14:54,7.8247,23.5,24.75,3207,15022654.0,3.036906225396806e-05
2023-12-11,10:14:54,7.8283,23.5,24.75,3207,15022654.0,3.036906225396806e-05
2023-12-11,10:14:54,7.8319,23.5,24.75,3207,15022653.0,3.036906225396806e-05
2023-12-11,10:14:54,7.8355,23.5,24.75,3207,15022653.0,3.036906225396806e-05
2023-12-11,10:14:54,7.8429,23.5,24.75,3206,15022652.0,3.041767424941981e-05
2023-12-11,10:14:54,7.8465,23.5,24.75,3206,15022653.0,3.041767424941981e-05
2023-12-11,10:14:54,7.8501,23.5,24.75,3206,15022653.0,3.041767424941981e-05
2023-12-11,10:14:54,7.8537,23.5,24.75,3208,15022652.0,3.032052794775979e-05
2023-12-11,10:14:54,7.8572,23.5,24.75,3208,15022652.0,3.032052794775979e-05
2023-12-11,10:14:54,7.8608,23.5,24.75,3206,15022653.0,3.041767424941981e-05
2023-12-11,10:14:54,7.8645,23.5,24.75,3207,15022654.0,3.036906225396806e-05
2023-12-11,10:14:54,7.8683,23.5,24.75,3207,15022654.0,3.036906225396806e-05
2023-12-11,10:14:54,7.8718,23.5,24.75,3207,15022654.0,3.036906225396806e-05
2023-12-11,10:14:54,7.8754,23.5,24.75,3207,15022653.0,3.036906225396806e-05
2023-12-11,10:14:54,7.8828,23.5,24.75,3205,15022654.0,3.046636405847287e-05
2023-12-11,10:14:54,7.8864,23.5,24.75,3206,15022653.0,3.041767424941981e-05
2023-12-11,10:14:54,7.89,23.5,24.75,3207,15022654.0,3.036906225396806e-05
2023-12-11,10:14:54,7.8936,23.5,24.75,3207,15022655.0,3.036906225396806e-05
2023-12-11,10:14:54,7.8973,23.5,24.75,3207,15022654.0,3.036906225396806e-05
2023-12-11,10:14:54,7.901,23.5,24.75,3206,15022652.0,3.041767424941981e-05
2023-12-11,10:14:54,7.9046,23.5,24.75,3206,15022652.0,3.041767424941981e-05
2023-12-11,10:14:54,7.9082,23.5,24.75,3206,15022654.0,3.041767424941981e-05
2023-12-11,10:14:54,7.9118,23.5,24.75,3206,15022654.0,3.041767424941981e-05
2023-12-11,10:14:54,7.9189,23.5,24.75,3205,15022655.0,3.046636405847287e-05
2023-12-11,10:14:54,7.9225,23.5,24.75,3205,15022653.0,3.046636405847287e-05
2023-12-11,10:14:54,7.9261,23.5,24.75,3207,15022653.0,3.036906225396806e-05
2023-12-11,10:14:54,7.9298,23.5,24.75,3208,15022653.0,3.032052794775979e-05
2023-12-11,10:14:54,7.9335,23.5,24.75,3207,15022653.0,3.036906225396806e-05
2023-12-11,10:14:54,7.9372,23.5,24.75,3206,15022652.0,3.041767424941981e-05
2023-12-11,10:14:54,7.941,23.5,24.75,3207,15022652.0,3.036906225396806e-05
2023-12-11,10:14:54,7.9445,23.5,24.75,3207,15022653.0,3.036906225396806e-05
2023-12-11,10:14:54,7.9481,23.5,24.75,3205,15022653.0,3.046636405847287e-05
2023-12-11,10:14:54,7.9517,23.5,24.75,3205,15022654.0,3.046636405847287e-05
2023-12-11,10:14:54,7.959,23.5,24.75,3209,15022651.0,3.027207120663602e-05
2023-12-11,10:14:54,7.9626,23.5,24.75,3207,15022652.0,3.036906225396806e-05
2023-12-11,10:14:54,7.9662,23.5,24.75,3207,15022653.0,3.036906225396806e-05
2023-12-11,10:14:54,7.9699,23.5,24.75,3206,15022653.0,3.041767424941981e-05
2023-12-11,10:14:54,7.9735,23.5,24.75,3207,15022654.0,3.036906225396806e-05
2023-12-11,10:14:54,7.9771,23.5,24.75,3208,15022653.0,3.032052794775979e-05
2023-12-11,10:14:54,7.9808,23.5,24.75,3208,15022653.0,3.032052794775979e-05
2023-12-11,10:14:54,7.9845,23.5,24.75,3207,15022653.0,3.036906225396806e-05
2023-12-11,10:14:54,7.9881,23.5,24.75,3206,15022654.0,3.041767424941981e-05
2023-12-11,10:14:54,7.9952,23.5,24.75,3208,15022653.0,3.032052794775979e-05
2023-12-11,10:14:54,7.9989,23.5,24.75,3208,15022654.0,3.032052794775979e-05
2023-12-11,10:14:54,8.0027,23.5,24.75,3207,15022653.0,3.036906225396806e-05
2023-12-11,10:14:54,8.0062,23.5,24.75,3206,15022654.0,3.041767424941981e-05
2023-12-11,10:14:54,8.0098,23.5,24.75,3205,15022653.0,3.046636405847287e-05
2023-12-11,10:14:54,8.0134,23.5,24.75,3206,15022653.0,3.041767424941981e-05
2023-12-11,10:14:54,8.017,23.5,24.75,3207,15022654.0,3.036906225396806e-05
2023-12-11,10:14:54,8.0207,23.5,24.75,3208,15022653.0,3.032052794775979e-05
2023-12-11,10:14:54,8.0244,23.5,24.75,3208,15022654.0,3.032052794775979e-05
2023-12-11,10:14:54,8.028,23.5,24.75,3207,15022654.0,3.036906225396806e-05
2023-12-11,10:14:54,8.0352,23.5,24.75,3207,15022655.0,3.036906225396806e-05
2023-12-11,10:14:54,8.0389,23.5,24.75,3206,15022655.0,3.041767424941981e-05
2023-12-11,10:14:54,8.0426,23.5,24.75,3206,15022655.0,3.041767424941981e-05
2023-12-11,10:14:54,8.0462,23.5,24.75,3205,15022654.0,3.046636405847287e-05
2023-12-11,10:14:54,8.0498,23.5,24.75,3206,15022653.0,3.041767424941981e-05
2023-12-11,10:14:54,8.0535,23.5,24.75,3207,15022654.0,3.036906225396806e-05
2023-12-11,10:14:54,8.0572,23.5,24.75,3207,15022654.0,3.036906225396806e-05
2023-12-11,10:14:54,8.0608,23.5,24.75,3207,15022653.0,3.036906225396806e-05
2023-12-11,10:14:54,8.0645,23.5,24.75,3207,15022653.0,3.036906225396806e-05
2023-12-11,10:14:54,8.0681,23.5,24.75,3207,15022654.0,3.036906225396806e-05
2023-12-11,10:14:54,8.0754,23.5,24.75,3208,15022651.0,3.032052794775979e-05
2023-12-11,10:14:54,8.0789,23.5,24.75,3207,15022654.0,3.036906225396806e-05
2023-12-11,10:14:54,8.0827,23.5,24.75,3207,15022655.0,3.036906225396806e-05
2023-12-11,10:14:54,8.0862,23.5,24.75,3207,15022655.0,3.036906225396806e-05
2023-12-11,10:14:54,8.0898,23.5,24.75,3207,15022654.0,3.036906225396806e-05
2023-12-11,10:14:54,8.0935,23.5,24.75,3208,15022653.0,3.032052794775979e-05
2023-12-11,10:14:54,8.0971,23.5,24.75,3208,15022653.0,3.032052794775979e-05
2023-12-11,10:14:54,8.1008,23.5,24.75,3208,15022653.0,3.032052794775979e-05
2023-12-11,10:14:54,8.1045,23.5,24.75,3207,15022653.0,3.036906225396806e-05
2023-12-11,10:14:54,8.1081,23.5,24.75,3205,15022653.0,3.046636405847287e-05
2023-12-11,10:14:54,8.1153,23.5,24.75,3207,15022655.0,3.036906225396806e-05
2023-12-11,10:14:54,8.1189,23.5,24.75,3207,15022654.0,3.036906225396806e-05
2023-12-11,10:14:54,8.1226,23.5,24.75,3207,15022654.0,3.036906225396806e-05
2023-12-11,10:14:54,8.1263,23.5,24.75,3207,15022655.0,3.036906225396806e-05
2023-12-11,10:14:54,8.1299,23.5,24.75,3207,15022654.0,3.036906225396806e-05
2023-12-11,10:14:54,8.1335,23.5,24.75,3207,15022655.0,3.036906225396806e-05
2023-12-11,10:14:54,8.1372,23.5,24.75,3206,15022656.0,3.041767424941981e-05
2023-12-11,10:14:54,8.1409,23.5,24.75,3205,15022654.0,3.046636405847287e-05
2023-12-11,10:14:54,8.1445,23.5,24.75,3205,15022654.0,3.046636405847287e-05
2023-12-11,10:14:54,8.1481,23.5,24.75,3206,15022655.0,3.041767424941981e-05
2023-12-11,10:14:54,8.1554,23.5,24.75,3207,15022654.0,3.036906225396806e-05
2023-12-11,10:14:54,8.1591,23.5,24.75,3207,15022655.0,3.036906225396806e-05
2023-12-11,10:14:54,8.1627,23.5,24.75,3207,15022655.0,3.036906225396806e-05
2023-12-11,10:14:54,8.1662,23.5,24.75,3208,15022654.0,3.032052794775979e-05
2023-12-11,10:14:54,8.1698,23.5,24.75,3207,15022654.0,3.036906225396806e-05
2023-12-11,10:14:54,8.1735,23.5,24.75,3206,15022654.0,3.041767424941981e-05
2023-12-11,10:14:54,8.1772,23.5,24.75,3207,15022654.0,3.036906225396806e-05
2023-12-11,10:14:54,8.1808,23.5,24.75,3207,15022654.0,3.036906225396806e-05
2023-12-11,10:14:54,8.1845,23.5,24.75,3206,15022654.0,3.041767424941981e-05
2023-12-11,10:14:54,8.1917,23.5,24.75,3207,15022654.0,3.036906225396806e-05
2023-12-11,10:14:54,8.1954,23.5,24.75,3206,15022655.0,3.041767424941981e-05
2023-12-11,10:14:54,8.199,23.5,24.75,3205,15022655.0,3.046636405847287e-05
2023-12-11,10:14:54,8.2027,23.5,24.75,3206,15022654.0,3.041767424941981e-05
2023-12-11,10:14:54,8.2064,23.5,24.75,3206,15022654.0,3.041767424941981e-05
2023-12-11,10:14:54,8.21,23.5,24.75,3206,15022655.0,3.041767424941981e-05
2023-12-11,10:14:54,8.2136,23.5,24.75,3207,15022655.0,3.036906225396806e-05
2023-12-11,10:14:54,8.2172,23.5,24.75,3207,15022654.0,3.036906225396806e-05
2023-12-11,10:14:54,8.2209,23.5,24.75,3206,15022655.0,3.041767424941981e-05
2023-12-11,10:14:54,8.2246,23.5,24.75,3206,15022654.0,3.041767424941981e-05
2023-12-11,10:14:54,8.2318,23.5,24.75,3206,15022655.0,3.041767424941981e-05
2023-12-11,10:14:54,8.2354,23.5,24.75,3206,15022654.0,3.041767424941981e-05
2023-12-11,10:14:54,8.2391,23.5,24.75,3206,15022655.0,3.041767424941981e-05
2023-12-11,10:14:54,8.2428,23.5,24.75,3206,15022655.0,3.041767424941981e-05
2023-12-11,10:14:54,8.2464,23.5,24.75,3206,15022654.0,3.041767424941981e-05
2023-12-11,10:14:54,8.2501,23.5,24.75,3207,15022654.0,3.036906225396806e-05
2023-12-11,10:14:54,8.2538,23.5,24.75,3207,15022653.0,3.036906225396806e-05
2023-12-11,10:14:54,8.2574,23.5,24.75,3207,15022654.0,3.036906225396806e-05
2023-12-11,10:14:54,8.261,23.5,24.75,3207,15022654.0,3.036906225396806e-05
2023-12-11,10:14:54,8.2645,23.5,24.75,3206,15022656.0,3.041767424941981e-05
2023-12-11,10:14:54,8.272,23.5,24.75,3207,15022658.0,3.036906225396806e-05
2023-12-11,10:14:54,8.2754,23.5,24.75,3207,15022659.0,3.036906225396806e-05
2023-12-11,10:14:54,8.279,23.5,24.75,3207,15022655.0,3.036906225396806e-05
2023-12-11,10:14:54,8.2827,23.5,24.75,3207,15022654.0,3.036906225396806e-05
2023-12-11,10:14:55,8.2863,23.5,24.75,3207,15022654.0,3.036906225396806e-05
2023-12-11,10:14:55,8.2899,23.5,24.75,3207,15022654.0,3.036906225396806e-05
2023-12-11,10:14:55,8.2936,23.5,24.75,3207,15022655.0,3.036906225396806e-05
2023-12-11,10:14:55,8.2973,23.5,24.75,3207,15022655.0,3.036906225396806e-05
2023-12-11,10:14:55,8.3009,23.5,24.75,3207,15022655.0,3.036906225396806e-05
2023-12-11,10:14:55,8.3046,23.5,24.75,3206,15022655.0,3.041767424941981e-05
2023-12-11,10:14:55,8.3119,23.5,24.75,3207,15022656.0,3.036906225396806e-05
2023-12-11,10:14:55,8.3155,23.5,24.75,3207,15022655.0,3.036906225396806e-05
2023-12-11,10:14:55,8.3191,23.5,24.75,3207,15022654.0,3.036906225396806e-05
2023-12-11,10:14:55,8.3228,23.5,24.75,3207,15022655.0,3.036906225396806e-05
2023-12-11,10:14:55,8.3265,23.5,24.75,3207,15022655.0,3.036906225396806e-05
2023-12-11,10:14:55,8.3301,23.5,24.75,3207,15022655.0,3.036906225396806e-05
2023-12-11,10:14:55,8.3337,23.5,24.75,3208,15022655.0,3.032052794775979e-05
2023-12-11,10:14:55,8.3372,23.5,24.75,3208,15022655.0,3.032052794775979e-05
2023-12-11,10:14:55,8.341,23.5,24.75,3207,15022656.0,3.036906225396806e-05
2023-12-11,10:14:55,8.3447,23.5,24.75,3207,15022656.0,3.036906225396806e-05
2023-12-11,10:14:55,8.3518,23.5,24.75,3207,15022654.0,3.036906225396806e-05
2023-12-11,10:14:55,8.3554,23.5,24.75,3207,15022654.0,3.036906225396806e-05
2023-12-11,10:14:55,8.359,23.5,24.75,3206,15022654.0,3.041767424941981e-05
2023-12-11,10:14:55,8.3626,23.5,24.75,3206,15022654.0,3.041767424941981e-05
2023-12-11,10:14:55,8.3663,23.5,24.75,3206,15022654.0,3.041767424941981e-05
2023-12-11,10:14:55,8.37,23.5,24.75,3209,15022653.0,3.027207120663602e-05
2023-12-11,10:14:55,8.3736,23.5,24.75,3210,15022654.0,3.022369190663609e-05
2023-12-11,10:14:55,8.3772,23.5,24.75,3207,15022656.0,3.036906225396806e-05
2023-12-11,10:14:55,8.3809,23.5,24.75,3207,15022656.0,3.036906225396806e-05
2023-12-11,10:14:55,8.3882,23.5,24.75,3206,15022654.0,3.041767424941981e-05
2023-12-11,10:14:55,8.3918,23.5,24.75,3206,15022655.0,3.041767424941981e-05
2023-12-11,10:14:55,8.3955,23.5,24.75,3206,15022653.0,3.041767424941981e-05
2023-12-11,10:14:55,8.3991,23.5,24.75,3207,15022653.0,3.036906225396806e-05
2023-12-11,10:14:55,8.4027,23.5,24.75,3208,15022654.0,3.032052794775979e-05
2023-12-11,10:14:55,8.4064,23.5,24.75,3207,15022655.0,3.036906225396806e-05
2023-12-11,10:14:55,8.41,23.5,24.75,3207,15022655.0,3.036906225396806e-05
2023-12-11,10:14:55,8.4135,23.5,24.75,3207,15022655.0,3.036906225396806e-05
2023-12-11,10:14:55,8.4172,23.5,24.75,3207,15022656.0,3.036906225396806e-05
2023-12-11,10:14:55,8.421,23.5,24.75,3206,15022655.0,3.041767424941981e-05
2023-12-11,10:14:55,8.4281,23.5,24.75,3207,15022655.0,3.036906225396806e-05
2023-12-11,10:14:55,8.4318,23.5,24.75,3207,15022654.0,3.036906225396806e-05
2023-12-11,10:14:55,8.4354,23.5,24.75,3208,15022653.0,3.032052794775979e-05
2023-12-11,10:14:55,8.439,23.5,24.75,3208,15022654.0,3.032052794775979e-05
2023-12-11,10:14:55,8.4427,23.5,24.75,3207,15022654.0,3.036906225396806e-05
2023-12-11,10:14:55,8.4463,23.5,24.75,3207,15022655.0,3.036906225396806e-05
2023-12-11,10:14:55,8.4499,23.5,24.75,3207,15022655.0,3.036906225396806e-05
2023-12-11,10:14:55,8.4536,23.5,24.75,3206,15022653.0,3.041767424941981e-05
2023-12-11,10:14:55,8.4572,23.5,24.75,3206,15022653.0,3.041767424941981e-05
2023-12-11,10:14:55,8.4608,23.5,24.75,3207,15022656.0,3.036906225396806e-05
2023-12-11,10:14:55,8.4681,23.5,24.75,3207,15022653.0,3.036906225396806e-05
2023-12-11,10:14:55,8.4716,23.5,24.75,3207,15022654.0,3.036906225396806e-05
2023-12-11,10:14:55,8.4754,23.5,24.75,3206,15022654.0,3.041767424941981e-05
2023-12-11,10:14:55,8.4791,23.5,24.75,3206,15022655.0,3.041767424941981e-05
2023-12-11,10:14:55,8.4828,23.5,24.75,3206,15022654.0,3.041767424941981e-05
2023-12-11,10:14:55,8.4864,23.5,24.75,3207,15022654.0,3.036906225396806e-05
2023-12-11,10:14:55,8.4898,23.5,24.75,3207,15022653.0,3.036906225396806e-05
2023-12-11,10:14:55,8.4935,23.5,24.75,3206,15022654.0,3.041767424941981e-05
2023-12-11,10:14:55,8.4972,23.5,24.75,3207,15022655.0,3.036906225396806e-05
2023-12-11,10:14:55,8.5045,23.5,24.75,3207,15022653.0,3.036906225396806e-05
2023-12-11,10:14:55,8.5083,23.5,24.75,3207,15022654.0,3.036906225396806e-05
2023-12-11,10:14:55,8.5118,23.5,24.75,3206,15022654.0,3.041767424941981e-05
2023-12-11,10:14:55,8.5154,23.5,24.75,3206,15022654.0,3.041767424941981e-05
2023-12-11,10:14:55,8.519,23.5,24.75,3207,15022654.0,3.036906225396806e-05
2023-12-11,10:14:55,8.5227,23.5,24.75,3207,15022654.0,3.036906225396806e-05
2023-12-11,10:14:55,8.5264,23.5,24.75,3207,15022655.0,3.036906225396806e-05
2023-12-11,10:14:55,8.53,23.5,24.75,3207,15022654.0,3.036906225396806e-05
2023-12-11,10:14:55,8.5337,23.5,24.75,3207,15022654.0,3.036906225396806e-05
2023-12-11,10:14:55,8.5374,23.5,24.75,3206,15022654.0,3.041767424941981e-05
2023-12-11,10:14:55,8.5446,23.5,24.75,3206,15022656.0,3.041767424941981e-05
2023-12-11,10:14:55,8.5482,23.5,24.75,3207,15022654.0,3.036906225396806e-05
2023-12-11,10:14:55,8.5518,23.5,24.75,3207,15022654.0,3.036906225396806e-05
2023-12-11,10:14:55,8.5555,23.5,24.75,3207,15022654.0,3.036906225396806e-05
2023-12-11,10:14:55,8.5592,23.5,24.75,3208,15022654.0,3.032052794775979e-05
2023-12-11,10:14:55,8.5628,23.5,24.75,3208,15022654.0,3.032052794775979e-05
2023-12-11,10:14:55,8.5664,23.5,24.75,3208,15022654.0,3.032052794775979e-05
2023-12-11,10:14:55,8.57,23.5,24.75,3208,15022654.0,3.032052794775979e-05
2023-12-11,10:14:55,8.5737,23.5,24.75,3207,15022654.0,3.036906225396806e-05
2023-12-11,10:14:55,8.5772,23.5,24.75,3207,15022655.0,3.036906225396806e-05
2023-12-11,10:14:55,8.5845,23.5,24.75,3206,15022653.0,3.041767424941981e-05
2023-12-11,10:14:55,8.5881,23.5,24.75,3206,15022654.0,3.041767424941981e-05
2023-12-11,10:14:55,8.5918,23.5,24.75,3207,15022656.0,3.036906225396806e-05
2023-12-11,10:14:55,8.5954,23.5,24.75,3207,15022655.0,3.036906225396806e-05
2023-12-11,10:14:55,8.599,23.5,24.75,3207,15022654.0,3.036906225396806e-05
2023-12-11,10:14:55,8.6027,23.5,24.75,3207,15022655.0,3.036906225396806e-05
2023-12-11,10:14:55,8.6063,23.5,24.75,3206,15022655.0,3.041767424941981e-05
2023-12-11,10:14:55,8.6099,23.5,24.75,3206,15022654.0,3.041767424941981e-05
2023-12-11,10:14:55,8.6136,23.5,24.75,3206,15022653.0,3.041767424941981e-05
2023-12-11,10:14:55,8.6173,23.5,24.75,3207,15022652.0,3.036906225396806e-05
2023-12-11,10:14:55,8.6245,23.5,24.75,3207,15022656.0,3.036906225396806e-05
2023-12-11,10:14:55,8.6281,23.5,24.75,3207,15022654.0,3.036906225396806e-05
2023-12-11,10:14:55,8.6318,23.5,24.75,3206,15022654.0,3.041767424941981e-05
2023-12-11,10:14:55,8.6355,23.5,24.75,3205,15022654.0,3.046636405847287e-05
2023-12-11,10:14:55,8.6391,23.5,24.75,3206,15022655.0,3.041767424941981e-05
2023-12-11,10:14:55,8.6427,23.5,24.75,3206,15022656.0,3.041767424941981e-05
2023-12-11,10:14:55,8.6462,23.5,24.75,3206,15022655.0,3.041767424941981e-05
2023-12-11,10:14:55,8.6498,23.5,24.75,3207,15022654.0,3.036906225396806e-05
2023-12-11,10:14:55,8.6535,23.5,24.75,3207,15022654.0,3.036906225396806e-05
2023-12-11,10:14:55,8.6608,23.5,24.75,3206,15022655.0,3.041767424941981e-05
2023-12-11,10:14:55,8.6644,23.5,24.75,3207,15022654.0,3.036906225396806e-05
2023-12-11,10:14:55,8.668,23.5,24.75,3207,15022655.0,3.036906225396806e-05
2023-12-11,10:14:55,8.6717,23.5,24.75,3206,15022654.0,3.041767424941981e-05
2023-12-11,10:14:55,8.6754,23.5,24.75,3208,15022654.0,3.032052794775979e-05
2023-12-11,10:14:55,8.679,23.5,24.75,3210,15022655.0,3.022369190663609e-05
2023-12-11,10:14:55,8.6826,23.5,24.75,3208,15022655.0,3.032052794775979e-05
2023-12-11,10:14:55,8.6863,23.5,24.75,3207,15022655.0,3.036906225396806e-05
2023-12-11,10:14:55,8.69,23.5,24.75,3207,15022655.0,3.036906225396806e-05
2023-12-11,10:14:55,8.6936,23.5,24.75,3208,15022655.0,3.032052794775979e-05
2023-12-11,10:14:55,8.7008,23.5,24.75,3206,15022653.0,3.041767424941981e-05
2023-12-11,10:14:55,8.7044,23.5,24.75,3206,15022654.0,3.041767424941981e-05
2023-12-11,10:14:55,8.7081,23.5,24.75,3207,15022654.0,3.036906225396806e-05
2023-12-11,10:14:55,8.7118,23.5,24.75,3207,15022654.0,3.036906225396806e-05
2023-12-11,10:14:55,8.7154,23.5,24.75,3207,15022655.0,3.036906225396806e-05
2023-12-11,10:14:55,8.7189,23.5,24.75,3206,15022655.0,3.041767424941981e-05
2023-12-11,10:14:55,8.7227,23.5,24.75,3205,15022654.0,3.046636405847287e-05
2023-12-11,10:14:55,8.7262,23.5,24.75,3206,15022655.0,3.041767424941981e-05
2023-12-11,10:14:55,8.7298,23.5,24.75,3207,15022655.0,3.036906225396806e-05
2023-12-11,10:14:55,8.7335,23.5,24.75,3207,15022655.0,3.036906225396806e-05
2023-12-11,10:14:55,8.7407,23.5,24.75,3207,15022656.0,3.036906225396806e-05
2023-12-11,10:14:55,8.7443,23.5,24.75,3206,15022655.0,3.041767424941981e-05
2023-12-11,10:14:55,8.7479,23.5,24.75,3206,15022655.0,3.041767424941981e-05
2023-12-11,10:14:55,8.7516,23.5,24.75,3207,15022654.0,3.036906225396806e-05
2023-12-11,10:14:55,8.7553,23.5,24.75,3207,15022654.0,3.036906225396806e-05
2023-12-11,10:14:55,8.7589,23.5,24.75,3207,15022655.0,3.036906225396806e-05
2023-12-11,10:14:55,8.7625,23.5,24.75,3207,15022655.0,3.036906225396806e-05
2023-12-11,10:14:55,8.7662,23.5,24.75,3207,15022655.0,3.036906225396806e-05
2023-12-11,10:14:55,8.7698,23.5,24.75,3206,15022654.0,3.041767424941981e-05
2023-12-11,10:14:55,8.7771,23.5,24.75,3205,15022655.0,3.046636405847287e-05
2023-12-11,10:14:55,8.7806,23.5,24.75,3206,15022655.0,3.041767424941981e-05
2023-12-11,10:14:55,8.7842,23.5,24.75,3207,15022655.0,3.036906225396806e-05
2023-12-11,10:14:55,8.7879,23.5,24.75,3206,15022654.0,3.041767424941981e-05
2023-12-11,10:14:55,8.7916,23.5,24.75,3206,15022654.0,3.041767424941981e-05
2023-12-11,10:14:55,8.7952,23.5,24.75,3207,15022654.0,3.036906225396806e-05
2023-12-11,10:14:55,8.7989,23.5,24.75,3207,15022655.0,3.036906225396806e-05
2023-12-11,10:14:55,8.8027,23.5,24.75,3206,15022655.0,3.041767424941981e-05
2023-12-11,10:14:55,8.8062,23.5,24.75,3206,15022655.0,3.041767424941981e-05
2023-12-11,10:14:55,8.8098,23.5,24.75,3206,15022654.0,3.041767424941981e-05
2023-12-11,10:14:55,8.8171,23.5,24.75,3206,15022653.0,3.041767424941981e-05
2023-12-11,10:14:55,8.8208,23.5,24.75,3206,15022654.0,3.041767424941981e-05
2023-12-11,10:14:55,8.8244,23.5,24.75,3206,15022655.0,3.041767424941981e-05
2023-12-11,10:14:55,8.828,23.5,24.75,3206,15022655.0,3.041767424941981e-05
2023-12-11,10:14:55,8.8316,23.5,24.75,3207,15022655.0,3.036906225396806e-05
2023-12-11,10:14:55,8.8352,23.5,24.75,3206,15022655.0,3.041767424941981e-05
2023-12-11,10:14:55,8.8389,23.5,24.75,3205,15022655.0,3.046636405847287e-05
2023-12-11,10:14:55,8.8425,23.5,24.75,3206,15022654.0,3.041767424941981e-05
2023-12-11,10:14:55,8.846,23.5,24.75,3207,15022654.0,3.036906225396806e-05
2023-12-11,10:14:55,8.8498,23.5,24.75,3206,15022654.0,3.041767424941981e-05
2023-12-11,10:14:55,8.8571,23.5,24.75,3206,15022657.0,3.041767424941981e-05
2023-12-11,10:14:55,8.8606,23.5,24.75,3205,15022655.0,3.046636405847287e-05
2023-12-11,10:14:55,8.8642,23.5,24.75,3205,15022655.0,3.046636405847287e-05
2023-12-11,10:14:55,8.8679,23.5,24.75,3205,15022655.0,3.046636405847287e-05
2023-12-11,10:14:55,8.8715,23.5,24.75,3206,15022654.0,3.041767424941981e-05
2023-12-11,10:14:55,8.8752,23.5,24.75,3208,15022658.0,3.032052794775979e-05
2023-12-11,10:14:55,8.8789,23.5,24.75,3208,15022658.0,3.032052794775979e-05
2023-12-11,10:14:55,8.8825,23.5,24.75,3207,15022655.0,3.036906225396806e-05
2023-12-11,10:14:55,8.8861,23.5,24.75,3207,15022654.0,3.036906225396806e-05
2023-12-11,10:14:55,8.8897,23.5,24.75,3207,15022656.0,3.036906225396806e-05
2023-12-11,10:14:55,8.897,23.5,24.75,3205,15022655.0,3.046636405847287e-05
2023-12-11,10:14:55,8.9007,23.5,24.75,3206,15022655.0,3.041767424941981e-05
2023-12-11,10:14:55,8.9043,23.5,24.75,3207,15022655.0,3.036906225396806e-05
2023-12-11,10:14:55,8.9079,23.5,24.75,3207,15022655.0,3.036906225396806e-05
2023-12-11,10:14:55,8.9115,23.5,24.75,3207,15022656.0,3.036906225396806e-05
2023-12-11,10:14:55,8.9152,23.5,24.75,3207,15022656.0,3.036906225396806e-05
2023-12-11,10:14:55,8.9189,23.5,24.75,3206,15022655.0,3.041767424941981e-05
2023-12-11,10:14:55,8.9225,23.5,24.75,3205,15022656.0,3.046636405847287e-05
2023-12-11,10:14:55,8.926,23.5,24.75,3205,15022654.0,3.046636405847287e-05
2023-12-11,10:14:55,8.9333,23.5,24.75,3207,15022654.0,3.036906225396806e-05
2023-12-11,10:14:55,8.9371,23.5,24.75,3207,15022654.0,3.036906225396806e-05
2023-12-11,10:14:55,8.9406,23.5,24.75,3207,15022655.0,3.036906225396806e-05
2023-12-11,10:14:55,8.9442,23.5,24.75,3207,15022655.0,3.036906225396806e-05
2023-12-11,10:14:55,8.9479,23.5,24.75,3206,15022655.0,3.041767424941981e-05
2023-12-11,10:14:55,8.9516,23.5,24.75,3206,15022656.0,3.041767424941981e-05
2023-12-11,10:14:55,8.9552,23.5,24.75,3206,15022655.0,3.041767424941981e-05
2023-12-11,10:14:55,8.9588,23.5,24.75,3206,15022655.0,3.041767424941981e-05
2023-12-11,10:14:55,8.9624,23.5,24.75,3206,15022655.0,3.041767424941981e-05
2023-12-11,10:14:55,8.9661,23.5,24.75,3206,15022654.0,3.041767424941981e-05
2023-12-11,10:14:55,8.9733,23.5,24.75,3207,15022657.0,3.036906225396806e-05
2023-12-11,10:14:55,8.977,23.5,24.75,3206,15022655.0,3.041767424941981e-05
2023-12-11,10:14:55,8.9806,23.5,24.75,3205,15022655.0,3.046636405847287e-05
2023-12-11,10:14:55,8.9842,23.5,24.75,3205,15022654.0,3.046636405847287e-05
2023-12-11,10:14:55,8.9879,23.5,24.75,3206,15022654.0,3.041767424941981e-05
2023-12-11,10:14:55,8.9916,23.5,24.75,3206,15022656.0,3.041767424941981e-05
2023-12-11,10:14:55,8.9952,23.5,24.75,3206,15022655.0,3.041767424941981e-05
2023-12-11,10:14:55,8.9988,23.5,24.75,3207,15022655.0,3.036906225396806e-05
2023-12-11,10:14:55,9.0023,23.5,24.75,3209,15022654.0,3.027207120663602e-05
2023-12-11,10:14:55,9.006,23.5,24.75,3208,15022655.0,3.032052794775979e-05
2023-12-11,10:14:55,9.0132,23.5,24.75,3207,15022654.0,3.036906225396806e-05
2023-12-11,10:14:55,9.0169,23.5,24.75,3206,15022655.0,3.041767424941981e-05
2023-12-11,10:14:55,9.0205,23.5,24.75,3205,15022655.0,3.046636405847287e-05
2023-12-11,10:14:55,9.0242,23.5,24.75,3206,15022654.0,3.041767424941981e-05
2023-12-11,10:14:55,9.0279,23.5,24.75,3206,15022655.0,3.041767424941981e-05
2023-12-11,10:14:55,9.0315,23.5,24.75,3205,15022656.0,3.046636405847287e-05
2023-12-11,10:14:55,9.0351,23.5,24.75,3205,15022656.0,3.046636405847287e-05
2023-12-11,10:14:55,9.0387,23.5,24.75,3205,15022655.0,3.046636405847287e-05
2023-12-11,10:14:55,9.0424,23.5,24.75,3205,15022655.0,3.046636405847287e-05
2023-12-11,10:14:55,9.0497,23.5,24.75,3206,15022655.0,3.041767424941981e-05
2023-12-11,10:14:55,9.0533,23.5,24.75,3207,15022656.0,3.036906225396806e-05
2023-12-11,10:14:55,9.057,23.5,24.75,3205,15022654.0,3.046636405847287e-05
2023-12-11,10:14:55,9.0607,23.5,24.75,3204,15022655.0,3.051513180568405e-05
2023-12-11,10:14:55,9.0643,23.5,24.75,3206,15022655.0,3.041767424941981e-05
2023-12-11,10:14:55,9.0679,23.5,24.75,3207,15022655.0,3.036906225396806e-05
2023-12-11,10:14:55,9.0715,23.5,24.75,3206,15022655.0,3.041767424941981e-05
2023-12-11,10:14:55,9.075,23.5,24.75,3206,15022655.0,3.041767424941981e-05
2023-12-11,10:14:55,9.0788,23.5,24.75,3207,15022656.0,3.036906225396806e-05
2023-12-11,10:14:55,9.0825,23.5,24.75,3206,15022657.0,3.041767424941981e-05
2023-12-11,10:14:55,9.0896,23.5,24.75,3205,15022657.0,3.046636405847287e-05
2023-12-11,10:14:55,9.0932,23.5,24.75,3205,15022656.0,3.046636405847287e-05
2023-12-11,10:14:55,9.0969,23.5,24.75,3205,15022656.0,3.046636405847287e-05
2023-12-11,10:14:55,9.1006,23.5,24.75,3205,15022656.0,3.046636405847287e-05
2023-12-11,10:14:55,9.1042,23.5,24.75,3206,15022655.0,3.041767424941981e-05
2023-12-11,10:14:55,9.1078,23.5,24.75,3208,15022655.0,3.032052794775979e-05
2023-12-11,10:14:55,9.1114,23.5,24.75,3209,15022655.0,3.027207120663602e-05
2023-12-11,10:14:55,9.1151,23.5,24.75,3208,15022656.0,3.032052794775979e-05
2023-12-11,10:14:55,9.1188,23.5,24.75,3206,15022657.0,3.041767424941981e-05
2023-12-11,10:14:55,9.1224,23.5,24.75,3205,15022657.0,3.046636405847287e-05
2023-12-11,10:14:55,9.1296,23.5,24.75,3206,15022655.0,3.041767424941981e-05
2023-12-11,10:14:55,9.1332,23.5,24.75,3206,15022657.0,3.041767424941981e-05
2023-12-11,10:14:55,9.1369,23.5,24.75,3205,15022656.0,3.046636405847287e-05
2023-12-11,10:14:55,9.1406,23.5,24.75,3206,15022656.0,3.041767424941981e-05
2023-12-11,10:14:55,9.1442,23.5,24.75,3206,15022656.0,3.041767424941981e-05
2023-12-11,10:14:55,9.1479,23.5,24.75,3206,15022655.0,3.041767424941981e-05
2023-12-11,10:14:55,9.1516,23.5,24.75,3207,15022656.0,3.036906225396806e-05
2023-12-11,10:14:55,9.1552,23.5,24.75,3206,15022657.0,3.041767424941981e-05
2023-12-11,10:14:55,9.1588,23.5,24.75,3205,15022655.0,3.046636405847287e-05
2023-12-11,10:14:55,9.1623,23.5,24.75,3206,15022654.0,3.041767424941981e-05
2023-12-11,10:14:55,9.1695,23.5,24.75,3206,15022657.0,3.041767424941981e-05
2023-12-11,10:14:55,9.1732,23.5,24.75,3205,15022657.0,3.046636405847287e-05
2023-12-11,10:14:55,9.1769,23.5,24.75,3206,15022656.0,3.041767424941981e-05
2023-12-11,10:14:55,9.1805,23.5,24.75,3207,15022656.0,3.036906225396806e-05
2023-12-11,10:14:55,9.1842,23.5,24.75,3206,15022657.0,3.041767424941981e-05
2023-12-11,10:14:55,9.1879,23.5,24.75,3206,15022656.0,3.041767424941981e-05
2023-12-11,10:14:55,9.1915,23.5,24.75,3206,15022656.0,3.041767424941981e-05
2023-12-11,10:14:55,9.1951,23.5,24.75,3206,15022656.0,3.041767424941981e-05
2023-12-11,10:14:55,9.1987,23.5,24.75,3207,15022656.0,3.036906225396806e-05
2023-12-11,10:14:55,9.2059,23.5,24.75,3206,15022656.0,3.041767424941981e-05
2023-12-11,10:14:55,9.2094,23.5,24.75,3206,15022656.0,3.041767424941981e-05
2023-12-11,10:14:55,9.2132,23.5,24.75,3205,15022657.0,3.046636405847287e-05
2023-12-11,10:14:55,9.2169,23.5,24.75,3205,15022656.0,3.046636405847287e-05
2023-12-11,10:14:55,9.2204,23.5,24.75,3205,15022656.0,3.046636405847287e-05
2023-12-11,10:14:55,9.2242,23.5,24.75,3206,15022658.0,3.041767424941981e-05
2023-12-11,10:14:55,9.2279,23.5,24.75,3207,15022656.0,3.036906225396806e-05
2023-12-11,10:14:55,9.2315,23.5,24.75,3207,15022656.0,3.036906225396806e-05
2023-12-11,10:14:55,9.235,23.5,24.75,3206,15022657.0,3.041767424941981e-05
2023-12-11,10:14:55,9.2386,23.5,24.75,3205,15022657.0,3.046636405847287e-05
2023-12-11,10:14:55,9.246,23.5,24.75,3205,15022655.0,3.046636405847287e-05
2023-12-11,10:14:55,9.2496,23.5,24.75,3206,15022656.0,3.041767424941981e-05
2023-12-11,10:14:55,9.2532,23.5,24.75,3206,15022655.0,3.041767424941981e-05
2023-12-11,10:14:55,9.2568,23.5,24.75,3206,15022655.0,3.041767424941981e-05
2023-12-11,10:14:55,9.2605,23.5,24.75,3207,15022656.0,3.036906225396806e-05
2023-12-11,10:14:55,9.2642,23.5,24.75,3207,15022656.0,3.036906225396806e-05
2023-12-11,10:14:55,9.2678,23.5,24.75,3206,15022656.0,3.041767424941981e-05
2023-12-11,10:14:55,9.2714,23.5,24.75,3206,15022656.0,3.041767424941981e-05
2023-12-11,10:14:55,9.275,23.5,24.75,3207,15022656.0,3.036906225396806e-05
2023-12-11,10:14:55,9.2787,23.5,24.75,3207,15022656.0,3.036906225396806e-05
2023-12-11,10:14:56,9.286,23.5,24.75,3207,15022657.0,3.036906225396806e-05
2023-12-11,10:14:56,9.2896,23.5,24.75,3207,15022655.0,3.036906225396806e-05
2023-12-11,10:14:56,9.2933,23.5,24.75,3206,15022656.0,3.041767424941981e-05
2023-12-11,10:14:56,9.297,23.5,24.75,3206,15022655.0,3.041767424941981e-05
2023-12-11,10:14:56,9.3006,23.5,24.75,3205,15022656.0,3.046636405847287e-05
2023-12-11,10:14:56,9.3042,23.5,24.75,3205,15022657.0,3.046636405847287e-05
2023-12-11,10:14:56,9.3077,23.5,24.75,3206,15022657.0,3.041767424941981e-05
2023-12-11,10:14:56,9.3115,23.5,24.75,3208,15022657.0,3.032052794775979e-05
2023-12-11,10:14:56,9.3152,23.5,24.75,3208,15022657.0,3.032052794775979e-05
2023-12-11,10:14:56,9.3188,23.5,24.75,3208,15022658.0,3.032052794775979e-05
2023-12-11,10:14:56,9.3259,23.5,24.75,3206,15022657.0,3.041767424941981e-05
2023-12-11,10:14:56,9.3295,23.5,24.75,3206,15022657.0,3.041767424941981e-05
2023-12-11,10:14:56,9.3331,23.5,24.75,3205,15022656.0,3.046636405847287e-05
2023-12-11,10:14:56,9.3368,23.5,24.75,3206,15022656.0,3.041767424941981e-05
2023-12-11,10:14:56,9.3405,23.5,24.75,3207,15022656.0,3.036906225396806e-05
2023-12-11,10:14:56,9.3442,23.5,24.75,3207,15022656.0,3.036906225396806e-05
2023-12-11,10:14:56,9.3479,23.5,24.75,3206,15022656.0,3.041767424941981e-05
2023-12-11,10:14:56,9.3515,23.5,24.75,3205,15022657.0,3.046636405847287e-05
2023-12-11,10:14:56,9.3551,23.5,24.75,3205,15022658.0,3.046636405847287e-05
2023-12-11,10:14:56,9.3623,23.5,24.75,3206,15022656.0,3.041767424941981e-05
2023-12-11,10:14:56,9.3659,23.5,24.75,3207,15022657.0,3.036906225396806e-05
2023-12-11,10:14:56,9.3694,23.5,24.75,3207,15022657.0,3.036906225396806e-05
2023-12-11,10:14:56,9.3732,23.5,24.75,3207,15022657.0,3.036906225396806e-05
2023-12-11,10:14:56,9.3769,23.5,24.75,3207,15022657.0,3.036906225396806e-05
2023-12-11,10:14:56,9.3804,23.5,24.75,3207,15022657.0,3.036906225396806e-05
2023-12-11,10:14:56,9.384,23.5,24.75,3206,15022656.0,3.041767424941981e-05
2023-12-11,10:14:56,9.3876,23.5,24.75,3206,15022656.0,3.041767424941981e-05
2023-12-11,10:14:56,9.3912,23.5,24.75,3206,15022657.0,3.041767424941981e-05
2023-12-11,10:14:56,9.3949,23.5,24.75,3206,15022656.0,3.041767424941981e-05
2023-12-11,10:14:56,9.4021,23.5,24.75,3205,15022658.0,3.046636405847287e-05
2023-12-11,10:14:56,9.4058,23.5,24.75,3205,15022658.0,3.046636405847287e-05
2023-12-11,10:14:56,9.4094,23.5,24.75,3205,15022657.0,3.046636405847287e-05
2023-12-11,10:14:56,9.413,23.5,24.75,3205,15022657.0,3.046636405847287e-05
2023-12-11,10:14:56,9.4165,23.5,24.75,3205,15022657.0,3.046636405847287e-05
2023-12-11,10:14:56,9.4203,23.5,24.75,3206,15022657.0,3.041767424941981e-05
2023-12-11,10:14:56,9.424,23.5,24.75,3207,15022656.0,3.036906225396806e-05
2023-12-11,10:14:56,9.4276,23.5,24.75,3206,15022656.0,3.041767424941981e-05
2023-12-11,10:14:56,9.4311,23.5,24.75,3206,15022656.0,3.041767424941981e-05
2023-12-11,10:14:56,9.4384,23.5,24.75,3204,15022658.0,3.051513180568405e-05
2023-12-11,10:14:56,9.442,23.5,24.75,3205,15022657.0,3.046636405847287e-05
2023-12-11,10:14:56,9.4457,23.5,24.75,3206,15022656.0,3.041767424941981e-05
2023-12-11,10:14:56,9.4493,23.5,24.75,3207,15022656.0,3.036906225396806e-05
2023-12-11,10:14:56,9.4529,23.5,24.75,3207,15022656.0,3.036906225396806e-05
2023-12-11,10:14:56,9.4566,23.5,24.75,3207,15022656.0,3.036906225396806e-05
2023-12-11,10:14:56,9.4603,23.5,24.75,3206,15022657.0,3.041767424941981e-05
2023-12-11,10:14:56,9.4639,23.5,24.75,3205,15022657.0,3.046636405847287e-05
2023-12-11,10:14:56,9.4675,23.5,24.75,3205,15022657.0,3.046636405847287e-05
2023-12-11,10:14:56,9.4711,23.5,24.75,3206,15022657.0,3.041767424941981e-05
2023-12-11,10:14:56,9.4782,23.5,24.75,3206,15022657.0,3.041767424941981e-05
2023-12-11,10:14:56,9.482,23.5,24.75,3205,15022658.0,3.046636405847287e-05
2023-12-11,10:14:56,9.4857,23.5,24.75,3206,15022657.0,3.041767424941981e-05
2023-12-11,10:14:56,9.4894,23.5,24.75,3207,15022657.0,3.036906225396806e-05
2023-12-11,10:14:56,9.4931,23.5,24.75,3206,15022657.0,3.041767424941981e-05
2023-12-11,10:14:56,9.4967,23.5,24.75,3207,15022656.0,3.036906225396806e-05
2023-12-11,10:14:56,9.5003,23.5,24.75,3207,15022656.0,3.036906225396806e-05
2023-12-11,10:14:56,9.5038,23.5,24.75,3205,15022656.0,3.046636405847287e-05
2023-12-11,10:14:56,9.5076,23.5,24.75,3205,15022656.0,3.046636405847287e-05
2023-12-11,10:14:56,9.5113,23.5,24.75,3205,15022656.0,3.046636405847287e-05
2023-12-11,10:14:56,9.5184,23.5,24.75,3207,15022657.0,3.036906225396806e-05
2023-12-11,10:14:56,9.522,23.5,24.75,3206,15022657.0,3.041767424941981e-05
2023-12-11,10:14:56,9.5256,23.5,24.75,3205,15022657.0,3.046636405847287e-05
2023-12-11,10:14:56,9.5293,23.5,24.75,3205,15022656.0,3.046636405847287e-05
2023-12-11,10:14:56,9.533,23.5,24.75,3206,15022656.0,3.041767424941981e-05
2023-12-11,10:14:56,9.5366,23.5,24.75,3206,15022656.0,3.041767424941981e-05
2023-12-11,10:14:56,9.5402,23.5,24.75,3206,15022656.0,3.041767424941981e-05
2023-12-11,10:14:56,9.5439,23.5,24.75,3206,15022657.0,3.041767424941981e-05
2023-12-11,10:14:56,9.5476,23.5,24.75,3206,15022656.0,3.041767424941981e-05
2023-12-11,10:14:56,9.5512,23.5,24.75,3206,15022656.0,3.041767424941981e-05
2023-12-11,10:14:56,9.5584,23.5,24.75,3206,15022656.0,3.041767424941981e-05
2023-12-11,10:14:56,9.5621,23.5,24.75,3205,15022657.0,3.046636405847287e-05
2023-12-11,10:14:56,9.5658,23.5,24.75,3206,15022657.0,3.041767424941981e-05
2023-12-11,10:14:56,9.5694,23.5,24.75,3207,15022657.0,3.036906225396806e-05
2023-12-11,10:14:56,9.573,23.5,24.75,3206,15022657.0,3.041767424941981e-05
2023-12-11,10:14:56,9.5765,23.5,24.75,3205,15022657.0,3.046636405847287e-05
2023-12-11,10:14:56,9.5801,23.5,24.75,3205,15022657.0,3.046636405847287e-05
2023-12-11,10:14:56,9.5837,23.5,24.75,3205,15022657.0,3.046636405847287e-05
2023-12-11,10:14:56,9.5874,23.5,24.75,3205,15022658.0,3.046636405847287e-05
2023-12-11,10:14:56,9.5947,23.5,24.75,3206,15022656.0,3.041767424941981e-05
2023-12-11,10:14:56,9.5983,23.5,24.75,3205,15022658.0,3.046636405847287e-05
2023-12-11,10:14:56,9.6019,23.5,24.75,3205,15022657.0,3.046636405847287e-05
2023-12-11,10:14:56,9.6056,23.5,24.75,3205,15022657.0,3.046636405847287e-05
2023-12-11,10:14:56,9.6093,23.5,24.75,3206,15022658.0,3.041767424941981e-05
2023-12-11,10:14:56,9.6129,23.5,24.75,3207,15022657.0,3.036906225396806e-05
2023-12-11,10:14:56,9.6165,23.5,24.75,3207,15022658.0,3.036906225396806e-05
2023-12-11,10:14:56,9.6202,23.5,24.75,3207,15022657.0,3.036906225396806e-05
2023-12-11,10:14:56,9.6238,23.5,24.75,3207,15022658.0,3.036906225396806e-05
2023-12-11,10:14:56,9.6274,23.5,24.75,3206,15022657.0,3.041767424941981e-05
2023-12-11,10:14:56,9.6347,23.5,24.75,3206,15022657.0,3.041767424941981e-05
2023-12-11,10:14:56,9.6382,23.5,24.75,3207,15022657.0,3.036906225396806e-05
2023-12-11,10:14:56,9.6418,23.5,24.75,3206,15022658.0,3.041767424941981e-05
2023-12-11,10:14:56,9.6455,23.5,24.75,3205,15022657.0,3.046636405847287e-05
2023-12-11,10:14:56,9.6492,23.5,24.75,3205,15022657.0,3.046636405847287e-05
2023-12-11,10:14:56,9.6528,23.5,24.75,3205,15022656.0,3.046636405847287e-05
2023-12-11,10:14:56,9.6564,23.5,24.75,3205,15022656.0,3.046636405847287e-05
2023-12-11,10:14:56,9.66,23.5,24.75,3205,15022656.0,3.046636405847287e-05
2023-12-11,10:14:56,9.6636,23.5,24.75,3206,15022656.0,3.041767424941981e-05
2023-12-11,10:14:56,9.671,23.5,24.75,3205,15022658.0,3.046636405847287e-05
2023-12-11,10:14:56,9.6746,23.5,24.75,3205,15022657.0,3.046636405847287e-05
2023-12-11,10:14:56,9.6782,23.5,24.75,3205,15022658.0,3.046636405847287e-05
2023-12-11,10:14:56,9.6818,23.5,24.75,3205,15022658.0,3.046636405847287e-05
2023-12-11,10:14:56,9.6855,23.5,24.75,3205,15022657.0,3.046636405847287e-05
2023-12-11,10:14:56,9.6892,23.5,24.75,3205,15022657.0,3.046636405847287e-05
2023-12-11,10:14:56,9.6928,23.5,24.75,3206,15022656.0,3.041767424941981e-05
2023-12-11,10:14:56,9.6964,23.5,24.75,3207,15022657.0,3.036906225396806e-05
2023-12-11,10:14:56,9.7001,23.5,24.75,3206,15022658.0,3.041767424941981e-05
2023-12-11,10:14:56,9.7038,23.5,24.75,3205,15022658.0,3.046636405847287e-05
2023-12-11,10:14:56,9.7109,23.5,24.75,3205,15022655.0,3.046636405847287e-05
2023-12-11,10:14:56,9.7145,23.5,24.75,3205,15022657.0,3.046636405847287e-05
2023-12-11,10:14:56,9.7181,23.5,24.75,3205,15022657.0,3.046636405847287e-05
2023-12-11,10:14:56,9.7218,23.5,24.75,3206,15022657.0,3.041767424941981e-05
2023-12-11,10:14:56,9.7255,23.5,24.75,3207,15022657.0,3.036906225396806e-05
2023-12-11,10:14:56,9.7291,23.5,24.75,3207,15022656.0,3.036906225396806e-05
2023-12-11,10:14:56,9.7328,23.5,24.75,3207,15022657.0,3.036906225396806e-05
2023-12-11,10:14:56,9.7365,23.5,24.75,3207,15022657.0,3.036906225396806e-05
2023-12-11,10:14:56,9.74,23.5,24.75,3207,15022657.0,3.036906225396806e-05
2023-12-11,10:14:56,9.7436,23.5,24.75,3207,15022657.0,3.036906225396806e-05
2023-12-11,10:14:56,9.7509,23.5,24.75,3205,15022657.0,3.046636405847287e-05
2023-12-11,10:14:56,9.7545,23.5,24.75,3205,15022657.0,3.046636405847287e-05
2023-12-11,10:14:56,9.7582,23.5,24.75,3206,15022657.0,3.041767424941981e-05
2023-12-11,10:14:56,9.7619,23.5,24.75,3206,15022657.0,3.041767424941981e-05
2023-12-11,10:14:56,9.7655,23.5,24.75,3205,15022657.0,3.046636405847287e-05
2023-12-11,10:14:56,9.7691,23.5,24.75,3206,15022657.0,3.041767424941981e-05
2023-12-11,10:14:56,9.7726,23.5,24.75,3207,15022656.0,3.036906225396806e-05
2023-12-11,10:14:56,9.7762,23.5,24.75,3206,15022658.0,3.041767424941981e-05
2023-12-11,10:14:56,9.7799,23.5,24.75,3206,15022658.0,3.041767424941981e-05
2023-12-11,10:14:56,9.7872,23.5,24.75,3205,15022659.0,3.046636405847287e-05
2023-12-11,10:14:56,9.7909,23.5,24.75,3205,15022657.0,3.046636405847287e-05
2023-12-11,10:14:56,9.7947,23.5,24.75,3205,15022657.0,3.046636405847287e-05
2023-12-11,10:14:56,9.7982,23.5,24.75,3205,15022658.0,3.046636405847287e-05
2023-12-11,10:14:56,9.8018,23.5,24.75,3206,15022657.0,3.041767424941981e-05
2023-12-11,10:14:56,9.8054,23.5,24.75,3207,15022657.0,3.036906225396806e-05
2023-12-11,10:14:56,9.809,23.5,24.75,3207,15022657.0,3.036906225396806e-05
2023-12-11,10:14:56,9.8126,23.5,24.75,3206,15022657.0,3.041767424941981e-05
2023-12-11,10:14:56,9.8162,23.5,24.75,3206,15022657.0,3.041767424941981e-05
2023-12-11,10:14:56,9.8199,23.5,24.75,3207,15022658.0,3.036906225396806e-05
2023-12-11,10:14:56,9.8272,23.5,24.75,3206,15022656.0,3.041767424941981e-05
2023-12-11,10:14:56,9.8308,23.5,24.75,3205,15022658.0,3.046636405847287e-05
2023-12-11,10:14:56,9.8343,23.5,24.75,3206,15022658.0,3.041767424941981e-05
2023-12-11,10:14:56,9.838,23.5,24.75,3206,15022657.0,3.041767424941981e-05
2023-12-11,10:14:56,9.8418,23.5,24.75,3206,15022658.0,3.041767424941981e-05
2023-12-11,10:14:56,9.8453,23.5,24.75,3206,15022659.0,3.041767424941981e-05
2023-12-11,10:14:56,9.8489,23.5,24.75,3206,15022659.0,3.041767424941981e-05
2023-12-11,10:14:56,9.8525,23.5,24.75,3208,15022656.0,3.032052794775979e-05
2023-12-11,10:14:56,9.8561,23.5,24.75,3207,15022656.0,3.036906225396806e-05
2023-12-11,10:14:56,9.8635,23.5,24.75,3206,15022657.0,3.041767424941981e-05
2023-12-11,10:14:56,9.8671,23.5,24.75,3206,15022658.0,3.041767424941981e-05
2023-12-11,10:14:56,9.8707,23.5,24.75,3206,15022658.0,3.041767424941981e-05
2023-12-11,10:14:56,9.8744,23.5,24.75,3205,15022658.0,3.046636405847287e-05
2023-12-11,10:14:56,9.8781,23.5,24.75,3205,15022657.0,3.046636405847287e-05
2023-12-11,10:14:56,9.8817,23.5,24.75,3207,15022657.0,3.036906225396806e-05
2023-12-11,10:14:56,9.8853,23.5,24.75,3208,15022657.0,3.032052794775979e-05
2023-12-11,10:14:56,9.8889,23.5,24.75,3207,15022657.0,3.036906225396806e-05
2023-12-11,10:14:56,9.8926,23.5,24.75,3207,15022658.0,3.036906225396806e-05
2023-12-11,10:14:56,9.8962,23.5,24.75,3206,15022658.0,3.041767424941981e-05
2023-12-11,10:14:56,9.9035,23.5,24.75,3205,15022658.0,3.046636405847287e-05
2023-12-11,10:14:56,9.907,23.5,24.75,3206,15022658.0,3.041767424941981e-05
2023-12-11,10:14:56,9.9106,23.5,24.75,3206,15022658.0,3.041767424941981e-05
2023-12-11,10:14:56,9.9142,23.5,24.75,3205,15022657.0,3.046636405847287e-05
2023-12-11,10:14:56,9.9178,23.5,24.75,3206,15022657.0,3.041767424941981e-05
2023-12-11,10:14:56,9.9215,23.5,24.75,3207,15022657.0,3.036906225396806e-05
2023-12-11,10:14:56,9.9252,23.5,24.75,3206,15022658.0,3.041767424941981e-05
2023-12-11,10:14:56,9.9288,23.5,24.75,3205,15022658.0,3.046636405847287e-05
2023-12-11,10:14:56,9.9324,23.5,24.75,3206,15022658.0,3.041767424941981e-05
2023-12-11,10:14:56,9.9361,23.5,24.75,3206,15022657.0,3.041767424941981e-05
2023-12-11,10:14:56,9.9434,23.5,24.75,3205,15022656.0,3.046636405847287e-05
2023-12-11,10:14:56,9.947,23.5,24.75,3208,15022656.0,3.032052794775979e-05
2023-12-11,10:14:56,9.9506,23.5,24.75,3208,15022656.0,3.032052794775979e-05
2023-12-11,10:14:56,9.9541,23.5,24.75,3205,15022657.0,3.046636405847287e-05
2023-12-11,10:14:56,9.9577,23.5,24.75,3205,15022657.0,3.046636405847287e-05
2023-12-11,10:14:56,9.9614,23.5,24.75,3206,15022657.0,3.041767424941981e-05
2023-12-11,10:14:56,9.9652,23.5,24.75,3206,15022658.0,3.041767424941981e-05
2023-12-11,10:14:56,9.9687,23.5,24.75,3206,15022657.0,3.041767424941981e-05
2023-12-11,10:14:56,9.9723,23.5,24.75,3206,15022658.0,3.041767424941981e-05
2023-12-11,10:14:56,9.9797,23.5,24.75,3205,15022657.0,3.046636405847287e-05
2023-12-11,10:14:56,9.9833,23.5,24.75,3206,15022657.0,3.041767424941981e-05
2023-12-11,10:14:56,9.9869,23.5,24.75,3206,15022657.0,3.041767424941981e-05
2023-12-11,10:14:56,9.9905,23.5,24.75,3206,15022657.0,3.041767424941981e-05
2023-12-11,10:14:56,9.9941,23.5,24.75,3206,15022657.0,3.041767424941981e-05
2023-12-11,10:14:56,9.9978,23.5,24.75,3206,15022656.0,3.041767424941981e-05
2023-12-11,10:14:56,10.0015,23.5,24.75,3207,15022657.0,3.036906225396806e-05
2023-12-11,10:14:56,10.0051,23.5,24.75,3207,15022657.0,3.036906225396806e-05
2023-12-11,10:14:56,10.0087,23.5,24.75,3207,15022658.0,3.036906225396806e-05
2023-12-11,10:14:56,10.0123,23.5,24.75,3207,15022657.0,3.036906225396806e-05
2023-12-11,10:14:56,10.0196,23.5,24.75,3206,15022659.0,3.041767424941981e-05
2023-12-11,10:14:56,10.0231,23.5,24.75,3206,15022657.0,3.041767424941981e-05
2023-12-11,10:14:56,10.0268,23.5,24.75,3207,15022657.0,3.036906225396806e-05
2023-12-11,10:14:56,10.0304,23.56,24.75,3207,15022657.0,3.036906225396806e-05
2023-12-11,10:14:56,10.034,23.56,24.75,3207,15022657.0,3.036906225396806e-05
2023-12-11,10:14:56,10.0376,23.56,24.75,3207,15022657.0,3.036906225396806e-05
2023-12-11,10:14:56,10.0413,23.56,24.75,3208,15022657.0,3.032052794775979e-05
2023-12-11,10:14:56,10.045,23.56,24.75,3207,15022656.0,3.036906225396806e-05
2023-12-11,10:14:56,10.0486,23.56,24.75,3206,15022656.0,3.041767424941981e-05
2023-12-11,10:14:56,10.0559,23.56,24.75,3208,15022657.0,3.032052794775979e-05
2023-12-11,10:14:56,10.0596,23.56,24.75,3207,15022656.0,3.036906225396806e-05
2023-12-11,10:14:56,10.0632,23.56,24.75,3206,15022657.0,3.041767424941981e-05
2023-12-11,10:14:56,10.0668,23.56,24.75,3206,15022657.0,3.041767424941981e-05
2023-12-11,10:14:56,10.0704,23.56,24.75,3205,15022657.0,3.046636405847287e-05
2023-12-11,10:14:56,10.074,23.56,24.75,3205,15022656.0,3.046636405847287e-05
2023-12-11,10:14:56,10.0777,23.56,24.75,3205,15022656.0,3.046636405847287e-05
2023-12-11,10:14:56,10.0814,23.56,24.75,3205,15022659.0,3.046636405847287e-05
2023-12-11,10:14:56,10.085,23.56,24.75,3205,15022659.0,3.046636405847287e-05
2023-12-11,10:14:56,10.0885,23.56,24.75,3206,15022657.0,3.041767424941981e-05
2023-12-11,10:14:56,10.0958,23.56,24.75,3205,15022656.0,3.046636405847287e-05
2023-12-11,10:14:56,10.0996,23.56,24.75,3206,15022657.0,3.041767424941981e-05
2023-12-11,10:14:56,10.1031,23.56,24.75,3207,15022657.0,3.036906225396806e-05
2023-12-11,10:14:56,10.1067,23.56,24.75,3207,15022658.0,3.036906225396806e-05
2023-12-11,10:14:56,10.1103,23.56,24.75,3206,15022657.0,3.041767424941981e-05
2023-12-11,10:14:56,10.1139,23.56,24.75,3206,15022657.0,3.041767424941981e-05
2023-12-11,10:14:56,10.1176,23.56,24.75,3206,15022657.0,3.041767424941981e-05
2023-12-11,10:14:56,10.1213,23.56,24.75,3205,15022657.0,3.046636405847287e-05
2023-12-11,10:14:56,10.1249,23.56,24.75,3205,15022658.0,3.046636405847287e-05
2023-12-11,10:14:56,10.1321,23.56,24.75,3205,15022656.0,3.046636405847287e-05
2023-12-11,10:14:56,10.1356,23.56,24.75,3205,15022657.0,3.046636405847287e-05
2023-12-11,10:14:56,10.1392,23.56,24.75,3205,15022657.0,3.046636405847287e-05
2023-12-11,10:14:56,10.1429,23.56,24.75,3205,15022657.0,3.046636405847287e-05
2023-12-11,10:14:56,10.1467,23.56,24.75,3205,15022657.0,3.046636405847287e-05
2023-12-11,10:14:56,10.1502,23.56,24.75,3205,15022658.0,3.046636405847287e-05
2023-12-11,10:14:56,10.1538,23.56,24.75,3205,15022657.0,3.046636405847287e-05
2023-12-11,10:14:56,10.1574,23.56,24.75,3206,15022656.0,3.041767424941981e-05
2023-12-11,10:14:56,10.1611,23.56,24.75,3206,15022657.0,3.041767424941981e-05
2023-12-11,10:14:56,10.1648,23.56,24.75,3206,15022656.0,3.041767424941981e-05
2023-12-11,10:14:56,10.172,23.56,24.75,3205,15022657.0,3.046636405847287e-05
2023-12-11,10:14:56,10.1757,23.56,24.75,3205,15022657.0,3.046636405847287e-05
2023-12-11,10:14:56,10.1794,23.56,24.75,3205,15022657.0,3.046636405847287e-05
2023-12-11,10:14:56,10.183,23.56,24.75,3205,15022657.0,3.046636405847287e-05
2023-12-11,10:14:56,10.1866,23.56,24.75,3206,15022656.0,3.041767424941981e-05
2023-12-11,10:14:56,10.1902,23.56,24.75,3206,15022657.0,3.041767424941981e-05
2023-12-11,10:14:56,10.1938,23.56,24.75,3206,15022657.0,3.041767424941981e-05
2023-12-11,10:14:56,10.1973,23.56,24.75,3206,15022658.0,3.041767424941981e-05
2023-12-11,10:14:56,10.2009,23.56,24.75,3205,15022657.0,3.046636405847287e-05
2023-12-11,10:14:56,10.2046,23.56,24.75,3205,15022658.0,3.046636405847287e-05
2023-12-11,10:14:56,10.2119,23.56,24.75,3206,15022657.0,3.041767424941981e-05
2023-12-11,10:14:56,10.2155,23.56,24.75,3207,15022657.0,3.036906225396806e-05
2023-12-11,10:14:56,10.2192,23.56,24.75,3206,15022657.0,3.041767424941981e-05
2023-12-11,10:14:56,10.2229,23.56,24.75,3205,15022657.0,3.046636405847287e-05
2023-12-11,10:14:56,10.2265,23.56,24.75,3205,15022657.0,3.046636405847287e-05
2023-12-11,10:14:56,10.2301,23.56,24.75,3206,15022657.0,3.041767424941981e-05
2023-12-11,10:14:56,10.2337,23.56,24.75,3206,15022658.0,3.041767424941981e-05
2023-12-11,10:14:56,10.2373,23.56,24.75,3205,15022658.0,3.046636405847287e-05
2023-12-11,10:14:56,10.241,23.56,24.75,3205,15022659.0,3.046636405847287e-05
2023-12-11,10:14:56,10.2483,23.56,24.75,3206,15022656.0,3.041767424941981e-05
2023-12-11,10:14:56,10.2519,23.56,24.75,3206,15022657.0,3.041767424941981e-05
2023-12-11,10:14:56,10.2555,23.56,24.75,3205,15022658.0,3.046636405847287e-05
2023-12-11,10:14:56,10.2592,23.56,24.75,3209,15022657.0,3.027207120663602e-05
2023-12-11,10:14:56,10.2629,23.56,24.75,3209,15022656.0,3.027207120663602e-05
2023-12-11,10:14:56,10.2665,23.56,24.75,3206,15022656.0,3.041767424941981e-05
2023-12-11,10:14:56,10.27,23.56,24.75,3207,15022658.0,3.036906225396806e-05
2023-12-11,10:14:56,10.2738,23.56,24.75,3206,15022658.0,3.041767424941981e-05
2023-12-11,10:14:56,10.2775,23.56,24.75,3204,15022657.0,3.051513180568405e-05
2023-12-11,10:14:56,10.2811,23.56,24.75,3204,15022657.0,3.051513180568405e-05
2023-12-11,10:14:57,10.2882,23.56,24.75,3206,15022659.0,3.041767424941981e-05
2023-12-11,10:14:57,10.2919,23.56,24.75,3205,15022658.0,3.046636405847287e-05
2023-12-11,10:14:57,10.2956,23.56,24.75,3206,15022657.0,3.041767424941981e-05
2023-12-11,10:14:57,10.2992,23.56,24.75,3207,15022658.0,3.036906225396806e-05
2023-12-11,10:14:57,10.3028,23.56,24.75,3207,15022658.0,3.036906225396806e-05
2023-12-11,10:14:57,10.3064,23.56,24.75,3206,15022657.0,3.041767424941981e-05
2023-12-11,10:14:57,10.31,23.56,24.75,3205,15022658.0,3.046636405847287e-05
2023-12-11,10:14:57,10.3137,23.56,24.75,3205,15022658.0,3.046636405847287e-05
2023-12-11,10:14:57,10.3174,23.56,24.75,3206,15022657.0,3.041767424941981e-05
2023-12-11,10:14:57,10.321,23.56,24.75,3207,15022658.0,3.036906225396806e-05
2023-12-11,10:14:57,10.3282,23.56,24.75,3206,15022657.0,3.041767424941981e-05
2023-12-11,10:14:57,10.3317,23.56,24.75,3206,15022658.0,3.041767424941981e-05
2023-12-11,10:14:57,10.3355,23.56,24.75,3207,15022657.0,3.036906225396806e-05
2023-12-11,10:14:57,10.3392,23.56,24.75,3207,15022657.0,3.036906225396806e-05
2023-12-11,10:14:57,10.3428,23.56,24.75,3207,15022658.0,3.036906225396806e-05
2023-12-11,10:14:57,10.3463,23.56,24.75,3207,15022658.0,3.036906225396806e-05
2023-12-11,10:14:57,10.35,23.56,24.75,3207,15022658.0,3.036906225396806e-05
2023-12-11,10:14:57,10.3538,23.56,24.75,3206,15022659.0,3.041767424941981e-05
2023-12-11,10:14:57,10.3573,23.56,24.75,3206,15022658.0,3.041767424941981e-05
2023-12-11,10:14:57,10.3645,23.56,24.75,3207,15022657.0,3.036906225396806e-05
2023-12-11,10:14:57,10.3681,23.56,24.75,3206,15022658.0,3.041767424941981e-05
2023-12-11,10:14:57,10.3717,23.56,24.75,3205,15022658.0,3.046636405847287e-05
2023-12-11,10:14:57,10.3754,23.56,24.75,3205,15022657.0,3.046636405847287e-05
2023-12-11,10:14:57,10.3791,23.56,24.75,3206,15022659.0,3.041767424941981e-05
2023-12-11,10:14:57,10.3827,23.56,24.75,3206,15022659.0,3.041767424941981e-05
2023-12-11,10:14:57,10.3864,23.56,24.75,3205,15022658.0,3.046636405847287e-05
2023-12-11,10:14:57,10.3901,23.56,24.75,3205,15022658.0,3.046636405847287e-05
2023-12-11,10:14:57,10.3937,23.56,24.75,3206,15022658.0,3.041767424941981e-05
2023-12-11,10:14:57,10.3973,23.56,24.75,3206,15022657.0,3.041767424941981e-05
2023-12-11,10:14:57,10.4044,23.56,24.75,3205,15022659.0,3.046636405847287e-05
2023-12-11,10:14:57,10.4082,23.56,24.75,3204,15022657.0,3.051513180568405e-05
2023-12-11,10:14:57,10.4119,23.56,24.75,3205,15022657.0,3.046636405847287e-05
2023-12-11,10:14:57,10.4155,23.56,24.75,3207,15022658.0,3.036906225396806e-05
2023-12-11,10:14:57,10.419,23.56,24.75,3208,15022658.0,3.032052794775979e-05
2023-12-11,10:14:57,10.4228,23.56,24.75,3207,15022658.0,3.036906225396806e-05
2023-12-11,10:14:57,10.4265,23.56,24.75,3206,15022657.0,3.041767424941981e-05
2023-12-11,10:14:57,10.43,23.56,24.75,3206,15022658.0,3.041767424941981e-05
2023-12-11,10:14:57,10.4336,23.56,24.75,3205,15022658.0,3.046636405847287e-05
2023-12-11,10:14:57,10.4372,23.56,24.75,3205,15022658.0,3.046636405847287e-05
2023-12-11,10:14:57,10.4444,23.56,24.75,3206,15022657.0,3.041767424941981e-05
2023-12-11,10:14:57,10.448,23.56,24.75,3205,15022658.0,3.046636405847287e-05
2023-12-11,10:14:57,10.4517,23.56,24.75,3205,15022658.0,3.046636405847287e-05
2023-12-11,10:14:57,10.4554,23.56,24.75,3206,15022658.0,3.041767424941981e-05
2023-12-11,10:14:57,10.459,23.56,24.75,3207,15022658.0,3.036906225396806e-05
2023-12-11,10:14:57,10.4626,23.56,24.75,3207,15022658.0,3.036906225396806e-05
2023-12-11,10:14:57,10.4663,23.56,24.75,3207,15022659.0,3.036906225396806e-05
2023-12-11,10:14:57,10.47,23.56,24.75,3206,15022658.0,3.041767424941981e-05
2023-12-11,10:14:57,10.4736,23.56,24.75,3205,15022659.0,3.046636405847287e-05
2023-12-11,10:14:57,10.4807,23.56,24.75,3205,15022656.0,3.046636405847287e-05
2023-12-11,10:14:57,10.4843,23.56,24.75,3207,15022657.0,3.036906225396806e-05
2023-12-11,10:14:57,10.488,23.56,24.75,3207,15022657.0,3.036906225396806e-05
2023-12-11,10:14:57,10.4917,23.56,24.75,3206,15022658.0,3.041767424941981e-05
2023-12-11,10:14:57,10.4953,23.56,24.75,3207,15022659.0,3.036906225396806e-05
2023-12-11,10:14:57,10.4989,23.56,24.75,3207,15022658.0,3.036906225396806e-05
2023-12-11,10:14:57,10.5026,23.56,24.75,3206,15022658.0,3.041767424941981e-05
2023-12-11,10:14:57,10.5062,23.56,24.75,3205,15022659.0,3.046636405847287e-05
2023-12-11,10:14:57,10.5098,23.56,24.75,3205,15022658.0,3.046636405847287e-05
2023-12-11,10:14:57,10.5135,23.56,24.75,3205,15022657.0,3.046636405847287e-05
2023-12-11,10:14:57,10.5207,23.56,24.75,3207,15022660.0,3.036906225396806e-05
2023-12-11,10:14:57,10.5244,23.56,24.75,3205,15022658.0,3.046636405847287e-05
2023-12-11,10:14:57,10.5281,23.56,24.75,3204,15022658.0,3.051513180568405e-05
2023-12-11,10:14:57,10.5317,23.5,24.75,3205,15022658.0,3.046636405847287e-05
2023-12-11,10:14:57,10.5353,23.5,24.75,3206,15022658.0,3.041767424941981e-05
2023-12-11,10:14:57,10.5388,23.5,24.75,3206,15022658.0,3.041767424941981e-05
2023-12-11,10:14:57,10.5424,23.5,24.75,3206,15022658.0,3.041767424941981e-05
2023-12-11,10:14:57,10.5461,23.5,24.75,3206,15022658.0,3.041767424941981e-05
2023-12-11,10:14:57,10.5499,23.5,24.75,3206,15022658.0,3.041767424941981e-05
2023-12-11,10:14:57,10.5534,23.5,24.75,3206,15022658.0,3.041767424941981e-05
2023-12-11,10:14:57,10.5609,23.5,24.75,3206,15022658.0,3.041767424941981e-05
2023-12-11,10:14:57,10.5644,23.5,24.75,3206,15022659.0,3.041767424941981e-05
2023-12-11,10:14:57,10.568,23.5,24.75,3205,15022658.0,3.046636405847287e-05
2023-12-11,10:14:57,10.5716,23.5,24.75,3209,15022656.0,3.027207120663602e-05
2023-12-11,10:14:57,10.5752,23.5,24.75,3209,15022657.0,3.027207120663602e-05
2023-12-11,10:14:57,10.5788,23.5,24.75,3205,15022659.0,3.046636405847287e-05
2023-12-11,10:14:57,10.5824,23.5,24.75,3205,15022659.0,3.046636405847287e-05
2023-12-11,10:14:57,10.5861,23.5,24.75,3206,15022658.0,3.041767424941981e-05
2023-12-11,10:14:57,10.5898,23.5,24.75,3206,15022658.0,3.041767424941981e-05
2023-12-11,10:14:57,10.5971,23.5,24.75,3206,15022657.0,3.041767424941981e-05
2023-12-11,10:14:57,10.6008,23.5,24.75,3206,15022658.0,3.041767424941981e-05
2023-12-11,10:14:57,10.6044,23.5,24.75,3205,15022659.0,3.046636405847287e-05
2023-12-11,10:14:57,10.608,23.5,24.75,3206,15022659.0,3.041767424941981e-05
2023-12-11,10:14:57,10.6116,23.5,24.75,3206,15022658.0,3.041767424941981e-05
2023-12-11,10:14:57,10.6151,23.5,24.75,3205,15022658.0,3.046636405847287e-05
2023-12-11,10:14:57,10.6188,23.5,24.75,3205,15022658.0,3.046636405847287e-05
2023-12-11,10:14:57,10.6226,23.5,24.75,3206,15022658.0,3.041767424941981e-05
2023-12-11,10:14:57,10.6261,23.5,24.75,3206,15022658.0,3.041767424941981e-05
2023-12-11,10:14:57,10.6297,23.5,24.75,3205,15022657.0,3.046636405847287e-05
2023-12-11,10:14:57,10.6369,23.5,24.75,3205,15022659.0,3.046636405847287e-05
2023-12-11,10:14:57,10.6406,23.5,24.75,3205,15022659.0,3.046636405847287e-05
2023-12-11,10:14:57,10.6443,23.5,24.75,3205,15022659.0,3.046636405847287e-05
2023-12-11,10:14:57,10.6479,23.5,24.75,3205,15022659.0,3.046636405847287e-05
2023-12-11,10:14:57,10.6515,23.5,24.75,3205,15022658.0,3.046636405847287e-05
2023-12-11,10:14:57,10.6552,23.5,24.75,3205,15022658.0,3.046636405847287e-05
2023-12-11,10:14:57,10.6588,23.5,24.75,3206,15022658.0,3.041767424941981e-05
2023-12-11,10:14:57,10.6624,23.5,24.75,3206,15022658.0,3.041767424941981e-05
2023-12-11,10:14:57,10.6661,23.5,24.75,3205,15022659.0,3.046636405847287e-05
2023-12-11,10:14:57,10.6697,23.5,24.75,3205,15022658.0,3.046636405847287e-05
2023-12-11,10:14:57,10.677,23.5,24.75,3205,15022659.0,3.046636405847287e-05
2023-12-11,10:14:57,10.6807,23.5,24.75,3205,15022658.0,3.046636405847287e-05
2023-12-11,10:14:57,10.6843,23.5,24.75,3205,15022660.0,3.046636405847287e-05
2023-12-11,10:14:57,10.6878,23.5,24.75,3206,15022660.0,3.041767424941981e-05
2023-12-11,10:14:57,10.6914,23.5,24.75,3208,15022659.0,3.032052794775979e-05
2023-12-11,10:14:57,10.6951,23.5,24.75,3208,15022659.0,3.032052794775979e-05
2023-12-11,10:14:57,10.6988,23.5,24.75,3206,15022658.0,3.041767424941981e-05
2023-12-11,10:14:57,10.7024,23.5,24.75,3205,15022658.0,3.046636405847287e-05
2023-12-11,10:14:57,10.7061,23.5,24.75,3205,15022659.0,3.046636405847287e-05
2023-12-11,10:14:57,10.7133,23.5,24.75,3205,15022658.0,3.046636405847287e-05
2023-12-11,10:14:57,10.717,23.5,24.75,3206,15022658.0,3.041767424941981e-05
2023-12-11,10:14:57,10.7206,23.5,24.75,3206,15022658.0,3.041767424941981e-05
2023-12-11,10:14:57,10.7242,23.5,24.75,3205,15022658.0,3.046636405847287e-05
2023-12-11,10:14:57,10.7278,23.5,24.75,3205,15022658.0,3.046636405847287e-05
2023-12-11,10:14:57,10.7315,23.5,24.75,3206,15022657.0,3.041767424941981e-05
2023-12-11,10:14:57,10.7352,23.5,24.75,3206,15022658.0,3.041767424941981e-05
2023-12-11,10:14:57,10.7388,23.5,24.75,3206,15022658.0,3.041767424941981e-05
2023-12-11,10:14:57,10.7424,23.5,24.75,3206,15022658.0,3.041767424941981e-05
2023-12-11,10:14:57,10.746,23.5,24.75,3205,15022658.0,3.046636405847287e-05
2023-12-11,10:14:57,10.7534,23.5,24.75,3206,15022659.0,3.041767424941981e-05
2023-12-11,10:14:57,10.757,23.5,24.75,3205,15022658.0,3.046636405847287e-05
2023-12-11,10:14:57,10.7605,23.5,24.75,3205,15022658.0,3.046636405847287e-05
2023-12-11,10:14:57,10.7641,23.5,24.75,3205,15022658.0,3.046636405847287e-05
2023-12-11,10:14:57,10.7678,23.5,24.75,3205,15022658.0,3.046636405847287e-05
2023-12-11,10:14:57,10.7716,23.5,24.75,3205,15022658.0,3.046636405847287e-05
2023-12-11,10:14:57,10.7751,23.5,24.75,3206,15022658.0,3.041767424941981e-05
2023-12-11,10:14:57,10.7787,23.5,24.75,3206,15022658.0,3.041767424941981e-05
2023-12-11,10:14:57,10.7823,23.5,24.75,3208,15022657.0,3.032052794775979e-05
2023-12-11,10:14:57,10.786,23.5,24.75,3208,15022658.0,3.032052794775979e-05
2023-12-11,10:14:57,10.7933,23.5,24.75,3207,15022658.0,3.036906225396806e-05
2023-12-11,10:14:57,10.7969,23.5,24.75,3206,15022658.0,3.041767424941981e-05
2023-12-11,10:14:57,10.8005,23.5,24.75,3205,15022658.0,3.046636405847287e-05
2023-12-11,10:14:57,10.8041,23.5,24.75,3205,15022659.0,3.046636405847287e-05
2023-12-11,10:14:57,10.8078,23.5,24.75,3205,15022658.0,3.046636405847287e-05
2023-12-11,10:14:57,10.8115,23.5,24.75,3205,15022658.0,3.046636405847287e-05
2023-12-11,10:14:57,10.8151,23.5,24.75,3205,15022659.0,3.046636405847287e-05
2023-12-11,10:14:57,10.8187,23.5,24.75,3206,15022659.0,3.041767424941981e-05
2023-12-11,10:14:57,10.8224,23.5,24.75,3206,15022658.0,3.041767424941981e-05
2023-12-11,10:14:57,10.8297,23.5,24.75,3206,15022657.0,3.041767424941981e-05
2023-12-11,10:14:57,10.8332,23.5,24.75,3206,15022658.0,3.041767424941981e-05
2023-12-11,10:14:57,10.8368,23.5,24.75,3205,15022658.0,3.046636405847287e-05
2023-12-11,10:14:57,10.8404,23.5,24.75,3206,15022658.0,3.041767424941981e-05
2023-12-11,10:14:57,10.8441,23.5,24.75,3206,15022658.0,3.041767424941981e-05
2023-12-11,10:14:57,10.8478,23.5,24.75,3206,15022657.0,3.041767424941981e-05
2023-12-11,10:14:57,10.8514,23.5,24.75,3206,15022658.0,3.041767424941981e-05
2023-12-11,10:14:57,10.855,23.5,24.75,3205,15022658.0,3.046636405847287e-05
2023-12-11,10:14:57,10.8587,23.5,24.75,3205,15022657.0,3.046636405847287e-05
2023-12-11,10:14:57,10.8624,23.5,24.75,3206,15022657.0,3.041767424941981e-05
2023-12-11,10:14:57,10.8696,23.5,24.75,3205,15022659.0,3.046636405847287e-05
2023-12-11,10:14:57,10.8732,23.5,24.75,3205,15022658.0,3.046636405847287e-05
2023-12-11,10:14:57,10.8769,23.5,24.75,3206,15022658.0,3.041767424941981e-05
2023-12-11,10:14:57,10.8806,23.5,24.75,3206,15022658.0,3.041767424941981e-05
2023-12-11,10:14:57,10.8842,23.5,24.75,3206,15022658.0,3.041767424941981e-05
2023-12-11,10:14:57,10.8878,23.5,24.75,3205,15022658.0,3.046636405847287e-05
2023-12-11,10:14:57,10.8915,23.5,24.75,3206,15022658.0,3.041767424941981e-05
2023-12-11,10:14:57,10.8952,23.5,24.75,3207,15022658.0,3.036906225396806e-05
2023-12-11,10:14:57,10.8988,23.5,24.75,3205,15022659.0,3.046636405847287e-05
2023-12-11,10:14:57,10.9024,23.5,24.75,3205,15022659.0,3.046636405847287e-05
2023-12-11,10:14:57,10.9095,23.5,24.75,3205,15022658.0,3.046636405847287e-05
2023-12-11,10:14:57,10.9131,23.5,24.75,3205,15022659.0,3.046636405847287e-05
2023-12-11,10:14:57,10.9168,23.5,24.75,3205,15022659.0,3.046636405847287e-05
2023-12-11,10:14:57,10.9205,23.5,24.75,3205,15022658.0,3.046636405847287e-05
2023-12-11,10:14:57,10.9241,23.5,24.75,3205,15022658.0,3.046636405847287e-05
2023-12-11,10:14:57,10.9277,23.5,24.75,3205,15022658.0,3.046636405847287e-05
2023-12-11,10:14:57,10.9314,23.5,24.75,3206,15022660.0,3.041767424941981e-05
2023-12-11,10:14:57,10.9351,23.5,24.75,3206,15022659.0,3.041767424941981e-05
2023-12-11,10:14:57,10.9387,23.5,24.75,3205,15022658.0,3.046636405847287e-05
2023-12-11,10:14:57,10.9423,23.5,24.75,3205,15022657.0,3.046636405847287e-05
2023-12-11,10:14:57,10.9495,23.5,24.75,3206,15022658.0,3.041767424941981e-05
2023-12-11,10:14:57,10.9531,23.5,24.75,3205,15022658.0,3.046636405847287e-05
2023-12-11,10:14:57,10.9566,23.5,24.75,3205,15022658.0,3.046636405847287e-05
2023-12-11,10:14:57,10.9604,23.5,24.75,3204,15022658.0,3.051513180568405e-05
2023-12-11,10:14:57,10.9641,23.5,24.75,3205,15022658.0,3.046636405847287e-05
2023-12-11,10:14:57,10.9676,23.5,24.75,3206,15022658.0,3.041767424941981e-05
2023-12-11,10:14:57,10.9712,23.5,24.75,3206,15022658.0,3.041767424941981e-05
2023-12-11,10:14:57,10.9749,23.5,24.75,3206,15022658.0,3.041767424941981e-05
2023-12-11,10:14:57,10.9787,23.5,24.75,3205,15022657.0,3.046636405847287e-05
2023-12-11,10:14:57,10.9858,23.5,24.75,3206,15022660.0,3.041767424941981e-05
2023-12-11,10:14:57,10.9894,23.5,24.75,3205,15022659.0,3.046636405847287e-05
2023-12-11,10:14:57,10.993,23.5,24.75,3205,15022659.0,3.046636405847287e-05
2023-12-11,10:14:57,10.9967,23.5,24.75,3208,15022660.0,3.032052794775979e-05
2023-12-11,10:14:57,11.0004,23.5,24.75,3208,15022659.0,3.032052794775979e-05
2023-12-11,10:14:57,11.004,23.5,24.75,3205,15022658.0,3.046636405847287e-05
2023-12-11,10:14:57,11.0076,23.5,24.75,3205,15022658.0,3.046636405847287e-05
2023-12-11,10:14:57,11.0112,23.5,24.75,3205,15022658.0,3.046636405847287e-05
2023-12-11,10:14:57,11.0149,23.5,24.75,3205,15022658.0,3.046636405847287e-05
2023-12-11,10:14:57,11.0186,23.5,24.75,3205,15022659.0,3.046636405847287e-05
2023-12-11,10:14:57,11.0258,23.5,24.75,3205,15022657.0,3.046636405847287e-05
2023-12-11,10:14:57,11.0293,23.5,24.75,3205,15022658.0,3.046636405847287e-05
2023-12-11,10:14:57,11.0329,23.5,24.75,3206,15022659.0,3.041767424941981e-05
2023-12-11,10:14:57,11.0366,23.5,24.75,3207,15022658.0,3.036906225396806e-05
2023-12-11,10:14:57,11.0404,23.5,24.75,3206,15022657.0,3.041767424941981e-05
2023-12-11,10:14:57,11.0439,23.5,24.75,3205,15022659.0,3.046636405847287e-05
2023-12-11,10:14:57,11.0475,23.5,24.75,3205,15022659.0,3.046636405847287e-05
2023-12-11,10:14:57,11.0511,23.5,24.75,3205,15022658.0,3.046636405847287e-05
2023-12-11,10:14:57,11.0547,23.5,24.75,3205,15022658.0,3.046636405847287e-05
2023-12-11,10:14:57,11.0621,23.5,24.75,3203,15022658.0,3.056397761580959e-05
2023-12-11,10:14:57,11.0657,23.5,24.75,3204,15022658.0,3.051513180568405e-05
2023-12-11,10:14:57,11.0694,23.5,24.75,3205,15022659.0,3.046636405847287e-05
2023-12-11,10:14:57,11.073,23.5,24.75,3205,15022659.0,3.046636405847287e-05
2023-12-11,10:14:57,11.0766,23.5,24.75,3205,15022659.0,3.046636405847287e-05
2023-12-11,10:14:57,11.0803,23.5,24.75,3205,15022658.0,3.046636405847287e-05
2023-12-11,10:14:57,11.0839,23.5,24.75,3204,15022658.0,3.051513180568405e-05
2023-12-11,10:14:57,11.0876,23.5,24.75,3206,15022657.0,3.041767424941981e-05
2023-12-11,10:14:57,11.0913,23.5,24.75,3206,15022657.0,3.041767424941981e-05
2023-12-11,10:14:57,11.0949,23.5,24.75,3205,15022657.0,3.046636405847287e-05
2023-12-11,10:14:57,11.102,23.5,24.75,3205,15022659.0,3.046636405847287e-05
2023-12-11,10:14:57,11.1056,23.5,24.75,3205,15022657.0,3.046636405847287e-05
2023-12-11,10:14:57,11.1092,23.5,24.75,3205,15022658.0,3.046636405847287e-05
2023-12-11,10:14:57,11.1129,23.5,24.75,3206,15022660.0,3.041767424941981e-05
2023-12-11,10:14:57,11.1166,23.5,24.75,3207,15022659.0,3.036906225396806e-05
2023-12-11,10:14:57,11.1202,23.5,24.75,3206,15022658.0,3.041767424941981e-05
2023-12-11,10:14:57,11.1238,23.5,24.75,3205,15022658.0,3.046636405847287e-05
2023-12-11,10:14:57,11.1275,23.5,24.75,3205,15022659.0,3.046636405847287e-05
2023-12-11,10:14:57,11.1312,23.5,24.75,3205,15022659.0,3.046636405847287e-05
2023-12-11,10:14:57,11.1348,23.5,24.75,3206,15022658.0,3.041767424941981e-05
2023-12-11,10:14:57,11.142,23.5,24.75,3206,15022657.0,3.041767424941981e-05
2023-12-11,10:14:57,11.1457,23.5,24.75,3207,15022658.0,3.036906225396806e-05
2023-12-11,10:14:57,11.1494,23.5,24.75,3206,15022658.0,3.041767424941981e-05
2023-12-11,10:14:57,11.153,23.5,24.75,3205,15022658.0,3.046636405847287e-05
2023-12-11,10:14:57,11.1566,23.5,24.75,3205,15022657.0,3.046636405847287e-05
2023-12-11,10:14:57,11.1602,23.5,24.75,3206,15022657.0,3.041767424941981e-05
2023-12-11,10:14:57,11.1639,23.5,24.75,3206,15022659.0,3.041767424941981e-05
2023-12-11,10:14:57,11.1676,23.5,24.75,3206,15022658.0,3.041767424941981e-05
2023-12-11,10:14:57,11.1712,23.5,24.75,3207,15022659.0,3.036906225396806e-05
2023-12-11,10:14:57,11.1783,23.5,24.75,3204,15022657.0,3.051513180568405e-05
2023-12-11,10:14:57,11.1819,23.5,24.75,3204,15022658.0,3.051513180568405e-05
2023-12-11,10:14:57,11.1855,23.5,24.75,3205,15022658.0,3.046636405847287e-05
2023-12-11,10:14:57,11.1892,23.5,24.75,3205,15022658.0,3.046636405847287e-05
2023-12-11,10:14:57,11.1929,23.5,24.75,3205,15022659.0,3.046636405847287e-05
2023-12-11,10:14:57,11.1965,23.5,24.75,3205,15022658.0,3.046636405847287e-05
2023-12-11,10:14:57,11.2001,23.5,24.75,3205,15022657.0,3.046636405847287e-05
2023-12-11,10:14:57,11.2037,23.5,24.75,3207,15022656.0,3.036906225396806e-05
2023-12-11,10:14:57,11.2074,23.5,24.75,3207,15022657.0,3.036906225396806e-05
2023-12-11,10:14:57,11.2111,23.5,24.75,3205,15022658.0,3.046636405847287e-05
2023-12-11,10:14:57,11.2183,23.5,24.75,3205,15022659.0,3.046636405847287e-05
2023-12-11,10:14:57,11.2219,23.5,24.75,3206,15022659.0,3.041767424941981e-05
2023-12-11,10:14:57,11.2256,23.5,24.75,3206,15022660.0,3.041767424941981e-05
2023-12-11,10:14:57,11.2293,23.5,24.75,3205,15022659.0,3.046636405847287e-05
2023-12-11,10:14:57,11.2329,23.5,24.75,3206,15022658.0,3.041767424941981e-05
2023-12-11,10:14:57,11.2364,23.5,24.75,3206,15022658.0,3.041767424941981e-05
2023-12-11,10:14:57,11.24,23.5,24.75,3205,15022658.0,3.046636405847287e-05
2023-12-11,10:14:57,11.2436,23.5,24.75,3206,15022657.0,3.041767424941981e-05
2023-12-11,10:14:57,11.2472,23.5,24.75,3206,15022657.0,3.041767424941981e-05
2023-12-11,10:14:57,11.2546,23.5,24.75,3204,15022658.0,3.051513180568405e-05
2023-12-11,10:14:57,11.2582,23.5,24.75,3205,15022657.0,3.046636405847287e-05
2023-12-11,10:14:57,11.2618,23.5,24.75,3206,15022657.0,3.041767424941981e-05
2023-12-11,10:14:57,11.2655,23.5,24.75,3206,15022657.0,3.041767424941981e-05
2023-12-11,10:14:57,11.2692,23.5,24.75,3205,15022658.0,3.046636405847287e-05
2023-12-11,10:14:57,11.2728,23.5,24.75,3205,15022658.0,3.046636405847287e-05
2023-12-11,10:14:57,11.2764,23.5,24.75,3205,15022658.0,3.046636405847287e-05
2023-12-11,10:14:57,11.2801,23.5,24.75,3205,15022658.0,3.046636405847287e-05
2023-12-11,10:14:58,11.2838,23.5,24.75,3206,15022657.0,3.041767424941981e-05
2023-12-11,10:14:58,11.2874,23.5,24.75,3206,15022660.0,3.041767424941981e-05
2023-12-11,10:14:58,11.2946,23.5,24.75,3205,15022656.0,3.046636405847287e-05
2023-12-11,10:14:58,11.2981,23.5,24.75,3205,15022657.0,3.046636405847287e-05
2023-12-11,10:14:58,11.3019,23.5,24.75,3204,15022657.0,3.051513180568405e-05
2023-12-11,10:14:58,11.3056,23.5,24.75,3204,15022657.0,3.051513180568405e-05
2023-12-11,10:14:58,11.3092,23.5,24.75,3205,15022657.0,3.046636405847287e-05
2023-12-11,10:14:58,11.3127,23.5,24.75,3205,15022657.0,3.046636405847287e-05
2023-12-11,10:14:58,11.3164,23.5,24.75,3205,15022658.0,3.046636405847287e-05
2023-12-11,10:14:58,11.32,23.5,24.75,3205,15022657.0,3.046636405847287e-05
2023-12-11,10:14:58,11.3236,23.5,24.75,3204,15022657.0,3.051513180568405e-05
2023-12-11,10:14:58,11.3272,23.5,24.75,3205,15022656.0,3.046636405847287e-05
2023-12-11,10:14:58,11.3345,23.5,24.75,3205,15022658.0,3.046636405847287e-05
2023-12-11,10:14:58,11.3381,23.5,24.75,3204,15022657.0,3.051513180568405e-05
2023-12-11,10:14:58,11.3417,23.5,24.75,3205,15022658.0,3.046636405847287e-05
2023-12-11,10:14:58,11.3452,23.5,24.75,3206,15022657.0,3.041767424941981e-05
2023-12-11,10:14:58,11.3488,23.5,24.75,3206,15022656.0,3.041767424941981e-05
2023-12-11,10:14:58,11.3525,23.5,24.75,3207,15022657.0,3.036906225396806e-05
2023-12-11,10:14:58,11.3563,23.5,24.75,3206,15022657.0,3.041767424941981e-05
2023-12-11,10:14:58,11.3598,23.5,24.75,3205,15022658.0,3.046636405847287e-05
2023-12-11,10:14:58,11.3634,23.5,24.75,3205,15022657.0,3.046636405847287e-05
2023-12-11,10:14:58,11.3706,23.5,24.75,3204,15022657.0,3.051513180568405e-05
2023-12-11,10:14:58,11.3743,23.5,24.75,3204,15022656.0,3.051513180568405e-05
2023-12-11,10:14:58,11.378,23.5,24.75,3204,15022657.0,3.051513180568405e-05
2023-12-11,10:14:58,11.3816,23.5,24.75,3204,15022658.0,3.051513180568405e-05
2023-12-11,10:14:58,11.3852,23.5,24.75,3204,15022657.0,3.051513180568405e-05
2023-12-11,10:14:58,11.3888,23.5,24.75,3205,15022658.0,3.046636405847287e-05
2023-12-11,10:14:58,11.3924,23.5,24.75,3205,15022657.0,3.046636405847287e-05
2023-12-11,10:14:58,11.3961,23.5,24.75,3205,15022658.0,3.046636405847287e-05
2023-12-11,10:14:58,11.3998,23.5,24.75,3206,15022657.0,3.041767424941981e-05
2023-12-11,10:14:58,11.4034,23.5,24.75,3206,15022658.0,3.041767424941981e-05
2023-12-11,10:14:58,11.4105,23.5,24.75,3207,15022658.0,3.036906225396806e-05
2023-12-11,10:14:58,11.4141,23.5,24.75,3208,15022659.0,3.032052794775979e-05
2023-12-11,10:14:58,11.4178,23.5,24.75,3205,15022658.0,3.046636405847287e-05
2023-12-11,10:14:58,11.4215,23.5,24.75,3206,15022657.0,3.041767424941981e-05
2023-12-11,10:14:58,11.4251,23.5,24.75,3207,15022657.0,3.036906225396806e-05
2023-12-11,10:14:58,11.4287,23.5,24.75,3207,15022657.0,3.036906225396806e-05
2023-12-11,10:14:58,11.4323,23.5,24.75,3205,15022656.0,3.046636405847287e-05
2023-12-11,10:14:58,11.436,23.5,24.75,3204,15022657.0,3.051513180568405e-05
2023-12-11,10:14:58,11.4397,23.5,24.75,3205,15022658.0,3.046636405847287e-05
2023-12-11,10:14:58,11.4469,23.5,24.75,3207,15022656.0,3.036906225396806e-05
2023-12-11,10:14:58,11.4505,23.5,24.75,3206,15022657.0,3.041767424941981e-05
2023-12-11,10:14:58,11.4542,23.5,24.75,3204,15022657.0,3.051513180568405e-05
2023-12-11,10:14:58,11.4579,23.5,24.75,3203,15022658.0,3.056397761580959e-05
2023-12-11,10:14:58,11.4615,23.5,24.75,3204,15022658.0,3.051513180568405e-05
2023-12-11,10:14:58,11.4651,23.5,24.75,3205,15022657.0,3.046636405847287e-05
2023-12-11,10:14:58,11.4686,23.5,24.75,3205,15022658.0,3.046636405847287e-05
2023-12-11,10:14:58,11.4722,23.5,24.75,3205,15022657.0,3.046636405847287e-05
2023-12-11,10:14:58,11.4758,23.5,24.75,3205,15022657.0,3.046636405847287e-05
2023-12-11,10:14:58,11.4795,23.5,24.75,3205,15022657.0,3.046636405847287e-05
2023-12-11,10:14:58,11.4868,23.5,24.75,3205,15022657.0,3.046636405847287e-05
2023-12-11,10:14:58,11.4905,23.5,24.75,3206,15022657.0,3.041767424941981e-05
2023-12-11,10:14:58,11.4941,23.5,24.75,3206,15022657.0,3.041767424941981e-05
2023-12-11,10:14:58,11.4977,23.5,24.75,3206,15022657.0,3.041767424941981e-05
2023-12-11,10:14:58,11.5014,23.5,24.75,3204,15022657.0,3.051513180568405e-05
2023-12-11,10:14:58,11.505,23.5,24.75,3203,15022656.0,3.056397761580959e-05
2023-12-11,10:14:58,11.5086,23.5,24.75,3204,15022657.0,3.051513180568405e-05
2023-12-11,10:14:58,11.5122,23.5,24.75,3205,15022657.0,3.046636405847287e-05
2023-12-11,10:14:58,11.5157,23.5,24.75,3205,15022656.0,3.046636405847287e-05
2023-12-11,10:14:58,11.5232,23.5,24.75,3205,15022658.0,3.046636405847287e-05
2023-12-11,10:14:58,11.5268,23.5,24.75,3204,15022656.0,3.051513180568405e-05
2023-12-11,10:14:58,11.5305,23.5,24.75,3204,15022657.0,3.051513180568405e-05
2023-12-11,10:14:58,11.5342,23.56,24.75,3205,15022657.0,3.046636405847287e-05
2023-12-11,10:14:58,11.5378,23.56,24.75,3205,15022657.0,3.046636405847287e-05
2023-12-11,10:14:58,11.5413,23.56,24.75,3205,15022657.0,3.046636405847287e-05
2023-12-11,10:14:58,11.5449,23.56,24.75,3205,15022657.0,3.046636405847287e-05
2023-12-11,10:14:58,11.5486,23.56,24.75,3205,15022656.0,3.046636405847287e-05
2023-12-11,10:14:58,11.5522,23.56,24.75,3204,15022657.0,3.051513180568405e-05
2023-12-11,10:14:58,11.5558,23.56,24.75,3204,15022657.0,3.051513180568405e-05
2023-12-11,10:14:58,11.5631,23.56,24.75,3205,15022655.0,3.046636405847287e-05
2023-12-11,10:14:58,11.5667,23.56,24.75,3205,15022656.0,3.046636405847287e-05
2023-12-11,10:14:58,11.5704,23.56,24.75,3206,15022656.0,3.041767424941981e-05
2023-12-11,10:14:58,11.5741,23.56,24.75,3205,15022657.0,3.046636405847287e-05
2023-12-11,10:14:58,11.5777,23.56,24.75,3204,15022657.0,3.051513180568405e-05
2023-12-11,10:14:58,11.5813,23.56,24.75,3204,15022657.0,3.051513180568405e-05
2023-12-11,10:14:58,11.585,23.56,24.75,3205,15022657.0,3.046636405847287e-05
2023-12-11,10:14:58,11.5887,23.56,24.75,3205,15022656.0,3.046636405847287e-05
2023-12-11,10:14:58,11.5923,23.56,24.75,3205,15022656.0,3.046636405847287e-05
2023-12-11,10:14:58,11.5959,23.56,24.75,3205,15022656.0,3.046636405847287e-05
2023-12-11,10:14:58,11.603,23.56,24.75,3205,15022658.0,3.046636405847287e-05
2023-12-11,10:14:58,11.6068,23.56,24.75,3205,15022657.0,3.046636405847287e-05
2023-12-11,10:14:58,11.6105,23.56,24.75,3205,15022656.0,3.046636405847287e-05
2023-12-11,10:14:58,11.614,23.56,24.75,3206,15022657.0,3.041767424941981e-05
2023-12-11,10:14:58,11.6176,23.56,24.75,3206,15022656.0,3.041767424941981e-05
2023-12-11,10:14:58,11.6212,23.56,24.75,3205,15022657.0,3.046636405847287e-05
2023-12-11,10:14:58,11.6248,23.56,24.75,3205,15022657.0,3.046636405847287e-05
2023-12-11,10:14:58,11.6285,23.56,24.75,3205,15022658.0,3.046636405847287e-05
2023-12-11,10:14:58,11.6322,23.56,24.75,3205,15022657.0,3.046636405847287e-05
2023-12-11,10:14:58,11.6358,23.56,24.75,3204,15022656.0,3.051513180568405e-05
2023-12-11,10:14:58,11.643,23.56,24.75,3204,15022656.0,3.051513180568405e-05
2023-12-11,10:14:58,11.6466,23.56,24.75,3203,15022656.0,3.056397761580959e-05
2023-12-11,10:14:58,11.6503,23.56,24.75,3204,15022658.0,3.051513180568405e-05
2023-12-11,10:14:58,11.654,23.56,24.75,3205,15022657.0,3.046636405847287e-05
2023-12-11,10:14:58,11.6576,23.56,24.75,3206,15022657.0,3.041767424941981e-05
2023-12-11,10:14:58,11.6612,23.56,24.75,3206,15022657.0,3.041767424941981e-05
2023-12-11,10:14:58,11.6647,23.56,24.75,3204,15022657.0,3.051513180568405e-05
2023-12-11,10:14:58,11.6684,23.56,24.75,3204,15022657.0,3.051513180568405e-05
2023-12-11,10:14:58,11.6722,23.56,24.75,3204,15022656.0,3.051513180568405e-05
2023-12-11,10:14:58,11.6793,23.56,24.75,3205,15022657.0,3.046636405847287e-05
2023-12-11,10:14:58,11.6829,23.56,24.75,3205,15022657.0,3.046636405847287e-05
2023-12-11,10:14:58,11.6865,23.56,24.75,3205,15022657.0,3.046636405847287e-05
2023-12-11,10:14:58,11.6901,23.56,24.75,3206,15022656.0,3.041767424941981e-05
2023-12-11,10:14:58,11.6938,23.56,24.75,3206,15022656.0,3.041767424941981e-05
2023-12-11,10:14:58,11.6975,23.56,24.75,3206,15022656.0,3.041767424941981e-05
2023-12-11,10:14:58,11.7011,23.56,24.75,3206,15022656.0,3.041767424941981e-05
2023-12-11,10:14:58,11.7047,23.56,24.75,3205,15022657.0,3.046636405847287e-05
2023-12-11,10:14:58,11.7084,23.56,24.75,3205,15022657.0,3.046636405847287e-05
2023-12-11,10:14:58,11.7121,23.56,24.75,3205,15022656.0,3.046636405847287e-05
2023-12-11,10:14:58,11.7193,23.56,24.75,3206,15022658.0,3.041767424941981e-05
2023-12-11,10:14:58,11.7228,23.56,24.75,3207,15022657.0,3.036906225396806e-05
2023-12-11,10:14:58,11.7266,23.56,24.75,3205,15022657.0,3.046636405847287e-05
2023-12-11,10:14:58,11.7303,23.56,24.75,3205,15022657.0,3.046636405847287e-05
2023-12-11,10:14:58,11.7339,23.56,24.75,3205,15022656.0,3.046636405847287e-05
2023-12-11,10:14:58,11.7374,23.56,24.75,3205,15022657.0,3.046636405847287e-05
2023-12-11,10:14:58,11.741,23.56,24.75,3205,15022657.0,3.046636405847287e-05
2023-12-11,10:14:58,11.7446,23.56,24.75,3205,15022657.0,3.046636405847287e-05
2023-12-11,10:14:58,11.7483,23.56,24.75,3205,15022657.0,3.046636405847287e-05
2023-12-11,10:14:58,11.7556,23.56,24.75,3203,15022658.0,3.056397761580959e-05
2023-12-11,10:14:58,11.7592,23.56,24.75,3202,15022656.0,3.061290161380538e-05
2023-12-11,10:14:58,11.7628,23.56,24.75,3203,15022656.0,3.056397761580959e-05
2023-12-11,10:14:58,11.7665,23.56,24.75,3204,15022657.0,3.051513180568405e-05
2023-12-11,10:14:58,11.7702,23.56,24.75,3204,15022657.0,3.051513180568405e-05
2023-12-11,10:14:58,11.7738,23.56,24.75,3205,15022657.0,3.046636405847287e-05
2023-12-11,10:14:58,11.7774,23.56,24.75,3205,15022656.0,3.046636405847287e-05
2023-12-11,10:14:58,11.7811,23.56,24.75,3204,15022656.0,3.051513180568405e-05
2023-12-11,10:14:58,11.7848,23.56,24.75,3204,15022656.0,3.051513180568405e-05
2023-12-11,10:14:58,11.7884,23.56,24.75,3204,15022657.0,3.051513180568405e-05
2023-12-11,10:14:58,11.7956,23.56,24.75,3205,15022656.0,3.046636405847287e-05
2023-12-11,10:14:58,11.7993,23.56,24.75,3205,15022657.0,3.046636405847287e-05
2023-12-11,10:14:58,11.803,23.56,24.75,3205,15022657.0,3.046636405847287e-05
2023-12-11,10:14:58,11.8066,23.56,24.75,3204,15022657.0,3.051513180568405e-05
2023-12-11,10:14:58,11.8101,23.56,24.75,3204,15022657.0,3.051513180568405e-05
2023-12-11,10:14:58,11.8139,23.56,24.75,3205,15022657.0,3.046636405847287e-05
2023-12-11,10:14:58,11.8176,23.56,24.75,3205,15022656.0,3.046636405847287e-05
2023-12-11,10:14:58,11.8212,23.56,24.75,3207,15022656.0,3.036906225396806e-05
2023-12-11,10:14:58,11.8247,23.56,24.75,3207,15022656.0,3.036906225396806e-05
2023-12-11,10:14:58,11.8284,23.56,24.75,3204,15022657.0,3.051513180568405e-05
2023-12-11,10:14:58,11.8357,23.56,24.75,3204,15022658.0,3.051513180568405e-05
2023-12-11,10:14:58,11.8393,23.56,24.75,3205,15022657.0,3.046636405847287e-05
2023-12-11,10:14:58,11.8429,23.56,24.75,3205,15022657.0,3.046636405847287e-05
2023-12-11,10:14:58,11.8465,23.56,24.75,3205,15022658.0,3.046636405847287e-05
2023-12-11,10:14:58,11.8502,23.56,24.75,3205,15022657.0,3.046636405847287e-05
2023-12-11,10:14:58,11.8539,23.56,24.75,3204,15022657.0,3.051513180568405e-05
2023-12-11,10:14:58,11.8575,23.56,24.75,3204,15022657.0,3.051513180568405e-05
2023-12-11,10:14:58,11.8611,23.56,24.75,3205,15022658.0,3.046636405847287e-05
2023-12-11,10:14:58,11.8647,23.56,24.75,3205,15022657.0,3.046636405847287e-05
2023-12-11,10:14:58,11.8718,23.56,24.75,3205,15022658.0,3.046636405847287e-05
2023-12-11,10:14:58,11.8754,23.56,24.75,3205,15022657.0,3.046636405847287e-05
2023-12-11,10:14:58,11.879,23.56,24.75,3204,15022658.0,3.051513180568405e-05
2023-12-11,10:14:58,11.8827,23.56,24.75,3203,15022657.0,3.056397761580959e-05
2023-12-11,10:14:58,11.8864,23.56,24.75,3204,15022657.0,3.051513180568405e-05
2023-12-11,10:14:58,11.89,23.56,24.75,3205,15022661.0,3.046636405847287e-05
2023-12-11,10:14:58,11.8937,23.56,24.75,3204,15022661.0,3.051513180568405e-05
2023-12-11,10:14:58,11.8974,23.56,24.75,3203,15022657.0,3.056397761580959e-05
2023-12-11,10:14:58,11.901,23.56,24.75,3203,15022658.0,3.056397761580959e-05
2023-12-11,10:14:58,11.9046,23.56,24.75,3203,15022658.0,3.056397761580959e-05
2023-12-11,10:14:58,11.9118,23.56,24.75,3204,15022655.0,3.051513180568405e-05
2023-12-11,10:14:58,11.9155,23.56,24.75,3204,15022656.0,3.051513180568405e-05
2023-12-11,10:14:58,11.9192,23.56,24.75,3205,15022657.0,3.046636405847287e-05
2023-12-11,10:14:58,11.9228,23.56,24.75,3205,15022658.0,3.046636405847287e-05
2023-12-11,10:14:58,11.9264,23.56,24.75,3206,15022658.0,3.041767424941981e-05
2023-12-11,10:14:58,11.93,23.56,24.75,3208,15022657.0,3.032052794775979e-05
2023-12-11,10:14:58,11.9337,23.56,24.75,3207,15022656.0,3.036906225396806e-05
2023-12-11,10:14:58,11.9374,23.56,24.75,3205,15022657.0,3.046636405847287e-05
2023-12-11,10:14:58,11.941,23.56,24.75,3204,15022658.0,3.051513180568405e-05
2023-12-11,10:14:58,11.9445,23.56,24.75,3204,15022657.0,3.051513180568405e-05
2023-12-11,10:14:58,11.9517,23.56,24.75,3204,15022657.0,3.051513180568405e-05
2023-12-11,10:14:58,11.9553,23.56,24.75,3204,15022657.0,3.051513180568405e-05
2023-12-11,10:14:58,11.959,23.56,24.75,3204,15022657.0,3.051513180568405e-05
2023-12-11,10:14:58,11.9627,23.56,24.75,3204,15022658.0,3.051513180568405e-05
2023-12-11,10:14:58,11.9663,23.56,24.75,3204,15022658.0,3.051513180568405e-05
2023-12-11,10:14:58,11.9699,23.56,24.75,3205,15022657.0,3.046636405847287e-05
2023-12-11,10:14:58,11.9735,23.56,24.75,3205,15022657.0,3.046636405847287e-05
2023-12-11,10:14:58,11.9771,23.56,24.75,3205,15022658.0,3.046636405847287e-05
2023-12-11,10:14:58,11.9808,23.56,24.75,3205,15022657.0,3.046636405847287e-05
2023-12-11,10:14:58,11.9881,23.56,24.75,3204,15022658.0,3.051513180568405e-05
2023-12-11,10:14:58,11.9916,23.56,24.75,3203,15022658.0,3.056397761580959e-05
2023-12-11,10:14:58,11.9952,23.56,24.75,3204,15022658.0,3.051513180568405e-05
2023-12-11,10:14:58,11.9989,23.56,24.75,3204,15022658.0,3.051513180568405e-05
2023-12-11,10:14:58,12.0027,23.56,24.75,3204,15022658.0,3.051513180568405e-05
2023-12-11,10:14:58,12.0062,23.56,24.75,3205,15022658.0,3.046636405847287e-05
2023-12-11,10:14:58,12.0098,23.56,24.75,3205,15022658.0,3.046636405847287e-05
2023-12-11,10:14:58,12.0134,23.56,24.75,3205,15022658.0,3.046636405847287e-05
2023-12-11,10:14:58,12.017,23.56,24.75,3204,15022658.0,3.051513180568405e-05
2023-12-11,10:14:58,12.0207,23.56,24.75,3203,15022659.0,3.056397761580959e-05
2023-12-11,10:14:58,12.028,23.56,24.75,3205,15022656.0,3.046636405847287e-05
2023-12-11,10:14:58,12.0316,23.56,24.75,3205,15022658.0,3.046636405847287e-05
2023-12-11,10:14:58,12.0352,23.5,24.75,3204,15022657.0,3.051513180568405e-05
2023-12-11,10:14:58,12.0388,23.5,24.75,3203,15022658.0,3.056397761580959e-05
2023-12-11,10:14:58,12.0425,23.5,24.75,3204,15022658.0,3.051513180568405e-05
2023-12-11,10:14:58,12.0462,23.5,24.75,3205,15022658.0,3.046636405847287e-05
2023-12-11,10:14:58,12.0498,23.5,24.75,3204,15022658.0,3.051513180568405e-05
2023-12-11,10:14:58,12.0533,23.5,24.75,3204,15022658.0,3.051513180568405e-05
2023-12-11,10:14:58,12.0571,23.5,24.75,3204,15022657.0,3.051513180568405e-05
2023-12-11,10:14:58,12.0644,23.5,24.75,3203,15022657.0,3.056397761580959e-05
2023-12-11,10:14:58,12.0679,23.5,24.75,3204,15022658.0,3.051513180568405e-05
2023-12-11,10:14:58,12.0716,23.5,24.75,3204,15022658.0,3.051513180568405e-05
2023-12-11,10:14:58,12.0754,23.5,24.75,3204,15022657.0,3.051513180568405e-05
2023-12-11,10:14:58,12.0789,23.5,24.75,3204,15022658.0,3.051513180568405e-05
2023-12-11,10:14:58,12.0825,23.5,24.75,3204,15022658.0,3.051513180568405e-05
2023-12-11,10:14:58,12.0861,23.5,24.75,3204,15022657.0,3.051513180568405e-05
2023-12-11,10:14:58,12.0898,23.5,24.75,3204,15022657.0,3.051513180568405e-05
2023-12-11,10:14:58,12.0935,23.5,24.75,3205,15022659.0,3.046636405847287e-05
2023-12-11,10:14:58,12.0971,23.5,24.75,3205,15022658.0,3.046636405847287e-05
2023-12-11,10:14:58,12.1043,23.5,24.75,3203,15022658.0,3.056397761580959e-05
2023-12-11,10:14:58,12.1079,23.5,24.75,3204,15022658.0,3.051513180568405e-05
2023-12-11,10:14:58,12.1115,23.5,24.75,3205,15022657.0,3.046636405847287e-05
2023-12-11,10:14:58,12.1152,23.5,24.75,3204,15022657.0,3.051513180568405e-05
2023-12-11,10:14:58,12.1189,23.5,24.75,3204,15022658.0,3.051513180568405e-05
2023-12-11,10:14:58,12.1226,23.5,24.75,3204,15022658.0,3.051513180568405e-05
2023-12-11,10:14:58,12.1263,23.5,24.75,3204,15022658.0,3.051513180568405e-05
2023-12-11,10:14:58,12.1299,23.5,24.75,3203,15022658.0,3.056397761580959e-05
2023-12-11,10:14:58,12.1335,23.5,24.75,3203,15022658.0,3.056397761580959e-05
2023-12-11,10:14:58,12.1371,23.5,24.75,3204,15022658.0,3.051513180568405e-05
2023-12-11,10:14:58,12.1442,23.5,24.75,3206,15022658.0,3.041767424941981e-05
2023-12-11,10:14:58,12.1478,23.5,24.75,3206,15022659.0,3.041767424941981e-05
2023-12-11,10:14:58,12.1515,23.5,24.75,3203,15022657.0,3.056397761580959e-05
2023-12-11,10:14:58,12.1552,23.5,24.75,3203,15022658.0,3.056397761580959e-05
2023-12-11,10:14:58,12.1588,23.5,24.75,3204,15022659.0,3.051513180568405e-05
2023-12-11,10:14:58,12.1624,23.5,24.75,3205,15022658.0,3.046636405847287e-05
2023-12-11,10:14:58,12.1661,23.5,24.75,3204,15022658.0,3.051513180568405e-05
2023-12-11,10:14:58,12.1697,23.5,24.75,3204,15022657.0,3.051513180568405e-05
2023-12-11,10:14:58,12.1733,23.5,24.75,3204,15022658.0,3.051513180568405e-05
2023-12-11,10:14:58,12.177,23.5,24.75,3204,15022658.0,3.051513180568405e-05
2023-12-11,10:14:58,12.1844,23.5,24.75,3204,15022658.0,3.051513180568405e-05
2023-12-11,10:14:58,12.188,23.5,24.75,3205,15022658.0,3.046636405847287e-05
2023-12-11,10:14:58,12.1916,23.5,24.75,3205,15022658.0,3.046636405847287e-05
2023-12-11,10:14:58,12.1952,23.5,24.75,3205,15022657.0,3.046636405847287e-05
2023-12-11,10:14:58,12.1988,23.5,24.75,3205,15022657.0,3.046636405847287e-05
2023-12-11,10:14:58,12.2023,23.5,24.75,3204,15022657.0,3.051513180568405e-05
2023-12-11,10:14:58,12.2059,23.5,24.75,3204,15022657.0,3.051513180568405e-05
2023-12-11,10:14:58,12.2096,23.5,24.75,3205,15022658.0,3.046636405847287e-05
2023-12-11,10:14:58,12.2133,23.5,24.75,3204,15022658.0,3.051513180568405e-05
2023-12-11,10:14:58,12.2205,23.5,24.75,3203,15022658.0,3.056397761580959e-05
2023-12-11,10:14:58,12.2242,23.5,24.75,3203,15022657.0,3.056397761580959e-05
2023-12-11,10:14:58,12.2278,23.5,24.75,3204,15022657.0,3.051513180568405e-05
2023-12-11,10:14:58,12.2314,23.5,24.75,3205,15022658.0,3.046636405847287e-05
2023-12-11,10:14:58,12.2351,23.5,24.75,3204,15022658.0,3.051513180568405e-05
2023-12-11,10:14:58,12.2387,23.5,24.75,3203,15022659.0,3.056397761580959e-05
2023-12-11,10:14:58,12.2423,23.5,24.75,3204,15022658.0,3.051513180568405e-05
2023-12-11,10:14:58,12.2459,23.5,24.75,3204,15022657.0,3.051513180568405e-05
2023-12-11,10:14:58,12.2496,23.5,24.75,3204,15022657.0,3.051513180568405e-05
2023-12-11,10:14:58,12.2533,23.5,24.75,3204,15022658.0,3.051513180568405e-05
2023-12-11,10:14:58,12.2604,23.5,24.75,3203,15022657.0,3.056397761580959e-05
2023-12-11,10:14:58,12.264,23.5,24.75,3203,15022659.0,3.056397761580959e-05
2023-12-11,10:14:58,12.2676,23.5,24.75,3204,15022659.0,3.051513180568405e-05
2023-12-11,10:14:58,12.2712,23.5,24.75,3205,15022658.0,3.046636405847287e-05
2023-12-11,10:14:58,12.2749,23.5,24.75,3204,15022658.0,3.051513180568405e-05
2023-12-11,10:14:58,12.2786,23.5,24.75,3204,15022658.0,3.051513180568405e-05
2023-12-11,10:14:58,12.2823,23.5,24.75,3204,15022658.0,3.051513180568405e-05
2023-12-11,10:14:59,12.286,23.5,24.75,3204,15022658.0,3.051513180568405e-05
2023-12-11,10:14:59,12.2896,23.5,24.75,3204,15022658.0,3.051513180568405e-05
2023-12-11,10:14:59,12.2968,23.5,24.75,3205,15022657.0,3.046636405847287e-05
2023-12-11,10:14:59,12.3004,23.5,24.75,3204,15022658.0,3.051513180568405e-05
2023-12-11,10:14:59,12.3041,23.5,24.75,3203,15022658.0,3.056397761580959e-05
2023-12-11,10:14:59,12.3078,23.5,24.75,3203,15022658.0,3.056397761580959e-05
2023-12-11,10:14:59,12.3114,23.5,24.75,3203,15022658.0,3.056397761580959e-05
2023-12-11,10:14:59,12.315,23.5,24.75,3204,15022657.0,3.051513180568405e-05
2023-12-11,10:14:59,12.3186,23.5,24.75,3204,15022658.0,3.051513180568405e-05
2023-12-11,10:14:59,12.3221,23.5,24.75,3204,15022658.0,3.051513180568405e-05
2023-12-11,10:14:59,12.3259,23.5,24.75,3204,15022659.0,3.051513180568405e-05
2023-12-11,10:14:59,12.3296,23.5,24.75,3203,15022659.0,3.056397761580959e-05
2023-12-11,10:14:59,12.3367,23.5,24.75,3203,15022659.0,3.056397761580959e-05
2023-12-11,10:14:59,12.3403,23.5,24.75,3204,15022658.0,3.051513180568405e-05
2023-12-11,10:14:59,12.3439,23.5,24.75,3205,15022658.0,3.046636405847287e-05
2023-12-11,10:14:59,12.3476,23.5,24.75,3204,15022658.0,3.051513180568405e-05
2023-12-11,10:14:59,12.3513,23.5,24.75,3203,15022658.0,3.056397761580959e-05
2023-12-11,10:14:59,12.3549,23.5,24.75,3206,15022659.0,3.041767424941981e-05
2023-12-11,10:14:59,12.3585,23.5,24.75,3207,15022659.0,3.036906225396806e-05
2023-12-11,10:14:59,12.3621,23.5,24.75,3204,15022658.0,3.051513180568405e-05
2023-12-11,10:14:59,12.3658,23.5,24.75,3203,15022657.0,3.056397761580959e-05
2023-12-11,10:14:59,12.3695,23.5,24.75,3203,15022658.0,3.056397761580959e-05
2023-12-11,10:14:59,12.3767,23.5,24.75,3203,15022657.0,3.056397761580959e-05
2023-12-11,10:14:59,12.3804,23.5,24.75,3204,15022656.0,3.051513180568405e-05
2023-12-11,10:14:59,12.384,23.5,24.75,3203,15022656.0,3.056397761580959e-05
2023-12-11,10:14:59,12.3876,23.5,24.75,3203,15022656.0,3.056397761580959e-05
2023-12-11,10:14:59,12.3913,23.5,24.75,3204,15022658.0,3.051513180568405e-05
2023-12-11,10:14:59,12.3948,23.5,24.75,3204,15022658.0,3.051513180568405e-05
2023-12-11,10:14:59,12.3984,23.5,24.75,3205,15022659.0,3.046636405847287e-05
2023-12-11,10:14:59,12.4021,23.5,24.75,3205,15022658.0,3.046636405847287e-05
2023-12-11,10:14:59,12.4059,23.5,24.75,3204,15022658.0,3.051513180568405e-05
2023-12-11,10:14:59,12.413,23.5,24.75,3204,15022657.0,3.051513180568405e-05
2023-12-11,10:14:59,12.4166,23.5,24.75,3203,15022658.0,3.056397761580959e-05
2023-12-11,10:14:59,12.4202,23.5,24.75,3202,15022657.0,3.061290161380538e-05
2023-12-11,10:14:59,12.4238,23.5,24.75,3203,15022657.0,3.056397761580959e-05
2023-12-11,10:14:59,12.4275,23.5,24.75,3204,15022657.0,3.051513180568405e-05
2023-12-11,10:14:59,12.4312,23.5,24.75,3204,15022658.0,3.051513180568405e-05
2023-12-11,10:14:59,12.4348,23.5,24.75,3204,15022658.0,3.051513180568405e-05
2023-12-11,10:14:59,12.4384,23.5,24.75,3204,15022658.0,3.051513180568405e-05
2023-12-11,10:14:59,12.4421,23.5,24.75,3204,15022658.0,3.051513180568405e-05
2023-12-11,10:14:59,12.4457,23.5,24.75,3203,15022658.0,3.056397761580959e-05
2023-12-11,10:14:59,12.453,23.5,24.75,3203,15022659.0,3.056397761580959e-05
2023-12-11,10:14:59,12.4565,23.5,24.75,3204,15022658.0,3.051513180568405e-05
2023-12-11,10:14:59,12.4601,23.5,24.75,3204,15022658.0,3.051513180568405e-05
2023-12-11,10:14:59,12.4638,23.5,24.75,3203,15022658.0,3.056397761580959e-05
2023-12-11,10:14:59,12.4676,23.5,24.75,3203,15022658.0,3.056397761580959e-05
2023-12-11,10:14:59,12.4711,23.5,24.75,3204,15022658.0,3.051513180568405e-05
2023-12-11,10:14:59,12.4747,23.5,24.75,3205,15022658.0,3.046636405847287e-05
2023-12-11,10:14:59,12.4783,23.5,24.75,3204,15022658.0,3.051513180568405e-05
2023-12-11,10:14:59,12.4819,23.5,24.75,3203,15022658.0,3.056397761580959e-05
2023-12-11,10:14:59,12.4893,23.5,24.75,3203,15022658.0,3.056397761580959e-05
2023-12-11,10:14:59,12.4929,23.5,24.75,3203,15022661.0,3.056397761580959e-05
2023-12-11,10:14:59,12.4965,23.5,24.75,3203,15022661.0,3.056397761580959e-05
2023-12-11,10:14:59,12.5002,23.5,24.75,3204,15022658.0,3.051513180568405e-05
2023-12-11,10:14:59,12.5039,23.5,24.75,3204,15022658.0,3.051513180568405e-05
2023-12-11,10:14:59,12.5075,23.5,24.75,3203,15022658.0,3.056397761580959e-05
2023-12-11,10:14:59,12.5111,23.5,24.75,3203,15022659.0,3.056397761580959e-05
2023-12-11,10:14:59,12.5147,23.5,24.75,3203,15022659.0,3.056397761580959e-05
2023-12-11,10:14:59,12.5182,23.5,24.75,3204,15022658.0,3.051513180568405e-05
2023-12-11,10:14:59,12.522,23.5,24.75,3204,15022657.0,3.051513180568405e-05
2023-12-11,10:14:59,12.5292,23.5,24.75,3204,15022657.0,3.051513180568405e-05
2023-12-11,10:14:59,12.5328,23.5,24.75,3203,15022658.0,3.056397761580959e-05
2023-12-11,10:14:59,12.5364,23.5,24.75,3203,15022658.0,3.056397761580959e-05
2023-12-11,10:14:59,12.5401,23.5,24.75,3203,15022658.0,3.056397761580959e-05
2023-12-11,10:14:59,12.5438,23.5,24.75,3203,15022658.0,3.056397761580959e-05
2023-12-11,10:14:59,12.5474,23.5,24.75,3203,15022658.0,3.056397761580959e-05
2023-12-11,10:14:59,12.551,23.5,24.75,3203,15022659.0,3.056397761580959e-05
2023-12-11,10:14:59,12.5546,23.5,24.75,3203,15022659.0,3.056397761580959e-05
2023-12-11,10:14:59,12.5582,23.5,24.75,3203,15022659.0,3.056397761580959e-05
2023-12-11,10:14:59,12.5619,23.5,24.75,3204,15022659.0,3.051513180568405e-05
2023-12-11,10:14:59,12.5692,23.5,24.75,3204,15022658.0,3.051513180568405e-05
2023-12-11,10:14:59,12.5728,23.5,24.75,3204,15022657.0,3.051513180568405e-05
2023-12-11,10:14:59,12.5764,23.5,24.75,3203,15022658.0,3.056397761580959e-05
2023-12-11,10:14:59,12.5801,23.5,24.75,3203,15022657.0,3.056397761580959e-05
2023-12-11,10:14:59,12.5838,23.5,24.75,3204,15022657.0,3.051513180568405e-05
2023-12-11,10:14:59,12.5874,23.5,24.75,3205,15022658.0,3.046636405847287e-05
2023-12-11,10:14:59,12.5908,23.5,24.75,3204,15022658.0,3.051513180568405e-05
2023-12-11,10:14:59,12.5944,23.5,24.75,3204,15022658.0,3.051513180568405e-05
2023-12-11,10:14:59,12.5981,23.5,24.75,3205,15022657.0,3.046636405847287e-05
2023-12-11,10:14:59,12.6053,23.5,24.75,3203,15022659.0,3.056397761580959e-05
2023-12-11,10:14:59,12.6089,23.5,24.75,3203,15022657.0,3.056397761580959e-05
2023-12-11,10:14:59,12.6126,23.5,24.75,3203,15022657.0,3.056397761580959e-05
2023-12-11,10:14:59,12.6163,23.5,24.75,3203,15022657.0,3.056397761580959e-05
2023-12-11,10:14:59,12.6199,23.5,24.75,3203,15022658.0,3.056397761580959e-05
2023-12-11,10:14:59,12.6235,23.5,24.75,3203,15022658.0,3.056397761580959e-05
2023-12-11,10:14:59,12.6272,23.5,24.75,3203,15022658.0,3.056397761580959e-05
2023-12-11,10:14:59,12.6309,23.5,24.75,3203,15022658.0,3.056397761580959e-05
2023-12-11,10:14:59,12.6345,23.5,24.75,3203,15022658.0,3.056397761580959e-05
2023-12-11,10:14:59,12.638,23.5,24.75,3203,15022658.0,3.056397761580959e-05
2023-12-11,10:14:59,12.6453,23.5,24.75,3203,15022657.0,3.056397761580959e-05
2023-12-11,10:14:59,12.6491,23.5,24.75,3204,15022658.0,3.051513180568405e-05
2023-12-11,10:14:59,12.6526,23.5,24.75,3204,15022658.0,3.051513180568405e-05
2023-12-11,10:14:59,12.6562,23.5,24.75,3203,15022659.0,3.056397761580959e-05
2023-12-11,10:14:59,12.6599,23.5,24.75,3203,15022658.0,3.056397761580959e-05
2023-12-11,10:14:59,12.6635,23.5,24.75,3203,15022658.0,3.056397761580959e-05
2023-12-11,10:14:59,12.6671,23.5,24.75,3203,15022658.0,3.056397761580959e-05
2023-12-11,10:14:59,12.6708,23.5,24.75,3203,15022658.0,3.056397761580959e-05
2023-12-11,10:14:59,12.6744,23.5,24.75,3203,15022659.0,3.056397761580959e-05
2023-12-11,10:14:59,12.6818,23.5,24.75,3203,15022657.0,3.056397761580959e-05
2023-12-11,10:14:59,12.6854,23.5,24.75,3203,15022658.0,3.056397761580959e-05
2023-12-11,10:14:59,12.689,23.5,24.75,3203,15022658.0,3.056397761580959e-05
2023-12-11,10:14:59,12.6926,23.5,24.75,3204,15022657.0,3.051513180568405e-05
2023-12-11,10:14:59,12.6963,23.5,24.75,3204,15022657.0,3.051513180568405e-05
2023-12-11,10:14:59,12.7,23.5,24.75,3203,15022657.0,3.056397761580959e-05
2023-12-11,10:14:59,12.7036,23.5,24.75,3203,15022658.0,3.056397761580959e-05
2023-12-11,10:14:59,12.7072,23.5,24.75,3203,15022658.0,3.056397761580959e-05
2023-12-11,10:14:59,12.7108,23.5,24.75,3203,15022658.0,3.056397761580959e-05
2023-12-11,10:14:59,12.7145,23.5,24.75,3203,15022658.0,3.056397761580959e-05
2023-12-11,10:14:59,12.7218,23.5,24.75,3203,15022658.0,3.056397761580959e-05
2023-12-11,10:14:59,12.7253,23.5,24.75,3203,15022658.0,3.056397761580959e-05
2023-12-11,10:14:59,12.7289,23.5,24.75,3203,15022658.0,3.056397761580959e-05
2023-12-11,10:14:59,12.7325,23.5,24.75,3203,15022658.0,3.056397761580959e-05
2023-12-11,10:14:59,12.7361,23.5,24.75,3204,15022657.0,3.051513180568405e-05
2023-12-11,10:14:59,12.7398,23.5,24.75,3205,15022658.0,3.046636405847287e-05
2023-12-11,10:14:59,12.7435,23.5,24.75,3205,15022658.0,3.046636405847287e-05
2023-12-11,10:14:59,12.7471,23.5,24.75,3204,15022658.0,3.051513180568405e-05
2023-12-11,10:14:59,12.7507,23.5,24.75,3203,15022657.0,3.056397761580959e-05
2023-12-11,10:14:59,12.7543,23.5,24.75,3203,15022658.0,3.056397761580959e-05
2023-12-11,10:14:59,12.7617,23.5,24.75,3202,15022657.0,3.061290161380538e-05
2023-12-11,10:14:59,12.7653,23.5,24.75,3202,15022657.0,3.061290161380538e-05
2023-12-11,10:14:59,12.7689,23.5,24.75,3202,15022657.0,3.061290161380538e-05
2023-12-11,10:14:59,12.7726,23.5,24.75,3202,15022657.0,3.061290161380538e-05
2023-12-11,10:14:59,12.7763,23.5,24.75,3203,15022657.0,3.056397761580959e-05
2023-12-11,10:14:59,12.7799,23.5,24.75,3206,15022657.0,3.041767424941981e-05
2023-12-11,10:14:59,12.7835,23.5,24.75,3206,15022658.0,3.041767424941981e-05
2023-12-11,10:14:59,12.7872,23.5,24.75,3204,15022658.0,3.051513180568405e-05
2023-12-11,10:14:59,12.7909,23.5,24.75,3204,15022659.0,3.051513180568405e-05
2023-12-11,10:14:59,12.7978,23.5,24.75,3204,15022656.0,3.051513180568405e-05
2023-12-11,10:14:59,12.8015,23.5,24.75,3203,15022657.0,3.056397761580959e-05
2023-12-11,10:14:59,12.8052,23.5,24.75,3203,15022657.0,3.056397761580959e-05
2023-12-11,10:14:59,12.8088,23.5,24.75,3204,15022656.0,3.051513180568405e-05
2023-12-11,10:14:59,12.8125,23.5,24.75,3204,15022657.0,3.051513180568405e-05
2023-12-11,10:14:59,12.8162,23.5,24.75,3203,15022657.0,3.056397761580959e-05
2023-12-11,10:14:59,12.8198,23.5,24.75,3203,15022659.0,3.056397761580959e-05
2023-12-11,10:14:59,12.8234,23.5,24.75,3204,15022658.0,3.051513180568405e-05
2023-12-11,10:14:59,12.827,23.5,24.75,3204,15022658.0,3.051513180568405e-05
2023-12-11,10:14:59,12.8307,23.5,24.75,3203,15022657.0,3.056397761580959e-05
2023-12-11,10:14:59,12.838,23.5,24.75,3202,15022659.0,3.061290161380538e-05
2023-12-11,10:14:59,12.8416,23.5,24.75,3203,15022659.0,3.056397761580959e-05
2023-12-11,10:14:59,12.8452,23.5,24.75,3204,15022659.0,3.051513180568405e-05
2023-12-11,10:14:59,12.8487,23.5,24.75,3203,15022658.0,3.056397761580959e-05
2023-12-11,10:14:59,12.8524,23.5,24.75,3203,15022658.0,3.056397761580959e-05
2023-12-11,10:14:59,12.8562,23.5,24.75,3203,15022658.0,3.056397761580959e-05
2023-12-11,10:14:59,12.8597,23.5,24.75,3203,15022658.0,3.056397761580959e-05
2023-12-11,10:14:59,12.8633,23.5,24.75,3203,15022658.0,3.056397761580959e-05
2023-12-11,10:14:59,12.867,23.5,24.75,3204,15022657.0,3.051513180568405e-05
2023-12-11,10:14:59,12.8708,23.5,24.75,3204,15022657.0,3.051513180568405e-05
2023-12-11,10:14:59,12.8779,23.5,24.75,3203,15022657.0,3.056397761580959e-05
2023-12-11,10:14:59,12.8815,23.5,24.75,3203,15022657.0,3.056397761580959e-05
2023-12-11,10:14:59,12.8851,23.5,24.75,3202,15022657.0,3.061290161380538e-05
2023-12-11,10:14:59,12.8888,23.5,24.75,3202,15022657.0,3.061290161380538e-05
2023-12-11,10:14:59,12.8925,23.5,24.75,3203,15022658.0,3.056397761580959e-05
2023-12-11,10:14:59,12.8961,23.5,24.75,3205,15022657.0,3.046636405847287e-05
2023-12-11,10:14:59,12.8998,23.5,24.75,3205,15022657.0,3.046636405847287e-05
2023-12-11,10:14:59,12.9035,23.5,24.75,3203,15022657.0,3.056397761580959e-05
2023-12-11,10:14:59,12.907,23.5,24.75,3203,15022658.0,3.056397761580959e-05
2023-12-11,10:14:59,12.9143,23.5,24.75,3204,15022656.0,3.051513180568405e-05
2023-12-11,10:14:59,12.9179,23.5,24.75,3203,15022657.0,3.056397761580959e-05
2023-12-11,10:14:59,12.9214,23.5,24.75,3203,15022658.0,3.056397761580959e-05
2023-12-11,10:14:59,12.925,23.5,24.75,3203,15022658.0,3.056397761580959e-05
2023-12-11,10:14:59,12.9286,23.5,24.75,3203,15022657.0,3.056397761580959e-05
2023-12-11,10:14:59,12.9323,23.5,24.75,3203,15022657.0,3.056397761580959e-05
2023-12-11,10:14:59,12.936,23.5,24.75,3203,15022657.0,3.056397761580959e-05
2023-12-11,10:14:59,12.9396,23.5,24.75,3204,15022656.0,3.051513180568405e-05
2023-12-11,10:14:59,12.9432,23.5,24.75,3203,15022657.0,3.056397761580959e-05
2023-12-11,10:14:59,12.9468,23.5,24.75,3202,15022658.0,3.061290161380538e-05
2023-12-11,10:14:59,12.9542,23.5,24.75,3203,15022658.0,3.056397761580959e-05
2023-12-11,10:14:59,12.9578,23.5,24.75,3204,15022657.0,3.051513180568405e-05
2023-12-11,10:14:59,12.9614,23.5,24.75,3203,15022658.0,3.056397761580959e-05
2023-12-11,10:14:59,12.965,23.5,24.75,3203,15022658.0,3.056397761580959e-05
2023-12-11,10:14:59,12.9687,23.5,24.75,3203,15022658.0,3.056397761580959e-05
2023-12-11,10:14:59,12.9724,23.5,24.75,3204,15022658.0,3.051513180568405e-05
2023-12-11,10:14:59,12.976,23.5,24.75,3205,15022658.0,3.046636405847287e-05
2023-12-11,10:14:59,12.9796,23.5,24.75,3205,15022658.0,3.046636405847287e-05
2023-12-11,10:14:59,12.9833,23.5,24.75,3204,15022658.0,3.051513180568405e-05
2023-12-11,10:14:59,12.987,23.5,24.75,3202,15022658.0,3.061290161380538e-05
2023-12-11,10:14:59,12.9941,23.5,24.75,3203,15022657.0,3.056397761580959e-05
2023-12-11,10:14:59,12.9977,23.5,24.75,3204,15022657.0,3.051513180568405e-05
2023-12-11,10:14:59,13.0013,23.5,24.75,3204,15022657.0,3.051513180568405e-05
2023-12-11,10:14:59,13.0049,23.5,24.75,3203,15022657.0,3.056397761580959e-05
2023-12-11,10:14:59,13.0085,23.5,24.75,3203,15022658.0,3.056397761580959e-05
2023-12-11,10:14:59,13.0121,23.5,24.75,3203,15022658.0,3.056397761580959e-05
2023-12-11,10:14:59,13.0158,23.5,24.75,3204,15022658.0,3.051513180568405e-05
2023-12-11,10:14:59,13.0195,23.5,24.75,3205,15022658.0,3.046636405847287e-05
2023-12-11,10:14:59,13.0231,23.5,24.75,3204,15022658.0,3.051513180568405e-05
2023-12-11,10:14:59,13.0304,23.5,24.75,3203,15022656.0,3.056397761580959e-05
2023-12-11,10:14:59,13.0341,23.5,24.75,3203,15022658.0,3.056397761580959e-05
2023-12-11,10:14:59,13.0377,23.5,24.75,3202,15022658.0,3.061290161380538e-05
2023-12-11,10:14:59,13.0412,23.5,24.75,3202,15022658.0,3.061290161380538e-05
2023-12-11,10:14:59,13.0448,23.5,24.75,3203,15022658.0,3.056397761580959e-05
2023-12-11,10:14:59,13.0485,23.5,24.75,3204,15022657.0,3.051513180568405e-05
2023-12-11,10:14:59,13.0523,23.5,24.75,3203,15022658.0,3.056397761580959e-05
2023-12-11,10:14:59,13.0558,23.5,24.75,3202,15022658.0,3.061290161380538e-05
2023-12-11,10:14:59,13.0594,23.5,24.75,3203,15022658.0,3.056397761580959e-05
2023-12-11,10:14:59,13.063,23.5,24.75,3203,15022658.0,3.056397761580959e-05
2023-12-11,10:14:59,13.0703,23.5,24.75,3203,15022659.0,3.056397761580959e-05
2023-12-11,10:14:59,13.0739,23.5,24.75,3203,15022658.0,3.056397761580959e-05
2023-12-11,10:14:59,13.0776,23.5,24.75,3204,15022658.0,3.051513180568405e-05
2023-12-11,10:14:59,13.0812,23.5,24.75,3204,15022657.0,3.051513180568405e-05
2023-12-11,10:14:59,13.0848,23.5,24.75,3204,15022658.0,3.051513180568405e-05
2023-12-11,10:14:59,13.0885,23.5,24.75,3206,15022658.0,3.041767424941981e-05
2023-12-11,10:14:59,13.0922,23.5,24.75,3206,15022658.0,3.041767424941981e-05
2023-12-11,10:14:59,13.0958,23.5,24.75,3204,15022661.0,3.051513180568405e-05
2023-12-11,10:14:59,13.0994,23.5,24.75,3203,15022662.0,3.056397761580959e-05
2023-12-11,10:14:59,13.1065,23.5,24.75,3203,15022659.0,3.056397761580959e-05
2023-12-11,10:14:59,13.1101,23.5,24.75,3202,15022657.0,3.061290161380538e-05
2023-12-11,10:14:59,13.1138,23.5,24.75,3202,15022657.0,3.061290161380538e-05
2023-12-11,10:14:59,13.1175,23.5,24.75,3202,15022658.0,3.061290161380538e-05
2023-12-11,10:14:59,13.1211,23.5,24.75,3202,15022658.0,3.061290161380538e-05
2023-12-11,10:14:59,13.1247,23.5,24.75,3203,15022658.0,3.056397761580959e-05
2023-12-11,10:14:59,13.1283,23.5,24.75,3203,15022657.0,3.056397761580959e-05
2023-12-11,10:14:59,13.132,23.5,24.75,3202,15022657.0,3.061290161380538e-05
2023-12-11,10:14:59,13.1356,23.5,24.75,3202,15022657.0,3.061290161380538e-05
2023-12-11,10:14:59,13.1392,23.5,24.75,3202,15022658.0,3.061290161380538e-05
2023-12-11,10:14:59,13.1465,23.5,24.75,3202,15022657.0,3.061290161380538e-05
2023-12-11,10:14:59,13.15,23.5,24.75,3202,15022658.0,3.061290161380538e-05
2023-12-11,10:14:59,13.1536,23.5,24.75,3202,15022657.0,3.061290161380538e-05
2023-12-11,10:14:59,13.1572,23.5,24.75,3202,15022657.0,3.061290161380538e-05
2023-12-11,10:14:59,13.1609,23.5,24.75,3203,15022658.0,3.056397761580959e-05
2023-12-11,10:14:59,13.1646,23.5,24.75,3203,15022658.0,3.056397761580959e-05
2023-12-11,10:14:59,13.1684,23.5,24.75,3203,15022658.0,3.056397761580959e-05
2023-12-11,10:14:59,13.1721,23.5,24.75,3203,15022658.0,3.056397761580959e-05
2023-12-11,10:14:59,13.1756,23.5,24.75,3202,15022658.0,3.061290161380538e-05
2023-12-11,10:14:59,13.1828,23.5,24.75,3202,15022657.0,3.061290161380538e-05
2023-12-11,10:14:59,13.1864,23.5,24.75,3203,15022658.0,3.056397761580959e-05
2023-12-11,10:14:59,13.1901,23.5,24.75,3203,15022658.0,3.056397761580959e-05
2023-12-11,10:14:59,13.1938,23.5,24.75,3203,15022658.0,3.056397761580959e-05
2023-12-11,10:14:59,13.1974,23.5,24.75,3203,15022658.0,3.056397761580959e-05
2023-12-11,10:14:59,13.201,23.5,24.75,3203,15022658.0,3.056397761580959e-05
2023-12-11,10:14:59,13.2046,23.5,24.75,3203,15022658.0,3.056397761580959e-05
2023-12-11,10:14:59,13.2082,23.5,24.75,3204,15022658.0,3.051513180568405e-05
2023-12-11,10:14:59,13.2117,23.5,24.75,3204,15022658.0,3.051513180568405e-05
2023-12-11,10:14:59,13.2153,23.5,24.75,3203,15022657.0,3.056397761580959e-05
2023-12-11,10:14:59,13.2226,23.5,24.75,3201,15022660.0,3.066190392482741e-05
2023-12-11,10:14:59,13.2262,23.5,24.75,3202,15022658.0,3.061290161380538e-05
2023-12-11,10:14:59,13.23,23.5,24.75,3203,15022657.0,3.056397761580959e-05
2023-12-11,10:14:59,13.2338,23.5,24.75,3203,15022658.0,3.056397761580959e-05
2023-12-11,10:14:59,13.2372,23.5,24.75,3203,15022658.0,3.056397761580959e-05
2023-12-11,10:14:59,13.2408,23.5,24.75,3202,15022657.0,3.061290161380538e-05
2023-12-11,10:14:59,13.2445,23.5,24.75,3202,15022658.0,3.061290161380538e-05
2023-12-11,10:14:59,13.2481,23.5,24.75,3203,15022658.0,3.056397761580959e-05
2023-12-11,10:14:59,13.2517,23.5,24.75,3203,15022657.0,3.056397761580959e-05
2023-12-11,10:14:59,13.259,23.5,24.75,3203,15022660.0,3.056397761580959e-05
2023-12-11,10:14:59,13.2627,23.5,24.75,3201,15022658.0,3.066190392482741e-05
2023-12-11,10:14:59,13.2663,23.5,24.75,3202,15022658.0,3.061290161380538e-05
2023-12-11,10:14:59,13.2699,23.5,24.75,3203,15022658.0,3.056397761580959e-05
2023-12-11,10:14:59,13.2734,23.5,24.75,3203,15022658.0,3.056397761580959e-05
2023-12-11,10:14:59,13.2772,23.5,24.75,3203,15022658.0,3.056397761580959e-05
2023-12-11,10:14:59,13.2809,23.5,24.75,3203,15022658.0,3.056397761580959e-05
2023-12-11,10:15:00,13.2844,23.5,24.75,3203,15022658.0,3.056397761580959e-05
2023-12-11,10:15:00,13.288,23.5,24.75,3203,15022658.0,3.056397761580959e-05
2023-12-11,10:15:00,13.2916,23.5,24.75,3203,15022659.0,3.056397761580959e-05
2023-12-11,10:15:00,13.2988,23.5,24.75,3204,15022658.0,3.051513180568405e-05
2023-12-11,10:15:00,13.3025,23.5,24.75,3204,15022659.0,3.051513180568405e-05
2023-12-11,10:15:00,13.3062,23.5,24.75,3202,15022658.0,3.061290161380538e-05
2023-12-11,10:15:00,13.3098,23.5,24.75,3203,15022657.0,3.056397761580959e-05
2023-12-11,10:15:00,13.3135,23.5,24.75,3203,15022658.0,3.056397761580959e-05
2023-12-11,10:15:00,13.3172,23.5,24.75,3203,15022658.0,3.056397761580959e-05
2023-12-11,10:15:00,13.3208,23.5,24.75,3203,15022658.0,3.056397761580959e-05
2023-12-11,10:15:00,13.3244,23.5,24.75,3203,15022658.0,3.056397761580959e-05
2023-12-11,10:15:00,13.328,23.5,24.75,3203,15022658.0,3.056397761580959e-05
2023-12-11,10:15:00,13.3317,23.5,24.75,3203,15022658.0,3.056397761580959e-05
2023-12-11,10:15:00,13.3388,23.5,24.75,3203,15022659.0,3.056397761580959e-05
2023-12-11,10:15:00,13.3426,23.5,24.75,3203,15022658.0,3.056397761580959e-05
2023-12-11,10:15:00,13.3461,23.5,24.75,3204,15022658.0,3.051513180568405e-05
2023-12-11,10:15:00,13.3497,23.5,24.75,3204,15022657.0,3.051513180568405e-05
2023-12-11,10:15:00,13.3533,23.5,24.75,3203,15022658.0,3.056397761580959e-05
2023-12-11,10:15:00,13.357,23.5,24.75,3204,15022658.0,3.051513180568405e-05
2023-12-11,10:15:00,13.3607,23.5,24.75,3204,15022658.0,3.051513180568405e-05
2023-12-11,10:15:00,13.3643,23.5,24.75,3203,15022659.0,3.056397761580959e-05
2023-12-11,10:15:00,13.3679,23.5,24.75,3203,15022658.0,3.056397761580959e-05
2023-12-11,10:15:00,13.3753,23.5,24.75,3202,15022659.0,3.061290161380538e-05
2023-12-11,10:15:00,13.3789,23.5,24.75,3203,15022659.0,3.056397761580959e-05
2023-12-11,10:15:00,13.3825,23.5,24.75,3203,15022659.0,3.056397761580959e-05
2023-12-11,10:15:00,13.3861,23.5,24.75,3203,15022658.0,3.056397761580959e-05
2023-12-11,10:15:00,13.3898,23.5,24.75,3204,15022657.0,3.051513180568405e-05
2023-12-11,10:15:00,13.3934,23.5,24.75,3204,15022658.0,3.051513180568405e-05
2023-12-11,10:15:00,13.397,23.5,24.75,3204,15022658.0,3.051513180568405e-05
2023-12-11,10:15:00,13.4007,23.5,24.75,3205,15022658.0,3.046636405847287e-05
2023-12-11,10:15:00,13.4044,23.5,24.75,3204,15022658.0,3.051513180568405e-05
2023-12-11,10:15:00,13.408,23.5,24.75,3206,15022660.0,3.041767424941981e-05
2023-12-11,10:15:00,13.4151,23.5,24.75,3203,15022657.0,3.056397761580959e-05
2023-12-11,10:15:00,13.4188,23.5,24.75,3204,15022657.0,3.051513180568405e-05
2023-12-11,10:15:00,13.4224,23.5,24.75,3204,15022658.0,3.051513180568405e-05
2023-12-11,10:15:00,13.4261,23.5,24.75,3204,15022658.0,3.051513180568405e-05
2023-12-11,10:15:00,13.4299,23.5,24.75,3204,15022657.0,3.051513180568405e-05
2023-12-11,10:15:00,13.4334,23.5,24.75,3204,15022658.0,3.051513180568405e-05
2023-12-11,10:15:00,13.437,23.5,24.75,3204,15022658.0,3.051513180568405e-05
2023-12-11,10:15:00,13.4406,23.5,24.75,3204,15022658.0,3.051513180568405e-05
2023-12-11,10:15:00,13.4443,23.5,24.75,3204,15022659.0,3.051513180568405e-05
2023-12-11,10:15:00,13.448,23.5,24.75,3204,15022658.0,3.051513180568405e-05
2023-12-11,10:15:00,13.4552,23.5,24.75,3205,15022660.0,3.046636405847287e-05
2023-12-11,10:15:00,13.4588,23.5,24.75,3205,15022659.0,3.046636405847287e-05
2023-12-11,10:15:00,13.4624,23.5,24.75,3206,15022659.0,3.041767424941981e-05
2023-12-11,10:15:00,13.4661,23.5,24.75,3206,15022659.0,3.041767424941981e-05
2023-12-11,10:15:00,13.4697,23.5,24.75,3206,15022658.0,3.041767424941981e-05
2023-12-11,10:15:00,13.4732,23.5,24.75,3205,15022659.0,3.046636405847287e-05
2023-12-11,10:15:00,13.477,23.5,24.75,3204,15022659.0,3.051513180568405e-05
2023-12-11,10:15:00,13.4805,23.5,24.75,3205,15022659.0,3.046636405847287e-05
2023-12-11,10:15:00,13.4843,23.5,24.75,3205,15022659.0,3.046636405847287e-05
2023-12-11,10:15:00,13.4916,23.5,24.75,3206,15022659.0,3.041767424941981e-05
2023-12-11,10:15:00,13.4951,23.5,24.75,3206,15022659.0,3.041767424941981e-05
2023-12-11,10:15:00,13.4987,23.5,24.75,3207,15022658.0,3.036906225396806e-05
2023-12-11,10:15:00,13.5024,23.5,24.75,3207,15022658.0,3.036906225396806e-05
2023-12-11,10:15:00,13.5061,23.5,24.75,3206,15022659.0,3.041767424941981e-05
2023-12-11,10:15:00,13.5097,23.5,24.75,3207,15022660.0,3.036906225396806e-05
2023-12-11,10:15:00,13.5133,23.5,24.75,3207,15022659.0,3.036906225396806e-05
2023-12-11,10:15:00,13.517,23.5,24.75,3207,15022659.0,3.036906225396806e-05
2023-12-11,10:15:00,13.5207,23.5,24.75,3207,15022658.0,3.036906225396806e-05
2023-12-11,10:15:00,13.5243,23.5,24.75,3206,15022659.0,3.041767424941981e-05
2023-12-11,10:15:00,13.5315,23.5,24.75,3207,15022658.0,3.036906225396806e-05
2023-12-11,10:15:00,13.5352,23.5,24.75,3207,15022659.0,3.036906225396806e-05
2023-12-11,10:15:00,13.5389,23.5,24.75,3207,15022660.0,3.036906225396806e-05
2023-12-11,10:15:00,13.5425,23.5,24.75,3207,15022660.0,3.036906225396806e-05
2023-12-11,10:15:00,13.5461,23.5,24.75,3207,15022659.0,3.036906225396806e-05
2023-12-11,10:15:00,13.5497,23.5,24.75,3207,15022659.0,3.036906225396806e-05
2023-12-11,10:15:00,13.5534,23.5,24.75,3207,15022660.0,3.036906225396806e-05
2023-12-11,10:15:00,13.5571,23.5,24.75,3208,15022659.0,3.032052794775979e-05
2023-12-11,10:15:00,13.5607,23.5,24.75,3209,15022659.0,3.027207120663602e-05
2023-12-11,10:15:00,13.5643,23.5,24.75,3208,15022659.0,3.032052794775979e-05
2023-12-11,10:15:00,13.5716,23.5,24.75,3208,15022660.0,3.032052794775979e-05
2023-12-11,10:15:00,13.5753,23.5,24.75,3208,15022659.0,3.032052794775979e-05
2023-12-11,10:15:00,13.5788,23.5,24.75,3209,15022659.0,3.027207120663602e-05
2023-12-11,10:15:00,13.5824,23.5,24.75,3208,15022660.0,3.032052794775979e-05
2023-12-11,10:15:00,13.586,23.5,24.75,3207,15022660.0,3.036906225396806e-05
2023-12-11,10:15:00,13.5896,23.5,24.75,3208,15022659.0,3.032052794775979e-05
2023-12-11,10:15:00,13.5932,23.5,24.75,3210,15022659.0,3.022369190663609e-05
2023-12-11,10:15:00,13.5969,23.5,24.75,3209,15022659.0,3.027207120663602e-05
2023-12-11,10:15:00,13.6006,23.5,24.75,3208,15022659.0,3.032052794775979e-05
2023-12-11,10:15:00,13.6042,23.5,24.75,3209,15022660.0,3.027207120663602e-05
2023-12-11,10:15:00,13.6116,23.5,24.75,3208,15022658.0,3.032052794775979e-05
2023-12-11,10:15:00,13.6152,23.5,24.75,3210,15022660.0,3.022369190663609e-05
2023-12-11,10:15:00,13.6188,23.5,24.75,3211,15022660.0,3.017538992399754e-05
2023-12-11,10:15:00,13.6224,23.5,24.75,3209,15022660.0,3.027207120663602e-05
2023-12-11,10:15:00,13.6261,23.5,24.75,3209,15022659.0,3.027207120663602e-05
2023-12-11,10:15:00,13.6298,23.5,24.75,3209,15022660.0,3.027207120663602e-05
2023-12-11,10:15:00,13.6334,23.5,24.75,3209,15022660.0,3.027207120663602e-05
2023-12-11,10:15:00,13.637,23.5,24.75,3209,15022659.0,3.027207120663602e-05
2023-12-11,10:15:00,13.6405,23.5,24.75,3209,15022660.0,3.027207120663602e-05
2023-12-11,10:15:00,13.6443,23.5,24.75,3209,15022659.0,3.027207120663602e-05
2023-12-11,10:15:00,13.6516,23.5,24.75,3209,15022659.0,3.027207120663602e-05
2023-12-11,10:15:00,13.6551,23.5,24.75,3209,15022659.0,3.027207120663602e-05
2023-12-11,10:15:00,13.6587,23.5,24.75,3209,15022659.0,3.027207120663602e-05
2023-12-11,10:15:00,13.6624,23.5,24.75,3210,15022659.0,3.022369190663609e-05
2023-12-11,10:15:00,13.6661,23.5,24.75,3211,15022659.0,3.017538992399754e-05
2023-12-11,10:15:00,13.6697,23.5,24.75,3210,15022659.0,3.022369190663609e-05
2023-12-11,10:15:00,13.6733,23.5,24.75,3209,15022660.0,3.027207120663602e-05
2023-12-11,10:15:00,13.6769,23.5,24.75,3209,15022659.0,3.027207120663602e-05
2023-12-11,10:15:00,13.6806,23.5,24.75,3210,15022659.0,3.022369190663609e-05
2023-12-11,10:15:00,13.6879,23.5,24.75,3210,15022660.0,3.022369190663609e-05
2023-12-11,10:15:00,13.6915,23.5,24.75,3210,15022659.0,3.022369190663609e-05
2023-12-11,10:15:00,13.6952,23.5,24.75,3210,15022659.0,3.022369190663609e-05
2023-12-11,10:15:00,13.6989,23.5,24.75,3211,15022664.0,3.017538992399754e-05
2023-12-11,10:15:00,13.7024,23.5,24.75,3211,15022664.0,3.017538992399754e-05
2023-12-11,10:15:00,13.706,23.5,24.75,3211,15022660.0,3.017538992399754e-05
2023-12-11,10:15:00,13.7098,23.5,24.75,3211,15022659.0,3.017538992399754e-05
2023-12-11,10:15:00,13.7135,23.5,24.75,3211,15022660.0,3.017538992399754e-05
2023-12-11,10:15:00,13.7171,23.5,24.75,3211,15022659.0,3.017538992399754e-05
2023-12-11,10:15:00,13.7207,23.5,24.75,3211,15022660.0,3.017538992399754e-05
2023-12-11,10:15:00,13.7278,23.5,24.75,3212,15022659.0,3.012716513515561e-05
2023-12-11,10:15:00,13.7314,23.5,24.75,3212,15022660.0,3.012716513515561e-05
2023-12-11,10:15:00,13.7351,23.5,24.75,3210,15022659.0,3.022369190663609e-05
2023-12-11,10:15:00,13.7388,23.5,24.75,3210,15022659.0,3.022369190663609e-05
2023-12-11,10:15:00,13.7424,23.5,24.75,3211,15022660.0,3.017538992399754e-05
2023-12-11,10:15:00,13.746,23.5,24.75,3212,15022660.0,3.012716513515561e-05
2023-12-11,10:15:00,13.7496,23.5,24.75,3212,15022660.0,3.012716513515561e-05
2023-12-11,10:15:00,13.7533,23.5,24.75,3211,15022661.0,3.017538992399754e-05
2023-12-11,10:15:00,13.757,23.5,24.75,3211,15022661.0,3.017538992399754e-05
2023-12-11,10:15:00,13.7606,23.5,24.75,3210,15022660.0,3.022369190663609e-05
2023-12-11,10:15:00,13.7679,23.5,24.75,3211,15022660.0,3.017538992399754e-05
2023-12-11,10:15:00,13.7716,23.5,24.75,3211,15022661.0,3.017538992399754e-05
2023-12-11,10:15:00,13.7752,23.5,24.75,3211,15022660.0,3.017538992399754e-05
2023-12-11,10:15:00,13.7788,23.5,24.75,3211,15022660.0,3.017538992399754e-05
2023-12-11,10:15:00,13.7824,23.5,24.75,3211,15022660.0,3.017538992399754e-05
2023-12-11,10:15:00,13.786,23.5,24.75,3211,15022660.0,3.017538992399754e-05
2023-12-11,10:15:00,13.7897,23.5,24.75,3212,15022660.0,3.012716513515561e-05
2023-12-11,10:15:00,13.7934,23.5,24.75,3212,15022660.0,3.012716513515561e-05
2023-12-11,10:15:00,13.7971,23.5,24.75,3212,15022659.0,3.012716513515561e-05
2023-12-11,10:15:00,13.8007,23.5,24.75,3212,15022660.0,3.012716513515561e-05
2023-12-11,10:15:00,13.808,23.5,24.75,3213,15022659.0,3.00790174167431e-05
2023-12-11,10:15:00,13.8116,23.5,24.75,3213,15022660.0,3.00790174167431e-05
2023-12-11,10:15:00,13.8151,23.5,24.75,3213,15022661.0,3.00790174167431e-05
2023-12-11,10:15:00,13.8187,23.5,24.75,3213,15022660.0,3.00790174167431e-05
2023-12-11,10:15:00,13.8224,23.5,24.75,3213,15022660.0,3.00790174167431e-05
2023-12-11,10:15:00,13.8261,23.5,24.75,3213,15022660.0,3.00790174167431e-05
2023-12-11,10:15:00,13.8297,23.5,24.75,3212,15022660.0,3.012716513515561e-05
2023-12-11,10:15:00,13.8334,23.5,24.75,3212,15022660.0,3.012716513515561e-05
2023-12-11,10:15:00,13.8372,23.5,24.75,3213,15022661.0,3.00790174167431e-05
2023-12-11,10:15:00,13.8443,23.5,24.75,3212,15022659.0,3.012716513515561e-05
2023-12-11,10:15:00,13.8479,23.5,24.75,3213,15022660.0,3.00790174167431e-05
2023-12-11,10:15:00,13.8516,23.5,24.75,3212,15022660.0,3.012716513515561e-05
2023-12-11,10:15:00,13.8553,23.5,24.75,3212,15022660.0,3.012716513515561e-05
2023-12-11,10:15:00,13.8589,23.5,24.75,3213,15022661.0,3.00790174167431e-05
2023-12-11,10:15:00,13.8625,23.5,24.75,3213,15022660.0,3.00790174167431e-05
2023-12-11,10:15:00,13.8662,23.5,24.75,3213,15022660.0,3.00790174167431e-05
2023-12-11,10:15:00,13.8698,23.5,24.75,3212,15022661.0,3.012716513515561e-05
2023-12-11,10:15:00,13.8734,23.5,24.75,3212,15022661.0,3.012716513515561e-05
2023-12-11,10:15:00,13.8771,23.5,24.75,3212,15022661.0,3.012716513515561e-05
2023-12-11,10:15:00,13.8843,23.5,24.75,3213,15022662.0,3.00790174167431e-05
2023-12-11,10:15:00,13.888,23.5,24.75,3213,15022659.0,3.00790174167431e-05
2023-12-11,10:15:00,13.8917,23.5,24.75,3213,15022660.0,3.00790174167431e-05
2023-12-11,10:15:00,13.8953,23.5,24.75,3212,15022660.0,3.012716513515561e-05
2023-12-11,10:15:00,13.8988,23.5,24.75,3212,15022660.0,3.012716513515561e-05
2023-12-11,10:15:00,13.9026,23.5,24.75,3214,15022661.0,3.003094664558989e-05
2023-12-11,10:15:00,13.9063,23.5,24.75,3214,15022661.0,3.003094664558989e-05
2023-12-11,10:15:00,13.9099,23.5,24.75,3213,15022661.0,3.00790174167431e-05
2023-12-11,10:15:00,13.9134,23.5,24.75,3213,15022661.0,3.00790174167431e-05
2023-12-11,10:15:00,13.917,23.5,24.75,3213,15022661.0,3.00790174167431e-05
2023-12-11,10:15:00,13.9244,23.5,24.75,3213,15022659.0,3.00790174167431e-05
2023-12-11,10:15:00,13.928,23.5,24.75,3217,15022659.0,2.988719478693625e-05
2023-12-11,10:15:00,13.9316,23.5,24.75,3217,15022659.0,2.988719478693625e-05
2023-12-11,10:15:00,13.9352,23.5,24.75,3214,15022659.0,3.003094664558989e-05
2023-12-11,10:15:00,13.9388,23.5,24.75,3214,15022659.0,3.003094664558989e-05
2023-12-11,10:15:00,13.9425,23.5,24.75,3214,15022660.0,3.003094664558989e-05
2023-12-11,10:15:00,13.9462,23.5,24.75,3214,15022660.0,3.003094664558989e-05
2023-12-11,10:15:00,13.9498,23.5,24.75,3214,15022660.0,3.003094664558989e-05
2023-12-11,10:15:00,13.9534,23.5,24.75,3215,15022661.0,2.99829526987228e-05
2023-12-11,10:15:00,13.957,23.5,24.75,3215,15022661.0,2.99829526987228e-05
2023-12-11,10:15:00,13.9644,23.5,24.75,3215,15022661.0,2.99829526987228e-05
2023-12-11,10:15:00,13.968,23.5,24.75,3214,15022661.0,3.003094664558989e-05
2023-12-11,10:15:00,13.9716,23.5,24.75,3214,15022660.0,3.003094664558989e-05
2023-12-11,10:15:00,13.9753,23.5,24.75,3214,15022660.0,3.003094664558989e-05
2023-12-11,10:15:00,13.979,23.5,24.75,3214,15022660.0,3.003094664558989e-05
2023-12-11,10:15:00,13.9827,23.5,24.75,3214,15022660.0,3.003094664558989e-05
2023-12-11,10:15:00,13.9863,23.5,24.75,3214,15022660.0,3.003094664558989e-05
2023-12-11,10:15:00,13.9899,23.5,24.75,3214,15022660.0,3.003094664558989e-05
2023-12-11,10:15:00,13.9936,23.5,24.75,3214,15022660.0,3.003094664558989e-05
2023-12-11,10:15:00,13.9972,23.5,24.75,3214,15022661.0,3.003094664558989e-05
2023-12-11,10:15:00,14.0043,23.5,24.75,3215,15022659.0,2.99829526987228e-05
2023-12-11,10:15:00,14.008,23.5,24.75,3215,15022660.0,2.99829526987228e-05
2023-12-11,10:15:00,14.0117,23.5,24.75,3215,15022660.0,2.99829526987228e-05
2023-12-11,10:15:00,14.0153,23.5,24.75,3215,15022660.0,2.99829526987228e-05
2023-12-11,10:15:00,14.0189,23.5,24.75,3214,15022660.0,3.003094664558989e-05
2023-12-11,10:15:00,14.0225,23.5,24.75,3215,15022660.0,2.99829526987228e-05
2023-12-11,10:15:00,14.0262,23.5,24.75,3216,15022661.0,2.993503545336507e-05
2023-12-11,10:15:00,14.0299,23.5,24.75,3215,15022661.0,2.99829526987228e-05
2023-12-11,10:15:00,14.0335,23.5,24.75,3214,15022662.0,3.003094664558989e-05
2023-12-11,10:15:00,14.0407,23.5,24.75,3215,15022660.0,2.99829526987228e-05
2023-12-11,10:15:00,14.0444,23.5,24.75,3215,15022661.0,2.99829526987228e-05
2023-12-11,10:15:00,14.0481,23.5,24.75,3215,15022661.0,2.99829526987228e-05
2023-12-11,10:15:00,14.0517,23.5,24.75,3216,15022661.0,2.993503545336507e-05
2023-12-11,10:15:00,14.0554,23.5,24.75,3216,15022661.0,2.993503545336507e-05
2023-12-11,10:15:00,14.0591,23.5,24.75,3215,15022662.0,2.99829526987228e-05
2023-12-11,10:15:00,14.0627,23.5,24.75,3216,15022662.0,2.993503545336507e-05
2023-12-11,10:15:00,14.0663,23.5,24.75,3217,15022661.0,2.988719478693625e-05
2023-12-11,10:15:00,14.0699,23.5,24.75,3216,15022661.0,2.993503545336507e-05
2023-12-11,10:15:00,14.0734,23.5,24.75,3215,15022661.0,2.99829526987228e-05
2023-12-11,10:15:00,14.0807,23.5,24.75,3214,15022662.0,3.003094664558989e-05
2023-12-11,10:15:00,14.0844,23.5,24.75,3215,15022660.0,2.99829526987228e-05
2023-12-11,10:15:00,14.088,23.5,24.75,3215,15022661.0,2.99829526987228e-05
2023-12-11,10:15:00,14.0917,23.5,24.75,3215,15022662.0,2.99829526987228e-05
2023-12-11,10:15:00,14.0955,23.5,24.75,3215,15022661.0,2.99829526987228e-05
2023-12-11,10:15:00,14.099,23.5,24.75,3215,15022661.0,2.99829526987228e-05
2023-12-11,10:15:00,14.1026,23.5,24.75,3216,15022661.0,2.993503545336507e-05
2023-12-11,10:15:00,14.1063,23.5,24.75,3217,15022661.0,2.988719478693625e-05
2023-12-11,10:15:00,14.11,23.5,24.75,3217,15022660.0,2.988719478693625e-05
2023-12-11,10:15:00,14.1136,23.5,24.75,3216,15022662.0,2.993503545336507e-05
2023-12-11,10:15:00,14.1209,23.5,24.75,3215,15022660.0,2.99829526987228e-05
2023-12-11,10:15:00,14.1246,23.5,24.75,3215,15022661.0,2.99829526987228e-05
2023-12-11,10:15:00,14.1282,23.5,24.75,3215,15022661.0,2.99829526987228e-05
2023-12-11,10:15:00,14.1318,23.5,24.75,3216,15022661.0,2.993503545336507e-05
2023-12-11,10:15:00,14.1354,23.5,24.75,3216,15022660.0,2.993503545336507e-05
2023-12-11,10:15:00,14.1391,23.5,24.75,3216,15022660.0,2.993503545336507e-05
2023-12-11,10:15:00,14.1428,23.5,24.75,3217,15022661.0,2.988719478693625e-05
2023-12-11,10:15:00,14.1464,23.5,24.75,3217,15022661.0,2.988719478693625e-05
2023-12-11,10:15:00,14.1501,23.5,24.75,3216,15022661.0,2.993503545336507e-05
2023-12-11,10:15:00,14.1538,23.5,24.75,3216,15022661.0,2.993503545336507e-05
2023-12-11,10:15:00,14.161,23.5,24.75,3217,15022662.0,2.988719478693625e-05
2023-12-11,10:15:00,14.1647,23.5,24.75,3216,15022661.0,2.993503545336507e-05
2023-12-11,10:15:00,14.1683,23.5,24.75,3216,15022661.0,2.993503545336507e-05
2023-12-11,10:15:00,14.1719,23.5,24.75,3217,15022661.0,2.988719478693625e-05
2023-12-11,10:15:00,14.1756,23.5,24.75,3217,15022661.0,2.988719478693625e-05
2023-12-11,10:15:00,14.1792,23.5,24.75,3217,15022661.0,2.988719478693625e-05
2023-12-11,10:15:00,14.1829,23.5,24.75,3217,15022662.0,2.988719478693625e-05
2023-12-11,10:15:00,14.1866,23.5,24.75,3217,15022662.0,2.988719478693625e-05
2023-12-11,10:15:00,14.1902,23.5,24.75,3217,15022661.0,2.988719478693625e-05
2023-12-11,10:15:00,14.1938,23.5,24.75,3217,15022662.0,2.988719478693625e-05
2023-12-11,10:15:00,14.2009,23.5,24.75,3217,15022661.0,2.988719478693625e-05
2023-12-11,10:15:00,14.2046,23.5,24.75,3217,15022662.0,2.988719478693625e-05
2023-12-11,10:15:00,14.2084,23.5,24.75,3216,15022661.0,2.993503545336507e-05
2023-12-11,10:15:00,14.2119,23.5,24.75,3216,15022661.0,2.993503545336507e-05
2023-12-11,10:15:00,14.2155,23.5,24.75,3217,15022662.0,2.988719478693625e-05
2023-12-11,10:15:00,14.2191,23.5,24.75,3217,15022662.0,2.988719478693625e-05
2023-12-11,10:15:00,14.2228,23.5,24.75,3217,15022662.0,2.988719478693625e-05
2023-12-11,10:15:00,14.2265,23.5,24.75,3217,15022662.0,2.988719478693625e-05
2023-12-11,10:15:00,14.2301,23.5,24.75,3216,15022662.0,2.993503545336507e-05
2023-12-11,10:15:00,14.2338,23.5,24.75,3216,15022661.0,2.993503545336507e-05
2023-12-11,10:15:00,14.2411,23.5,24.75,3218,15022662.0,2.983943057705171e-05
2023-12-11,10:15:00,14.2447,23.5,24.75,3219,15022662.0,2.97917427015225e-05
2023-12-11,10:15:00,14.2483,23.5,24.75,3218,15022662.0,2.983943057705171e-05
2023-12-11,10:15:00,14.252,23.5,24.75,3216,15022661.0,2.993503545336507e-05
2023-12-11,10:15:00,14.2557,23.5,24.75,3217,15022661.0,2.988719478693625e-05
2023-12-11,10:15:00,14.2593,23.5,24.75,3218,15022661.0,2.983943057705171e-05
2023-12-11,10:15:00,14.2629,23.5,24.75,3218,15022662.0,2.983943057705171e-05
2023-12-11,10:15:00,14.2665,23.5,24.75,3218,15022662.0,2.983943057705171e-05
2023-12-11,10:15:00,14.2702,23.5,24.75,3217,15022662.0,2.988719478693625e-05
2023-12-11,10:15:00,14.2739,23.5,24.75,3217,15022663.0,2.988719478693625e-05
2023-12-11,10:15:00,14.2811,23.5,24.75,3217,15022661.0,2.988719478693625e-05
2023-12-11,10:15:00,14.2846,23.5,24.75,3218,15022661.0,2.983943057705171e-05
2023-12-11,10:15:01,14.2884,23.5,24.75,3218,15022661.0,2.983943057705171e-05
2023-12-11,10:15:01,14.2921,23.5,24.75,3218,15022661.0,2.983943057705171e-05
2023-12-11,10:15:01,14.2956,23.5,24.75,3218,15022661.0,2.983943057705171e-05
2023-12-11,10:15:01,14.2992,23.5,24.75,3218,15022661.0,2.983943057705171e-05
2023-12-11,10:15:01,14.3029,23.5,24.75,3220,15022663.0,2.974413103835483e-05
2023-12-11,10:15:01,14.3067,23.5,24.75,3220,15022663.0,2.974413103835483e-05
2023-12-11,10:15:01,14.3102,23.5,24.75,3219,15022662.0,2.97917427015225e-05
2023-12-11,10:15:01,14.3138,23.5,24.75,3219,15022662.0,2.97917427015225e-05
2023-12-11,10:15:01,14.3212,23.5,24.75,3217,15022663.0,2.988719478693625e-05
2023-12-11,10:15:01,14.3248,23.5,24.75,3217,15022662.0,2.988719478693625e-05
2023-12-11,10:15:01,14.3284,23.5,24.75,3217,15022662.0,2.988719478693625e-05
2023-12-11,10:15:01,14.3321,23.5,24.75,3217,15022662.0,2.988719478693625e-05
2023-12-11,10:15:01,14.3358,23.5,24.75,3218,15022662.0,2.983943057705171e-05
2023-12-11,10:15:01,14.3394,23.5,24.75,3218,15022661.0,2.983943057705171e-05
2023-12-11,10:15:01,14.343,23.5,24.75,3218,15022662.0,2.983943057705171e-05
2023-12-11,10:15:01,14.3467,23.5,24.75,3220,15022663.0,2.974413103835483e-05
2023-12-11,10:15:01,14.3504,23.5,24.75,3220,15022662.0,2.974413103835483e-05
2023-12-11,10:15:01,14.354,23.5,24.75,3219,15022663.0,2.97917427015225e-05
2023-12-11,10:15:01,14.3612,23.5,24.75,3219,15022661.0,2.97917427015225e-05
2023-12-11,10:15:01,14.3649,23.5,24.75,3219,15022662.0,2.97917427015225e-05
2023-12-11,10:15:01,14.3686,23.5,24.75,3219,15022662.0,2.97917427015225e-05
2023-12-11,10:15:01,14.3722,23.5,24.75,3219,15022662.0,2.97917427015225e-05
2023-12-11,10:15:01,14.3758,23.5,24.75,3219,15022663.0,2.97917427015225e-05
2023-12-11,10:15:01,14.3794,23.5,24.75,3219,15022663.0,2.97917427015225e-05
2023-12-11,10:15:01,14.3831,23.5,24.75,3219,15022662.0,2.97917427015225e-05
2023-12-11,10:15:01,14.3868,23.5,24.75,3219,15022662.0,2.97917427015225e-05
2023-12-11,10:15:01,14.3904,23.5,24.75,3218,15022662.0,2.983943057705171e-05
2023-12-11,10:15:01,14.394,23.5,24.75,3218,15022661.0,2.983943057705171e-05
2023-12-11,10:15:01,14.4014,23.5,24.75,3220,15022662.0,2.974413103835483e-05
2023-12-11,10:15:01,14.405,23.5,24.75,3219,15022662.0,2.97917427015225e-05
2023-12-11,10:15:01,14.4085,23.5,24.75,3218,15022662.0,2.983943057705171e-05
2023-12-11,10:15:01,14.4123,23.5,24.75,3219,15022663.0,2.97917427015225e-05
2023-12-11,10:15:01,14.416,23.5,24.75,3219,15022663.0,2.97917427015225e-05
2023-12-11,10:15:01,14.4196,23.5,24.75,3219,15022662.0,2.97917427015225e-05
2023-12-11,10:15:01,14.4231,23.5,24.75,3219,15022662.0,2.97917427015225e-05
2023-12-11,10:15:01,14.4267,23.5,24.75,3218,15022662.0,2.983943057705171e-05
2023-12-11,10:15:01,14.4304,23.5,24.75,3217,15022663.0,2.988719478693625e-05
2023-12-11,10:15:01,14.4341,23.5,24.75,3218,15022663.0,2.983943057705171e-05
2023-12-11,10:15:01,14.4414,23.5,24.75,3220,15022662.0,2.974413103835483e-05
2023-12-11,10:15:01,14.4452,23.5,24.75,3220,15022663.0,2.974413103835483e-05
2023-12-11,10:15:01,14.4489,23.5,24.75,3219,15022663.0,2.97917427015225e-05
2023-12-11,10:15:01,14.4524,23.5,24.75,3219,15022664.0,2.97917427015225e-05
2023-12-11,10:15:01,14.456,23.5,24.75,3220,15022664.0,2.974413103835483e-05
2023-12-11,10:15:01,14.4597,23.5,24.75,3220,15022663.0,2.974413103835483e-05
2023-12-11,10:15:01,14.4633,23.5,24.75,3220,15022663.0,2.974413103835483e-05
2023-12-11,10:15:01,14.467,23.5,24.75,3220,15022663.0,2.974413103835483e-05
2023-12-11,10:15:01,14.4708,23.5,24.75,3220,15022662.0,2.974413103835483e-05
2023-12-11,10:15:01,14.4743,23.5,24.75,3220,15022663.0,2.974413103835483e-05
2023-12-11,10:15:01,14.4816,23.5,24.75,3219,15022664.0,2.97917427015225e-05
2023-12-11,10:15:01,14.4853,23.5,24.75,3220,15022664.0,2.974413103835483e-05
2023-12-11,10:15:01,14.4889,23.5,24.75,3219,15022664.0,2.97917427015225e-05
2023-12-11,10:15:01,14.4926,23.5,24.75,3218,15022663.0,2.983943057705171e-05
2023-12-11,10:15:01,14.4964,23.5,24.75,3219,15022663.0,2.97917427015225e-05
2023-12-11,10:15:01,14.4999,23.5,24.75,3219,15022663.0,2.97917427015225e-05
2023-12-11,10:15:01,14.5035,23.5,24.75,3221,15022661.0,2.969659546575003e-05
2023-12-11,10:15:01,14.5072,23.5,24.75,3222,15022662.0,2.964913586210391e-05
2023-12-11,10:15:01,14.5108,23.5,24.75,3220,15022663.0,2.974413103835483e-05
2023-12-11,10:15:01,14.5144,23.5,24.75,3219,15022663.0,2.97917427015225e-05
2023-12-11,10:15:01,14.5217,23.5,24.75,3220,15022661.0,2.974413103835483e-05
2023-12-11,10:15:01,14.5253,23.5,24.75,3219,15022662.0,2.97917427015225e-05
2023-12-11,10:15:01,14.529,23.5,24.75,3219,15022663.0,2.97917427015225e-05
2023-12-11,10:15:01,14.5327,23.5,24.75,3220,15022663.0,2.974413103835483e-05
2023-12-11,10:15:01,14.5363,23.5,24.75,3220,15022662.0,2.974413103835483e-05
2023-12-11,10:15:01,14.5399,23.5,24.75,3220,15022662.0,2.974413103835483e-05
2023-12-11,10:15:01,14.5436,23.5,24.75,3221,15022663.0,2.969659546575003e-05
2023-12-11,10:15:01,14.5473,23.5,24.75,3221,15022663.0,2.969659546575003e-05
2023-12-11,10:15:01,14.551,23.5,24.75,3221,15022664.0,2.969659546575003e-05
2023-12-11,10:15:01,14.5546,23.5,24.75,3221,15022663.0,2.969659546575003e-05
2023-12-11,10:15:01,14.5619,23.5,24.75,3219,15022664.0,2.97917427015225e-05
2023-12-11,10:15:01,14.5655,23.5,24.75,3219,15022663.0,2.97917427015225e-05
2023-12-11,10:15:01,14.5691,23.5,24.75,3220,15022663.0,2.974413103835483e-05
2023-12-11,10:15:01,14.5728,23.5,24.75,3220,15022663.0,2.974413103835483e-05
2023-12-11,10:15:01,14.5765,23.5,24.75,3220,15022663.0,2.974413103835483e-05
2023-12-11,10:15:01,14.5801,23.5,24.75,3220,15022663.0,2.974413103835483e-05
2023-12-11,10:15:01,14.5836,23.5,24.75,3220,15022663.0,2.974413103835483e-05
2023-12-11,10:15:01,14.5874,23.5,24.75,3221,15022663.0,2.969659546575003e-05
2023-12-11,10:15:01,14.5911,23.5,24.75,3221,15022663.0,2.969659546575003e-05
2023-12-11,10:15:01,14.5947,23.5,24.75,3220,15022663.0,2.974413103835483e-05
2023-12-11,10:15:01,14.6021,23.5,24.75,3220,15022661.0,2.974413103835483e-05
2023-12-11,10:15:01,14.6057,23.5,24.75,3220,15022662.0,2.974413103835483e-05
2023-12-11,10:15:01,14.6092,23.5,24.75,3222,15022664.0,2.964913586210391e-05
2023-12-11,10:15:01,14.613,23.5,24.75,3222,15022663.0,2.964913586210391e-05
2023-12-11,10:15:01,14.6167,23.5,24.75,3221,15022663.0,2.969659546575003e-05
2023-12-11,10:15:01,14.6203,23.5,24.75,3221,15022663.0,2.969659546575003e-05
2023-12-11,10:15:01,14.6238,23.5,24.75,3220,15022664.0,2.974413103835483e-05
2023-12-11,10:15:01,14.6276,23.5,24.75,3221,15022663.0,2.969659546575003e-05
2023-12-11,10:15:01,14.6313,23.5,24.75,3222,15022663.0,2.964913586210391e-05
2023-12-11,10:15:01,14.6348,23.5,24.75,3221,15022664.0,2.969659546575003e-05
2023-12-11,10:15:01,14.6423,23.5,24.75,3221,15022665.0,2.969659546575003e-05
2023-12-11,10:15:01,14.6459,23.5,24.75,3221,15022664.0,2.969659546575003e-05
2023-12-11,10:15:01,14.6494,23.5,24.75,3221,15022664.0,2.969659546575003e-05
2023-12-11,10:15:01,14.6532,23.5,24.75,3221,15022663.0,2.969659546575003e-05
2023-12-11,10:15:01,14.6569,23.5,24.75,3221,15022663.0,2.969659546575003e-05
2023-12-11,10:15:01,14.6604,23.5,24.75,3221,15022663.0,2.969659546575003e-05
2023-12-11,10:15:01,14.664,23.5,24.75,3222,15022664.0,2.964913586210391e-05
2023-12-11,10:15:01,14.6677,23.5,24.75,3222,15022663.0,2.964913586210391e-05
2023-12-11,10:15:01,14.6715,23.5,24.75,3221,15022664.0,2.969659546575003e-05
2023-12-11,10:15:01,14.675,23.5,24.75,3221,15022664.0,2.969659546575003e-05
2023-12-11,10:15:01,14.6822,23.5,24.75,3222,15022662.0,2.964913586210391e-05
2023-12-11,10:15:01,14.6858,23.5,24.75,3221,15022664.0,2.969659546575003e-05
2023-12-11,10:15:01,14.6895,23.5,24.75,3221,15022664.0,2.969659546575003e-05
2023-12-11,10:15:01,14.6932,23.5,24.75,3221,15022663.0,2.969659546575003e-05
2023-12-11,10:15:01,14.6968,23.5,24.75,3222,15022664.0,2.964913586210391e-05
2023-12-11,10:15:01,14.7005,23.5,24.75,3223,15022663.0,2.960175210600676e-05
2023-12-11,10:15:01,14.7042,23.5,24.75,3223,15022666.0,2.960175210600676e-05
2023-12-11,10:15:01,14.7078,23.5,24.75,3222,15022666.0,2.964913586210391e-05
2023-12-11,10:15:01,14.7115,23.5,24.75,3221,15022663.0,2.969659546575003e-05
2023-12-11,10:15:01,14.7152,23.5,24.75,3222,15022663.0,2.964913586210391e-05
2023-12-11,10:15:01,14.7188,23.5,24.75,3222,15022663.0,2.964913586210391e-05
2023-12-11,10:15:01,14.7261,23.5,24.75,3224,15022663.0,2.95544440762428e-05
2023-12-11,10:15:01,14.7298,23.5,24.75,3223,15022664.0,2.960175210600676e-05
2023-12-11,10:15:01,14.7334,23.5,24.75,3222,15022663.0,2.964913586210391e-05
2023-12-11,10:15:01,14.737,23.5,24.75,3221,15022663.0,2.969659546575003e-05
2023-12-11,10:15:01,14.7407,23.5,24.75,3222,15022664.0,2.964913586210391e-05
2023-12-11,10:15:01,14.7444,23.5,24.75,3224,15022664.0,2.95544440762428e-05
2023-12-11,10:15:01,14.748,23.5,24.75,3225,15022664.0,2.950721165179008e-05
2023-12-11,10:15:01,14.7517,23.5,24.75,3224,15022664.0,2.95544440762428e-05
2023-12-11,10:15:01,14.7554,23.5,24.75,3223,15022663.0,2.960175210600676e-05
2023-12-11,10:15:01,14.759,23.5,24.75,3223,15022663.0,2.960175210600676e-05
2023-12-11,10:15:01,14.7662,23.5,24.75,3225,15022664.0,2.950721165179008e-05
2023-12-11,10:15:01,14.7699,23.5,24.75,3225,15022664.0,2.950721165179008e-05
2023-12-11,10:15:01,14.7736,23.5,24.75,3223,15022664.0,2.960175210600676e-05
2023-12-11,10:15:01,14.7772,23.5,24.75,3223,15022664.0,2.960175210600676e-05
2023-12-11,10:15:01,14.7809,23.5,24.75,3224,15022663.0,2.95544440762428e-05
2023-12-11,10:15:01,14.7845,23.5,24.75,3225,15022664.0,2.950721165179008e-05
2023-12-11,10:15:01,14.7881,23.5,24.75,3225,15022664.0,2.950721165179008e-05
2023-12-11,10:15:01,14.7918,23.5,24.75,3224,15022664.0,2.95544440762428e-05
2023-12-11,10:15:01,14.7954,23.5,24.75,3224,15022663.0,2.95544440762428e-05
2023-12-11,10:15:01,14.7991,23.5,24.75,3224,15022664.0,2.95544440762428e-05
2023-12-11,10:15:01,14.8064,23.5,24.75,3223,15022663.0,2.960175210600676e-05
2023-12-11,10:15:01,14.81,23.5,24.75,3224,15022664.0,2.95544440762428e-05
2023-12-11,10:15:01,14.8137,23.5,24.75,3224,15022664.0,2.95544440762428e-05
2023-12-11,10:15:01,14.8174,23.5,24.75,3224,15022664.0,2.95544440762428e-05
2023-12-11,10:15:01,14.821,23.5,24.75,3224,15022663.0,2.95544440762428e-05
2023-12-11,10:15:01,14.8245,23.5,24.75,3223,15022664.0,2.960175210600676e-05
2023-12-11,10:15:01,14.8283,23.5,24.75,3224,15022665.0,2.95544440762428e-05
2023-12-11,10:15:01,14.832,23.5,24.75,3226,15022664.0,2.946005471181993e-05
2023-12-11,10:15:01,14.8356,23.5,24.75,3226,15022664.0,2.946005471181993e-05
2023-12-11,10:15:01,14.8391,23.5,24.75,3225,15022664.0,2.950721165179008e-05
2023-12-11,10:15:01,14.8464,23.5,24.75,3225,15022665.0,2.950721165179008e-05
2023-12-11,10:15:01,14.85,23.5,24.75,3224,15022664.0,2.95544440762428e-05
2023-12-11,10:15:01,14.8537,23.5,24.75,3223,15022665.0,2.960175210600676e-05
2023-12-11,10:15:01,14.8574,23.5,24.75,3224,15022665.0,2.95544440762428e-05
2023-12-11,10:15:01,14.8612,23.5,24.75,3225,15022664.0,2.950721165179008e-05
2023-12-11,10:15:01,14.8647,23.5,24.75,3224,15022663.0,2.95544440762428e-05
2023-12-11,10:15:01,14.8683,23.5,24.75,3224,15022664.0,2.95544440762428e-05
2023-12-11,10:15:01,14.8719,23.5,24.75,3226,15022664.0,2.946005471181993e-05
2023-12-11,10:15:01,14.8756,23.5,24.75,3226,15022663.0,2.946005471181993e-05
2023-12-11,10:15:01,14.8793,23.5,24.75,3225,15022664.0,2.950721165179008e-05
2023-12-11,10:15:01,14.8866,23.5,24.75,3224,15022662.0,2.95544440762428e-05
2023-12-11,10:15:01,14.8902,23.5,24.75,3224,15022663.0,2.95544440762428e-05
2023-12-11,10:15:01,14.8938,23.5,24.75,3225,15022664.0,2.950721165179008e-05
2023-12-11,10:15:01,14.8975,23.5,24.75,3224,15022665.0,2.95544440762428e-05
2023-12-11,10:15:01,14.9011,23.5,24.75,3224,15022665.0,2.95544440762428e-05
2023-12-11,10:15:01,14.9048,23.5,24.75,3225,15022661.0,2.950721165179008e-05
2023-12-11,10:15:01,14.9085,23.5,24.75,3224,15022661.0,2.95544440762428e-05
2023-12-11,10:15:01,14.9121,23.5,24.75,3224,15022664.0,2.95544440762428e-05
2023-12-11,10:15:01,14.9157,23.5,24.75,3225,15022664.0,2.950721165179008e-05
2023-12-11,10:15:01,14.9193,23.5,24.75,3225,15022664.0,2.950721165179008e-05
2023-12-11,10:15:01,14.9267,23.5,24.75,3223,15022666.0,2.960175210600676e-05
2023-12-11,10:15:01,14.9304,23.5,24.75,3224,15022664.0,2.95544440762428e-05
2023-12-11,10:15:01,14.9341,23.5,24.75,3225,15022665.0,2.950721165179008e-05
2023-12-11,10:15:01,14.9377,23.5,24.75,3226,15022665.0,2.946005471181993e-05
2023-12-11,10:15:01,14.9413,23.5,24.75,3226,15022665.0,2.946005471181993e-05
2023-12-11,10:15:01,14.945,23.5,24.75,3225,15022664.0,2.950721165179008e-05
2023-12-11,10:15:01,14.9487,23.5,24.75,3225,15022664.0,2.950721165179008e-05
2023-12-11,10:15:01,14.9523,23.5,24.75,3224,15022664.0,2.95544440762428e-05
2023-12-11,10:15:01,14.956,23.5,24.75,3224,15022663.0,2.95544440762428e-05
2023-12-11,10:15:01,14.9597,23.5,24.75,3225,15022664.0,2.950721165179008e-05
2023-12-11,10:15:01,14.9669,23.5,24.75,3225,15022663.0,2.950721165179008e-05
2023-12-11,10:15:01,14.9706,23.5,24.75,3225,15022663.0,2.950721165179008e-05
2023-12-11,10:15:01,14.9743,23.5,24.75,3227,15022664.0,2.941297313569691e-05
2023-12-11,10:15:01,14.9779,23.5,24.75,3226,15022665.0,2.946005471181993e-05
2023-12-11,10:15:01,14.9815,23.5,24.75,3224,15022664.0,2.95544440762428e-05
2023-12-11,10:15:01,14.9851,23.5,24.75,3225,15022664.0,2.950721165179008e-05
2023-12-11,10:15:01,14.9888,23.5,24.75,3225,15022664.0,2.950721165179008e-05
2023-12-11,10:15:01,14.9925,23.5,24.75,3225,15022664.0,2.950721165179008e-05
2023-12-11,10:15:01,14.9961,23.5,24.75,3224,15022664.0,2.95544440762428e-05
2023-12-11,10:15:01,14.9996,23.5,24.75,3224,15022664.0,2.95544440762428e-05
2023-12-11,10:15:01,15.0071,23.5,24.75,3225,15022665.0,2.950721165179008e-05
2023-12-11,10:15:01,15.0107,23.5,24.75,3225,15022664.0,2.950721165179008e-05
2023-12-11,10:15:01,15.0142,23.5,24.75,3225,15022664.0,2.950721165179008e-05
2023-12-11,10:15:01,15.018,23.5,24.75,3224,15022664.0,2.95544440762428e-05
2023-12-11,10:15:01,15.0217,23.5,24.75,3224,15022664.0,2.95544440762428e-05
2023-12-11,10:15:01,15.0252,23.5,24.75,3225,15022664.0,2.950721165179008e-05
2023-12-11,10:15:01,15.029,23.5,24.75,3226,15022663.0,2.946005471181993e-05
2023-12-11,10:15:01,15.0327,23.5,24.75,3226,15022664.0,2.946005471181993e-05
2023-12-11,10:15:01,15.0363,23.5,24.75,3225,15022664.0,2.950721165179008e-05
2023-12-11,10:15:01,15.0398,23.5,24.75,3225,15022665.0,2.950721165179008e-05
2023-12-11,10:15:01,15.0434,23.5,24.75,3225,15022665.0,2.950721165179008e-05
2023-12-11,10:15:01,15.0508,23.5,24.75,3226,15022664.0,2.946005471181993e-05
2023-12-11,10:15:01,15.0546,23.5,24.75,3226,15022664.0,2.946005471181993e-05
2023-12-11,10:15:01,15.0583,23.5,24.75,3225,15022664.0,2.950721165179008e-05
2023-12-11,10:15:01,15.0619,23.5,24.75,3224,15022663.0,2.95544440762428e-05
2023-12-11,10:15:01,15.0654,23.5,24.75,3224,15022664.0,2.95544440762428e-05
2023-12-11,10:15:01,15.069,23.5,24.75,3226,15022665.0,2.946005471181993e-05
2023-12-11,10:15:01,15.0727,23.5,24.75,3227,15022665.0,2.941297313569691e-05
2023-12-11,10:15:01,15.0764,23.5,24.75,3226,15022664.0,2.946005471181993e-05
2023-12-11,10:15:01,15.08,23.5,24.75,3225,15022663.0,2.950721165179008e-05
2023-12-11,10:15:01,15.0837,23.5,24.75,3225,15022664.0,2.950721165179008e-05
2023-12-11,10:15:01,15.0909,23.5,24.75,3225,15022663.0,2.950721165179008e-05
2023-12-11,10:15:01,15.0946,23.5,24.75,3225,15022665.0,2.950721165179008e-05
2023-12-11,10:15:01,15.0983,23.5,24.75,3225,15022665.0,2.950721165179008e-05
2023-12-11,10:15:01,15.102,23.5,24.75,3225,15022665.0,2.950721165179008e-05
2023-12-11,10:15:01,15.1056,23.5,24.75,3224,15022669.0,2.95544440762428e-05
2023-12-11,10:15:01,15.1092,23.5,24.75,3224,15022669.0,2.95544440762428e-05
2023-12-11,10:15:01,15.1129,23.5,24.75,3225,15022664.0,2.950721165179008e-05
2023-12-11,10:15:01,15.1166,23.5,24.75,3226,15022664.0,2.946005471181993e-05
2023-12-11,10:15:01,15.1202,23.5,24.75,3227,15022665.0,2.941297313569691e-05
2023-12-11,10:15:01,15.1238,23.5,24.75,3227,15022664.0,2.941297313569691e-05
2023-12-11,10:15:01,15.1312,23.5,24.75,3226,15022665.0,2.946005471181993e-05
2023-12-11,10:15:01,15.1348,23.5,24.75,3227,15022664.0,2.941297313569691e-05
2023-12-11,10:15:01,15.1384,23.5,24.75,3227,15022664.0,2.941297313569691e-05
2023-12-11,10:15:01,15.1421,23.5,24.75,3227,15022664.0,2.941297313569691e-05
2023-12-11,10:15:01,15.1458,23.5,24.75,3227,15022665.0,2.941297313569691e-05
2023-12-11,10:15:01,15.1494,23.5,24.75,3227,15022665.0,2.941297313569691e-05
2023-12-11,10:15:01,15.153,23.5,24.75,3227,15022664.0,2.941297313569691e-05
2023-12-11,10:15:01,15.1567,23.5,24.75,3227,15022664.0,2.941297313569691e-05
2023-12-11,10:15:01,15.1604,23.5,24.75,3227,15022664.0,2.941297313569691e-05
2023-12-11,10:15:01,15.1641,23.5,24.75,3226,15022665.0,2.946005471181993e-05
2023-12-11,10:15:01,15.1714,23.5,24.75,3225,15022663.0,2.950721165179008e-05
2023-12-11,10:15:01,15.175,23.5,24.75,3225,15022665.0,2.950721165179008e-05
2023-12-11,10:15:01,15.1787,23.5,24.75,3225,15022665.0,2.950721165179008e-05
2023-12-11,10:15:01,15.1824,23.5,24.75,3226,15022665.0,2.946005471181993e-05
2023-12-11,10:15:01,15.186,23.5,24.75,3226,15022666.0,2.946005471181993e-05
2023-12-11,10:15:01,15.1897,23.5,24.75,3226,15022664.0,2.946005471181993e-05
2023-12-11,10:15:01,15.1934,23.5,24.75,3226,15022663.0,2.946005471181993e-05
2023-12-11,10:15:01,15.197,23.5,24.75,3226,15022664.0,2.946005471181993e-05
2023-12-11,10:15:01,15.2007,23.5,24.75,3226,15022664.0,2.946005471181993e-05
2023-12-11,10:15:01,15.2044,23.5,24.75,3226,15022663.0,2.946005471181993e-05
2023-12-11,10:15:01,15.208,23.5,24.75,3227,15022665.0,2.941297313569691e-05
2023-12-11,10:15:01,15.2153,23.5,24.75,3225,15022663.0,2.950721165179008e-05
2023-12-11,10:15:01,15.219,23.5,24.75,3226,15022664.0,2.946005471181993e-05
2023-12-11,10:15:01,15.2226,23.5,24.75,3226,15022663.0,2.946005471181993e-05
2023-12-11,10:15:01,15.2262,23.5,24.75,3226,15022663.0,2.946005471181993e-05
2023-12-11,10:15:01,15.2299,23.5,24.75,3227,15022665.0,2.941297313569691e-05
2023-12-11,10:15:01,15.2336,23.5,24.75,3227,15022664.0,2.941297313569691e-05
2023-12-11,10:15:01,15.2372,23.5,24.75,3226,15022664.0,2.946005471181993e-05
2023-12-11,10:15:01,15.2409,23.5,24.75,3226,15022663.0,2.946005471181993e-05
2023-12-11,10:15:01,15.2446,23.5,24.75,3226,15022664.0,2.946005471181993e-05
2023-12-11,10:15:01,15.2482,23.5,24.75,3225,15022664.0,2.950721165179008e-05
2023-12-11,10:15:01,15.2555,23.5,24.75,3227,15022664.0,2.941297313569691e-05
2023-12-11,10:15:01,15.2592,23.5,24.75,3226,15022664.0,2.946005471181993e-05
2023-12-11,10:15:01,15.2628,23.5,24.75,3226,15022664.0,2.946005471181993e-05
2023-12-11,10:15:01,15.2664,23.5,24.75,3226,15022664.0,2.946005471181993e-05
2023-12-11,10:15:01,15.2701,23.5,24.75,3226,15022664.0,2.946005471181993e-05
2023-12-11,10:15:01,15.2738,23.5,24.75,3226,15022664.0,2.946005471181993e-05
2023-12-11,10:15:01,15.2774,23.5,24.75,3226,15022663.0,2.946005471181993e-05
2023-12-11,10:15:01,15.281,23.5,24.75,3227,15022664.0,2.941297313569691e-05
2023-12-11,10:15:02,15.2847,23.5,24.75,3228,15022665.0,2.936596680297826e-05
2023-12-11,10:15:02,15.2884,23.5,24.75,3227,15022665.0,2.941297313569691e-05
2023-12-11,10:15:02,15.292,23.5,24.75,3226,15022663.0,2.946005471181993e-05
2023-12-11,10:15:02,15.2994,23.5,24.75,3226,15022665.0,2.946005471181993e-05
2023-12-11,10:15:02,15.303,23.5,24.75,3225,15022664.0,2.950721165179008e-05
2023-12-11,10:15:02,15.3066,23.5,24.75,3226,15022659.0,2.946005471181993e-05
2023-12-11,10:15:02,15.3103,23.5,24.75,3227,15022659.0,2.941297313569691e-05
2023-12-11,10:15:02,15.314,23.5,24.75,3227,15022664.0,2.941297313569691e-05
2023-12-11,10:15:02,15.3177,23.5,24.75,3227,15022664.0,2.941297313569691e-05
2023-12-11,10:15:02,15.3214,23.5,24.75,3228,15022663.0,2.936596680297826e-05
2023-12-11,10:15:02,15.325,23.5,24.75,3228,15022663.0,2.936596680297826e-05
2023-12-11,10:15:02,15.3286,23.5,24.75,3227,15022664.0,2.941297313569691e-05
2023-12-11,10:15:02,15.3323,23.5,24.75,3227,15022665.0,2.941297313569691e-05
2023-12-11,10:15:02,15.3396,23.5,24.75,3227,15022664.0,2.941297313569691e-05
2023-12-11,10:15:02,15.3432,23.5,24.75,3228,15022664.0,2.936596680297826e-05
2023-12-11,10:15:02,15.3468,23.5,24.75,3229,15022664.0,2.931903559341381e-05
2023-12-11,10:15:02,15.3505,23.5,24.75,3228,15022665.0,2.936596680297826e-05
2023-12-11,10:15:02,15.3542,23.5,24.75,3227,15022664.0,2.941297313569691e-05
2023-12-11,10:15:02,15.3578,23.5,24.75,3229,15022663.0,2.931903559341381e-05
2023-12-11,10:15:02,15.3615,23.5,24.75,3229,15022663.0,2.931903559341381e-05
2023-12-11,10:15:02,15.3652,23.5,24.75,3228,15022663.0,2.936596680297826e-05
2023-12-11,10:15:02,15.3688,23.5,24.75,3228,15022664.0,2.936596680297826e-05
2023-12-11,10:15:02,15.3725,23.5,24.75,3228,15022663.0,2.936596680297826e-05
2023-12-11,10:15:02,15.3798,23.5,24.75,3228,15022665.0,2.936596680297826e-05
2023-12-11,10:15:02,15.3834,23.5,24.75,3229,15022664.0,2.931903559341381e-05
2023-12-11,10:15:02,15.387,23.5,24.75,3230,15022664.0,2.927217938694547e-05
2023-12-11,10:15:02,15.3907,23.5,24.75,3229,15022664.0,2.931903559341381e-05
2023-12-11,10:15:02,15.3944,23.5,24.75,3227,15022664.0,2.941297313569691e-05
2023-12-11,10:15:02,15.398,23.5,24.75,3227,15022664.0,2.941297313569691e-05
2023-12-11,10:15:02,15.4017,23.5,24.75,3228,15022664.0,2.936596680297826e-05
2023-12-11,10:15:02,15.4054,23.5,24.75,3229,15022665.0,2.931903559341381e-05
2023-12-11,10:15:02,15.4091,23.5,24.75,3229,15022664.0,2.931903559341381e-05
2023-12-11,10:15:02,15.4127,23.5,24.75,3228,15022664.0,2.936596680297826e-05
2023-12-11,10:15:02,15.4163,23.5,24.75,3227,15022664.0,2.941297313569691e-05
2023-12-11,10:15:02,15.4236,23.5,24.75,3228,15022664.0,2.936596680297826e-05
2023-12-11,10:15:02,15.4273,23.5,24.75,3229,15022664.0,2.931903559341381e-05
2023-12-11,10:15:02,15.431,23.5,24.75,3229,15022664.0,2.931903559341381e-05
2023-12-11,10:15:02,15.4347,23.5,24.75,3229,15022664.0,2.931903559341381e-05
2023-12-11,10:15:02,15.4384,23.5,24.75,3229,15022664.0,2.931903559341381e-05
2023-12-11,10:15:02,15.442,23.5,24.75,3229,15022664.0,2.931903559341381e-05
2023-12-11,10:15:02,15.4456,23.5,24.75,3229,15022664.0,2.931903559341381e-05
2023-12-11,10:15:02,15.4493,23.5,24.75,3229,15022664.0,2.931903559341381e-05
2023-12-11,10:15:02,15.453,23.5,24.75,3229,15022664.0,2.931903559341381e-05
2023-12-11,10:15:02,15.4566,23.5,24.75,3229,15022665.0,2.931903559341381e-05
2023-12-11,10:15:02,15.4639,23.5,24.75,3229,15022663.0,2.931903559341381e-05
2023-12-11,10:15:02,15.4675,23.5,24.75,3229,15022664.0,2.931903559341381e-05
2023-12-11,10:15:02,15.4711,23.5,24.75,3229,15022663.0,2.931903559341381e-05
2023-12-11,10:15:02,15.4749,23.5,24.75,3230,15022663.0,2.927217938694547e-05
2023-12-11,10:15:02,15.4786,23.5,24.75,3231,15022664.0,2.922539806370712e-05
2023-12-11,10:15:02,15.4822,23.5,24.75,3230,15022664.0,2.927217938694547e-05
2023-12-11,10:15:02,15.4858,23.5,24.75,3228,15022663.0,2.936596680297826e-05
2023-12-11,10:15:02,15.4895,23.5,24.75,3229,15022664.0,2.931903559341381e-05
2023-12-11,10:15:02,15.4932,23.5,24.75,3230,15022664.0,2.927217938694547e-05
2023-12-11,10:15:02,15.4968,23.5,24.75,3229,15022664.0,2.931903559341381e-05
2023-12-11,10:15:02,15.5042,23.5,24.75,3229,15022665.0,2.931903559341381e-05
2023-12-11,10:15:02,15.5078,23.5,24.75,3228,15022668.0,2.936596680297826e-05
2023-12-11,10:15:02,15.5114,23.5,24.75,3228,15022668.0,2.936596680297826e-05
2023-12-11,10:15:02,15.5151,23.5,24.75,3229,15022664.0,2.931903559341381e-05
2023-12-11,10:15:02,15.5188,23.5,24.75,3231,15022663.0,2.922539806370712e-05
2023-12-11,10:15:02,15.5224,23.5,24.75,3231,15022663.0,2.922539806370712e-05
2023-12-11,10:15:02,15.526,23.5,24.75,3229,15022664.0,2.931903559341381e-05
2023-12-11,10:15:02,15.5297,23.5,24.75,3229,15022664.0,2.931903559341381e-05
2023-12-11,10:15:02,15.5334,23.5,24.75,3230,15022664.0,2.927217938694547e-05
2023-12-11,10:15:02,15.537,23.5,24.75,3230,15022664.0,2.927217938694547e-05
2023-12-11,10:15:02,15.5407,23.5,24.75,3230,15022663.0,2.927217938694547e-05
2023-12-11,10:15:02,15.548,23.5,25.0,3230,15022665.0,2.927217938694547e-05
2023-12-11,10:15:02,15.5517,23.5,25.0,3228,15022663.0,2.936596680297826e-05
2023-12-11,10:15:02,15.5554,23.5,25.0,3228,15022663.0,2.936596680297826e-05
2023-12-11,10:15:02,15.559,23.5,25.0,3230,15022664.0,2.927217938694547e-05
2023-12-11,10:15:02,15.5626,23.5,25.0,3231,15022663.0,2.922539806370712e-05
2023-12-11,10:15:02,15.5663,23.5,25.0,3232,15022664.0,2.917869150402409e-05
2023-12-11,10:15:02,15.57,23.5,25.0,3233,15022664.0,2.91320595884131e-05
2023-12-11,10:15:02,15.5737,23.5,25.0,3231,15022663.0,2.922539806370712e-05
2023-12-11,10:15:02,15.5774,23.5,25.0,3229,15022664.0,2.931903559341381e-05
2023-12-11,10:15:02,15.581,23.5,25.0,3229,15022664.0,2.931903559341381e-05
2023-12-11,10:15:02,15.5883,23.5,25.0,3231,15022663.0,2.922539806370712e-05
2023-12-11,10:15:02,15.592,23.5,25.0,3230,15022664.0,2.927217938694547e-05
2023-12-11,10:15:02,15.5956,23.5,25.0,3232,15022666.0,2.917869150402409e-05
2023-12-11,10:15:02,15.5992,23.5,25.0,3232,15022666.0,2.917869150402409e-05
2023-12-11,10:15:02,15.6029,23.5,25.0,3229,15022664.0,2.931903559341381e-05
2023-12-11,10:15:02,15.6066,23.5,25.0,3230,15022664.0,2.927217938694547e-05
2023-12-11,10:15:02,15.6102,23.5,25.0,3231,15022664.0,2.922539806370712e-05
2023-12-11,10:15:02,15.6139,23.5,25.0,3231,15022664.0,2.922539806370712e-05
2023-12-11,10:15:02,15.6176,23.5,25.0,3231,15022664.0,2.922539806370712e-05
2023-12-11,10:15:02,15.6212,23.5,25.0,3230,15022664.0,2.927217938694547e-05
2023-12-11,10:15:02,15.6248,23.5,25.0,3229,15022664.0,2.931903559341381e-05
2023-12-11,10:15:02,15.6322,23.5,25.0,3231,15022663.0,2.922539806370712e-05
2023-12-11,10:15:02,15.6358,23.5,25.0,3230,15022664.0,2.927217938694547e-05
2023-12-11,10:15:02,15.6395,23.5,25.0,3229,15022664.0,2.931903559341381e-05
2023-12-11,10:15:02,15.6432,23.5,25.0,3230,15022664.0,2.927217938694547e-05
2023-12-11,10:15:02,15.6468,23.5,25.0,3231,15022664.0,2.922539806370712e-05
2023-12-11,10:15:02,15.6504,23.5,25.0,3231,15022664.0,2.922539806370712e-05
2023-12-11,10:15:02,15.6541,23.5,25.0,3231,15022664.0,2.922539806370712e-05
2023-12-11,10:15:02,15.6578,23.5,25.0,3231,15022664.0,2.922539806370712e-05
2023-12-11,10:15:02,15.6615,23.5,25.0,3230,15022664.0,2.927217938694547e-05
2023-12-11,10:15:02,15.6652,23.5,25.0,3230,15022664.0,2.927217938694547e-05
2023-12-11,10:15:02,15.6725,23.5,25.0,3232,15022664.0,2.917869150402409e-05
2023-12-11,10:15:02,15.6761,23.5,25.0,3232,15022664.0,2.917869150402409e-05
2023-12-11,10:15:02,15.6797,23.5,25.0,3231,15022663.0,2.922539806370712e-05
2023-12-11,10:15:02,15.6834,23.5,25.0,3231,15022663.0,2.922539806370712e-05
2023-12-11,10:15:02,15.6871,23.5,25.0,3231,15022663.0,2.922539806370712e-05
2023-12-11,10:15:02,15.6908,23.5,25.0,3230,15022663.0,2.927217938694547e-05
2023-12-11,10:15:02,15.6944,23.5,25.0,3230,15022663.0,2.927217938694547e-05
2023-12-11,10:15:02,15.6981,23.5,25.0,3231,15022665.0,2.922539806370712e-05
2023-12-11,10:15:02,15.7019,23.5,25.0,3232,15022664.0,2.917869150402409e-05
2023-12-11,10:15:02,15.7054,23.5,25.0,3234,15022665.0,2.908550219758169e-05
2023-12-11,10:15:02,15.709,23.5,25.0,3233,15022663.0,2.91320595884131e-05
2023-12-11,10:15:02,15.7163,23.5,25.0,3232,15022665.0,2.917869150402409e-05
2023-12-11,10:15:02,15.72,23.5,25.0,3233,15022664.0,2.91320595884131e-05
2023-12-11,10:15:02,15.7237,23.5,25.0,3233,15022664.0,2.91320595884131e-05
2023-12-11,10:15:02,15.7275,23.5,25.0,3232,15022663.0,2.917869150402409e-05
2023-12-11,10:15:02,15.731,23.5,25.0,3231,15022664.0,2.922539806370712e-05
2023-12-11,10:15:02,15.7348,23.5,25.0,3231,15022665.0,2.922539806370712e-05
2023-12-11,10:15:02,15.7385,23.5,25.0,3232,15022665.0,2.917869150402409e-05
2023-12-11,10:15:02,15.742,23.5,25.0,3232,15022665.0,2.917869150402409e-05
2023-12-11,10:15:02,15.7456,23.5,25.0,3232,15022665.0,2.917869150402409e-05
2023-12-11,10:15:02,15.7493,23.5,25.0,3233,15022665.0,2.91320595884131e-05
2023-12-11,10:15:02,15.7566,23.5,25.0,3233,15022664.0,2.91320595884131e-05
2023-12-11,10:15:02,15.7602,23.5,25.0,3233,15022664.0,2.91320595884131e-05
2023-12-11,10:15:02,15.7639,23.5,25.0,3233,15022664.0,2.91320595884131e-05
2023-12-11,10:15:02,15.7678,23.5,25.0,3234,15022663.0,2.908550219758169e-05
2023-12-11,10:15:02,15.7715,23.5,25.0,3235,15022664.0,2.903901921242816e-05
2023-12-11,10:15:02,15.7751,23.5,25.0,3235,15022664.0,2.903901921242816e-05
2023-12-11,10:15:02,15.7788,23.5,25.0,3234,15022664.0,2.908550219758169e-05
2023-12-11,10:15:02,15.7825,23.5,25.0,3234,15022665.0,2.908550219758169e-05
2023-12-11,10:15:02,15.7861,23.5,25.0,3235,15022665.0,2.903901921242816e-05
2023-12-11,10:15:02,15.7897,23.5,25.0,3235,15022664.0,2.903901921242816e-05
2023-12-11,10:15:02,15.7934,23.5,25.0,3235,15022664.0,2.903901921242816e-05
2023-12-11,10:15:02,15.8007,23.5,25.0,3234,15022663.0,2.908550219758169e-05
2023-12-11,10:15:02,15.8043,23.5,25.0,3233,15022665.0,2.91320595884131e-05
2023-12-11,10:15:02,15.808,23.5,25.0,3236,15022666.0,2.899261051404105e-05
2023-12-11,10:15:02,15.8117,23.5,25.0,3237,15022665.0,2.894627598369905e-05
2023-12-11,10:15:02,15.8153,23.5,25.0,3235,15022664.0,2.903901921242816e-05
2023-12-11,10:15:02,15.819,23.5,25.0,3235,15022664.0,2.903901921242816e-05
2023-12-11,10:15:02,15.8227,23.5,25.0,3235,15022665.0,2.903901921242816e-05
2023-12-11,10:15:02,15.8263,23.5,25.0,3235,15022665.0,2.903901921242816e-05
2023-12-11,10:15:02,15.8299,23.5,25.0,3235,15022665.0,2.903901921242816e-05
2023-12-11,10:15:02,15.8336,23.5,25.0,3235,15022664.0,2.903901921242816e-05
2023-12-11,10:15:02,15.8373,23.5,25.0,3235,15022665.0,2.903901921242816e-05
2023-12-11,10:15:02,15.8446,23.5,25.0,3236,15022664.0,2.899261051404105e-05
2023-12-11,10:15:02,15.8483,23.5,25.0,3236,15022665.0,2.899261051404105e-05
2023-12-11,10:15:02,15.8519,23.5,25.0,3235,15022665.0,2.903901921242816e-05
2023-12-11,10:15:02,15.8555,23.5,25.0,3235,15022665.0,2.903901921242816e-05
2023-12-11,10:15:02,15.8592,23.5,25.0,3236,15022665.0,2.899261051404105e-05
2023-12-11,10:15:02,15.8629,23.5,25.0,3236,15022665.0,2.899261051404105e-05
2023-12-11,10:15:02,15.8666,23.5,25.0,3235,15022665.0,2.903901921242816e-05
2023-12-11,10:15:02,15.8703,23.5,25.0,3235,15022665.0,2.903901921242816e-05
2023-12-11,10:15:02,15.874,23.5,25.0,3235,15022665.0,2.903901921242816e-05
2023-12-11,10:15:02,15.8777,23.5,25.0,3235,15022665.0,2.903901921242816e-05
2023-12-11,10:15:02,15.8849,23.5,25.0,3235,15022667.0,2.903901921242816e-05
2023-12-11,10:15:02,15.8886,23.5,25.0,3235,15022665.0,2.903901921242816e-05
2023-12-11,10:15:02,15.8923,23.5,25.0,3236,15022665.0,2.899261051404105e-05
2023-12-11,10:15:02,15.8959,23.5,25.0,3236,15022665.0,2.899261051404105e-05
2023-12-11,10:15:02,15.8995,23.5,25.0,3236,15022665.0,2.899261051404105e-05
2023-12-11,10:15:02,15.9032,23.5,25.0,3237,15022666.0,2.894627598369905e-05
2023-12-11,10:15:02,15.9069,23.5,25.0,3237,15022666.0,2.894627598369905e-05
2023-12-11,10:15:02,15.9106,23.5,25.0,3236,15022666.0,2.899261051404105e-05
2023-12-11,10:15:02,15.9143,23.5,25.0,3235,15022666.0,2.903901921242816e-05
2023-12-11,10:15:02,15.9179,23.5,25.0,3235,15022665.0,2.903901921242816e-05
2023-12-11,10:15:02,15.9215,23.5,25.0,3236,15022664.0,2.899261051404105e-05
2023-12-11,10:15:02,15.9289,23.5,25.0,3235,15022666.0,2.903901921242816e-05
2023-12-11,10:15:02,15.9325,23.5,25.0,3235,15022665.0,2.903901921242816e-05
2023-12-11,10:15:02,15.9361,23.5,25.0,3235,15022665.0,2.903901921242816e-05
2023-12-11,10:15:02,15.9398,23.5,25.0,3236,15022665.0,2.899261051404105e-05
2023-12-11,10:15:02,15.9435,23.5,25.0,3237,15022664.0,2.894627598369905e-05
2023-12-11,10:15:02,15.9472,23.5,25.0,3236,15022665.0,2.899261051404105e-05
2023-12-11,10:15:02,15.9509,23.5,25.0,3235,15022665.0,2.903901921242816e-05
2023-12-11,10:15:02,15.9545,23.5,25.0,3235,15022664.0,2.903901921242816e-05
2023-12-11,10:15:02,15.9582,23.5,25.0,3236,15022664.0,2.899261051404105e-05
2023-12-11,10:15:02,15.962,23.5,25.0,3236,15022664.0,2.899261051404105e-05
2023-12-11,10:15:02,15.9655,23.5,25.0,3236,15022664.0,2.899261051404105e-05
2023-12-11,10:15:02,15.973,23.5,25.0,3237,15022664.0,2.894627598369905e-05
2023-12-11,10:15:02,15.9765,23.5,25.0,3237,15022664.0,2.894627598369905e-05
2023-12-11,10:15:02,15.9803,23.5,25.0,3237,15022665.0,2.894627598369905e-05
2023-12-11,10:15:02,15.984,23.5,25.0,3236,15022664.0,2.899261051404105e-05
2023-12-11,10:15:02,15.9876,23.5,25.0,3236,15022664.0,2.899261051404105e-05
2023-12-11,10:15:02,15.9913,23.5,25.0,3237,15022664.0,2.894627598369905e-05
2023-12-11,10:15:02,15.995,23.5,25.0,3238,15022664.0,2.890001550287046e-05
2023-12-11,10:15:02,15.9986,23.5,25.0,3237,15022664.0,2.894627598369905e-05
2023-12-11,10:15:02,16.0023,23.5,25.0,3235,15022664.0,2.903901921242816e-05
2023-12-11,10:15:02,16.006,23.5,25.0,3236,15022665.0,2.899261051404105e-05
2023-12-11,10:15:02,16.0133,23.5,25.0,3237,15022664.0,2.894627598369905e-05
2023-12-11,10:15:02,16.017,23.5,25.0,3237,15022664.0,2.894627598369905e-05
2023-12-11,10:15:02,16.0206,23.5,25.0,3237,15022665.0,2.894627598369905e-05
2023-12-11,10:15:02,16.0243,23.5,25.0,3237,15022665.0,2.894627598369905e-05
2023-12-11,10:15:02,16.028,23.5,25.0,3237,15022664.0,2.894627598369905e-05
2023-12-11,10:15:02,16.0316,23.5,25.0,3237,15022664.0,2.894627598369905e-05
2023-12-11,10:15:02,16.0352,23.5,25.0,3237,15022665.0,2.894627598369905e-05
2023-12-11,10:15:02,16.0389,23.5,25.0,3237,15022665.0,2.894627598369905e-05
2023-12-11,10:15:02,16.0427,23.5,25.0,3236,15022665.0,2.899261051404105e-05
2023-12-11,10:15:02,16.0464,23.5,25.0,3236,15022665.0,2.899261051404105e-05
2023-12-11,10:15:02,16.05,23.5,25.0,3236,15022665.0,2.899261051404105e-05
2023-12-11,10:15:02,16.0573,23.5,25.0,3237,15022663.0,2.894627598369905e-05
2023-12-11,10:15:02,16.061,23.5,25.0,3237,15022664.0,2.894627598369905e-05
2023-12-11,10:15:02,16.0646,23.5,25.0,3237,15022665.0,2.894627598369905e-05
2023-12-11,10:15:02,16.0683,23.5,25.0,3236,15022664.0,2.899261051404105e-05
2023-12-11,10:15:02,16.072,23.5,25.0,3236,15022664.0,2.899261051404105e-05
2023-12-11,10:15:02,16.0756,23.5,25.0,3237,15022664.0,2.894627598369905e-05
2023-12-11,10:15:02,16.0792,23.5,25.0,3237,15022665.0,2.894627598369905e-05
2023-12-11,10:15:02,16.0829,23.5,25.0,3237,15022665.0,2.894627598369905e-05
2023-12-11,10:15:02,16.0866,23.5,25.0,3237,15022664.0,2.894627598369905e-05
2023-12-11,10:15:02,16.0902,23.5,25.0,3237,15022664.0,2.894627598369905e-05
2023-12-11,10:15:02,16.0939,23.5,25.0,3236,15022664.0,2.899261051404105e-05
2023-12-11,10:15:02,16.1012,23.5,25.0,3236,15022663.0,2.899261051404105e-05
2023-12-11,10:15:02,16.1049,23.5,25.0,3237,15022663.0,2.894627598369905e-05
2023-12-11,10:15:02,16.1086,23.5,25.0,3238,15022664.0,2.890001550287046e-05
2023-12-11,10:15:02,16.1124,23.5,25.0,3238,15022664.0,2.890001550287046e-05
2023-12-11,10:15:02,16.1161,23.5,25.0,3238,15022663.0,2.890001550287046e-05
2023-12-11,10:15:02,16.1196,23.5,25.0,3237,15022664.0,2.894627598369905e-05
2023-12-11,10:15:02,16.1234,23.5,25.0,3237,15022664.0,2.894627598369905e-05
2023-12-11,10:15:02,16.1271,23.5,25.0,3237,15022664.0,2.894627598369905e-05
2023-12-11,10:15:02,16.1307,23.5,25.0,3237,15022665.0,2.894627598369905e-05
2023-12-11,10:15:02,16.1344,23.5,25.0,3237,15022664.0,2.894627598369905e-05
2023-12-11,10:15:02,16.1381,23.5,25.0,3237,15022664.0,2.894627598369905e-05
2023-12-11,10:15:02,16.1455,23.5,25.0,3237,15022664.0,2.894627598369905e-05
2023-12-11,10:15:02,16.1491,23.5,25.0,3237,15022664.0,2.894627598369905e-05
2023-12-11,10:15:02,16.1527,23.5,25.0,3237,15022664.0,2.894627598369905e-05
2023-12-11,10:15:02,16.1564,23.5,25.0,3237,15022663.0,2.894627598369905e-05
2023-12-11,10:15:02,16.1601,23.5,25.0,3237,15022664.0,2.894627598369905e-05
2023-12-11,10:15:02,16.1637,23.5,25.0,3237,15022664.0,2.894627598369905e-05
2023-12-11,10:15:02,16.1674,23.5,25.0,3237,15022663.0,2.894627598369905e-05
2023-12-11,10:15:02,16.1711,23.5,25.0,3238,15022663.0,2.890001550287046e-05
2023-12-11,10:15:02,16.1748,23.5,25.0,3238,15022664.0,2.890001550287046e-05
2023-12-11,10:15:02,16.1785,23.5,25.0,3237,15022664.0,2.894627598369905e-05
2023-12-11,10:15:02,16.1821,23.5,25.0,3237,15022665.0,2.894627598369905e-05
2023-12-11,10:15:02,16.1894,23.5,25.0,3236,15022663.0,2.899261051404105e-05
2023-12-11,10:15:02,16.1931,23.5,25.0,3238,15022663.0,2.890001550287046e-05
2023-12-11,10:15:02,16.1967,23.5,25.0,3238,15022664.0,2.890001550287046e-05
2023-12-11,10:15:02,16.2004,23.5,25.0,3236,15022665.0,2.899261051404105e-05
2023-12-11,10:15:02,16.2041,23.5,25.0,3236,15022665.0,2.899261051404105e-05
2023-12-11,10:15:02,16.2078,23.5,25.0,3237,15022664.0,2.894627598369905e-05
2023-12-11,10:15:02,16.2116,23.5,25.0,3236,15022664.0,2.899261051404105e-05
2023-12-11,10:15:02,16.2151,23.5,25.0,3237,15022663.0,2.894627598369905e-05
2023-12-11,10:15:02,16.2187,23.5,25.0,3238,15022663.0,2.890001550287046e-05
2023-12-11,10:15:02,16.2224,23.5,25.0,3237,15022663.0,2.894627598369905e-05
2023-12-11,10:15:02,16.2297,23.5,25.0,3239,15022665.0,2.885382895321314e-05
2023-12-11,10:15:02,16.2334,23.5,25.0,3236,15022664.0,2.899261051404105e-05
2023-12-11,10:15:02,16.2372,23.5,25.0,3236,15022664.0,2.899261051404105e-05
2023-12-11,10:15:02,16.2409,23.5,25.0,3237,15022663.0,2.894627598369905e-05
2023-12-11,10:15:02,16.2444,23.5,25.0,3237,15022663.0,2.894627598369905e-05
2023-12-11,10:15:02,16.248,23.5,25.0,3237,15022664.0,2.894627598369905e-05
2023-12-11,10:15:02,16.2517,23.5,25.0,3237,15022664.0,2.894627598369905e-05
2023-12-11,10:15:02,16.2555,23.5,25.0,3237,15022663.0,2.894627598369905e-05
2023-12-11,10:15:02,16.2592,23.5,25.0,3237,15022664.0,2.894627598369905e-05
2023-12-11,10:15:02,16.2629,23.5,25.0,3237,15022664.0,2.894627598369905e-05
2023-12-11,10:15:02,16.2666,23.5,25.0,3237,15022663.0,2.894627598369905e-05
2023-12-11,10:15:02,16.2738,23.5,25.0,3237,15022665.0,2.894627598369905e-05
2023-12-11,10:15:02,16.2775,23.5,25.0,3236,15022664.0,2.899261051404105e-05
2023-12-11,10:15:02,16.2812,23.5,25.0,3236,15022664.0,2.899261051404105e-05
2023-12-11,10:15:02,16.2848,23.5,25.0,3237,15022664.0,2.894627598369905e-05
2023-12-11,10:15:03,16.2884,23.5,25.0,3238,15022663.0,2.890001550287046e-05
2023-12-11,10:15:03,16.2921,23.5,25.0,3239,15022664.0,2.885382895321314e-05
2023-12-11,10:15:03,16.2958,23.5,25.0,3238,15022664.0,2.890001550287046e-05
2023-12-11,10:15:03,16.2995,23.5,25.0,3237,15022664.0,2.894627598369905e-05
2023-12-11,10:15:03,16.3032,23.5,25.0,3237,15022663.0,2.894627598369905e-05
2023-12-11,10:15:03,16.3068,23.5,25.0,3237,15022664.0,2.894627598369905e-05
2023-12-11,10:15:03,16.3104,23.5,25.0,3238,15022663.0,2.890001550287046e-05
2023-12-11,10:15:03,16.3178,23.5,25.0,3237,15022665.0,2.894627598369905e-05
2023-12-11,10:15:03,16.3215,23.5,25.0,3236,15022665.0,2.899261051404105e-05
2023-12-11,10:15:03,16.3252,23.5,25.0,3236,15022664.0,2.899261051404105e-05
2023-12-11,10:15:03,16.3288,23.5,25.0,3237,15022664.0,2.894627598369905e-05
2023-12-11,10:15:03,16.3324,23.5,25.0,3237,15022663.0,2.894627598369905e-05
2023-12-11,10:15:03,16.3361,23.5,25.0,3237,15022664.0,2.894627598369905e-05
2023-12-11,10:15:03,16.3398,23.5,25.0,3237,15022663.0,2.894627598369905e-05
2023-12-11,10:15:03,16.3435,23.5,25.0,3237,15022663.0,2.894627598369905e-05
2023-12-11,10:15:03,16.3472,23.5,25.0,3237,15022664.0,2.894627598369905e-05
2023-12-11,10:15:03,16.3508,23.5,25.0,3237,15022664.0,2.894627598369905e-05
2023-12-11,10:15:03,16.3544,23.5,25.0,3237,15022663.0,2.894627598369905e-05
2023-12-11,10:15:03,16.3618,23.5,25.0,3237,15022664.0,2.894627598369905e-05
2023-12-11,10:15:03,16.3654,23.5,25.0,3237,15022664.0,2.894627598369905e-05
2023-12-11,10:15:03,16.3691,23.5,25.0,3237,15022663.0,2.894627598369905e-05
2023-12-11,10:15:03,16.3728,23.5,25.0,3237,15022663.0,2.894627598369905e-05
2023-12-11,10:15:03,16.3764,23.5,25.0,3237,15022664.0,2.894627598369905e-05
2023-12-11,10:15:03,16.3801,23.5,25.0,3237,15022663.0,2.894627598369905e-05
2023-12-11,10:15:03,16.3838,23.5,25.0,3238,15022663.0,2.890001550287046e-05
2023-12-11,10:15:03,16.3874,23.5,25.0,3238,15022663.0,2.890001550287046e-05
2023-12-11,10:15:03,16.3911,23.5,25.0,3236,15022664.0,2.899261051404105e-05
2023-12-11,10:15:03,16.3948,23.5,25.0,3235,15022664.0,2.903901921242816e-05
2023-12-11,10:15:03,16.4021,23.5,25.0,3237,15022662.0,2.894627598369905e-05
2023-12-11,10:15:03,16.4059,23.5,25.0,3238,15022663.0,2.890001550287046e-05
2023-12-11,10:15:03,16.4096,23.5,25.0,3238,15022663.0,2.890001550287046e-05
2023-12-11,10:15:03,16.4133,23.5,25.0,3238,15022663.0,2.890001550287046e-05
2023-12-11,10:15:03,16.4169,23.5,25.0,3237,15022662.0,2.894627598369905e-05
2023-12-11,10:15:03,16.4204,23.5,25.0,3237,15022663.0,2.894627598369905e-05
2023-12-11,10:15:03,16.4242,23.5,25.0,3238,15022663.0,2.890001550287046e-05
2023-12-11,10:15:03,16.4279,23.5,25.0,3238,15022662.0,2.890001550287046e-05
2023-12-11,10:15:03,16.4315,23.5,25.0,3238,15022663.0,2.890001550287046e-05
2023-12-11,10:15:03,16.4352,23.5,25.0,3236,15022664.0,2.899261051404105e-05
2023-12-11,10:15:03,16.4389,23.5,25.0,3236,15022664.0,2.899261051404105e-05
2023-12-11,10:15:03,16.4462,23.5,25.0,3238,15022662.0,2.890001550287046e-05
2023-12-11,10:15:03,16.4499,23.5,25.0,3237,15022663.0,2.894627598369905e-05
2023-12-11,10:15:03,16.4535,23.5,25.0,3237,15022664.0,2.894627598369905e-05
2023-12-11,10:15:03,16.4572,23.5,25.0,3236,15022664.0,2.899261051404105e-05
2023-12-11,10:15:03,16.4609,23.5,25.0,3236,15022663.0,2.899261051404105e-05
2023-12-11,10:15:03,16.4645,23.5,25.0,3237,15022663.0,2.894627598369905e-05
2023-12-11,10:15:03,16.4682,23.5,25.0,3237,15022663.0,2.894627598369905e-05
2023-12-11,10:15:03,16.4719,23.5,25.0,3237,15022663.0,2.894627598369905e-05
2023-12-11,10:15:03,16.4756,23.5,25.0,3237,15022664.0,2.894627598369905e-05
2023-12-11,10:15:03,16.4793,23.5,25.0,3236,15022664.0,2.899261051404105e-05
2023-12-11,10:15:03,16.483,23.5,25.0,3235,15022663.0,2.903901921242816e-05
2023-12-11,10:15:03,16.4902,23.5,25.0,3237,15022662.0,2.894627598369905e-05
2023-12-11,10:15:03,16.4939,23.5,25.0,3237,15022663.0,2.894627598369905e-05
2023-12-11,10:15:03,16.4976,23.5,25.0,3237,15022664.0,2.894627598369905e-05
2023-12-11,10:15:03,16.5013,23.5,25.0,3237,15022664.0,2.894627598369905e-05
2023-12-11,10:15:03,16.5049,23.5,25.0,3236,15022664.0,2.899261051404105e-05
2023-12-11,10:15:03,16.5085,23.5,25.0,3235,15022664.0,2.903901921242816e-05
2023-12-11,10:15:03,16.5122,23.5,25.0,3235,15022663.0,2.903901921242816e-05
2023-12-11,10:15:03,16.5159,23.5,25.0,3237,15022663.0,2.894627598369905e-05
2023-12-11,10:15:03,16.5196,23.5,25.0,3238,15022663.0,2.890001550287046e-05
2023-12-11,10:15:03,16.5234,23.5,25.0,3236,15022663.0,2.899261051404105e-05
2023-12-11,10:15:03,16.5269,23.5,25.0,3236,15022664.0,2.899261051404105e-05
2023-12-11,10:15:03,16.5342,23.5,25.0,3236,15022662.0,2.899261051404105e-05
2023-12-11,10:15:03,16.538,23.5,25.0,3237,15022663.0,2.894627598369905e-05
2023-12-11,10:15:03,16.5415,23.5,25.0,3237,15022663.0,2.894627598369905e-05
2023-12-11,10:15:03,16.5452,23.5,25.0,3236,15022664.0,2.899261051404105e-05
2023-12-11,10:15:03,16.549,23.5,25.0,3236,15022664.0,2.899261051404105e-05
2023-12-11,10:15:03,16.5525,23.5,25.0,3237,15022664.0,2.894627598369905e-05
2023-12-11,10:15:03,16.5563,23.5,25.0,3237,15022664.0,2.894627598369905e-05
2023-12-11,10:15:03,16.56,23.5,25.0,3237,15022663.0,2.894627598369905e-05
2023-12-11,10:15:03,16.5637,23.5,25.0,3237,15022663.0,2.894627598369905e-05
2023-12-11,10:15:03,16.5674,23.5,25.0,3236,15022663.0,2.899261051404105e-05
2023-12-11,10:15:03,16.571,23.5,25.0,3236,15022664.0,2.899261051404105e-05
2023-12-11,10:15:03,16.5783,23.5,25.0,3236,15022663.0,2.899261051404105e-05
2023-12-11,10:15:03,16.582,23.5,25.0,3236,15022663.0,2.899261051404105e-05
2023-12-11,10:15:03,16.5857,23.5,25.0,3236,15022663.0,2.899261051404105e-05
2023-12-11,10:15:03,16.5894,23.5,25.0,3236,15022663.0,2.899261051404105e-05
2023-12-11,10:15:03,16.593,23.5,25.0,3237,15022663.0,2.894627598369905e-05
2023-12-11,10:15:03,16.5966,23.5,25.0,3237,15022664.0,2.894627598369905e-05
2023-12-11,10:15:03,16.6003,23.5,25.0,3236,15022663.0,2.899261051404105e-05
2023-12-11,10:15:03,16.604,23.5,25.0,3237,15022661.0,2.894627598369905e-05
2023-12-11,10:15:03,16.6076,23.5,25.0,3238,15022663.0,2.890001550287046e-05
2023-12-11,10:15:03,16.6113,23.5,25.0,3237,15022664.0,2.894627598369905e-05
2023-12-11,10:15:03,16.6186,23.5,25.0,3235,15022665.0,2.903901921242816e-05
2023-12-11,10:15:03,16.6223,23.5,25.0,3236,15022664.0,2.899261051404105e-05
2023-12-11,10:15:03,16.626,23.5,25.0,3237,15022664.0,2.894627598369905e-05
2023-12-11,10:15:03,16.6296,23.5,25.0,3237,15022664.0,2.894627598369905e-05
2023-12-11,10:15:03,16.6332,23.5,25.0,3237,15022664.0,2.894627598369905e-05
2023-12-11,10:15:03,16.6369,23.5,25.0,3237,15022663.0,2.894627598369905e-05
2023-12-11,10:15:03,16.6406,23.5,25.0,3237,15022663.0,2.894627598369905e-05
2023-12-11,10:15:03,16.6443,23.5,25.0,3236,15022662.0,2.899261051404105e-05
2023-12-11,10:15:03,16.648,23.5,25.0,3236,15022662.0,2.899261051404105e-05
2023-12-11,10:15:03,16.6516,23.5,25.0,3236,15022664.0,2.899261051404105e-05
2023-12-11,10:15:03,16.6553,23.5,25.0,3235,15022663.0,2.903901921242816e-05
2023-12-11,10:15:03,16.6626,23.5,25.0,3235,15022664.0,2.903901921242816e-05
2023-12-11,10:15:03,16.6662,23.5,25.0,3235,15022663.0,2.903901921242816e-05
2023-12-11,10:15:03,16.6698,23.5,25.0,3236,15022663.0,2.899261051404105e-05
2023-12-11,10:15:03,16.6735,23.5,25.0,3236,15022664.0,2.899261051404105e-05
2023-12-11,10:15:03,16.6772,23.5,25.0,3236,15022663.0,2.899261051404105e-05
2023-12-11,10:15:03,16.6809,23.5,25.0,3237,15022663.0,2.894627598369905e-05
2023-12-11,10:15:03,16.6846,23.5,25.0,3237,15022663.0,2.894627598369905e-05
2023-12-11,10:15:03,16.6882,23.5,25.0,3237,15022663.0,2.894627598369905e-05
2023-12-11,10:15:03,16.6918,23.5,25.0,3236,15022664.0,2.899261051404105e-05
2023-12-11,10:15:03,16.6955,23.5,25.0,3235,15022664.0,2.903901921242816e-05
2023-12-11,10:15:03,16.7028,23.5,25.0,3235,15022662.0,2.903901921242816e-05
2023-12-11,10:15:03,16.7065,23.5,25.0,3235,15022663.0,2.903901921242816e-05
2023-12-11,10:15:03,16.7102,23.5,25.0,3235,15022663.0,2.903901921242816e-05
2023-12-11,10:15:03,16.714,23.5,25.0,3235,15022659.0,2.903901921242816e-05
2023-12-11,10:15:03,16.7177,23.5,25.0,3236,15022660.0,2.899261051404105e-05
2023-12-11,10:15:03,16.7212,23.5,25.0,3237,15022662.0,2.894627598369905e-05
2023-12-11,10:15:03,16.725,23.5,25.0,3235,15022662.0,2.903901921242816e-05
2023-12-11,10:15:03,16.7287,23.5,25.0,3235,15022663.0,2.903901921242816e-05
2023-12-11,10:15:03,16.7323,23.5,25.0,3236,15022663.0,2.899261051404105e-05
2023-12-11,10:15:03,16.7358,23.5,25.0,3236,15022663.0,2.899261051404105e-05
2023-12-11,10:15:03,16.7396,23.5,25.0,3236,15022663.0,2.899261051404105e-05
2023-12-11,10:15:03,16.7468,23.5,25.0,3235,15022662.0,2.903901921242816e-05
2023-12-11,10:15:03,16.7504,23.5,25.0,3236,15022663.0,2.899261051404105e-05
2023-12-11,10:15:03,16.7541,23.5,25.0,3237,15022663.0,2.894627598369905e-05
2023-12-11,10:15:03,16.7579,23.5,25.0,3236,15022664.0,2.899261051404105e-05
2023-12-11,10:15:03,16.7614,23.5,25.0,3236,15022664.0,2.899261051404105e-05
2023-12-11,10:15:03,16.7652,23.5,25.0,3237,15022663.0,2.894627598369905e-05
2023-12-11,10:15:03,16.7689,23.5,25.0,3236,15022663.0,2.899261051404105e-05
2023-12-11,10:15:03,16.7726,23.5,25.0,3236,15022662.0,2.899261051404105e-05
2023-12-11,10:15:03,16.7763,23.5,25.0,3236,15022663.0,2.899261051404105e-05
2023-12-11,10:15:03,16.7799,23.5,25.0,3236,15022663.0,2.899261051404105e-05
2023-12-11,10:15:03,16.7836,23.5,25.0,3236,15022663.0,2.899261051404105e-05
2023-12-11,10:15:03,16.7909,23.5,25.0,3237,15022661.0,2.894627598369905e-05
2023-12-11,10:15:03,16.7946,23.5,25.0,3235,15022663.0,2.903901921242816e-05
2023-12-11,10:15:03,16.7983,23.5,25.0,3235,15022662.0,2.903901921242816e-05
2023-12-11,10:15:03,16.8019,23.5,25.0,3236,15022662.0,2.899261051404105e-05
2023-12-11,10:15:03,16.8056,23.5,25.0,3237,15022663.0,2.894627598369905e-05
2023-12-11,10:15:03,16.8093,23.5,25.0,3237,15022663.0,2.894627598369905e-05
2023-12-11,10:15:03,16.813,23.5,25.0,3236,15022662.0,2.899261051404105e-05
2023-12-11,10:15:03,16.8167,23.5,25.0,3236,15022663.0,2.899261051404105e-05
2023-12-11,10:15:03,16.8204,23.5,25.0,3236,15022663.0,2.899261051404105e-05
2023-12-11,10:15:03,16.824,23.5,25.0,3235,15022662.0,2.903901921242816e-05
2023-12-11,10:15:03,16.8276,23.5,25.0,3236,15022663.0,2.899261051404105e-05
2023-12-11,10:15:03,16.835,23.5,25.0,3235,15022662.0,2.903901921242816e-05
2023-12-11,10:15:03,16.8388,23.5,25.0,3235,15022663.0,2.903901921242816e-05
2023-12-11,10:15:03,16.8423,23.5,25.0,3235,15022663.0,2.903901921242816e-05
2023-12-11,10:15:03,16.846,23.5,25.0,3236,15022663.0,2.899261051404105e-05
2023-12-11,10:15:03,16.8498,23.5,25.0,3236,15022663.0,2.899261051404105e-05
2023-12-11,10:15:03,16.8533,23.5,25.0,3236,15022663.0,2.899261051404105e-05
2023-12-11,10:15:03,16.8571,23.5,25.0,3236,15022663.0,2.899261051404105e-05
2023-12-11,10:15:03,16.8608,23.5,25.0,3236,15022662.0,2.899261051404105e-05
2023-12-11,10:15:03,16.8645,23.5,25.0,3236,15022662.0,2.899261051404105e-05
2023-12-11,10:15:03,16.8682,23.5,25.0,3234,15022663.0,2.908550219758169e-05
2023-12-11,10:15:03,16.8718,23.5,25.0,3234,15022664.0,2.908550219758169e-05
2023-12-11,10:15:03,16.8792,23.5,25.0,3236,15022661.0,2.899261051404105e-05
2023-12-11,10:15:03,16.8828,23.5,25.0,3236,15022663.0,2.899261051404105e-05
2023-12-11,10:15:03,16.8865,23.5,25.0,3237,15022662.0,2.894627598369905e-05
2023-12-11,10:15:03,16.8901,23.5,25.0,3237,15022662.0,2.894627598369905e-05
2023-12-11,10:15:03,16.8937,23.5,25.0,3236,15022662.0,2.899261051404105e-05
2023-12-11,10:15:03,16.8975,23.5,25.0,3236,15022662.0,2.899261051404105e-05
2023-12-11,10:15:03,16.9012,23.5,25.0,3236,15022662.0,2.899261051404105e-05
2023-12-11,10:15:03,16.9048,23.5,25.0,3236,15022662.0,2.899261051404105e-05
2023-12-11,10:15:03,16.9085,23.5,25.0,3236,15022663.0,2.899261051404105e-05
2023-12-11,10:15:03,16.9122,23.5,25.0,3234,15022663.0,2.908550219758169e-05
2023-12-11,10:15:03,16.9158,23.5,25.0,3235,15022664.0,2.903901921242816e-05
2023-12-11,10:15:03,16.9232,23.5,25.0,3237,15022662.0,2.894627598369905e-05
2023-12-11,10:15:03,16.9268,23.5,25.0,3237,15022663.0,2.894627598369905e-05
2023-12-11,10:15:03,16.9305,23.5,25.0,3236,15022662.0,2.899261051404105e-05
2023-12-11,10:15:03,16.9342,23.5,25.0,3235,15022662.0,2.903901921242816e-05
2023-12-11,10:15:03,16.9378,23.5,25.0,3235,15022662.0,2.903901921242816e-05
2023-12-11,10:15:03,16.9415,23.5,25.0,3236,15022662.0,2.899261051404105e-05
2023-12-11,10:15:03,16.9452,23.5,25.0,3236,15022661.0,2.899261051404105e-05
2023-12-11,10:15:03,16.949,23.5,25.0,3237,15022661.0,2.894627598369905e-05
2023-12-11,10:15:03,16.9525,23.5,25.0,3237,15022662.0,2.894627598369905e-05
2023-12-11,10:15:03,16.9561,23.5,25.0,3235,15022662.0,2.903901921242816e-05
2023-12-11,10:15:03,16.9598,23.5,25.0,3235,15022663.0,2.903901921242816e-05
2023-12-11,10:15:03,16.9671,23.5,25.0,3235,15022662.0,2.903901921242816e-05
2023-12-11,10:15:03,16.9708,23.5,25.0,3236,15022663.0,2.899261051404105e-05
2023-12-11,10:15:03,16.9746,23.5,25.0,3236,15022662.0,2.899261051404105e-05
2023-12-11,10:15:03,16.9783,23.5,25.0,3235,15022662.0,2.903901921242816e-05
2023-12-11,10:15:03,16.9819,23.5,25.0,3235,15022662.0,2.903901921242816e-05
2023-12-11,10:15:03,16.9854,23.5,25.0,3236,15022662.0,2.899261051404105e-05
2023-12-11,10:15:03,16.9892,23.5,25.0,3237,15022663.0,2.894627598369905e-05
2023-12-11,10:15:03,16.9929,23.5,25.0,3236,15022663.0,2.899261051404105e-05
2023-12-11,10:15:03,16.9964,23.5,25.0,3235,15022663.0,2.903901921242816e-05
2023-12-11,10:15:03,17.0002,23.5,25.0,3236,15022662.0,2.899261051404105e-05
2023-12-11,10:15:03,17.0075,23.5,25.0,3235,15022663.0,2.903901921242816e-05
2023-12-11,10:15:03,17.011,23.5,25.0,3235,15022662.0,2.903901921242816e-05
2023-12-11,10:15:03,17.0148,23.5,25.0,3235,15022662.0,2.903901921242816e-05
2023-12-11,10:15:03,17.0185,23.5,25.0,3235,15022663.0,2.903901921242816e-05
2023-12-11,10:15:03,17.022,23.5,25.0,3235,15022663.0,2.903901921242816e-05
2023-12-11,10:15:03,17.0258,23.5,25.0,3235,15022663.0,2.903901921242816e-05
2023-12-11,10:15:03,17.0295,23.5,25.0,3236,15022662.0,2.899261051404105e-05
2023-12-11,10:15:03,17.0332,23.5,25.0,3236,15022662.0,2.899261051404105e-05
2023-12-11,10:15:03,17.0369,23.5,25.0,3236,15022661.0,2.899261051404105e-05
2023-12-11,10:15:03,17.0405,23.5,25.0,3235,15022663.0,2.903901921242816e-05
2023-12-11,10:15:03,17.0441,23.5,25.0,3234,15022662.0,2.908550219758169e-05
2023-12-11,10:15:03,17.0515,23.5,25.0,3237,15022664.0,2.894627598369905e-05
2023-12-11,10:15:03,17.0551,23.5,25.0,3236,15022663.0,2.899261051404105e-05
2023-12-11,10:15:03,17.0588,23.5,25.0,3235,15022663.0,2.903901921242816e-05
2023-12-11,10:15:03,17.0625,23.5,25.0,3235,15022663.0,2.903901921242816e-05
2023-12-11,10:15:03,17.0662,23.5,25.0,3236,15022662.0,2.899261051404105e-05
2023-12-11,10:15:03,17.0699,23.5,25.0,3236,15022662.0,2.899261051404105e-05
2023-12-11,10:15:03,17.0735,23.5,25.0,3236,15022662.0,2.899261051404105e-05
2023-12-11,10:15:03,17.0772,23.5,25.0,3237,15022662.0,2.894627598369905e-05
2023-12-11,10:15:03,17.0809,23.5,25.0,3237,15022662.0,2.894627598369905e-05
2023-12-11,10:15:03,17.0845,23.5,25.0,3237,15022663.0,2.894627598369905e-05
2023-12-11,10:15:03,17.0881,23.5,25.0,3236,15022663.0,2.899261051404105e-05
2023-12-11,10:15:03,17.0955,23.5,25.0,3236,15022663.0,2.899261051404105e-05
2023-12-11,10:15:03,17.0991,23.5,25.0,3237,15022662.0,2.894627598369905e-05
2023-12-11,10:15:03,17.1028,23.5,25.0,3236,15022663.0,2.899261051404105e-05
2023-12-11,10:15:03,17.1065,23.5,25.0,3234,15022662.0,2.908550219758169e-05
2023-12-11,10:15:03,17.1101,23.5,25.0,3235,15022662.0,2.903901921242816e-05
2023-12-11,10:15:03,17.1138,23.5,25.0,3236,15022663.0,2.899261051404105e-05
2023-12-11,10:15:03,17.1175,23.5,25.0,3237,15022662.0,2.894627598369905e-05
2023-12-11,10:15:03,17.1212,23.5,25.0,3239,15022663.0,2.885382895321314e-05
2023-12-11,10:15:03,17.125,23.5,25.0,3237,15022663.0,2.894627598369905e-05
2023-12-11,10:15:03,17.1285,23.5,25.0,3236,15022663.0,2.899261051404105e-05
2023-12-11,10:15:03,17.1358,23.5,25.0,3235,15022662.0,2.903901921242816e-05
2023-12-11,10:15:03,17.1394,23.5,25.0,3236,15022663.0,2.899261051404105e-05
2023-12-11,10:15:03,17.1433,23.5,25.0,3236,15022663.0,2.899261051404105e-05
2023-12-11,10:15:03,17.147,23.5,25.0,3236,15022662.0,2.899261051404105e-05
2023-12-11,10:15:03,17.1506,23.5,25.0,3236,15022662.0,2.899261051404105e-05
2023-12-11,10:15:03,17.1543,23.5,25.0,3235,15022663.0,2.903901921242816e-05
2023-12-11,10:15:03,17.158,23.5,25.0,3236,15022664.0,2.899261051404105e-05
2023-12-11,10:15:03,17.1616,23.5,25.0,3237,15022663.0,2.894627598369905e-05
2023-12-11,10:15:03,17.1652,23.5,25.0,3237,15022663.0,2.894627598369905e-05
2023-12-11,10:15:03,17.1687,23.5,25.0,3239,15022662.0,2.885382895321314e-05
2023-12-11,10:15:03,17.1724,23.5,25.0,3238,15022661.0,2.890001550287046e-05
2023-12-11,10:15:03,17.1797,23.5,25.0,3235,15022661.0,2.903901921242816e-05
2023-12-11,10:15:03,17.1833,23.5,25.0,3235,15022662.0,2.903901921242816e-05
2023-12-11,10:15:03,17.187,23.5,25.0,3236,15022663.0,2.899261051404105e-05
2023-12-11,10:15:03,17.1909,23.5,25.0,3236,15022662.0,2.899261051404105e-05
2023-12-11,10:15:03,17.1946,23.5,25.0,3235,15022662.0,2.903901921242816e-05
2023-12-11,10:15:03,17.1982,23.5,25.0,3236,15022663.0,2.899261051404105e-05
2023-12-11,10:15:03,17.2018,23.5,25.0,3236,15022663.0,2.899261051404105e-05
2023-12-11,10:15:03,17.2055,23.5,25.0,3236,15022663.0,2.899261051404105e-05
2023-12-11,10:15:03,17.2092,23.5,25.0,3236,15022662.0,2.899261051404105e-05
2023-12-11,10:15:03,17.2128,23.5,25.0,3235,15022662.0,2.903901921242816e-05
2023-12-11,10:15:03,17.2165,23.5,25.0,3235,15022662.0,2.903901921242816e-05
2023-12-11,10:15:03,17.2238,23.5,25.0,3235,15022662.0,2.903901921242816e-05
2023-12-11,10:15:03,17.2275,23.5,25.0,3236,15022662.0,2.899261051404105e-05
2023-12-11,10:15:03,17.2312,23.5,25.0,3236,15022662.0,2.899261051404105e-05
2023-12-11,10:15:03,17.2348,23.5,25.0,3235,15022663.0,2.903901921242816e-05
2023-12-11,10:15:03,17.2384,23.5,25.0,3235,15022663.0,2.903901921242816e-05
2023-12-11,10:15:03,17.2421,23.5,25.0,3235,15022663.0,2.903901921242816e-05
2023-12-11,10:15:03,17.2458,23.5,25.0,3235,15022662.0,2.903901921242816e-05
2023-12-11,10:15:03,17.2495,23.5,25.0,3236,15022661.0,2.899261051404105e-05
2023-12-11,10:15:03,17.2532,23.5,25.0,3235,15022662.0,2.903901921242816e-05
2023-12-11,10:15:03,17.2568,23.5,25.0,3234,15022662.0,2.908550219758169e-05
2023-12-11,10:15:03,17.2641,23.5,25.0,3234,15022664.0,2.908550219758169e-05
2023-12-11,10:15:03,17.2678,23.5,25.0,3235,15022663.0,2.903901921242816e-05
2023-12-11,10:15:03,17.2715,23.5,25.0,3235,15022662.0,2.903901921242816e-05
2023-12-11,10:15:03,17.2752,23.5,25.0,3235,15022663.0,2.903901921242816e-05
2023-12-11,10:15:03,17.2788,23.5,25.0,3239,15022661.0,2.885382895321314e-05
2023-12-11,10:15:03,17.2824,23.5,25.0,3240,15022661.0,2.880771621657395e-05
2023-12-11,10:15:04,17.2861,23.5,25.0,3237,15022663.0,2.894627598369905e-05
2023-12-11,10:15:04,17.2898,23.5,25.0,3236,15022662.0,2.899261051404105e-05
2023-12-11,10:15:04,17.2934,23.5,25.0,3235,15022662.0,2.903901921242816e-05
2023-12-11,10:15:04,17.2971,23.5,25.0,3235,15022662.0,2.903901921242816e-05
2023-12-11,10:15:04,17.3008,23.5,25.0,3235,15022662.0,2.903901921242816e-05
2023-12-11,10:15:04,17.3081,23.5,25.0,3236,15022662.0,2.899261051404105e-05
2023-12-11,10:15:04,17.3118,23.5,25.0,3237,15022662.0,2.894627598369905e-05
2023-12-11,10:15:04,17.3154,23.5,25.0,3236,15022663.0,2.899261051404105e-05
2023-12-11,10:15:04,17.3191,23.5,25.0,3235,15022663.0,2.903901921242816e-05
2023-12-11,10:15:04,17.3227,23.5,25.0,3235,15022663.0,2.903901921242816e-05
2023-12-11,10:15:04,17.3263,23.5,25.0,3235,15022662.0,2.903901921242816e-05
2023-12-11,10:15:04,17.3301,23.5,25.0,3236,15022662.0,2.899261051404105e-05
2023-12-11,10:15:04,17.3339,23.5,25.0,3236,15022662.0,2.899261051404105e-05
2023-12-11,10:15:04,17.3376,23.5,25.0,3235,15022662.0,2.903901921242816e-05
2023-12-11,10:15:04,17.3413,23.5,25.0,3236,15022662.0,2.899261051404105e-05
2023-12-11,10:15:04,17.3449,23.5,25.0,3236,15022662.0,2.899261051404105e-05
2023-12-11,10:15:04,17.352,23.5,25.0,3236,15022663.0,2.899261051404105e-05
2023-12-11,10:15:04,17.3557,23.5,25.0,3237,15022663.0,2.894627598369905e-05
2023-12-11,10:15:04,17.3595,23.5,25.0,3236,15022663.0,2.899261051404105e-05
2023-12-11,10:15:04,17.363,23.5,25.0,3235,15022662.0,2.903901921242816e-05
2023-12-11,10:15:04,17.3668,23.5,25.0,3236,15022662.0,2.899261051404105e-05
2023-12-11,10:15:04,17.3705,23.5,25.0,3236,15022662.0,2.899261051404105e-05
2023-12-11,10:15:04,17.374,23.5,25.0,3236,15022662.0,2.899261051404105e-05
2023-12-11,10:15:04,17.3776,23.5,25.0,3236,15022662.0,2.899261051404105e-05
2023-12-11,10:15:04,17.3813,23.5,25.0,3236,15022662.0,2.899261051404105e-05
2023-12-11,10:15:04,17.3851,23.5,25.0,3236,15022663.0,2.899261051404105e-05
2023-12-11,10:15:04,17.3924,23.5,25.0,3236,15022662.0,2.899261051404105e-05
2023-12-11,10:15:04,17.3961,23.5,25.0,3237,15022662.0,2.894627598369905e-05
2023-12-11,10:15:04,17.3996,23.5,25.0,3236,15022661.0,2.899261051404105e-05
2023-12-11,10:15:04,17.4034,23.5,25.0,3235,15022662.0,2.903901921242816e-05
2023-12-11,10:15:04,17.4071,23.5,25.0,3235,15022662.0,2.903901921242816e-05
2023-12-11,10:15:04,17.4108,23.5,25.0,3235,15022662.0,2.903901921242816e-05
2023-12-11,10:15:04,17.4145,23.5,25.0,3236,15022663.0,2.899261051404105e-05
2023-12-11,10:15:04,17.4181,23.5,25.0,3237,15022663.0,2.894627598369905e-05
2023-12-11,10:15:04,17.4218,23.5,25.0,3236,15022663.0,2.899261051404105e-05
2023-12-11,10:15:04,17.4255,23.5,25.0,3236,15022661.0,2.899261051404105e-05
2023-12-11,10:15:04,17.4291,23.5,25.0,3236,15022661.0,2.899261051404105e-05
2023-12-11,10:15:04,17.4365,23.5,25.0,3236,15022661.0,2.899261051404105e-05
2023-12-11,10:15:04,17.4401,23.5,25.0,3236,15022662.0,2.899261051404105e-05
2023-12-11,10:15:04,17.4438,23.5,25.0,3236,15022663.0,2.899261051404105e-05
2023-12-11,10:15:04,17.4475,23.5,25.0,3236,15022662.0,2.899261051404105e-05
2023-12-11,10:15:04,17.4512,23.5,25.0,3236,15022662.0,2.899261051404105e-05
2023-12-11,10:15:04,17.4549,23.5,25.0,3236,15022662.0,2.899261051404105e-05
2023-12-11,10:15:04,17.4585,23.5,25.0,3236,15022662.0,2.899261051404105e-05
2023-12-11,10:15:04,17.4621,23.5,25.0,3236,15022662.0,2.899261051404105e-05
2023-12-11,10:15:04,17.4658,23.5,25.0,3236,15022663.0,2.899261051404105e-05
2023-12-11,10:15:04,17.4695,23.5,25.0,3236,15022662.0,2.899261051404105e-05
2023-12-11,10:15:04,17.4731,23.5,25.0,3236,15022662.0,2.899261051404105e-05
2023-12-11,10:15:04,17.4804,23.5,25.0,3235,15022662.0,2.903901921242816e-05
2023-12-11,10:15:04,17.4841,23.5,25.0,3236,15022662.0,2.899261051404105e-05
2023-12-11,10:15:04,17.4878,23.5,25.0,3236,15022662.0,2.899261051404105e-05
2023-12-11,10:15:04,17.4916,23.5,25.0,3237,15022661.0,2.894627598369905e-05
2023-12-11,10:15:04,17.4951,23.5,25.0,3237,15022662.0,2.894627598369905e-05
2023-12-11,10:15:04,17.4987,23.5,25.0,3236,15022663.0,2.899261051404105e-05
2023-12-11,10:15:04,17.5024,23.5,25.0,3236,15022663.0,2.899261051404105e-05
2023-12-11,10:15:04,17.5061,23.5,25.0,3236,15022662.0,2.899261051404105e-05
2023-12-11,10:15:04,17.5099,23.5,25.0,3236,15022662.0,2.899261051404105e-05
2023-12-11,10:15:04,17.5136,23.5,25.0,3235,15022662.0,2.903901921242816e-05
2023-12-11,10:15:04,17.5172,23.5,25.0,3235,15022663.0,2.903901921242816e-05
2023-12-11,10:15:04,17.5246,23.5,25.0,3235,15022661.0,2.903901921242816e-05
2023-12-11,10:15:04,17.5282,23.5,25.0,3236,15022662.0,2.899261051404105e-05
2023-12-11,10:15:04,17.5319,23.5,25.0,3236,15022662.0,2.899261051404105e-05
2023-12-11,10:15:04,17.5356,23.5,25.0,3236,15022662.0,2.899261051404105e-05
2023-12-11,10:15:04,17.5392,23.5,25.0,3236,15022662.0,2.899261051404105e-05
2023-12-11,10:15:04,17.5429,23.5,25.0,3236,15022662.0,2.899261051404105e-05
2023-12-11,10:15:04,17.5466,23.5,25.0,3236,15022662.0,2.899261051404105e-05
2023-12-11,10:15:04,17.5502,23.5,25.0,3236,15022662.0,2.899261051404105e-05
2023-12-11,10:15:04,17.5539,23.5,25.0,3236,15022662.0,2.899261051404105e-05
2023-12-11,10:15:04,17.5576,23.5,25.0,3234,15022662.0,2.908550219758169e-05
2023-12-11,10:15:04,17.5613,23.5,25.0,3234,15022664.0,2.908550219758169e-05
2023-12-11,10:15:04,17.5686,23.5,25.0,3235,15022662.0,2.903901921242816e-05
2023-12-11,10:15:04,17.5722,23.5,25.0,3236,15022662.0,2.899261051404105e-05
2023-12-11,10:15:04,17.5759,23.5,25.0,3236,15022662.0,2.899261051404105e-05
2023-12-11,10:15:04,17.5796,23.5,25.0,3235,15022663.0,2.903901921242816e-05
2023-12-11,10:15:04,17.5832,23.5,25.0,3235,15022662.0,2.903901921242816e-05
2023-12-11,10:15:04,17.5869,23.5,25.0,3236,15022662.0,2.899261051404105e-05
2023-12-11,10:15:04,17.5906,23.5,25.0,3236,15022662.0,2.899261051404105e-05
2023-12-11,10:15:04,17.5942,23.5,25.0,3236,15022662.0,2.899261051404105e-05
2023-12-11,10:15:04,17.5979,23.5,25.0,3239,15022663.0,2.885382895321314e-05
2023-12-11,10:15:04,17.6016,23.5,25.0,3238,15022662.0,2.890001550287046e-05
2023-12-11,10:15:04,17.6089,23.5,25.0,3231,15022651.0,2.922539806370712e-05
2023-12-11,10:15:04,17.6126,23.5,25.0,3234,15022649.0,2.908550219758169e-05
2023-12-11,10:15:04,17.6162,23.5,25.0,3232,15022646.0,2.917869150402409e-05
2023-12-11,10:15:04,17.6199,23.5,25.0,3228,15022643.0,2.936596680297826e-05
2023-12-11,10:15:04,17.6236,23.5,25.0,3229,15022642.0,2.931903559341381e-05
2023-12-11,10:15:04,17.6274,23.5,25.0,3230,15022639.0,2.927217938694547e-05
2023-12-11,10:15:04,17.6311,23.5,25.0,3228,15022635.0,2.936596680297826e-05
2023-12-11,10:15:04,17.6347,23.5,25.0,3231,15022637.0,2.922539806370712e-05
2023-12-11,10:15:04,17.6382,23.5,25.0,3235,15022633.0,2.903901921242816e-05
2023-12-11,10:15:04,17.642,23.5,25.0,3244,15022629.0,2.862400104373998e-05
2023-12-11,10:15:04,17.6457,23.5,25.0,3245,15022623.0,2.857825560649389e-05
2023-12-11,10:15:04,17.653,23.5,25.0,3238,15022623.0,2.890001550287046e-05
2023-12-11,10:15:04,17.6567,23.5,25.0,3229,15022618.0,2.931903559341381e-05
2023-12-11,10:15:04,17.6603,23.5,25.0,3225,15022614.0,2.950721165179008e-05
2023-12-11,10:15:04,17.6638,23.5,25.0,3226,15022614.0,2.946005471181993e-05
2023-12-11,10:15:04,17.6674,23.5,25.0,3227,15022608.0,2.941297313569691e-05
2023-12-11,10:15:04,17.6711,23.5,25.0,3231,15022603.0,2.922539806370712e-05
2023-12-11,10:15:04,17.6748,23.5,25.0,3235,15022600.0,2.903901921242816e-05
2023-12-11,10:15:04,17.6784,23.5,25.0,3234,15022596.0,2.908550219758169e-05
2023-12-11,10:15:04,17.6821,23.5,25.0,3232,15022589.0,2.917869150402409e-05
2023-12-11,10:15:04,17.6859,23.5,25.0,3233,15022582.0,2.91320595884131e-05
2023-12-11,10:15:04,17.6894,23.5,25.0,3231,15022577.0,2.922539806370712e-05
2023-12-11,10:15:04,17.6969,23.5,25.0,3229,15022571.0,2.931903559341381e-05
2023-12-11,10:15:04,17.7004,23.5,25.0,3225,15022568.0,2.950721165179008e-05
2023-12-11,10:15:04,17.704,23.5,25.0,3223,15022565.0,2.960175210600676e-05
2023-12-11,10:15:04,17.7077,23.5,25.0,3226,15022563.0,2.946005471181993e-05
2023-12-11,10:15:04,17.7115,23.5,25.0,3230,15022562.0,2.927217938694547e-05
2023-12-11,10:15:04,17.7152,23.5,25.0,3228,15022555.0,2.936596680297826e-05
2023-12-11,10:15:04,17.7189,23.5,25.0,3229,15022546.0,2.931903559341381e-05
2023-12-11,10:15:04,17.7226,23.5,25.0,3232,15022539.0,2.917869150402409e-05
2023-12-11,10:15:04,17.7263,23.5,25.0,3235,15022534.0,2.903901921242816e-05
2023-12-11,10:15:04,17.7299,23.5,25.0,3238,15022532.0,2.890001550287046e-05
2023-12-11,10:15:04,17.7372,23.5,25.0,3232,15022528.0,2.917869150402409e-05
2023-12-11,10:15:04,17.7409,23.5,25.0,3231,15022528.0,2.922539806370712e-05
2023-12-11,10:15:04,17.7445,23.5,25.0,3230,15022525.0,2.927217938694547e-05
2023-12-11,10:15:04,17.7482,23.5,25.0,3231,15022521.0,2.922539806370712e-05
2023-12-11,10:15:04,17.7519,23.5,25.0,3230,15022516.0,2.927217938694547e-05
2023-12-11,10:15:04,17.7555,23.5,25.0,3226,15022510.0,2.946005471181993e-05
2023-12-11,10:15:04,17.7591,23.5,25.0,3217,15022508.0,2.988719478693625e-05
2023-12-11,10:15:04,17.7627,23.5,25.0,3211,15022506.0,3.017538992399754e-05
2023-12-11,10:15:04,17.7662,23.5,25.0,3213,15022508.0,3.00790174167431e-05
2023-12-11,10:15:04,17.7698,23.5,25.0,3216,15022506.0,2.993503545336507e-05
2023-12-11,10:15:04,17.7772,23.5,25.0,3212,15022505.0,3.012716513515561e-05
2023-12-11,10:15:04,17.7808,23.5,25.0,3218,15022505.0,2.983943057705171e-05
2023-12-11,10:15:04,17.7844,23.5,25.0,3222,15022502.0,2.964913586210391e-05
2023-12-11,10:15:04,17.7881,23.5,25.0,3215,15022500.0,2.99829526987228e-05
2023-12-11,10:15:04,17.7918,23.5,25.0,3209,15022499.0,3.027207120663602e-05
2023-12-11,10:15:04,17.7954,23.5,25.0,3206,15022500.0,3.041767424941981e-05
2023-12-11,10:15:04,17.799,23.5,25.0,3210,15022501.0,3.022369190663609e-05
2023-12-11,10:15:04,17.8026,23.5,25.0,3213,15022502.0,3.00790174167431e-05
2023-12-11,10:15:04,17.8062,23.5,25.0,3212,15022502.0,3.012716513515561e-05
2023-12-11,10:15:04,17.8099,23.5,25.0,3213,15022503.0,3.00790174167431e-05
2023-12-11,10:15:04,17.8172,23.5,25.0,3205,15022497.0,3.046636405847287e-05
2023-12-11,10:15:04,17.8208,23.5,25.0,3207,15022498.0,3.036906225396806e-05
2023-12-11,10:15:04,17.8244,23.5,25.0,3208,15022498.0,3.032052794775979e-05
2023-12-11,10:15:04,17.8281,23.5,25.0,3209,15022499.0,3.027207120663602e-05
2023-12-11,10:15:04,17.8318,23.5,25.0,3211,15022500.0,3.017538992399754e-05
2023-12-11,10:15:04,17.8354,23.5,25.0,3212,15022500.0,3.012716513515561e-05
2023-12-11,10:15:04,17.8389,23.5,25.0,3213,15022499.0,3.00790174167431e-05
2023-12-11,10:15:04,17.8425,23.5,25.0,3211,15022499.0,3.017538992399754e-05
2023-12-11,10:15:04,17.8462,23.5,25.0,3209,15022501.0,3.027207120663602e-05
2023-12-11,10:15:04,17.85,23.5,25.0,3206,15022502.0,3.041767424941981e-05
2023-12-11,10:15:04,17.8571,23.5,25.0,3199,15022493.0,3.076014398757577e-05
2023-12-11,10:15:04,17.8607,23.5,25.0,3202,15022497.0,3.061290161380538e-05
2023-12-11,10:15:04,17.8643,23.5,25.0,3201,15022501.0,3.066190392482741e-05
2023-12-11,10:15:04,17.8679,23.5,25.0,3201,15022498.0,3.066190392482741e-05
2023-12-11,10:15:04,17.8716,23.5,25.0,3202,15022492.0,3.061290161380538e-05
2023-12-11,10:15:04,17.8753,23.5,25.0,3198,15022490.0,3.080938199061697e-05
2023-12-11,10:15:04,17.8789,23.5,25.0,3188,15022493.0,3.130611776546872e-05
2023-12-11,10:15:04,17.8825,23.5,25.0,3175,15022493.0,3.196386669099883e-05
2023-12-11,10:15:04,17.886,23.5,25.0,3177,15022492.0,3.186178224462326e-05
2023-12-11,10:15:04,17.8932,23.5,25.0,3183,15022485.0,3.155748093404753e-05
2023-12-11,10:15:04,17.8968,23.5,25.0,3186,15022483.0,3.14064218751296e-05
2023-12-11,10:15:04,17.9005,23.5,25.0,3192,15022479.0,3.110646956035572e-05
2023-12-11,10:15:04,17.9042,23.5,25.0,3189,15022478.0,3.125608590432286e-05
2023-12-11,10:15:04,17.9078,23.5,25.0,3179,15022487.0,3.176002382996009e-05
2023-12-11,10:15:04,17.9115,23.5,25.0,3181,15022485.0,3.165859040574708e-05
2023-12-11,10:15:04,17.9152,23.5,25.0,3187,15022475.0,3.135622971300601e-05
2023-12-11,10:15:04,17.9188,23.5,25.0,3183,15022479.0,3.155748093404753e-05
2023-12-11,10:15:04,17.9224,23.5,25.0,3174,15022481.0,3.201503150238514e-05
2023-12-11,10:15:04,17.9296,23.5,25.0,3180,15022484.0,3.170926655899616e-05
2023-12-11,10:15:04,17.933,23.5,25.0,3172,15022477.0,3.211760695599677e-05
2023-12-11,10:15:04,17.9365,23.5,25.0,3167,15022482.0,3.237548573586047e-05
2023-12-11,10:15:04,17.9402,23.5,25.0,3178,15022477.0,3.181086234848457e-05
2023-12-11,10:15:04,17.944,23.5,25.0,3173,15022472.0,3.206627821368519e-05
2023-12-11,10:15:04,17.9477,23.5,25.0,3169,15022478.0,3.227208668312896e-05
2023-12-11,10:15:04,17.9513,23.5,25.0,3167,15022481.0,3.237548573586047e-05
2023-12-11,10:15:04,17.9549,23.5,25.0,3159,15022480.0,3.279240546100996e-05
2023-12-11,10:15:04,17.9585,23.5,25.0,3170,15022469.0,3.222051105909553e-05
2023-12-11,10:15:04,17.9621,23.5,25.0,3170,15022467.0,3.222051105909553e-05
2023-12-11,10:15:04,17.9691,23.5,25.0,3164,15022470.0,3.253120581205106e-05
2023-12-11,10:15:04,17.9728,23.5,25.0,3165,15022471.0,3.247921607687248e-05
2023-12-11,10:15:04,17.9764,23.5,25.0,3157,15022471.0,3.289747160361017e-05
2023-12-11,10:15:04,17.98,23.5,25.0,3156,15022469.0,3.295013084368136e-05
2023-12-11,10:15:04,17.9836,23.5,25.0,3158,15022469.0,3.284489652088503e-05
2023-12-11,10:15:04,17.9872,23.5,25.0,3159,15022469.0,3.279240546100996e-05
2023-12-11,10:15:04,17.9908,23.5,25.0,3163,15022472.0,3.258327876760534e-05
2023-12-11,10:15:04,17.9943,23.5,25.0,3159,15022473.0,3.279240546100996e-05
2023-12-11,10:15:04,18.0015,23.5,25.0,3157,15022473.0,3.289747160361017e-05
2023-12-11,10:15:04,18.0051,23.5,25.0,3154,15022474.0,3.305570233492295e-05
2023-12-11,10:15:04,18.0087,23.5,25.0,3156,15022467.0,3.295013084368136e-05
2023-12-11,10:15:04,18.0123,23.5,25.0,3158,15022468.0,3.284489652088503e-05
2023-12-11,10:15:04,18.0158,23.5,25.0,3154,15022468.0,3.305570233492295e-05
2023-12-11,10:15:04,18.0194,23.5,25.0,3150,15022467.0,3.326786114732408e-05
2023-12-11,10:15:04,18.023,23.5,25.0,3152,15022472.0,3.316161207489005e-05
2023-12-11,10:15:04,18.0266,23.5,25.0,3153,15022471.0,3.310861485616324e-05
2023-12-11,10:15:04,18.0302,23.5,25.0,3152,15022465.0,3.316161207489005e-05
2023-12-11,10:15:04,18.0373,23.5,25.0,3150,15022472.0,3.326786114732408e-05
2023-12-11,10:15:04,18.0411,23.5,25.0,3151,15022472.0,3.321469412667937e-05
2023-12-11,10:15:04,18.0446,23.5,25.0,3151,15022466.0,3.321469412667937e-05
2023-12-11,10:15:04,18.0481,23.5,25.0,3150,15022465.0,3.326786114732408e-05
2023-12-11,10:15:04,18.0517,23.5,25.0,3149,15022468.0,3.332111327283457e-05
2023-12-11,10:15:04,18.0553,23.5,25.0,3146,15022467.0,3.34813816419313e-05
2023-12-11,10:15:04,18.0588,23.5,25.0,3150,15022466.0,3.326786114732408e-05
2023-12-11,10:15:04,18.0624,23.5,25.0,3150,15022464.0,3.326786114732408e-05
2023-12-11,10:15:04,18.0696,23.5,25.0,3146,15022461.0,3.34813816419313e-05
2023-12-11,10:15:04,18.0732,23.5,25.0,3145,15022467.0,3.353497555136735e-05
2023-12-11,10:15:04,18.0768,23.5,25.0,3147,15022468.0,3.342787338358289e-05
2023-12-11,10:15:04,18.0804,23.5,25.0,3148,15022461.0,3.337445063943879e-05
2023-12-11,10:15:04,18.0839,23.5,25.0,3147,15022459.0,3.342787338358289e-05
2023-12-11,10:15:04,18.0875,23.5,25.0,3146,15022464.0,3.34813816419313e-05
2023-12-11,10:15:04,18.0911,23.5,25.0,3143,15022465.0,3.364242087213114e-05
2023-12-11,10:15:04,18.0947,23.5,25.0,3147,15022460.0,3.342787338358289e-05
2023-12-11,10:15:04,18.0983,23.5,25.0,3149,15022459.0,3.332111327283457e-05
2023-12-11,10:15:04,18.1054,23.5,25.0,3141,15022459.0,3.375021044532881e-05
2023-12-11,10:15:04,18.109,23.5,25.0,3142,15022463.0,3.369627255832234e-05
2023-12-11,10:15:04,18.1126,23.5,25.0,3143,15022463.0,3.364242087213114e-05
2023-12-11,10:15:04,18.1162,23.5,25.0,3143,15022458.0,3.364242087213114e-05
2023-12-11,10:15:04,18.1198,23.5,25.0,3143,15022457.0,3.364242087213114e-05
2023-12-11,10:15:04,18.1234,23.5,25.0,3142,15022461.0,3.369627255832234e-05
2023-12-11,10:15:04,18.1269,23.5,25.0,3141,15022462.0,3.375021044532881e-05
2023-12-11,10:15:04,18.1305,23.5,25.0,3144,15022456.0,3.358865524899333e-05
2023-12-11,10:15:04,18.1377,23.5,25.0,3140,15022457.0,3.38042346711328e-05
2023-12-11,10:15:04,18.1413,23.5,25.0,3138,15022457.0,3.391254269216747e-05
2023-12-11,10:15:04,18.1449,23.5,25.0,3140,15022458.0,3.38042346711328e-05
2023-12-11,10:15:04,18.1483,23.5,25.0,3142,15022458.0,3.369627255832234e-05
2023-12-11,10:15:04,18.1519,23.5,25.0,3139,15022455.0,3.385834537393757e-05
2023-12-11,10:15:04,18.1556,23.5,25.0,3138,15022455.0,3.391254269216747e-05
2023-12-11,10:15:04,18.1591,23.5,25.0,3138,15022459.0,3.391254269216747e-05
2023-12-11,10:15:04,18.1627,23.5,25.0,3136,15022459.0,3.402119772970862e-05
2023-12-11,10:15:04,18.1697,23.5,25.0,3139,15022451.0,3.385834537393757e-05
2023-12-11,10:15:04,18.1733,23.5,25.0,3136,15022452.0,3.402119772970862e-05
2023-12-11,10:15:04,18.1769,23.5,25.0,3134,15022453.0,3.413020089558949e-05
2023-12-11,10:15:04,18.1804,23.5,25.0,3136,15022456.0,3.402119772970862e-05
2023-12-11,10:15:04,18.184,23.5,25.0,3138,15022455.0,3.391254269216747e-05
2023-12-11,10:15:04,18.1876,23.5,25.0,3136,15022451.0,3.402119772970862e-05
2023-12-11,10:15:04,18.1912,23.5,25.0,3135,15022452.0,3.407565572697801e-05
2023-12-11,10:15:04,18.1948,23.5,25.0,3135,15022456.0,3.407565572697801e-05
2023-12-11,10:15:04,18.1984,23.5,25.0,3134,15022457.0,3.413020089558949e-05
2023-12-11,10:15:04,18.2055,23.5,25.0,3134,15022449.0,3.413020089558949e-05
2023-12-11,10:15:04,18.2091,23.5,25.0,3133,15022449.0,3.418483337507897e-05
2023-12-11,10:15:04,18.2127,23.5,25.0,3131,15022451.0,3.429436082595234e-05
2023-12-11,10:15:04,18.2163,23.5,25.0,3132,15022452.0,3.423955330520559e-05
2023-12-11,10:15:04,18.2199,23.5,25.0,3133,15022452.0,3.418483337507897e-05
2023-12-11,10:15:04,18.2235,23.5,25.0,3131,15022448.0,3.429436082595234e-05
2023-12-11,10:15:04,18.227,23.5,25.0,3132,15022449.0,3.423955330520559e-05
2023-12-11,10:15:04,18.2306,23.5,25.0,3132,15022453.0,3.423955330520559e-05
2023-12-11,10:15:04,18.2378,23.5,25.0,3131,15022449.0,3.429436082595234e-05
2023-12-11,10:15:04,18.2412,23.5,25.0,3132,15022446.0,3.423955330520559e-05
2023-12-11,10:15:04,18.2447,23.5,25.0,3131,15022448.0,3.429436082595234e-05
2023-12-11,10:15:04,18.2483,23.5,25.0,3129,15022449.0,3.440423920035846e-05
2023-12-11,10:15:04,18.2519,23.5,25.0,3130,15022448.0,3.434925607752613e-05
2023-12-11,10:15:04,18.2555,23.5,25.0,3131,15022446.0,3.429436082595234e-05
2023-12-11,10:15:04,18.259,23.5,25.0,3129,15022444.0,3.440423920035846e-05
2023-12-11,10:15:04,18.2626,23.5,25.0,3129,15022447.0,3.440423920035846e-05
2023-12-11,10:15:04,18.2698,23.5,25.0,3127,15022449.0,3.45144696226486e-05
2023-12-11,10:15:04,18.2734,23.5,25.0,3127,15022445.0,3.45144696226486e-05
2023-12-11,10:15:04,18.277,23.5,25.0,3128,15022445.0,3.445931033510548e-05
2023-12-11,10:15:04,18.2805,23.5,25.0,3128,15022445.0,3.445931033510548e-05
2023-12-11,10:15:04,18.2841,23.5,25.0,3127,15022446.0,3.45144696226486e-05
2023-12-11,10:15:05,18.2877,23.5,25.0,3129,15022445.0,3.440423920035846e-05
2023-12-11,10:15:05,18.2912,23.5,25.0,3130,15022442.0,3.434925607752613e-05
2023-12-11,10:15:05,18.2948,23.5,25.0,3127,15022441.0,3.45144696226486e-05
2023-12-11,10:15:05,18.302,23.5,25.0,3126,15022449.0,3.456971720409463e-05
2023-12-11,10:15:05,18.3056,23.5,25.0,3125,15022446.0,3.462505322077639e-05
2023-12-11,10:15:05,18.3091,23.5,25.0,3126,15022443.0,3.456971720409463e-05
2023-12-11,10:15:05,18.3127,23.5,25.0,3126,15022441.0,3.456971720409463e-05
2023-12-11,10:15:05,18.3163,23.5,25.0,3126,15022441.0,3.456971720409463e-05
2023-12-11,10:15:05,18.3197,23.5,25.0,3125,15022443.0,3.462505322077639e-05
2023-12-11,10:15:05,18.3233,23.5,25.0,3127,15022442.0,3.45144696226486e-05
2023-12-11,10:15:05,18.3269,23.5,25.0,3128,15022440.0,3.445931033510548e-05
2023-12-11,10:15:05,18.334,23.5,25.0,3125,15022441.0,3.462505322077639e-05
2023-12-11,10:15:05,18.3376,23.5,25.0,3125,15022445.0,3.462505322077639e-05
2023-12-11,10:15:05,18.3412,23.5,25.0,3124,15022444.0,3.468047781425276e-05
2023-12-11,10:15:05,18.3448,23.5,25.0,3123,15022440.0,3.47359911263094e-05
2023-12-11,10:15:05,18.3484,23.5,25.0,3124,15022440.0,3.468047781425276e-05
2023-12-11,10:15:05,18.352,23.5,25.0,3126,15022440.0,3.456971720409463e-05
2023-12-11,10:15:05,18.3556,23.5,25.0,3123,15022442.0,3.47359911263094e-05
2023-12-11,10:15:05,18.3591,23.5,25.0,3121,15022442.0,3.484728447444074e-05
2023-12-11,10:15:05,18.3627,23.5,25.0,3121,15022438.0,3.484728447444074e-05
2023-12-11,10:15:05,18.3699,23.5,25.0,3122,15022439.0,3.479159329895876e-05
2023-12-11,10:15:05,18.3733,23.5,25.0,3122,15022444.0,3.479159329895876e-05
2023-12-11,10:15:05,18.3768,23.5,25.0,3120,15022442.0,3.490306479522282e-05
2023-12-11,10:15:05,18.3804,23.5,25.0,3120,15022438.0,3.490306479522282e-05
2023-12-11,10:15:05,18.384,23.5,25.0,3122,15022438.0,3.479159329895876e-05
2023-12-11,10:15:05,18.3876,23.5,25.0,3124,15022438.0,3.468047781425276e-05
2023-12-11,10:15:05,18.3911,23.5,25.0,3121,15022439.0,3.484728447444074e-05
2023-12-11,10:15:05,18.3947,23.5,25.0,3119,15022438.0,3.495893440400065e-05
2023-12-11,10:15:05,18.4019,23.5,25.0,3120,15022435.0,3.490306479522282e-05
2023-12-11,10:15:05,18.4055,23.5,25.0,3121,15022438.0,3.484728447444074e-05
2023-12-11,10:15:05,18.4091,23.5,25.0,3120,15022441.0,3.490306479522282e-05
2023-12-11,10:15:05,18.4126,23.5,25.0,3116,15022438.0,3.512708038869248e-05
2023-12-11,10:15:05,18.4162,23.5,25.0,3116,15022435.0,3.512708038869248e-05
2023-12-11,10:15:05,18.4198,23.5,25.0,3120,15022435.0,3.490306479522282e-05
2023-12-11,10:15:05,18.4234,23.5,25.0,3121,15022436.0,3.484728447444074e-05
2023-12-11,10:15:05,18.4268,23.5,25.0,3120,15022440.0,3.490306479522282e-05
2023-12-11,10:15:05,18.4339,23.5,25.0,3119,15022433.0,3.495893440400065e-05
2023-12-11,10:15:05,18.4375,23.5,25.0,3118,15022433.0,3.501489344369814e-05
2023-12-11,10:15:05,18.4411,23.5,25.0,3118,15022435.0,3.501489344369814e-05
2023-12-11,10:15:05,18.4446,23.5,25.0,3117,15022438.0,3.507094205746813e-05
2023-12-11,10:15:05,18.4482,23.5,25.0,3115,15022436.0,3.518330858098268e-05
2023-12-11,10:15:05,18.4518,23.5,25.0,3114,15022433.0,3.523962677818e-05
2023-12-11,10:15:05,18.4554,23.5,25.0,3116,15022434.0,3.512708038869248e-05
2023-12-11,10:15:05,18.4588,23.5,25.0,3118,15022433.0,3.501489344369814e-05
2023-12-11,10:15:05,18.4661,23.5,25.0,3115,15022436.0,3.518330858098268e-05
2023-12-11,10:15:05,18.4696,23.5,25.0,3115,15022432.0,3.518330858098268e-05
2023-12-11,10:15:05,18.4731,23.5,25.0,3115,15022430.0,3.518330858098268e-05
2023-12-11,10:15:05,18.4766,23.5,25.0,3117,15022433.0,3.507094205746813e-05
2023-12-11,10:15:05,18.4802,23.5,25.0,3116,15022438.0,3.512708038869248e-05
2023-12-11,10:15:05,18.4838,23.5,25.0,3114,15022436.0,3.523962677818e-05
2023-12-11,10:15:05,18.4874,23.5,25.0,3114,15022432.0,3.523962677818e-05
2023-12-11,10:15:05,18.491,23.5,25.0,3115,15022433.0,3.518330858098268e-05
2023-12-11,10:15:05,18.4981,23.5,25.0,3113,15022433.0,3.529603512435602e-05
2023-12-11,10:15:05,18.5017,23.5,25.0,3111,15022434.0,3.540912284108381e-05
2023-12-11,10:15:05,18.5053,23.5,25.0,3111,15022430.0,3.540912284108381e-05
2023-12-11,10:15:05,18.5089,23.5,25.0,3112,15022429.0,3.535253376381289e-05
2023-12-11,10:15:05,18.5124,23.5,25.0,3115,15022433.0,3.518330858098268e-05
2023-12-11,10:15:05,18.5158,23.5,25.0,3114,15022435.0,3.523962677818e-05
2023-12-11,10:15:05,18.5194,23.5,25.0,3111,15022432.0,3.540912284108381e-05
2023-12-11,10:15:05,18.523,23.5,25.0,3111,15022428.0,3.540912284108381e-05
2023-12-11,10:15:05,18.5301,23.5,25.0,3118,15022433.0,3.501489344369814e-05
2023-12-11,10:15:05,18.5337,23.5,25.0,3113,15022432.0,3.529603512435602e-05
2023-12-11,10:15:05,18.5373,23.5,25.0,3111,15022433.0,3.540912284108381e-05
2023-12-11,10:15:05,18.5409,23.5,25.0,3110,15022429.0,3.546580250093324e-05
2023-12-11,10:15:05,18.5445,23.5,25.0,3112,15022427.0,3.535253376381289e-05
2023-12-11,10:15:05,18.5479,23.5,25.0,3114,15022430.0,3.523962677818e-05
2023-12-11,10:15:05,18.5515,23.5,25.0,3112,15022432.0,3.535253376381289e-05
2023-12-11,10:15:05,18.5551,23.5,25.0,3109,15022431.0,3.55225728883575e-05
2023-12-11,10:15:05,18.5621,23.56,25.0,3110,15022428.0,3.546580250093324e-05
2023-12-11,10:15:05,18.5657,23.56,25.0,3112,15022426.0,3.535253376381289e-05
2023-12-11,10:15:05,18.5693,23.56,25.0,3111,15022428.0,3.540912284108381e-05
2023-12-11,10:15:05,18.5729,23.56,25.0,3109,15022431.0,3.55225728883575e-05
2023-12-11,10:15:05,18.5765,23.56,25.0,3107,15022427.0,3.563638642707614e-05
2023-12-11,10:15:05,18.5801,23.56,25.0,3109,15022425.0,3.55225728883575e-05
2023-12-11,10:15:05,18.5836,23.56,25.0,3112,15022429.0,3.535253376381289e-05
2023-12-11,10:15:05,18.5871,23.56,25.0,3109,15022432.0,3.55225728883575e-05
2023-12-11,10:15:05,18.5943,23.56,25.0,3106,15022430.0,3.5693429869525e-05
2023-12-11,10:15:05,18.5977,23.56,25.0,3108,15022428.0,3.557943414858484e-05
2023-12-11,10:15:05,18.6013,23.56,25.0,3110,15022426.0,3.546580250093324e-05
2023-12-11,10:15:05,18.6049,23.56,25.0,3109,15022428.0,3.55225728883575e-05
2023-12-11,10:15:05,18.6085,23.56,25.0,3107,15022429.0,3.563638642707614e-05
2023-12-11,10:15:05,18.6121,23.56,25.0,3105,15022426.0,3.575056462185832e-05
2023-12-11,10:15:05,18.6156,23.56,25.0,3106,15022425.0,3.5693429869525e-05
2023-12-11,10:15:05,18.6192,23.56,25.0,3110,15022429.0,3.546580250093324e-05
2023-12-11,10:15:05,18.6264,23.56,25.0,3104,15022428.0,3.580779083023649e-05
2023-12-11,10:15:05,18.63,23.56,25.0,3104,15022428.0,3.580779083023649e-05
2023-12-11,10:15:05,18.6336,23.56,25.0,3107,15022427.0,3.563638642707614e-05
2023-12-11,10:15:05,18.6372,23.56,25.0,3108,15022424.0,3.557943414858484e-05
2023-12-11,10:15:05,18.6406,23.56,25.0,3107,15022426.0,3.563638642707614e-05
2023-12-11,10:15:05,18.6441,23.56,25.0,3105,15022429.0,3.575056462185832e-05
2023-12-11,10:15:05,18.6476,23.56,25.0,3103,15022426.0,3.586510864105399e-05
2023-12-11,10:15:05,18.6512,23.56,25.0,3103,15022424.0,3.586510864105399e-05
2023-12-11,10:15:05,18.6584,23.56,25.0,3107,15022427.0,3.563638642707614e-05
2023-12-11,10:15:05,18.662,23.56,25.0,3104,15022425.0,3.580779083023649e-05
2023-12-11,10:15:05,18.6654,23.56,25.0,3102,15022427.0,3.592251820093948e-05
2023-12-11,10:15:05,18.669,23.56,25.0,3104,15022426.0,3.580779083023649e-05
2023-12-11,10:15:05,18.6726,23.56,25.0,3106,15022422.0,3.5693429869525e-05
2023-12-11,10:15:05,18.6761,23.56,25.0,3105,15022424.0,3.575056462185832e-05
2023-12-11,10:15:05,18.6796,23.56,25.0,3103,15022428.0,3.586510864105399e-05
2023-12-11,10:15:05,18.6832,23.56,25.0,3101,15022425.0,3.598001965675648e-05
2023-12-11,10:15:05,18.6905,23.56,25.0,3104,15022427.0,3.580779083023649e-05
2023-12-11,10:15:05,18.694,23.56,25.0,3105,15022427.0,3.575056462185832e-05
2023-12-11,10:15:05,18.6976,23.56,25.0,3101,15022425.0,3.598001965675648e-05
2023-12-11,10:15:05,18.7012,23.56,25.0,3099,15022427.0,3.609529884481451e-05
2023-12-11,10:15:05,18.7047,23.56,25.0,3100,15022424.0,3.603761315560348e-05
2023-12-11,10:15:05,18.7082,23.56,25.0,3103,15022421.0,3.586510864105399e-05
2023-12-11,10:15:05,18.7116,23.56,25.0,3104,15022424.0,3.580779083023649e-05
2023-12-11,10:15:05,18.7152,23.56,25.0,3102,15022427.0,3.592251820093948e-05
2023-12-11,10:15:05,18.7224,23.56,25.0,3097,15022424.0,3.621094738484417e-05
2023-12-11,10:15:05,18.726,23.56,25.0,3102,15022426.0,3.592251820093948e-05
2023-12-11,10:15:05,18.7296,23.56,25.0,3104,15022425.0,3.580779083023649e-05
2023-12-11,10:15:05,18.7332,23.56,25.0,3102,15022426.0,3.592251820093948e-05
2023-12-11,10:15:05,18.7367,23.56,25.0,3099,15022427.0,3.609529884481451e-05
2023-12-11,10:15:05,18.7403,23.56,25.0,3098,15022423.0,3.615307687195937e-05
2023-12-11,10:15:05,18.7438,23.56,25.0,3101,15022420.0,3.598001965675648e-05
2023-12-11,10:15:05,18.7472,23.56,25.0,3102,15022425.0,3.592251820093948e-05
2023-12-11,10:15:05,18.7545,23.56,25.0,3096,15022422.0,3.626891053151149e-05
2023-12-11,10:15:05,18.7581,23.56,25.0,3096,15022423.0,3.626891053151149e-05
2023-12-11,10:15:05,18.7616,23.56,25.0,3100,15022425.0,3.603761315560348e-05
2023-12-11,10:15:05,18.7652,23.56,25.0,3104,15022422.0,3.580779083023649e-05
2023-12-11,10:15:05,18.7687,23.56,25.0,3101,15022423.0,3.598001965675648e-05
2023-12-11,10:15:05,18.7723,23.56,25.0,3096,15022426.0,3.626891053151149e-05
2023-12-11,10:15:05,18.7759,23.56,25.0,3096,15022422.0,3.626891053151149e-05
2023-12-11,10:15:05,18.7795,23.56,25.0,3098,15022419.0,3.615307687195937e-05
2023-12-11,10:15:05,18.7865,23.56,25.0,3096,15022428.0,3.626891053151149e-05
2023-12-11,10:15:05,18.7901,23.56,25.0,3093,15022422.0,3.644335725819217e-05
2023-12-11,10:15:05,18.7938,23.56,25.0,3095,15022419.0,3.632696646024102e-05
2023-12-11,10:15:05,18.7974,23.56,25.0,3099,15022423.0,3.609529884481451e-05
2023-12-11,10:15:05,18.8009,23.56,25.0,3101,15022423.0,3.598001965675648e-05
2023-12-11,10:15:05,18.8044,23.56,25.0,3098,15022422.0,3.615307687195937e-05
2023-12-11,10:15:05,18.8082,23.56,25.0,3094,15022424.0,3.638511531954964e-05
2023-12-11,10:15:05,18.8117,23.56,25.0,3094,15022421.0,3.638511531954964e-05
2023-12-11,10:15:05,18.8189,23.56,25.0,3100,15022421.0,3.603761315560348e-05
2023-12-11,10:15:05,18.8224,23.56,25.0,3095,15022425.0,3.632696646024102e-05
2023-12-11,10:15:05,18.8258,23.56,25.0,3092,15022421.0,3.650169242516131e-05
2023-12-11,10:15:05,18.8295,23.56,25.0,3095,15022419.0,3.632696646024102e-05
2023-12-11,10:15:05,18.8331,23.56,25.0,3099,15022423.0,3.609529884481451e-05
2023-12-11,10:15:05,18.8366,23.56,25.0,3098,15022424.0,3.615307687195937e-05
2023-12-11,10:15:05,18.8402,23.56,25.0,3094,15022422.0,3.638511531954964e-05
2023-12-11,10:15:05,18.8437,23.56,25.0,3093,15022422.0,3.644335725819217e-05
2023-12-11,10:15:05,18.8475,23.56,25.0,3095,15022421.0,3.632696646024102e-05
2023-12-11,10:15:05,18.8545,23.56,25.0,3099,15022421.0,3.609529884481451e-05
2023-12-11,10:15:05,18.858,23.56,25.0,3096,15022424.0,3.626891053151149e-05
2023-12-11,10:15:05,18.8614,23.56,25.0,3093,15022421.0,3.644335725819217e-05
2023-12-11,10:15:05,18.8651,23.56,25.0,3093,15022421.0,3.644335725819217e-05
2023-12-11,10:15:05,18.8688,23.56,25.0,3096,15022423.0,3.626891053151149e-05
2023-12-11,10:15:05,18.8723,23.56,25.0,3097,15022421.0,3.621094738484417e-05
2023-12-11,10:15:05,18.8759,23.56,25.0,3094,15022422.0,3.638511531954964e-05
2023-12-11,10:15:05,18.8795,23.56,25.0,3091,15022423.0,3.656012096968847e-05
2023-12-11,10:15:05,18.8866,23.56,25.0,3095,15022418.0,3.632696646024102e-05
2023-12-11,10:15:05,18.8901,23.56,25.0,3095,15022420.0,3.632696646024102e-05
2023-12-11,10:15:05,18.8937,23.56,25.0,3092,15022423.0,3.650169242516131e-05
2023-12-11,10:15:05,18.8972,23.56,25.0,3089,15022420.0,3.66772587895367e-05
2023-12-11,10:15:05,18.9008,23.56,25.0,3092,15022418.0,3.650169242516131e-05
2023-12-11,10:15:05,18.9044,23.56,25.0,3098,15022422.0,3.615307687195937e-05
2023-12-11,10:15:05,18.908,23.56,25.0,3098,15022420.0,3.615307687195937e-05
2023-12-11,10:15:05,18.9116,23.56,25.0,3094,15022420.0,3.638511531954964e-05
2023-12-11,10:15:05,18.9188,23.56,25.0,3090,15022420.0,3.661864304124377e-05
2023-12-11,10:15:05,18.9223,23.56,25.0,3095,15022415.0,3.632696646024102e-05
2023-12-11,10:15:05,18.9258,23.56,25.0,3097,15022421.0,3.621094738484417e-05
2023-12-11,10:15:05,18.9292,23.56,25.0,3092,15022425.0,3.650169242516131e-05
2023-12-11,10:15:05,18.933,23.56,25.0,3088,15022420.0,3.673596836451631e-05
2023-12-11,10:15:05,18.9367,23.56,25.0,3090,15022419.0,3.661864304124377e-05
2023-12-11,10:15:05,18.9403,23.56,25.0,3094,15022422.0,3.638511531954964e-05
2023-12-11,10:15:05,18.9437,23.56,25.0,3094,15022421.0,3.638511531954964e-05
2023-12-11,10:15:05,18.9508,23.56,25.0,3089,15022423.0,3.66772587895367e-05
2023-12-11,10:15:05,18.9543,23.56,25.0,3090,15022420.0,3.661864304124377e-05
2023-12-11,10:15:05,18.9579,23.56,25.0,3093,15022415.0,3.644335725819217e-05
2023-12-11,10:15:05,18.9615,23.56,25.0,3094,15022419.0,3.638511531954964e-05
2023-12-11,10:15:05,18.9651,23.56,25.0,3091,15022423.0,3.656012096968847e-05
2023-12-11,10:15:05,18.9687,23.56,25.0,3088,15022419.0,3.673596836451631e-05
2023-12-11,10:15:05,18.9723,23.56,25.0,3089,15022419.0,3.66772587895367e-05
2023-12-11,10:15:05,18.9758,23.56,25.0,3093,15022422.0,3.644335725819217e-05
2023-12-11,10:15:05,18.983,23.56,25.0,3090,15022418.0,3.661864304124377e-05
2023-12-11,10:15:05,18.9866,23.56,25.0,3087,15022422.0,3.679477191637176e-05
2023-12-11,10:15:05,18.9902,23.56,25.0,3089,15022420.0,3.66772587895367e-05
2023-12-11,10:15:05,18.9938,23.56,25.0,3094,15022415.0,3.638511531954964e-05
2023-12-11,10:15:05,18.9972,23.56,25.0,3094,15022418.0,3.638511531954964e-05
2023-12-11,10:15:05,19.0007,23.56,25.0,3090,15022421.0,3.661864304124377e-05
2023-12-11,10:15:05,19.0043,23.56,25.0,3089,15022418.0,3.66772587895367e-05
2023-12-11,10:15:05,19.0078,23.56,25.0,3090,15022417.0,3.661864304124377e-05
2023-12-11,10:15:05,19.0151,23.56,25.0,3092,15022419.0,3.650169242516131e-05
2023-12-11,10:15:05,19.0186,23.56,25.0,3089,15022419.0,3.66772587895367e-05
2023-12-11,10:15:05,19.0222,23.56,25.0,3086,15022422.0,3.685366959553251e-05
2023-12-11,10:15:05,19.0259,23.56,25.0,3088,15022419.0,3.673596836451631e-05
2023-12-11,10:15:05,19.0295,23.56,25.0,3092,15022416.0,3.650169242516131e-05
2023-12-11,10:15:05,19.0329,23.56,25.0,3092,15022419.0,3.650169242516131e-05
2023-12-11,10:15:05,19.0365,23.56,25.0,3090,15022421.0,3.661864304124377e-05
2023-12-11,10:15:05,19.0401,23.56,25.0,3088,15022417.0,3.673596836451631e-05
2023-12-11,10:15:05,19.0437,23.56,25.0,3089,15022416.0,3.66772587895367e-05
2023-12-11,10:15:05,19.0508,23.56,25.0,3091,15022418.0,3.656012096968847e-05
2023-12-11,10:15:05,19.0544,23.56,25.0,3091,15022418.0,3.656012096968847e-05
2023-12-11,10:15:05,19.058,23.56,25.0,3089,15022420.0,3.66772587895367e-05
2023-12-11,10:15:05,19.0616,23.56,25.0,3089,15022419.0,3.66772587895367e-05
2023-12-11,10:15:05,19.0652,23.5,25.0,3093,15022414.0,3.644335725819217e-05
2023-12-11,10:15:05,19.0688,23.5,25.0,3092,15022417.0,3.650169242516131e-05
2023-12-11,10:15:05,19.0724,23.5,25.0,3089,15022420.0,3.66772587895367e-05
2023-12-11,10:15:05,19.0759,23.5,25.0,3087,15022416.0,3.679477191637176e-05
2023-12-11,10:15:05,19.0831,23.5,25.0,3095,15022418.0,3.632696646024102e-05
2023-12-11,10:15:05,19.0866,23.5,25.0,3094,15022421.0,3.638511531954964e-05
2023-12-11,10:15:05,19.0901,23.5,25.0,3089,15022417.0,3.66772587895367e-05
2023-12-11,10:15:05,19.0939,23.5,25.0,3088,15022418.0,3.673596836451631e-05
2023-12-11,10:15:05,19.0974,23.5,25.0,3090,15022418.0,3.661864304124377e-05
2023-12-11,10:15:05,19.101,23.5,25.0,3092,15022415.0,3.650169242516131e-05
2023-12-11,10:15:05,19.1046,23.5,25.0,3091,15022416.0,3.656012096968847e-05
2023-12-11,10:15:05,19.1081,23.5,25.0,3087,15022419.0,3.679477191637176e-05
2023-12-11,10:15:05,19.1151,23.5,25.0,3089,15022416.0,3.66772587895367e-05
2023-12-11,10:15:05,19.1187,23.5,25.0,3093,15022418.0,3.644335725819217e-05
2023-12-11,10:15:05,19.1223,23.5,25.0,3092,15022418.0,3.650169242516131e-05
2023-12-11,10:15:05,19.1259,23.5,25.0,3087,15022420.0,3.679477191637176e-05
2023-12-11,10:15:05,19.1294,23.5,25.0,3086,15022422.0,3.685366959553251e-05
2023-12-11,10:15:05,19.133,23.5,25.0,3090,15022418.0,3.661864304124377e-05
2023-12-11,10:15:05,19.1366,23.5,25.0,3093,15022414.0,3.644335725819217e-05
2023-12-11,10:15:05,19.1402,23.5,25.0,3091,15022416.0,3.656012096968847e-05
2023-12-11,10:15:05,19.1438,23.5,25.0,3087,15022419.0,3.679477191637176e-05
2023-12-11,10:15:05,19.1509,23.5,25.0,3089,15022413.0,3.66772587895367e-05
2023-12-11,10:15:05,19.1545,23.5,25.0,3092,15022417.0,3.650169242516131e-05
2023-12-11,10:15:05,19.158,23.5,25.0,3090,15022417.0,3.661864304124377e-05
2023-12-11,10:15:05,19.1616,23.5,25.0,3086,15022416.0,3.685366959553251e-05
2023-12-11,10:15:05,19.1652,23.5,25.0,3085,15022418.0,3.691266155266892e-05
2023-12-11,10:15:05,19.1687,23.5,25.0,3088,15022417.0,3.673596836451631e-05
2023-12-11,10:15:05,19.1723,23.5,25.0,3091,15022413.0,3.656012096968847e-05
2023-12-11,10:15:05,19.1759,23.5,25.0,3089,15022416.0,3.66772587895367e-05
2023-12-11,10:15:05,19.1831,23.5,25.0,3085,15022414.0,3.691266155266892e-05
2023-12-11,10:15:05,19.1868,23.5,25.0,3088,15022412.0,3.673596836451631e-05
2023-12-11,10:15:05,19.1902,23.5,25.0,3092,15022417.0,3.650169242516131e-05
2023-12-11,10:15:05,19.1937,23.5,25.0,3090,15022418.0,3.661864304124377e-05
2023-12-11,10:15:05,19.1973,23.5,25.0,3085,15022415.0,3.691266155266892e-05
2023-12-11,10:15:05,19.2009,23.5,25.0,3085,15022415.0,3.691266155266892e-05
2023-12-11,10:15:05,19.2044,23.5,25.0,3088,15022415.0,3.673596836451631e-05
2023-12-11,10:15:05,19.208,23.5,25.0,3091,15022412.0,3.656012096968847e-05
2023-12-11,10:15:05,19.2151,23.5,25.0,3087,15022420.0,3.679477191637176e-05
2023-12-11,10:15:05,19.2187,23.5,25.0,3084,15022413.0,3.697174793869244e-05
2023-12-11,10:15:05,19.2224,23.5,25.0,3086,15022412.0,3.685366959553251e-05
2023-12-11,10:15:05,19.226,23.5,25.0,3090,15022417.0,3.661864304124377e-05
2023-12-11,10:15:05,19.2294,23.5,25.0,3088,15022418.0,3.673596836451631e-05
2023-12-11,10:15:05,19.233,23.5,25.0,3084,15022415.0,3.697174793869244e-05
2023-12-11,10:15:05,19.2367,23.5,25.0,3083,15022416.0,3.703092890475619e-05
2023-12-11,10:15:05,19.2403,23.5,25.0,3087,15022418.0,3.679477191637176e-05
2023-12-11,10:15:05,19.2473,23.5,25.0,3088,15022414.0,3.673596836451631e-05
2023-12-11,10:15:05,19.2508,23.5,25.0,3085,15022419.0,3.691266155266892e-05
2023-12-11,10:15:05,19.2545,23.5,25.0,3083,15022414.0,3.703092890475619e-05
2023-12-11,10:15:05,19.2582,23.5,25.0,3086,15022411.0,3.685366959553251e-05
2023-12-11,10:15:05,19.2618,23.5,25.0,3093,15022418.0,3.644335725819217e-05
2023-12-11,10:15:05,19.2652,23.5,25.0,3092,15022419.0,3.650169242516131e-05
2023-12-11,10:15:05,19.2687,23.5,25.0,3085,15022414.0,3.691266155266892e-05
2023-12-11,10:15:05,19.2723,23.5,25.0,3083,15022415.0,3.703092890475619e-05
2023-12-11,10:15:05,19.2795,23.5,25.0,3090,15022413.0,3.661864304124377e-05
2023-12-11,10:15:05,19.283,23.5,25.0,3088,15022414.0,3.673596836451631e-05
2023-12-11,10:15:06,19.2865,23.5,25.0,3084,15022418.0,3.697174793869244e-05
2023-12-11,10:15:06,19.2901,23.5,25.0,3084,15022415.0,3.697174793869244e-05
2023-12-11,10:15:06,19.2938,23.5,25.0,3087,15022411.0,3.679477191637176e-05
2023-12-11,10:15:06,19.2974,23.5,25.0,3089,15022414.0,3.66772587895367e-05
2023-12-11,10:15:06,19.3008,23.5,25.0,3087,15022416.0,3.679477191637176e-05
2023-12-11,10:15:06,19.3043,23.5,25.0,3084,15022414.0,3.697174793869244e-05
2023-12-11,10:15:06,19.3079,23.5,25.0,3083,15022415.0,3.703092890475619e-05
2023-12-11,10:15:06,19.3152,23.5,25.0,3089,15022413.0,3.66772587895367e-05
2023-12-11,10:15:06,19.3186,23.5,25.0,3088,15022415.0,3.673596836451631e-05
2023-12-11,10:15:06,19.3222,23.5,25.0,3085,15022419.0,3.691266155266892e-05
2023-12-11,10:15:06,19.3259,23.5,25.0,3084,15022414.0,3.697174793869244e-05
2023-12-11,10:15:06,19.3296,23.5,25.0,3088,15022410.0,3.673596836451631e-05
2023-12-11,10:15:06,19.3332,23.5,25.0,3090,15022415.0,3.661864304124377e-05
2023-12-11,10:15:06,19.3367,23.5,25.0,3086,15022417.0,3.685366959553251e-05
2023-12-11,10:15:06,19.3401,23.5,25.0,3082,15022413.0,3.709020460225511e-05
2023-12-11,10:15:06,19.3474,23.5,25.0,3089,15022415.0,3.66772587895367e-05
2023-12-11,10:15:06,19.351,23.5,25.0,3090,15022413.0,3.661864304124377e-05
2023-12-11,10:15:06,19.3545,23.5,25.0,3087,15022414.0,3.679477191637176e-05
2023-12-11,10:15:06,19.358,23.5,25.0,3084,15022417.0,3.697174793869244e-05
2023-12-11,10:15:06,19.3618,23.5,25.0,3084,15022413.0,3.697174793869244e-05
2023-12-11,10:15:06,19.3655,23.5,25.0,3089,15022410.0,3.66772587895367e-05
2023-12-11,10:15:06,19.3689,23.5,25.0,3091,15022415.0,3.656012096968847e-05
2023-12-11,10:15:06,19.3724,23.5,25.0,3087,15022416.0,3.679477191637176e-05
2023-12-11,10:15:06,19.3796,23.5,25.0,3084,15022413.0,3.697174793869244e-05
2023-12-11,10:15:06,19.3831,23.5,25.0,3089,15022416.0,3.66772587895367e-05
2023-12-11,10:15:06,19.3867,23.5,25.0,3089,15022413.0,3.66772587895367e-05
2023-12-11,10:15:06,19.3903,23.5,25.0,3085,15022412.0,3.691266155266892e-05
2023-12-11,10:15:06,19.3939,23.5,25.0,3083,15022416.0,3.703092890475619e-05
2023-12-11,10:15:06,19.3976,23.5,25.0,3085,15022416.0,3.691266155266892e-05
2023-12-11,10:15:06,19.4012,23.5,25.0,3088,15022411.0,3.673596836451631e-05
2023-12-11,10:15:06,19.4046,23.5,25.0,3089,15022414.0,3.66772587895367e-05
2023-12-11,10:15:06,19.4082,23.5,25.0,3087,15022416.0,3.679477191637176e-05
2023-12-11,10:15:06,19.4154,23.5,25.0,3084,15022413.0,3.697174793869244e-05
2023-12-11,10:15:06,19.419,23.5,25.0,3089,15022416.0,3.66772587895367e-05
2023-12-11,10:15:06,19.4224,23.5,25.0,3090,15022414.0,3.661864304124377e-05
2023-12-11,10:15:06,19.4259,23.5,25.0,3086,15022413.0,3.685366959553251e-05
2023-12-11,10:15:06,19.4296,23.5,25.0,3085,15022416.0,3.691266155266892e-05
2023-12-11,10:15:06,19.4332,23.5,25.0,3086,15022414.0,3.685366959553251e-05
2023-12-11,10:15:06,19.4368,23.5,25.0,3090,15022410.0,3.661864304124377e-05
2023-12-11,10:15:06,19.4405,23.5,25.0,3090,15022414.0,3.661864304124377e-05
2023-12-11,10:15:06,19.4474,23.5,25.0,3084,15022412.0,3.697174793869244e-05
2023-12-11,10:15:06,19.451,23.5,25.0,3084,15022413.0,3.697174793869244e-05
2023-12-11,10:15:06,19.4546,23.5,25.0,3088,15022415.0,3.673596836451631e-05
2023-12-11,10:15:06,19.4581,23.5,25.0,3090,15022413.0,3.661864304124377e-05
2023-12-11,10:15:06,19.4617,23.5,25.0,3086,15022412.0,3.685366959553251e-05
2023-12-11,10:15:06,19.4653,23.5,25.0,3082,15022417.0,3.709020460225511e-05
2023-12-11,10:15:06,19.4689,23.5,25.0,3085,15022417.0,3.691266155266892e-05
2023-12-11,10:15:06,19.4725,23.5,25.0,3089,15022411.0,3.66772587895367e-05
2023-12-11,10:15:06,19.4796,23.5,25.0,3086,15022419.0,3.685366959553251e-05
2023-12-11,10:15:06,19.4832,23.5,25.0,3083,15022412.0,3.703092890475619e-05
2023-12-11,10:15:06,19.4868,23.5,25.0,3085,15022410.0,3.691266155266892e-05
2023-12-11,10:15:06,19.4904,23.5,25.0,3089,15022415.0,3.66772587895367e-05
2023-12-11,10:15:06,19.494,23.5,25.0,3089,15022415.0,3.66772587895367e-05
2023-12-11,10:15:06,19.4976,23.5,25.0,3085,15022413.0,3.691266155266892e-05
2023-12-11,10:15:06,19.501,23.5,25.0,3083,15022415.0,3.703092890475619e-05
2023-12-11,10:15:06,19.5046,23.5,25.0,3086,15022415.0,3.685366959553251e-05
2023-12-11,10:15:06,19.5119,23.5,25.0,3091,15022412.0,3.656012096968847e-05
2023-12-11,10:15:06,19.5154,23.5,25.0,3086,15022417.0,3.685366959553251e-05
2023-12-11,10:15:06,19.5188,23.5,25.0,3083,15022412.0,3.703092890475619e-05
2023-12-11,10:15:06,19.5224,23.5,25.0,3086,15022409.0,3.685366959553251e-05
2023-12-11,10:15:06,19.5261,23.5,25.0,3091,15022415.0,3.656012096968847e-05
2023-12-11,10:15:06,19.5297,23.5,25.0,3091,15022415.0,3.656012096968847e-05
2023-12-11,10:15:06,19.5332,23.5,25.0,3086,15022411.0,3.685366959553251e-05
2023-12-11,10:15:06,19.5369,23.5,25.0,3083,15022415.0,3.703092890475619e-05
2023-12-11,10:15:06,19.5406,23.5,25.0,3086,15022416.0,3.685366959553251e-05
2023-12-11,10:15:06,19.5475,23.5,25.0,3092,15022411.0,3.650169242516131e-05
2023-12-11,10:15:06,19.5511,23.5,25.0,3086,15022417.0,3.685366959553251e-05
2023-12-11,10:15:06,19.5547,23.5,25.0,3084,15022412.0,3.697174793869244e-05
2023-12-11,10:15:06,19.5582,23.5,25.0,3087,15022411.0,3.679477191637176e-05
2023-12-11,10:15:06,19.5618,23.5,25.0,3091,15022415.0,3.656012096968847e-05
2023-12-11,10:15:06,19.5653,23.5,25.0,3091,15022414.0,3.656012096968847e-05
2023-12-11,10:15:06,19.5689,23.5,25.0,3086,15022412.0,3.685366959553251e-05
2023-12-11,10:15:06,19.5726,23.5,25.0,3083,15022416.0,3.703092890475619e-05
2023-12-11,10:15:06,19.5796,23.5,25.0,3092,15022412.0,3.650169242516131e-05
2023-12-11,10:15:06,19.5832,23.5,25.0,3090,15022413.0,3.661864304124377e-05
2023-12-11,10:15:06,19.5868,23.5,25.0,3084,15022418.0,3.697174793869244e-05
2023-12-11,10:15:06,19.5904,23.5,25.0,3083,15022413.0,3.703092890475619e-05
2023-12-11,10:15:06,19.5941,23.5,25.0,3089,15022410.0,3.66772587895367e-05
2023-12-11,10:15:06,19.5977,23.5,25.0,3093,15022415.0,3.644335725819217e-05
2023-12-11,10:15:06,19.6012,23.5,25.0,3089,15022415.0,3.66772587895367e-05
2023-12-11,10:15:06,19.6048,23.5,25.0,3084,15022412.0,3.697174793869244e-05
2023-12-11,10:15:06,19.612,23.5,25.0,3088,15022415.0,3.673596836451631e-05
2023-12-11,10:15:06,19.6155,23.5,25.0,3092,15022411.0,3.650169242516131e-05
2023-12-11,10:15:06,19.619,23.5,25.0,3090,15022413.0,3.661864304124377e-05
2023-12-11,10:15:06,19.6226,23.5,25.0,3085,15022418.0,3.691266155266892e-05
2023-12-11,10:15:06,19.6262,23.5,25.0,3085,15022414.0,3.691266155266892e-05
2023-12-11,10:15:06,19.6299,23.5,25.0,3091,15022409.0,3.656012096968847e-05
2023-12-11,10:15:06,19.6335,23.5,25.0,3094,15022414.0,3.638511531954964e-05
2023-12-11,10:15:06,19.637,23.5,25.0,3089,15022416.0,3.66772587895367e-05
2023-12-11,10:15:06,19.6404,23.5,25.0,3084,15022412.0,3.697174793869244e-05
2023-12-11,10:15:06,19.6476,23.5,25.0,3089,15022416.0,3.66772587895367e-05
2023-12-11,10:15:06,19.6512,23.5,25.0,3093,15022411.0,3.644335725819217e-05
2023-12-11,10:15:06,19.6548,23.5,25.0,3091,15022413.0,3.656012096968847e-05
2023-12-11,10:15:06,19.6583,23.5,25.0,3086,15022418.0,3.685366959553251e-05
2023-12-11,10:15:06,19.6619,23.5,25.0,3084,15022413.0,3.697174793869244e-05
2023-12-11,10:15:06,19.6655,23.5,25.0,3089,15022409.0,3.66772587895367e-05
2023-12-11,10:15:06,19.6691,23.5,25.0,3093,15022415.0,3.644335725819217e-05
2023-12-11,10:15:06,19.6725,23.5,25.0,3089,15022416.0,3.66772587895367e-05
2023-12-11,10:15:06,19.6798,23.5,25.0,3086,15022413.0,3.685366959553251e-05
2023-12-11,10:15:06,19.6834,23.5,25.0,3090,15022414.0,3.661864304124377e-05
2023-12-11,10:15:06,19.687,23.5,25.0,3093,15022410.0,3.644335725819217e-05
2023-12-11,10:15:06,19.6905,23.5,25.0,3091,15022412.0,3.656012096968847e-05
2023-12-11,10:15:06,19.6939,23.5,25.0,3087,15022417.0,3.679477191637176e-05
2023-12-11,10:15:06,19.6976,23.5,25.0,3085,15022412.0,3.691266155266892e-05
2023-12-11,10:15:06,19.7013,23.5,25.0,3089,15022409.0,3.66772587895367e-05
2023-12-11,10:15:06,19.7048,23.5,25.0,3094,15022416.0,3.638511531954964e-05
2023-12-11,10:15:06,19.7117,23.5,25.0,3085,15022410.0,3.691266155266892e-05
2023-12-11,10:15:06,19.7154,23.5,25.0,3085,15022414.0,3.691266155266892e-05
2023-12-11,10:15:06,19.719,23.5,25.0,3091,15022417.0,3.656012096968847e-05
2023-12-11,10:15:06,19.7226,23.5,25.0,3094,15022412.0,3.638511531954964e-05
2023-12-11,10:15:06,19.7262,23.5,25.0,3090,15022412.0,3.661864304124377e-05
2023-12-11,10:15:06,19.7296,23.5,25.0,3086,15022416.0,3.685366959553251e-05
2023-12-11,10:15:06,19.7332,23.5,25.0,3086,15022412.0,3.685366959553251e-05
2023-12-11,10:15:06,19.7369,23.5,25.0,3091,15022409.0,3.656012096968847e-05
2023-12-11,10:15:06,19.744,23.5,25.0,3090,15022415.0,3.661864304124377e-05
2023-12-11,10:15:06,19.7474,23.5,25.0,3085,15022411.0,3.691266155266892e-05
2023-12-11,10:15:06,19.751,23.5,25.0,3083,15022416.0,3.703092890475619e-05
2023-12-11,10:15:06,19.7547,23.5,25.0,3089,15022418.0,3.66772587895367e-05
2023-12-11,10:15:06,19.7583,23.5,25.0,3095,15022411.0,3.632696646024102e-05
2023-12-11,10:15:06,19.7619,23.5,25.0,3091,15022412.0,3.656012096968847e-05
2023-12-11,10:15:06,19.7655,23.5,25.0,3085,15022418.0,3.691266155266892e-05
2023-12-11,10:15:06,19.7689,23.5,25.0,3085,15022413.0,3.691266155266892e-05
2023-12-11,10:15:06,19.7761,23.5,25.0,3092,15022413.0,3.650169242516131e-05
2023-12-11,10:15:06,19.7797,23.5,25.0,3090,15022414.0,3.661864304124377e-05
2023-12-11,10:15:06,19.7831,23.5,25.0,3089,15022412.0,3.66772587895367e-05
2023-12-11,10:15:06,19.7867,23.5,25.0,3087,15022416.0,3.679477191637176e-05
2023-12-11,10:15:06,19.7904,23.5,25.0,3089,15022416.0,3.66772587895367e-05
2023-12-11,10:15:06,19.794,23.5,25.0,3095,15022409.0,3.632696646024102e-05
2023-12-11,10:15:06,19.7975,23.5,25.0,3093,15022412.0,3.644335725819217e-05
2023-12-11,10:15:06,19.8009,23.5,25.0,3086,15022418.0,3.685366959553251e-05
2023-12-11,10:15:06,19.8082,23.5,25.0,3090,15022411.0,3.661864304124377e-05
2023-12-11,10:15:06,19.8118,23.5,25.0,3094,15022415.0,3.638511531954964e-05
2023-12-11,10:15:06,19.8153,23.5,25.0,3092,15022415.0,3.650169242516131e-05
2023-12-11,10:15:06,19.8188,23.5,25.0,3085,15022409.0,3.691266155266892e-05
2023-12-11,10:15:06,19.8224,23.5,25.0,3084,15022412.0,3.697174793869244e-05
2023-12-11,10:15:06,19.826,23.5,25.0,3090,15022415.0,3.661864304124377e-05
2023-12-11,10:15:06,19.8296,23.5,25.0,3094,15022410.0,3.638511531954964e-05
2023-12-11,10:15:06,19.8332,23.5,25.0,3092,15022413.0,3.650169242516131e-05
2023-12-11,10:15:06,19.8404,23.5,25.0,3085,15022411.0,3.691266155266892e-05
2023-12-11,10:15:06,19.8439,23.5,25.0,3089,15022410.0,3.66772587895367e-05
2023-12-11,10:15:06,19.8474,23.5,25.0,3094,15022415.0,3.638511531954964e-05
2023-12-11,10:15:06,19.8508,23.5,25.0,3092,15022414.0,3.650169242516131e-05
2023-12-11,10:15:06,19.8546,23.5,25.0,3086,15022409.0,3.685366959553251e-05
2023-12-11,10:15:06,19.8583,23.5,25.0,3084,15022414.0,3.697174793869244e-05
2023-12-11,10:15:06,19.8619,23.5,25.0,3090,15022417.0,3.661864304124377e-05
2023-12-11,10:15:06,19.8654,23.5,25.0,3096,15022409.0,3.626891053151149e-05
2023-12-11,10:15:06,19.8689,23.5,25.0,3093,15022412.0,3.644335725819217e-05
2023-12-11,10:15:06,19.8761,23.5,25.0,3086,15022412.0,3.685366959553251e-05
2023-12-11,10:15:06,19.8796,23.5,25.0,3094,15022408.0,3.638511531954964e-05
2023-12-11,10:15:06,19.8831,23.5,25.0,3097,15022412.0,3.621094738484417e-05
2023-12-11,10:15:06,19.8867,23.5,25.0,3092,15022414.0,3.650169242516131e-05
2023-12-11,10:15:06,19.8903,23.5,25.0,3087,15022410.0,3.679477191637176e-05
2023-12-11,10:15:06,19.8939,23.5,25.0,3085,15022413.0,3.691266155266892e-05
2023-12-11,10:15:06,19.8974,23.5,25.0,3089,15022414.0,3.66772587895367e-05
2023-12-11,10:15:06,19.901,23.5,25.0,3094,15022407.0,3.638511531954964e-05
2023-12-11,10:15:06,19.9081,23.5,25.0,3084,15022416.0,3.697174793869244e-05
2023-12-11,10:15:06,19.9116,23.5,25.0,3080,15022409.0,3.720904079835072e-05
2023-12-11,10:15:06,19.9154,23.5,25.0,3086,15022405.0,3.685366959553251e-05
2023-12-11,10:15:06,19.9189,23.5,25.0,3091,15022412.0,3.656012096968847e-05
2023-12-11,10:15:06,19.9224,23.5,25.0,3088,15022411.0,3.673596836451631e-05
2023-12-11,10:15:06,19.9259,23.5,25.0,3082,15022405.0,3.709020460225511e-05
2023-12-11,10:15:06,19.9294,23.5,25.0,3081,15022403.0,3.714957518282662e-05
2023-12-11,10:15:06,19.933,23.5,25.0,3086,15022408.0,3.685366959553251e-05
2023-12-11,10:15:06,19.9402,23.5,25.0,3086,15022408.0,3.685366959553251e-05
2023-12-11,10:15:06,19.9438,23.5,25.0,3079,15022413.0,3.726860160095068e-05
2023-12-11,10:15:06,19.9474,23.5,25.0,3074,15022407.0,3.756783876146659e-05
2023-12-11,10:15:06,19.9509,23.5,25.0,3079,15022407.0,3.726860160095068e-05
2023-12-11,10:15:06,19.9545,23.5,25.0,3086,15022414.0,3.685366959553251e-05
2023-12-11,10:15:06,19.958,23.5,25.0,3086,15022411.0,3.685366959553251e-05
2023-12-11,10:15:06,19.9614,23.5,25.0,3082,15022408.0,3.709020460225511e-05
2023-12-11,10:15:06,19.9652,23.5,25.0,3080,15022412.0,3.720904079835072e-05
2023-12-11,10:15:06,19.9722,23.5,25.0,3089,15022409.0,3.66772587895367e-05
2023-12-11,10:15:06,19.9758,23.5,25.0,3088,15022410.0,3.673596836451631e-05
2023-12-11,10:15:06,19.9794,23.5,25.0,3083,15022414.0,3.703092890475619e-05
2023-12-11,10:15:06,19.9829,23.5,25.0,3080,15022409.0,3.720904079835072e-05
2023-12-11,10:15:06,19.9867,23.5,25.0,3084,15022407.0,3.697174793869244e-05
2023-12-11,10:15:06,19.9902,23.5,25.0,3090,15022414.0,3.661864304124377e-05
2023-12-11,10:15:06,19.9936,23.5,25.0,3088,15022411.0,3.673596836451631e-05
2023-12-11,10:15:06,19.9972,23.5,25.0,3081,15022406.0,3.714957518282662e-05
2023-12-11,10:15:06,20.0044,23.5,25.0,3082,15022409.0,3.709020460225511e-05
2023-12-11,10:15:06,20.008,23.5,25.0,3087,15022404.0,3.679477191637176e-05
2023-12-11,10:15:06,20.0115,23.5,25.0,3087,15022409.0,3.679477191637176e-05
2023-12-11,10:15:06,20.0149,23.5,25.0,3081,15022412.0,3.714957518282662e-05
2023-12-11,10:15:06,20.0185,23.5,25.0,3077,15022405.0,3.73880093770887e-05
2023-12-11,10:15:06,20.0222,23.5,25.0,3081,15022403.0,3.714957518282662e-05
2023-12-11,10:15:06,20.026,23.5,25.0,3086,15022409.0,3.685366959553251e-05
2023-12-11,10:15:06,20.0294,23.5,25.0,3085,15022405.0,3.691266155266892e-05
2023-12-11,10:15:06,20.0364,23.5,25.0,3076,15022407.0,3.744785665609224e-05
2023-12-11,10:15:06,20.0402,23.5,25.0,3079,15022408.0,3.726860160095068e-05
2023-12-11,10:15:06,20.0437,23.5,25.0,3083,15022404.0,3.703092890475619e-05
2023-12-11,10:15:06,20.0472,23.5,25.0,3084,15022408.0,3.697174793869244e-05
2023-12-11,10:15:06,20.0507,23.5,25.0,3080,15022410.0,3.720904079835072e-05
2023-12-11,10:15:06,20.0542,23.5,25.0,3075,15022404.0,3.750779973310336e-05
2023-12-11,10:15:06,20.058,23.5,25.0,3079,15022404.0,3.726860160095068e-05
2023-12-11,10:15:06,20.0615,23.5,25.0,3085,15022410.0,3.691266155266892e-05
2023-12-11,10:15:06,20.0684,23.56,25.0,3082,15022401.0,3.709020460225511e-05
2023-12-11,10:15:06,20.072,23.56,25.0,3076,15022409.0,3.744785665609224e-05
2023-12-11,10:15:06,20.0757,23.56,25.0,3079,15022412.0,3.726860160095068e-05
2023-12-11,10:15:06,20.0793,23.56,25.0,3087,15022409.0,3.679477191637176e-05
2023-12-11,10:15:06,20.0828,23.56,25.0,3082,15022411.0,3.709020460225511e-05
2023-12-11,10:15:06,20.0864,23.56,25.0,3082,15022411.0,3.709020460225511e-05
2023-12-11,10:15:06,20.09,23.56,25.0,3078,15022403.0,3.732825774299313e-05
2023-12-11,10:15:06,20.0935,23.56,25.0,3079,15022400.0,3.726860160095068e-05
2023-12-11,10:15:06,20.1006,23.56,25.0,3084,15022404.0,3.697174793869244e-05
2023-12-11,10:15:06,20.104,23.56,25.0,3081,15022401.0,3.714957518282662e-05
2023-12-11,10:15:06,20.1077,23.56,25.0,3077,15022407.0,3.73880093770887e-05
2023-12-11,10:15:06,20.1115,23.56,25.0,3079,15022409.0,3.726860160095068e-05
2023-12-11,10:15:06,20.115,23.56,25.0,3087,15022403.0,3.679477191637176e-05
2023-12-11,10:15:06,20.1185,23.56,25.0,3082,15022405.0,3.709020460225511e-05
2023-12-11,10:15:06,20.122,23.56,25.0,3078,15022406.0,3.732825774299313e-05
2023-12-11,10:15:06,20.1257,23.56,25.0,3079,15022403.0,3.726860160095068e-05
2023-12-11,10:15:06,20.1294,23.56,25.0,3079,15022401.0,3.726860160095068e-05
2023-12-11,10:15:06,20.1365,23.56,25.0,3083,15022405.0,3.703092890475619e-05
2023-12-11,10:15:06,20.14,23.56,25.0,3077,15022401.0,3.73880093770887e-05
2023-12-11,10:15:06,20.1436,23.56,25.0,3075,15022407.0,3.750779973310336e-05
2023-12-11,10:15:06,20.1473,23.56,25.0,3079,15022407.0,3.726860160095068e-05
2023-12-11,10:15:06,20.1509,23.56,25.0,3086,15022400.0,3.685366959553251e-05
2023-12-11,10:15:06,20.1543,23.56,25.0,3086,15022403.0,3.685366959553251e-05
2023-12-11,10:15:06,20.1578,23.56,25.0,3079,15022409.0,3.726860160095068e-05
2023-12-11,10:15:06,20.1615,23.56,25.0,3078,15022405.0,3.732825774299313e-05
2023-12-11,10:15:06,20.1685,23.56,25.0,3085,15022404.0,3.691266155266892e-05
2023-12-11,10:15:06,20.172,23.56,25.0,3085,15022405.0,3.691266155266892e-05
2023-12-11,10:15:06,20.1756,23.56,25.0,3080,15022402.0,3.720904079835072e-05
2023-12-11,10:15:06,20.1793,23.56,25.0,3078,15022406.0,3.732825774299313e-05
2023-12-11,10:15:06,20.1829,23.56,25.0,3081,15022405.0,3.714957518282662e-05
2023-12-11,10:15:06,20.1865,23.56,25.0,3085,15022400.0,3.691266155266892e-05
2023-12-11,10:15:06,20.19,23.56,25.0,3084,15022402.0,3.697174793869244e-05
2023-12-11,10:15:06,20.1935,23.56,25.0,3078,15022406.0,3.732825774299313e-05
2023-12-11,10:15:06,20.2008,23.56,25.0,3080,15022403.0,3.720904079835072e-05
2023-12-11,10:15:06,20.2044,23.56,25.0,3085,15022407.0,3.691266155266892e-05
2023-12-11,10:15:06,20.2078,23.56,25.0,3085,15022403.0,3.691266155266892e-05
2023-12-11,10:15:06,20.2113,23.56,25.0,3080,15022398.0,3.720904079835072e-05
2023-12-11,10:15:06,20.2149,23.56,25.0,3077,15022405.0,3.73880093770887e-05
2023-12-11,10:15:06,20.2185,23.56,25.0,3081,15022406.0,3.714957518282662e-05
2023-12-11,10:15:06,20.222,23.56,25.0,3086,15022400.0,3.685366959553251e-05
2023-12-11,10:15:06,20.2256,23.56,25.0,3085,15022402.0,3.691266155266892e-05
2023-12-11,10:15:06,20.2328,23.56,25.0,3077,15022402.0,3.73880093770887e-05
2023-12-11,10:15:06,20.2364,23.56,25.0,3081,15022402.0,3.714957518282662e-05
2023-12-11,10:15:06,20.24,23.56,25.0,3084,15022406.0,3.697174793869244e-05
2023-12-11,10:15:06,20.2434,23.56,25.0,3084,15022402.0,3.697174793869244e-05
2023-12-11,10:15:06,20.2469,23.56,25.0,3079,15022399.0,3.726860160095068e-05
2023-12-11,10:15:06,20.2505,23.56,25.0,3075,15022405.0,3.750779973310336e-05
2023-12-11,10:15:06,20.2542,23.56,25.0,3079,15022407.0,3.726860160095068e-05
2023-12-11,10:15:06,20.2578,23.56,25.0,3084,15022400.0,3.697174793869244e-05
2023-12-11,10:15:06,20.2648,23.56,25.0,3078,15022409.0,3.732825774299313e-05
2023-12-11,10:15:06,20.2684,23.56,25.0,3075,15022404.0,3.750779973310336e-05
2023-12-11,10:15:06,20.272,23.56,25.0,3079,15022403.0,3.726860160095068e-05
2023-12-11,10:15:06,20.2756,23.56,25.0,3082,15022407.0,3.709020460225511e-05
2023-12-11,10:15:06,20.2791,23.56,25.0,3083,15022406.0,3.703092890475619e-05
2023-12-11,10:15:06,20.2827,23.56,25.0,3075,15022408.0,3.750779973310336e-05
2023-12-11,10:15:07,20.2863,23.56,25.0,3075,15022410.0,3.750779973310336e-05
2023-12-11,10:15:07,20.2899,23.56,25.0,3077,15022404.0,3.73880093770887e-05
2023-12-11,10:15:07,20.2935,23.56,25.0,3073,15022399.0,3.76279738947721e-05
2023-12-11,10:15:07,20.3006,23.56,25.0,3078,15022407.0,3.732825774299313e-05
2023-12-11,10:15:07,20.3042,23.56,25.0,3075,15022404.0,3.750779973310336e-05
2023-12-11,10:15:07,20.3078,23.56,25.0,3076,15022403.0,3.744785665609224e-05
2023-12-11,10:15:07,20.3114,23.56,25.0,3082,15022409.0,3.709020460225511e-05
2023-12-11,10:15:07,20.315,23.56,25.0,3082,15022406.0,3.709020460225511e-05
2023-12-11,10:15:07,20.3186,23.56,25.0,3076,15022400.0,3.744785665609224e-05
2023-12-11,10:15:07,20.3221,23.56,25.0,3075,15022404.0,3.750779973310336e-05
2023-12-11,10:15:07,20.3256,23.56,25.0,3084,15022409.0,3.697174793869244e-05
2023-12-11,10:15:07,20.3326,23.56,25.0,3081,15022405.0,3.714957518282662e-05
2023-12-11,10:15:07,20.3362,23.56,25.0,3084,15022411.0,3.697174793869244e-05
2023-12-11,10:15:07,20.3398,23.56,25.0,3078,15022405.0,3.732825774299313e-05
2023-12-11,10:15:07,20.3434,23.56,25.0,3079,15022403.0,3.726860160095068e-05
2023-12-11,10:15:07,20.3471,23.56,25.0,3088,15022409.0,3.673596836451631e-05
2023-12-11,10:15:07,20.3507,23.56,25.0,3086,15022405.0,3.685366959553251e-05
2023-12-11,10:15:07,20.3541,23.56,25.0,3078,15022399.0,3.732825774299313e-05
2023-12-11,10:15:07,20.3577,23.56,25.0,3078,15022405.0,3.732825774299313e-05
2023-12-11,10:15:07,20.3652,23.56,25.0,3086,15022404.0,3.685366959553251e-05
2023-12-11,10:15:07,20.3686,23.56,25.0,3085,15022403.0,3.691266155266892e-05
2023-12-11,10:15:07,20.3719,23.56,25.0,3084,15022407.0,3.697174793869244e-05
2023-12-11,10:15:07,20.3755,23.56,25.0,3081,15022403.0,3.714957518282662e-05
2023-12-11,10:15:07,20.3792,23.56,25.0,3084,15022402.0,3.697174793869244e-05
2023-12-11,10:15:07,20.3828,23.56,25.0,3089,15022406.0,3.66772587895367e-05
2023-12-11,10:15:07,20.3863,23.56,25.0,3086,15022402.0,3.685366959553251e-05
2023-12-11,10:15:07,20.3899,23.56,25.0,3080,15022399.0,3.720904079835072e-05
2023-12-11,10:15:07,20.3972,23.56,25.0,3083,15022407.0,3.703092890475619e-05
2023-12-11,10:15:07,20.4007,23.56,25.0,3086,15022401.0,3.685366959553251e-05
2023-12-11,10:15:07,20.4043,23.56,25.0,3083,15022401.0,3.703092890475619e-05
2023-12-11,10:15:07,20.4078,23.56,25.0,3079,15022407.0,3.726860160095068e-05
2023-12-11,10:15:07,20.4114,23.56,25.0,3079,15022406.0,3.726860160095068e-05
2023-12-11,10:15:07,20.4151,23.56,25.0,3083,15022402.0,3.703092890475619e-05
2023-12-11,10:15:07,20.4185,23.56,25.0,3088,15022406.0,3.673596836451631e-05
2023-12-11,10:15:07,20.422,23.56,25.0,3086,15022404.0,3.685366959553251e-05
2023-12-11,10:15:07,20.4292,23.56,25.0,3079,15022407.0,3.726860160095068e-05
2023-12-11,10:15:07,20.4327,23.56,25.0,3083,15022408.0,3.703092890475619e-05
2023-12-11,10:15:07,20.4363,23.56,25.0,3086,15022402.0,3.685366959553251e-05
2023-12-11,10:15:07,20.4399,23.56,25.0,3084,15022403.0,3.697174793869244e-05
2023-12-11,10:15:07,20.4435,23.56,25.0,3080,15022408.0,3.720904079835072e-05
2023-12-11,10:15:07,20.4471,23.56,25.0,3079,15022404.0,3.726860160095068e-05
2023-12-11,10:15:07,20.4507,23.56,25.0,3084,15022400.0,3.697174793869244e-05
2023-12-11,10:15:07,20.4542,23.56,25.0,3087,15022407.0,3.679477191637176e-05
2023-12-11,10:15:07,20.4577,23.56,25.0,3083,15022406.0,3.703092890475619e-05
2023-12-11,10:15:07,20.465,23.56,25.0,3080,15022404.0,3.720904079835072e-05
2023-12-11,10:15:07,20.4686,23.56,25.0,3083,15022407.0,3.703092890475619e-05
2023-12-11,10:15:07,20.472,23.56,25.0,3085,15022403.0,3.691266155266892e-05
2023-12-11,10:15:07,20.4755,23.56,25.0,3083,15022402.0,3.703092890475619e-05
2023-12-11,10:15:07,20.4791,23.56,25.0,3079,15022405.0,3.726860160095068e-05
2023-12-11,10:15:07,20.4828,23.56,25.0,3078,15022404.0,3.732825774299313e-05
2023-12-11,10:15:07,20.4864,23.56,25.0,3083,15022403.0,3.703092890475619e-05
2023-12-11,10:15:07,20.49,23.56,25.0,3087,15022408.0,3.679477191637176e-05
2023-12-11,10:15:07,20.497,23.56,25.0,3078,15022399.0,3.732825774299313e-05
2023-12-11,10:15:07,20.5006,23.56,25.0,3079,15022404.0,3.726860160095068e-05
2023-12-11,10:15:07,20.5042,23.56,25.0,3083,15022407.0,3.703092890475619e-05
2023-12-11,10:15:07,20.5077,23.56,25.0,3085,15022403.0,3.691266155266892e-05
2023-12-11,10:15:07,20.5113,23.56,25.0,3083,15022402.0,3.703092890475619e-05
2023-12-11,10:15:07,20.5149,23.56,25.0,3082,15022406.0,3.709020460225511e-05
2023-12-11,10:15:07,20.5185,23.56,25.0,3083,15022406.0,3.703092890475619e-05
2023-12-11,10:15:07,20.5221,23.56,25.0,3085,15022404.0,3.691266155266892e-05
2023-12-11,10:15:07,20.5292,23.56,25.0,3085,15022405.0,3.691266155266892e-05
2023-12-11,10:15:07,20.5327,23.56,25.0,3080,15022404.0,3.720904079835072e-05
2023-12-11,10:15:07,20.5363,23.56,25.0,3078,15022409.0,3.732825774299313e-05
2023-12-11,10:15:07,20.54,23.56,25.0,3083,15022408.0,3.703092890475619e-05
2023-12-11,10:15:07,20.5436,23.56,25.0,3086,15022403.0,3.685366959553251e-05
2023-12-11,10:15:07,20.547,23.56,25.0,3083,15022403.0,3.703092890475619e-05
2023-12-11,10:15:07,20.5506,23.56,25.0,3079,15022408.0,3.726860160095068e-05
2023-12-11,10:15:07,20.5543,23.56,25.0,3080,15022406.0,3.720904079835072e-05
2023-12-11,10:15:07,20.5614,23.56,25.0,3087,15022406.0,3.679477191637176e-05
2023-12-11,10:15:07,20.5648,23.56,25.0,3084,15022406.0,3.697174793869244e-05
2023-12-11,10:15:07,20.5685,23.56,25.0,3081,15022402.0,3.714957518282662e-05
2023-12-11,10:15:07,20.5723,23.5,25.0,3082,15022404.0,3.709020460225511e-05
2023-12-11,10:15:07,20.5758,23.5,25.0,3085,15022408.0,3.691266155266892e-05
2023-12-11,10:15:07,20.5793,23.5,25.0,3087,15022403.0,3.679477191637176e-05
2023-12-11,10:15:07,20.5828,23.5,25.0,3085,15022403.0,3.691266155266892e-05
2023-12-11,10:15:07,20.5863,23.5,25.0,3080,15022407.0,3.720904079835072e-05
2023-12-11,10:15:07,20.5899,23.5,25.0,3080,15022407.0,3.720904079835072e-05
2023-12-11,10:15:07,20.5971,23.5,25.0,3086,15022406.0,3.685366959553251e-05
2023-12-11,10:15:07,20.6005,23.5,25.0,3083,15022407.0,3.703092890475619e-05
2023-12-11,10:15:07,20.6041,23.5,25.0,3079,15022401.0,3.726860160095068e-05
2023-12-11,10:15:07,20.6078,23.5,25.0,3082,15022403.0,3.709020460225511e-05
2023-12-11,10:15:07,20.6114,23.5,25.0,3086,15022408.0,3.685366959553251e-05
2023-12-11,10:15:07,20.6149,23.5,25.0,3087,15022404.0,3.679477191637176e-05
2023-12-11,10:15:07,20.6183,23.5,25.0,3085,15022403.0,3.691266155266892e-05
2023-12-11,10:15:07,20.622,23.5,25.0,3081,15022406.0,3.714957518282662e-05
2023-12-11,10:15:07,20.6292,23.5,25.0,3085,15022407.0,3.691266155266892e-05
2023-12-11,10:15:07,20.6327,23.5,25.0,3086,15022407.0,3.685366959553251e-05
2023-12-11,10:15:07,20.6363,23.5,25.0,3084,15022405.0,3.697174793869244e-05
2023-12-11,10:15:07,20.6398,23.5,25.0,3079,15022400.0,3.726860160095068e-05
2023-12-11,10:15:07,20.6436,23.5,25.0,3079,15022403.0,3.726860160095068e-05
2023-12-11,10:15:07,20.6471,23.5,25.0,3083,15022408.0,3.703092890475619e-05
2023-12-11,10:15:07,20.6506,23.5,25.0,3086,15022402.0,3.685366959553251e-05
2023-12-11,10:15:07,20.6542,23.5,25.0,3085,15022402.0,3.691266155266892e-05
2023-12-11,10:15:07,20.6613,23.5,25.0,3081,15022405.0,3.714957518282662e-05
2023-12-11,10:15:07,20.6649,23.5,25.0,3085,15022404.0,3.691266155266892e-05
2023-12-11,10:15:07,20.6685,23.5,25.0,3085,15022406.0,3.691266155266892e-05
2023-12-11,10:15:07,20.672,23.5,25.0,3083,15022406.0,3.703092890475619e-05
2023-12-11,10:15:07,20.6756,23.5,25.0,3080,15022403.0,3.720904079835072e-05
2023-12-11,10:15:07,20.6793,23.5,25.0,3081,15022404.0,3.714957518282662e-05
2023-12-11,10:15:07,20.6828,23.5,25.0,3084,15022408.0,3.697174793869244e-05
2023-12-11,10:15:07,20.6863,23.5,25.0,3085,15022403.0,3.691266155266892e-05
2023-12-11,10:15:07,20.6933,23.5,25.0,3079,15022409.0,3.726860160095068e-05
2023-12-11,10:15:07,20.6969,23.5,25.0,3079,15022407.0,3.726860160095068e-05
2023-12-11,10:15:07,20.7005,23.5,25.0,3084,15022405.0,3.697174793869244e-05
2023-12-11,10:15:07,20.7041,23.5,25.0,3084,15022407.0,3.697174793869244e-05
2023-12-11,10:15:07,20.7077,23.5,25.0,3083,15022406.0,3.703092890475619e-05
2023-12-11,10:15:07,20.7113,23.5,25.0,3081,15022403.0,3.714957518282662e-05
2023-12-11,10:15:07,20.7148,23.5,25.0,3081,15022404.0,3.714957518282662e-05
2023-12-11,10:15:07,20.7184,23.5,25.0,3084,15022408.0,3.697174793869244e-05
2023-12-11,10:15:07,20.7256,23.5,25.0,3085,15022403.0,3.691266155266892e-05
2023-12-11,10:15:07,20.7291,23.5,25.0,3083,15022408.0,3.703092890475619e-05
2023-12-11,10:15:07,20.7326,23.5,25.0,3079,15022406.0,3.726860160095068e-05
2023-12-11,10:15:07,20.7364,23.5,25.0,3082,15022404.0,3.709020460225511e-05
2023-12-11,10:15:07,20.7399,23.5,25.0,3084,15022406.0,3.697174793869244e-05
2023-12-11,10:15:07,20.7435,23.5,25.0,3081,15022406.0,3.714957518282662e-05
2023-12-11,10:15:07,20.7471,23.5,25.0,3079,15022403.0,3.726860160095068e-05
2023-12-11,10:15:07,20.7507,23.5,25.0,3080,15022406.0,3.720904079835072e-05
2023-12-11,10:15:07,20.7541,23.5,25.0,3084,15022409.0,3.697174793869244e-05
2023-12-11,10:15:07,20.7613,23.5,25.0,3082,15022402.0,3.709020460225511e-05
2023-12-11,10:15:07,20.7648,23.5,25.0,3080,15022407.0,3.720904079835072e-05
2023-12-11,10:15:07,20.7684,23.5,25.0,3082,15022408.0,3.709020460225511e-05
2023-12-11,10:15:07,20.7719,23.5,25.0,3084,15022407.0,3.697174793869244e-05
2023-12-11,10:15:07,20.7755,23.5,25.0,3085,15022408.0,3.691266155266892e-05
2023-12-11,10:15:07,20.779,23.5,25.0,3085,15022405.0,3.691266155266892e-05
2023-12-11,10:15:07,20.7826,23.5,25.0,3081,15022401.0,3.714957518282662e-05
2023-12-11,10:15:07,20.7861,23.5,25.0,3080,15022404.0,3.720904079835072e-05
2023-12-11,10:15:07,20.7934,23.5,25.0,3085,15022404.0,3.691266155266892e-05
2023-12-11,10:15:07,20.7969,23.5,25.0,3083,15022402.0,3.703092890475619e-05
2023-12-11,10:15:07,20.8004,23.5,25.0,3079,15022408.0,3.726860160095068e-05
2023-12-11,10:15:07,20.8039,23.5,25.0,3080,15022408.0,3.720904079835072e-05
2023-12-11,10:15:07,20.8075,23.5,25.0,3084,15022405.0,3.697174793869244e-05
2023-12-11,10:15:07,20.8111,23.5,25.0,3085,15022407.0,3.691266155266892e-05
2023-12-11,10:15:07,20.8147,23.5,25.0,3083,15022407.0,3.703092890475619e-05
2023-12-11,10:15:07,20.8183,23.5,25.0,3081,15022405.0,3.714957518282662e-05
2023-12-11,10:15:07,20.8254,23.5,25.0,3084,15022408.0,3.697174793869244e-05
2023-12-11,10:15:07,20.8289,23.5,25.0,3085,15022405.0,3.691266155266892e-05
2023-12-11,10:15:07,20.8324,23.5,25.0,3087,15022407.0,3.679477191637176e-05
2023-12-11,10:15:07,20.8359,23.5,25.0,3085,15022410.0,3.691266155266892e-05
2023-12-11,10:15:07,20.8396,23.5,25.0,3081,15022407.0,3.714957518282662e-05
2023-12-11,10:15:07,20.8432,23.5,25.0,3082,15022406.0,3.709020460225511e-05
2023-12-11,10:15:07,20.8467,23.5,25.0,3083,15022409.0,3.703092890475619e-05
2023-12-11,10:15:07,20.8503,23.5,25.0,3081,15022407.0,3.714957518282662e-05
2023-12-11,10:15:07,20.8574,23.5,25.0,3080,15022405.0,3.720904079835072e-05
2023-12-11,10:15:07,20.861,23.5,25.0,3082,15022407.0,3.709020460225511e-05
2023-12-11,10:15:07,20.8646,23.5,25.0,3083,15022405.0,3.703092890475619e-05
2023-12-11,10:15:07,20.8682,23.5,25.0,3083,15022406.0,3.703092890475619e-05
2023-12-11,10:15:07,20.8718,23.5,25.0,3080,15022408.0,3.720904079835072e-05
2023-12-11,10:15:07,20.8754,23.5,25.0,3080,15022408.0,3.720904079835072e-05
2023-12-11,10:15:07,20.8789,23.5,25.0,3083,15022407.0,3.703092890475619e-05
2023-12-11,10:15:07,20.8825,23.5,25.0,3083,15022409.0,3.703092890475619e-05
2023-12-11,10:15:07,20.8894,23.5,25.0,3078,15022402.0,3.732825774299313e-05
2023-12-11,10:15:07,20.893,23.5,25.0,3079,15022405.0,3.726860160095068e-05
2023-12-11,10:15:07,20.8967,23.5,25.0,3082,15022408.0,3.709020460225511e-05
2023-12-11,10:15:07,20.9003,23.5,25.0,3083,15022405.0,3.703092890475619e-05
2023-12-11,10:15:07,20.9038,23.5,25.0,3082,15022404.0,3.709020460225511e-05
2023-12-11,10:15:07,20.9074,23.5,25.0,3079,15022408.0,3.726860160095068e-05
2023-12-11,10:15:07,20.9109,23.5,25.0,3080,15022409.0,3.720904079835072e-05
2023-12-11,10:15:07,20.9145,23.5,25.0,3083,15022406.0,3.703092890475619e-05
2023-12-11,10:15:07,20.9217,23.5,25.0,3081,15022408.0,3.714957518282662e-05
2023-12-11,10:15:07,20.9253,23.5,25.0,3079,15022403.0,3.726860160095068e-05
2023-12-11,10:15:07,20.9289,23.5,25.0,3079,15022406.0,3.726860160095068e-05
2023-12-11,10:15:07,20.9324,23.5,25.0,3081,15022409.0,3.714957518282662e-05
2023-12-11,10:15:07,20.936,23.5,25.0,3084,15022405.0,3.697174793869244e-05
2023-12-11,10:15:07,20.9395,23.5,25.0,3082,15022403.0,3.709020460225511e-05
2023-12-11,10:15:07,20.9431,23.5,25.0,3077,15022408.0,3.73880093770887e-05
2023-12-11,10:15:07,20.9468,23.5,25.0,3078,15022409.0,3.732825774299313e-05
2023-12-11,10:15:07,20.954,23.5,25.0,3081,15022407.0,3.714957518282662e-05
2023-12-11,10:15:07,20.9575,23.5,25.0,3079,15022408.0,3.726860160095068e-05
2023-12-11,10:15:07,20.9611,23.5,25.0,3077,15022405.0,3.73880093770887e-05
2023-12-11,10:15:07,20.9646,23.5,25.0,3078,15022406.0,3.732825774299313e-05
2023-12-11,10:15:07,20.9682,23.5,25.0,3080,15022408.0,3.720904079835072e-05
2023-12-11,10:15:07,20.9719,23.5,25.0,3081,15022406.0,3.714957518282662e-05
2023-12-11,10:15:07,20.9753,23.5,25.0,3080,15022405.0,3.720904079835072e-05
2023-12-11,10:15:07,20.9788,23.5,25.0,3076,15022408.0,3.744785665609224e-05
2023-12-11,10:15:07,20.986,23.5,25.0,3080,15022409.0,3.720904079835072e-05
2023-12-11,10:15:07,20.9895,23.5,25.0,3079,15022409.0,3.726860160095068e-05
2023-12-11,10:15:07,20.9931,23.5,25.0,3077,15022409.0,3.73880093770887e-05
2023-12-11,10:15:07,20.9967,23.5,25.0,3076,15022405.0,3.744785665609224e-05
2023-12-11,10:15:07,21.0003,23.5,25.0,3078,15022405.0,3.732825774299313e-05
2023-12-11,10:15:07,21.0039,23.5,25.0,3081,15022408.0,3.714957518282662e-05
2023-12-11,10:15:07,21.0075,23.5,25.0,3082,15022407.0,3.709020460225511e-05
2023-12-11,10:15:07,21.011,23.5,25.0,3080,15022406.0,3.720904079835072e-05
2023-12-11,10:15:07,21.0146,23.5,25.0,3077,15022408.0,3.73880093770887e-05
2023-12-11,10:15:07,21.0217,23.5,25.0,3079,15022408.0,3.726860160095068e-05
2023-12-11,10:15:07,21.0252,23.5,25.0,3080,15022409.0,3.720904079835072e-05
2023-12-11,10:15:07,21.0288,23.5,25.0,3078,15022407.0,3.732825774299313e-05
2023-12-11,10:15:07,21.0323,23.5,25.0,3075,15022403.0,3.750779973310336e-05
2023-12-11,10:15:07,21.0359,23.5,25.0,3076,15022405.0,3.744785665609224e-05
2023-12-11,10:15:07,21.0395,23.5,25.0,3078,15022409.0,3.732825774299313e-05
2023-12-11,10:15:07,21.043,23.5,25.0,3077,15022407.0,3.73880093770887e-05
2023-12-11,10:15:07,21.0466,23.5,25.0,3076,15022406.0,3.744785665609224e-05
2023-12-11,10:15:07,21.0538,23.5,25.0,3076,15022409.0,3.744785665609224e-05
2023-12-11,10:15:07,21.0574,23.5,25.0,3079,15022407.0,3.726860160095068e-05
2023-12-11,10:15:07,21.061,23.5,25.0,3079,15022408.0,3.726860160095068e-05
2023-12-11,10:15:07,21.0645,23.5,25.0,3078,15022406.0,3.732825774299313e-05
2023-12-11,10:15:07,21.068,23.5,25.0,3077,15022405.0,3.73880093770887e-05
2023-12-11,10:15:07,21.0715,23.5,25.0,3077,15022407.0,3.73880093770887e-05
2023-12-11,10:15:07,21.075,23.5,25.0,3079,15022409.0,3.726860160095068e-05
2023-12-11,10:15:07,21.0786,23.5,25.0,3078,15022407.0,3.732825774299313e-05
2023-12-11,10:15:07,21.0858,23.5,25.0,3073,15022409.0,3.76279738947721e-05
2023-12-11,10:15:07,21.0895,23.5,25.0,3074,15022410.0,3.756783876146659e-05
2023-12-11,10:15:07,21.0931,23.5,25.0,3078,15022406.0,3.732825774299313e-05
2023-12-11,10:15:07,21.0965,23.5,25.0,3079,15022407.0,3.726860160095068e-05
2023-12-11,10:15:07,21.1001,23.5,25.0,3077,15022409.0,3.73880093770887e-05
2023-12-11,10:15:07,21.1037,23.5,25.0,3075,15022406.0,3.750779973310336e-05
2023-12-11,10:15:07,21.1073,23.5,25.0,3076,15022407.0,3.744785665609224e-05
2023-12-11,10:15:07,21.1109,23.5,25.0,3079,15022410.0,3.726860160095068e-05
2023-12-11,10:15:07,21.1179,23.5,25.0,3076,15022404.0,3.744785665609224e-05
2023-12-11,10:15:07,21.1215,23.5,25.0,3074,15022408.0,3.756783876146659e-05
2023-12-11,10:15:07,21.1251,23.5,25.0,3076,15022408.0,3.744785665609224e-05
2023-12-11,10:15:07,21.1288,23.5,25.0,3078,15022407.0,3.732825774299313e-05
2023-12-11,10:15:07,21.1323,23.5,25.0,3077,15022408.0,3.73880093770887e-05
2023-12-11,10:15:07,21.1357,23.5,25.0,3075,15022405.0,3.750779973310336e-05
2023-12-11,10:15:07,21.1393,23.5,25.0,3073,15022401.0,3.76279738947721e-05
2023-12-11,10:15:07,21.1429,23.5,25.0,3075,15022405.0,3.750779973310336e-05
2023-12-11,10:15:07,21.15,23.5,25.0,3079,15022407.0,3.726860160095068e-05
2023-12-11,10:15:07,21.1536,23.5,25.0,3078,15022404.0,3.732825774299313e-05
2023-12-11,10:15:07,21.1572,23.5,25.0,3073,15022408.0,3.76279738947721e-05
2023-12-11,10:15:07,21.1608,23.5,25.0,3074,15022408.0,3.756783876146659e-05
2023-12-11,10:15:07,21.1644,23.5,25.0,3077,15022407.0,3.73880093770887e-05
2023-12-11,10:15:07,21.168,23.5,25.0,3076,15022409.0,3.744785665609224e-05
2023-12-11,10:15:07,21.1714,23.5,25.0,3074,15022408.0,3.756783876146659e-05
2023-12-11,10:15:07,21.1749,23.5,25.0,3072,15022405.0,3.768820528685573e-05
2023-12-11,10:15:07,21.182,23.5,25.0,3075,15022408.0,3.750779973310336e-05
2023-12-11,10:15:07,21.1855,23.5,25.0,3075,15022407.0,3.750779973310336e-05
2023-12-11,10:15:07,21.1891,23.5,25.0,3073,15022406.0,3.76279738947721e-05
2023-12-11,10:15:07,21.1928,23.5,25.0,3071,15022407.0,3.774853309179975e-05
2023-12-11,10:15:07,21.1964,23.5,25.0,3072,15022407.0,3.768820528685573e-05
2023-12-11,10:15:07,21.2,23.5,25.0,3075,15022406.0,3.750779973310336e-05
2023-12-11,10:15:07,21.2036,23.5,25.0,3075,15022409.0,3.750779973310336e-05
2023-12-11,10:15:07,21.207,23.5,25.0,3073,15022408.0,3.76279738947721e-05
2023-12-11,10:15:07,21.2143,23.5,25.0,3072,15022408.0,3.768820528685573e-05
2023-12-11,10:15:07,21.2179,23.5,25.0,3076,15022411.0,3.744785665609224e-05
2023-12-11,10:15:07,21.2213,23.5,25.0,3076,15022410.0,3.744785665609224e-05
2023-12-11,10:15:07,21.2248,23.5,25.0,3072,15022406.0,3.768820528685573e-05
2023-12-11,10:15:07,21.2284,23.5,25.0,3069,15022407.0,3.786947855783113e-05
2023-12-11,10:15:07,21.232,23.5,25.0,3070,15022408.0,3.780895746393291e-05
2023-12-11,10:15:07,21.2356,23.5,25.0,3074,15022406.0,3.756783876146659e-05
2023-12-11,10:15:07,21.2391,23.5,25.0,3073,15022408.0,3.76279738947721e-05
2023-12-11,10:15:07,21.2463,23.5,25.0,3069,15022404.0,3.786947855783113e-05
2023-12-11,10:15:07,21.2499,23.5,25.0,3070,15022405.0,3.780895746393291e-05
2023-12-11,10:15:07,21.2535,23.5,25.0,3073,15022410.0,3.76279738947721e-05
2023-12-11,10:15:07,21.2569,23.5,25.0,3073,15022409.0,3.76279738947721e-05
2023-12-11,10:15:07,21.2605,23.5,25.0,3071,15022407.0,3.774853309179975e-05
2023-12-11,10:15:07,21.2641,23.5,25.0,3069,15022408.0,3.786947855783113e-05
2023-12-11,10:15:07,21.2676,23.5,25.0,3069,15022407.0,3.786947855783113e-05
2023-12-11,10:15:07,21.2711,23.5,25.0,3072,15022405.0,3.768820528685573e-05
2023-12-11,10:15:07,21.2783,23.5,25.0,3070,15022409.0,3.780895746393291e-05
2023-12-11,10:15:07,21.2819,23.5,25.0,3067,15022403.0,3.799081153046356e-05
2023-12-11,10:15:07,21.2856,23.5,25.0,3069,15022404.0,3.786947855783113e-05
2023-12-11,10:15:08,21.2892,23.5,25.0,3072,15022410.0,3.768820528685573e-05
2023-12-11,10:15:08,21.2926,23.5,25.0,3072,15022407.0,3.768820528685573e-05
2023-12-11,10:15:08,21.2962,23.5,25.0,3070,15022406.0,3.780895746393291e-05
2023-12-11,10:15:08,21.2998,23.5,25.0,3069,15022408.0,3.786947855783113e-05
2023-12-11,10:15:08,21.3034,23.5,25.0,3070,15022408.0,3.780895746393291e-05
2023-12-11,10:15:08,21.3106,23.5,25.0,3072,15022406.0,3.768820528685573e-05
2023-12-11,10:15:08,21.3141,23.5,25.0,3068,15022408.0,3.793009652831762e-05
2023-12-11,10:15:08,21.3177,23.5,25.0,3066,15022405.0,3.805162371958823e-05
2023-12-11,10:15:08,21.3213,23.5,25.0,3067,15022407.0,3.799081153046356e-05
2023-12-11,10:15:08,21.3249,23.5,25.0,3070,15022411.0,3.780895746393291e-05
2023-12-11,10:15:08,21.3284,23.5,25.0,3071,15022408.0,3.774853309179975e-05
2023-12-11,10:15:08,21.3318,23.5,25.0,3068,15022404.0,3.793009652831762e-05
2023-12-11,10:15:08,21.3355,23.5,25.0,3066,15022408.0,3.805162371958823e-05
2023-12-11,10:15:08,21.3392,23.5,25.0,3068,15022409.0,3.793009652831762e-05
2023-12-11,10:15:08,21.3463,23.5,25.0,3071,15022406.0,3.774853309179975e-05
2023-12-11,10:15:08,21.3499,23.5,25.0,3068,15022407.0,3.793009652831762e-05
2023-12-11,10:15:08,21.3533,23.5,25.0,3067,15022405.0,3.799081153046356e-05
2023-12-11,10:15:08,21.3569,23.5,25.0,3069,15022407.0,3.786947855783113e-05
2023-12-11,10:15:08,21.3605,23.5,25.0,3070,15022409.0,3.780895746393291e-05
2023-12-11,10:15:08,21.3639,23.5,25.0,3070,15022407.0,3.780895746393291e-05
2023-12-11,10:15:08,21.3675,23.5,25.0,3067,15022404.0,3.799081153046356e-05
2023-12-11,10:15:08,21.3712,23.5,25.0,3064,15022408.0,3.817354028129473e-05
2023-12-11,10:15:08,21.3784,23.5,25.0,3071,15022404.0,3.774853309179975e-05
2023-12-11,10:15:08,21.382,23.5,25.0,3071,15022406.0,3.774853309179975e-05
2023-12-11,10:15:08,21.3854,23.5,25.0,3067,15022408.0,3.799081153046356e-05
2023-12-11,10:15:08,21.389,23.5,25.0,3065,15022404.0,3.811253325125966e-05
2023-12-11,10:15:08,21.3926,23.5,25.0,3066,15022406.0,3.805162371958823e-05
2023-12-11,10:15:08,21.3962,23.5,25.0,3068,15022409.0,3.793009652831762e-05
2023-12-11,10:15:08,21.3998,23.5,25.0,3068,15022406.0,3.793009652831762e-05
2023-12-11,10:15:08,21.4032,23.5,25.0,3066,15022404.0,3.805162371958823e-05
2023-12-11,10:15:08,21.4104,23.5,25.0,3064,15022407.0,3.817354028129473e-05
2023-12-11,10:15:08,21.414,23.5,25.0,3068,15022404.0,3.793009652831762e-05
2023-12-11,10:15:08,21.4176,23.5,25.0,3068,15022407.0,3.793009652831762e-05
2023-12-11,10:15:08,21.421,23.5,25.0,3064,15022408.0,3.817354028129473e-05
2023-12-11,10:15:08,21.4245,23.5,25.0,3062,15022403.0,3.829584746097138e-05
2023-12-11,10:15:08,21.4282,23.5,25.0,3064,15022404.0,3.817354028129473e-05
2023-12-11,10:15:08,21.4319,23.5,25.0,3067,15022409.0,3.799081153046356e-05
2023-12-11,10:15:08,21.4354,23.5,25.0,3068,15022406.0,3.793009652831762e-05
2023-12-11,10:15:08,21.4424,23.5,25.0,3063,15022408.0,3.823464496575992e-05
2023-12-11,10:15:08,21.446,23.5,25.0,3063,15022406.0,3.823464496575992e-05
2023-12-11,10:15:08,21.4496,23.5,25.0,3067,15022403.0,3.799081153046356e-05
2023-12-11,10:15:08,21.4532,23.5,25.0,3068,15022406.0,3.793009652831762e-05
2023-12-11,10:15:08,21.4567,23.5,25.0,3064,15022408.0,3.817354028129473e-05
2023-12-11,10:15:08,21.4603,23.5,25.0,3061,15022403.0,3.835714792349559e-05
2023-12-11,10:15:08,21.4639,23.5,25.0,3063,15022405.0,3.823464496575992e-05
2023-12-11,10:15:08,21.4675,23.5,25.0,3067,15022410.0,3.799081153046356e-05
2023-12-11,10:15:08,21.4745,23.5,25.0,3063,15022401.0,3.823464496575992e-05
2023-12-11,10:15:08,21.4781,23.5,25.0,3060,15022407.0,3.841854651014953e-05
2023-12-11,10:15:08,21.4817,23.5,25.0,3063,15022407.0,3.823464496575992e-05
2023-12-11,10:15:08,21.4853,23.5,25.0,3067,15022403.0,3.799081153046356e-05
2023-12-11,10:15:08,21.4887,23.5,25.0,3066,15022405.0,3.805162371958823e-05
2023-12-11,10:15:08,21.4923,23.5,25.0,3064,15022406.0,3.817354028129473e-05
2023-12-11,10:15:08,21.4959,23.5,25.0,3062,15022403.0,3.829584746097138e-05
2023-12-11,10:15:08,21.4995,23.5,25.0,3062,15022404.0,3.829584746097138e-05
2023-12-11,10:15:08,21.5067,23.5,25.0,3066,15022406.0,3.805162371958823e-05
2023-12-11,10:15:08,21.5101,23.5,25.0,3062,15022403.0,3.829584746097138e-05
2023-12-11,10:15:08,21.5136,23.5,25.0,3060,15022407.0,3.841854651014953e-05
2023-12-11,10:15:08,21.5172,23.5,25.0,3061,15022406.0,3.835714792349559e-05
2023-12-11,10:15:08,21.5207,23.5,25.0,3064,15022403.0,3.817354028129473e-05
2023-12-11,10:15:08,21.5244,23.5,25.0,3064,15022405.0,3.817354028129473e-05
2023-12-11,10:15:08,21.528,23.5,25.0,3061,15022406.0,3.835714792349559e-05
2023-12-11,10:15:08,21.5315,23.5,25.0,3060,15022403.0,3.841854651014953e-05
2023-12-11,10:15:08,21.5387,23.5,25.0,3062,15022406.0,3.829584746097138e-05
2023-12-11,10:15:08,21.5422,23.5,25.0,3063,15022403.0,3.823464496575992e-05
2023-12-11,10:15:08,21.5458,23.5,25.0,3062,15022403.0,3.829584746097138e-05
2023-12-11,10:15:08,21.5493,23.5,25.0,3059,15022407.0,3.848004337800132e-05
2023-12-11,10:15:08,21.5529,23.5,25.0,3059,15022406.0,3.848004337800132e-05
2023-12-11,10:15:08,21.5566,23.5,25.0,3062,15022403.0,3.829584746097138e-05
2023-12-11,10:15:08,21.56,23.5,25.0,3064,15022406.0,3.817354028129473e-05
2023-12-11,10:15:08,21.5635,23.5,25.0,3061,15022406.0,3.835714792349559e-05
2023-12-11,10:15:08,21.5707,23.5,25.0,3056,15022405.0,3.866512524319794e-05
2023-12-11,10:15:08,21.5742,23.5,25.0,3060,15022407.0,3.841854651014953e-05
2023-12-11,10:15:08,21.5778,23.5,25.0,3063,15022402.0,3.823464496575992e-05
2023-12-11,10:15:08,21.5814,23.5,25.0,3060,15022401.0,3.841854651014953e-05
2023-12-11,10:15:08,21.585,23.5,25.0,3056,15022406.0,3.866512524319794e-05
2023-12-11,10:15:08,21.5886,23.5,25.0,3058,15022405.0,3.854163868437039e-05
2023-12-11,10:15:08,21.5922,23.5,25.0,3062,15022403.0,3.829584746097138e-05
2023-12-11,10:15:08,21.5956,23.5,25.0,3063,15022405.0,3.823464496575992e-05
2023-12-11,10:15:08,21.6028,23.5,25.0,3056,15022400.0,3.866512524319794e-05
2023-12-11,10:15:08,21.6064,23.5,25.0,3055,15022404.0,3.872701681155609e-05
2023-12-11,10:15:08,21.61,23.5,25.0,3058,15022406.0,3.854163868437039e-05
2023-12-11,10:15:08,21.6137,23.5,25.0,3061,15022401.0,3.835714792349559e-05
2023-12-11,10:15:08,21.6171,23.5,25.0,3059,15022401.0,3.848004337800132e-05
2023-12-11,10:15:08,21.6206,23.5,25.0,3055,15022406.0,3.872701681155609e-05
2023-12-11,10:15:08,21.6242,23.5,25.0,3055,15022404.0,3.872701681155609e-05
2023-12-11,10:15:08,21.6277,23.5,25.0,3059,15022401.0,3.848004337800132e-05
2023-12-11,10:15:08,21.6348,23.5,25.0,3058,15022405.0,3.854163868437039e-05
2023-12-11,10:15:08,21.6384,23.5,25.0,3054,15022401.0,3.878900745023173e-05
2023-12-11,10:15:08,21.642,23.5,25.0,3053,15022405.0,3.88510973178075e-05
2023-12-11,10:15:08,21.6455,23.5,25.0,3056,15022407.0,3.866512524319794e-05
2023-12-11,10:15:08,21.6491,23.5,25.0,3060,15022402.0,3.841854651014953e-05
2023-12-11,10:15:08,21.6526,23.5,25.0,3059,15022402.0,3.848004337800132e-05
2023-12-11,10:15:08,21.6562,23.5,25.0,3055,15022405.0,3.872701681155609e-05
2023-12-11,10:15:08,21.6597,23.5,25.0,3053,15022403.0,3.88510973178075e-05
2023-12-11,10:15:08,21.6669,23.5,25.0,3059,15022404.0,3.848004337800132e-05
2023-12-11,10:15:08,21.6704,23.5,25.0,3057,15022402.0,3.860333258682812e-05
2023-12-11,10:15:08,21.6738,23.5,25.0,3053,15022399.0,3.88510973178075e-05
2023-12-11,10:15:08,21.6775,23.5,25.0,3051,15022404.0,3.897557537525958e-05
2023-12-11,10:15:08,21.6812,23.5,25.0,3055,15022407.0,3.872701681155609e-05
2023-12-11,10:15:08,21.6847,23.5,25.0,3059,15022401.0,3.848004337800132e-05
2023-12-11,10:15:08,21.6882,23.5,25.0,3057,15022401.0,3.860333258682812e-05
2023-12-11,10:15:08,21.6916,23.5,25.0,3053,15022404.0,3.88510973178075e-05
2023-12-11,10:15:08,21.6989,23.5,25.0,3055,15022402.0,3.872701681155609e-05
2023-12-11,10:15:08,21.7025,23.5,25.0,3057,15022403.0,3.860333258682812e-05
2023-12-11,10:15:08,21.706,23.5,25.0,3056,15022400.0,3.866512524319794e-05
2023-12-11,10:15:08,21.7094,23.5,25.0,3054,15022399.0,3.878900745023173e-05
2023-12-11,10:15:08,21.713,23.5,25.0,3051,15022404.0,3.897557537525958e-05
2023-12-11,10:15:08,21.7167,23.5,25.0,3052,15022404.0,3.891328657311985e-05
2023-12-11,10:15:08,21.7203,23.5,25.0,3056,15022399.0,3.866512524319794e-05
2023-12-11,10:15:08,21.7237,23.5,25.0,3057,15022402.0,3.860333258682812e-05
2023-12-11,10:15:08,21.7308,23.5,25.0,3050,15022398.0,3.903796388357198e-05
2023-12-11,10:15:08,21.7344,23.5,25.0,3051,15022400.0,3.897557537525958e-05
2023-12-11,10:15:08,21.738,23.5,25.0,3054,15022404.0,3.878900745023173e-05
2023-12-11,10:15:08,21.7417,23.5,25.0,3055,15022399.0,3.872701681155609e-05
2023-12-11,10:15:08,21.7452,23.5,25.0,3053,15022398.0,3.88510973178075e-05
2023-12-11,10:15:08,21.7488,23.5,25.0,3050,15022403.0,3.903796388357198e-05
2023-12-11,10:15:08,21.7524,23.5,25.0,3051,15022402.0,3.897557537525958e-05
2023-12-11,10:15:08,21.7559,23.5,25.0,3054,15022399.0,3.878900745023173e-05
2023-12-11,10:15:08,21.7629,23.5,25.0,3050,15022403.0,3.903796388357198e-05
2023-12-11,10:15:08,21.7665,23.5,25.0,3047,15022397.0,3.922572924282782e-05
2023-12-11,10:15:08,21.7702,23.5,25.0,3050,15022399.0,3.903796388357198e-05
2023-12-11,10:15:08,21.7739,23.5,25.0,3054,15022403.0,3.878900745023173e-05
2023-12-11,10:15:08,21.7774,23.5,25.0,3054,15022398.0,3.878900745023173e-05
2023-12-11,10:15:08,21.7808,23.5,25.0,3052,15022397.0,3.891328657311985e-05
2023-12-11,10:15:08,21.7844,23.5,25.0,3050,15022402.0,3.903796388357198e-05
2023-12-11,10:15:08,21.788,23.5,25.0,3049,15022402.0,3.910045225765757e-05
2023-12-11,10:15:08,21.795,23.5,25.0,3053,15022398.0,3.88510973178075e-05
2023-12-11,10:15:08,21.7985,23.5,25.0,3049,15022400.0,3.910045225765757e-05
2023-12-11,10:15:08,21.8022,23.5,25.0,3047,15022397.0,3.922572924282782e-05
2023-12-11,10:15:08,21.8059,23.5,25.0,3049,15022398.0,3.910045225765757e-05
2023-12-11,10:15:08,21.8094,23.5,25.0,3053,15022402.0,3.88510973178075e-05
2023-12-11,10:15:08,21.8128,23.5,25.0,3054,15022396.0,3.878900745023173e-05
2023-12-11,10:15:08,21.8164,23.5,25.0,3051,15022396.0,3.897557537525958e-05
2023-12-11,10:15:08,21.8199,23.5,25.0,3047,15022402.0,3.922572924282782e-05
2023-12-11,10:15:08,21.8272,23.5,25.0,3049,15022399.0,3.910045225765757e-05
2023-12-11,10:15:08,21.8308,23.5,25.0,3051,15022400.0,3.897557537525958e-05
2023-12-11,10:15:08,21.8342,23.5,25.0,3048,15022400.0,3.916304065737224e-05
2023-12-11,10:15:08,21.8378,23.5,25.0,3045,15022396.0,3.935140761269075e-05
2023-12-11,10:15:08,21.8415,23.5,25.0,3046,15022399.0,3.928851817439237e-05
2023-12-11,10:15:08,21.845,23.5,25.0,3048,15022402.0,3.916304065737224e-05
2023-12-11,10:15:08,21.8485,23.5,25.0,3049,15022397.0,3.910045225765757e-05
2023-12-11,10:15:08,21.8521,23.5,25.0,3049,15022397.0,3.910045225765757e-05
2023-12-11,10:15:08,21.8592,23.5,25.0,3044,15022398.0,3.941439771860481e-05
2023-12-11,10:15:08,21.8628,23.5,25.0,3048,15022396.0,3.916304065737224e-05
2023-12-11,10:15:08,21.8663,23.5,25.0,3051,15022399.0,3.897557537525958e-05
2023-12-11,10:15:08,21.8699,23.5,25.0,3049,15022397.0,3.910045225765757e-05
2023-12-11,10:15:08,21.8735,23.5,25.0,3046,15022395.0,3.928851817439237e-05
2023-12-11,10:15:08,21.8771,23.5,25.0,3045,15022399.0,3.935140761269075e-05
2023-12-11,10:15:08,21.8805,23.5,25.0,3046,15022401.0,3.928851817439237e-05
2023-12-11,10:15:08,21.884,23.5,25.0,3048,15022396.0,3.916304065737224e-05
2023-12-11,10:15:08,21.8912,23.5,25.0,3045,15022401.0,3.935140761269075e-05
2023-12-11,10:15:08,21.8948,23.5,25.0,3044,15022397.0,3.941439771860481e-05
2023-12-11,10:15:08,21.8983,23.5,25.0,3047,15022396.0,3.922572924282782e-05
2023-12-11,10:15:08,21.9019,23.5,25.0,3049,15022398.0,3.910045225765757e-05
2023-12-11,10:15:08,21.9055,23.5,25.0,3048,15022396.0,3.916304065737224e-05
2023-12-11,10:15:08,21.909,23.5,25.0,3045,15022395.0,3.935140761269075e-05
2023-12-11,10:15:08,21.9125,23.5,25.0,3044,15022398.0,3.941439771860481e-05
2023-12-11,10:15:08,21.9161,23.5,25.0,3045,15022399.0,3.935140761269075e-05
2023-12-11,10:15:08,21.9232,23.5,25.0,3048,15022393.0,3.916304065737224e-05
2023-12-11,10:15:08,21.9268,23.5,25.0,3045,15022397.0,3.935140761269075e-05
2023-12-11,10:15:08,21.9303,23.5,25.0,3043,15022397.0,3.947748865327405e-05
2023-12-11,10:15:08,21.9338,23.5,25.0,3044,15022397.0,3.941439771860481e-05
2023-12-11,10:15:08,21.9374,23.5,25.0,3046,15022398.0,3.928851817439237e-05
2023-12-11,10:15:08,21.9411,23.5,25.0,3047,15022395.0,3.922572924282782e-05
2023-12-11,10:15:08,21.9445,23.5,25.0,3045,15022395.0,3.935140761269075e-05
2023-12-11,10:15:08,21.948,23.5,25.0,3043,15022399.0,3.947748865327405e-05
2023-12-11,10:15:08,21.9552,23.5,25.0,3046,15022396.0,3.928851817439237e-05
2023-12-11,10:15:08,21.9588,23.5,25.0,3047,15022394.0,3.922572924282782e-05
2023-12-11,10:15:08,21.9623,23.5,25.0,3046,15022393.0,3.928851817439237e-05
2023-12-11,10:15:08,21.9659,23.5,25.0,3043,15022393.0,3.947748865327405e-05
2023-12-11,10:15:08,21.9695,23.5,25.0,3043,15022396.0,3.947748865327405e-05
2023-12-11,10:15:08,21.9731,23.5,25.0,3045,15022396.0,3.935140761269075e-05
2023-12-11,10:15:08,21.9767,23.5,25.0,3046,15022390.0,3.928851817439237e-05
2023-12-11,10:15:08,21.9803,23.5,25.0,3044,15022393.0,3.941439771860481e-05
2023-12-11,10:15:08,21.9873,23.5,25.0,3042,15022395.0,3.95406805780958e-05
2023-12-11,10:15:08,21.991,23.5,25.0,3044,15022392.0,3.941439771860481e-05
2023-12-11,10:15:08,21.9946,23.5,25.0,3046,15022394.0,3.928851817439237e-05
2023-12-11,10:15:08,21.998,23.5,25.0,3045,15022395.0,3.935140761269075e-05
2023-12-11,10:15:08,22.0015,23.5,25.0,3041,15022392.0,3.960397365472582e-05
2023-12-11,10:15:08,22.0051,23.5,25.0,3041,15022395.0,3.960397365472582e-05
2023-12-11,10:15:08,22.0088,23.5,25.0,3044,15022396.0,3.941439771860481e-05
2023-12-11,10:15:08,22.0124,23.5,25.0,3045,15022390.0,3.935140761269075e-05
2023-12-11,10:15:08,22.0193,23.5,25.0,3040,15022397.0,3.966736804507856e-05
2023-12-11,10:15:08,22.0229,23.5,25.0,3039,15022394.0,3.973086391132776e-05
2023-12-11,10:15:08,22.0266,23.5,25.0,3042,15022390.0,3.95406805780958e-05
2023-12-11,10:15:08,22.0302,23.5,25.0,3045,15022392.0,3.935140761269075e-05
2023-12-11,10:15:08,22.0338,23.5,25.0,3043,15022393.0,3.947748865327405e-05
2023-12-11,10:15:08,22.0373,23.5,25.0,3037,15022390.0,3.985816072150841e-05
2023-12-11,10:15:08,22.0409,23.5,25.0,3037,15022392.0,3.985816072150841e-05
2023-12-11,10:15:08,22.0445,23.5,25.0,3042,15022395.0,3.95406805780958e-05
2023-12-11,10:15:08,22.0516,23.5,25.0,3043,15022390.0,3.947748865327405e-05
2023-12-11,10:15:08,22.055,23.5,25.0,3041,15022396.0,3.960397365472582e-05
2023-12-11,10:15:08,22.0586,23.5,25.0,3038,15022393.0,3.979446141590659e-05
2023-12-11,10:15:08,22.0622,23.5,25.0,3041,15022389.0,3.960397365472582e-05
2023-12-11,10:15:08,22.0658,23.5,25.0,3045,15022391.0,3.935140761269075e-05
2023-12-11,10:15:08,22.0693,23.5,25.0,3044,15022391.0,3.941439771860481e-05
2023-12-11,10:15:08,22.0729,23.5,25.0,3039,15022391.0,3.973086391132776e-05
2023-12-11,10:15:08,22.0765,23.5,25.0,3037,15022394.0,3.985816072150841e-05
2023-12-11,10:15:08,22.0837,23.5,25.0,3042,15022390.0,3.95406805780958e-05
2023-12-11,10:15:08,22.0873,23.5,25.0,3041,15022390.0,3.960397365472582e-05
2023-12-11,10:15:08,22.0907,23.5,25.0,3041,15022391.0,3.960397365472582e-05
2023-12-11,10:15:08,22.0942,23.5,25.0,3040,15022390.0,3.966736804507856e-05
2023-12-11,10:15:08,22.0978,23.5,25.0,3039,15022392.0,3.973086391132776e-05
2023-12-11,10:15:08,22.1013,23.5,25.0,3042,15022391.0,3.95406805780958e-05
2023-12-11,10:15:08,22.1049,23.5,25.0,3043,15022387.0,3.947748865327405e-05
2023-12-11,10:15:08,22.1085,23.5,25.0,3040,15022388.0,3.966736804507856e-05
2023-12-11,10:15:08,22.1157,23.5,25.0,3035,15022391.0,3.998586538785644e-05
2023-12-11,10:15:08,22.1193,23.5,25.0,3038,15022386.0,3.979446141590659e-05
2023-12-11,10:15:08,22.1228,23.5,25.0,3041,15022389.0,3.960397365472582e-05
2023-12-11,10:15:08,22.1264,23.5,25.0,3038,15022392.0,3.979446141590659e-05
2023-12-11,10:15:08,22.13,23.5,25.0,3035,15022391.0,3.998586538785644e-05
2023-12-11,10:15:08,22.1336,23.5,25.0,3037,15022388.0,3.985816072150841e-05
2023-12-11,10:15:08,22.1371,23.5,25.0,3040,15022390.0,3.966736804507856e-05
2023-12-11,10:15:08,22.1405,23.5,25.0,3040,15022384.0,3.966736804507856e-05
2023-12-11,10:15:08,22.1477,23.5,25.0,3035,15022394.0,3.998586538785644e-05
2023-12-11,10:15:08,22.1513,23.5,25.0,3034,15022388.0,4.004987107529301e-05
2023-12-11,10:15:08,22.1548,23.5,25.0,3037,15022384.0,3.985816072150841e-05
2023-12-11,10:15:08,22.1584,23.5,25.0,3041,15022391.0,3.960397365472582e-05
2023-12-11,10:15:08,22.162,23.5,25.0,3040,15022392.0,3.966736804507856e-05
2023-12-11,10:15:08,22.1656,23.5,25.0,3035,15022387.0,3.998586538785644e-05
2023-12-11,10:15:08,22.1692,23.5,25.0,3035,15022389.0,3.998586538785644e-05
2023-12-11,10:15:08,22.1728,23.5,25.0,3040,15022392.0,3.966736804507856e-05
2023-12-11,10:15:08,22.1762,23.5,25.0,3040,15022388.0,3.966736804507856e-05
2023-12-11,10:15:08,22.1834,23.5,25.0,3034,15022391.0,4.004987107529301e-05
2023-12-11,10:15:08,22.1871,23.5,25.0,3033,15022388.0,4.011397921713403e-05
2023-12-11,10:15:08,22.1906,23.5,25.0,3035,15022383.0,3.998586538785644e-05
2023-12-11,10:15:08,22.1941,23.5,25.0,3042,15022391.0,3.95406805780958e-05
2023-12-11,10:15:08,22.1977,23.5,25.0,3041,15022392.0,3.960397365472582e-05
2023-12-11,10:15:08,22.2012,23.5,25.0,3033,15022386.0,4.011397921713403e-05
2023-12-11,10:15:08,22.2048,23.5,25.0,3033,15022388.0,4.011397921713403e-05
2023-12-11,10:15:08,22.2084,23.5,25.0,3038,15022391.0,3.979446141590659e-05
2023-12-11,10:15:08,22.2154,23.5,25.0,3038,15022385.0,3.979446141590659e-05
2023-12-11,10:15:08,22.2188,23.5,25.0,3034,15022392.0,4.004987107529301e-05
2023-12-11,10:15:08,22.2224,23.5,25.0,3032,15022388.0,4.017818997737903e-05
2023-12-11,10:15:08,22.226,23.5,25.0,3036,15022383.0,3.992196199108682e-05
2023-12-11,10:15:08,22.2296,23.5,25.0,3040,15022386.0,3.966736804507856e-05
2023-12-11,10:15:08,22.2332,23.5,25.0,3038,15022387.0,3.979446141590659e-05
2023-12-11,10:15:08,22.2368,23.5,25.0,3033,15022384.0,4.011397921713403e-05
2023-12-11,10:15:08,22.2404,23.5,25.0,3032,15022387.0,4.017818997737903e-05
2023-12-11,10:15:08,22.2475,23.5,25.0,3037,15022383.0,3.985816072150841e-05
2023-12-11,10:15:08,22.251,23.5,25.0,3036,15022384.0,3.992196199108682e-05
2023-12-11,10:15:08,22.2544,23.5,25.0,3033,15022389.0,4.011397921713403e-05
2023-12-11,10:15:08,22.2581,23.5,25.0,3030,15022384.0,4.030692001039233e-05
2023-12-11,10:15:08,22.2619,23.5,25.0,3033,15022382.0,4.011397921713403e-05
2023-12-11,10:15:08,22.2653,23.5,25.0,3039,15022387.0,3.973086391132776e-05
2023-12-11,10:15:08,22.2688,23.5,25.0,3038,15022386.0,3.979446141590659e-05
2023-12-11,10:15:08,22.2724,23.5,25.0,3031,15022383.0,4.024250352029014e-05
2023-12-11,10:15:08,22.2795,23.5,25.0,3034,15022386.0,4.004987107529301e-05
2023-12-11,10:15:08,22.2831,23.5,25.0,3036,15022382.0,3.992196199108682e-05
2023-12-11,10:15:09,22.2867,23.5,25.0,3036,15022386.0,3.992196199108682e-05
2023-12-11,10:15:09,22.2901,23.5,25.0,3032,15022390.0,4.017818997737903e-05
2023-12-11,10:15:09,22.2937,23.5,25.0,3028,15022384.0,4.043606249158732e-05
2023-12-11,10:15:09,22.2974,23.5,25.0,3031,15022382.0,4.024250352029014e-05
2023-12-11,10:15:09,22.301,23.5,25.0,3036,15022386.0,3.992196199108682e-05
2023-12-11,10:15:09,22.3046,23.5,25.0,3035,15022384.0,3.998586538785644e-05
2023-12-11,10:15:09,22.3118,23.5,25.0,3027,15022388.0,4.050078881304863e-05
2023-12-11,10:15:09,22.3154,23.5,25.0,3033,15022389.0,4.011397921713403e-05
2023-12-11,10:15:09,22.3188,23.5,25.0,3037,15022381.0,3.985816072150841e-05
2023-12-11,10:15:09,22.3223,23.5,25.0,3034,15022379.0,4.004987107529301e-05
2023-12-11,10:15:09,22.3259,23.5,25.0,3029,15022386.0,4.037143961247402e-05
2023-12-11,10:15:09,22.3294,23.5,25.0,3027,15022385.0,4.050078881304863e-05
2023-12-11,10:15:09,22.3332,23.5,25.0,3031,15022382.0,4.024250352029014e-05
2023-12-11,10:15:09,22.3369,23.5,25.0,3036,15022386.0,3.992196199108682e-05
2023-12-11,10:15:09,22.3438,23.5,25.0,3029,15022381.0,4.037143961247402e-05
2023-12-11,10:15:09,22.3474,23.5,25.0,3028,15022386.0,4.043606249158732e-05
2023-12-11,10:15:09,22.3509,23.5,25.0,3032,15022385.0,4.017818997737903e-05
2023-12-11,10:15:09,22.3545,23.5,25.0,3036,15022379.0,3.992196199108682e-05
2023-12-11,10:15:09,22.3581,23.5,25.0,3034,15022380.0,4.004987107529301e-05
2023-12-11,10:15:09,22.3617,23.5,25.0,3030,15022385.0,4.030692001039233e-05
2023-12-11,10:15:09,22.3653,23.5,25.0,3028,15022381.0,4.043606249158732e-05
2023-12-11,10:15:09,22.3689,23.5,25.0,3031,15022378.0,4.024250352029014e-05
2023-12-11,10:15:09,22.376,23.5,25.0,3032,15022385.0,4.017818997737903e-05
2023-12-11,10:15:09,22.3795,23.5,25.0,3026,15022379.0,4.056561874243887e-05
2023-12-11,10:15:09,22.3832,23.5,25.0,3026,15022384.0,4.056561874243887e-05
2023-12-11,10:15:09,22.3868,23.5,25.0,3031,15022385.0,4.024250352029014e-05
2023-12-11,10:15:09,22.3904,23.5,25.0,3034,15022378.0,4.004987107529301e-05
2023-12-11,10:15:09,22.394,23.5,25.0,3032,15022380.0,4.017818997737903e-05
2023-12-11,10:15:09,22.3975,23.5,25.0,3028,15022385.0,4.043606249158732e-05
2023-12-11,10:15:09,22.401,23.5,25.0,3026,15022381.0,4.056561874243887e-05
2023-12-11,10:15:09,22.4046,23.5,25.0,3029,15022378.0,4.037143961247402e-05
2023-12-11,10:15:09,22.4117,23.5,25.0,3033,15022383.0,4.011397921713403e-05
2023-12-11,10:15:09,22.4152,23.5,25.0,3026,15022376.0,4.056561874243887e-05
2023-12-11,10:15:09,22.4188,23.5,25.0,3025,15022382.0,4.06305524456041e-05
2023-12-11,10:15:09,22.4224,23.5,25.0,3031,15022385.0,4.024250352029014e-05
2023-12-11,10:15:09,22.426,23.5,25.0,3033,15022377.0,4.011397921713403e-05
2023-12-11,10:15:09,22.4295,23.5,25.0,3031,15022379.0,4.024250352029014e-05
2023-12-11,10:15:09,22.4331,23.5,25.0,3027,15022386.0,4.050078881304863e-05
2023-12-11,10:15:09,22.4367,23.5,25.0,3025,15022382.0,4.06305524456041e-05
2023-12-11,10:15:09,22.4439,23.5,25.0,3033,15022383.0,4.011397921713403e-05
2023-12-11,10:15:09,22.4475,23.5,25.0,3031,15022382.0,4.024250352029014e-05
2023-12-11,10:15:09,22.451,23.5,25.0,3024,15022378.0,4.069559008865578e-05
2023-12-11,10:15:09,22.4546,23.5,25.0,3025,15022382.0,4.06305524456041e-05
2023-12-11,10:15:09,22.4583,23.5,25.0,3031,15022385.0,4.024250352029014e-05
2023-12-11,10:15:09,22.4619,23.5,25.0,3033,15022377.0,4.011397921713403e-05
2023-12-11,10:15:09,22.4652,23.5,25.0,3029,15022375.0,4.037143961247402e-05
2023-12-11,10:15:09,22.4688,23.5,25.0,3025,15022383.0,4.06305524456041e-05
2023-12-11,10:15:09,22.4761,23.5,25.0,3029,15022378.0,4.037143961247402e-05
2023-12-11,10:15:09,22.4797,23.5,25.0,3032,15022379.0,4.017818997737903e-05
2023-12-11,10:15:09,22.4832,23.5,25.0,3028,15022381.0,4.043606249158732e-05
2023-12-11,10:15:09,22.4866,23.5,25.0,3023,15022378.0,4.076073183797135e-05
2023-12-11,10:15:09,22.4903,23.5,25.0,3024,15022381.0,4.069559008865578e-05
2023-12-11,10:15:09,22.494,23.5,25.0,3028,15022382.0,4.043606249158732e-05
2023-12-11,10:15:09,22.4976,23.5,25.0,3030,15022376.0,4.030692001039233e-05
2023-12-11,10:15:09,22.5011,23.5,25.0,3028,15022376.0,4.043606249158732e-05
2023-12-11,10:15:09,22.5083,23.5,25.0,3025,15022380.0,4.06305524456041e-05
2023-12-11,10:15:09,22.5118,23.5,25.0,3029,15022375.0,4.037143961247402e-05
2023-12-11,10:15:09,22.5153,23.5,25.0,3033,15022379.0,4.011397921713403e-05
2023-12-11,10:15:09,22.5189,23.5,25.0,3030,15022379.0,4.030692001039233e-05
2023-12-11,10:15:09,22.5225,23.5,25.0,3023,15022375.0,4.076073183797135e-05
2023-12-11,10:15:09,22.526,23.5,25.0,3024,15022380.0,4.069559008865578e-05
2023-12-11,10:15:09,22.5296,23.5,25.0,3030,15022384.0,4.030692001039233e-05
2023-12-11,10:15:09,22.5332,23.5,25.0,3029,15022378.0,4.037143961247402e-05
2023-12-11,10:15:09,22.5368,23.5,25.0,3025,15022375.0,4.06305524456041e-05
2023-12-11,10:15:09,22.544,23.5,25.0,3023,15022379.0,4.076073183797135e-05
2023-12-11,10:15:09,22.5476,23.5,25.0,3026,15022375.0,4.056561874243887e-05
2023-12-11,10:15:09,22.5511,23.5,25.0,3030,15022378.0,4.030692001039233e-05
2023-12-11,10:15:09,22.5547,23.5,25.0,3026,15022380.0,4.056561874243887e-05
2023-12-11,10:15:09,22.5583,23.5,25.0,3021,15022376.0,4.089132832223565e-05
2023-12-11,10:15:09,22.5619,23.5,25.0,3024,15022378.0,4.069559008865578e-05
2023-12-11,10:15:09,22.5655,23.5,25.0,3028,15022381.0,4.043606249158732e-05
2023-12-11,10:15:09,22.5691,23.5,25.0,3027,15022375.0,4.050078881304863e-05
2023-12-11,10:15:09,22.5761,23.5,25.0,3023,15022382.0,4.076073183797135e-05
2023-12-11,10:15:09,22.5798,23.5,25.0,3022,15022380.0,4.082597786019447e-05
2023-12-11,10:15:09,22.5833,23.5,25.0,3025,15022375.0,4.06305524456041e-05
2023-12-11,10:15:09,22.5867,23.5,25.0,3027,15022376.0,4.050078881304863e-05
2023-12-11,10:15:09,22.5903,23.5,25.0,3023,15022379.0,4.076073183797135e-05
2023-12-11,10:15:09,22.594,23.5,25.0,3020,15022378.0,4.095678339127246e-05
2023-12-11,10:15:09,22.5977,23.5,25.0,3023,15022377.0,4.076073183797135e-05
2023-12-11,10:15:09,22.6013,23.5,25.0,3026,15022378.0,4.056561874243887e-05
2023-12-11,10:15:09,22.6082,23.5,25.0,3023,15022372.0,4.076073183797135e-05
2023-12-11,10:15:09,22.6118,23.5,25.0,3021,15022379.0,4.089132832223565e-05
2023-12-11,10:15:09,22.6155,23.5,25.0,3022,15022379.0,4.082597786019447e-05
2023-12-11,10:15:09,22.6192,23.5,25.0,3025,15022372.0,4.06305524456041e-05
2023-12-11,10:15:09,22.6227,23.5,25.0,3025,15022372.0,4.06305524456041e-05
2023-12-11,10:15:09,22.6261,23.5,25.0,3021,15022377.0,4.089132832223565e-05
2023-12-11,10:15:09,22.6299,23.5,25.0,3019,15022377.0,4.102234323475019e-05
2023-12-11,10:15:09,22.6334,23.5,25.0,3022,15022374.0,4.082597786019447e-05
2023-12-11,10:15:09,22.637,23.5,25.0,3025,15022376.0,4.06305524456041e-05
2023-12-11,10:15:09,22.6441,23.5,25.0,3019,15022372.0,4.102234323475019e-05
2023-12-11,10:15:09,22.6478,23.5,25.0,3019,15022377.0,4.102234323475019e-05
2023-12-11,10:15:09,22.6514,23.5,25.0,3021,15022378.0,4.089132832223565e-05
2023-12-11,10:15:09,22.6549,23.5,25.0,3023,15022372.0,4.076073183797135e-05
2023-12-11,10:15:09,22.6585,23.5,25.0,3024,15022372.0,4.069559008865578e-05
2023-12-11,10:15:09,22.6621,23.5,25.0,3022,15022377.0,4.082597786019447e-05
2023-12-11,10:15:09,22.6657,23.5,25.0,3019,15022376.0,4.102234323475019e-05
2023-12-11,10:15:09,22.6692,23.5,25.0,3022,15022373.0,4.082597786019447e-05
2023-12-11,10:15:09,22.6763,23.5,25.0,3023,15022376.0,4.076073183797135e-05
2023-12-11,10:15:09,22.6799,23.5,25.0,3019,15022372.0,4.102234323475019e-05
2023-12-11,10:15:09,22.6836,23.5,25.0,3020,15022375.0,4.095678339127246e-05
2023-12-11,10:15:09,22.6873,23.5,25.0,3022,15022378.0,4.082597786019447e-05
2023-12-11,10:15:09,22.6909,23.5,25.0,3023,15022373.0,4.076073183797135e-05
2023-12-11,10:15:09,22.6944,23.5,25.0,3022,15022371.0,4.082597786019447e-05
2023-12-11,10:15:09,22.6978,23.5,25.0,3020,15022374.0,4.095678339127246e-05
2023-12-11,10:15:09,22.7015,23.5,25.0,3019,15022374.0,4.102234323475019e-05
2023-12-11,10:15:09,22.7051,23.5,25.0,3020,15022372.0,4.095678339127246e-05
2023-12-11,10:15:09,22.7122,23.5,25.0,3024,15022374.0,4.069559008865578e-05
2023-12-11,10:15:09,22.7157,23.5,25.0,3019,15022371.0,4.102234323475019e-05
2023-12-11,10:15:09,22.7193,23.5,25.0,3018,15022376.0,4.108800802038206e-05
2023-12-11,10:15:09,22.7229,23.5,25.0,3021,15022377.0,4.089132832223565e-05
2023-12-11,10:15:09,22.7265,23.5,25.0,3021,15022371.0,4.089132832223565e-05
2023-12-11,10:15:09,22.7301,23.5,25.0,3021,15022370.0,4.089132832223565e-05
2023-12-11,10:15:09,22.7337,23.5,25.0,3021,15022375.0,4.089132832223565e-05
2023-12-11,10:15:09,22.7372,23.5,25.0,3018,15022376.0,4.108800802038206e-05
2023-12-11,10:15:09,22.7444,23.5,25.0,3021,15022372.0,4.089132832223565e-05
2023-12-11,10:15:09,22.748,23.5,25.0,3019,15022374.0,4.102234323475019e-05
2023-12-11,10:15:09,22.7516,23.5,25.0,3017,15022372.0,4.115377791614988e-05
2023-12-11,10:15:09,22.7552,23.5,25.0,3018,15022375.0,4.108800802038206e-05
2023-12-11,10:15:09,22.7588,23.5,25.0,3020,15022376.0,4.095678339127246e-05
2023-12-11,10:15:09,22.7623,23.5,25.0,3020,15022370.0,4.095678339127246e-05
2023-12-11,10:15:09,22.7659,23.5,25.0,3019,15022368.0,4.102234323475019e-05
2023-12-11,10:15:09,22.7695,23.5,25.0,3018,15022374.0,4.108800802038206e-05
2023-12-11,10:15:09,22.7767,23.5,25.0,3019,15022371.0,4.102234323475019e-05
2023-12-11,10:15:09,22.7803,23.5,25.0,3020,15022369.0,4.095678339127246e-05
2023-12-11,10:15:09,22.7838,23.5,25.0,3017,15022371.0,4.115377791614988e-05
2023-12-11,10:15:09,22.7874,23.5,25.0,3015,15022373.0,4.12856337113649e-05
2023-12-11,10:15:09,22.791,23.5,25.0,3017,15022373.0,4.115377791614988e-05
2023-12-11,10:15:09,22.7946,23.5,25.0,3019,15022373.0,4.102234323475019e-05
2023-12-11,10:15:09,22.7982,23.5,25.0,3018,15022370.0,4.108800802038206e-05
2023-12-11,10:15:09,22.8016,23.5,25.0,3017,15022370.0,4.115377791614988e-05
2023-12-11,10:15:09,22.8052,23.5,25.0,3018,15022373.0,4.108800802038206e-05
2023-12-11,10:15:09,22.8125,23.5,25.0,3020,15022369.0,4.095678339127246e-05
2023-12-11,10:15:09,22.8161,23.5,25.0,3020,15022366.0,4.095678339127246e-05
2023-12-11,10:15:09,22.8197,23.5,25.0,3018,15022369.0,4.108800802038206e-05
2023-12-11,10:15:09,22.8233,23.5,25.0,3017,15022371.0,4.115377791614988e-05
2023-12-11,10:15:09,22.8267,23.5,25.0,3018,15022371.0,4.108800802038206e-05
2023-12-11,10:15:09,22.8302,23.5,25.0,3019,15022371.0,4.102234323475019e-05
2023-12-11,10:15:09,22.8339,23.5,25.0,3017,15022369.0,4.115377791614988e-05
2023-12-11,10:15:09,22.8375,23.5,25.0,3016,15022369.0,4.121965309030415e-05
2023-12-11,10:15:09,22.8445,23.5,25.0,3015,15022370.0,4.12856337113649e-05
2023-12-11,10:15:09,22.8482,23.5,25.0,3017,15022367.0,4.115377791614988e-05
2023-12-11,10:15:09,22.8518,23.5,25.0,3019,15022368.0,4.102234323475019e-05
2023-12-11,10:15:09,22.8553,23.5,25.0,3017,15022370.0,4.115377791614988e-05
2023-12-11,10:15:09,22.8588,23.5,25.0,3016,15022371.0,4.121965309030415e-05
2023-12-11,10:15:09,22.8624,23.5,25.0,3018,15022371.0,4.108800802038206e-05
2023-12-11,10:15:09,22.866,23.5,25.0,3019,15022371.0,4.102234323475019e-05
2023-12-11,10:15:09,22.8695,23.5,25.0,3017,15022369.0,4.115377791614988e-05
2023-12-11,10:15:09,22.8768,23.5,25.0,3016,15022372.0,4.121965309030415e-05
2023-12-11,10:15:09,22.8804,23.5,25.0,3016,15022371.0,4.121965309030415e-05
2023-12-11,10:15:09,22.8839,23.5,25.0,3015,15022366.0,4.12856337113649e-05
2023-12-11,10:15:09,22.8875,23.5,25.0,3016,15022366.0,4.121965309030415e-05
2023-12-11,10:15:09,22.8911,23.5,25.0,3016,15022367.0,4.121965309030415e-05
2023-12-11,10:15:09,22.8947,23.5,25.0,3014,15022369.0,4.135171994812177e-05
2023-12-11,10:15:09,22.8983,23.5,25.0,3015,15022369.0,4.12856337113649e-05
2023-12-11,10:15:09,22.9019,23.5,25.0,3017,15022369.0,4.115377791614988e-05
2023-12-11,10:15:09,22.9054,23.5,25.0,3015,15022369.0,4.12856337113649e-05
2023-12-11,10:15:09,22.9126,23.5,25.0,3016,15022371.0,4.121965309030415e-05
2023-12-11,10:15:09,22.9162,23.5,25.0,3015,15022370.0,4.12856337113649e-05
2023-12-11,10:15:09,22.9198,23.5,25.0,3017,15022365.0,4.115377791614988e-05
2023-12-11,10:15:09,22.9234,23.5,25.0,3017,15022365.0,4.115377791614988e-05
2023-12-11,10:15:09,22.9269,23.5,25.0,3015,15022368.0,4.12856337113649e-05
2023-12-11,10:15:09,22.9305,23.5,25.0,3014,15022368.0,4.135171994812177e-05
2023-12-11,10:15:09,22.9341,23.5,25.0,3014,15022368.0,4.135171994812177e-05
2023-12-11,10:15:09,22.9376,23.5,25.0,3014,15022367.0,4.135171994812177e-05
2023-12-11,10:15:09,22.9447,23.5,25.0,3014,15022370.0,4.135171994812177e-05
2023-12-11,10:15:09,22.9483,23.5,25.0,3015,15022373.0,4.12856337113649e-05
2023-12-11,10:15:09,22.952,23.5,25.0,3015,15022371.0,4.12856337113649e-05
2023-12-11,10:15:09,22.9556,23.5,25.0,3015,15022367.0,4.12856337113649e-05
2023-12-11,10:15:09,22.9591,23.5,25.0,3015,15022365.0,4.12856337113649e-05
2023-12-11,10:15:09,22.9625,23.5,25.0,3016,15022366.0,4.121965309030415e-05
2023-12-11,10:15:09,22.9662,23.5,25.0,3015,15022368.0,4.12856337113649e-05
2023-12-11,10:15:09,22.97,23.5,25.0,3013,15022367.0,4.141791196963466e-05
2023-12-11,10:15:09,22.9735,23.5,25.0,3014,15022366.0,4.135171994812177e-05
2023-12-11,10:15:09,22.9806,23.5,25.0,3012,15022368.0,4.148420994523402e-05
2023-12-11,10:15:09,22.9843,23.5,25.0,3013,15022369.0,4.141791196963466e-05
2023-12-11,10:15:09,22.9879,23.5,25.0,3012,15022367.0,4.148420994523402e-05
2023-12-11,10:15:09,22.9915,23.5,25.0,3012,15022364.0,4.148420994523402e-05
2023-12-11,10:15:09,22.995,23.5,25.0,3013,15022364.0,4.141791196963466e-05
2023-12-11,10:15:09,22.9986,23.5,25.0,3014,15022366.0,4.135171994812177e-05
2023-12-11,10:15:09,23.0021,23.5,25.0,3014,15022368.0,4.135171994812177e-05
2023-12-11,10:15:09,23.0057,23.5,25.0,3014,15022365.0,4.135171994812177e-05
2023-12-11,10:15:09,23.0128,23.5,25.0,3013,15022364.0,4.141791196963466e-05
2023-12-11,10:15:09,23.0164,23.5,25.0,3014,15022367.0,4.135171994812177e-05
2023-12-11,10:15:09,23.0201,23.5,25.0,3012,15022368.0,4.148420994523402e-05
2023-12-11,10:15:09,23.0236,23.5,25.0,3012,15022365.0,4.148420994523402e-05
2023-12-11,10:15:09,23.027,23.5,25.0,3012,15022364.0,4.148420994523402e-05
2023-12-11,10:15:09,23.0306,23.5,25.0,3012,15022365.0,4.148420994523402e-05
2023-12-11,10:15:09,23.0342,23.5,25.0,3013,15022366.0,4.141791196963466e-05
2023-12-11,10:15:09,23.0379,23.5,25.0,3012,15022366.0,4.148420994523402e-05
2023-12-11,10:15:09,23.045,23.5,25.0,3013,15022361.0,4.141791196963466e-05
2023-12-11,10:15:09,23.0485,23.5,25.0,3013,15022362.0,4.141791196963466e-05
2023-12-11,10:15:09,23.0521,23.5,25.0,3014,15022366.0,4.135171994812177e-05
2023-12-11,10:15:09,23.0557,23.5,25.0,3014,15022367.0,4.135171994812177e-05
2023-12-11,10:15:09,23.0593,23.5,25.0,3012,15022362.0,4.148420994523402e-05
2023-12-11,10:15:09,23.0629,23.5,25.0,3012,15022362.0,4.148420994523402e-05
2023-12-11,10:15:09,23.0665,23.5,25.0,3014,15022365.0,4.135171994812177e-05
2023-12-11,10:15:09,23.07,23.5,25.0,3013,15022367.0,4.141791196963466e-05
2023-12-11,10:15:09,23.0736,23.5,25.0,3010,15022366.0,4.161712443736986e-05
2023-12-11,10:15:09,23.0808,23.5,25.0,3011,15022361.0,4.155061404452143e-05
2023-12-11,10:15:09,23.0844,23.5,25.0,3012,15022362.0,4.148420994523402e-05
2023-12-11,10:15:09,23.088,23.5,25.0,3012,15022364.0,4.148420994523402e-05
2023-12-11,10:15:09,23.0916,23.5,25.0,3012,15022364.0,4.148420994523402e-05
2023-12-11,10:15:09,23.0951,23.5,25.0,3012,15022361.0,4.148420994523402e-05
2023-12-11,10:15:09,23.0987,23.5,25.0,3012,15022361.0,4.148420994523402e-05
2023-12-11,10:15:09,23.1023,23.5,25.0,3014,15022365.0,4.135171994812177e-05
2023-12-11,10:15:09,23.1059,23.5,25.0,3013,15022366.0,4.141791196963466e-05
2023-12-11,10:15:09,23.1131,23.5,25.0,3010,15022364.0,4.161712443736986e-05
2023-12-11,10:15:09,23.1166,23.5,25.0,3012,15022363.0,4.148420994523402e-05
2023-12-11,10:15:09,23.1202,23.5,25.0,3013,15022362.0,4.141791196963466e-05
2023-12-11,10:15:09,23.1238,23.5,25.0,3012,15022362.0,4.148420994523402e-05
2023-12-11,10:15:09,23.1274,23.5,25.0,3011,15022363.0,4.155061404452143e-05
2023-12-11,10:15:09,23.131,23.5,25.0,3010,15022360.0,4.161712443736986e-05
2023-12-11,10:15:09,23.1346,23.5,25.0,3011,15022359.0,4.155061404452143e-05
2023-12-11,10:15:09,23.1381,23.5,25.0,3012,15022362.0,4.148420994523402e-05
2023-12-11,10:15:09,23.1417,23.5,25.0,3011,15022363.0,4.155061404452143e-05
2023-12-11,10:15:09,23.1488,23.5,25.0,3010,15022362.0,4.161712443736986e-05
2023-12-11,10:15:09,23.1525,23.5,25.0,3012,15022364.0,4.148420994523402e-05
2023-12-11,10:15:09,23.1561,23.5,25.0,3013,15022363.0,4.141791196963466e-05
2023-12-11,10:15:09,23.1596,23.5,25.0,3010,15022362.0,4.161712443736986e-05
2023-12-11,10:15:09,23.1632,23.5,25.0,3008,15022362.0,4.175046478460198e-05
2023-12-11,10:15:09,23.1667,23.5,25.0,3008,15022359.0,4.175046478460198e-05
2023-12-11,10:15:09,23.1703,23.5,25.0,3010,15022358.0,4.161712443736986e-05
2023-12-11,10:15:09,23.174,23.5,25.0,3012,15022362.0,4.148420994523402e-05
2023-12-11,10:15:09,23.181,23.5,25.0,3010,15022357.0,4.161712443736986e-05
2023-12-11,10:15:09,23.1846,23.5,25.0,3008,15022360.0,4.175046478460198e-05
2023-12-11,10:15:09,23.1883,23.5,25.0,3011,15022362.0,4.155061404452143e-05
2023-12-11,10:15:09,23.1919,23.5,25.0,3013,15022361.0,4.141791196963466e-05
2023-12-11,10:15:09,23.1955,23.5,25.0,3011,15022361.0,4.155061404452143e-05
2023-12-11,10:15:09,23.1991,23.5,25.0,3009,15022361.0,4.16837412939243e-05
2023-12-11,10:15:09,23.2027,23.5,25.0,3009,15022359.0,4.16837412939243e-05
2023-12-11,10:15:09,23.2062,23.5,25.0,3011,15022358.0,4.155061404452143e-05
2023-12-11,10:15:09,23.2134,23.5,25.0,3009,15022364.0,4.16837412939243e-05
2023-12-11,10:15:09,23.2169,23.5,25.0,3007,15022360.0,4.181729508009303e-05
2023-12-11,10:15:09,23.2204,23.5,25.0,3008,15022359.0,4.175046478460198e-05
2023-12-11,10:15:09,23.2242,23.5,25.0,3011,15022362.0,4.155061404452143e-05
2023-12-11,10:15:09,23.2276,23.5,25.0,3012,15022361.0,4.148420994523402e-05
2023-12-11,10:15:09,23.2312,23.5,25.0,3009,15022359.0,4.16837412939243e-05
2023-12-11,10:15:09,23.2348,23.5,25.0,3007,15022360.0,4.181729508009303e-05
2023-12-11,10:15:09,23.2382,23.5,25.0,3008,15022359.0,4.175046478460198e-05
2023-12-11,10:15:09,23.2418,23.5,25.0,3011,15022359.0,4.155061404452143e-05
2023-12-11,10:15:09,23.249,23.5,25.0,3009,15022362.0,4.16837412939243e-05
2023-12-11,10:15:09,23.2527,23.5,25.0,3007,15022358.0,4.181729508009303e-05
2023-12-11,10:15:09,23.2563,23.5,25.0,3008,15022358.0,4.175046478460198e-05
2023-12-11,10:15:09,23.2599,23.5,25.0,3010,15022362.0,4.161712443736986e-05
2023-12-11,10:15:09,23.2635,23.5,25.0,3010,15022363.0,4.161712443736986e-05
2023-12-11,10:15:09,23.267,23.5,25.0,3007,15022360.0,4.181729508009303e-05
2023-12-11,10:15:09,23.2708,23.5,25.0,3006,15022358.0,4.188423235136067e-05
2023-12-11,10:15:09,23.2743,23.5,25.0,3008,15022359.0,4.175046478460198e-05
2023-12-11,10:15:09,23.2812,23.5,25.0,3010,15022359.0,4.161712443736986e-05
2023-12-11,10:15:09,23.285,23.5,25.0,3008,15022361.0,4.175046478460198e-05
2023-12-11,10:15:10,23.2885,23.5,25.0,3007,15022358.0,4.181729508009303e-05
2023-12-11,10:15:10,23.292,23.5,25.0,3009,15022358.0,4.16837412939243e-05
2023-12-11,10:15:10,23.2956,23.5,25.0,3012,15022362.0,4.148420994523402e-05
2023-12-11,10:15:10,23.2992,23.5,25.0,3011,15022361.0,4.155061404452143e-05
2023-12-11,10:15:10,23.3028,23.5,25.0,3006,15022356.0,4.188423235136067e-05
2023-12-11,10:15:10,23.3063,23.5,25.0,3005,15022358.0,4.195127676964197e-05
2023-12-11,10:15:10,23.31,23.5,25.0,3008,15022360.0,4.175046478460198e-05
2023-12-11,10:15:10,23.3171,23.5,25.0,3009,15022356.0,4.16837412939243e-05
2023-12-11,10:15:10,23.3207,23.5,25.0,3006,15022357.0,4.188423235136067e-05
2023-12-11,10:15:10,23.3243,23.5,25.0,3006,15022355.0,4.188423235136067e-05
2023-12-11,10:15:10,23.3278,23.5,25.0,3009,15022354.0,4.16837412939243e-05
2023-12-11,10:15:10,23.3314,23.5,25.0,3010,15022358.0,4.161712443736986e-05
2023-12-11,10:15:10,23.335,23.5,25.0,3008,15022358.0,4.175046478460198e-05
2023-12-11,10:15:10,23.3386,23.5,25.0,3006,15022356.0,4.188423235136067e-05
2023-12-11,10:15:10,23.3422,23.5,25.0,3006,15022357.0,4.188423235136067e-05
2023-12-11,10:15:10,23.3493,23.5,25.0,3010,15022358.0,4.161712443736986e-05
2023-12-11,10:15:10,23.3529,23.5,25.0,3008,15022356.0,4.175046478460198e-05
2023-12-11,10:15:10,23.3565,23.5,25.0,3005,15022357.0,4.195127676964197e-05
2023-12-11,10:15:10,23.3601,23.5,25.0,3005,15022355.0,4.195127676964197e-05
2023-12-11,10:15:10,23.3637,23.5,25.0,3008,15022355.0,4.175046478460198e-05
2023-12-11,10:15:10,23.3673,23.5,25.0,3009,15022358.0,4.16837412939243e-05
2023-12-11,10:15:10,23.3708,23.5,25.0,3006,15022358.0,4.188423235136067e-05
2023-12-11,10:15:10,23.3744,23.5,25.0,3005,15022355.0,4.195127676964197e-05
2023-12-11,10:15:10,23.3816,23.5,25.0,3008,15022357.0,4.175046478460198e-05
2023-12-11,10:15:10,23.3851,23.5,25.0,3009,15022356.0,4.16837412939243e-05
2023-12-11,10:15:10,23.3886,23.5,25.0,3006,15022354.0,4.188423235136067e-05
2023-12-11,10:15:10,23.3922,23.5,25.0,3004,15022356.0,4.201842850644788e-05
2023-12-11,10:15:10,23.3958,23.5,25.0,3006,15022355.0,4.188423235136067e-05
2023-12-11,10:15:10,23.3995,23.5,25.0,3009,15022354.0,4.16837412939243e-05
2023-12-11,10:15:10,23.403,23.5,25.0,3009,15022357.0,4.16837412939243e-05
2023-12-11,10:15:10,23.4064,23.5,25.0,3006,15022358.0,4.188423235136067e-05
2023-12-11,10:15:10,23.41,23.5,25.0,3005,15022355.0,4.195127676964197e-05
2023-12-11,10:15:10,23.4174,23.5,25.0,3008,15022357.0,4.175046478460198e-05
2023-12-11,10:15:10,23.4209,23.5,25.0,3009,15022356.0,4.16837412939243e-05
2023-12-11,10:15:10,23.4244,23.5,25.0,3006,15022354.0,4.188423235136067e-05
2023-12-11,10:15:10,23.4279,23.5,25.0,3004,15022356.0,4.201842850644788e-05
2023-12-11,10:15:10,23.4315,23.5,25.0,3007,15022356.0,4.181729508009303e-05
2023-12-11,10:15:10,23.4352,23.5,25.0,3010,15022353.0,4.161712443736986e-05
2023-12-11,10:15:10,23.4389,23.5,25.0,3009,15022355.0,4.16837412939243e-05
2023-12-11,10:15:10,23.4424,23.5,25.0,3006,15022356.0,4.188423235136067e-05
2023-12-11,10:15:10,23.4494,23.5,25.0,3005,15022354.0,4.195127676964197e-05
2023-12-11,10:15:10,23.453,23.5,25.0,3008,15022358.0,4.175046478460198e-05
2023-12-11,10:15:10,23.4566,23.5,25.0,3009,15022355.0,4.16837412939243e-05
2023-12-11,10:15:10,23.4602,23.5,25.0,3005,15022352.0,4.195127676964197e-05
2023-12-11,10:15:10,23.4638,23.5,25.0,3003,15022354.0,4.20856877335641e-05
2023-12-11,10:15:10,23.4675,23.5,25.0,3005,15022355.0,4.195127676964197e-05
2023-12-11,10:15:10,23.4711,23.5,25.0,3008,15022352.0,4.175046478460198e-05
2023-12-11,10:15:10,23.4745,23.5,25.0,3008,15022354.0,4.175046478460198e-05
2023-12-11,10:15:10,23.4781,23.5,25.0,3004,15022355.0,4.201842850644788e-05
2023-12-11,10:15:10,23.4854,23.5,25.0,3006,15022354.0,4.188423235136067e-05
2023-12-11,10:15:10,23.489,23.5,25.0,3008,15022356.0,4.175046478460198e-05
2023-12-11,10:15:10,23.4926,23.5,25.0,3009,15022354.0,4.16837412939243e-05
2023-12-11,10:15:10,23.496,23.5,25.0,3006,15022351.0,4.188423235136067e-05
2023-12-11,10:15:10,23.4996,23.5,25.0,3004,15022354.0,4.201842850644788e-05
2023-12-11,10:15:10,23.5032,23.5,25.0,3006,15022357.0,4.188423235136067e-05
2023-12-11,10:15:10,23.5068,23.5,25.0,3008,15022353.0,4.175046478460198e-05
2023-12-11,10:15:10,23.5104,23.5,25.0,3006,15022353.0,4.188423235136067e-05
2023-12-11,10:15:10,23.5175,23.5,25.0,3003,15022353.0,4.20856877335641e-05
2023-12-11,10:15:10,23.5211,23.5,25.0,3005,15022351.0,4.195127676964197e-05
2023-12-11,10:15:10,23.5247,23.5,25.0,3007,15022354.0,4.181729508009303e-05
2023-12-11,10:15:10,23.5283,23.5,25.0,3007,15022354.0,4.181729508009303e-05
2023-12-11,10:15:10,23.5319,23.5,25.0,3005,15022351.0,4.195127676964197e-05
2023-12-11,10:15:10,23.5355,23.5,25.0,3006,15022350.0,4.188423235136067e-05
2023-12-11,10:15:10,23.539,23.5,25.0,3007,15022353.0,4.181729508009303e-05
2023-12-11,10:15:10,23.5426,23.5,25.0,3007,15022352.0,4.181729508009303e-05
2023-12-11,10:15:10,23.5497,23.5,25.0,3004,15022357.0,4.201842850644788e-05
2023-12-11,10:15:10,23.5532,23.5,25.0,3004,15022353.0,4.201842850644788e-05
2023-12-11,10:15:10,23.557,23.5,25.0,3007,15022351.0,4.181729508009303e-05
2023-12-11,10:15:10,23.5605,23.5,25.0,3008,15022354.0,4.175046478460198e-05
2023-12-11,10:15:10,23.564,23.5,25.0,3007,15022353.0,4.181729508009303e-05
2023-12-11,10:15:10,23.5675,23.5,25.0,3005,15022349.0,4.195127676964197e-05
2023-12-11,10:15:10,23.5712,23.5,25.0,3004,15022351.0,4.201842850644788e-05
2023-12-11,10:15:10,23.5749,23.5,25.0,3006,15022354.0,4.188423235136067e-05
2023-12-11,10:15:10,23.5819,23.5,25.0,3007,15022350.0,4.181729508009303e-05
2023-12-11,10:15:10,23.5855,23.5,25.0,3005,15022353.0,4.195127676964197e-05
2023-12-11,10:15:10,23.589,23.5,25.0,3004,15022351.0,4.201842850644788e-05
2023-12-11,10:15:10,23.5927,23.5,25.0,3006,15022351.0,4.188423235136067e-05
2023-12-11,10:15:10,23.5963,23.5,25.0,3008,15022353.0,4.175046478460198e-05
2023-12-11,10:15:10,23.5997,23.5,25.0,3006,15022353.0,4.188423235136067e-05
2023-12-11,10:15:10,23.6034,23.5,25.0,3003,15022349.0,4.20856877335641e-05
2023-12-11,10:15:10,23.607,23.5,25.0,3004,15022351.0,4.201842850644788e-05
2023-12-11,10:15:10,23.6106,23.5,25.0,3008,15022356.0,4.175046478460198e-05
2023-12-11,10:15:10,23.6176,23.5,25.0,3005,15022349.0,4.195127676964197e-05
2023-12-11,10:15:10,23.6212,23.5,25.0,3004,15022352.0,4.201842850644788e-05
2023-12-11,10:15:10,23.6248,23.5,25.0,3005,15022352.0,4.195127676964197e-05
2023-12-11,10:15:10,23.6284,23.5,25.0,3007,15022350.0,4.181729508009303e-05
2023-12-11,10:15:10,23.632,23.5,25.0,3008,15022352.0,4.175046478460198e-05
2023-12-11,10:15:10,23.6356,23.5,25.0,3006,15022352.0,4.188423235136067e-05
2023-12-11,10:15:10,23.6391,23.5,25.0,3004,15022349.0,4.201842850644788e-05
2023-12-11,10:15:10,23.6428,23.5,25.0,3006,15022351.0,4.188423235136067e-05
2023-12-11,10:15:10,23.6499,23.5,25.0,3008,15022352.0,4.175046478460198e-05
2023-12-11,10:15:10,23.6535,23.5,25.0,3006,15022349.0,4.188423235136067e-05
2023-12-11,10:15:10,23.6571,23.5,25.0,3005,15022353.0,4.195127676964197e-05
2023-12-11,10:15:10,23.6606,23.5,25.0,3005,15022352.0,4.195127676964197e-05
2023-12-11,10:15:10,23.6642,23.5,25.0,3008,15022348.0,4.175046478460198e-05
2023-12-11,10:15:10,23.6678,23.5,25.0,3009,15022350.0,4.16837412939243e-05
2023-12-11,10:15:10,23.6714,23.5,25.0,3007,15022350.0,4.181729508009303e-05
2023-12-11,10:15:10,23.6748,23.5,25.0,3005,15022347.0,4.195127676964197e-05
2023-12-11,10:15:10,23.6784,23.5,25.0,3005,15022349.0,4.195127676964197e-05
2023-12-11,10:15:10,23.6856,23.5,25.0,3007,15022350.0,4.181729508009303e-05
2023-12-11,10:15:10,23.6892,23.5,25.0,3006,15022348.0,4.188423235136067e-05
2023-12-11,10:15:10,23.6928,23.5,25.0,3005,15022351.0,4.195127676964197e-05
2023-12-11,10:15:10,23.6964,23.5,25.0,3006,15022353.0,4.188423235136067e-05
2023-12-11,10:15:10,23.6999,23.5,25.0,3009,15022350.0,4.16837412939243e-05
2023-12-11,10:15:10,23.7035,23.5,25.0,3008,15022350.0,4.175046478460198e-05
2023-12-11,10:15:10,23.7071,23.5,25.0,3004,15022352.0,4.201842850644788e-05
2023-12-11,10:15:10,23.7106,23.5,25.0,3004,15022349.0,4.201842850644788e-05
2023-12-11,10:15:10,23.718,23.5,25.0,3007,15022351.0,4.181729508009303e-05
2023-12-11,10:15:10,23.7214,23.5,25.0,3006,15022350.0,4.188423235136067e-05
2023-12-11,10:15:10,23.725,23.5,25.0,3005,15022346.0,4.195127676964197e-05
2023-12-11,10:15:10,23.7286,23.5,25.0,3004,15022348.0,4.201842850644788e-05
2023-12-11,10:15:10,23.7321,23.5,25.0,3006,15022351.0,4.188423235136067e-05
2023-12-11,10:15:10,23.7356,23.5,25.0,3008,15022349.0,4.175046478460198e-05
2023-12-11,10:15:10,23.7394,23.5,25.0,3007,15022350.0,4.181729508009303e-05
2023-12-11,10:15:10,23.7429,23.5,25.0,3004,15022349.0,4.201842850644788e-05
2023-12-11,10:15:10,23.75,23.5,25.0,3007,15022349.0,4.181729508009303e-05
2023-12-11,10:15:10,23.7536,23.5,25.0,3009,15022351.0,4.16837412939243e-05
2023-12-11,10:15:10,23.7572,23.5,25.0,3006,15022350.0,4.188423235136067e-05
2023-12-11,10:15:10,23.7607,23.5,25.0,3004,15022347.0,4.201842850644788e-05
2023-12-11,10:15:10,23.7643,23.5,25.0,3004,15022349.0,4.201842850644788e-05
2023-12-11,10:15:10,23.7679,23.5,25.0,3006,15022351.0,4.188423235136067e-05
2023-12-11,10:15:10,23.7715,23.5,25.0,3008,15022349.0,4.175046478460198e-05
2023-12-11,10:15:10,23.7751,23.5,25.0,3006,15022348.0,4.188423235136067e-05
2023-12-11,10:15:10,23.7787,23.5,25.0,3004,15022349.0,4.201842850644788e-05
2023-12-11,10:15:10,23.786,23.5,25.0,3005,15022348.0,4.195127676964197e-05
2023-12-11,10:15:10,23.7894,23.5,25.0,3007,15022351.0,4.181729508009303e-05
2023-12-11,10:15:10,23.793,23.5,25.0,3007,15022349.0,4.181729508009303e-05
2023-12-11,10:15:10,23.7966,23.5,25.0,3004,15022346.0,4.201842850644788e-05
2023-12-11,10:15:10,23.8002,23.5,25.0,3003,15022349.0,4.20856877335641e-05
2023-12-11,10:15:10,23.8037,23.5,25.0,3006,15022351.0,4.188423235136067e-05
2023-12-11,10:15:10,23.8072,23.5,25.0,3007,15022348.0,4.181729508009303e-05
2023-12-11,10:15:10,23.8108,23.5,25.0,3005,15022348.0,4.195127676964197e-05
2023-12-11,10:15:10,23.8178,23.5,25.0,3004,15022349.0,4.201842850644788e-05
2023-12-11,10:15:10,23.8214,23.5,25.0,3006,15022349.0,4.188423235136067e-05
2023-12-11,10:15:10,23.825,23.5,25.0,3007,15022349.0,4.181729508009303e-05
2023-12-11,10:15:10,23.8287,23.5,25.0,3006,15022348.0,4.188423235136067e-05
2023-12-11,10:15:10,23.8323,23.5,25.0,3004,15022347.0,4.201842850644788e-05
2023-12-11,10:15:10,23.8357,23.5,25.0,3004,15022349.0,4.201842850644788e-05
2023-12-11,10:15:10,23.8395,23.5,25.0,3005,15022351.0,4.195127676964197e-05
2023-12-11,10:15:10,23.843,23.5,25.0,3005,15022348.0,4.195127676964197e-05
2023-12-11,10:15:10,23.8501,23.5,25.0,3003,15022350.0,4.20856877335641e-05
2023-12-11,10:15:10,23.8538,23.5,25.0,3004,15022349.0,4.201842850644788e-05
2023-12-11,10:15:10,23.8574,23.5,25.0,3006,15022348.0,4.188423235136067e-05
2023-12-11,10:15:10,23.8608,23.5,25.0,3006,15022348.0,4.188423235136067e-05
2023-12-11,10:15:10,23.8644,23.5,25.0,3006,15022347.0,4.188423235136067e-05
2023-12-11,10:15:10,23.868,23.5,25.0,3005,15022346.0,4.195127676964197e-05
2023-12-11,10:15:10,23.8716,23.5,25.0,3004,15022347.0,4.201842850644788e-05
2023-12-11,10:15:10,23.8752,23.5,25.0,3006,15022350.0,4.188423235136067e-05
2023-12-11,10:15:10,23.8788,23.5,25.0,3007,15022348.0,4.181729508009303e-05
2023-12-11,10:15:10,23.8859,23.5,25.0,3003,15022349.0,4.20856877335641e-05
2023-12-11,10:15:10,23.8895,23.5,25.0,3004,15022350.0,4.201842850644788e-05
2023-12-11,10:15:10,23.8931,23.5,25.0,3006,15022349.0,4.188423235136067e-05
2023-12-11,10:15:10,23.8968,23.5,25.0,3006,15022349.0,4.188423235136067e-05
2023-12-11,10:15:10,23.9004,23.5,25.0,3004,15022349.0,4.201842850644788e-05
2023-12-11,10:15:10,23.9038,23.5,25.0,3002,15022346.0,4.215305462305114e-05
2023-12-11,10:15:10,23.9074,23.5,25.0,3004,15022347.0,4.201842850644788e-05
2023-12-11,10:15:10,23.911,23.5,25.0,3007,15022351.0,4.181729508009303e-05
2023-12-11,10:15:10,23.9182,23.5,25.0,3004,15022345.0,4.201842850644788e-05
2023-12-11,10:15:10,23.9218,23.5,25.0,3003,15022348.0,4.20856877335641e-05
2023-12-11,10:15:10,23.9253,23.5,25.0,3003,15022349.0,4.20856877335641e-05
2023-12-11,10:15:10,23.9289,23.5,25.0,3005,15022348.0,4.195127676964197e-05
2023-12-11,10:15:10,23.9325,23.5,25.0,3006,15022349.0,4.188423235136067e-05
2023-12-11,10:15:10,23.9361,23.5,25.0,3004,15022349.0,4.201842850644788e-05
2023-12-11,10:15:10,23.9397,23.5,25.0,3001,15022346.0,4.222052934724505e-05
2023-12-11,10:15:10,23.9433,23.5,25.0,3003,15022347.0,4.20856877335641e-05
2023-12-11,10:15:10,23.9504,23.5,25.0,3005,15022348.0,4.195127676964197e-05
2023-12-11,10:15:10,23.954,23.5,25.0,3003,15022344.0,4.20856877335641e-05
2023-12-11,10:15:10,23.9576,23.5,25.0,3003,15022347.0,4.20856877335641e-05
2023-12-11,10:15:10,23.9612,23.5,25.0,3005,15022350.0,4.195127676964197e-05
2023-12-11,10:15:10,23.9648,23.5,25.0,3005,15022347.0,4.195127676964197e-05
2023-12-11,10:15:10,23.9684,23.5,25.0,3004,15022346.0,4.201842850644788e-05
2023-12-11,10:15:10,23.9719,23.5,25.0,3003,15022347.0,4.20856877335641e-05
2023-12-11,10:15:10,23.9755,23.5,25.0,3002,15022347.0,4.215305462305114e-05
2023-12-11,10:15:10,23.9791,23.5,25.0,3004,15022347.0,4.201842850644788e-05
2023-12-11,10:15:10,23.986,23.5,25.0,3003,15022348.0,4.20856877335641e-05
2023-12-11,10:15:10,23.9896,23.5,25.0,3002,15022344.0,4.215305462305114e-05
2023-12-11,10:15:10,23.9933,23.5,25.0,3002,15022346.0,4.215305462305114e-05
2023-12-11,10:15:10,23.997,23.5,25.0,3004,15022350.0,4.201842850644788e-05
2023-12-11,10:15:10,24.0005,23.5,25.0,3005,15022348.0,4.195127676964197e-05
2023-12-11,10:15:10,24.0039,23.5,25.0,3004,15022346.0,4.201842850644788e-05
2023-12-11,10:15:10,24.0075,23.5,25.0,3002,15022348.0,4.215305462305114e-05
2023-12-11,10:15:10,24.0112,23.5,25.0,3002,15022348.0,4.215305462305114e-05
2023-12-11,10:15:10,24.0183,23.5,25.0,3004,15022347.0,4.201842850644788e-05
2023-12-11,10:15:10,24.0219,23.5,25.0,3003,15022348.0,4.20856877335641e-05
2023-12-11,10:15:10,24.0256,23.5,25.0,3002,15022345.0,4.215305462305114e-05
2023-12-11,10:15:10,24.0293,23.5,25.0,3002,15022346.0,4.215305462305114e-05
2023-12-11,10:15:10,24.0329,23.5,25.0,3003,15022349.0,4.20856877335641e-05
2023-12-11,10:15:10,24.0364,23.5,25.0,3004,15022346.0,4.201842850644788e-05
2023-12-11,10:15:10,24.0399,23.5,25.0,3003,15022345.0,4.20856877335641e-05
2023-12-11,10:15:10,24.0435,23.5,25.0,3001,15022347.0,4.222052934724505e-05
2023-12-11,10:15:10,24.0472,23.5,25.0,3001,15022348.0,4.222052934724505e-05
2023-12-11,10:15:10,24.0542,23.5,25.0,3004,15022347.0,4.201842850644788e-05
2023-12-11,10:15:10,24.0578,23.5,25.0,3002,15022348.0,4.215305462305114e-05
2023-12-11,10:15:10,24.0614,23.5,25.0,3002,15022346.0,4.215305462305114e-05
2023-12-11,10:15:10,24.0651,23.5,25.0,3003,15022346.0,4.20856877335641e-05
2023-12-11,10:15:10,24.0687,23.5,25.0,3003,15022349.0,4.20856877335641e-05
2023-12-11,10:15:10,24.0723,23.5,25.0,3003,15022347.0,4.20856877335641e-05
2023-12-11,10:15:10,24.0759,23.5,25.0,3001,15022344.0,4.222052934724505e-05
2023-12-11,10:15:10,24.0795,23.5,25.0,2999,15022347.0,4.235580299047711e-05
2023-12-11,10:15:10,24.0866,23.5,25.0,3002,15022348.0,4.215305462305114e-05
2023-12-11,10:15:10,24.0902,23.5,25.0,3002,15022347.0,4.215305462305114e-05
2023-12-11,10:15:10,24.0937,23.5,25.0,3000,15022347.0,4.228811207875762e-05
2023-12-11,10:15:10,24.0971,23.5,25.0,2999,15022345.0,4.235580299047711e-05
2023-12-11,10:15:10,24.1008,23.5,25.0,3002,15022345.0,4.215305462305114e-05
2023-12-11,10:15:10,24.1045,23.5,25.0,3004,15022348.0,4.201842850644788e-05
2023-12-11,10:15:10,24.108,23.5,25.0,3003,15022346.0,4.20856877335641e-05
2023-12-11,10:15:10,24.1115,23.5,25.0,3001,15022343.0,4.222052934724505e-05
2023-12-11,10:15:10,24.1152,23.5,25.0,3000,15022345.0,4.228811207875762e-05
2023-12-11,10:15:10,24.1223,23.5,25.0,3004,15022346.0,4.201842850644788e-05
2023-12-11,10:15:10,24.1258,23.5,25.0,3002,15022345.0,4.215305462305114e-05
2023-12-11,10:15:10,24.1294,23.5,25.0,2999,15022347.0,4.235580299047711e-05
2023-12-11,10:15:10,24.1331,23.5,25.0,2999,15022346.0,4.235580299047711e-05
2023-12-11,10:15:10,24.1367,23.5,25.0,3001,15022346.0,4.222052934724505e-05
2023-12-11,10:15:10,24.1401,23.5,25.0,3001,15022345.0,4.222052934724505e-05
2023-12-11,10:15:10,24.1438,23.5,25.0,3000,15022344.0,4.228811207875762e-05
2023-12-11,10:15:10,24.1474,23.5,25.0,3000,15022344.0,4.228811207875762e-05
2023-12-11,10:15:10,24.1547,23.5,25.0,3000,15022346.0,4.228811207875762e-05
2023-12-11,10:15:10,24.1582,23.5,25.0,3001,15022346.0,4.222052934724505e-05
2023-12-11,10:15:10,24.1618,23.5,25.0,3000,15022344.0,4.228811207875762e-05
2023-12-11,10:15:10,24.1655,23.5,25.0,2999,15022347.0,4.235580299047711e-05
2023-12-11,10:15:10,24.1691,23.5,25.0,3000,15022348.0,4.228811207875762e-05
2023-12-11,10:15:10,24.1725,23.5,25.0,3002,15022345.0,4.215305462305114e-05
2023-12-11,10:15:10,24.176,23.5,25.0,3003,15022346.0,4.20856877335641e-05
2023-12-11,10:15:10,24.1796,23.5,25.0,3001,15022347.0,4.222052934724505e-05
2023-12-11,10:15:10,24.1867,23.5,25.0,2999,15022345.0,4.235580299047711e-05
2023-12-11,10:15:10,24.1903,23.5,25.0,3001,15022347.0,4.222052934724505e-05
2023-12-11,10:15:10,24.1939,23.5,25.0,3001,15022345.0,4.222052934724505e-05
2023-12-11,10:15:10,24.1975,23.5,25.0,3000,15022344.0,4.228811207875762e-05
2023-12-11,10:15:10,24.2011,23.5,25.0,2998,15022347.0,4.242360225556832e-05
2023-12-11,10:15:10,24.2046,23.5,25.0,2998,15022348.0,4.242360225556832e-05
2023-12-11,10:15:10,24.2082,23.5,25.0,3001,15022345.0,4.222052934724505e-05
2023-12-11,10:15:10,24.2118,23.5,25.0,3001,15022346.0,4.222052934724505e-05
2023-12-11,10:15:10,24.2154,23.5,25.0,2999,15022345.0,4.235580299047711e-05
2023-12-11,10:15:10,24.2226,23.5,25.0,2997,15022344.0,4.249151004747342e-05
2023-12-11,10:15:10,24.2261,23.5,25.0,3000,15022348.0,4.228811207875762e-05
2023-12-11,10:15:10,24.2297,23.5,25.0,3000,15022346.0,4.228811207875762e-05
2023-12-11,10:15:10,24.2332,23.5,25.0,2998,15022343.0,4.242360225556832e-05
2023-12-11,10:15:10,24.2368,23.5,25.0,2996,15022345.0,4.255952653991208e-05
2023-12-11,10:15:10,24.2405,23.5,25.0,2996,15022347.0,4.255952653991208e-05
2023-12-11,10:15:10,24.2439,23.5,25.0,2999,15022345.0,4.235580299047711e-05
2023-12-11,10:15:10,24.2474,23.5,25.0,3000,15022345.0,4.228811207875762e-05
2023-12-11,10:15:10,24.2546,23.5,25.0,2997,15022342.0,4.249151004747342e-05
2023-12-11,10:15:10,24.2581,23.5,25.0,2999,15022343.0,4.235580299047711e-05
2023-12-11,10:15:10,24.2617,23.5,25.0,3001,15022347.0,4.222052934724505e-05
2023-12-11,10:15:10,24.2652,23.5,25.0,3000,15022346.0,4.228811207875762e-05
2023-12-11,10:15:10,24.2688,23.5,25.0,2998,15022343.0,4.242360225556832e-05
2023-12-11,10:15:10,24.2725,23.5,25.0,2997,15022345.0,4.249151004747342e-05
2023-12-11,10:15:10,24.2761,23.5,25.0,2997,15022346.0,4.249151004747342e-05
2023-12-11,10:15:10,24.2796,23.5,25.0,2999,15022344.0,4.235580299047711e-05
2023-12-11,10:15:10,24.2867,23.5,25.0,2996,15022345.0,4.255952653991208e-05
2023-12-11,10:15:11,24.2904,23.5,25.0,2995,15022342.0,4.262765190688212e-05
2023-12-11,10:15:11,24.294,23.5,25.0,2996,15022343.0,4.255952653991208e-05
2023-12-11,10:15:11,24.2976,23.5,25.0,2999,15022346.0,4.235580299047711e-05
2023-12-11,10:15:11,24.301,23.5,25.0,2999,15022345.0,4.235580299047711e-05
2023-12-11,10:15:11,24.3046,23.5,25.0,2998,15022344.0,4.242360225556832e-05
2023-12-11,10:15:11,24.3083,23.5,25.0,2997,15022346.0,4.249151004747342e-05
2023-12-11,10:15:11,24.3119,23.5,25.0,2997,15022347.0,4.249151004747342e-05
2023-12-11,10:15:11,24.3189,23.5,25.0,2998,15022344.0,4.242360225556832e-05
2023-12-11,10:15:11,24.3225,23.5,25.0,2996,15022344.0,4.255952653991208e-05
2023-12-11,10:15:11,24.3261,23.5,25.0,2996,15022341.0,4.255952653991208e-05
2023-12-11,10:15:11,24.3297,23.5,25.0,2997,15022343.0,4.249151004747342e-05
2023-12-11,10:15:11,24.3332,23.5,25.0,2999,15022347.0,4.235580299047711e-05
2023-12-11,10:15:11,24.3367,23.5,25.0,2999,15022344.0,4.235580299047711e-05
2023-12-11,10:15:11,24.3403,23.5,25.0,2997,15022342.0,4.249151004747342e-05
2023-12-11,10:15:11,24.3439,23.5,25.0,2995,15022345.0,4.262765190688212e-05
2023-12-11,10:15:11,24.3475,23.5,25.0,2997,15022347.0,4.249151004747342e-05
2023-12-11,10:15:11,24.3547,23.5,25.0,2997,15022344.0,4.249151004747342e-05
2023-12-11,10:15:11,24.3582,23.5,25.0,2995,15022346.0,4.262765190688212e-05
2023-12-11,10:15:11,24.3618,23.5,25.0,2994,15022343.0,4.269588632265983e-05
2023-12-11,10:15:11,24.3654,23.5,25.0,2996,15022342.0,4.255952653991208e-05
2023-12-11,10:15:11,24.369,23.5,25.0,2999,15022346.0,4.235580299047711e-05
2023-12-11,10:15:11,24.3726,23.5,25.0,2998,15022345.0,4.242360225556832e-05
2023-12-11,10:15:11,24.3762,23.5,25.0,2995,15022342.0,4.262765190688212e-05
2023-12-11,10:15:11,24.3797,23.5,25.0,2994,15022344.0,4.269588632265983e-05
2023-12-11,10:15:11,24.3868,23.5,25.0,2997,15022346.0,4.249151004747342e-05
2023-12-11,10:15:11,24.3904,23.5,25.0,2996,15022343.0,4.255952653991208e-05
2023-12-11,10:15:11,24.3941,23.5,25.0,2994,15022344.0,4.269588632265983e-05
2023-12-11,10:15:11,24.3977,23.5,25.0,2994,15022343.0,4.269588632265983e-05
2023-12-11,10:15:11,24.4011,23.5,25.0,2997,15022343.0,4.249151004747342e-05
2023-12-11,10:15:11,24.4047,23.5,25.0,2998,15022346.0,4.242360225556832e-05
2023-12-11,10:15:11,24.4084,23.5,25.0,2996,15022344.0,4.255952653991208e-05
2023-12-11,10:15:11,24.4119,23.5,25.0,2994,15022341.0,4.269588632265983e-05
2023-12-11,10:15:11,24.419,23.5,25.0,2995,15022344.0,4.262765190688212e-05
2023-12-11,10:15:11,24.4226,23.5,25.0,2997,15022343.0,4.249151004747342e-05
2023-12-11,10:15:11,24.4261,23.5,25.0,2997,15022342.0,4.249151004747342e-05
2023-12-11,10:15:11,24.4298,23.5,25.0,2994,15022343.0,4.269588632265983e-05
2023-12-11,10:15:11,24.4334,23.5,25.0,2994,15022344.0,4.269588632265983e-05
2023-12-11,10:15:11,24.4368,23.5,25.0,2996,15022344.0,4.255952653991208e-05
2023-12-11,10:15:11,24.4405,23.5,25.0,2996,15022345.0,4.255952653991208e-05
2023-12-11,10:15:11,24.4443,23.5,25.0,2995,15022342.0,4.262765190688212e-05
2023-12-11,10:15:11,24.4512,23.5,25.0,2993,15022344.0,4.276422996180053e-05
2023-12-11,10:15:11,24.4548,23.5,25.0,2994,15022346.0,4.269588632265983e-05
2023-12-11,10:15:11,24.4583,23.5,25.0,2997,15022343.0,4.249151004747342e-05
2023-12-11,10:15:11,24.4619,23.5,25.0,2997,15022341.0,4.249151004747342e-05
2023-12-11,10:15:11,24.4655,23.5,25.0,2994,15022342.0,4.269588632265983e-05
2023-12-11,10:15:11,24.4691,23.5,25.0,2993,15022341.0,4.276422996180053e-05
2023-12-11,10:15:11,24.4727,23.5,25.0,2996,15022341.0,4.255952653991208e-05
2023-12-11,10:15:11,24.4763,23.5,25.0,2997,15022344.0,4.249151004747342e-05
2023-12-11,10:15:11,24.4797,23.5,25.0,2995,15022342.0,4.262765190688212e-05
2023-12-11,10:15:11,24.4869,23.5,25.0,2993,15022342.0,4.276422996180053e-05
2023-12-11,10:15:11,24.4906,23.5,25.0,2995,15022345.0,4.262765190688212e-05
2023-12-11,10:15:11,24.4942,23.5,25.0,2996,15022343.0,4.255952653991208e-05
2023-12-11,10:15:11,24.4976,23.5,25.0,2996,15022342.0,4.255952653991208e-05
2023-12-11,10:15:11,24.5011,23.5,25.0,2994,15022344.0,4.269588632265983e-05
2023-12-11,10:15:11,24.5047,23.5,25.0,2992,15022341.0,4.283268299913885e-05
2023-12-11,10:15:11,24.5083,23.5,25.0,2994,15022340.0,4.269588632265983e-05
2023-12-11,10:15:11,24.5118,23.5,25.0,2995,15022343.0,4.262765190688212e-05
2023-12-11,10:15:11,24.519,23.5,25.0,2993,15022337.0,4.276422996180053e-05
2023-12-11,10:15:11,24.5226,23.5,25.0,2992,15022342.0,4.283268299913885e-05
2023-12-11,10:15:11,24.5262,23.5,25.0,2994,15022346.0,4.269588632265983e-05
2023-12-11,10:15:11,24.5296,23.5,25.0,2996,15022342.0,4.255952653991208e-05
2023-12-11,10:15:11,24.5332,23.5,25.0,2994,15022339.0,4.269588632265983e-05
2023-12-11,10:15:11,24.5369,23.5,25.0,2992,15022340.0,4.283268299913885e-05
2023-12-11,10:15:11,24.5405,23.5,25.0,2992,15022340.0,4.283268299913885e-05
2023-12-11,10:15:11,24.5441,23.5,25.0,2993,15022341.0,4.276422996180053e-05
2023-12-11,10:15:11,24.551,23.5,25.0,2994,15022341.0,4.269588632265983e-05
2023-12-11,10:15:11,24.5546,23.5,25.0,2992,15022339.0,4.283268299913885e-05
2023-12-11,10:15:11,24.5582,23.5,25.0,2992,15022341.0,4.283268299913885e-05
2023-12-11,10:15:11,24.5619,23.5,25.0,2994,15022344.0,4.269588632265983e-05
2023-12-11,10:15:11,24.5655,23.5,25.0,2995,15022342.0,4.262765190688212e-05
2023-12-11,10:15:11,24.5689,23.5,25.0,2992,15022339.0,4.283268299913885e-05
2023-12-11,10:15:11,24.5726,23.5,25.0,2990,15022342.0,4.296991796914701e-05
2023-12-11,10:15:11,24.5764,23.5,25.0,2991,15022342.0,4.290124560978941e-05
2023-12-11,10:15:11,24.5833,23.5,25.0,2994,15022341.0,4.269588632265983e-05
2023-12-11,10:15:11,24.5868,23.5,25.0,2993,15022341.0,4.276422996180053e-05
2023-12-11,10:15:11,24.5904,23.5,25.0,2993,15022339.0,4.276422996180053e-05
2023-12-11,10:15:11,24.594,23.5,25.0,2993,15022341.0,4.276422996180053e-05
2023-12-11,10:15:11,24.5976,23.5,25.0,2993,15022344.0,4.276422996180053e-05
2023-12-11,10:15:11,24.6013,23.5,25.0,2994,15022342.0,4.269588632265983e-05
2023-12-11,10:15:11,24.6049,23.5,25.0,2993,15022339.0,4.276422996180053e-05
2023-12-11,10:15:11,24.6084,23.5,25.0,2991,15022341.0,4.290124560978941e-05
2023-12-11,10:15:11,24.6119,23.5,25.0,2991,15022342.0,4.290124560978941e-05
2023-12-11,10:15:11,24.6192,23.5,25.0,2993,15022341.0,4.276422996180053e-05
2023-12-11,10:15:11,24.6226,23.5,25.0,2991,15022341.0,4.290124560978941e-05
2023-12-11,10:15:11,24.626,23.5,25.0,2990,15022338.0,4.296991796914701e-05
2023-12-11,10:15:11,24.6297,23.5,25.0,2990,15022340.0,4.296991796914701e-05
2023-12-11,10:15:11,24.6334,23.5,25.0,2991,15022344.0,4.290124560978941e-05
2023-12-11,10:15:11,24.6369,23.5,25.0,2992,15022341.0,4.283268299913885e-05
2023-12-11,10:15:11,24.6405,23.5,25.0,2991,15022339.0,4.290124560978941e-05
2023-12-11,10:15:11,24.6441,23.5,25.0,2989,15022340.0,4.30387002528873e-05
2023-12-11,10:15:11,24.6511,23.5,25.0,2991,15022341.0,4.290124560978941e-05
2023-12-11,10:15:11,24.6547,23.5,25.0,2992,15022342.0,4.283268299913885e-05
2023-12-11,10:15:11,24.6581,23.5,25.0,2991,15022339.0,4.290124560978941e-05
2023-12-11,10:15:11,24.6617,23.5,25.0,2990,15022336.0,4.296991796914701e-05
2023-12-11,10:15:11,24.6654,23.5,25.0,2990,15022339.0,4.296991796914701e-05
2023-12-11,10:15:11,24.669,23.5,25.0,2991,15022342.0,4.290124560978941e-05
2023-12-11,10:15:11,24.6726,23.5,25.0,2992,15022340.0,4.283268299913885e-05
2023-12-11,10:15:11,24.6762,23.5,25.0,2990,15022337.0,4.296991796914701e-05
2023-12-11,10:15:11,24.6834,23.5,25.0,2989,15022339.0,4.30387002528873e-05
2023-12-11,10:15:11,24.6869,23.5,25.0,2991,15022340.0,4.290124560978941e-05
2023-12-11,10:15:11,24.6905,23.5,25.0,2991,15022340.0,4.290124560978941e-05
2023-12-11,10:15:11,24.694,23.5,25.0,2991,15022337.0,4.290124560978941e-05
2023-12-11,10:15:11,24.6974,23.5,25.0,2990,15022334.0,4.296991796914701e-05
2023-12-11,10:15:11,24.701,23.5,25.0,2989,15022339.0,4.30387002528873e-05
2023-12-11,10:15:11,24.7046,23.5,25.0,2991,15022343.0,4.290124560978941e-05
2023-12-11,10:15:11,24.7082,23.5,25.0,2992,15022340.0,4.283268299913885e-05
2023-12-11,10:15:11,24.7152,23.5,25.0,2989,15022340.0,4.30387002528873e-05
2023-12-11,10:15:11,24.7188,23.5,25.0,2989,15022339.0,4.30387002528873e-05
2023-12-11,10:15:11,24.7225,23.5,25.0,2991,15022338.0,4.290124560978941e-05
2023-12-11,10:15:11,24.7261,23.5,25.0,2991,15022340.0,4.290124560978941e-05
2023-12-11,10:15:11,24.7297,23.5,25.0,2989,15022339.0,4.30387002528873e-05
2023-12-11,10:15:11,24.7333,23.5,25.0,2988,15022337.0,4.310759263696707e-05
2023-12-11,10:15:11,24.7367,23.5,25.0,2989,15022338.0,4.30387002528873e-05
2023-12-11,10:15:11,24.7403,23.5,25.0,2991,15022341.0,4.290124560978941e-05
2023-12-11,10:15:11,24.7475,23.5,25.0,2989,15022335.0,4.30387002528873e-05
2023-12-11,10:15:11,24.7512,23.5,25.0,2987,15022340.0,4.317659529762484e-05
2023-12-11,10:15:11,24.7548,23.5,25.0,2988,15022341.0,4.310759263696707e-05
2023-12-11,10:15:11,24.7584,23.5,25.0,2990,15022340.0,4.296991796914701e-05
2023-12-11,10:15:11,24.762,23.5,25.0,2990,15022340.0,4.296991796914701e-05
2023-12-11,10:15:11,24.7655,23.5,25.0,2989,15022337.0,4.30387002528873e-05
2023-12-11,10:15:11,24.7691,23.5,25.0,2988,15022335.0,4.310759263696707e-05
2023-12-11,10:15:11,24.7727,23.5,25.0,2989,15022337.0,4.30387002528873e-05
2023-12-11,10:15:11,24.7763,23.5,25.0,2990,15022342.0,4.296991796914701e-05
2023-12-11,10:15:11,24.7832,23.5,25.0,2988,15022336.0,4.310759263696707e-05
2023-12-11,10:15:11,24.7868,23.5,25.0,2987,15022339.0,4.317659529762484e-05
2023-12-11,10:15:11,24.7904,23.5,25.0,2987,15022340.0,4.317659529762484e-05
2023-12-11,10:15:11,24.794,23.5,25.0,2989,15022338.0,4.30387002528873e-05
2023-12-11,10:15:11,24.7975,23.5,25.0,2990,15022339.0,4.296991796914701e-05
2023-12-11,10:15:11,24.8011,23.5,25.0,2989,15022337.0,4.30387002528873e-05
2023-12-11,10:15:11,24.8047,23.5,25.0,2987,15022335.0,4.317659529762484e-05
2023-12-11,10:15:11,24.8083,23.5,25.0,2987,15022338.0,4.317659529762484e-05
2023-12-11,10:15:11,24.8155,23.5,25.0,2989,15022340.0,4.30387002528873e-05
2023-12-11,10:15:11,24.8189,23.5,25.0,2987,15022335.0,4.317659529762484e-05
2023-12-11,10:15:11,24.8224,23.5,25.0,2985,15022337.0,4.331493215503914e-05
2023-12-11,10:15:11,24.8261,23.5,25.0,2986,15022340.0,4.324570841138112e-05
2023-12-11,10:15:11,24.8297,23.5,25.0,2989,15022338.0,4.30387002528873e-05
2023-12-11,10:15:11,24.8332,23.5,25.0,2989,15022337.0,4.30387002528873e-05
2023-12-11,10:15:11,24.837,23.5,25.0,2987,15022337.0,4.317659529762484e-05
2023-12-11,10:15:11,24.8405,23.5,25.0,2987,15022337.0,4.317659529762484e-05
2023-12-11,10:15:11,24.8477,23.5,25.0,2988,15022339.0,4.310759263696707e-05
2023-12-11,10:15:11,24.8512,23.5,25.0,2988,15022338.0,4.310759263696707e-05
2023-12-11,10:15:11,24.8546,23.5,25.0,2986,15022334.0,4.324570841138112e-05
2023-12-11,10:15:11,24.8582,23.5,25.0,2985,15022335.0,4.331493215503914e-05
2023-12-11,10:15:11,24.8619,23.5,25.0,2987,15022338.0,4.317659529762484e-05
2023-12-11,10:15:11,24.8655,23.5,25.0,2990,15022337.0,4.296991796914701e-05
2023-12-11,10:15:11,24.869,23.5,25.0,2989,15022336.0,4.30387002528873e-05
2023-12-11,10:15:11,24.8725,23.5,25.0,2985,15022336.0,4.331493215503914e-05
2023-12-11,10:15:11,24.8797,23.5,25.0,2988,15022337.0,4.310759263696707e-05
2023-12-11,10:15:11,24.8833,23.5,25.0,2988,15022338.0,4.310759263696707e-05
2023-12-11,10:15:11,24.8868,23.5,25.0,2987,15022337.0,4.317659529762484e-05
2023-12-11,10:15:11,24.8902,23.5,25.0,2985,15022334.0,4.331493215503914e-05
2023-12-11,10:15:11,24.8938,23.5,25.0,2984,15022337.0,4.338426670568495e-05
2023-12-11,10:15:11,24.8974,23.5,25.0,2986,15022340.0,4.324570841138112e-05
2023-12-11,10:15:11,24.901,23.5,25.0,2989,15022337.0,4.30387002528873e-05
2023-12-11,10:15:11,24.9045,23.5,25.0,2988,15022335.0,4.310759263696707e-05
2023-12-11,10:15:11,24.912,23.5,25.0,2986,15022334.0,4.324570841138112e-05
2023-12-11,10:15:11,24.9154,23.5,25.0,2986,15022336.0,4.324570841138112e-05
2023-12-11,10:15:11,24.9189,23.5,25.0,2987,15022338.0,4.317659529762484e-05
2023-12-11,10:15:11,24.9225,23.5,25.0,2987,15022335.0,4.317659529762484e-05
2023-12-11,10:15:11,24.926,23.5,25.0,2986,15022333.0,4.324570841138112e-05
2023-12-11,10:15:11,24.9296,23.5,25.0,2987,15022336.0,4.317659529762484e-05
2023-12-11,10:15:11,24.9333,23.5,25.0,2987,15022339.0,4.317659529762484e-05
2023-12-11,10:15:11,24.9369,23.5,25.0,2986,15022338.0,4.324570841138112e-05
2023-12-11,10:15:11,24.9404,23.5,25.0,2985,15022335.0,4.331493215503914e-05
2023-12-11,10:15:11,24.9476,23.5,25.0,2985,15022334.0,4.331493215503914e-05
2023-12-11,10:15:11,24.9511,23.5,25.0,2987,15022336.0,4.317659529762484e-05
2023-12-11,10:15:11,24.9547,23.5,25.0,2988,15022342.0,4.310759263696707e-05
2023-12-11,10:15:11,24.9583,23.5,25.0,2986,15022340.0,4.324570841138112e-05
2023-12-11,10:15:11,24.9619,23.5,25.0,2985,15022333.0,4.331493215503914e-05
2023-12-11,10:15:11,24.9655,23.5,25.0,2985,15022335.0,4.331493215503914e-05
2023-12-11,10:15:11,24.9689,23.5,25.0,2985,15022338.0,4.331493215503914e-05
2023-12-11,10:15:11,24.9725,23.5,25.0,2987,15022336.0,4.317659529762484e-05
2023-12-11,10:15:11,24.9796,23.5,25.0,2984,15022335.0,4.338426670568495e-05
2023-12-11,10:15:11,24.9833,23.5,25.0,2984,15022335.0,4.338426670568495e-05
2023-12-11,10:15:11,24.9868,23.5,25.0,2987,15022335.0,4.317659529762484e-05
2023-12-11,10:15:11,24.9904,23.5,25.0,2988,15022337.0,4.310759263696707e-05
2023-12-11,10:15:11,24.994,23.5,25.0,2986,15022335.0,4.324570841138112e-05
2023-12-11,10:15:11,24.9975,23.5,25.0,2984,15022332.0,4.338426670568495e-05
2023-12-11,10:15:11,25.0011,23.5,25.0,2985,15022334.0,4.331493215503914e-05
2023-12-11,10:15:11,25.0048,23.5,25.0,2985,15022337.0,4.331493215503914e-05
2023-12-11,10:15:11,25.0118,23.5,25.0,2985,15022333.0,4.331493215503914e-05
2023-12-11,10:15:11,25.0153,23.5,25.0,2984,15022333.0,4.338426670568495e-05
2023-12-11,10:15:11,25.0188,23.5,25.0,2985,15022333.0,4.331493215503914e-05
2023-12-11,10:15:11,25.0226,23.5,25.0,2986,15022334.0,4.324570841138112e-05
2023-12-11,10:15:11,25.0261,23.5,25.0,2986,15022337.0,4.324570841138112e-05
2023-12-11,10:15:11,25.0296,23.5,25.0,2985,15022335.0,4.331493215503914e-05
2023-12-11,10:15:11,25.0332,23.5,25.0,2984,15022332.0,4.338426670568495e-05
2023-12-11,10:15:11,25.0369,23.5,25.0,2984,15022333.0,4.338426670568495e-05
2023-12-11,10:15:11,25.0439,23.5,25.0,2985,15022336.0,4.331493215503914e-05
2023-12-11,10:15:11,25.0474,23.5,25.0,2983,15022333.0,4.345371224068825e-05
2023-12-11,10:15:11,25.0511,23.5,25.0,2982,15022334.0,4.352326893770249e-05
2023-12-11,10:15:11,25.0547,23.5,25.0,2982,15022333.0,4.352326893770249e-05
2023-12-11,10:15:11,25.0583,23.5,25.0,2984,15022333.0,4.338426670568495e-05
2023-12-11,10:15:11,25.062,23.5,25.0,2985,15022336.0,4.331493215503914e-05
2023-12-11,10:15:11,25.0654,23.5,25.0,2984,15022334.0,4.338426670568495e-05
2023-12-11,10:15:11,25.0689,23.5,25.0,2984,15022332.0,4.338426670568495e-05
2023-12-11,10:15:11,25.0762,23.5,25.0,2985,15022336.0,4.331493215503914e-05
2023-12-11,10:15:11,25.0798,23.5,25.0,2985,15022335.0,4.331493215503914e-05
2023-12-11,10:15:11,25.0832,23.5,25.0,2984,15022331.0,4.338426670568495e-05
2023-12-11,10:15:11,25.0868,23.5,25.0,2983,15022333.0,4.345371224068825e-05
2023-12-11,10:15:11,25.0903,23.5,25.0,2983,15022335.0,4.345371224068825e-05
2023-12-11,10:15:11,25.0937,23.5,25.0,2984,15022335.0,4.338426670568495e-05
2023-12-11,10:15:11,25.0974,23.5,25.0,2984,15022335.0,4.338426670568495e-05
2023-12-11,10:15:11,25.101,23.5,25.0,2983,15022333.0,4.345371224068825e-05
2023-12-11,10:15:11,25.1046,23.5,25.0,2981,15022330.0,4.359293697466567e-05
2023-12-11,10:15:11,25.1119,23.5,25.0,2984,15022336.0,4.338426670568495e-05
2023-12-11,10:15:11,25.1154,23.5,25.0,2984,15022335.0,4.338426670568495e-05
2023-12-11,10:15:11,25.1188,23.5,25.0,2983,15022331.0,4.345371224068825e-05
2023-12-11,10:15:11,25.1224,23.5,25.0,2981,15022333.0,4.359293697466567e-05
2023-12-11,10:15:11,25.1261,23.5,25.0,2982,15022335.0,4.352326893770249e-05
2023-12-11,10:15:11,25.1297,23.5,25.0,2984,15022334.0,4.338426670568495e-05
2023-12-11,10:15:11,25.1332,23.5,25.0,2983,15022335.0,4.345371224068825e-05
2023-12-11,10:15:11,25.1367,23.5,25.0,2981,15022333.0,4.359293697466567e-05
2023-12-11,10:15:11,25.1438,23.5,25.0,2982,15022335.0,4.352326893770249e-05
2023-12-11,10:15:11,25.1474,23.5,25.0,2982,15022336.0,4.352326893770249e-05
2023-12-11,10:15:11,25.1511,23.5,25.0,2982,15022334.0,4.352326893770249e-05
2023-12-11,10:15:11,25.1547,23.5,25.0,2982,15022332.0,4.352326893770249e-05
2023-12-11,10:15:11,25.1582,23.5,25.0,2982,15022331.0,4.352326893770249e-05
2023-12-11,10:15:11,25.1618,23.5,25.0,2983,15022332.0,4.345371224068825e-05
2023-12-11,10:15:11,25.1654,23.5,25.0,2984,15022333.0,4.338426670568495e-05
2023-12-11,10:15:11,25.1689,23.5,25.0,2983,15022334.0,4.345371224068825e-05
2023-12-11,10:15:11,25.1759,23.5,25.0,2982,15022330.0,4.352326893770249e-05
2023-12-11,10:15:11,25.1795,23.5,25.0,2982,15022332.0,4.352326893770249e-05
2023-12-11,10:15:11,25.1831,23.5,25.0,2982,15022335.0,4.352326893770249e-05
2023-12-11,10:15:11,25.1867,23.5,25.0,2982,15022334.0,4.352326893770249e-05
2023-12-11,10:15:11,25.1902,23.5,25.0,2981,15022331.0,4.359293697466567e-05
2023-12-11,10:15:11,25.1938,23.5,25.0,2980,15022332.0,4.366271652980039e-05
2023-12-11,10:15:11,25.1974,23.5,25.0,2980,15022333.0,4.366271652980039e-05
2023-12-11,10:15:11,25.201,23.5,25.0,2981,15022333.0,4.359293697466567e-05
2023-12-11,10:15:11,25.2082,23.5,25.0,2980,15022334.0,4.366271652980039e-05
2023-12-11,10:15:11,25.2117,23.5,25.0,2980,15022330.0,4.366271652980039e-05
2023-12-11,10:15:11,25.2153,23.5,25.0,2981,15022330.0,4.359293697466567e-05
2023-12-11,10:15:11,25.2189,23.5,25.0,2983,15022336.0,4.345371224068825e-05
2023-12-11,10:15:11,25.2225,23.5,25.0,2983,15022335.0,4.345371224068825e-05
2023-12-11,10:15:11,25.226,23.5,25.0,2979,15022330.0,4.373260778161478e-05
2023-12-11,10:15:11,25.2295,23.5,25.0,2979,15022329.0,4.373260778161478e-05
2023-12-11,10:15:11,25.2332,23.5,25.0,2982,15022332.0,4.352326893770249e-05
2023-12-11,10:15:11,25.2404,23.5,25.0,2981,15022332.0,4.359293697466567e-05
2023-12-11,10:15:11,25.2439,23.5,25.0,2979,15022332.0,4.373260778161478e-05
2023-12-11,10:15:11,25.2475,23.5,25.0,2978,15022330.0,4.38026109089025e-05
2023-12-11,10:15:11,25.2512,23.5,25.0,2980,15022331.0,4.366271652980039e-05
2023-12-11,10:15:11,25.2548,23.5,25.0,2981,15022335.0,4.359293697466567e-05
2023-12-11,10:15:11,25.2582,23.5,25.0,2980,15022333.0,4.366271652980039e-05
2023-12-11,10:15:11,25.2618,23.5,25.0,2979,15022329.0,4.373260778161478e-05
2023-12-11,10:15:11,25.2655,23.5,25.0,2978,15022331.0,4.38026109089025e-05
2023-12-11,10:15:11,25.2691,23.5,25.0,2980,15022335.0,4.366271652980039e-05
2023-12-11,10:15:11,25.2761,23.5,25.0,2980,15022331.0,4.366271652980039e-05
2023-12-11,10:15:11,25.2797,23.5,25.0,2977,15022332.0,4.387272609074357e-05
2023-12-11,10:15:11,25.2833,23.5,25.0,2978,15022331.0,4.38026109089025e-05
2023-12-11,10:15:11,25.2869,23.5,25.0,2981,15022330.0,4.359293697466567e-05
2023-12-11,10:15:12,25.2903,23.5,25.0,2981,15022333.0,4.359293697466567e-05
2023-12-11,10:15:12,25.2938,23.5,25.0,2979,15022333.0,4.373260778161478e-05
2023-12-11,10:15:12,25.2974,23.5,25.0,2977,15022329.0,4.387272609074357e-05
2023-12-11,10:15:12,25.3011,23.5,25.0,2977,15022329.0,4.387272609074357e-05
2023-12-11,10:15:12,25.3083,23.5,25.0,2982,15022335.0,4.352326893770249e-05
2023-12-11,10:15:12,25.3118,23.5,25.0,2980,15022333.0,4.366271652980039e-05
2023-12-11,10:15:12,25.3153,23.5,25.0,2977,15022331.0,4.387272609074357e-05
2023-12-11,10:15:12,25.3189,23.5,25.0,2977,15022329.0,4.387272609074357e-05
2023-12-11,10:15:12,25.3226,23.5,25.0,2979,15022330.0,4.373260778161478e-05
2023-12-11,10:15:12,25.326,23.5,25.0,2980,15022334.0,4.366271652980039e-05
2023-12-11,10:15:12,25.3294,23.5,25.0,2980,15022333.0,4.366271652980039e-05
2023-12-11,10:15:12,25.333,23.5,25.0,2978,15022328.0,4.38026109089025e-05
2023-12-11,10:15:12,25.3403,23.5,25.0,2978,15022332.0,4.38026109089025e-05
2023-12-11,10:15:12,25.3438,23.5,25.0,2980,15022331.0,4.366271652980039e-05
2023-12-11,10:15:12,25.3474,23.5,25.0,2980,15022330.0,4.366271652980039e-05
2023-12-11,10:15:12,25.351,23.5,25.0,2977,15022331.0,4.387272609074357e-05
2023-12-11,10:15:12,25.3546,23.5,25.0,2977,15022329.0,4.387272609074357e-05
2023-12-11,10:15:12,25.3582,23.5,25.0,2981,15022328.0,4.359293697466567e-05
2023-12-11,10:15:12,25.3618,23.5,25.0,2981,15022333.0,4.359293697466567e-05
2023-12-11,10:15:12,25.3653,23.5,25.0,2977,15022332.0,4.387272609074357e-05
2023-12-11,10:15:12,25.3725,23.5,25.0,2977,15022327.0,4.387272609074357e-05
2023-12-11,10:15:12,25.3761,23.5,25.0,2979,15022331.0,4.373260778161478e-05
2023-12-11,10:15:12,25.3796,23.5,25.0,2980,15022331.0,4.366271652980039e-05
2023-12-11,10:15:12,25.383,23.5,25.0,2978,15022329.0,4.38026109089025e-05
2023-12-11,10:15:12,25.3866,23.5,25.0,2975,15022331.0,4.40132933358391e-05
2023-12-11,10:15:12,25.3902,23.5,25.0,2976,15022330.0,4.394295350650451e-05
2023-12-11,10:15:12,25.3938,23.5,25.0,2979,15022328.0,4.373260778161478e-05
2023-12-11,10:15:12,25.3973,23.5,25.0,2978,15022331.0,4.38026109089025e-05
2023-12-11,10:15:12,25.4045,23.5,25.0,2976,15022327.0,4.394295350650451e-05
2023-12-11,10:15:12,25.4081,23.5,25.0,2976,15022327.0,4.394295350650451e-05
2023-12-11,10:15:12,25.4117,23.5,25.0,2978,15022330.0,4.38026109089025e-05
2023-12-11,10:15:12,25.4153,23.5,25.0,2979,15022331.0,4.373260778161478e-05
2023-12-11,10:15:12,25.4188,23.5,25.0,2978,15022330.0,4.38026109089025e-05
2023-12-11,10:15:12,25.4224,23.5,25.0,2976,15022331.0,4.394295350650451e-05
2023-12-11,10:15:12,25.426,23.5,25.0,2975,15022329.0,4.40132933358391e-05
2023-12-11,10:15:12,25.4296,23.5,25.0,2977,15022327.0,4.387272609074357e-05
2023-12-11,10:15:12,25.4366,23.5,25.0,2977,15022330.0,4.387272609074357e-05
2023-12-11,10:15:12,25.4402,23.5,25.0,2976,15022326.0,4.394295350650451e-05
2023-12-11,10:15:12,25.4437,23.5,25.0,2975,15022328.0,4.40132933358391e-05
2023-12-11,10:15:12,25.4473,23.5,25.0,2977,15022331.0,4.387272609074357e-05
2023-12-11,10:15:12,25.4508,23.5,25.0,2978,15022330.0,4.38026109089025e-05
2023-12-11,10:15:12,25.4544,23.5,25.0,2976,15022328.0,4.394295350650451e-05
2023-12-11,10:15:12,25.458,23.5,25.0,2974,15022329.0,4.408374575868857e-05
2023-12-11,10:15:12,25.4616,23.5,25.0,2975,15022328.0,4.40132933358391e-05
2023-12-11,10:15:12,25.4652,23.5,25.0,2978,15022327.0,4.38026109089025e-05
2023-12-11,10:15:12,25.4724,23.5,25.0,2977,15022330.0,4.387272609074357e-05
2023-12-11,10:15:12,25.4758,23.5,25.0,2974,15022325.0,4.408374575868857e-05
2023-12-11,10:15:12,25.4794,23.5,25.0,2974,15022324.0,4.408374575868857e-05
2023-12-11,10:15:12,25.4831,23.5,25.0,2976,15022330.0,4.394295350650451e-05
2023-12-11,10:15:12,25.4866,23.5,25.0,2977,15022330.0,4.387272609074357e-05
2023-12-11,10:15:12,25.49,23.5,25.0,2976,15022328.0,4.394295350650451e-05
2023-12-11,10:15:12,25.4936,23.5,25.0,2974,15022326.0,4.408374575868857e-05
2023-12-11,10:15:12,25.4972,23.5,25.0,2974,15022325.0,4.408374575868857e-05
2023-12-11,10:15:12,25.5044,23.5,25.0,2978,15022328.0,4.38026109089025e-05
2023-12-11,10:15:12,25.5079,23.5,25.0,2976,15022330.0,4.394295350650451e-05
2023-12-11,10:15:12,25.5115,23.5,25.0,2973,15022325.0,4.41543109552823e-05
2023-12-11,10:15:12,25.5151,23.5,25.0,2975,15022324.0,4.40132933358391e-05
2023-12-11,10:15:12,25.5187,23.5,25.0,2978,15022329.0,4.38026109089025e-05
2023-12-11,10:15:12,25.5223,23.5,25.0,2977,15022330.0,4.387272609074357e-05
2023-12-11,10:15:12,25.5259,23.5,25.0,2974,15022326.0,4.408374575868857e-05
2023-12-11,10:15:12,25.5294,23.5,25.0,2972,15022327.0,4.422498910613804e-05
2023-12-11,10:15:12,25.5366,23.5,25.0,2976,15022325.0,4.394295350650451e-05
2023-12-11,10:15:12,25.5402,23.5,25.0,2977,15022327.0,4.387272609074357e-05
2023-12-11,10:15:12,25.5436,23.5,25.0,2975,15022329.0,4.40132933358391e-05
2023-12-11,10:15:12,25.5471,23.5,25.0,2973,15022325.0,4.41543109552823e-05
2023-12-11,10:15:12,25.5508,23.5,25.0,2973,15022325.0,4.41543109552823e-05
2023-12-11,10:15:12,25.5544,23.5,25.0,2976,15022330.0,4.394295350650451e-05
2023-12-11,10:15:12,25.5579,23.5,25.0,2978,15022325.0,4.38026109089025e-05
2023-12-11,10:15:12,25.5614,23.5,25.0,2976,15022324.0,4.394295350650451e-05
2023-12-11,10:15:12,25.5686,23.5,25.0,2973,15022325.0,4.41543109552823e-05
2023-12-11,10:15:12,25.5721,23.5,25.0,2976,15022324.0,4.394295350650451e-05
2023-12-11,10:15:12,25.5755,23.5,25.0,2976,15022328.0,4.394295350650451e-05
2023-12-11,10:15:12,25.5791,23.5,25.0,2974,15022329.0,4.408374575868857e-05
2023-12-11,10:15:12,25.5828,23.5,25.0,2973,15022324.0,4.41543109552823e-05
2023-12-11,10:15:12,25.5864,23.5,25.0,2973,15022325.0,4.41543109552823e-05
2023-12-11,10:15:12,25.59,23.5,25.0,2975,15022329.0,4.40132933358391e-05
2023-12-11,10:15:12,25.5937,23.5,25.0,2976,15022328.0,4.394295350650451e-05
2023-12-11,10:15:12,25.6007,23.5,25.0,2972,15022326.0,4.422498910613804e-05
2023-12-11,10:15:12,25.6043,23.5,25.0,2973,15022325.0,4.41543109552823e-05
2023-12-11,10:15:12,25.608,23.5,25.0,2976,15022324.0,4.394295350650451e-05
2023-12-11,10:15:12,25.6116,23.5,25.0,2976,15022326.0,4.394295350650451e-05
2023-12-11,10:15:12,25.6151,23.5,25.0,2973,15022328.0,4.41543109552823e-05
2023-12-11,10:15:12,25.6185,23.5,25.0,2972,15022323.0,4.422498910613804e-05
2023-12-11,10:15:12,25.6222,23.5,25.0,2974,15022322.0,4.408374575868857e-05
2023-12-11,10:15:12,25.626,23.5,25.0,2976,15022329.0,4.394295350650451e-05
2023-12-11,10:15:12,25.6329,23.5,25.0,2972,15022323.0,4.422498910613804e-05
2023-12-11,10:15:12,25.6364,23.5,25.0,2971,15022325.0,4.429578039206264e-05
2023-12-11,10:15:12,25.64,23.5,25.0,2973,15022326.0,4.41543109552823e-05
2023-12-11,10:15:12,25.6436,23.5,25.0,2978,15022321.0,4.38026109089025e-05
2023-12-11,10:15:12,25.6472,23.5,25.0,2978,15022324.0,4.38026109089025e-05
2023-12-11,10:15:12,25.6508,23.5,25.0,2974,15022327.0,4.408374575868857e-05
2023-12-11,10:15:12,25.6544,23.5,25.0,2972,15022322.0,4.422498910613804e-05
2023-12-11,10:15:12,25.658,23.5,25.0,2972,15022322.0,4.422498910613804e-05
2023-12-11,10:15:12,25.665,23.5,25.0,2975,15022328.0,4.40132933358391e-05
2023-12-11,10:15:12,25.6686,23.5,25.0,2972,15022324.0,4.422498910613804e-05
2023-12-11,10:15:12,25.6722,23.5,25.0,2971,15022325.0,4.429578039206264e-05
2023-12-11,10:15:12,25.6756,23.5,25.0,2973,15022326.0,4.41543109552823e-05
2023-12-11,10:15:12,25.6792,23.5,25.0,2975,15022325.0,4.40132933358391e-05
2023-12-11,10:15:12,25.6829,23.5,25.0,2974,15022325.0,4.408374575868857e-05
2023-12-11,10:15:12,25.6865,23.5,25.0,2972,15022325.0,4.422498910613804e-05
2023-12-11,10:15:12,25.69,23.5,25.0,2971,15022323.0,4.429578039206264e-05
2023-12-11,10:15:12,25.6935,23.5,25.0,2972,15022323.0,4.422498910613804e-05
2023-12-11,10:15:12,25.7007,23.5,25.0,2976,15022327.0,4.394295350650451e-05
2023-12-11,10:15:12,25.7043,23.5,25.0,2974,15022323.0,4.408374575868857e-05
2023-12-11,10:15:12,25.7079,23.5,25.0,2972,15022325.0,4.422498910613804e-05
2023-12-11,10:15:12,25.7115,23.5,25.0,2975,15022326.0,4.40132933358391e-05
2023-12-11,10:15:12,25.715,23.5,25.0,2978,15022324.0,4.38026109089025e-05
2023-12-11,10:15:12,25.7185,23.5,25.0,2975,15022325.0,4.40132933358391e-05
2023-12-11,10:15:12,25.722,23.5,25.0,2971,15022326.0,4.429578039206264e-05
2023-12-11,10:15:12,25.7257,23.5,25.0,2970,15022323.0,4.43666849941522e-05
2023-12-11,10:15:12,25.733,23.5,25.0,2976,15022324.0,4.394295350650451e-05
2023-12-11,10:15:12,25.7365,23.5,25.0,2974,15022324.0,4.408374575868857e-05
2023-12-11,10:15:12,25.7401,23.5,25.0,2972,15022322.0,4.422498910613804e-05
2023-12-11,10:15:12,25.7436,23.5,25.0,2970,15022325.0,4.43666849941522e-05
2023-12-11,10:15:12,25.7472,23.5,25.0,2972,15022326.0,4.422498910613804e-05
2023-12-11,10:15:12,25.7508,23.5,25.0,2976,15022323.0,4.394295350650451e-05
2023-12-11,10:15:12,25.7542,23.5,25.0,2976,15022325.0,4.394295350650451e-05
2023-12-11,10:15:12,25.7578,23.5,25.0,2972,15022326.0,4.422498910613804e-05
2023-12-11,10:15:12,25.765,23.5,25.0,2974,15022321.0,4.408374575868857e-05
2023-12-11,10:15:12,25.7685,23.5,25.0,2976,15022326.0,4.394295350650451e-05
2023-12-11,10:15:12,25.7721,23.5,25.0,2976,15022326.0,4.394295350650451e-05
2023-12-11,10:15:12,25.7757,23.5,25.0,2972,15022320.0,4.422498910613804e-05
2023-12-11,10:15:12,25.7793,23.5,25.0,2970,15022321.0,4.43666849941522e-05
2023-12-11,10:15:12,25.783,23.5,25.0,2973,15022324.0,4.41543109552823e-05
2023-12-11,10:15:12,25.7865,23.5,25.0,2975,15022322.0,4.40132933358391e-05
2023-12-11,10:15:12,25.7899,23.5,25.0,2974,15022323.0,4.408374575868857e-05
2023-12-11,10:15:12,25.7971,23.5,25.0,2971,15022320.0,4.429578039206264e-05
2023-12-11,10:15:12,25.8008,23.5,25.0,2972,15022321.0,4.422498910613804e-05
2023-12-11,10:15:12,25.8044,23.5,25.0,2975,15022326.0,4.40132933358391e-05
2023-12-11,10:15:12,25.8078,23.5,25.0,2975,15022324.0,4.40132933358391e-05
2023-12-11,10:15:12,25.8113,23.5,25.0,2971,15022320.0,4.429578039206264e-05
2023-12-11,10:15:12,25.8149,23.5,25.0,2970,15022323.0,4.43666849941522e-05
2023-12-11,10:15:12,25.8186,23.5,25.0,2973,15022324.0,4.41543109552823e-05
2023-12-11,10:15:12,25.8222,23.5,25.0,2975,15022321.0,4.40132933358391e-05
2023-12-11,10:15:12,25.8256,23.5,25.0,2973,15022323.0,4.41543109552823e-05
2023-12-11,10:15:12,25.8328,23.5,25.0,2970,15022320.0,4.43666849941522e-05
2023-12-11,10:15:12,25.8364,23.5,25.0,2973,15022320.0,4.41543109552823e-05
2023-12-11,10:15:12,25.84,23.5,25.0,2976,15022325.0,4.394295350650451e-05
2023-12-11,10:15:12,25.8436,23.5,25.0,2975,15022325.0,4.40132933358391e-05
2023-12-11,10:15:12,25.8471,23.5,25.0,2971,15022320.0,4.429578039206264e-05
2023-12-11,10:15:12,25.8507,23.5,25.0,2969,15022323.0,4.443770309379288e-05
2023-12-11,10:15:12,25.8543,23.5,25.0,2972,15022326.0,4.422498910613804e-05
2023-12-11,10:15:12,25.8579,23.5,25.0,2975,15022322.0,4.40132933358391e-05
2023-12-11,10:15:12,25.8648,23.5,25.0,2971,15022327.0,4.429578039206264e-05
2023-12-11,10:15:12,25.8685,23.5,25.0,2969,15022321.0,4.443770309379288e-05
2023-12-11,10:15:12,25.8722,23.5,25.0,2973,15022319.0,4.41543109552823e-05
2023-12-11,10:15:12,25.8757,23.5,25.0,2975,15022323.0,4.40132933358391e-05
2023-12-11,10:15:12,25.8791,23.5,25.0,2973,15022324.0,4.41543109552823e-05
2023-12-11,10:15:12,25.8827,23.5,25.0,2970,15022320.0,4.43666849941522e-05
2023-12-11,10:15:12,25.8863,23.5,25.0,2969,15022322.0,4.443770309379288e-05
2023-12-11,10:15:12,25.89,23.5,25.0,2972,15022325.0,4.422498910613804e-05
2023-12-11,10:15:12,25.8971,23.5,25.0,2974,15022322.0,4.408374575868857e-05
2023-12-11,10:15:12,25.9005,23.5,25.0,2971,15022325.0,4.429578039206264e-05
2023-12-11,10:15:12,25.9041,23.5,25.0,2970,15022320.0,4.43666849941522e-05
2023-12-11,10:15:12,25.9078,23.5,25.0,2973,15022318.0,4.41543109552823e-05
2023-12-11,10:15:12,25.9114,23.5,25.0,2975,15022323.0,4.40132933358391e-05
2023-12-11,10:15:12,25.915,23.5,25.0,2974,15022324.0,4.408374575868857e-05
2023-12-11,10:15:12,25.9186,23.5,25.0,2971,15022320.0,4.429578039206264e-05
2023-12-11,10:15:12,25.9221,23.5,25.0,2969,15022321.0,4.443770309379288e-05
2023-12-11,10:15:12,25.9293,23.5,25.0,2974,15022322.0,4.408374575868857e-05
2023-12-11,10:15:12,25.9328,23.5,25.0,2973,15022321.0,4.41543109552823e-05
2023-12-11,10:15:12,25.9362,23.5,25.0,2972,15022323.0,4.422498910613804e-05
2023-12-11,10:15:12,25.9398,23.5,25.0,2971,15022320.0,4.429578039206264e-05
2023-12-11,10:15:12,25.9434,23.5,25.0,2973,15022319.0,4.41543109552823e-05
2023-12-11,10:15:12,25.947,23.5,25.0,2976,15022324.0,4.394295350650451e-05
2023-12-11,10:15:12,25.9506,23.5,25.0,2974,15022324.0,4.408374575868857e-05
2023-12-11,10:15:12,25.9541,23.5,25.0,2970,15022320.0,4.43666849941522e-05
2023-12-11,10:15:12,25.9613,23.5,25.0,2973,15022324.0,4.41543109552823e-05
2023-12-11,10:15:12,25.9649,23.5,25.0,2975,15022323.0,4.40132933358391e-05
2023-12-11,10:15:12,25.9685,23.5,25.0,2972,15022320.0,4.422498910613804e-05
2023-12-11,10:15:12,25.9721,23.5,25.0,2970,15022322.0,4.43666849941522e-05
2023-12-11,10:15:12,25.9756,23.5,25.0,2969,15022319.0,4.443770309379288e-05
2023-12-11,10:15:12,25.9792,23.5,25.0,2972,15022318.0,4.422498910613804e-05
2023-12-11,10:15:12,25.9828,23.5,25.0,2975,15022324.0,4.40132933358391e-05
2023-12-11,10:15:12,25.9864,23.5,25.0,2973,15022324.0,4.41543109552823e-05
2023-12-11,10:15:12,25.99,23.5,25.0,2970,15022320.0,4.43666849941522e-05
2023-12-11,10:15:12,25.9972,23.5,25.0,2973,15022323.0,4.41543109552823e-05
2023-12-11,10:15:12,26.0007,23.5,25.0,2974,15022322.0,4.408374575868857e-05
2023-12-11,10:15:12,26.0042,23.5,25.0,2972,15022321.0,4.422498910613804e-05
2023-12-11,10:15:12,26.0078,23.5,25.0,2969,15022324.0,4.443770309379288e-05
2023-12-11,10:15:12,26.0115,23.5,25.0,2970,15022322.0,4.43666849941522e-05
2023-12-11,10:15:12,26.0151,23.5,25.0,2975,15022319.0,4.40132933358391e-05
2023-12-11,10:15:12,26.0185,23.5,25.0,2976,15022323.0,4.394295350650451e-05
2023-12-11,10:15:12,26.022,23.5,25.0,2973,15022324.0,4.41543109552823e-05
2023-12-11,10:15:12,26.0292,23.5,25.0,2970,15022321.0,4.43666849941522e-05
2023-12-11,10:15:12,26.0329,23.5,25.0,2973,15022324.0,4.41543109552823e-05
2023-12-11,10:15:12,26.0364,23.5,25.0,2975,15022322.0,4.40132933358391e-05
2023-12-11,10:15:12,26.0399,23.5,25.0,2973,15022322.0,4.41543109552823e-05
2023-12-11,10:15:12,26.0435,23.5,25.0,2970,15022325.0,4.43666849941522e-05
2023-12-11,10:15:12,26.0471,23.5,25.0,2970,15022321.0,4.43666849941522e-05
2023-12-11,10:15:12,26.0507,23.5,25.0,2973,15022318.0,4.41543109552823e-05
2023-12-11,10:15:12,26.0542,23.5,25.0,2975,15022323.0,4.40132933358391e-05
2023-12-11,10:15:12,26.0614,23.5,25.0,2971,15022319.0,4.429578039206264e-05
2023-12-11,10:15:12,26.065,23.5,25.0,2972,15022319.0,4.422498910613804e-05
2023-12-11,10:15:12,26.0686,23.5,25.0,2974,15022321.0,4.408374575868857e-05
2023-12-11,10:15:12,26.072,23.5,25.0,2974,15022320.0,4.408374575868857e-05
2023-12-11,10:15:12,26.0755,23.5,25.0,2973,15022321.0,4.41543109552823e-05
2023-12-11,10:15:12,26.0791,23.5,25.0,2971,15022324.0,4.429578039206264e-05
2023-12-11,10:15:12,26.0828,23.5,25.0,2970,15022320.0,4.43666849941522e-05
2023-12-11,10:15:12,26.0864,23.5,25.0,2972,15022318.0,4.422498910613804e-05
2023-12-11,10:15:12,26.0934,23.5,25.0,2973,15022325.0,4.41543109552823e-05
2023-12-11,10:15:12,26.097,23.5,25.0,2970,15022320.0,4.43666849941522e-05
2023-12-11,10:15:12,26.1004,23.56,25.0,2969,15022321.0,4.443770309379288e-05
2023-12-11,10:15:12,26.104,23.56,25.0,2972,15022325.0,4.422498910613804e-05
2023-12-11,10:15:12,26.1077,23.56,25.0,2974,15022322.0,4.408374575868857e-05
2023-12-11,10:15:12,26.1113,23.56,25.0,2973,15022321.0,4.41543109552823e-05
2023-12-11,10:15:12,26.1149,23.56,25.0,2970,15022323.0,4.43666849941522e-05
2023-12-11,10:15:12,26.1185,23.56,25.0,2969,15022320.0,4.443770309379288e-05
2023-12-11,10:15:12,26.1257,23.56,25.0,2975,15022320.0,4.40132933358391e-05
2023-12-11,10:15:12,26.1292,23.56,25.0,2973,15022323.0,4.41543109552823e-05
2023-12-11,10:15:12,26.1327,23.56,25.0,2971,15022318.0,4.429578039206264e-05
2023-12-11,10:15:12,26.1363,23.56,25.0,2970,15022321.0,4.43666849941522e-05
2023-12-11,10:15:12,26.14,23.56,25.0,2973,15022325.0,4.41543109552823e-05
2023-12-11,10:15:12,26.1435,23.56,25.0,2977,15022321.0,4.387272609074357e-05
2023-12-11,10:15:12,26.1469,23.56,25.0,2974,15022319.0,4.408374575868857e-05
2023-12-11,10:15:12,26.1505,23.56,25.0,2969,15022324.0,4.443770309379288e-05
2023-12-11,10:15:12,26.1542,23.56,25.0,2970,15022323.0,4.43666849941522e-05
2023-12-11,10:15:12,26.1612,23.56,25.0,2975,15022323.0,4.40132933358391e-05
2023-12-11,10:15:12,26.1648,23.56,25.0,2973,15022324.0,4.41543109552823e-05
2023-12-11,10:15:12,26.1684,23.56,25.0,2970,15022318.0,4.43666849941522e-05
2023-12-11,10:15:12,26.172,23.56,25.0,2970,15022319.0,4.43666849941522e-05
2023-12-11,10:15:12,26.1756,23.56,25.0,2975,15022322.0,4.40132933358391e-05
2023-12-11,10:15:12,26.179,23.56,25.0,2976,15022321.0,4.394295350650451e-05
2023-12-11,10:15:12,26.1825,23.56,25.0,2972,15022320.0,4.422498910613804e-05
2023-12-11,10:15:12,26.1861,23.56,25.0,2970,15022323.0,4.43666849941522e-05
2023-12-11,10:15:12,26.1935,23.56,25.0,2972,15022316.0,4.422498910613804e-05
2023-12-11,10:15:12,26.197,23.56,25.0,2975,15022321.0,4.40132933358391e-05
2023-12-11,10:15:12,26.2004,23.56,25.0,2974,15022323.0,4.408374575868857e-05
2023-12-11,10:15:12,26.204,23.56,25.0,2972,15022317.0,4.422498910613804e-05
2023-12-11,10:15:12,26.2076,23.56,25.0,2970,15022319.0,4.43666849941522e-05
2023-12-11,10:15:12,26.2113,23.56,25.0,2972,15022324.0,4.422498910613804e-05
2023-12-11,10:15:12,26.2148,23.56,25.0,2974,15022321.0,4.408374575868857e-05
2023-12-11,10:15:12,26.2182,23.56,25.0,2973,15022322.0,4.41543109552823e-05
2023-12-11,10:15:12,26.2255,23.56,25.0,2970,15022318.0,4.43666849941522e-05
2023-12-11,10:15:12,26.2291,23.56,25.0,2973,15022317.0,4.41543109552823e-05
2023-12-11,10:15:12,26.2327,23.56,25.0,2975,15022322.0,4.40132933358391e-05
2023-12-11,10:15:12,26.2361,23.56,25.0,2973,15022323.0,4.41543109552823e-05
2023-12-11,10:15:12,26.2396,23.56,25.0,2970,15022317.0,4.43666849941522e-05
2023-12-11,10:15:12,26.2432,23.56,25.0,2969,15022319.0,4.443770309379288e-05
2023-12-11,10:15:12,26.2469,23.56,25.0,2972,15022323.0,4.422498910613804e-05
2023-12-11,10:15:12,26.2505,23.56,25.0,2976,15022320.0,4.394295350650451e-05
2023-12-11,10:15:12,26.2576,23.56,25.0,2970,15022323.0,4.43666849941522e-05
2023-12-11,10:15:12,26.2612,23.56,25.0,2970,15022319.0,4.43666849941522e-05
2023-12-11,10:15:12,26.2648,23.56,25.0,2972,15022317.0,4.422498910613804e-05
2023-12-11,10:15:12,26.2684,23.56,25.0,2974,15022321.0,4.408374575868857e-05
2023-12-11,10:15:12,26.2718,23.56,25.0,2974,15022321.0,4.408374575868857e-05
2023-12-11,10:15:12,26.2754,23.56,25.0,2970,15022317.0,4.43666849941522e-05
2023-12-11,10:15:12,26.279,23.56,25.0,2968,15022321.0,4.4508834872661e-05
2023-12-11,10:15:12,26.2826,23.56,25.0,2973,15022324.0,4.41543109552823e-05
2023-12-11,10:15:13,26.2896,23.56,25.0,2975,15022318.0,4.40132933358391e-05
2023-12-11,10:15:13,26.2931,23.56,25.0,2970,15022324.0,4.43666849941522e-05
2023-12-11,10:15:13,26.2967,23.56,25.0,2969,15022321.0,4.443770309379288e-05
2023-12-11,10:15:13,26.3003,23.56,25.0,2973,15022318.0,4.41543109552823e-05
2023-12-11,10:15:13,26.3038,23.56,25.0,2976,15022323.0,4.394295350650451e-05
2023-12-11,10:15:13,26.3074,23.56,25.0,2974,15022323.0,4.408374575868857e-05
2023-12-11,10:15:13,26.311,23.56,25.0,2970,15022317.0,4.43666849941522e-05
2023-12-11,10:15:13,26.3146,23.56,25.0,2969,15022322.0,4.443770309379288e-05
2023-12-11,10:15:13,26.3218,23.56,25.0,2976,15022319.0,4.394295350650451e-05
2023-12-11,10:15:13,26.3252,23.56,25.0,2976,15022320.0,4.394295350650451e-05
2023-12-11,10:15:13,26.3287,23.56,25.0,2972,15022324.0,4.422498910613804e-05
2023-12-11,10:15:13,26.3324,23.56,25.0,2968,15022317.0,4.4508834872661e-05
2023-12-11,10:15:13,26.3361,23.56,25.0,2971,15022316.0,4.429578039206264e-05
2023-12-11,10:15:13,26.3397,23.56,25.0,2976,15022323.0,4.394295350650451e-05
2023-12-11,10:15:13,26.3431,23.56,25.0,2975,15022322.0,4.40132933358391e-05
2023-12-11,10:15:13,26.3466,23.56,25.0,2972,15022319.0,4.422498910613804e-05
2023-12-11,10:15:13,26.3539,23.56,25.0,2973,15022321.0,4.41543109552823e-05
2023-12-11,10:15:13,26.3575,23.56,25.0,2976,15022319.0,4.394295350650451e-05
2023-12-11,10:15:13,26.3609,23.56,25.0,2973,15022320.0,4.41543109552823e-05
2023-12-11,10:15:13,26.3645,23.56,25.0,2970,15022323.0,4.43666849941522e-05
2023-12-11,10:15:13,26.3681,23.56,25.0,2971,15022319.0,4.429578039206264e-05
2023-12-11,10:15:13,26.3717,23.56,25.0,2973,15022318.0,4.41543109552823e-05
2023-12-11,10:15:13,26.3753,23.56,25.0,2975,15022323.0,4.40132933358391e-05
2023-12-11,10:15:13,26.3788,23.56,25.0,2975,15022322.0,4.40132933358391e-05
2023-12-11,10:15:13,26.3824,23.56,25.0,2970,15022318.0,4.43666849941522e-05
2023-12-11,10:15:13,26.3896,23.56,25.0,2972,15022324.0,4.422498910613804e-05
2023-12-11,10:15:13,26.3932,23.56,25.0,2976,15022318.0,4.394295350650451e-05
2023-12-11,10:15:13,26.3966,23.56,25.0,2975,15022316.0,4.40132933358391e-05
2023-12-11,10:15:13,26.4001,23.56,25.0,2970,15022322.0,4.43666849941522e-05
2023-12-11,10:15:13,26.4038,23.56,25.0,2968,15022319.0,4.4508834872661e-05
2023-12-11,10:15:13,26.4074,23.56,25.0,2971,15022317.0,4.429578039206264e-05
2023-12-11,10:15:13,26.4108,23.56,25.0,2975,15022322.0,4.40132933358391e-05
2023-12-11,10:15:13,26.418,23.56,25.0,2970,15022318.0,4.43666849941522e-05
2023-12-11,10:15:13,26.4216,23.56,25.0,2969,15022321.0,4.443770309379288e-05
2023-12-11,10:15:13,26.4253,23.56,25.0,2972,15022323.0,4.422498910613804e-05
2023-12-11,10:15:13,26.4289,23.56,25.0,2976,15022319.0,4.394295350650451e-05
2023-12-11,10:15:13,26.4324,23.56,25.0,2976,15022321.0,4.394295350650451e-05
2023-12-11,10:15:13,26.4359,23.56,25.0,2972,15022324.0,4.422498910613804e-05
2023-12-11,10:15:13,26.4395,23.56,25.0,2968,15022318.0,4.4508834872661e-05
2023-12-11,10:15:13,26.4431,23.56,25.0,2971,15022317.0,4.429578039206264e-05
2023-12-11,10:15:13,26.4467,23.56,25.0,2976,15022324.0,4.394295350650451e-05
2023-12-11,10:15:13,26.4536,23.56,25.0,2970,15022317.0,4.43666849941522e-05
2023-12-11,10:15:13,26.4573,23.56,25.0,2968,15022321.0,4.4508834872661e-05
2023-12-11,10:15:13,26.461,23.56,25.0,2971,15022323.0,4.429578039206264e-05
2023-12-11,10:15:13,26.4646,23.56,25.0,2975,15022318.0,4.40132933358391e-05
2023-12-11,10:15:13,26.4682,23.56,25.0,2974,15022318.0,4.408374575868857e-05
2023-12-11,10:15:13,26.4716,23.56,25.0,2971,15022322.0,4.429578039206264e-05
2023-12-11,10:15:13,26.4751,23.56,25.0,2969,15022319.0,4.443770309379288e-05
2023-12-11,10:15:13,26.4787,23.56,25.0,2971,15022317.0,4.429578039206264e-05
2023-12-11,10:15:13,26.4859,23.56,25.0,2975,15022324.0,4.40132933358391e-05
2023-12-11,10:15:13,26.4893,23.56,25.0,2970,15022317.0,4.43666849941522e-05
2023-12-11,10:15:13,26.4929,23.56,25.0,2969,15022320.0,4.443770309379288e-05
2023-12-11,10:15:13,26.4966,23.56,25.0,2974,15022324.0,4.408374575868857e-05
2023-12-11,10:15:13,26.5002,23.56,25.0,2976,15022319.0,4.394295350650451e-05
2023-12-11,10:15:13,26.5036,23.56,25.0,2975,15022319.0,4.40132933358391e-05
2023-12-11,10:15:13,26.5071,23.56,25.0,2971,15022322.0,4.429578039206264e-05
2023-12-11,10:15:13,26.5107,23.56,25.0,2968,15022318.0,4.4508834872661e-05
2023-12-11,10:15:13,26.5179,23.56,25.0,2975,15022322.0,4.40132933358391e-05
2023-12-11,10:15:13,26.5214,23.56,25.0,2975,15022319.0,4.40132933358391e-05
2023-12-11,10:15:13,26.525,23.56,25.0,2972,15022318.0,4.422498910613804e-05
2023-12-11,10:15:13,26.5286,23.56,25.0,2969,15022324.0,4.443770309379288e-05
2023-12-11,10:15:13,26.5322,23.56,25.0,2970,15022323.0,4.43666849941522e-05
2023-12-11,10:15:13,26.5358,23.56,25.0,2975,15022317.0,4.40132933358391e-05
2023-12-11,10:15:13,26.5394,23.56,25.0,2977,15022321.0,4.387272609074357e-05
2023-12-11,10:15:13,26.5428,23.56,25.0,2972,15022325.0,4.422498910613804e-05
2023-12-11,10:15:13,26.5499,23.56,25.0,2972,15022319.0,4.422498910613804e-05
2023-12-11,10:15:13,26.5536,23.56,25.0,2975,15022324.0,4.40132933358391e-05
2023-12-11,10:15:13,26.5572,23.56,25.0,2975,15022321.0,4.40132933358391e-05
2023-12-11,10:15:13,26.5606,23.56,25.0,2972,15022318.0,4.422498910613804e-05
2023-12-11,10:15:13,26.5642,23.56,25.0,2971,15022321.0,4.429578039206264e-05
2023-12-11,10:15:13,26.5678,23.56,25.0,2972,15022321.0,4.422498910613804e-05
2023-12-11,10:15:13,26.5714,23.56,25.0,2975,15022318.0,4.40132933358391e-05
2023-12-11,10:15:13,26.5749,23.56,25.0,2977,15022323.0,4.387272609074357e-05
2023-12-11,10:15:13,26.5819,23.56,25.0,2969,15022315.0,4.443770309379288e-05
2023-12-11,10:15:13,26.5856,23.56,25.0,2971,15022319.0,4.429578039206264e-05
2023-12-11,10:15:13,26.5892,23.56,25.0,2977,15022325.0,4.387272609074357e-05
2023-12-11,10:15:13,26.5926,23.56,25.0,2976,15022320.0,4.394295350650451e-05
2023-12-11,10:15:13,26.5962,23.56,25.0,2972,15022318.0,4.422498910613804e-05
2023-12-11,10:15:13,26.5998,23.56,25.0,2972,15022321.0,4.422498910613804e-05
2023-12-11,10:15:13,26.6035,23.56,25.0,2973,15022320.0,4.41543109552823e-05
2023-12-11,10:15:13,26.6071,23.56,25.0,2974,15022318.0,4.408374575868857e-05
2023-12-11,10:15:13,26.614,23.56,25.0,2973,15022322.0,4.41543109552823e-05
2023-12-11,10:15:13,26.6174,23.56,25.0,2970,15022318.0,4.43666849941522e-05
2023-12-11,10:15:13,26.6212,23.56,25.0,2970,15022322.0,4.43666849941522e-05
2023-12-11,10:15:13,26.6249,23.56,25.0,2974,15022325.0,4.408374575868857e-05
2023-12-11,10:15:13,26.6283,23.56,25.0,2976,15022319.0,4.394295350650451e-05
2023-12-11,10:15:13,26.6318,23.56,25.0,2974,15022320.0,4.408374575868857e-05
2023-12-11,10:15:13,26.6352,23.56,25.0,2969,15022326.0,4.443770309379288e-05
2023-12-11,10:15:13,26.6387,23.56,25.0,2967,15022321.0,4.458008051272389e-05
2023-12-11,10:15:13,26.6461,23.56,25.0,2976,15022322.0,4.394295350650451e-05
2023-12-11,10:15:13,26.6497,23.56,25.0,2974,15022321.0,4.408374575868857e-05
2023-12-11,10:15:13,26.6533,23.56,25.0,2970,15022316.0,4.43666849941522e-05
2023-12-11,10:15:13,26.6567,23.56,25.0,2969,15022320.0,4.443770309379288e-05
2023-12-11,10:15:13,26.6603,23.56,25.0,2972,15022324.0,4.422498910613804e-05
2023-12-11,10:15:13,26.664,23.56,25.0,2975,15022319.0,4.40132933358391e-05
2023-12-11,10:15:13,26.6676,23.56,25.0,2974,15022320.0,4.408374575868857e-05
2023-12-11,10:15:13,26.6711,23.56,25.0,2970,15022324.0,4.43666849941522e-05
2023-12-11,10:15:13,26.6781,23.56,25.0,2973,15022318.0,4.41543109552823e-05
2023-12-11,10:15:13,26.6818,23.56,25.0,2976,15022323.0,4.394295350650451e-05
2023-12-11,10:15:13,26.6854,23.56,25.0,2975,15022321.0,4.40132933358391e-05
2023-12-11,10:15:13,26.6889,23.56,25.0,2971,15022316.0,4.429578039206264e-05
2023-12-11,10:15:13,26.6924,23.56,25.0,2970,15022321.0,4.43666849941522e-05
2023-12-11,10:15:13,26.6962,23.56,25.0,2974,15022324.0,4.408374575868857e-05
2023-12-11,10:15:13,26.6997,23.56,25.0,2975,15022319.0,4.40132933358391e-05
2023-12-11,10:15:13,26.7032,23.56,25.0,2972,15022319.0,4.422498910613804e-05
2023-12-11,10:15:13,26.7104,23.56,25.0,2971,15022318.0,4.429578039206264e-05
2023-12-11,10:15:13,26.714,23.56,25.0,2971,15022319.0,4.429578039206264e-05
2023-12-11,10:15:13,26.7175,23.56,25.0,2975,15022322.0,4.40132933358391e-05
2023-12-11,10:15:13,26.721,23.56,25.0,2975,15022320.0,4.40132933358391e-05
2023-12-11,10:15:13,26.7244,23.56,25.0,2972,15022318.0,4.422498910613804e-05
2023-12-11,10:15:13,26.728,23.56,25.0,2970,15022322.0,4.43666849941522e-05
2023-12-11,10:15:13,26.7316,23.56,25.0,2972,15022325.0,4.422498910613804e-05
2023-12-11,10:15:13,26.7352,23.56,25.0,2975,15022320.0,4.40132933358391e-05
2023-12-11,10:15:13,26.7422,23.56,25.0,2969,15022325.0,4.443770309379288e-05
2023-12-11,10:15:13,26.7458,23.56,25.0,2968,15022321.0,4.4508834872661e-05
2023-12-11,10:15:13,26.7495,23.56,25.0,2973,15022318.0,4.41543109552823e-05
2023-12-11,10:15:13,26.7531,23.56,25.0,2976,15022323.0,4.394295350650451e-05
2023-12-11,10:15:13,26.7567,23.56,25.0,2975,15022321.0,4.40132933358391e-05
2023-12-11,10:15:13,26.7603,23.56,25.0,2972,15022318.0,4.422498910613804e-05
2023-12-11,10:15:13,26.7637,23.56,25.0,2969,15022320.0,4.443770309379288e-05
2023-12-11,10:15:13,26.7673,23.56,25.0,2971,15022321.0,4.429578039206264e-05
2023-12-11,10:15:13,26.7745,23.56,25.0,2975,15022319.0,4.40132933358391e-05
2023-12-11,10:15:13,26.778,23.56,25.0,2970,15022325.0,4.43666849941522e-05
2023-12-11,10:15:13,26.7817,23.56,25.0,2966,15022319.0,4.465144019623996e-05
2023-12-11,10:15:13,26.7852,23.56,25.0,2970,15022317.0,4.43666849941522e-05
2023-12-11,10:15:13,26.7887,23.56,25.0,2976,15022324.0,4.394295350650451e-05
2023-12-11,10:15:13,26.7923,23.56,25.0,2975,15022322.0,4.40132933358391e-05
2023-12-11,10:15:13,26.7959,23.56,25.0,2970,15022318.0,4.43666849941522e-05
2023-12-11,10:15:13,26.7995,23.56,25.0,2969,15022322.0,4.443770309379288e-05
2023-12-11,10:15:13,26.8066,23.56,25.0,2975,15022319.0,4.40132933358391e-05
2023-12-11,10:15:13,26.8101,23.56,25.0,2975,15022320.0,4.40132933358391e-05
2023-12-11,10:15:13,26.8135,23.56,25.0,2971,15022322.0,4.429578039206264e-05
2023-12-11,10:15:13,26.8171,23.56,25.0,2969,15022318.0,4.443770309379288e-05
2023-12-11,10:15:13,26.8208,23.56,25.0,2972,15022319.0,4.422498910613804e-05
2023-12-11,10:15:13,26.8244,23.56,25.0,2975,15022324.0,4.40132933358391e-05
2023-12-11,10:15:13,26.8277,23.56,25.0,2974,15022321.0,4.408374575868857e-05
2023-12-11,10:15:13,26.8313,23.56,25.0,2971,15022319.0,4.429578039206264e-05
2023-12-11,10:15:13,26.835,23.56,25.0,2969,15022324.0,4.443770309379288e-05
2023-12-11,10:15:13,26.8422,23.56,25.0,2975,15022320.0,4.40132933358391e-05
2023-12-11,10:15:13,26.8458,23.56,25.0,2975,15022320.0,4.40132933358391e-05
2023-12-11,10:15:13,26.8492,23.56,25.0,2971,15022324.0,4.429578039206264e-05
2023-12-11,10:15:13,26.8528,23.56,25.0,2968,15022320.0,4.4508834872661e-05
2023-12-11,10:15:13,26.8565,23.56,25.0,2971,15022320.0,4.429578039206264e-05
2023-12-11,10:15:13,26.8601,23.56,25.0,2974,15022322.0,4.408374575868857e-05
2023-12-11,10:15:13,26.8636,23.56,25.0,2974,15022318.0,4.408374575868857e-05
2023-12-11,10:15:13,26.867,23.56,25.0,2972,15022319.0,4.422498910613804e-05
2023-12-11,10:15:13,26.8743,23.56,25.0,2970,15022323.0,4.43666849941522e-05
2023-12-11,10:15:13,26.8779,23.56,25.0,2974,15022318.0,4.408374575868857e-05
2023-12-11,10:15:13,26.8814,23.56,25.0,2975,15022321.0,4.40132933358391e-05
2023-12-11,10:15:13,26.885,23.56,25.0,2972,15022324.0,4.422498910613804e-05
2023-12-11,10:15:13,26.8885,23.56,25.0,2969,15022319.0,4.443770309379288e-05
2023-12-11,10:15:13,26.8921,23.56,25.0,2971,15022320.0,4.429578039206264e-05
2023-12-11,10:15:13,26.8957,23.56,25.0,2975,15022324.0,4.40132933358391e-05
2023-12-11,10:15:13,26.8993,23.56,25.0,2974,15022319.0,4.408374575868857e-05
2023-12-11,10:15:13,26.9063,23.56,25.0,2969,15022322.0,4.443770309379288e-05
2023-12-11,10:15:13,26.9099,23.56,25.0,2970,15022322.0,4.43666849941522e-05
2023-12-11,10:15:13,26.9135,23.56,25.0,2974,15022319.0,4.408374575868857e-05
2023-12-11,10:15:13,26.917,23.56,25.0,2976,15022322.0,4.394295350650451e-05
2023-12-11,10:15:13,26.9204,23.56,25.0,2974,15022323.0,4.408374575868857e-05
2023-12-11,10:15:13,26.924,23.56,25.0,2969,15022317.0,4.443770309379288e-05
2023-12-11,10:15:13,26.9277,23.56,25.0,2969,15022320.0,4.443770309379288e-05
2023-12-11,10:15:13,26.9313,23.56,25.0,2974,15022326.0,4.408374575868857e-05
2023-12-11,10:15:13,26.9385,23.56,25.0,2972,15022317.0,4.422498910613804e-05
2023-12-11,10:15:13,26.9419,23.56,25.0,2968,15022323.0,4.4508834872661e-05
2023-12-11,10:15:13,26.9455,23.56,25.0,2969,15022322.0,4.443770309379288e-05
2023-12-11,10:15:13,26.9492,23.56,25.0,2973,15022318.0,4.41543109552823e-05
2023-12-11,10:15:13,26.9527,23.56,25.0,2975,15022322.0,4.40132933358391e-05
2023-12-11,10:15:13,26.9561,23.56,25.0,2974,15022321.0,4.408374575868857e-05
2023-12-11,10:15:13,26.9597,23.56,25.0,2970,15022317.0,4.43666849941522e-05
2023-12-11,10:15:13,26.9633,23.56,25.0,2968,15022323.0,4.4508834872661e-05
2023-12-11,10:15:13,26.9703,23.56,25.0,2975,15022318.0,4.40132933358391e-05
2023-12-11,10:15:13,26.9738,23.56,25.0,2974,15022319.0,4.408374575868857e-05
2023-12-11,10:15:13,26.9774,23.56,25.0,2969,15022326.0,4.443770309379288e-05
2023-12-11,10:15:13,26.9811,23.56,25.0,2968,15022322.0,4.4508834872661e-05
2023-12-11,10:15:13,26.9848,23.56,25.0,2973,15022318.0,4.41543109552823e-05
2023-12-11,10:15:13,26.9884,23.56,25.0,2976,15022322.0,4.394295350650451e-05
2023-12-11,10:15:13,26.9918,23.56,25.0,2973,15022322.0,4.41543109552823e-05
2023-12-11,10:15:13,26.9953,23.56,25.0,2969,15022319.0,4.443770309379288e-05
2023-12-11,10:15:13,27.0027,23.56,25.0,2972,15022323.0,4.422498910613804e-05
2023-12-11,10:15:13,27.0062,23.56,25.0,2975,15022319.0,4.40132933358391e-05
2023-12-11,10:15:13,27.0096,23.56,25.0,2974,15022318.0,4.408374575868857e-05
2023-12-11,10:15:13,27.0132,23.56,25.0,2969,15022323.0,4.443770309379288e-05
2023-12-11,10:15:13,27.0169,23.56,25.0,2967,15022320.0,4.458008051272389e-05
2023-12-11,10:15:13,27.0206,23.56,25.0,2972,15022317.0,4.422498910613804e-05
2023-12-11,10:15:13,27.0241,23.56,25.0,2975,15022322.0,4.40132933358391e-05
2023-12-11,10:15:13,27.0276,23.56,25.0,2972,15022320.0,4.422498910613804e-05
2023-12-11,10:15:13,27.0347,23.56,25.0,2969,15022321.0,4.443770309379288e-05
2023-12-11,10:15:13,27.0383,23.56,25.0,2972,15022324.0,4.422498910613804e-05
2023-12-11,10:15:13,27.0419,23.56,25.0,2974,15022318.0,4.408374575868857e-05
2023-12-11,10:15:13,27.0455,23.56,25.0,2972,15022317.0,4.422498910613804e-05
2023-12-11,10:15:13,27.0489,23.56,25.0,2969,15022322.0,4.443770309379288e-05
2023-12-11,10:15:13,27.0525,23.56,25.0,2970,15022321.0,4.43666849941522e-05
2023-12-11,10:15:13,27.0562,23.56,25.0,2974,15022318.0,4.408374575868857e-05
2023-12-11,10:15:13,27.0598,23.56,25.0,2976,15022323.0,4.394295350650451e-05
2023-12-11,10:15:13,27.0667,23.56,25.0,2970,15022314.0,4.43666849941522e-05
2023-12-11,10:15:13,27.0703,23.56,25.0,2967,15022322.0,4.458008051272389e-05
2023-12-11,10:15:13,27.0739,23.56,25.0,2971,15022324.0,4.429578039206264e-05
2023-12-11,10:15:13,27.0775,23.56,25.0,2974,15022316.0,4.408374575868857e-05
2023-12-11,10:15:13,27.0811,23.56,25.0,2972,15022318.0,4.422498910613804e-05
2023-12-11,10:15:13,27.0845,23.56,25.0,2969,15022324.0,4.443770309379288e-05
2023-12-11,10:15:13,27.0881,23.56,25.0,2969,15022321.0,4.443770309379288e-05
2023-12-11,10:15:13,27.0917,23.56,25.0,2972,15022317.0,4.422498910613804e-05
2023-12-11,10:15:13,27.0988,23.56,25.0,2973,15022320.0,4.41543109552823e-05
2023-12-11,10:15:13,27.1023,23.56,25.0,2970,15022316.0,4.43666849941522e-05
2023-12-11,10:15:13,27.1059,23.5,25.0,2968,15022322.0,4.4508834872661e-05
2023-12-11,10:15:13,27.1096,23.5,25.0,2970,15022322.0,4.43666849941522e-05
2023-12-11,10:15:13,27.1132,23.5,25.0,2974,15022317.0,4.408374575868857e-05
2023-12-11,10:15:13,27.1166,23.5,25.0,2974,15022318.0,4.408374575868857e-05
2023-12-11,10:15:13,27.1202,23.5,25.0,2969,15022321.0,4.443770309379288e-05
2023-12-11,10:15:13,27.1238,23.5,25.0,2967,15022318.0,4.458008051272389e-05
2023-12-11,10:15:13,27.131,23.5,25.0,2976,15022318.0,4.394295350650451e-05
2023-12-11,10:15:13,27.1344,23.5,25.0,2973,15022319.0,4.41543109552823e-05
2023-12-11,10:15:13,27.1379,23.5,25.0,2970,15022316.0,4.43666849941522e-05
2023-12-11,10:15:13,27.1415,23.5,25.0,2968,15022320.0,4.4508834872661e-05
2023-12-11,10:15:13,27.1451,23.5,25.0,2971,15022322.0,4.429578039206264e-05
2023-12-11,10:15:13,27.1486,23.5,25.0,2974,15022318.0,4.408374575868857e-05
2023-12-11,10:15:13,27.1522,23.5,25.0,2973,15022319.0,4.41543109552823e-05
2023-12-11,10:15:13,27.1558,23.5,25.0,2970,15022321.0,4.43666849941522e-05
2023-12-11,10:15:13,27.163,23.5,25.0,2972,15022319.0,4.422498910613804e-05
2023-12-11,10:15:13,27.1666,23.5,25.0,2975,15022321.0,4.40132933358391e-05
2023-12-11,10:15:13,27.17,23.5,25.0,2974,15022318.0,4.408374575868857e-05
2023-12-11,10:15:13,27.1735,23.5,25.0,2971,15022315.0,4.429578039206264e-05
2023-12-11,10:15:13,27.1771,23.5,25.0,2968,15022322.0,4.4508834872661e-05
2023-12-11,10:15:13,27.1808,23.5,25.0,2970,15022324.0,4.43666849941522e-05
2023-12-11,10:15:13,27.1844,23.5,25.0,2973,15022317.0,4.41543109552823e-05
2023-12-11,10:15:13,27.1878,23.5,25.0,2974,15022319.0,4.408374575868857e-05
2023-12-11,10:15:13,27.195,23.5,25.0,2968,15022318.0,4.4508834872661e-05
2023-12-11,10:15:13,27.1986,23.5,25.0,2970,15022321.0,4.43666849941522e-05
2023-12-11,10:15:13,27.202,23.5,25.0,2973,15022322.0,4.41543109552823e-05
2023-12-11,10:15:13,27.2056,23.5,25.0,2974,15022317.0,4.408374575868857e-05
2023-12-11,10:15:13,27.2093,23.5,25.0,2972,15022316.0,4.422498910613804e-05
2023-12-11,10:15:13,27.2128,23.5,25.0,2969,15022321.0,4.443770309379288e-05
2023-12-11,10:15:13,27.2164,23.5,25.0,2969,15022320.0,4.443770309379288e-05
2023-12-11,10:15:13,27.2199,23.5,25.0,2972,15022317.0,4.422498910613804e-05
2023-12-11,10:15:13,27.227,23.5,25.0,2970,15022322.0,4.43666849941522e-05
2023-12-11,10:15:13,27.2306,23.5,25.0,2967,15022317.0,4.458008051272389e-05
2023-12-11,10:15:13,27.2343,23.5,25.0,2968,15022321.0,4.4508834872661e-05
2023-12-11,10:15:13,27.2379,23.5,25.0,2972,15022324.0,4.422498910613804e-05
2023-12-11,10:15:13,27.2413,23.5,25.0,2974,15022318.0,4.408374575868857e-05
2023-12-11,10:15:13,27.2449,23.5,25.0,2972,15022317.0,4.422498910613804e-05
2023-12-11,10:15:13,27.2484,23.5,25.0,2969,15022321.0,4.443770309379288e-05
2023-12-11,10:15:13,27.2519,23.5,25.0,2968,15022320.0,4.4508834872661e-05
2023-12-11,10:15:13,27.2592,23.5,25.0,2974,15022320.0,4.408374575868857e-05
2023-12-11,10:15:13,27.2628,23.5,25.0,2971,15022320.0,4.429578039206264e-05
2023-12-11,10:15:13,27.2663,23.5,25.0,2968,15022316.0,4.4508834872661e-05
2023-12-11,10:15:13,27.2699,23.5,25.0,2970,15022321.0,4.43666849941522e-05
2023-12-11,10:15:13,27.2734,23.5,25.0,2973,15022324.0,4.41543109552823e-05
2023-12-11,10:15:13,27.2769,23.5,25.0,2974,15022319.0,4.408374575868857e-05
2023-12-11,10:15:13,27.2805,23.5,25.0,2972,15022316.0,4.422498910613804e-05
2023-12-11,10:15:13,27.2841,23.5,25.0,2968,15022320.0,4.4508834872661e-05
2023-12-11,10:15:14,27.2912,23.5,25.0,2972,15022320.0,4.422498910613804e-05
2023-12-11,10:15:14,27.2947,23.5,25.0,2973,15022320.0,4.41543109552823e-05
2023-12-11,10:15:14,27.2981,23.5,25.0,2971,15022319.0,4.429578039206264e-05
2023-12-11,10:15:14,27.3017,23.5,25.0,2970,15022316.0,4.43666849941522e-05
2023-12-11,10:15:14,27.3054,23.5,25.0,2969,15022321.0,4.443770309379288e-05
2023-12-11,10:15:14,27.309,23.5,25.0,2969,15022322.0,4.443770309379288e-05
2023-12-11,10:15:14,27.3125,23.5,25.0,2972,15022317.0,4.422498910613804e-05
2023-12-11,10:15:14,27.3161,23.5,25.0,2972,15022317.0,4.422498910613804e-05
2023-12-11,10:15:14,27.3232,23.5,25.0,2967,15022321.0,4.458008051272389e-05
2023-12-11,10:15:14,27.3268,23.5,25.0,2971,15022317.0,4.429578039206264e-05
2023-12-11,10:15:14,27.3304,23.5,25.0,2974,15022320.0,4.408374575868857e-05
2023-12-11,10:15:14,27.334,23.5,25.0,2972,15022320.0,4.422498910613804e-05
2023-12-11,10:15:14,27.3376,23.5,25.0,2969,15022316.0,4.443770309379288e-05
2023-12-11,10:15:14,27.3412,23.5,25.0,2971,15022318.0,4.429578039206264e-05
2023-12-11,10:15:14,27.3447,23.5,25.0,2974,15022320.0,4.408374575868857e-05
2023-12-11,10:15:14,27.3482,23.5,25.0,2973,15022317.0,4.41543109552823e-05
2023-12-11,10:15:14,27.3552,23.5,25.0,2971,15022320.0,4.429578039206264e-05
2023-12-11,10:15:14,27.3589,23.5,25.0,2970,15022318.0,4.43666849941522e-05
2023-12-11,10:15:14,27.3625,23.5,25.0,2971,15022319.0,4.429578039206264e-05
2023-12-11,10:15:14,27.366,23.5,25.0,2973,15022322.0,4.41543109552823e-05
2023-12-11,10:15:14,27.3696,23.5,25.0,2973,15022319.0,4.41543109552823e-05
2023-12-11,10:15:14,27.3732,23.5,25.0,2970,15022315.0,4.43666849941522e-05
2023-12-11,10:15:14,27.3767,23.5,25.0,2969,15022320.0,4.443770309379288e-05
2023-12-11,10:15:14,27.3803,23.5,25.0,2971,15022322.0,4.429578039206264e-05
2023-12-11,10:15:14,27.3875,23.5,25.0,2972,15022316.0,4.422498910613804e-05
2023-12-11,10:15:14,27.3909,23.5,25.0,2969,15022321.0,4.443770309379288e-05
2023-12-11,10:15:14,27.3945,23.5,25.0,2969,15022319.0,4.443770309379288e-05
2023-12-11,10:15:14,27.3982,23.5,25.0,2971,15022318.0,4.429578039206264e-05
2023-12-11,10:15:14,27.4018,23.5,25.0,2973,15022320.0,4.41543109552823e-05
2023-12-11,10:15:14,27.4053,23.5,25.0,2974,15022318.0,4.408374575868857e-05
2023-12-11,10:15:14,27.4087,23.5,25.0,2970,15022314.0,4.43666849941522e-05
2023-12-11,10:15:14,27.4123,23.5,25.0,2967,15022320.0,4.458008051272389e-05
2023-12-11,10:15:14,27.4159,23.5,25.0,2970,15022323.0,4.43666849941522e-05
2023-12-11,10:15:14,27.4231,23.5,25.0,2972,15022315.0,4.422498910613804e-05
2023-12-11,10:15:14,27.4265,23.5,25.0,2969,15022321.0,4.443770309379288e-05
2023-12-11,10:15:14,27.4301,23.5,25.0,2969,15022320.0,4.443770309379288e-05
2023-12-11,10:15:14,27.4337,23.5,25.0,2973,15022318.0,4.41543109552823e-05
2023-12-11,10:15:14,27.4373,23.5,25.0,2975,15022320.0,4.40132933358391e-05
2023-12-11,10:15:14,27.4409,23.5,25.0,2973,15022319.0,4.41543109552823e-05
2023-12-11,10:15:14,27.4443,23.5,25.0,2971,15022316.0,4.429578039206264e-05
2023-12-11,10:15:14,27.4479,23.5,25.0,2971,15022318.0,4.429578039206264e-05
2023-12-11,10:15:14,27.4551,23.5,25.0,2973,15022317.0,4.41543109552823e-05
2023-12-11,10:15:14,27.4587,23.5,25.0,2973,15022319.0,4.41543109552823e-05
2023-12-11,10:15:14,27.4621,23.5,25.0,2970,15022321.0,4.43666849941522e-05
2023-12-11,10:15:14,27.4657,23.5,25.0,2968,15022318.0,4.4508834872661e-05
2023-12-11,10:15:14,27.4694,23.5,25.0,2971,15022319.0,4.429578039206264e-05
2023-12-11,10:15:14,27.473,23.5,25.0,2974,15022321.0,4.408374575868857e-05
2023-12-11,10:15:14,27.4764,23.5,25.0,2973,15022318.0,4.41543109552823e-05
2023-12-11,10:15:14,27.48,23.5,25.0,2971,15022317.0,4.429578039206264e-05
2023-12-11,10:15:14,27.4872,23.5,25.0,2969,15022319.0,4.443770309379288e-05
2023-12-11,10:15:14,27.4908,23.5,25.0,2972,15022317.0,4.422498910613804e-05
2023-12-11,10:15:14,27.4942,23.5,25.0,2973,15022318.0,4.41543109552823e-05
2023-12-11,10:15:14,27.4978,23.5,25.0,2971,15022318.0,4.429578039206264e-05
2023-12-11,10:15:14,27.5014,23.5,25.0,2969,15022316.0,4.443770309379288e-05
2023-12-11,10:15:14,27.505,23.5,25.0,2969,15022318.0,4.443770309379288e-05
2023-12-11,10:15:14,27.5086,23.5,25.0,2972,15022322.0,4.422498910613804e-05
2023-12-11,10:15:14,27.5122,23.5,25.0,2973,15022318.0,4.41543109552823e-05
2023-12-11,10:15:14,27.5191,23.5,25.0,2970,15022321.0,4.43666849941522e-05
2023-12-11,10:15:14,27.5228,23.5,25.0,2971,15022321.0,4.429578039206264e-05
2023-12-11,10:15:14,27.5264,23.5,25.0,2973,15022317.0,4.41543109552823e-05
2023-12-11,10:15:14,27.5298,23.5,25.0,2974,15022318.0,4.408374575868857e-05
2023-12-11,10:15:14,27.5334,23.5,25.0,2972,15022319.0,4.422498910613804e-05
2023-12-11,10:15:14,27.537,23.5,25.0,2969,15022317.0,4.443770309379288e-05
2023-12-11,10:15:14,27.5406,23.5,25.0,2969,15022319.0,4.443770309379288e-05
2023-12-11,10:15:14,27.5442,23.5,25.0,2972,15022323.0,4.422498910613804e-05
2023-12-11,10:15:14,27.5513,23.5,25.0,2974,15022318.0,4.408374575868857e-05
2023-12-11,10:15:14,27.5549,23.5,25.0,2971,15022324.0,4.429578039206264e-05
2023-12-11,10:15:14,27.5585,23.5,25.0,2969,15022321.0,4.443770309379288e-05
2023-12-11,10:15:14,27.5621,23.5,25.0,2973,15022316.0,4.41543109552823e-05
2023-12-11,10:15:14,27.5655,23.5,25.0,2974,15022318.0,4.408374575868857e-05
2023-12-11,10:15:14,27.569,23.5,25.0,2973,15022318.0,4.41543109552823e-05
2023-12-11,10:15:14,27.5726,23.5,25.0,2970,15022315.0,4.43666849941522e-05
2023-12-11,10:15:14,27.5762,23.5,25.0,2969,15022318.0,4.443770309379288e-05
2023-12-11,10:15:14,27.5833,23.5,25.0,2973,15022320.0,4.41543109552823e-05
2023-12-11,10:15:14,27.5868,23.5,25.0,2971,15022318.0,4.429578039206264e-05
2023-12-11,10:15:14,27.5902,23.5,25.0,2970,15022320.0,4.43666849941522e-05
2023-12-11,10:15:14,27.594,23.5,25.0,2970,15022319.0,4.43666849941522e-05
2023-12-11,10:15:14,27.5977,23.5,25.0,2972,15022318.0,4.422498910613804e-05
2023-12-11,10:15:14,27.6011,23.5,25.0,2974,15022321.0,4.408374575868857e-05
2023-12-11,10:15:14,27.6046,23.5,25.0,2974,15022318.0,4.408374575868857e-05
2023-12-11,10:15:14,27.6082,23.56,25.0,2971,15022314.0,4.429578039206264e-05
2023-12-11,10:15:14,27.6153,23.56,25.0,2971,15022321.0,4.429578039206264e-05
2023-12-11,10:15:14,27.6189,23.56,25.0,2973,15022318.0,4.41543109552823e-05
2023-12-11,10:15:14,27.6225,23.56,25.0,2973,15022316.0,4.41543109552823e-05
2023-12-11,10:15:14,27.6261,23.56,25.0,2970,15022320.0,4.43666849941522e-05
2023-12-11,10:15:14,27.6297,23.56,25.0,2969,15022320.0,4.443770309379288e-05
2023-12-11,10:15:14,27.6332,23.56,25.0,2972,15022318.0,4.422498910613804e-05
2023-12-11,10:15:14,27.6368,23.56,25.0,2974,15022321.0,4.408374575868857e-05
2023-12-11,10:15:14,27.6404,23.56,25.0,2973,15022319.0,4.41543109552823e-05
2023-12-11,10:15:14,27.6473,23.56,25.0,2970,15022321.0,4.43666849941522e-05
2023-12-11,10:15:14,27.651,23.56,25.0,2972,15022321.0,4.422498910613804e-05
2023-12-11,10:15:14,27.6546,23.56,25.0,2975,15022317.0,4.40132933358391e-05
2023-12-11,10:15:14,27.6581,23.56,25.0,2975,15022317.0,4.40132933358391e-05
2023-12-11,10:15:14,27.6617,23.56,25.0,2971,15022321.0,4.429578039206264e-05
2023-12-11,10:15:14,27.6652,23.56,25.0,2969,15022318.0,4.443770309379288e-05
2023-12-11,10:15:14,27.6688,23.56,25.0,2971,15022317.0,4.429578039206264e-05
2023-12-11,10:15:14,27.6724,23.56,25.0,2973,15022321.0,4.41543109552823e-05
2023-12-11,10:15:14,27.6796,23.56,25.0,2970,15022316.0,4.43666849941522e-05
2023-12-11,10:15:14,27.683,23.56,25.0,2970,15022319.0,4.43666849941522e-05
2023-12-11,10:15:14,27.6866,23.56,25.0,2971,15022321.0,4.429578039206264e-05
2023-12-11,10:15:14,27.6903,23.56,25.0,2973,15022317.0,4.41543109552823e-05
2023-12-11,10:15:14,27.6938,23.56,25.0,2974,15022318.0,4.408374575868857e-05
2023-12-11,10:15:14,27.6972,23.56,25.0,2972,15022321.0,4.422498910613804e-05
2023-12-11,10:15:14,27.7008,23.56,25.0,2969,15022317.0,4.443770309379288e-05
2023-12-11,10:15:14,27.7044,23.56,25.0,2971,15022317.0,4.429578039206264e-05
2023-12-11,10:15:14,27.7116,23.56,25.0,2972,15022321.0,4.422498910613804e-05
2023-12-11,10:15:14,27.7152,23.56,25.0,2970,15022316.0,4.43666849941522e-05
2023-12-11,10:15:14,27.7188,23.56,25.0,2970,15022318.0,4.43666849941522e-05
2023-12-11,10:15:14,27.7223,23.56,25.0,2971,15022320.0,4.429578039206264e-05
2023-12-11,10:15:14,27.7259,23.56,25.0,2972,15022318.0,4.422498910613804e-05
2023-12-11,10:15:14,27.7295,23.56,25.0,2973,15022319.0,4.41543109552823e-05
2023-12-11,10:15:14,27.733,23.56,25.0,2972,15022319.0,4.422498910613804e-05
2023-12-11,10:15:14,27.7364,23.56,25.0,2970,15022317.0,4.43666849941522e-05
2023-12-11,10:15:14,27.7436,23.56,25.0,2972,15022320.0,4.422498910613804e-05
2023-12-11,10:15:14,27.7472,23.56,25.0,2973,15022316.0,4.41543109552823e-05
2023-12-11,10:15:14,27.7508,23.56,25.0,2972,15022316.0,4.422498910613804e-05
2023-12-11,10:15:14,27.7543,23.56,25.0,2970,15022321.0,4.43666849941522e-05
2023-12-11,10:15:14,27.7579,23.56,25.0,2972,15022322.0,4.422498910613804e-05
2023-12-11,10:15:14,27.7615,23.56,25.0,2976,15022316.0,4.394295350650451e-05
2023-12-11,10:15:14,27.7651,23.56,25.0,2974,15022315.0,4.408374575868857e-05
2023-12-11,10:15:14,27.7685,23.56,25.0,2971,15022316.0,4.429578039206264e-05
2023-12-11,10:15:14,27.7757,23.56,25.0,2971,15022320.0,4.429578039206264e-05
2023-12-11,10:15:14,27.7793,23.56,25.0,2973,15022321.0,4.41543109552823e-05
2023-12-11,10:15:14,27.7828,23.56,25.0,2973,15022317.0,4.41543109552823e-05
2023-12-11,10:15:14,27.7863,23.56,25.0,2973,15022318.0,4.41543109552823e-05
2023-12-11,10:15:14,27.7898,23.56,25.0,2971,15022323.0,4.429578039206264e-05
2023-12-11,10:15:14,27.7934,23.56,25.0,2970,15022321.0,4.43666849941522e-05
2023-12-11,10:15:14,27.7971,23.56,25.0,2974,15022316.0,4.408374575868857e-05
2023-12-11,10:15:14,27.8007,23.56,25.0,2975,15022319.0,4.40132933358391e-05
2023-12-11,10:15:14,27.8076,23.56,25.0,2971,15022316.0,4.429578039206264e-05
2023-12-11,10:15:14,27.8112,23.56,25.0,2972,15022318.0,4.422498910613804e-05
2023-12-11,10:15:14,27.8148,23.56,25.0,2974,15022320.0,4.408374575868857e-05
2023-12-11,10:15:14,27.8183,23.56,25.0,2974,15022316.0,4.408374575868857e-05
2023-12-11,10:15:14,27.8219,23.56,25.0,2973,15022316.0,4.41543109552823e-05
2023-12-11,10:15:14,27.8255,23.56,25.0,2971,15022321.0,4.429578039206264e-05
2023-12-11,10:15:14,27.8291,23.56,25.0,2971,15022320.0,4.429578039206264e-05
2023-12-11,10:15:14,27.8327,23.56,25.0,2973,15022318.0,4.41543109552823e-05
2023-12-11,10:15:14,27.8397,23.56,25.0,2973,15022319.0,4.41543109552823e-05
2023-12-11,10:15:14,27.8433,23.56,25.0,2970,15022313.0,4.43666849941522e-05
2023-12-11,10:15:14,27.847,23.56,25.0,2970,15022318.0,4.43666849941522e-05
2023-12-11,10:15:14,27.8505,23.56,25.0,2973,15022323.0,4.41543109552823e-05
2023-12-11,10:15:14,27.8539,23.56,25.0,2974,15022319.0,4.408374575868857e-05
2023-12-11,10:15:14,27.8575,23.56,25.0,2972,15022316.0,4.422498910613804e-05
2023-12-11,10:15:14,27.8611,23.56,25.0,2970,15022321.0,4.43666849941522e-05
2023-12-11,10:15:14,27.8647,23.56,25.0,2973,15022325.0,4.41543109552823e-05
2023-12-11,10:15:14,27.8718,23.56,25.0,2973,15022319.0,4.41543109552823e-05
2023-12-11,10:15:14,27.8753,23.56,25.0,2972,15022319.0,4.422498910613804e-05
2023-12-11,10:15:14,27.8789,23.56,25.0,2972,15022317.0,4.422498910613804e-05
2023-12-11,10:15:14,27.8825,23.56,25.0,2972,15022319.0,4.422498910613804e-05
2023-12-11,10:15:14,27.886,23.56,25.0,2973,15022322.0,4.41543109552823e-05
2023-12-11,10:15:14,27.8898,23.56,25.0,2975,15022318.0,4.40132933358391e-05
2023-12-11,10:15:14,27.8932,23.56,25.0,2974,15022318.0,4.408374575868857e-05
2023-12-11,10:15:14,27.8967,23.56,25.0,2971,15022322.0,4.429578039206264e-05
2023-12-11,10:15:14,27.9038,23.56,25.0,2973,15022319.0,4.41543109552823e-05
2023-12-11,10:15:14,27.9074,23.56,25.0,2975,15022321.0,4.40132933358391e-05
2023-12-11,10:15:14,27.911,23.56,25.0,2974,15022321.0,4.408374575868857e-05
2023-12-11,10:15:14,27.9146,23.56,25.0,2971,15022316.0,4.429578039206264e-05
2023-12-11,10:15:14,27.9182,23.56,25.0,2971,15022319.0,4.429578039206264e-05
2023-12-11,10:15:14,27.9218,23.56,25.0,2973,15022322.0,4.41543109552823e-05
2023-12-11,10:15:14,27.9253,23.56,25.0,2974,15022319.0,4.408374575868857e-05
2023-12-11,10:15:14,27.9289,23.56,25.0,2973,15022318.0,4.41543109552823e-05
2023-12-11,10:15:14,27.936,23.56,25.0,2970,15022318.0,4.43666849941522e-05
2023-12-11,10:15:14,27.9396,23.56,25.0,2973,15022318.0,4.41543109552823e-05
2023-12-11,10:15:14,27.943,23.56,25.0,2975,15022321.0,4.40132933358391e-05
2023-12-11,10:15:14,27.9465,23.56,25.0,2973,15022318.0,4.41543109552823e-05
2023-12-11,10:15:14,27.95,23.56,25.0,2971,15022315.0,4.429578039206264e-05
2023-12-11,10:15:14,27.9538,23.56,25.0,2971,15022320.0,4.429578039206264e-05
2023-12-11,10:15:14,27.9573,23.56,25.0,2973,15022323.0,4.41543109552823e-05
2023-12-11,10:15:14,27.9609,23.56,25.0,2974,15022319.0,4.408374575868857e-05
2023-12-11,10:15:14,27.968,23.56,25.0,2971,15022322.0,4.429578039206264e-05
2023-12-11,10:15:14,27.9716,23.56,25.0,2972,15022321.0,4.422498910613804e-05
2023-12-11,10:15:14,27.9753,23.56,25.0,2974,15022320.0,4.408374575868857e-05
2023-12-11,10:15:14,27.9788,23.56,25.0,2974,15022320.0,4.408374575868857e-05
2023-12-11,10:15:14,27.9823,23.56,25.0,2973,15022319.0,4.41543109552823e-05
2023-12-11,10:15:14,27.9858,23.56,25.0,2971,15022317.0,4.429578039206264e-05
2023-12-11,10:15:14,27.9893,23.56,25.0,2970,15022321.0,4.43666849941522e-05
2023-12-11,10:15:14,27.9929,23.56,25.0,2972,15022322.0,4.422498910613804e-05
2023-12-11,10:15:14,28.0001,23.56,25.0,2974,15022316.0,4.408374575868857e-05
2023-12-11,10:15:14,28.0037,23.56,25.0,2970,15022321.0,4.43666849941522e-05
2023-12-11,10:15:14,28.0073,23.56,25.0,2970,15022321.0,4.43666849941522e-05
2023-12-11,10:15:14,28.0108,23.56,25.0,2973,15022319.0,4.41543109552823e-05
2023-12-11,10:15:14,28.0144,23.56,25.0,2974,15022321.0,4.408374575868857e-05
2023-12-11,10:15:14,28.018,23.56,25.0,2973,15022320.0,4.41543109552823e-05
2023-12-11,10:15:14,28.0216,23.56,25.0,2973,15022319.0,4.41543109552823e-05
2023-12-11,10:15:14,28.0251,23.56,25.0,2973,15022322.0,4.41543109552823e-05
2023-12-11,10:15:14,28.0321,23.56,25.0,2975,15022319.0,4.40132933358391e-05
2023-12-11,10:15:14,28.0357,23.56,25.0,2974,15022319.0,4.408374575868857e-05
2023-12-11,10:15:14,28.0393,23.56,25.0,2970,15022322.0,4.43666849941522e-05
2023-12-11,10:15:14,28.0428,23.56,25.0,2970,15022320.0,4.43666849941522e-05
2023-12-11,10:15:14,28.0464,23.56,25.0,2973,15022319.0,4.41543109552823e-05
2023-12-11,10:15:14,28.05,23.56,25.0,2975,15022322.0,4.40132933358391e-05
2023-12-11,10:15:14,28.0536,23.56,25.0,2974,15022320.0,4.408374575868857e-05
2023-12-11,10:15:14,28.0571,23.56,25.0,2971,15022317.0,4.429578039206264e-05
2023-12-11,10:15:14,28.0642,23.56,25.0,2972,15022321.0,4.422498910613804e-05
2023-12-11,10:15:14,28.0679,23.56,25.0,2974,15022317.0,4.408374575868857e-05
2023-12-11,10:15:14,28.0714,23.56,25.0,2974,15022317.0,4.408374575868857e-05
2023-12-11,10:15:14,28.0748,23.56,25.0,2974,15022319.0,4.408374575868857e-05
2023-12-11,10:15:14,28.0784,23.56,25.0,2973,15022319.0,4.41543109552823e-05
2023-12-11,10:15:14,28.082,23.56,25.0,2973,15022320.0,4.41543109552823e-05
2023-12-11,10:15:14,28.0856,23.56,25.0,2975,15022321.0,4.40132933358391e-05
2023-12-11,10:15:14,28.0892,23.56,25.0,2975,15022318.0,4.40132933358391e-05
2023-12-11,10:15:14,28.0964,23.56,25.0,2971,15022323.0,4.429578039206264e-05
2023-12-11,10:15:14,28.0998,23.56,25.0,2972,15022323.0,4.422498910613804e-05
2023-12-11,10:15:14,28.1034,23.56,25.0,2975,15022318.0,4.40132933358391e-05
2023-12-11,10:15:14,28.107,23.56,25.0,2975,15022319.0,4.40132933358391e-05
2023-12-11,10:15:14,28.1106,23.5,25.0,2971,15022323.0,4.429578039206264e-05
2023-12-11,10:15:14,28.1141,23.5,25.0,2970,15022321.0,4.43666849941522e-05
2023-12-11,10:15:14,28.1177,23.5,25.0,2974,15022319.0,4.408374575868857e-05
2023-12-11,10:15:14,28.1214,23.5,25.0,2975,15022322.0,4.40132933358391e-05
2023-12-11,10:15:14,28.1249,23.5,25.0,2973,15022319.0,4.41543109552823e-05
2023-12-11,10:15:14,28.1319,23.5,25.0,2971,15022321.0,4.429578039206264e-05
2023-12-11,10:15:14,28.1355,23.5,25.0,2973,15022321.0,4.41543109552823e-05
2023-12-11,10:15:14,28.1391,23.5,25.0,2975,15022316.0,4.40132933358391e-05
2023-12-11,10:15:14,28.1427,23.5,25.0,2975,15022318.0,4.40132933358391e-05
2023-12-11,10:15:14,28.1463,23.5,25.0,2972,15022321.0,4.422498910613804e-05
2023-12-11,10:15:14,28.1499,23.5,25.0,2971,15022320.0,4.429578039206264e-05
2023-12-11,10:15:14,28.1534,23.5,25.0,2973,15022319.0,4.41543109552823e-05
2023-12-11,10:15:14,28.157,23.5,25.0,2975,15022321.0,4.40132933358391e-05
2023-12-11,10:15:14,28.1639,23.5,25.0,2972,15022316.0,4.422498910613804e-05
2023-12-11,10:15:14,28.1675,23.5,25.0,2971,15022321.0,4.429578039206264e-05
2023-12-11,10:15:14,28.1712,23.5,25.0,2972,15022325.0,4.422498910613804e-05
2023-12-11,10:15:14,28.1748,23.5,25.0,2975,15022320.0,4.40132933358391e-05
2023-12-11,10:15:14,28.1783,23.5,25.0,2974,15022318.0,4.408374575868857e-05
2023-12-11,10:15:14,28.1819,23.5,25.0,2971,15022319.0,4.429578039206264e-05
2023-12-11,10:15:14,28.1854,23.5,25.0,2971,15022318.0,4.429578039206264e-05
2023-12-11,10:15:14,28.189,23.5,25.0,2973,15022320.0,4.41543109552823e-05
2023-12-11,10:15:14,28.1962,23.5,25.0,2974,15022320.0,4.408374575868857e-05
2023-12-11,10:15:14,28.1998,23.5,25.0,2971,15022315.0,4.429578039206264e-05
2023-12-11,10:15:14,28.2032,23.5,25.0,2970,15022321.0,4.43666849941522e-05
2023-12-11,10:15:14,28.2068,23.5,25.0,2972,15022323.0,4.422498910613804e-05
2023-12-11,10:15:14,28.2105,23.5,25.0,2975,15022317.0,4.40132933358391e-05
2023-12-11,10:15:14,28.214,23.5,25.0,2974,15022318.0,4.408374575868857e-05
2023-12-11,10:15:14,28.2174,23.5,25.0,2971,15022321.0,4.429578039206264e-05
2023-12-11,10:15:14,28.2212,23.5,25.0,2971,15022320.0,4.429578039206264e-05
2023-12-11,10:15:14,28.2282,23.5,25.0,2973,15022322.0,4.41543109552823e-05
2023-12-11,10:15:14,28.2318,23.5,25.0,2973,15022319.0,4.41543109552823e-05
2023-12-11,10:15:14,28.2352,23.5,25.0,2971,15022316.0,4.429578039206264e-05
2023-12-11,10:15:14,28.2387,23.5,25.0,2969,15022322.0,4.443770309379288e-05
2023-12-11,10:15:14,28.2424,23.5,25.0,2970,15022324.0,4.43666849941522e-05
2023-12-11,10:15:14,28.2461,23.5,25.0,2973,15022318.0,4.41543109552823e-05
2023-12-11,10:15:14,28.2496,23.5,25.0,2974,15022319.0,4.408374575868857e-05
2023-12-11,10:15:14,28.253,23.5,25.0,2971,15022321.0,4.429578039206264e-05
2023-12-11,10:15:14,28.2602,23.5,25.0,2970,15022320.0,4.43666849941522e-05
2023-12-11,10:15:14,28.2638,23.5,25.0,2973,15022322.0,4.41543109552823e-05
2023-12-11,10:15:14,28.2674,23.5,25.0,2972,15022320.0,4.422498910613804e-05
2023-12-11,10:15:14,28.2709,23.5,25.0,2970,15022317.0,4.43666849941522e-05
2023-12-11,10:15:14,28.2745,23.5,25.0,2969,15022320.0,4.443770309379288e-05
2023-12-11,10:15:14,28.2781,23.5,25.0,2969,15022322.0,4.443770309379288e-05
2023-12-11,10:15:14,28.2817,23.5,25.0,2972,15022318.0,4.422498910613804e-05
2023-12-11,10:15:14,28.2853,23.5,25.0,2972,15022319.0,4.422498910613804e-05
2023-12-11,10:15:15,28.2923,23.5,25.0,2971,15022320.0,4.429578039206264e-05
2023-12-11,10:15:15,28.2959,23.5,25.0,2972,15022323.0,4.422498910613804e-05
2023-12-11,10:15:15,28.2994,23.5,25.0,2972,15022324.0,4.422498910613804e-05
2023-12-11,10:15:15,28.3029,23.5,25.0,2973,15022318.0,4.41543109552823e-05
2023-12-11,10:15:15,28.3065,23.5,25.0,2970,15022313.0,4.43666849941522e-05
2023-12-11,10:15:15,28.3101,23.5,25.0,2968,15022319.0,4.4508834872661e-05
2023-12-11,10:15:15,28.3137,23.5,25.0,2970,15022323.0,4.43666849941522e-05
2023-12-11,10:15:15,28.3173,23.5,25.0,2972,15022318.0,4.422498910613804e-05
2023-12-11,10:15:15,28.3243,23.5,25.0,2969,15022321.0,4.443770309379288e-05
2023-12-11,10:15:15,28.3278,23.5,25.0,2966,15022317.0,4.465144019623996e-05
2023-12-11,10:15:15,28.3314,23.5,25.0,2968,15022320.0,4.4508834872661e-05
2023-12-11,10:15:15,28.3351,23.5,25.0,2971,15022322.0,4.429578039206264e-05
2023-12-11,10:15:15,28.3387,23.5,25.0,2973,15022317.0,4.41543109552823e-05
2023-12-11,10:15:15,28.3421,23.5,25.0,2971,15022315.0,4.429578039206264e-05
2023-12-11,10:15:15,28.3457,23.5,25.0,2968,15022321.0,4.4508834872661e-05
2023-12-11,10:15:15,28.3494,23.5,25.0,2969,15022323.0,4.443770309379288e-05
2023-12-11,10:15:15,28.3564,23.5,25.0,2972,15022317.0,4.422498910613804e-05
2023-12-11,10:15:15,28.3599,23.5,25.0,2970,15022320.0,4.43666849941522e-05
2023-12-11,10:15:15,28.3635,23.5,25.0,2968,15022318.0,4.4508834872661e-05
2023-12-11,10:15:15,28.3672,23.5,25.0,2969,15022320.0,4.443770309379288e-05
2023-12-11,10:15:15,28.3708,23.5,25.0,2971,15022323.0,4.429578039206264e-05
2023-12-11,10:15:15,28.3744,23.5,25.0,2971,15022319.0,4.429578039206264e-05
2023-12-11,10:15:15,28.378,23.5,25.0,2969,15022316.0,4.443770309379288e-05
2023-12-11,10:15:15,28.3815,23.5,25.0,2967,15022321.0,4.458008051272389e-05
2023-12-11,10:15:15,28.3887,23.5,25.0,2971,15022321.0,4.429578039206264e-05
2023-12-11,10:15:15,28.3922,23.5,25.0,2972,15022320.0,4.422498910613804e-05
2023-12-11,10:15:15,28.3956,23.5,25.0,2970,15022320.0,4.43666849941522e-05
2023-12-11,10:15:15,28.3993,23.5,25.0,2967,15022318.0,4.458008051272389e-05
2023-12-11,10:15:15,28.4029,23.5,25.0,2969,15022320.0,4.443770309379288e-05
2023-12-11,10:15:15,28.4064,23.5,25.0,2972,15022323.0,4.422498910613804e-05
2023-12-11,10:15:15,28.41,23.5,25.0,2972,15022318.0,4.422498910613804e-05
2023-12-11,10:15:15,28.4135,23.5,25.0,2972,15022317.0,4.422498910613804e-05
2023-12-11,10:15:15,28.4207,23.5,25.0,2968,15022322.0,4.4508834872661e-05
2023-12-11,10:15:15,28.4243,23.5,25.0,2972,15022319.0,4.422498910613804e-05
2023-12-11,10:15:15,28.4277,23.5,25.0,2972,15022320.0,4.422498910613804e-05
2023-12-11,10:15:15,28.4312,23.5,25.0,2969,15022320.0,4.443770309379288e-05
2023-12-11,10:15:15,28.4348,23.5,25.0,2968,15022316.0,4.4508834872661e-05
2023-12-11,10:15:15,28.4385,23.5,25.0,2970,15022319.0,4.43666849941522e-05
2023-12-11,10:15:15,28.4421,23.5,25.0,2972,15022323.0,4.422498910613804e-05
2023-12-11,10:15:15,28.4455,23.5,25.0,2972,15022319.0,4.422498910613804e-05
2023-12-11,10:15:15,28.4527,23.5,25.0,2969,15022322.0,4.443770309379288e-05
2023-12-11,10:15:15,28.4563,23.5,25.0,2970,15022322.0,4.43666849941522e-05
2023-12-11,10:15:15,28.4599,23.5,25.0,2972,15022319.0,4.422498910613804e-05
2023-12-11,10:15:15,28.4635,23.5,25.0,2971,15022318.0,4.429578039206264e-05
2023-12-11,10:15:15,28.467,23.5,25.0,2970,15022318.0,4.43666849941522e-05
2023-12-11,10:15:15,28.4705,23.5,25.0,2970,15022319.0,4.43666849941522e-05
2023-12-11,10:15:15,28.474,23.5,25.0,2970,15022323.0,4.43666849941522e-05
2023-12-11,10:15:15,28.4775,23.5,25.0,2971,15022324.0,4.429578039206264e-05
2023-12-11,10:15:15,28.4847,23.5,25.0,2971,15022315.0,4.429578039206264e-05
2023-12-11,10:15:15,28.4883,23.5,25.0,2968,15022323.0,4.4508834872661e-05
2023-12-11,10:15:15,28.4919,23.5,25.0,2968,15022322.0,4.4508834872661e-05
2023-12-11,10:15:15,28.4955,23.5,25.0,2971,15022319.0,4.429578039206264e-05
2023-12-11,10:15:15,28.499,23.5,25.0,2972,15022320.0,4.422498910613804e-05
2023-12-11,10:15:15,28.5026,23.5,25.0,2970,15022320.0,4.43666849941522e-05
2023-12-11,10:15:15,28.5062,23.5,25.0,2968,15022318.0,4.4508834872661e-05
2023-12-11,10:15:15,28.5098,23.5,25.0,2969,15022321.0,4.443770309379288e-05
2023-12-11,10:15:15,28.517,23.5,25.0,2971,15022321.0,4.429578039206264e-05
2023-12-11,10:15:15,28.5204,23.5,25.0,2969,15022317.0,4.443770309379288e-05
2023-12-11,10:15:15,28.524,23.5,25.0,2966,15022321.0,4.465144019623996e-05
2023-12-11,10:15:15,28.5277,23.5,25.0,2966,15022322.0,4.465144019623996e-05
2023-12-11,10:15:15,28.5313,23.5,25.0,2970,15022320.0,4.43666849941522e-05
2023-12-11,10:15:15,28.5348,23.5,25.0,2971,15022320.0,4.429578039206264e-05
2023-12-11,10:15:15,28.5382,23.5,25.0,2969,15022318.0,4.443770309379288e-05
2023-12-11,10:15:15,28.5418,23.5,25.0,2967,15022315.0,4.458008051272389e-05
2023-12-11,10:15:15,28.5454,23.5,25.0,2968,15022319.0,4.4508834872661e-05
2023-12-11,10:15:15,28.5525,23.5,25.0,2970,15022319.0,4.43666849941522e-05
2023-12-11,10:15:15,28.556,23.5,25.0,2971,15022318.0,4.429578039206264e-05
2023-12-11,10:15:15,28.5595,23.5,25.0,2970,15022323.0,4.43666849941522e-05
2023-12-11,10:15:15,28.563,23.5,25.0,2969,15022323.0,4.443770309379288e-05
2023-12-11,10:15:15,28.5666,23.5,25.0,2971,15022321.0,4.429578039206264e-05
2023-12-11,10:15:15,28.5702,23.5,25.0,2972,15022321.0,4.422498910613804e-05
2023-12-11,10:15:15,28.5738,23.5,25.0,2971,15022318.0,4.429578039206264e-05
2023-12-11,10:15:15,28.5774,23.5,25.0,2969,15022317.0,4.443770309379288e-05
2023-12-11,10:15:15,28.5845,23.5,25.0,2970,15022324.0,4.43666849941522e-05
2023-12-11,10:15:15,28.5881,23.5,25.0,2973,15022318.0,4.41543109552823e-05
2023-12-11,10:15:15,28.5917,23.5,25.0,2972,15022317.0,4.422498910613804e-05
2023-12-11,10:15:15,28.5953,23.5,25.0,2968,15022322.0,4.4508834872661e-05
2023-12-11,10:15:15,28.5989,23.5,25.0,2969,15022322.0,4.443770309379288e-05
2023-12-11,10:15:15,28.6025,23.5,25.0,2973,15022320.0,4.41543109552823e-05
2023-12-11,10:15:15,28.6059,23.5,25.0,2973,15022321.0,4.41543109552823e-05
2023-12-11,10:15:15,28.613,23.5,25.0,2971,15022314.0,4.429578039206264e-05
2023-12-11,10:15:15,28.6165,23.5,25.0,2968,15022320.0,4.4508834872661e-05
2023-12-11,10:15:15,28.6203,23.5,25.0,2970,15022324.0,4.43666849941522e-05
2023-12-11,10:15:15,28.6238,23.5,25.0,2972,15022318.0,4.422498910613804e-05
2023-12-11,10:15:15,28.6273,23.5,25.0,2972,15022318.0,4.422498910613804e-05
2023-12-11,10:15:15,28.6309,23.5,25.0,2970,15022320.0,4.43666849941522e-05
2023-12-11,10:15:15,28.6345,23.5,25.0,2969,15022320.0,4.443770309379288e-05
2023-12-11,10:15:15,28.6379,23.5,25.0,2971,15022321.0,4.429578039206264e-05
2023-12-11,10:15:15,28.6415,23.5,25.0,2972,15022323.0,4.422498910613804e-05
2023-12-11,10:15:15,28.6487,23.5,25.0,2968,15022316.0,4.4508834872661e-05
2023-12-11,10:15:15,28.6523,23.5,25.0,2969,15022321.0,4.443770309379288e-05
2023-12-11,10:15:15,28.656,23.5,25.0,2970,15022324.0,4.43666849941522e-05
2023-12-11,10:15:15,28.6596,23.5,25.0,2971,15022319.0,4.429578039206264e-05
2023-12-11,10:15:15,28.663,23.5,25.0,2971,15022318.0,4.429578039206264e-05
2023-12-11,10:15:15,28.6665,23.5,25.0,2968,15022320.0,4.4508834872661e-05
2023-12-11,10:15:15,28.67,23.5,25.0,2968,15022319.0,4.4508834872661e-05
2023-12-11,10:15:15,28.6736,23.5,25.0,2970,15022318.0,4.43666849941522e-05
2023-12-11,10:15:15,28.6807,23.5,25.0,2971,15022317.0,4.429578039206264e-05
2023-12-11,10:15:15,28.6841,23.5,25.0,2969,15022313.0,4.443770309379288e-05
2023-12-11,10:15:15,28.6877,23.5,25.0,2968,15022318.0,4.4508834872661e-05
2023-12-11,10:15:15,28.6914,23.5,25.0,2970,15022321.0,4.43666849941522e-05
2023-12-11,10:15:15,28.695,23.5,25.0,2971,15022317.0,4.429578039206264e-05
2023-12-11,10:15:15,28.6985,23.5,25.0,2969,15022316.0,4.443770309379288e-05
2023-12-11,10:15:15,28.702,23.5,25.0,2967,15022316.0,4.458008051272389e-05
2023-12-11,10:15:15,28.7092,23.5,25.0,2968,15022318.0,4.4508834872661e-05
2023-12-11,10:15:15,28.7128,23.5,25.0,2969,15022318.0,4.443770309379288e-05
2023-12-11,10:15:15,28.7163,23.5,25.0,2970,15022312.0,4.43666849941522e-05
2023-12-11,10:15:15,28.7197,23.5,25.0,2969,15022310.0,4.443770309379288e-05
2023-12-11,10:15:15,28.7233,23.5,25.0,2965,15022316.0,4.472291410575956e-05
2023-12-11,10:15:15,28.7269,23.5,25.0,2965,15022317.0,4.472291410575956e-05
2023-12-11,10:15:15,28.7305,23.5,25.0,2968,15022313.0,4.4508834872661e-05
2023-12-11,10:15:15,28.734,23.5,25.0,2969,15022313.0,4.443770309379288e-05
2023-12-11,10:15:15,28.7411,23.5,25.0,2964,15022310.0,4.479450242412504e-05
2023-12-11,10:15:15,28.7447,23.5,25.0,2966,15022312.0,4.465144019623996e-05
2023-12-11,10:15:15,28.7484,23.5,25.0,2968,15022316.0,4.4508834872661e-05
2023-12-11,10:15:15,28.752,23.5,25.0,2966,15022314.0,4.465144019623996e-05
2023-12-11,10:15:15,28.7556,23.5,25.0,2964,15022311.0,4.479450242412504e-05
2023-12-11,10:15:15,28.7591,23.5,25.0,2964,15022313.0,4.479450242412504e-05
2023-12-11,10:15:15,28.7627,23.5,25.0,2965,15022314.0,4.472291410575956e-05
2023-12-11,10:15:15,28.7662,23.5,25.0,2966,15022312.0,4.465144019623996e-05
2023-12-11,10:15:15,28.7732,23.5,25.0,2964,15022312.0,4.479450242412504e-05
2023-12-11,10:15:15,28.7768,23.5,25.0,2962,15022309.0,4.493802302022752e-05
2023-12-11,10:15:15,28.7804,23.5,25.0,2964,15022312.0,4.479450242412504e-05
2023-12-11,10:15:15,28.784,23.5,25.0,2966,15022314.0,4.465144019623996e-05
2023-12-11,10:15:15,28.7876,23.5,25.0,2965,15022310.0,4.472291410575956e-05
2023-12-11,10:15:15,28.791,23.5,25.0,2964,15022307.0,4.479450242412504e-05
2023-12-11,10:15:15,28.7946,23.5,25.0,2962,15022310.0,4.493802302022752e-05
2023-12-11,10:15:15,28.7982,23.5,25.0,2962,15022314.0,4.493802302022752e-05
2023-12-11,10:15:15,28.8053,23.5,25.0,2964,15022308.0,4.479450242412504e-05
2023-12-11,10:15:15,28.8088,23.5,25.0,2962,15022309.0,4.493802302022752e-05
2023-12-11,10:15:15,28.8124,23.5,25.0,2962,15022308.0,4.493802302022752e-05
2023-12-11,10:15:15,28.816,23.5,25.0,2962,15022310.0,4.493802302022752e-05
2023-12-11,10:15:15,28.8196,23.5,25.0,2962,15022313.0,4.493802302022752e-05
2023-12-11,10:15:15,28.8231,23.5,25.0,2964,15022306.0,4.479450242412504e-05
2023-12-11,10:15:15,28.8266,23.5,25.0,2964,15022304.0,4.479450242412504e-05
2023-12-11,10:15:15,28.8302,23.5,25.0,2960,15022309.0,4.508200345314904e-05
2023-12-11,10:15:15,28.8372,23.5,25.0,2960,15022309.0,4.508200345314904e-05
2023-12-11,10:15:15,28.8408,23.5,25.0,2962,15022308.0,4.493802302022752e-05
2023-12-11,10:15:15,28.8443,23.5,25.0,2959,15022306.0,4.515416656864121e-05
2023-12-11,10:15:15,28.8478,23.5,25.0,2957,15022305.0,4.529883952071649e-05
2023-12-11,10:15:15,28.8516,23.5,25.0,2958,15022307.0,4.522644519619663e-05
2023-12-11,10:15:15,28.855,23.5,25.0,2957,15022308.0,4.529883952071649e-05
2023-12-11,10:15:15,28.8585,23.5,25.0,2956,15022303.0,4.537134972739774e-05
2023-12-11,10:15:15,28.862,23.5,25.0,2955,15022302.0,4.544397600173391e-05
2023-12-11,10:15:15,28.8693,23.5,25.0,2954,15022303.0,4.551671852951535e-05
2023-12-11,10:15:15,28.8729,23.5,25.0,2955,15022305.0,4.544397600173391e-05
2023-12-11,10:15:15,28.8765,23.5,25.0,2955,15022305.0,4.544397600173391e-05
2023-12-11,10:15:15,28.88,23.5,25.0,2953,15022302.0,4.558957749682996e-05
2023-12-11,10:15:15,28.8836,23.5,25.0,2953,15022302.0,4.558957749682996e-05
2023-12-11,10:15:15,28.887,23.5,25.0,2953,15022305.0,4.558957749682996e-05
2023-12-11,10:15:15,28.8906,23.5,25.0,2953,15022305.0,4.558957749682996e-05
2023-12-11,10:15:15,28.8943,23.5,25.0,2955,15022302.0,4.544397600173391e-05
2023-12-11,10:15:15,28.9012,23.5,25.0,2953,15022306.0,4.558957749682996e-05
2023-12-11,10:15:15,28.9049,23.5,25.0,2951,15022305.0,4.573564549589943e-05
2023-12-11,10:15:15,28.9085,23.5,25.0,2952,15022304.0,4.566255309006328e-05
2023-12-11,10:15:15,28.912,23.5,25.0,2953,15022304.0,4.558957749682996e-05
2023-12-11,10:15:15,28.9156,23.5,25.0,2952,15022303.0,4.566255309006328e-05
2023-12-11,10:15:15,28.9191,23.5,25.0,2951,15022301.0,4.573564549589943e-05
2023-12-11,10:15:15,28.9227,23.5,25.0,2950,15022304.0,4.580885490132121e-05
2023-12-11,10:15:15,28.9263,23.5,25.0,2951,15022307.0,4.573564549589943e-05
2023-12-11,10:15:15,28.9335,23.5,25.0,2952,15022301.0,4.566255309006328e-05
2023-12-11,10:15:15,28.9371,23.5,25.0,2949,15022302.0,4.58821814936108e-05
2023-12-11,10:15:15,28.9406,23.5,25.0,2949,15022304.0,4.58821814936108e-05
2023-12-11,10:15:15,28.9442,23.5,25.0,2951,15022304.0,4.573564549589943e-05
2023-12-11,10:15:15,28.9477,23.5,25.0,2951,15022304.0,4.573564549589943e-05
2023-12-11,10:15:15,28.9511,23.5,25.0,2951,15022302.0,4.573564549589943e-05
2023-12-11,10:15:15,28.9547,23.5,25.0,2951,15022301.0,4.573564549589943e-05
2023-12-11,10:15:15,28.9583,23.5,25.0,2949,15022304.0,4.58821814936108e-05
2023-12-11,10:15:15,28.9655,23.5,25.0,2952,15022306.0,4.566255309006328e-05
2023-12-11,10:15:15,28.9691,23.5,25.0,2951,15022302.0,4.573564549589943e-05
2023-12-11,10:15:15,28.9726,23.5,25.0,2950,15022303.0,4.580885490132121e-05
2023-12-11,10:15:15,28.9762,23.5,25.0,2950,15022305.0,4.580885490132121e-05
2023-12-11,10:15:15,28.9798,23.5,25.0,2952,15022307.0,4.566255309006328e-05
2023-12-11,10:15:15,28.9834,23.5,25.0,2953,15022306.0,4.558957749682996e-05
2023-12-11,10:15:15,28.9868,23.5,25.0,2951,15022304.0,4.573564549589943e-05
2023-12-11,10:15:15,28.9903,23.5,25.0,2950,15022302.0,4.580885490132121e-05
2023-12-11,10:15:15,28.9976,23.5,25.0,2953,15022309.0,4.558957749682996e-05
2023-12-11,10:15:15,29.0012,23.5,25.0,2954,15022305.0,4.551671852951535e-05
2023-12-11,10:15:15,29.0046,23.5,25.0,2955,15022304.0,4.544397600173391e-05
2023-12-11,10:15:15,29.0082,23.5,25.0,2954,15022305.0,4.551671852951535e-05
2023-12-11,10:15:15,29.0118,23.5,25.0,2952,15022304.0,4.566255309006328e-05
2023-12-11,10:15:15,29.0154,23.5,25.0,2953,15022304.0,4.558957749682996e-05
2023-12-11,10:15:15,29.019,23.5,25.0,2954,15022306.0,4.551671852951535e-05
2023-12-11,10:15:15,29.0226,23.5,25.0,2954,15022304.0,4.551671852951535e-05
2023-12-11,10:15:15,29.0295,23.5,25.0,2952,15022304.0,4.566255309006328e-05
2023-12-11,10:15:15,29.0331,23.5,25.0,2953,15022307.0,4.558957749682996e-05
2023-12-11,10:15:15,29.0366,23.5,25.0,2955,15022305.0,4.544397600173391e-05
2023-12-11,10:15:15,29.0401,23.5,25.0,2954,15022303.0,4.551671852951535e-05
2023-12-11,10:15:15,29.0437,23.5,25.0,2951,15022302.0,4.573564549589943e-05
2023-12-11,10:15:15,29.0473,23.5,25.0,2951,15022301.0,4.573564549589943e-05
2023-12-11,10:15:15,29.0507,23.5,25.0,2952,15022304.0,4.566255309006328e-05
2023-12-11,10:15:15,29.0543,23.5,25.0,2952,15022307.0,4.566255309006328e-05
2023-12-11,10:15:15,29.0613,23.5,25.0,2950,15022301.0,4.580885490132121e-05
2023-12-11,10:15:15,29.0649,23.5,25.0,2950,15022305.0,4.580885490132121e-05
2023-12-11,10:15:15,29.0686,23.5,25.0,2951,15022306.0,4.573564549589943e-05
2023-12-11,10:15:15,29.0721,23.5,25.0,2953,15022306.0,4.558957749682996e-05
2023-12-11,10:15:15,29.0757,23.5,25.0,2952,15022305.0,4.566255309006328e-05
2023-12-11,10:15:15,29.0793,23.5,25.0,2950,15022303.0,4.580885490132121e-05
2023-12-11,10:15:15,29.0827,23.5,25.0,2950,15022303.0,4.580885490132121e-05
2023-12-11,10:15:15,29.0864,23.5,25.0,2951,15022306.0,4.573564549589943e-05
2023-12-11,10:15:15,29.0935,23.5,25.0,2952,15022307.0,4.566255309006328e-05
2023-12-11,10:15:15,29.0971,23.5,25.0,2951,15022304.0,4.573564549589943e-05
2023-12-11,10:15:15,29.1006,23.5,25.0,2951,15022305.0,4.573564549589943e-05
2023-12-11,10:15:15,29.1042,23.5,25.0,2953,15022308.0,4.558957749682996e-05
2023-12-11,10:15:15,29.1078,23.5,25.0,2954,15022308.0,4.551671852951535e-05
2023-12-11,10:15:15,29.1114,23.5,25.0,2953,15022306.0,4.558957749682996e-05
2023-12-11,10:15:15,29.115,23.56,25.0,2952,15022303.0,4.566255309006328e-05
2023-12-11,10:15:15,29.1184,23.56,25.0,2951,15022303.0,4.573564549589943e-05
2023-12-11,10:15:15,29.1257,23.56,25.0,2951,15022306.0,4.573564549589943e-05
2023-12-11,10:15:15,29.1292,23.56,25.0,2951,15022304.0,4.573564549589943e-05
2023-12-11,10:15:15,29.1326,23.56,25.0,2951,15022303.0,4.573564549589943e-05
2023-12-11,10:15:15,29.1362,23.56,25.0,2950,15022305.0,4.580885490132121e-05
2023-12-11,10:15:15,29.1398,23.56,25.0,2952,15022307.0,4.566255309006328e-05
2023-12-11,10:15:15,29.1434,23.56,25.0,2955,15022305.0,4.544397600173391e-05
2023-12-11,10:15:15,29.147,23.56,25.0,2953,15022304.0,4.558957749682996e-05
2023-12-11,10:15:15,29.1506,23.56,25.0,2950,15022303.0,4.580885490132121e-05
2023-12-11,10:15:15,29.1576,23.56,25.0,2950,15022307.0,4.580885490132121e-05
2023-12-11,10:15:15,29.1612,23.56,25.0,2951,15022309.0,4.573564549589943e-05
2023-12-11,10:15:15,29.1648,23.56,25.0,2952,15022307.0,4.566255309006328e-05
2023-12-11,10:15:15,29.1682,23.56,25.0,2951,15022303.0,4.573564549589943e-05
2023-12-11,10:15:15,29.1718,23.56,25.0,2950,15022303.0,4.580885490132121e-05
2023-12-11,10:15:15,29.1754,23.56,25.0,2950,15022310.0,4.580885490132121e-05
2023-12-11,10:15:15,29.179,23.56,25.0,2951,15022311.0,4.573564549589943e-05
2023-12-11,10:15:15,29.1826,23.56,25.0,2952,15022307.0,4.566255309006328e-05
2023-12-11,10:15:15,29.1896,23.56,25.0,2951,15022302.0,4.573564549589943e-05
2023-12-11,10:15:15,29.1931,23.56,25.0,2952,15022306.0,4.566255309006328e-05
2023-12-11,10:15:15,29.1966,23.56,25.0,2952,15022308.0,4.566255309006328e-05
2023-12-11,10:15:15,29.2001,23.56,25.0,2953,15022306.0,4.558957749682996e-05
2023-12-11,10:15:15,29.2037,23.56,25.0,2952,15022303.0,4.566255309006328e-05
2023-12-11,10:15:15,29.2074,23.56,25.0,2950,15022303.0,4.580885490132121e-05
2023-12-11,10:15:15,29.211,23.56,25.0,2952,15022305.0,4.566255309006328e-05
2023-12-11,10:15:15,29.2144,23.56,25.0,2953,15022306.0,4.558957749682996e-05
2023-12-11,10:15:15,29.2215,23.56,25.0,2952,15022307.0,4.566255309006328e-05
2023-12-11,10:15:15,29.2251,23.56,25.0,2952,15022303.0,4.566255309006328e-05
2023-12-11,10:15:15,29.2286,23.56,25.0,2952,15022303.0,4.566255309006328e-05
2023-12-11,10:15:15,29.2322,23.56,25.0,2953,15022307.0,4.558957749682996e-05
2023-12-11,10:15:15,29.2357,23.56,25.0,2953,15022306.0,4.558957749682996e-05
2023-12-11,10:15:15,29.2391,23.56,25.0,2952,15022303.0,4.566255309006328e-05
2023-12-11,10:15:15,29.2427,23.56,25.0,2950,15022304.0,4.580885490132121e-05
2023-12-11,10:15:15,29.2463,23.56,25.0,2950,15022305.0,4.580885490132121e-05
2023-12-11,10:15:15,29.2535,23.56,25.0,2951,15022305.0,4.573564549589943e-05
2023-12-11,10:15:15,29.2571,23.56,25.0,2951,15022303.0,4.573564549589943e-05
2023-12-11,10:15:15,29.2606,23.56,25.0,2952,15022302.0,4.566255309006328e-05
2023-12-11,10:15:15,29.2642,23.56,25.0,2951,15022304.0,4.573564549589943e-05
2023-12-11,10:15:15,29.2678,23.56,25.0,2951,15022305.0,4.573564549589943e-05
2023-12-11,10:15:15,29.2714,23.56,25.0,2953,15022304.0,4.558957749682996e-05
2023-12-11,10:15:15,29.2748,23.56,25.0,2953,15022304.0,4.558957749682996e-05
2023-12-11,10:15:15,29.282,23.56,25.0,2950,15022301.0,4.580885490132121e-05
2023-12-11,10:15:15,29.2855,23.56,25.0,2951,15022302.0,4.573564549589943e-05
2023-12-11,10:15:16,29.2891,23.56,25.0,2952,15022304.0,4.566255309006328e-05
2023-12-11,10:15:16,29.2925,23.56,25.0,2951,15022303.0,4.573564549589943e-05
2023-12-11,10:15:16,29.2961,23.56,25.0,2951,15022302.0,4.573564549589943e-05
2023-12-11,10:15:16,29.2998,23.56,25.0,2951,15022303.0,4.573564549589943e-05
2023-12-11,10:15:16,29.3034,23.56,25.0,2950,15022303.0,4.580885490132121e-05
2023-12-11,10:15:16,29.3068,23.56,25.0,2952,15022303.0,4.566255309006328e-05
2023-12-11,10:15:16,29.3138,23.56,25.0,2949,15022305.0,4.58821814936108e-05
2023-12-11,10:15:16,29.3173,23.56,25.0,2949,15022300.0,4.58821814936108e-05
2023-12-11,10:15:16,29.3211,23.56,25.0,2950,15022303.0,4.580885490132121e-05
2023-12-11,10:15:16,29.3246,23.56,25.0,2951,15022307.0,4.573564549589943e-05
2023-12-11,10:15:16,29.3282,23.56,25.0,2951,15022307.0,4.573564549589943e-05
2023-12-11,10:15:16,29.3318,23.56,25.0,2950,15022304.0,4.580885490132121e-05
2023-12-11,10:15:16,29.3354,23.56,25.0,2950,15022303.0,4.580885490132121e-05
2023-12-11,10:15:16,29.339,23.56,25.0,2951,15022304.0,4.573564549589943e-05
2023-12-11,10:15:16,29.346,23.56,25.0,2951,15022303.0,4.573564549589943e-05
2023-12-11,10:15:16,29.3495,23.56,25.0,2950,15022302.0,4.580885490132121e-05
2023-12-11,10:15:16,29.3531,23.56,25.0,2950,15022301.0,4.580885490132121e-05
2023-12-11,10:15:16,29.3566,23.56,25.0,2950,15022304.0,4.580885490132121e-05
2023-12-11,10:15:16,29.3602,23.56,25.0,2951,15022307.0,4.573564549589943e-05
2023-12-11,10:15:16,29.3638,23.56,25.0,2951,15022305.0,4.573564549589943e-05
2023-12-11,10:15:16,29.3673,23.56,25.0,2949,15022302.0,4.58821814936108e-05
2023-12-11,10:15:16,29.3707,23.56,25.0,2948,15022302.0,4.595562546035009e-05
2023-12-11,10:15:16,29.3779,23.56,25.0,2952,15022306.0,4.566255309006328e-05
2023-12-11,10:15:16,29.3815,23.56,25.0,2952,15022306.0,4.566255309006328e-05
2023-12-11,10:15:16,29.3851,23.56,25.0,2949,15022304.0,4.58821814936108e-05
2023-12-11,10:15:16,29.3886,23.56,25.0,2949,15022303.0,4.58821814936108e-05
2023-12-11,10:15:16,29.3922,23.56,25.0,2950,15022303.0,4.580885490132121e-05
2023-12-11,10:15:16,29.3958,23.56,25.0,2950,15022304.0,4.580885490132121e-05
2023-12-11,10:15:16,29.3994,23.56,25.0,2951,15022303.0,4.573564549589943e-05
2023-12-11,10:15:16,29.403,23.56,25.0,2950,15022303.0,4.580885490132121e-05
2023-12-11,10:15:16,29.4101,23.56,25.0,2950,15022302.0,4.580885490132121e-05
2023-12-11,10:15:16,29.4136,23.56,25.0,2950,15022304.0,4.580885490132121e-05
2023-12-11,10:15:16,29.4171,23.56,25.0,2951,15022305.0,4.573564549589943e-05
2023-12-11,10:15:16,29.4206,23.56,25.0,2950,15022305.0,4.580885490132121e-05
2023-12-11,10:15:16,29.4242,23.56,25.0,2949,15022303.0,4.58821814936108e-05
2023-12-11,10:15:16,29.4278,23.56,25.0,2950,15022302.0,4.580885490132121e-05
2023-12-11,10:15:16,29.4314,23.56,25.0,2950,15022305.0,4.580885490132121e-05
2023-12-11,10:15:16,29.4348,23.56,25.0,2950,15022306.0,4.580885490132121e-05
2023-12-11,10:15:16,29.4421,23.56,25.0,2950,15022304.0,4.580885490132121e-05
2023-12-11,10:15:16,29.4457,23.56,25.0,2950,15022302.0,4.580885490132121e-05
2023-12-11,10:15:16,29.4493,23.56,25.0,2951,15022302.0,4.573564549589943e-05
2023-12-11,10:15:16,29.4528,23.56,25.0,2951,15022304.0,4.573564549589943e-05
2023-12-11,10:15:16,29.4562,23.56,25.0,2950,15022304.0,4.580885490132121e-05
2023-12-11,10:15:16,29.4598,23.56,25.0,2949,15022302.0,4.58821814936108e-05
2023-12-11,10:15:16,29.4634,23.56,25.0,2949,15022301.0,4.58821814936108e-05
2023-12-11,10:15:16,29.467,23.56,25.0,2951,15022304.0,4.573564549589943e-05
2023-12-11,10:15:16,29.474,23.56,25.0,2951,15022302.0,4.573564549589943e-05
2023-12-11,10:15:16,29.4776,23.56,25.0,2950,15022302.0,4.580885490132121e-05
2023-12-11,10:15:16,29.4813,23.56,25.0,2949,15022301.0,4.58821814936108e-05
2023-12-11,10:15:16,29.4848,23.56,25.0,2949,15022302.0,4.58821814936108e-05
2023-12-11,10:15:16,29.4884,23.56,25.0,2950,15022304.0,4.580885490132121e-05
2023-12-11,10:15:16,29.4919,23.56,25.0,2949,15022304.0,4.58821814936108e-05
2023-12-11,10:15:16,29.4954,23.56,25.0,2948,15022302.0,4.595562546035009e-05
2023-12-11,10:15:16,29.499,23.56,25.0,2949,15022302.0,4.58821814936108e-05
2023-12-11,10:15:16,29.5061,23.56,25.0,2950,15022305.0,4.580885490132121e-05
2023-12-11,10:15:16,29.5097,23.56,25.0,2950,15022304.0,4.580885490132121e-05
2023-12-11,10:15:16,29.5133,23.56,25.0,2949,15022304.0,4.58821814936108e-05
2023-12-11,10:15:16,29.5169,23.56,25.0,2949,15022302.0,4.58821814936108e-05
2023-12-11,10:15:16,29.5205,23.56,25.0,2950,15022303.0,4.580885490132121e-05
2023-12-11,10:15:16,29.5241,23.56,25.0,2950,15022304.0,4.580885490132121e-05
2023-12-11,10:15:16,29.5276,23.56,25.0,2950,15022303.0,4.580885490132121e-05
2023-12-11,10:15:16,29.5312,23.56,25.0,2950,15022303.0,4.580885490132121e-05
2023-12-11,10:15:16,29.5383,23.56,25.0,2950,15022303.0,4.580885490132121e-05
2023-12-11,10:15:16,29.5419,23.56,25.0,2950,15022303.0,4.580885490132121e-05
2023-12-11,10:15:16,29.5453,23.56,25.0,2950,15022303.0,4.580885490132121e-05
2023-12-11,10:15:16,29.5489,23.56,25.0,2950,15022304.0,4.580885490132121e-05
2023-12-11,10:15:16,29.5525,23.56,25.0,2950,15022303.0,4.580885490132121e-05
2023-12-11,10:15:16,29.5561,23.56,25.0,2950,15022303.0,4.580885490132121e-05
2023-12-11,10:15:16,29.5596,23.56,25.0,2951,15022306.0,4.573564549589943e-05
2023-12-11,10:15:16,29.5632,23.56,25.0,2951,15022305.0,4.573564549589943e-05
2023-12-11,10:15:16,29.5703,23.56,25.0,2949,15022304.0,4.58821814936108e-05
2023-12-11,10:15:16,29.5737,23.56,25.0,2950,15022304.0,4.580885490132121e-05
2023-12-11,10:15:16,29.5773,23.56,25.0,2951,15022301.0,4.573564549589943e-05
2023-12-11,10:15:16,29.5809,23.56,25.0,2950,15022300.0,4.580885490132121e-05
2023-12-11,10:15:16,29.5845,23.56,25.0,2950,15022304.0,4.580885490132121e-05
2023-12-11,10:15:16,29.5881,23.56,25.0,2951,15022303.0,4.573564549589943e-05
2023-12-11,10:15:16,29.5916,23.56,25.0,2951,15022302.0,4.573564549589943e-05
2023-12-11,10:15:16,29.5952,23.56,25.0,2951,15022304.0,4.573564549589943e-05
2023-12-11,10:15:16,29.6021,23.56,25.0,2951,15022302.0,4.573564549589943e-05
2023-12-11,10:15:16,29.6057,23.56,25.0,2950,15022302.0,4.580885490132121e-05
2023-12-11,10:15:16,29.6093,23.56,25.0,2950,15022303.0,4.580885490132121e-05
2023-12-11,10:15:16,29.6129,23.56,25.0,2951,15022303.0,4.573564549589943e-05
2023-12-11,10:15:16,29.6165,23.56,25.0,2951,15022305.0,4.573564549589943e-05
2023-12-11,10:15:16,29.6201,23.56,25.0,2949,15022304.0,4.58821814936108e-05
2023-12-11,10:15:16,29.6235,23.56,25.0,2949,15022301.0,4.58821814936108e-05
2023-12-11,10:15:16,29.6271,23.56,25.0,2950,15022302.0,4.580885490132121e-05
2023-12-11,10:15:16,29.6343,23.56,25.0,2950,15022306.0,4.580885490132121e-05
2023-12-11,10:15:16,29.6377,23.56,25.0,2949,15022303.0,4.58821814936108e-05
2023-12-11,10:15:16,29.6413,23.56,25.0,2949,15022303.0,4.58821814936108e-05
2023-12-11,10:15:16,29.6449,23.56,25.0,2951,15022303.0,4.573564549589943e-05
2023-12-11,10:15:16,29.6485,23.56,25.0,2952,15022304.0,4.566255309006328e-05
2023-12-11,10:15:16,29.6521,23.56,25.0,2951,15022305.0,4.573564549589943e-05
2023-12-11,10:15:16,29.6556,23.56,25.0,2950,15022304.0,4.580885490132121e-05
2023-12-11,10:15:16,29.6591,23.56,25.0,2950,15022304.0,4.580885490132121e-05
2023-12-11,10:15:16,29.6663,23.56,25.0,2951,15022306.0,4.573564549589943e-05
2023-12-11,10:15:16,29.6699,23.56,25.0,2952,15022304.0,4.566255309006328e-05
2023-12-11,10:15:16,29.6734,23.56,25.0,2950,15022303.0,4.580885490132121e-05
2023-12-11,10:15:16,29.6772,23.56,25.0,2949,15022302.0,4.58821814936108e-05
2023-12-11,10:15:16,29.6807,23.56,25.0,2950,15022302.0,4.580885490132121e-05
2023-12-11,10:15:16,29.6843,23.56,25.0,2951,15022303.0,4.573564549589943e-05
2023-12-11,10:15:16,29.6878,23.56,25.0,2952,15022305.0,4.566255309006328e-05
2023-12-11,10:15:16,29.6912,23.56,25.0,2951,15022305.0,4.573564549589943e-05
2023-12-11,10:15:16,29.6983,23.56,25.0,2951,15022305.0,4.573564549589943e-05
2023-12-11,10:15:16,29.7019,23.56,25.0,2951,15022305.0,4.573564549589943e-05
2023-12-11,10:15:16,29.7054,23.56,25.0,2952,15022304.0,4.566255309006328e-05
2023-12-11,10:15:16,29.7089,23.56,25.0,2950,15022301.0,4.580885490132121e-05
2023-12-11,10:15:16,29.7125,23.56,25.0,2949,15022302.0,4.58821814936108e-05
2023-12-11,10:15:16,29.7161,23.56,25.0,2951,15022303.0,4.573564549589943e-05
2023-12-11,10:15:16,29.7196,23.56,25.0,2953,15022302.0,4.558957749682996e-05
2023-12-11,10:15:16,29.7232,23.56,25.0,2952,15022304.0,4.566255309006328e-05
2023-12-11,10:15:16,29.7304,23.56,25.0,2950,15022300.0,4.580885490132121e-05
2023-12-11,10:15:16,29.7339,23.56,25.0,2950,15022302.0,4.580885490132121e-05
2023-12-11,10:15:16,29.7374,23.56,25.0,2951,15022305.0,4.573564549589943e-05
2023-12-11,10:15:16,29.741,23.56,25.0,2950,15022305.0,4.580885490132121e-05
2023-12-11,10:15:16,29.7446,23.56,25.0,2950,15022303.0,4.580885490132121e-05
2023-12-11,10:15:16,29.7482,23.56,25.0,2950,15022303.0,4.580885490132121e-05
2023-12-11,10:15:16,29.7518,23.56,25.0,2949,15022302.0,4.58821814936108e-05
2023-12-11,10:15:16,29.7555,23.56,25.0,2950,15022303.0,4.580885490132121e-05
2023-12-11,10:15:16,29.7624,23.56,25.0,2951,15022307.0,4.573564549589943e-05
2023-12-11,10:15:16,29.766,23.56,25.0,2950,15022304.0,4.580885490132121e-05
2023-12-11,10:15:16,29.7694,23.56,25.0,2950,15022303.0,4.580885490132121e-05
2023-12-11,10:15:16,29.773,23.56,25.0,2951,15022303.0,4.573564549589943e-05
2023-12-11,10:15:16,29.7767,23.56,25.0,2952,15022303.0,4.566255309006328e-05
2023-12-11,10:15:16,29.7803,23.56,25.0,2950,15022302.0,4.580885490132121e-05
2023-12-11,10:15:16,29.7839,23.56,25.0,2949,15022304.0,4.58821814936108e-05
2023-12-11,10:15:16,29.7874,23.56,25.0,2950,15022304.0,4.580885490132121e-05
2023-12-11,10:15:16,29.7944,23.56,25.0,2952,15022304.0,4.566255309006328e-05
2023-12-11,10:15:16,29.7979,23.56,25.0,2950,15022305.0,4.580885490132121e-05
2023-12-11,10:15:16,29.8014,23.56,25.0,2950,15022303.0,4.580885490132121e-05
2023-12-11,10:15:16,29.8052,23.56,25.0,2951,15022303.0,4.573564549589943e-05
2023-12-11,10:15:16,29.8087,23.56,25.0,2950,15022303.0,4.580885490132121e-05
2023-12-11,10:15:16,29.8123,23.56,25.0,2951,15022303.0,4.573564549589943e-05
2023-12-11,10:15:16,29.8159,23.56,25.0,2950,15022304.0,4.580885490132121e-05
2023-12-11,10:15:16,29.8194,23.56,25.0,2949,15022302.0,4.58821814936108e-05
2023-12-11,10:15:16,29.8265,23.56,25.0,2949,15022304.0,4.58821814936108e-05
2023-12-11,10:15:16,29.83,23.56,25.0,2950,15022304.0,4.580885490132121e-05
2023-12-11,10:15:16,29.8337,23.56,25.0,2951,15022304.0,4.573564549589943e-05
2023-12-11,10:15:16,29.8373,23.56,25.0,2949,15022304.0,4.58821814936108e-05
2023-12-11,10:15:16,29.8409,23.56,25.0,2950,15022303.0,4.580885490132121e-05
2023-12-11,10:15:16,29.8444,23.56,25.0,2952,15022304.0,4.566255309006328e-05
2023-12-11,10:15:16,29.8479,23.56,25.0,2952,15022306.0,4.566255309006328e-05
2023-12-11,10:15:16,29.8515,23.56,25.0,2952,15022305.0,4.566255309006328e-05
2023-12-11,10:15:16,29.8585,23.56,25.0,2950,15022300.0,4.580885490132121e-05
2023-12-11,10:15:16,29.8621,23.56,25.0,2950,15022302.0,4.580885490132121e-05
2023-12-11,10:15:16,29.8658,23.56,25.0,2951,15022305.0,4.573564549589943e-05
2023-12-11,10:15:16,29.8693,23.56,25.0,2952,15022303.0,4.566255309006328e-05
2023-12-11,10:15:16,29.8727,23.56,25.0,2951,15022302.0,4.573564549589943e-05
2023-12-11,10:15:16,29.8763,23.56,25.0,2950,15022304.0,4.580885490132121e-05
2023-12-11,10:15:16,29.8799,23.56,25.0,2950,15022304.0,4.580885490132121e-05
2023-12-11,10:15:16,29.8835,23.56,25.0,2951,15022304.0,4.573564549589943e-05
2023-12-11,10:15:16,29.8907,23.56,25.0,2950,15022303.0,4.580885490132121e-05
2023-12-11,10:15:16,29.8942,23.56,25.0,2949,15022302.0,4.58821814936108e-05
2023-12-11,10:15:16,29.8978,23.56,25.0,2949,15022303.0,4.58821814936108e-05
2023-12-11,10:15:16,29.9014,23.56,25.0,2951,15022305.0,4.573564549589943e-05
2023-12-11,10:15:16,29.905,23.56,25.0,2952,15022303.0,4.566255309006328e-05
2023-12-11,10:15:16,29.9084,23.56,25.0,2951,15022304.0,4.573564549589943e-05
2023-12-11,10:15:16,29.9119,23.56,25.0,2951,15022304.0,4.573564549589943e-05
2023-12-11,10:15:16,29.9155,23.56,25.0,2951,15022302.0,4.573564549589943e-05
2023-12-11,10:15:16,29.9227,23.56,25.0,2952,15022304.0,4.566255309006328e-05
2023-12-11,10:15:16,29.9262,23.56,25.0,2951,15022303.0,4.573564549589943e-05
2023-12-11,10:15:16,29.9298,23.56,25.0,2950,15022300.0,4.580885490132121e-05
2023-12-11,10:15:16,29.9333,23.56,25.0,2950,15022302.0,4.580885490132121e-05
2023-12-11,10:15:16,29.9367,23.56,25.0,2950,15022304.0,4.580885490132121e-05
2023-12-11,10:15:16,29.9404,23.56,25.0,2951,15022303.0,4.573564549589943e-05
2023-12-11,10:15:16,29.944,23.56,25.0,2951,15022303.0,4.573564549589943e-05
2023-12-11,10:15:16,29.9475,23.56,25.0,2950,15022305.0,4.580885490132121e-05
2023-12-11,10:15:16,29.9547,23.56,25.0,2950,15022303.0,4.580885490132121e-05
2023-12-11,10:15:16,29.9582,23.56,25.0,2951,15022303.0,4.573564549589943e-05
2023-12-11,10:15:16,29.9618,23.56,25.0,2951,15022303.0,4.573564549589943e-05
2023-12-11,10:15:16,29.9654,23.56,25.0,2950,15022302.0,4.580885490132121e-05
2023-12-11,10:15:16,29.969,23.56,25.0,2951,15022303.0,4.573564549589943e-05
2023-12-11,10:15:16,29.9726,23.56,25.0,2951,15022304.0,4.573564549589943e-05
2023-12-11,10:15:16,29.976,23.56,25.0,2951,15022303.0,4.573564549589943e-05
2023-12-11,10:15:16,29.9795,23.56,25.0,2951,15022307.0,4.573564549589943e-05
2023-12-11,10:15:16,29.9867,23.56,25.0,2950,15022301.0,4.580885490132121e-05
2023-12-11,10:15:16,29.9902,23.56,25.0,2951,15022304.0,4.573564549589943e-05
2023-12-11,10:15:16,29.9938,23.56,25.0,2951,15022305.0,4.573564549589943e-05
2023-12-11,10:15:16,29.9974,23.56,25.0,2951,15022302.0,4.573564549589943e-05
2023-12-11,10:15:16,30.001,23.56,25.0,2952,15022302.0,4.566255309006328e-05
2023-12-11,10:15:16,30.0044,23.56,25.0,2951,15022304.0,4.573564549589943e-05
2023-12-11,10:15:16,30.008,23.56,25.0,2950,15022304.0,4.580885490132121e-05
2023-12-11,10:15:16,30.0115,23.56,25.0,2951,15022302.0,4.573564549589943e-05
2023-12-11,10:15:16,30.0187,23.56,25.0,2951,15022303.0,4.573564549589943e-05
2023-12-11,10:15:16,30.0222,23.56,25.0,2950,15022300.0,4.580885490132121e-05
2023-12-11,10:15:16,30.0258,23.56,25.0,2949,15022301.0,4.58821814936108e-05
2023-12-11,10:15:16,30.0294,23.56,25.0,2951,15022304.0,4.573564549589943e-05
2023-12-11,10:15:16,30.033,23.56,25.0,2952,15022303.0,4.566255309006328e-05
2023-12-11,10:15:16,30.0364,23.56,25.0,2951,15022302.0,4.573564549589943e-05
2023-12-11,10:15:16,30.04,23.56,25.0,2950,15022305.0,4.580885490132121e-05
2023-12-11,10:15:16,30.0437,23.56,25.0,2950,15022305.0,4.580885490132121e-05
2023-12-11,10:15:16,30.0507,23.56,25.0,2952,15022302.0,4.566255309006328e-05
2023-12-11,10:15:16,30.0544,23.56,25.0,2951,15022301.0,4.573564549589943e-05
2023-12-11,10:15:16,30.058,23.56,25.0,2950,15022300.0,4.580885490132121e-05
2023-12-11,10:15:16,30.0615,23.56,25.0,2951,15022300.0,4.573564549589943e-05
2023-12-11,10:15:16,30.0651,23.56,25.0,2951,15022303.0,4.573564549589943e-05
2023-12-11,10:15:16,30.0686,23.56,25.0,2951,15022305.0,4.573564549589943e-05
2023-12-11,10:15:16,30.0722,23.56,25.0,2951,15022303.0,4.573564549589943e-05
2023-12-11,10:15:16,30.0756,23.56,25.0,2950,15022303.0,4.580885490132121e-05
2023-12-11,10:15:16,30.0828,23.56,25.0,2951,15022304.0,4.573564549589943e-05
2023-12-11,10:15:16,30.0862,23.56,25.0,2951,15022303.0,4.573564549589943e-05
2023-12-11,10:15:16,30.0898,23.56,25.0,2950,15022302.0,4.580885490132121e-05
2023-12-11,10:15:16,30.0934,23.56,25.0,2951,15022302.0,4.573564549589943e-05
2023-12-11,10:15:16,30.097,23.56,25.0,2951,15022304.0,4.573564549589943e-05
2023-12-11,10:15:16,30.1006,23.56,25.0,2951,15022304.0,4.573564549589943e-05
2023-12-11,10:15:16,30.104,23.56,25.0,2952,15022304.0,4.566255309006328e-05
2023-12-11,10:15:16,30.1075,23.56,25.0,2951,15022303.0,4.573564549589943e-05
2023-12-11,10:15:16,30.1147,23.56,25.0,2951,15022301.0,4.573564549589943e-05
2023-12-11,10:15:16,30.1182,23.5,25.25,2951,15022303.0,4.573564549589943e-05
2023-12-11,10:15:16,30.1218,23.5,25.25,2951,15022303.0,4.573564549589943e-05
2023-12-11,10:15:16,30.1254,23.5,25.25,2951,15022302.0,4.573564549589943e-05
2023-12-11,10:15:16,30.1289,23.5,25.25,2951,15022301.0,4.573564549589943e-05
2023-12-11,10:15:16,30.1323,23.5,25.25,2950,15022302.0,4.580885490132121e-05
2023-12-11,10:15:16,30.1359,23.5,25.25,2951,15022303.0,4.573564549589943e-05
2023-12-11,10:15:16,30.1395,23.5,25.25,2952,15022303.0,4.566255309006328e-05
2023-12-11,10:15:16,30.1468,23.5,25.25,2951,15022302.0,4.573564549589943e-05
2023-12-11,10:15:16,30.1502,23.5,25.25,2951,15022300.0,4.573564549589943e-05
2023-12-11,10:15:16,30.1538,23.5,25.25,2951,15022302.0,4.573564549589943e-05
2023-12-11,10:15:16,30.1574,23.5,25.25,2951,15022303.0,4.573564549589943e-05
2023-12-11,10:15:16,30.161,23.5,25.25,2950,15022303.0,4.580885490132121e-05
2023-12-11,10:15:16,30.1646,23.5,25.25,2951,15022304.0,4.573564549589943e-05
2023-12-11,10:15:16,30.1682,23.5,25.25,2951,15022304.0,4.573564549589943e-05
2023-12-11,10:15:16,30.1717,23.5,25.25,2950,15022304.0,4.580885490132121e-05
2023-12-11,10:15:16,30.1788,23.5,25.25,2952,15022303.0,4.566255309006328e-05
2023-12-11,10:15:16,30.1824,23.5,25.25,2952,15022301.0,4.566255309006328e-05
2023-12-11,10:15:16,30.1858,23.5,25.25,2951,15022299.0,4.573564549589943e-05
2023-12-11,10:15:16,30.1894,23.5,25.25,2951,15022302.0,4.573564549589943e-05
2023-12-11,10:15:16,30.193,23.5,25.25,2953,15022304.0,4.558957749682996e-05
2023-12-11,10:15:16,30.1966,23.5,25.25,2953,15022303.0,4.558957749682996e-05
2023-12-11,10:15:16,30.2002,23.5,25.25,2950,15022301.0,4.580885490132121e-05
2023-12-11,10:15:16,30.2036,23.5,25.25,2949,15022302.0,4.58821814936108e-05
2023-12-11,10:15:16,30.2108,23.5,25.25,2953,15022303.0,4.558957749682996e-05
2023-12-11,10:15:16,30.2142,23.5,25.25,2952,15022302.0,4.566255309006328e-05
2023-12-11,10:15:16,30.2178,23.5,25.25,2950,15022302.0,4.580885490132121e-05
2023-12-11,10:15:16,30.2214,23.5,25.25,2950,15022300.0,4.580885490132121e-05
2023-12-11,10:15:16,30.225,23.5,25.25,2950,15022302.0,4.580885490132121e-05
2023-12-11,10:15:16,30.2286,23.5,25.25,2950,15022304.0,4.580885490132121e-05
2023-12-11,10:15:16,30.2322,23.5,25.25,2951,15022303.0,4.573564549589943e-05
2023-12-11,10:15:16,30.2392,23.5,25.25,2951,15022303.0,4.573564549589943e-05
2023-12-11,10:15:16,30.2428,23.5,25.25,2950,15022302.0,4.580885490132121e-05
2023-12-11,10:15:16,30.2464,23.5,25.25,2951,15022302.0,4.573564549589943e-05
2023-12-11,10:15:16,30.2498,23.5,25.25,2951,15022302.0,4.573564549589943e-05
2023-12-11,10:15:16,30.2535,23.5,25.25,2951,15022302.0,4.573564549589943e-05
2023-12-11,10:15:16,30.2571,23.5,25.25,2952,15022302.0,4.566255309006328e-05
2023-12-11,10:15:16,30.2606,23.5,25.25,2951,15022304.0,4.573564549589943e-05
2023-12-11,10:15:16,30.2642,23.5,25.25,2951,15022305.0,4.573564549589943e-05
2023-12-11,10:15:16,30.2711,23.5,25.25,2952,15022302.0,4.566255309006328e-05
2023-12-11,10:15:16,30.2747,23.5,25.25,2951,15022303.0,4.573564549589943e-05
2023-12-11,10:15:16,30.2784,23.5,25.25,2950,15022302.0,4.580885490132121e-05
2023-12-11,10:15:16,30.282,23.5,25.25,2951,15022302.0,4.573564549589943e-05
2023-12-11,10:15:16,30.2854,23.5,25.25,2951,15022303.0,4.573564549589943e-05
2023-12-11,10:15:17,30.289,23.5,25.25,2951,15022301.0,4.573564549589943e-05
2023-12-11,10:15:17,30.2926,23.5,25.25,2952,15022301.0,4.566255309006328e-05
2023-12-11,10:15:17,30.2962,23.5,25.25,2952,15022302.0,4.566255309006328e-05
2023-12-11,10:15:17,30.3033,23.5,25.25,2953,15022303.0,4.558957749682996e-05
2023-12-11,10:15:17,30.3069,23.5,25.25,2951,15022303.0,4.573564549589943e-05
2023-12-11,10:15:17,30.3105,23.5,25.25,2950,15022303.0,4.580885490132121e-05
2023-12-11,10:15:17,30.314,23.5,25.25,2950,15022301.0,4.580885490132121e-05
2023-12-11,10:15:17,30.3175,23.5,25.25,2951,15022301.0,4.573564549589943e-05
2023-12-11,10:15:17,30.3212,23.5,25.25,2952,15022304.0,4.566255309006328e-05
2023-12-11,10:15:17,30.3247,23.5,25.25,2952,15022302.0,4.566255309006328e-05
2023-12-11,10:15:17,30.3282,23.5,25.25,2951,15022300.0,4.573564549589943e-05
2023-12-11,10:15:17,30.3317,23.5,25.25,2951,15022301.0,4.573564549589943e-05
2023-12-11,10:15:17,30.3388,23.5,25.25,2951,15022304.0,4.573564549589943e-05
2023-12-11,10:15:17,30.3424,23.5,25.25,2950,15022302.0,4.580885490132121e-05
2023-12-11,10:15:17,30.346,23.5,25.25,2950,15022301.0,4.580885490132121e-05
2023-12-11,10:15:17,30.3495,23.5,25.25,2950,15022301.0,4.580885490132121e-05
2023-12-11,10:15:17,30.3532,23.5,25.25,2951,15022302.0,4.573564549589943e-05
2023-12-11,10:15:17,30.3568,23.5,25.25,2950,15022302.0,4.580885490132121e-05
2023-12-11,10:15:17,30.3603,23.5,25.25,2950,15022302.0,4.580885490132121e-05
2023-12-11,10:15:17,30.3639,23.5,25.25,2951,15022302.0,4.573564549589943e-05
2023-12-11,10:15:17,30.3712,23.5,25.25,2951,15022302.0,4.573564549589943e-05
2023-12-11,10:15:17,30.3746,23.5,25.25,2950,15022304.0,4.580885490132121e-05
2023-12-11,10:15:17,30.3782,23.5,25.25,2950,15022303.0,4.580885490132121e-05
2023-12-11,10:15:17,30.3818,23.5,25.25,2952,15022299.0,4.566255309006328e-05
2023-12-11,10:15:17,30.3852,23.5,25.25,2952,15022298.0,4.566255309006328e-05
2023-12-11,10:15:17,30.3888,23.5,25.25,2951,15022303.0,4.573564549589943e-05
2023-12-11,10:15:17,30.3924,23.5,25.25,2951,15022303.0,4.573564549589943e-05
2023-12-11,10:15:17,30.396,23.5,25.25,2951,15022301.0,4.573564549589943e-05
2023-12-11,10:15:17,30.4032,23.5,25.25,2952,15022303.0,4.566255309006328e-05
2023-12-11,10:15:17,30.4068,23.5,25.25,2953,15022304.0,4.558957749682996e-05
2023-12-11,10:15:17,30.4102,23.5,25.25,2953,15022304.0,4.558957749682996e-05
2023-12-11,10:15:17,30.4137,23.5,25.25,2950,15022301.0,4.580885490132121e-05
2023-12-11,10:15:17,30.4172,23.5,25.25,2949,15022300.0,4.58821814936108e-05
2023-12-11,10:15:17,30.4208,23.5,25.25,2950,15022300.0,4.580885490132121e-05
2023-12-11,10:15:17,30.4244,23.5,25.25,2951,15022300.0,4.573564549589943e-05
2023-12-11,10:15:17,30.428,23.5,25.25,2952,15022304.0,4.566255309006328e-05
2023-12-11,10:15:17,30.4352,23.5,25.25,2951,15022300.0,4.573564549589943e-05
2023-12-11,10:15:17,30.4386,23.5,25.25,2951,15022304.0,4.573564549589943e-05
2023-12-11,10:15:17,30.4422,23.5,25.25,2952,15022304.0,4.566255309006328e-05
2023-12-11,10:15:17,30.4458,23.5,25.25,2952,15022304.0,4.566255309006328e-05
2023-12-11,10:15:17,30.4494,23.5,25.25,2952,15022303.0,4.566255309006328e-05
2023-12-11,10:15:17,30.453,23.5,25.25,2952,15022301.0,4.566255309006328e-05
2023-12-11,10:15:17,30.4564,23.5,25.25,2951,15022300.0,4.573564549589943e-05
2023-12-11,10:15:17,30.46,23.5,25.25,2951,15022303.0,4.573564549589943e-05
2023-12-11,10:15:17,30.4672,23.5,25.25,2952,15022304.0,4.566255309006328e-05
2023-12-11,10:15:17,30.4708,23.5,25.25,2952,15022302.0,4.566255309006328e-05
2023-12-11,10:15:17,30.4742,23.5,25.25,2951,15022302.0,4.573564549589943e-05
2023-12-11,10:15:17,30.4777,23.5,25.25,2950,15022302.0,4.580885490132121e-05
2023-12-11,10:15:17,30.4812,23.5,25.25,2951,15022304.0,4.573564549589943e-05
2023-12-11,10:15:17,30.4848,23.5,25.25,2951,15022303.0,4.573564549589943e-05
2023-12-11,10:15:17,30.4884,23.5,25.25,2951,15022301.0,4.573564549589943e-05
2023-12-11,10:15:17,30.492,23.5,25.25,2951,15022303.0,4.573564549589943e-05
2023-12-11,10:15:17,30.4992,23.5,25.25,2952,15022301.0,4.566255309006328e-05
2023-12-11,10:15:17,30.5028,23.5,25.25,2951,15022302.0,4.573564549589943e-05
2023-12-11,10:15:17,30.5063,23.5,25.25,2950,15022301.0,4.580885490132121e-05
2023-12-11,10:15:17,30.5099,23.5,25.25,2954,15022299.0,4.551671852951535e-05
2023-12-11,10:15:17,30.5135,23.5,25.25,2954,15022301.0,4.551671852951535e-05
2023-12-11,10:15:17,30.517,23.5,25.25,2951,15022304.0,4.573564549589943e-05
2023-12-11,10:15:17,30.5204,23.5,25.25,2951,15022303.0,4.573564549589943e-05
2023-12-11,10:15:17,30.524,23.5,25.25,2950,15022302.0,4.580885490132121e-05
2023-12-11,10:15:17,30.5312,23.5,25.25,2952,15022302.0,4.566255309006328e-05
2023-12-11,10:15:17,30.5348,23.5,25.25,2951,15022302.0,4.573564549589943e-05
2023-12-11,10:15:17,30.5383,23.5,25.25,2951,15022303.0,4.573564549589943e-05
2023-12-11,10:15:17,30.5419,23.5,25.25,2952,15022303.0,4.566255309006328e-05
2023-12-11,10:15:17,30.5454,23.5,25.25,2952,15022302.0,4.566255309006328e-05
2023-12-11,10:15:17,30.549,23.5,25.25,2952,15022302.0,4.566255309006328e-05
2023-12-11,10:15:17,30.5527,23.5,25.25,2952,15022303.0,4.566255309006328e-05
2023-12-11,10:15:17,30.5561,23.5,25.25,2951,15022302.0,4.573564549589943e-05
2023-12-11,10:15:17,30.5632,23.5,25.25,2951,15022299.0,4.573564549589943e-05
2023-12-11,10:15:17,30.5668,23.5,25.25,2950,15022300.0,4.580885490132121e-05
2023-12-11,10:15:17,30.5703,23.5,25.25,2951,15022305.0,4.573564549589943e-05
2023-12-11,10:15:17,30.5739,23.5,25.25,2952,15022304.0,4.566255309006328e-05
2023-12-11,10:15:17,30.5774,23.5,25.25,2951,15022300.0,4.573564549589943e-05
2023-12-11,10:15:17,30.581,23.5,25.25,2951,15022299.0,4.573564549589943e-05
2023-12-11,10:15:17,30.5847,23.5,25.25,2951,15022302.0,4.573564549589943e-05
2023-12-11,10:15:17,30.5883,23.5,25.25,2951,15022304.0,4.573564549589943e-05
2023-12-11,10:15:17,30.5952,23.5,25.25,2950,15022301.0,4.580885490132121e-05
2023-12-11,10:15:17,30.5989,23.5,25.25,2951,15022299.0,4.573564549589943e-05
2023-12-11,10:15:17,30.6026,23.5,25.25,2950,15022300.0,4.580885490132121e-05
2023-12-11,10:15:17,30.606,23.5,25.25,2950,15022302.0,4.580885490132121e-05
2023-12-11,10:15:17,30.6095,23.5,25.25,2951,15022303.0,4.573564549589943e-05
2023-12-11,10:15:17,30.6132,23.5,25.25,2950,15022303.0,4.580885490132121e-05
2023-12-11,10:15:17,30.6168,23.5,25.25,2950,15022301.0,4.580885490132121e-05
2023-12-11,10:15:17,30.6204,23.5,25.25,2951,15022301.0,4.573564549589943e-05
2023-12-11,10:15:17,30.6274,23.5,25.25,2951,15022301.0,4.573564549589943e-05
2023-12-11,10:15:17,30.631,23.5,25.25,2951,15022301.0,4.573564549589943e-05
2023-12-11,10:15:17,30.6346,23.5,25.25,2951,15022299.0,4.573564549589943e-05
2023-12-11,10:15:17,30.6382,23.5,25.25,2951,15022300.0,4.573564549589943e-05
2023-12-11,10:15:17,30.6418,23.5,25.25,2951,15022302.0,4.573564549589943e-05
2023-12-11,10:15:17,30.6452,23.5,25.25,2950,15022303.0,4.580885490132121e-05
2023-12-11,10:15:17,30.6488,23.5,25.25,2950,15022303.0,4.580885490132121e-05
2023-12-11,10:15:17,30.6525,23.5,25.25,2951,15022300.0,4.573564549589943e-05
2023-12-11,10:15:17,30.6596,23.5,25.25,2951,15022302.0,4.573564549589943e-05
2023-12-11,10:15:17,30.663,23.5,25.25,2951,15022301.0,4.573564549589943e-05
2023-12-11,10:15:17,30.6666,23.5,25.25,2950,15022302.0,4.580885490132121e-05
2023-12-11,10:15:17,30.6702,23.5,25.25,2951,15022301.0,4.573564549589943e-05
2023-12-11,10:15:17,30.6738,23.5,25.25,2952,15022301.0,4.566255309006328e-05
2023-12-11,10:15:17,30.6773,23.5,25.25,2951,15022301.0,4.573564549589943e-05
2023-12-11,10:15:17,30.6809,23.5,25.25,2950,15022302.0,4.580885490132121e-05
2023-12-11,10:15:17,30.6845,23.5,25.25,2950,15022301.0,4.580885490132121e-05
2023-12-11,10:15:17,30.6916,23.5,25.25,2952,15022299.0,4.566255309006328e-05
2023-12-11,10:15:17,30.6951,23.5,25.25,2952,15022301.0,4.566255309006328e-05
2023-12-11,10:15:17,30.6988,23.5,25.25,2951,15022301.0,4.573564549589943e-05
2023-12-11,10:15:17,30.7023,23.5,25.25,2950,15022301.0,4.580885490132121e-05
2023-12-11,10:15:17,30.7059,23.5,25.25,2950,15022301.0,4.580885490132121e-05
2023-12-11,10:15:17,30.7095,23.5,25.25,2951,15022300.0,4.573564549589943e-05
2023-12-11,10:15:17,30.7129,23.5,25.25,2952,15022303.0,4.566255309006328e-05
2023-12-11,10:15:17,30.7165,23.5,25.25,2952,15022302.0,4.566255309006328e-05
2023-12-11,10:15:17,30.7237,23.5,25.25,2950,15022301.0,4.580885490132121e-05
2023-12-11,10:15:17,30.7273,23.5,25.25,2951,15022301.0,4.573564549589943e-05
2023-12-11,10:15:17,30.7308,23.5,25.25,2952,15022303.0,4.566255309006328e-05
2023-12-11,10:15:17,30.7343,23.5,25.25,2951,15022302.0,4.573564549589943e-05
2023-12-11,10:15:17,30.7379,23.5,25.25,2951,15022301.0,4.573564549589943e-05
2023-12-11,10:15:17,30.7415,23.5,25.25,2951,15022300.0,4.573564549589943e-05
2023-12-11,10:15:17,30.7449,23.5,25.25,2952,15022300.0,4.566255309006328e-05
2023-12-11,10:15:17,30.7485,23.5,25.25,2953,15022302.0,4.558957749682996e-05
2023-12-11,10:15:17,30.7557,23.5,25.25,2951,15022301.0,4.573564549589943e-05
2023-12-11,10:15:17,30.7593,23.5,25.25,2951,15022300.0,4.573564549589943e-05
2023-12-11,10:15:17,30.7627,23.5,25.25,2951,15022300.0,4.573564549589943e-05
2023-12-11,10:15:17,30.7663,23.5,25.25,2951,15022300.0,4.573564549589943e-05
2023-12-11,10:15:17,30.7699,23.5,25.25,2951,15022302.0,4.573564549589943e-05
2023-12-11,10:15:17,30.7733,23.5,25.25,2951,15022303.0,4.573564549589943e-05
2023-12-11,10:15:17,30.7769,23.5,25.25,2952,15022302.0,4.566255309006328e-05
2023-12-11,10:15:17,30.7805,23.5,25.25,2952,15022300.0,4.566255309006328e-05
2023-12-11,10:15:17,30.7877,23.5,25.25,2952,15022304.0,4.566255309006328e-05
2023-12-11,10:15:17,30.7913,23.5,25.25,2951,15022300.0,4.573564549589943e-05
2023-12-11,10:15:17,30.7948,23.5,25.25,2951,15022300.0,4.573564549589943e-05
2023-12-11,10:15:17,30.7984,23.5,25.25,2952,15022300.0,4.566255309006328e-05
2023-12-11,10:15:17,30.802,23.5,25.25,2952,15022301.0,4.566255309006328e-05
2023-12-11,10:15:17,30.8056,23.5,25.25,2951,15022303.0,4.573564549589943e-05
2023-12-11,10:15:17,30.8091,23.5,25.25,2950,15022303.0,4.580885490132121e-05
2023-12-11,10:15:17,30.8125,23.5,25.25,2951,15022302.0,4.573564549589943e-05
2023-12-11,10:15:17,30.8197,23.5,25.25,2951,15022301.0,4.573564549589943e-05
2023-12-11,10:15:17,30.8233,23.5,25.25,2952,15022303.0,4.566255309006328e-05
2023-12-11,10:15:17,30.8268,23.5,25.25,2951,15022301.0,4.573564549589943e-05
2023-12-11,10:15:17,30.8304,23.5,25.25,2951,15022299.0,4.573564549589943e-05
2023-12-11,10:15:17,30.834,23.5,25.25,2952,15022299.0,4.566255309006328e-05
2023-12-11,10:15:17,30.8376,23.5,25.25,2953,15022300.0,4.558957749682996e-05
2023-12-11,10:15:17,30.8412,23.5,25.25,2953,15022302.0,4.558957749682996e-05
2023-12-11,10:15:17,30.8446,23.5,25.25,2951,15022303.0,4.573564549589943e-05
2023-12-11,10:15:17,30.8517,23.5,25.25,2950,15022301.0,4.580885490132121e-05
2023-12-11,10:15:17,30.8553,23.5,25.25,2951,15022302.0,4.573564549589943e-05
2023-12-11,10:15:17,30.8588,23.5,25.25,2952,15022302.0,4.566255309006328e-05
2023-12-11,10:15:17,30.8624,23.5,25.25,2951,15022300.0,4.573564549589943e-05
2023-12-11,10:15:17,30.866,23.5,25.25,2950,15022300.0,4.580885490132121e-05
2023-12-11,10:15:17,30.8696,23.5,25.25,2951,15022300.0,4.573564549589943e-05
2023-12-11,10:15:17,30.8732,23.5,25.25,2952,15022300.0,4.566255309006328e-05
2023-12-11,10:15:17,30.8768,23.5,25.25,2952,15022302.0,4.566255309006328e-05
2023-12-11,10:15:17,30.8838,23.5,25.25,2950,15022300.0,4.580885490132121e-05
2023-12-11,10:15:17,30.8874,23.5,25.25,2951,15022300.0,4.573564549589943e-05
2023-12-11,10:15:17,30.8908,23.5,25.25,2952,15022301.0,4.566255309006328e-05
2023-12-11,10:15:17,30.8944,23.5,25.25,2952,15022301.0,4.566255309006328e-05
2023-12-11,10:15:17,30.898,23.5,25.25,2951,15022302.0,4.573564549589943e-05
2023-12-11,10:15:17,30.9016,23.5,25.25,2951,15022301.0,4.573564549589943e-05
2023-12-11,10:15:17,30.9052,23.5,25.25,2951,15022299.0,4.573564549589943e-05
2023-12-11,10:15:17,30.9088,23.5,25.25,2951,15022299.0,4.573564549589943e-05
2023-12-11,10:15:17,30.9158,23.5,25.25,2950,15022304.0,4.580885490132121e-05
2023-12-11,10:15:17,30.9193,23.5,25.25,2950,15022301.0,4.580885490132121e-05
2023-12-11,10:15:17,30.923,23.5,25.25,2951,15022299.0,4.573564549589943e-05
2023-12-11,10:15:17,30.9267,23.5,25.25,2952,15022301.0,4.566255309006328e-05
2023-12-11,10:15:17,30.9301,23.5,25.25,2953,15022304.0,4.558957749682996e-05
2023-12-11,10:15:17,30.9337,23.5,25.25,2951,15022302.0,4.573564549589943e-05
2023-12-11,10:15:17,30.9373,23.5,25.25,2949,15022300.0,4.58821814936108e-05
2023-12-11,10:15:17,30.9408,23.5,25.25,2951,15022301.0,4.573564549589943e-05
2023-12-11,10:15:17,30.9479,23.5,25.25,2952,15022302.0,4.566255309006328e-05
2023-12-11,10:15:17,30.9514,23.5,25.25,2952,15022303.0,4.566255309006328e-05
2023-12-11,10:15:17,30.955,23.5,25.25,2949,15022300.0,4.58821814936108e-05
2023-12-11,10:15:17,30.9587,23.5,25.25,2949,15022298.0,4.58821814936108e-05
2023-12-11,10:15:17,30.9623,23.5,25.25,2952,15022300.0,4.566255309006328e-05
2023-12-11,10:15:17,30.9659,23.5,25.25,2952,15022300.0,4.566255309006328e-05
2023-12-11,10:15:17,30.9693,23.5,25.25,2950,15022299.0,4.580885490132121e-05
2023-12-11,10:15:17,30.9729,23.5,25.25,2949,15022299.0,4.58821814936108e-05
2023-12-11,10:15:17,30.9802,23.5,25.25,2952,15022301.0,4.566255309006328e-05
2023-12-11,10:15:17,30.9836,23.5,25.25,2952,15022304.0,4.566255309006328e-05
2023-12-11,10:15:17,30.9871,23.5,25.25,2952,15022305.0,4.566255309006328e-05
2023-12-11,10:15:17,30.9908,23.5,25.25,2951,15022301.0,4.573564549589943e-05
2023-12-11,10:15:17,30.9944,23.5,25.25,2951,15022298.0,4.573564549589943e-05
2023-12-11,10:15:17,30.9979,23.5,25.25,2952,15022300.0,4.566255309006328e-05
2023-12-11,10:15:17,31.0014,23.5,25.25,2952,15022302.0,4.566255309006328e-05
2023-12-11,10:15:17,31.005,23.5,25.25,2950,15022301.0,4.580885490132121e-05
2023-12-11,10:15:17,31.0122,23.5,25.25,2950,15022298.0,4.580885490132121e-05
2023-12-11,10:15:17,31.0158,23.5,25.25,2951,15022298.0,4.573564549589943e-05
2023-12-11,10:15:17,31.0194,23.5,25.25,2952,15022302.0,4.566255309006328e-05
2023-12-11,10:15:17,31.0228,23.5,25.25,2950,15022303.0,4.580885490132121e-05
2023-12-11,10:15:17,31.0264,23.5,25.25,2948,15022300.0,4.595562546035009e-05
2023-12-11,10:15:17,31.0301,23.5,25.25,2950,15022298.0,4.580885490132121e-05
2023-12-11,10:15:17,31.0336,23.5,25.25,2951,15022301.0,4.573564549589943e-05
2023-12-11,10:15:17,31.037,23.5,25.25,2951,15022300.0,4.573564549589943e-05
2023-12-11,10:15:17,31.0442,23.5,25.25,2951,15022303.0,4.573564549589943e-05
2023-12-11,10:15:17,31.0478,23.5,25.25,2951,15022300.0,4.573564549589943e-05
2023-12-11,10:15:17,31.0514,23.5,25.25,2952,15022299.0,4.566255309006328e-05
2023-12-11,10:15:17,31.0549,23.5,25.25,2952,15022301.0,4.566255309006328e-05
2023-12-11,10:15:17,31.0584,23.5,25.25,2951,15022303.0,4.573564549589943e-05
2023-12-11,10:15:17,31.0619,23.5,25.25,2949,15022299.0,4.58821814936108e-05
2023-12-11,10:15:17,31.0654,23.5,25.25,2950,15022299.0,4.580885490132121e-05
2023-12-11,10:15:17,31.069,23.5,25.25,2952,15022302.0,4.566255309006328e-05
2023-12-11,10:15:17,31.0762,23.5,25.25,2951,15022300.0,4.573564549589943e-05
2023-12-11,10:15:17,31.0796,23.5,25.25,2950,15022303.0,4.580885490132121e-05
2023-12-11,10:15:17,31.0832,23.5,25.25,2951,15022303.0,4.573564549589943e-05
2023-12-11,10:15:17,31.0868,23.5,25.25,2952,15022300.0,4.566255309006328e-05
2023-12-11,10:15:17,31.0904,23.5,25.25,2952,15022301.0,4.566255309006328e-05
2023-12-11,10:15:17,31.094,23.5,25.25,2952,15022302.0,4.566255309006328e-05
2023-12-11,10:15:17,31.0974,23.5,25.25,2951,15022300.0,4.573564549589943e-05
2023-12-11,10:15:17,31.101,23.5,25.25,2950,15022300.0,4.580885490132121e-05
2023-12-11,10:15:17,31.1082,23.5,25.25,2952,15022300.0,4.566255309006328e-05
2023-12-11,10:15:17,31.1118,23.5,25.25,2951,15022301.0,4.573564549589943e-05
2023-12-11,10:15:17,31.1154,23.5,25.25,2950,15022303.0,4.580885490132121e-05
2023-12-11,10:15:17,31.1189,23.5,25.25,2950,15022301.0,4.580885490132121e-05
2023-12-11,10:15:17,31.1225,23.56,25.25,2951,15022300.0,4.573564549589943e-05
2023-12-11,10:15:17,31.1261,23.56,25.25,2952,15022303.0,4.566255309006328e-05
2023-12-11,10:15:17,31.1296,23.56,25.25,2951,15022303.0,4.573564549589943e-05
2023-12-11,10:15:17,31.133,23.56,25.25,2949,15022300.0,4.58821814936108e-05
2023-12-11,10:15:17,31.1402,23.56,25.25,2951,15022302.0,4.573564549589943e-05
2023-12-11,10:15:17,31.1438,23.56,25.25,2952,15022301.0,4.566255309006328e-05
2023-12-11,10:15:17,31.1474,23.56,25.25,2952,15022301.0,4.566255309006328e-05
2023-12-11,10:15:17,31.1509,23.56,25.25,2950,15022303.0,4.580885490132121e-05
2023-12-11,10:15:17,31.1545,23.56,25.25,2949,15022301.0,4.58821814936108e-05
2023-12-11,10:15:17,31.1581,23.56,25.25,2951,15022299.0,4.573564549589943e-05
2023-12-11,10:15:17,31.1617,23.56,25.25,2952,15022302.0,4.566255309006328e-05
2023-12-11,10:15:17,31.1653,23.56,25.25,2951,15022302.0,4.573564549589943e-05
2023-12-11,10:15:17,31.1689,23.56,25.25,2948,15022300.0,4.595562546035009e-05
2023-12-11,10:15:17,31.176,23.56,25.25,2951,15022300.0,4.573564549589943e-05
2023-12-11,10:15:17,31.1796,23.56,25.25,2952,15022298.0,4.566255309006328e-05
2023-12-11,10:15:17,31.1831,23.56,25.25,2952,15022300.0,4.566255309006328e-05
2023-12-11,10:15:17,31.1867,23.56,25.25,2951,15022302.0,4.573564549589943e-05
2023-12-11,10:15:17,31.1904,23.56,25.25,2950,15022300.0,4.580885490132121e-05
2023-12-11,10:15:17,31.1938,23.56,25.25,2951,15022300.0,4.573564549589943e-05
2023-12-11,10:15:17,31.1973,23.56,25.25,2952,15022302.0,4.566255309006328e-05
2023-12-11,10:15:17,31.2009,23.56,25.25,2952,15022301.0,4.566255309006328e-05
2023-12-11,10:15:17,31.2079,23.56,25.25,2947,15022301.0,4.602918698942135e-05
2023-12-11,10:15:17,31.2115,23.56,25.25,2951,15022303.0,4.573564549589943e-05
2023-12-11,10:15:17,31.2151,23.56,25.25,2953,15022299.0,4.558957749682996e-05
2023-12-11,10:15:17,31.2185,23.56,25.25,2951,15022300.0,4.573564549589943e-05
2023-12-11,10:15:17,31.2222,23.56,25.25,2949,15022303.0,4.58821814936108e-05
2023-12-11,10:15:17,31.226,23.56,25.25,2949,15022301.0,4.58821814936108e-05
2023-12-11,10:15:17,31.2295,23.56,25.25,2951,15022299.0,4.573564549589943e-05
2023-12-11,10:15:17,31.233,23.56,25.25,2952,15022303.0,4.566255309006328e-05
2023-12-11,10:15:17,31.24,23.56,25.25,2949,15022299.0,4.58821814936108e-05
2023-12-11,10:15:17,31.2437,23.56,25.25,2949,15022301.0,4.58821814936108e-05
2023-12-11,10:15:17,31.2473,23.56,25.25,2951,15022302.0,4.573564549589943e-05
2023-12-11,10:15:17,31.2508,23.56,25.25,2952,15022301.0,4.566255309006328e-05
2023-12-11,10:15:17,31.2544,23.56,25.25,2952,15022301.0,4.566255309006328e-05
2023-12-11,10:15:17,31.2578,23.56,25.25,2950,15022304.0,4.580885490132121e-05
2023-12-11,10:15:17,31.2614,23.56,25.25,2949,15022302.0,4.58821814936108e-05
2023-12-11,10:15:17,31.2651,23.56,25.25,2952,15022299.0,4.566255309006328e-05
2023-12-11,10:15:17,31.2722,23.56,25.25,2952,15022302.0,4.566255309006328e-05
2023-12-11,10:15:17,31.2756,23.56,25.25,2950,15022298.0,4.580885490132121e-05
2023-12-11,10:15:17,31.2792,23.56,25.25,2949,15022300.0,4.58821814936108e-05
2023-12-11,10:15:17,31.2829,23.56,25.25,2951,15022302.0,4.573564549589943e-05
2023-12-11,10:15:17,31.2865,23.56,25.25,2953,15022301.0,4.558957749682996e-05
2023-12-11,10:15:18,31.29,23.56,25.25,2952,15022300.0,4.566255309006328e-05
2023-12-11,10:15:18,31.2934,23.56,25.25,2949,15022303.0,4.58821814936108e-05
2023-12-11,10:15:18,31.297,23.56,25.25,2948,15022301.0,4.595562546035009e-05
2023-12-11,10:15:18,31.3042,23.56,25.25,2952,15022302.0,4.566255309006328e-05
2023-12-11,10:15:18,31.3077,23.56,25.25,2952,15022300.0,4.566255309006328e-05
2023-12-11,10:15:18,31.3112,23.56,25.25,2951,15022298.0,4.573564549589943e-05
2023-12-11,10:15:18,31.3148,23.56,25.25,2949,15022301.0,4.58821814936108e-05
2023-12-11,10:15:18,31.3184,23.56,25.25,2950,15022302.0,4.580885490132121e-05
2023-12-11,10:15:18,31.322,23.56,25.25,2952,15022299.0,4.566255309006328e-05
2023-12-11,10:15:18,31.3255,23.56,25.25,2952,15022301.0,4.566255309006328e-05
2023-12-11,10:15:18,31.329,23.56,25.25,2950,15022304.0,4.580885490132121e-05
2023-12-11,10:15:18,31.3362,23.56,25.25,2949,15022300.0,4.58821814936108e-05
2023-12-11,10:15:18,31.3396,23.56,25.25,2951,15022302.0,4.573564549589943e-05
2023-12-11,10:15:18,31.3432,23.56,25.25,2951,15022300.0,4.573564549589943e-05
2023-12-11,10:15:18,31.3468,23.56,25.25,2951,15022300.0,4.573564549589943e-05
2023-12-11,10:15:18,31.3504,23.56,25.25,2949,15022302.0,4.58821814936108e-05
2023-12-11,10:15:18,31.354,23.56,25.25,2948,15022300.0,4.595562546035009e-05
2023-12-11,10:15:18,31.3575,23.56,25.25,2950,15022298.0,4.580885490132121e-05
2023-12-11,10:15:18,31.3646,23.56,25.25,2951,15022303.0,4.573564549589943e-05
2023-12-11,10:15:18,31.3682,23.56,25.25,2949,15022299.0,4.58821814936108e-05
2023-12-11,10:15:18,31.3719,23.56,25.25,2951,15022299.0,4.573564549589943e-05
2023-12-11,10:15:18,31.3753,23.56,25.25,2953,15022301.0,4.558957749682996e-05
2023-12-11,10:15:18,31.3788,23.56,25.25,2952,15022299.0,4.566255309006328e-05
2023-12-11,10:15:18,31.3824,23.56,25.25,2950,15022299.0,4.580885490132121e-05
2023-12-11,10:15:18,31.386,23.56,25.25,2948,15022302.0,4.595562546035009e-05
2023-12-11,10:15:18,31.3897,23.56,25.25,2949,15022302.0,4.58821814936108e-05
2023-12-11,10:15:18,31.3967,23.56,25.25,2952,15022301.0,4.566255309006328e-05
2023-12-11,10:15:18,31.4003,23.56,25.25,2950,15022302.0,4.580885490132121e-05
2023-12-11,10:15:18,31.4037,23.56,25.25,2947,15022299.0,4.602918698942135e-05
2023-12-11,10:15:18,31.4073,23.56,25.25,2948,15022299.0,4.595562546035009e-05
2023-12-11,10:15:18,31.411,23.56,25.25,2951,15022302.0,4.573564549589943e-05
2023-12-11,10:15:18,31.4146,23.56,25.25,2952,15022301.0,4.566255309006328e-05
2023-12-11,10:15:18,31.4181,23.56,25.25,2951,15022300.0,4.573564549589943e-05
2023-12-11,10:15:18,31.4217,23.56,25.25,2948,15022302.0,4.595562546035009e-05
2023-12-11,10:15:18,31.4252,23.56,25.25,2948,15022302.0,4.595562546035009e-05
2023-12-11,10:15:18,31.4323,23.56,25.25,2951,15022302.0,4.573564549589943e-05
2023-12-11,10:15:18,31.4359,23.56,25.25,2950,15022303.0,4.580885490132121e-05
2023-12-11,10:15:18,31.4395,23.56,25.25,2947,15022300.0,4.602918698942135e-05
2023-12-11,10:15:18,31.443,23.56,25.25,2948,15022300.0,4.595562546035009e-05
2023-12-11,10:15:18,31.4468,23.56,25.25,2951,15022302.0,4.573564549589943e-05
2023-12-11,10:15:18,31.4503,23.56,25.25,2952,15022300.0,4.566255309006328e-05
2023-12-11,10:15:18,31.4537,23.56,25.25,2951,15022299.0,4.573564549589943e-05
2023-12-11,10:15:18,31.4572,23.56,25.25,2948,15022302.0,4.595562546035009e-05
2023-12-11,10:15:18,31.4643,23.56,25.25,2950,15022301.0,4.580885490132121e-05
2023-12-11,10:15:18,31.4679,23.56,25.25,2951,15022302.0,4.573564549589943e-05
2023-12-11,10:15:18,31.4715,23.56,25.25,2950,15022302.0,4.580885490132121e-05
2023-12-11,10:15:18,31.475,23.56,25.25,2950,15022300.0,4.580885490132121e-05
2023-12-11,10:15:18,31.4786,23.56,25.25,2949,15022301.0,4.58821814936108e-05
2023-12-11,10:15:18,31.4822,23.56,25.25,2949,15022303.0,4.58821814936108e-05
2023-12-11,10:15:18,31.4858,23.56,25.25,2950,15022300.0,4.580885490132121e-05
2023-12-11,10:15:18,31.4927,23.56,25.25,2949,15022305.0,4.58821814936108e-05
2023-12-11,10:15:18,31.4963,23.56,25.25,2948,15022302.0,4.595562546035009e-05
2023-12-11,10:15:18,31.5,23.56,25.25,2949,15022301.0,4.58821814936108e-05
2023-12-11,10:15:18,31.5036,23.56,25.25,2950,15022302.0,4.580885490132121e-05
2023-12-11,10:15:18,31.5069,23.56,25.25,2951,15022300.0,4.573564549589943e-05
2023-12-11,10:15:18,31.5105,23.56,25.25,2950,15022299.0,4.580885490132121e-05
2023-12-11,10:15:18,31.5141,23.56,25.25,2948,15022302.0,4.595562546035009e-05
2023-12-11,10:15:18,31.5177,23.56,25.25,2948,15022301.0,4.595562546035009e-05
2023-12-11,10:15:18,31.5248,23.56,25.25,2950,15022298.0,4.580885490132121e-05
2023-12-11,10:15:18,31.5283,23.56,25.25,2947,15022301.0,4.602918698942135e-05
2023-12-11,10:15:18,31.5319,23.56,25.25,2947,15022300.0,4.602918698942135e-05
2023-12-11,10:15:18,31.5355,23.56,25.25,2949,15022300.0,4.58821814936108e-05
2023-12-11,10:15:18,31.539,23.56,25.25,2950,15022302.0,4.580885490132121e-05
2023-12-11,10:15:18,31.5426,23.56,25.25,2951,15022299.0,4.573564549589943e-05
2023-12-11,10:15:18,31.5462,23.56,25.25,2950,15022298.0,4.580885490132121e-05
2023-12-11,10:15:18,31.5498,23.56,25.25,2947,15022301.0,4.602918698942135e-05
2023-12-11,10:15:18,31.5568,23.56,25.25,2949,15022301.0,4.58821814936108e-05
2023-12-11,10:15:18,31.5603,23.56,25.25,2949,15022301.0,4.58821814936108e-05
2023-12-11,10:15:18,31.5637,23.56,25.25,2947,15022302.0,4.602918698942135e-05
2023-12-11,10:15:18,31.5673,23.56,25.25,2945,15022299.0,4.617666348759261e-05
2023-12-11,10:15:18,31.571,23.56,25.25,2947,15022298.0,4.602918698942135e-05
2023-12-11,10:15:18,31.5746,23.56,25.25,2950,15022302.0,4.580885490132121e-05
2023-12-11,10:15:18,31.5781,23.56,25.25,2950,15022300.0,4.580885490132121e-05
2023-12-11,10:15:18,31.5815,23.56,25.25,2948,15022299.0,4.595562546035009e-05
2023-12-11,10:15:18,31.5888,23.56,25.25,2947,15022300.0,4.602918698942135e-05
2023-12-11,10:15:18,31.5925,23.56,25.25,2949,15022298.0,4.58821814936108e-05
2023-12-11,10:15:18,31.5961,23.56,25.25,2949,15022300.0,4.58821814936108e-05
2023-12-11,10:15:18,31.5996,23.56,25.25,2947,15022299.0,4.602918698942135e-05
2023-12-11,10:15:18,31.603,23.56,25.25,2946,15022297.0,4.610286626900744e-05
2023-12-11,10:15:18,31.6066,23.56,25.25,2947,15022299.0,4.602918698942135e-05
2023-12-11,10:15:18,31.6102,23.56,25.25,2949,15022302.0,4.58821814936108e-05
2023-12-11,10:15:18,31.6138,23.56,25.25,2949,15022300.0,4.58821814936108e-05
2023-12-11,10:15:18,31.6208,23.56,25.25,2945,15022303.0,4.617666348759261e-05
2023-12-11,10:15:18,31.6244,23.5,25.25,2946,15022301.0,4.610286626900744e-05
2023-12-11,10:15:18,31.628,23.5,25.25,2949,15022298.0,4.58821814936108e-05
2023-12-11,10:15:18,31.6315,23.5,25.25,2949,15022299.0,4.58821814936108e-05
2023-12-11,10:15:18,31.635,23.5,25.25,2948,15022300.0,4.595562546035009e-05
2023-12-11,10:15:18,31.6386,23.5,25.25,2947,15022298.0,4.602918698942135e-05
2023-12-11,10:15:18,31.6422,23.5,25.25,2947,15022300.0,4.602918698942135e-05
2023-12-11,10:15:18,31.6457,23.5,25.25,2948,15022301.0,4.595562546035009e-05
2023-12-11,10:15:18,31.6527,23.5,25.25,2948,15022297.0,4.595562546035009e-05
2023-12-11,10:15:18,31.6563,23.5,25.25,2947,15022300.0,4.602918698942135e-05
2023-12-11,10:15:18,31.6599,23.5,25.25,2946,15022299.0,4.610286626900744e-05
2023-12-11,10:15:18,31.6635,23.5,25.25,2947,15022298.0,4.602918698942135e-05
2023-12-11,10:15:18,31.667,23.5,25.25,2948,15022299.0,4.595562546035009e-05
2023-12-11,10:15:18,31.6706,23.5,25.25,2948,15022300.0,4.595562546035009e-05
2023-12-11,10:15:18,31.6742,23.5,25.25,2948,15022299.0,4.595562546035009e-05
2023-12-11,10:15:18,31.6778,23.5,25.25,2947,15022300.0,4.602918698942135e-05
2023-12-11,10:15:18,31.685,23.5,25.25,2949,15022299.0,4.58821814936108e-05
2023-12-11,10:15:18,31.6884,23.5,25.25,2948,15022298.0,4.595562546035009e-05
2023-12-11,10:15:18,31.6919,23.5,25.25,2945,15022301.0,4.617666348759261e-05
2023-12-11,10:15:18,31.6956,23.5,25.25,2944,15022298.0,4.625057883396267e-05
2023-12-11,10:15:18,31.6993,23.5,25.25,2946,15022297.0,4.610286626900744e-05
2023-12-11,10:15:18,31.7029,23.5,25.25,2948,15022299.0,4.595562546035009e-05
2023-12-11,10:15:18,31.7063,23.5,25.25,2947,15022297.0,4.602918698942135e-05
2023-12-11,10:15:18,31.7098,23.5,25.25,2946,15022297.0,4.610286626900744e-05
2023-12-11,10:15:18,31.717,23.5,25.25,2948,15022300.0,4.595562546035009e-05
2023-12-11,10:15:18,31.7205,23.5,25.25,2948,15022297.0,4.595562546035009e-05
2023-12-11,10:15:18,31.724,23.5,25.25,2946,15022296.0,4.610286626900744e-05
2023-12-11,10:15:18,31.7275,23.5,25.25,2945,15022299.0,4.617666348759261e-05
2023-12-11,10:15:18,31.731,23.5,25.25,2946,15022299.0,4.610286626900744e-05
2023-12-11,10:15:18,31.7346,23.5,25.25,2947,15022298.0,4.602918698942135e-05
2023-12-11,10:15:18,31.7382,23.5,25.25,2949,15022299.0,4.58821814936108e-05
2023-12-11,10:15:18,31.7417,23.5,25.25,2948,15022299.0,4.595562546035009e-05
2023-12-11,10:15:18,31.7488,23.5,25.25,2946,15022300.0,4.610286626900744e-05
2023-12-11,10:15:18,31.7523,23.5,25.25,2946,15022299.0,4.610286626900744e-05
2023-12-11,10:15:18,31.7559,23.5,25.25,2947,15022298.0,4.602918698942135e-05
2023-12-11,10:15:18,31.7595,23.5,25.25,2947,15022297.0,4.602918698942135e-05
2023-12-11,10:15:18,31.763,23.5,25.25,2946,15022297.0,4.610286626900744e-05
2023-12-11,10:15:18,31.7666,23.5,25.25,2946,15022296.0,4.610286626900744e-05
2023-12-11,10:15:18,31.7701,23.5,25.25,2946,15022297.0,4.610286626900744e-05
2023-12-11,10:15:18,31.7737,23.5,25.25,2946,15022299.0,4.610286626900744e-05
2023-12-11,10:15:18,31.7808,23.5,25.25,2944,15022296.0,4.625057883396267e-05
2023-12-11,10:15:18,31.7845,23.5,25.25,2944,15022299.0,4.625057883396267e-05
2023-12-11,10:15:18,31.7881,23.5,25.25,2946,15022298.0,4.610286626900744e-05
2023-12-11,10:15:18,31.7916,23.5,25.25,2947,15022296.0,4.602918698942135e-05
2023-12-11,10:15:18,31.795,23.5,25.25,2947,15022298.0,4.602918698942135e-05
2023-12-11,10:15:18,31.7986,23.5,25.25,2945,15022299.0,4.617666348759261e-05
2023-12-11,10:15:18,31.8022,23.5,25.25,2944,15022297.0,4.625057883396267e-05
2023-12-11,10:15:18,31.8058,23.5,25.25,2945,15022297.0,4.617666348759261e-05
2023-12-11,10:15:18,31.813,23.5,25.25,2946,15022297.0,4.610286626900744e-05
2023-12-11,10:15:18,31.8164,23.5,25.25,2945,15022296.0,4.617666348759261e-05
2023-12-11,10:15:18,31.8199,23.5,25.25,2945,15022299.0,4.617666348759261e-05
2023-12-11,10:15:18,31.8235,23.5,25.25,2945,15022298.0,4.617666348759261e-05
2023-12-11,10:15:18,31.827,23.5,25.25,2946,15022296.0,4.610286626900744e-05
2023-12-11,10:15:18,31.8308,23.5,25.25,2947,15022298.0,4.602918698942135e-05
2023-12-11,10:15:18,31.8343,23.5,25.25,2945,15022298.0,4.617666348759261e-05
2023-12-11,10:15:18,31.8378,23.5,25.25,2944,15022297.0,4.625057883396267e-05
2023-12-11,10:15:18,31.845,23.5,25.25,2946,15022297.0,4.610286626900744e-05
2023-12-11,10:15:18,31.8484,23.5,25.25,2946,15022298.0,4.610286626900744e-05
2023-12-11,10:15:18,31.852,23.5,25.25,2945,15022297.0,4.617666348759261e-05
2023-12-11,10:15:18,31.8557,23.5,25.25,2945,15022298.0,4.617666348759261e-05
2023-12-11,10:15:18,31.8592,23.5,25.25,2945,15022298.0,4.617666348759261e-05
2023-12-11,10:15:18,31.8626,23.5,25.25,2946,15022296.0,4.610286626900744e-05
2023-12-11,10:15:18,31.8662,23.5,25.25,2947,15022297.0,4.602918698942135e-05
2023-12-11,10:15:18,31.8698,23.5,25.25,2945,15022298.0,4.617666348759261e-05
2023-12-11,10:15:18,31.877,23.5,25.25,2945,15022299.0,4.617666348759261e-05
2023-12-11,10:15:18,31.8805,23.5,25.25,2946,15022298.0,4.610286626900744e-05
2023-12-11,10:15:18,31.8841,23.5,25.25,2947,15022297.0,4.602918698942135e-05
2023-12-11,10:15:18,31.8877,23.5,25.25,2946,15022296.0,4.610286626900744e-05
2023-12-11,10:15:18,31.8913,23.5,25.25,2944,15022298.0,4.625057883396267e-05
2023-12-11,10:15:18,31.8948,23.5,25.25,2944,15022298.0,4.625057883396267e-05
2023-12-11,10:15:18,31.8982,23.5,25.25,2946,15022297.0,4.610286626900744e-05
2023-12-11,10:15:18,31.9018,23.5,25.25,2948,15022299.0,4.595562546035009e-05
2023-12-11,10:15:18,31.909,23.5,25.25,2944,15022296.0,4.625057883396267e-05
2023-12-11,10:15:18,31.9125,23.5,25.25,2945,15022298.0,4.617666348759261e-05
2023-12-11,10:15:18,31.9161,23.5,25.25,2946,15022300.0,4.610286626900744e-05
2023-12-11,10:15:18,31.9197,23.5,25.25,2947,15022298.0,4.602918698942135e-05
2023-12-11,10:15:18,31.9232,23.5,25.25,2947,15022297.0,4.602918698942135e-05
2023-12-11,10:15:18,31.9266,23.5,25.25,2945,15022299.0,4.617666348759261e-05
2023-12-11,10:15:18,31.9302,23.5,25.25,2944,15022298.0,4.625057883396267e-05
2023-12-11,10:15:18,31.9338,23.5,25.25,2946,15022295.0,4.610286626900744e-05
2023-12-11,10:15:18,31.941,23.5,25.25,2946,15022297.0,4.610286626900744e-05
2023-12-11,10:15:18,31.9445,23.5,25.25,2945,15022297.0,4.617666348759261e-05
2023-12-11,10:15:18,31.9481,23.5,25.25,2945,15022298.0,4.617666348759261e-05
2023-12-11,10:15:18,31.9517,23.5,25.25,2945,15022298.0,4.617666348759261e-05
2023-12-11,10:15:18,31.9552,23.5,25.25,2945,15022297.0,4.617666348759261e-05
2023-12-11,10:15:18,31.9586,23.5,25.25,2945,15022297.0,4.617666348759261e-05
2023-12-11,10:15:18,31.9622,23.5,25.25,2944,15022298.0,4.625057883396267e-05
2023-12-11,10:15:18,31.9694,23.5,25.25,2948,15022297.0,4.595562546035009e-05
2023-12-11,10:15:18,31.973,23.5,25.25,2947,15022296.0,4.602918698942135e-05
2023-12-11,10:15:18,31.9765,23.5,25.25,2945,15022297.0,4.617666348759261e-05
2023-12-11,10:15:18,31.9801,23.5,25.25,2945,15022296.0,4.617666348759261e-05
2023-12-11,10:15:18,31.9836,23.5,25.25,2945,15022298.0,4.617666348759261e-05
2023-12-11,10:15:18,31.9872,23.5,25.25,2945,15022298.0,4.617666348759261e-05
2023-12-11,10:15:18,31.9908,23.5,25.25,2945,15022296.0,4.617666348759261e-05
2023-12-11,10:15:18,31.9942,23.5,25.25,2946,15022296.0,4.610286626900744e-05
2023-12-11,10:15:18,32.0014,23.5,25.25,2944,15022296.0,4.625057883396267e-05
2023-12-11,10:15:18,32.005,23.5,25.25,2944,15022298.0,4.625057883396267e-05
2023-12-11,10:15:18,32.0085,23.5,25.25,2947,15022298.0,4.602918698942135e-05
2023-12-11,10:15:18,32.0121,23.5,25.25,2946,15022298.0,4.610286626900744e-05
2023-12-11,10:15:18,32.0157,23.5,25.25,2944,15022297.0,4.625057883396267e-05
2023-12-11,10:15:18,32.0193,23.5,25.25,2945,15022297.0,4.617666348759261e-05
2023-12-11,10:15:18,32.0228,23.5,25.25,2945,15022296.0,4.617666348759261e-05
2023-12-11,10:15:18,32.0262,23.5,25.25,2945,15022296.0,4.617666348759261e-05
2023-12-11,10:15:18,32.0334,23.5,25.25,2944,15022298.0,4.625057883396267e-05
2023-12-11,10:15:18,32.0371,23.5,25.25,2944,15022298.0,4.625057883396267e-05
2023-12-11,10:15:18,32.0407,23.5,25.25,2944,15022299.0,4.625057883396267e-05
2023-12-11,10:15:18,32.0441,23.5,25.25,2945,15022298.0,4.617666348759261e-05
2023-12-11,10:15:18,32.0476,23.5,25.25,2946,15022295.0,4.610286626900744e-05
2023-12-11,10:15:18,32.051,23.5,25.25,2945,15022295.0,4.617666348759261e-05
2023-12-11,10:15:18,32.0546,23.5,25.25,2944,15022299.0,4.625057883396267e-05
2023-12-11,10:15:18,32.0583,23.5,25.25,2943,15022298.0,4.632461249720576e-05
2023-12-11,10:15:18,32.0654,23.5,25.25,2947,15022295.0,4.602918698942135e-05
2023-12-11,10:15:18,32.0688,23.5,25.25,2946,15022296.0,4.610286626900744e-05
2023-12-11,10:15:18,32.0724,23.5,25.25,2945,15022296.0,4.617666348759261e-05
2023-12-11,10:15:18,32.0761,23.5,25.25,2944,15022297.0,4.625057883396267e-05
2023-12-11,10:15:18,32.0796,23.5,25.25,2945,15022298.0,4.617666348759261e-05
2023-12-11,10:15:18,32.0832,23.5,25.25,2945,15022296.0,4.617666348759261e-05
2023-12-11,10:15:18,32.0869,23.5,25.25,2944,15022296.0,4.625057883396267e-05
2023-12-11,10:15:18,32.0903,23.5,25.25,2945,15022296.0,4.617666348759261e-05
2023-12-11,10:15:18,32.0974,23.5,25.25,2946,15022297.0,4.610286626900744e-05
2023-12-11,10:15:18,32.1008,23.5,25.25,2947,15022296.0,4.602918698942135e-05
2023-12-11,10:15:18,32.1043,23.5,25.25,2945,15022297.0,4.617666348759261e-05
2023-12-11,10:15:18,32.108,23.5,25.25,2945,15022297.0,4.617666348759261e-05
2023-12-11,10:15:18,32.1116,23.5,25.25,2945,15022297.0,4.617666348759261e-05
2023-12-11,10:15:18,32.115,23.5,25.25,2945,15022297.0,4.617666348759261e-05
2023-12-11,10:15:18,32.1186,23.5,25.25,2947,15022294.0,4.602918698942135e-05
2023-12-11,10:15:18,32.1222,23.5,25.25,2946,15022295.0,4.610286626900744e-05
2023-12-11,10:15:18,32.1292,23.5,25.25,2943,15022296.0,4.632461249720576e-05
2023-12-11,10:15:18,32.1328,23.5,25.25,2943,15022296.0,4.632461249720576e-05
2023-12-11,10:15:18,32.1364,23.5,25.25,2945,15022297.0,4.617666348759261e-05
2023-12-11,10:15:18,32.14,23.5,25.25,2945,15022296.0,4.617666348759261e-05
2023-12-11,10:15:18,32.1435,23.5,25.25,2944,15022297.0,4.625057883396267e-05
2023-12-11,10:15:18,32.147,23.5,25.25,2945,15022298.0,4.617666348759261e-05
2023-12-11,10:15:18,32.1506,23.5,25.25,2945,15022297.0,4.617666348759261e-05
2023-12-11,10:15:18,32.1542,23.5,25.25,2946,15022294.0,4.610286626900744e-05
2023-12-11,10:15:18,32.1611,23.5,25.25,2945,15022297.0,4.617666348759261e-05
2023-12-11,10:15:18,32.1647,23.5,25.25,2944,15022295.0,4.625057883396267e-05
2023-12-11,10:15:18,32.1684,23.5,25.25,2945,15022297.0,4.617666348759261e-05
2023-12-11,10:15:18,32.172,23.5,25.25,2945,15022298.0,4.617666348759261e-05
2023-12-11,10:15:18,32.1755,23.5,25.25,2945,15022296.0,4.617666348759261e-05
2023-12-11,10:15:18,32.179,23.5,25.25,2945,15022297.0,4.617666348759261e-05
2023-12-11,10:15:18,32.1826,23.5,25.25,2944,15022298.0,4.625057883396267e-05
2023-12-11,10:15:18,32.1862,23.5,25.25,2943,15022297.0,4.632461249720576e-05
2023-12-11,10:15:18,32.1934,23.5,25.25,2944,15022294.0,4.625057883396267e-05
2023-12-11,10:15:18,32.197,23.5,25.25,2945,15022295.0,4.617666348759261e-05
2023-12-11,10:15:18,32.2004,23.5,25.25,2945,15022295.0,4.617666348759261e-05
2023-12-11,10:15:18,32.204,23.5,25.25,2944,15022296.0,4.625057883396267e-05
2023-12-11,10:15:18,32.2077,23.5,25.25,2944,15022297.0,4.625057883396267e-05
2023-12-11,10:15:18,32.2113,23.5,25.25,2945,15022294.0,4.617666348759261e-05
2023-12-11,10:15:18,32.2148,23.5,25.25,2945,15022295.0,4.617666348759261e-05
2023-12-11,10:15:18,32.2182,23.5,25.25,2945,15022296.0,4.617666348759261e-05
2023-12-11,10:15:18,32.2254,23.5,25.25,2944,15022296.0,4.625057883396267e-05
2023-12-11,10:15:18,32.2288,23.5,25.25,2945,15022297.0,4.617666348759261e-05
2023-12-11,10:15:18,32.2323,23.5,25.25,2946,15022296.0,4.610286626900744e-05
2023-12-11,10:15:18,32.2359,23.5,25.25,2945,15022296.0,4.617666348759261e-05
2023-12-11,10:15:18,32.2395,23.5,25.25,2944,15022297.0,4.625057883396267e-05
2023-12-11,10:15:18,32.243,23.5,25.25,2945,15022298.0,4.617666348759261e-05
2023-12-11,10:15:18,32.2465,23.5,25.25,2946,15022296.0,4.610286626900744e-05
2023-12-11,10:15:18,32.2537,23.5,25.25,2944,15022299.0,4.625057883396267e-05
2023-12-11,10:15:18,32.2571,23.5,25.25,2944,15022297.0,4.625057883396267e-05
2023-12-11,10:15:18,32.2608,23.5,25.25,2945,15022295.0,4.617666348759261e-05
2023-12-11,10:15:18,32.2644,23.5,25.25,2946,15022296.0,4.610286626900744e-05
2023-12-11,10:15:18,32.2679,23.5,25.25,2946,15022295.0,4.610286626900744e-05
2023-12-11,10:15:18,32.2715,23.5,25.25,2944,15022295.0,4.625057883396267e-05
2023-12-11,10:15:18,32.275,23.5,25.25,2943,15022297.0,4.632461249720576e-05
2023-12-11,10:15:18,32.2786,23.5,25.25,2945,15022298.0,4.617666348759261e-05
2023-12-11,10:15:18,32.2858,23.5,25.25,2946,15022295.0,4.610286626900744e-05
2023-12-11,10:15:19,32.2894,23.5,25.25,2945,15022298.0,4.617666348759261e-05
2023-12-11,10:15:19,32.2928,23.5,25.25,2943,15022297.0,4.632461249720576e-05
2023-12-11,10:15:19,32.2963,23.5,25.25,2943,15022296.0,4.632461249720576e-05
2023-12-11,10:15:19,32.2999,23.5,25.25,2944,15022296.0,4.625057883396267e-05
2023-12-11,10:15:19,32.3035,23.5,25.25,2945,15022296.0,4.617666348759261e-05
2023-12-11,10:15:19,32.307,23.5,25.25,2945,15022296.0,4.617666348759261e-05
2023-12-11,10:15:19,32.3106,23.5,25.25,2944,15022297.0,4.625057883396267e-05
2023-12-11,10:15:19,32.3178,23.5,25.25,2944,15022296.0,4.625057883396267e-05
2023-12-11,10:15:19,32.3214,23.5,25.25,2945,15022296.0,4.617666348759261e-05
2023-12-11,10:15:19,32.3248,23.5,25.25,2944,15022298.0,4.625057883396267e-05
2023-12-11,10:15:19,32.3284,23.5,25.25,2943,15022297.0,4.632461249720576e-05
2023-12-11,10:15:19,32.332,23.5,25.25,2944,15022296.0,4.625057883396267e-05
2023-12-11,10:15:19,32.3355,23.5,25.25,2945,15022296.0,4.617666348759261e-05
2023-12-11,10:15:19,32.339,23.5,25.25,2944,15022295.0,4.625057883396267e-05
2023-12-11,10:15:19,32.3425,23.5,25.25,2943,15022295.0,4.632461249720576e-05
2023-12-11,10:15:19,32.3497,23.5,25.25,2944,15022297.0,4.625057883396267e-05
2023-12-11,10:15:19,32.3531,23.5,25.25,2945,15022296.0,4.617666348759261e-05
2023-12-11,10:15:19,32.3567,23.5,25.25,2945,15022296.0,4.617666348759261e-05
2023-12-11,10:15:19,32.3603,23.5,25.25,2944,15022296.0,4.625057883396267e-05
2023-12-11,10:15:19,32.3639,23.5,25.25,2944,15022296.0,4.625057883396267e-05
2023-12-11,10:15:19,32.3675,23.5,25.25,2944,15022296.0,4.625057883396267e-05
2023-12-11,10:15:19,32.371,23.5,25.25,2944,15022296.0,4.625057883396267e-05
2023-12-11,10:15:19,32.3745,23.5,25.25,2944,15022296.0,4.625057883396267e-05
2023-12-11,10:15:19,32.3817,23.5,25.25,2945,15022297.0,4.617666348759261e-05
2023-12-11,10:15:19,32.3854,23.5,25.25,2945,15022296.0,4.617666348759261e-05
2023-12-11,10:15:19,32.389,23.5,25.25,2943,15022296.0,4.632461249720576e-05
2023-12-11,10:15:19,32.3924,23.5,25.25,2943,15022297.0,4.632461249720576e-05
2023-12-11,10:15:19,32.3959,23.5,25.25,2943,15022297.0,4.632461249720576e-05
2023-12-11,10:15:19,32.3995,23.5,25.25,2944,15022297.0,4.625057883396267e-05
2023-12-11,10:15:19,32.4032,23.5,25.25,2945,15022297.0,4.617666348759261e-05
2023-12-11,10:15:19,32.4068,23.5,25.25,2945,15022297.0,4.617666348759261e-05
2023-12-11,10:15:19,32.4137,23.5,25.25,2944,15022296.0,4.625057883396267e-05
2023-12-11,10:15:19,32.4171,23.5,25.25,2943,15022298.0,4.632461249720576e-05
2023-12-11,10:15:19,32.4208,23.5,25.25,2943,15022297.0,4.632461249720576e-05
2023-12-11,10:15:19,32.4244,23.5,25.25,2944,15022295.0,4.625057883396267e-05
2023-12-11,10:15:19,32.4279,23.5,25.25,2943,15022295.0,4.632461249720576e-05
2023-12-11,10:15:19,32.4315,23.5,25.25,2943,15022295.0,4.632461249720576e-05
2023-12-11,10:15:19,32.435,23.5,25.25,2944,15022297.0,4.625057883396267e-05
2023-12-11,10:15:19,32.4386,23.5,25.25,2944,15022297.0,4.625057883396267e-05
2023-12-11,10:15:19,32.4458,23.5,25.25,2944,15022297.0,4.625057883396267e-05
2023-12-11,10:15:19,32.4494,23.5,25.25,2944,15022297.0,4.625057883396267e-05
2023-12-11,10:15:19,32.453,23.5,25.25,2943,15022298.0,4.632461249720576e-05
2023-12-11,10:15:19,32.4565,23.5,25.25,2942,15022296.0,4.639876466671254e-05
2023-12-11,10:15:19,32.46,23.5,25.25,2943,15022296.0,4.632461249720576e-05
2023-12-11,10:15:19,32.4635,23.5,25.25,2944,15022297.0,4.625057883396267e-05
2023-12-11,10:15:19,32.467,23.5,25.25,2944,15022297.0,4.625057883396267e-05
2023-12-11,10:15:19,32.4706,23.5,25.25,2944,15022299.0,4.625057883396267e-05
2023-12-11,10:15:19,32.4778,23.5,25.25,2944,15022295.0,4.625057883396267e-05
2023-12-11,10:15:19,32.4814,23.5,25.25,2944,15022296.0,4.625057883396267e-05
2023-12-11,10:15:19,32.485,23.5,25.25,2943,15022297.0,4.632461249720576e-05
2023-12-11,10:15:19,32.4884,23.5,25.25,2943,15022297.0,4.632461249720576e-05
2023-12-11,10:15:19,32.492,23.5,25.25,2943,15022296.0,4.632461249720576e-05
2023-12-11,10:15:19,32.4957,23.5,25.25,2943,15022295.0,4.632461249720576e-05
2023-12-11,10:15:19,32.4993,23.5,25.25,2944,15022296.0,4.625057883396267e-05
2023-12-11,10:15:19,32.5028,23.5,25.25,2944,15022296.0,4.625057883396267e-05
2023-12-11,10:15:19,32.5098,23.5,25.25,2942,15022298.0,4.639876466671254e-05
2023-12-11,10:15:19,32.5134,23.5,25.25,2944,15022297.0,4.625057883396267e-05
2023-12-11,10:15:19,32.517,23.5,25.25,2945,15022296.0,4.617666348759261e-05
2023-12-11,10:15:19,32.5204,23.5,25.25,2944,15022297.0,4.625057883396267e-05
2023-12-11,10:15:19,32.5239,23.5,25.25,2944,15022298.0,4.625057883396267e-05
2023-12-11,10:15:19,32.5275,23.5,25.25,2942,15022295.0,4.639876466671254e-05
2023-12-11,10:15:19,32.531,23.5,25.25,2942,15022295.0,4.639876466671254e-05
2023-12-11,10:15:19,32.5346,23.5,25.25,2944,15022298.0,4.625057883396267e-05
2023-12-11,10:15:19,32.5417,23.5,25.25,2942,15022296.0,4.639876466671254e-05
2023-12-11,10:15:19,32.5452,23.5,25.25,2942,15022298.0,4.639876466671254e-05
2023-12-11,10:15:19,32.5488,23.5,25.25,2943,15022298.0,4.632461249720576e-05
2023-12-11,10:15:19,32.5523,23.5,25.25,2944,15022296.0,4.625057883396267e-05
2023-12-11,10:15:19,32.5559,23.5,25.25,2944,15022297.0,4.625057883396267e-05
2023-12-11,10:15:19,32.5595,23.5,25.25,2944,15022298.0,4.625057883396267e-05
2023-12-11,10:15:19,32.563,23.5,25.25,2943,15022297.0,4.632461249720576e-05
2023-12-11,10:15:19,32.5702,23.5,25.25,2944,15022296.0,4.625057883396267e-05
2023-12-11,10:15:19,32.5737,23.5,25.25,2944,15022296.0,4.625057883396267e-05
2023-12-11,10:15:19,32.5772,23.5,25.25,2943,15022296.0,4.632461249720576e-05
2023-12-11,10:15:19,32.5808,23.5,25.25,2943,15022296.0,4.632461249720576e-05
2023-12-11,10:15:19,32.5843,23.5,25.25,2944,15022298.0,4.625057883396267e-05
2023-12-11,10:15:19,32.5879,23.5,25.25,2944,15022296.0,4.625057883396267e-05
2023-12-11,10:15:19,32.5913,23.5,25.25,2944,15022296.0,4.625057883396267e-05
2023-12-11,10:15:19,32.5948,23.5,25.25,2943,15022297.0,4.632461249720576e-05
2023-12-11,10:15:19,32.6021,23.5,25.25,2944,15022299.0,4.625057883396267e-05
2023-12-11,10:15:19,32.6055,23.5,25.25,2944,15022297.0,4.625057883396267e-05
2023-12-11,10:15:19,32.6092,23.5,25.25,2944,15022295.0,4.625057883396267e-05
2023-12-11,10:15:19,32.6128,23.5,25.25,2943,15022296.0,4.632461249720576e-05
2023-12-11,10:15:19,32.6163,23.5,25.25,2943,15022297.0,4.632461249720576e-05
2023-12-11,10:15:19,32.6199,23.5,25.25,2943,15022296.0,4.632461249720576e-05
2023-12-11,10:15:19,32.6233,23.5,25.25,2943,15022295.0,4.632461249720576e-05
2023-12-11,10:15:19,32.6269,23.5,25.25,2944,15022297.0,4.625057883396267e-05
2023-12-11,10:15:19,32.634,23.5,25.25,2943,15022295.0,4.632461249720576e-05
2023-12-11,10:15:19,32.6375,23.5,25.25,2943,15022297.0,4.632461249720576e-05
2023-12-11,10:15:19,32.6411,23.5,25.25,2943,15022296.0,4.632461249720576e-05
2023-12-11,10:15:19,32.6447,23.5,25.25,2943,15022295.0,4.632461249720576e-05
2023-12-11,10:15:19,32.6482,23.5,25.25,2944,15022296.0,4.625057883396267e-05
2023-12-11,10:15:19,32.6517,23.5,25.25,2943,15022298.0,4.632461249720576e-05
2023-12-11,10:15:19,32.6553,23.5,25.25,2942,15022297.0,4.639876466671254e-05
2023-12-11,10:15:19,32.6588,23.5,25.25,2942,15022296.0,4.639876466671254e-05
2023-12-11,10:15:19,32.666,23.5,25.25,2942,15022297.0,4.639876466671254e-05
2023-12-11,10:15:19,32.6694,23.5,25.25,2942,15022296.0,4.639876466671254e-05
2023-12-11,10:15:19,32.6729,23.5,25.25,2942,15022298.0,4.639876466671254e-05
2023-12-11,10:15:19,32.6764,23.5,25.25,2942,15022299.0,4.639876466671254e-05
2023-12-11,10:15:19,32.68,23.5,25.25,2943,15022297.0,4.632461249720576e-05
2023-12-11,10:15:19,32.6836,23.5,25.25,2944,15022297.0,4.625057883396267e-05
2023-12-11,10:15:19,32.6871,23.5,25.25,2943,15022297.0,4.632461249720576e-05
2023-12-11,10:15:19,32.6944,23.5,25.25,2941,15022297.0,4.647303553217701e-05
2023-12-11,10:15:19,32.6978,23.5,25.25,2943,15022297.0,4.632461249720576e-05
2023-12-11,10:15:19,32.7013,23.5,25.25,2943,15022295.0,4.632461249720576e-05
2023-12-11,10:15:19,32.705,23.5,25.25,2941,15022295.0,4.647303553217701e-05
2023-12-11,10:15:19,32.7086,23.5,25.25,2941,15022296.0,4.647303553217701e-05
2023-12-11,10:15:19,32.712,23.5,25.25,2942,15022297.0,4.639876466671254e-05
2023-12-11,10:15:19,32.7156,23.5,25.25,2943,15022296.0,4.632461249720576e-05
2023-12-11,10:15:19,32.7192,23.5,25.25,2944,15022297.0,4.625057883396267e-05
2023-12-11,10:15:19,32.7261,23.5,25.25,2942,15022296.0,4.639876466671254e-05
2023-12-11,10:15:19,32.7297,23.5,25.25,2942,15022297.0,4.639876466671254e-05
2023-12-11,10:15:19,32.7333,23.5,25.25,2942,15022296.0,4.639876466671254e-05
2023-12-11,10:15:19,32.7369,23.5,25.25,2943,15022295.0,4.632461249720576e-05
2023-12-11,10:15:19,32.7404,23.5,25.25,2942,15022296.0,4.639876466671254e-05
2023-12-11,10:15:19,32.7439,23.5,25.25,2941,15022298.0,4.647303553217701e-05
2023-12-11,10:15:19,32.7474,23.5,25.25,2941,15022297.0,4.647303553217701e-05
2023-12-11,10:15:19,32.7511,23.5,25.25,2941,15022297.0,4.647303553217701e-05
2023-12-11,10:15:19,32.7581,23.5,25.25,2942,15022297.0,4.639876466671254e-05
2023-12-11,10:15:19,32.7617,23.5,25.25,2941,15022295.0,4.647303553217701e-05
2023-12-11,10:15:19,32.7652,23.5,25.25,2942,15022295.0,4.639876466671254e-05
2023-12-11,10:15:19,32.7686,23.5,25.25,2943,15022297.0,4.632461249720576e-05
2023-12-11,10:15:19,32.7722,23.5,25.25,2943,15022295.0,4.632461249720576e-05
2023-12-11,10:15:19,32.7758,23.5,25.25,2943,15022296.0,4.632461249720576e-05
2023-12-11,10:15:19,32.7794,23.5,25.25,2942,15022296.0,4.639876466671254e-05
2023-12-11,10:15:19,32.7829,23.5,25.25,2941,15022296.0,4.647303553217701e-05
2023-12-11,10:15:19,32.79,23.5,25.25,2942,15022297.0,4.639876466671254e-05
2023-12-11,10:15:19,32.7936,23.5,25.25,2942,15022293.0,4.639876466671254e-05
2023-12-11,10:15:19,32.797,23.5,25.25,2942,15022293.0,4.639876466671254e-05
2023-12-11,10:15:19,32.8005,23.5,25.25,2942,15022298.0,4.639876466671254e-05
2023-12-11,10:15:19,32.8042,23.5,25.25,2942,15022296.0,4.639876466671254e-05
2023-12-11,10:15:19,32.8076,23.5,25.25,2942,15022295.0,4.639876466671254e-05
2023-12-11,10:15:19,32.8111,23.5,25.25,2942,15022297.0,4.639876466671254e-05
2023-12-11,10:15:19,32.8184,23.5,25.25,2941,15022295.0,4.647303553217701e-05
2023-12-11,10:15:19,32.8219,23.5,25.25,2941,15022296.0,4.647303553217701e-05
2023-12-11,10:15:19,32.8254,23.5,25.25,2942,15022297.0,4.639876466671254e-05
2023-12-11,10:15:19,32.829,23.5,25.25,2942,15022296.0,4.639876466671254e-05
2023-12-11,10:15:19,32.8325,23.5,25.25,2942,15022296.0,4.639876466671254e-05
2023-12-11,10:15:19,32.8361,23.5,25.25,2941,15022297.0,4.647303553217701e-05
2023-12-11,10:15:19,32.8396,23.5,25.25,2940,15022298.0,4.654742528359661e-05
2023-12-11,10:15:19,32.8431,23.5,25.25,2941,15022299.0,4.647303553217701e-05
2023-12-11,10:15:19,32.8503,23.5,25.25,2941,15022298.0,4.647303553217701e-05
2023-12-11,10:15:19,32.8539,23.5,25.25,2940,15022296.0,4.654742528359661e-05
2023-12-11,10:15:19,32.8573,23.5,25.25,2940,15022296.0,4.654742528359661e-05
2023-12-11,10:15:19,32.8608,23.5,25.25,2940,15022296.0,4.654742528359661e-05
2023-12-11,10:15:19,32.8644,23.5,25.25,2941,15022295.0,4.647303553217701e-05
2023-12-11,10:15:19,32.8679,23.5,25.25,2941,15022296.0,4.647303553217701e-05
2023-12-11,10:15:19,32.8715,23.5,25.25,2940,15022297.0,4.654742528359661e-05
2023-12-11,10:15:19,32.8751,23.5,25.25,2940,15022297.0,4.654742528359661e-05
2023-12-11,10:15:19,32.8821,23.5,25.25,2941,15022295.0,4.647303553217701e-05
2023-12-11,10:15:19,32.8857,23.5,25.25,2941,15022295.0,4.647303553217701e-05
2023-12-11,10:15:19,32.8893,23.5,25.25,2941,15022296.0,4.647303553217701e-05
2023-12-11,10:15:19,32.8926,23.5,25.25,2940,15022298.0,4.654742528359661e-05
2023-12-11,10:15:19,32.8962,23.5,25.25,2941,15022298.0,4.647303553217701e-05
2023-12-11,10:15:19,32.8999,23.5,25.25,2942,15022296.0,4.639876466671254e-05
2023-12-11,10:15:19,32.9035,23.5,25.25,2942,15022297.0,4.639876466671254e-05
2023-12-11,10:15:19,32.9104,23.5,25.25,2941,15022296.0,4.647303553217701e-05
2023-12-11,10:15:19,32.914,23.5,25.25,2940,15022298.0,4.654742528359661e-05
2023-12-11,10:15:19,32.9176,23.5,25.25,2941,15022297.0,4.647303553217701e-05
2023-12-11,10:15:19,32.9211,23.5,25.25,2941,15022296.0,4.647303553217701e-05
2023-12-11,10:15:19,32.9246,23.5,25.25,2940,15022295.0,4.654742528359661e-05
2023-12-11,10:15:19,32.9282,23.5,25.25,2940,15022297.0,4.654742528359661e-05
2023-12-11,10:15:19,32.9317,23.5,25.25,2940,15022299.0,4.654742528359661e-05
2023-12-11,10:15:19,32.9353,23.5,25.25,2941,15022295.0,4.647303553217701e-05
2023-12-11,10:15:19,32.9423,23.5,25.25,2941,15022298.0,4.647303553217701e-05
2023-12-11,10:15:19,32.9458,23.5,25.25,2940,15022295.0,4.654742528359661e-05
2023-12-11,10:15:19,32.9493,23.5,25.25,2941,15022295.0,4.647303553217701e-05
2023-12-11,10:15:19,32.9529,23.5,25.25,2940,15022295.0,4.654742528359661e-05
2023-12-11,10:15:19,32.9565,23.5,25.25,2939,15022295.0,4.662193411127311e-05
2023-12-11,10:15:19,32.9601,23.5,25.25,2940,15022296.0,4.654742528359661e-05
2023-12-11,10:15:19,32.9636,23.5,25.25,2940,15022299.0,4.654742528359661e-05
2023-12-11,10:15:19,32.9671,23.5,25.25,2940,15022300.0,4.654742528359661e-05
2023-12-11,10:15:19,32.9742,23.5,25.25,2941,15022296.0,4.647303553217701e-05
2023-12-11,10:15:19,32.9778,23.5,25.25,2940,15022296.0,4.654742528359661e-05
2023-12-11,10:15:19,32.9813,23.5,25.25,2939,15022296.0,4.662193411127311e-05
2023-12-11,10:15:19,32.9849,23.5,25.25,2940,15022298.0,4.654742528359661e-05
2023-12-11,10:15:19,32.9885,23.5,25.25,2939,15022298.0,4.662193411127311e-05
2023-12-11,10:15:19,32.9921,23.5,25.25,2940,15022295.0,4.654742528359661e-05
2023-12-11,10:15:19,32.9956,23.5,25.25,2940,15022296.0,4.654742528359661e-05
2023-12-11,10:15:19,32.999,23.5,25.25,2939,15022296.0,4.662193411127311e-05
2023-12-11,10:15:19,33.0063,23.5,25.25,2940,15022298.0,4.654742528359661e-05
2023-12-11,10:15:19,33.0098,23.5,25.25,2940,15022296.0,4.654742528359661e-05
2023-12-11,10:15:19,33.0133,23.5,25.25,2940,15022296.0,4.654742528359661e-05
2023-12-11,10:15:19,33.0169,23.5,25.25,2939,15022296.0,4.662193411127311e-05
2023-12-11,10:15:19,33.0205,23.5,25.25,2939,15022298.0,4.662193411127311e-05
2023-12-11,10:15:19,33.024,23.5,25.25,2939,15022298.0,4.662193411127311e-05
2023-12-11,10:15:19,33.0276,23.5,25.25,2939,15022296.0,4.662193411127311e-05
2023-12-11,10:15:19,33.0347,23.5,25.25,2940,15022297.0,4.654742528359661e-05
2023-12-11,10:15:19,33.0382,23.5,25.25,2939,15022296.0,4.662193411127311e-05
2023-12-11,10:15:19,33.0418,23.5,25.25,2939,15022297.0,4.662193411127311e-05
2023-12-11,10:15:19,33.0453,23.5,25.25,2940,15022297.0,4.654742528359661e-05
2023-12-11,10:15:19,33.0489,23.5,25.25,2940,15022295.0,4.654742528359661e-05
2023-12-11,10:15:19,33.0524,23.5,25.25,2939,15022295.0,4.662193411127311e-05
2023-12-11,10:15:19,33.056,23.5,25.25,2938,15022298.0,4.669656220581276e-05
2023-12-11,10:15:19,33.0596,23.5,25.25,2939,15022298.0,4.662193411127311e-05
2023-12-11,10:15:19,33.0666,23.5,25.25,2940,15022295.0,4.654742528359661e-05
2023-12-11,10:15:19,33.0702,23.5,25.25,2939,15022297.0,4.662193411127311e-05
2023-12-11,10:15:19,33.0736,23.5,25.25,2937,15022296.0,4.677130975812698e-05
2023-12-11,10:15:19,33.0771,23.5,25.25,2937,15022297.0,4.677130975812698e-05
2023-12-11,10:15:19,33.0808,23.5,25.25,2938,15022297.0,4.669656220581276e-05
2023-12-11,10:15:19,33.0844,23.5,25.25,2938,15022295.0,4.669656220581276e-05
2023-12-11,10:15:19,33.0878,23.5,25.25,2938,15022296.0,4.669656220581276e-05
2023-12-11,10:15:19,33.0914,23.5,25.25,2938,15022297.0,4.669656220581276e-05
2023-12-11,10:15:19,33.0986,23.5,25.25,2937,15022297.0,4.677130975812698e-05
2023-12-11,10:15:19,33.102,23.5,25.25,2938,15022296.0,4.669656220581276e-05
2023-12-11,10:15:19,33.1055,23.5,25.25,2938,15022293.0,4.669656220581276e-05
2023-12-11,10:15:19,33.1091,23.5,25.25,2940,15022297.0,4.654742528359661e-05
2023-12-11,10:15:19,33.1127,23.5,25.25,2941,15022299.0,4.647303553217701e-05
2023-12-11,10:15:19,33.1161,23.5,25.25,2938,15022297.0,4.669656220581276e-05
2023-12-11,10:15:19,33.1197,23.5,25.25,2938,15022295.0,4.669656220581276e-05
2023-12-11,10:15:19,33.1269,23.5,25.25,2939,15022298.0,4.662193411127311e-05
2023-12-11,10:15:19,33.1303,23.56,25.25,2938,15022297.0,4.669656220581276e-05
2023-12-11,10:15:19,33.1339,23.56,25.25,2938,15022297.0,4.669656220581276e-05
2023-12-11,10:15:19,33.1374,23.56,25.25,2938,15022295.0,4.669656220581276e-05
2023-12-11,10:15:19,33.141,23.56,25.25,2938,15022294.0,4.669656220581276e-05
2023-12-11,10:15:19,33.1445,23.56,25.25,2938,15022296.0,4.669656220581276e-05
2023-12-11,10:15:19,33.148,23.56,25.25,2938,15022298.0,4.669656220581276e-05
2023-12-11,10:15:19,33.1516,23.56,25.25,2937,15022298.0,4.677130975812698e-05
2023-12-11,10:15:19,33.1588,23.56,25.25,2937,15022295.0,4.677130975812698e-05
2023-12-11,10:15:19,33.1622,23.56,25.25,2936,15022295.0,4.684617695943272e-05
2023-12-11,10:15:19,33.1657,23.56,25.25,2937,15022296.0,4.677130975812698e-05
2023-12-11,10:15:19,33.1692,23.56,25.25,2939,15022296.0,4.662193411127311e-05
2023-12-11,10:15:19,33.1728,23.56,25.25,2939,15022296.0,4.662193411127311e-05
2023-12-11,10:15:19,33.1764,23.56,25.25,2937,15022295.0,4.677130975812698e-05
2023-12-11,10:15:19,33.18,23.56,25.25,2936,15022296.0,4.684617695943272e-05
2023-12-11,10:15:19,33.1835,23.56,25.25,2937,15022297.0,4.677130975812698e-05
2023-12-11,10:15:19,33.1905,23.56,25.25,2935,15022297.0,4.692116400125314e-05
2023-12-11,10:15:19,33.1941,23.56,25.25,2937,15022297.0,4.677130975812698e-05
2023-12-11,10:15:19,33.1977,23.56,25.25,2938,15022294.0,4.669656220581276e-05
2023-12-11,10:15:19,33.2012,23.56,25.25,2937,15022295.0,4.677130975812698e-05
2023-12-11,10:15:19,33.2047,23.56,25.25,2936,15022297.0,4.684617695943272e-05
2023-12-11,10:15:19,33.2082,23.56,25.25,2936,15022297.0,4.684617695943272e-05
2023-12-11,10:15:19,33.2117,23.56,25.25,2936,15022296.0,4.684617695943272e-05
2023-12-11,10:15:19,33.2189,23.56,25.25,2938,15022299.0,4.669656220581276e-05
2023-12-11,10:15:19,33.2225,23.56,25.25,2936,15022297.0,4.684617695943272e-05
2023-12-11,10:15:19,33.226,23.56,25.25,2936,15022298.0,4.684617695943272e-05
2023-12-11,10:15:19,33.2295,23.56,25.25,2935,15022296.0,4.692116400125314e-05
2023-12-11,10:15:19,33.2331,23.56,25.25,2935,15022295.0,4.692116400125314e-05
2023-12-11,10:15:19,33.2366,23.56,25.25,2936,15022296.0,4.684617695943272e-05
2023-12-11,10:15:19,33.2402,23.56,25.25,2936,15022297.0,4.684617695943272e-05
2023-12-11,10:15:19,33.2436,23.56,25.25,2936,15022299.0,4.684617695943272e-05
2023-12-11,10:15:19,33.2508,23.56,25.25,2936,15022293.0,4.684617695943272e-05
2023-12-11,10:15:19,33.2542,23.56,25.25,2936,15022294.0,4.684617695943272e-05
2023-12-11,10:15:19,33.2578,23.56,25.25,2936,15022297.0,4.684617695943272e-05
2023-12-11,10:15:19,33.2614,23.56,25.25,2935,15022297.0,4.692116400125314e-05
2023-12-11,10:15:19,33.265,23.56,25.25,2935,15022296.0,4.692116400125314e-05
2023-12-11,10:15:19,33.2684,23.56,25.25,2936,15022295.0,4.684617695943272e-05
2023-12-11,10:15:19,33.2719,23.56,25.25,2936,15022297.0,4.684617695943272e-05
2023-12-11,10:15:19,33.2755,23.56,25.25,2936,15022297.0,4.684617695943272e-05
2023-12-11,10:15:19,33.2828,23.56,25.25,2934,15022297.0,4.699627107541779e-05
2023-12-11,10:15:19,33.2862,23.56,25.25,2935,15022296.0,4.692116400125314e-05
2023-12-11,10:15:20,33.2898,23.56,25.25,2936,15022295.0,4.684617695943272e-05
2023-12-11,10:15:20,33.2934,23.56,25.25,2935,15022297.0,4.692116400125314e-05
2023-12-11,10:15:20,33.2969,23.56,25.25,2934,15022297.0,4.699627107541779e-05
2023-12-11,10:15:20,33.3004,23.56,25.25,2934,15022295.0,4.699627107541779e-05
2023-12-11,10:15:20,33.304,23.56,25.25,2934,15022295.0,4.699627107541779e-05
2023-12-11,10:15:20,33.3109,23.56,25.25,2936,15022296.0,4.684617695943272e-05
2023-12-11,10:15:20,33.3145,23.56,25.25,2935,15022296.0,4.692116400125314e-05
2023-12-11,10:15:20,33.3182,23.56,25.25,2934,15022298.0,4.699627107541779e-05
2023-12-11,10:15:20,33.3217,23.56,25.25,2936,15022297.0,4.684617695943272e-05
2023-12-11,10:15:20,33.3252,23.56,25.25,2937,15022295.0,4.677130975812698e-05
2023-12-11,10:15:20,33.3287,23.56,25.25,2936,15022297.0,4.684617695943272e-05
2023-12-11,10:15:20,33.3322,23.56,25.25,2935,15022299.0,4.692116400125314e-05
2023-12-11,10:15:20,33.3356,23.56,25.25,2934,15022299.0,4.699627107541779e-05
2023-12-11,10:15:20,33.3428,23.56,25.25,2934,15022294.0,4.699627107541779e-05
2023-12-11,10:15:20,33.3464,23.56,25.25,2935,15022294.0,4.692116400125314e-05
2023-12-11,10:15:20,33.3499,23.56,25.25,2935,15022297.0,4.692116400125314e-05
2023-12-11,10:15:20,33.3533,23.56,25.25,2934,15022297.0,4.699627107541779e-05
2023-12-11,10:15:20,33.3569,23.56,25.25,2933,15022296.0,4.707149837406347e-05
2023-12-11,10:15:20,33.3605,23.56,25.25,2933,15022296.0,4.707149837406347e-05
2023-12-11,10:15:20,33.3641,23.56,25.25,2935,15022296.0,4.692116400125314e-05
2023-12-11,10:15:20,33.3711,23.56,25.25,2934,15022295.0,4.699627107541779e-05
2023-12-11,10:15:20,33.3746,23.56,25.25,2935,15022296.0,4.692116400125314e-05
2023-12-11,10:15:20,33.3781,23.56,25.25,2934,15022294.0,4.699627107541779e-05
2023-12-11,10:15:20,33.3817,23.56,25.25,2933,15022294.0,4.707149837406347e-05
2023-12-11,10:15:20,33.3853,23.56,25.25,2934,15022297.0,4.699627107541779e-05
2023-12-11,10:15:20,33.3888,23.56,25.25,2934,15022298.0,4.699627107541779e-05
2023-12-11,10:15:20,33.3922,23.56,25.25,2934,15022297.0,4.699627107541779e-05
2023-12-11,10:15:20,33.3958,23.56,25.25,2933,15022298.0,4.707149837406347e-05
2023-12-11,10:15:20,33.403,23.56,25.25,2933,15022294.0,4.707149837406347e-05
2023-12-11,10:15:20,33.4064,23.56,25.25,2933,15022295.0,4.707149837406347e-05
2023-12-11,10:15:20,33.4099,23.56,25.25,2932,15022296.0,4.714684608963439e-05
2023-12-11,10:15:20,33.4135,23.56,25.25,2932,15022295.0,4.714684608963439e-05
2023-12-11,10:15:20,33.4172,23.56,25.25,2934,15022293.0,4.699627107541779e-05
2023-12-11,10:15:20,33.4208,23.56,25.25,2935,15022296.0,4.692116400125314e-05
2023-12-11,10:15:20,33.4241,23.56,25.25,2934,15022297.0,4.699627107541779e-05
2023-12-11,10:15:20,33.4313,23.56,25.25,2932,15022297.0,4.714684608963439e-05
2023-12-11,10:15:20,33.4347,23.56,25.25,2932,15022294.0,4.714684608963439e-05
2023-12-11,10:15:20,33.4383,23.56,25.25,2933,15022293.0,4.707149837406347e-05
2023-12-11,10:15:20,33.4419,23.56,25.25,2934,15022297.0,4.699627107541779e-05
2023-12-11,10:15:20,33.4455,23.56,25.25,2933,15022298.0,4.707149837406347e-05
2023-12-11,10:15:20,33.4489,23.56,25.25,2931,15022295.0,4.72223144148829e-05
2023-12-11,10:15:20,33.4525,23.56,25.25,2931,15022295.0,4.72223144148829e-05
2023-12-11,10:15:20,33.4561,23.56,25.25,2932,15022296.0,4.714684608963439e-05
2023-12-11,10:15:20,33.463,23.56,25.25,2933,15022295.0,4.707149837406347e-05
2023-12-11,10:15:20,33.4666,23.56,25.25,2931,15022297.0,4.72223144148829e-05
2023-12-11,10:15:20,33.4702,23.56,25.25,2931,15022294.0,4.72223144148829e-05
2023-12-11,10:15:20,33.4736,23.56,25.25,2931,15022293.0,4.72223144148829e-05
2023-12-11,10:15:20,33.4772,23.56,25.25,2932,15022296.0,4.714684608963439e-05
2023-12-11,10:15:20,33.4808,23.56,25.25,2933,15022297.0,4.707149837406347e-05
2023-12-11,10:15:20,33.4844,23.56,25.25,2932,15022296.0,4.714684608963439e-05
2023-12-11,10:15:20,33.488,23.56,25.25,2930,15022295.0,4.72979035428698e-05
2023-12-11,10:15:20,33.4949,23.56,25.25,2932,15022294.0,4.714684608963439e-05
2023-12-11,10:15:20,33.4985,23.56,25.25,2933,15022296.0,4.707149837406347e-05
2023-12-11,10:15:20,33.502,23.56,25.25,2932,15022297.0,4.714684608963439e-05
2023-12-11,10:15:20,33.5055,23.56,25.25,2931,15022295.0,4.72223144148829e-05
2023-12-11,10:15:20,33.5091,23.56,25.25,2930,15022295.0,4.72979035428698e-05
2023-12-11,10:15:20,33.5127,23.56,25.25,2931,15022295.0,4.72223144148829e-05
2023-12-11,10:15:20,33.5161,23.56,25.25,2933,15022294.0,4.707149837406347e-05
2023-12-11,10:15:20,33.5232,23.56,25.25,2930,15022297.0,4.72979035428698e-05
2023-12-11,10:15:20,33.5268,23.56,25.25,2929,15022293.0,4.737361366696506e-05
2023-12-11,10:15:20,33.5303,23.56,25.25,2933,15022291.0,4.707149837406347e-05
2023-12-11,10:15:20,33.5339,23.56,25.25,2935,15022294.0,4.692116400125314e-05
2023-12-11,10:15:20,33.5374,23.56,25.25,2932,15022295.0,4.714684608963439e-05
2023-12-11,10:15:20,33.541,23.56,25.25,2930,15022294.0,4.72979035428698e-05
2023-12-11,10:15:20,33.5444,23.56,25.25,2929,15022295.0,4.737361366696506e-05
2023-12-11,10:15:20,33.5479,23.56,25.25,2930,15022293.0,4.72979035428698e-05
2023-12-11,10:15:20,33.5549,23.56,25.25,2932,15022295.0,4.714684608963439e-05
2023-12-11,10:15:20,33.5584,23.56,25.25,2931,15022298.0,4.72223144148829e-05
2023-12-11,10:15:20,33.562,23.56,25.25,2928,15022294.0,4.744944498084801e-05
2023-12-11,10:15:20,33.5655,23.56,25.25,2928,15022294.0,4.744944498084801e-05
2023-12-11,10:15:20,33.5691,23.56,25.25,2931,15022296.0,4.72223144148829e-05
2023-12-11,10:15:20,33.5726,23.56,25.25,2932,15022295.0,4.714684608963439e-05
2023-12-11,10:15:20,33.576,23.56,25.25,2930,15022295.0,4.72979035428698e-05
2023-12-11,10:15:20,33.5833,23.56,25.25,2929,15022292.0,4.737361366696506e-05
2023-12-11,10:15:20,33.5869,23.56,25.25,2929,15022292.0,4.737361366696506e-05
2023-12-11,10:15:20,33.5904,23.56,25.25,2931,15022297.0,4.72223144148829e-05
2023-12-11,10:15:20,33.5938,23.56,25.25,2931,15022296.0,4.72223144148829e-05
2023-12-11,10:15:20,33.5974,23.56,25.25,2929,15022299.0,4.737361366696506e-05
2023-12-11,10:15:20,33.601,23.56,25.25,2928,15022301.0,4.744944498084801e-05
2023-12-11,10:15:20,33.6044,23.56,25.25,2929,15022296.0,4.737361366696506e-05
2023-12-11,10:15:20,33.608,23.56,25.25,2931,15022293.0,4.72223144148829e-05
2023-12-11,10:15:20,33.6151,23.56,25.25,2928,15022297.0,4.744944498084801e-05
2023-12-11,10:15:20,33.6185,23.56,25.25,2927,15022292.0,4.752539767850818e-05
2023-12-11,10:15:20,33.6221,23.56,25.25,2927,15022291.0,4.752539767850818e-05
2023-12-11,10:15:20,33.6257,23.56,25.25,2929,15022295.0,4.737361366696506e-05
2023-12-11,10:15:20,33.6293,23.56,25.25,2930,15022295.0,4.72979035428698e-05
2023-12-11,10:15:20,33.6327,23.5,25.25,2929,15022294.0,4.737361366696506e-05
2023-12-11,10:15:20,33.6363,23.5,25.25,2927,15022295.0,4.752539767850818e-05
2023-12-11,10:15:20,33.6435,23.5,25.25,2930,15022292.0,4.72979035428698e-05
2023-12-11,10:15:20,33.6469,23.5,25.25,2930,15022294.0,4.72979035428698e-05
2023-12-11,10:15:20,33.6504,23.5,25.25,2928,15022295.0,4.744944498084801e-05
2023-12-11,10:15:20,33.6539,23.5,25.25,2926,15022293.0,4.760147195424543e-05
2023-12-11,10:15:20,33.6574,23.5,25.25,2925,15022293.0,4.767766800267084e-05
2023-12-11,10:15:20,33.6612,23.5,25.25,2927,15022292.0,4.752539767850818e-05
2023-12-11,10:15:20,33.6647,23.5,25.25,2929,15022290.0,4.737361366696506e-05
2023-12-11,10:15:20,33.6682,23.5,25.25,2928,15022293.0,4.744944498084801e-05
2023-12-11,10:15:20,33.6752,23.5,25.25,2925,15022292.0,4.767766800267084e-05
2023-12-11,10:15:20,33.6787,23.5,25.25,2926,15022291.0,4.760147195424543e-05
2023-12-11,10:15:20,33.6823,23.5,25.25,2928,15022294.0,4.744944498084801e-05
2023-12-11,10:15:20,33.6857,23.5,25.25,2929,15022293.0,4.737361366696506e-05
2023-12-11,10:15:20,33.6892,23.5,25.25,2927,15022292.0,4.752539767850818e-05
2023-12-11,10:15:20,33.6928,23.5,25.25,2925,15022294.0,4.767766800267084e-05
2023-12-11,10:15:20,33.6964,23.5,25.25,2926,15022293.0,4.760147195424543e-05
2023-12-11,10:15:20,33.7034,23.5,25.25,2929,15022293.0,4.737361366696506e-05
2023-12-11,10:15:20,33.7068,23.5,25.25,2928,15022294.0,4.744944498084801e-05
2023-12-11,10:15:20,33.7104,23.5,25.25,2925,15022290.0,4.767766800267084e-05
2023-12-11,10:15:20,33.714,23.5,25.25,2924,15022292.0,4.775398601870682e-05
2023-12-11,10:15:20,33.7176,23.5,25.25,2927,15022294.0,4.752539767850818e-05
2023-12-11,10:15:20,33.7212,23.5,25.25,2929,15022291.0,4.737361366696506e-05
2023-12-11,10:15:20,33.7246,23.5,25.25,2928,15022293.0,4.744944498084801e-05
2023-12-11,10:15:20,33.7281,23.5,25.25,2925,15022295.0,4.767766800267084e-05
2023-12-11,10:15:20,33.7353,23.5,25.25,2926,15022290.0,4.760147195424543e-05
2023-12-11,10:15:20,33.7387,23.5,25.25,2928,15022293.0,4.744944498084801e-05
2023-12-11,10:15:20,33.7422,23.5,25.25,2928,15022293.0,4.744944498084801e-05
2023-12-11,10:15:20,33.7458,23.5,25.25,2926,15022292.0,4.760147195424543e-05
2023-12-11,10:15:20,33.7493,23.5,25.25,2924,15022294.0,4.775398601870682e-05
2023-12-11,10:15:20,33.7528,23.5,25.25,2924,15022291.0,4.775398601870682e-05
2023-12-11,10:15:20,33.7563,23.5,25.25,2926,15022289.0,4.760147195424543e-05
2023-12-11,10:15:20,33.7634,23.5,25.25,2926,15022295.0,4.760147195424543e-05
2023-12-11,10:15:20,33.767,23.5,25.25,2923,15022290.0,4.783042619758796e-05
2023-12-11,10:15:20,33.7706,23.5,25.25,2922,15022291.0,4.790698873486118e-05
2023-12-11,10:15:20,33.7742,23.5,25.25,2925,15022294.0,4.767766800267084e-05
2023-12-11,10:15:20,33.7776,23.5,25.25,2928,15022291.0,4.744944498084801e-05
2023-12-11,10:15:20,33.7811,23.5,25.25,2927,15022293.0,4.752539767850818e-05
2023-12-11,10:15:20,33.7847,23.5,25.25,2923,15022295.0,4.783042619758796e-05
2023-12-11,10:15:20,33.7881,23.5,25.25,2922,15022291.0,4.790698873486118e-05
2023-12-11,10:15:20,33.7952,23.5,25.25,2925,15022295.0,4.767766800267084e-05
2023-12-11,10:15:20,33.7988,23.5,25.25,2927,15022290.0,4.752539767850818e-05
2023-12-11,10:15:20,33.8022,23.5,25.25,2926,15022289.0,4.760147195424543e-05
2023-12-11,10:15:20,33.8057,23.5,25.25,2923,15022295.0,4.783042619758796e-05
2023-12-11,10:15:20,33.8094,23.5,25.25,2922,15022290.0,4.790698873486118e-05
2023-12-11,10:15:20,33.813,23.5,25.25,2924,15022288.0,4.775398601870682e-05
2023-12-11,10:15:20,33.8163,23.5,25.25,2926,15022295.0,4.760147195424543e-05
2023-12-11,10:15:20,33.8233,23.5,25.25,2923,15022291.0,4.783042619758796e-05
2023-12-11,10:15:20,33.8269,23.5,25.25,2922,15022292.0,4.790698873486118e-05
2023-12-11,10:15:20,33.8304,23.5,25.25,2923,15022292.0,4.783042619758796e-05
2023-12-11,10:15:20,33.8338,23.5,25.25,2926,15022290.0,4.760147195424543e-05
2023-12-11,10:15:20,33.8374,23.5,25.25,2925,15022293.0,4.767766800267084e-05
2023-12-11,10:15:20,33.841,23.5,25.25,2922,15022293.0,4.790698873486118e-05
2023-12-11,10:15:20,33.8446,23.5,25.25,2921,15022289.0,4.798367382638663e-05
2023-12-11,10:15:20,33.8516,23.5,25.25,2924,15022294.0,4.775398601870682e-05
2023-12-11,10:15:20,33.8552,23.5,25.25,2925,15022293.0,4.767766800267084e-05
2023-12-11,10:15:20,33.8585,23.5,25.25,2924,15022292.0,4.775398601870682e-05
2023-12-11,10:15:20,33.8621,23.5,25.25,2922,15022294.0,4.790698873486118e-05
2023-12-11,10:15:20,33.8658,23.5,25.25,2920,15022290.0,4.806048166833774e-05
2023-12-11,10:15:20,33.8693,23.5,25.25,2923,15022288.0,4.783042619758796e-05
2023-12-11,10:15:20,33.8727,23.5,25.25,2927,15022296.0,4.752539767850818e-05
2023-12-11,10:15:20,33.8796,23.5,25.25,2921,15022288.0,4.798367382638663e-05
2023-12-11,10:15:20,33.8832,23.5,25.25,2920,15022291.0,4.806048166833774e-05
2023-12-11,10:15:20,33.8868,23.5,25.25,2921,15022291.0,4.798367382638663e-05
2023-12-11,10:15:20,33.8904,23.5,25.25,2923,15022289.0,4.783042619758796e-05
2023-12-11,10:15:20,33.8939,23.5,25.25,2923,15022291.0,4.783042619758796e-05
2023-12-11,10:15:20,33.8972,23.5,25.25,2921,15022292.0,4.798367382638663e-05
2023-12-11,10:15:20,33.9008,23.5,25.25,2920,15022289.0,4.806048166833774e-05
2023-12-11,10:15:20,33.9045,23.5,25.25,2920,15022290.0,4.806048166833774e-05
2023-12-11,10:15:20,33.9115,23.5,25.25,2925,15022290.0,4.767766800267084e-05
2023-12-11,10:15:20,33.915,23.5,25.25,2923,15022290.0,4.783042619758796e-05
2023-12-11,10:15:20,33.9184,23.5,25.25,2919,15022294.0,4.81374124572022e-05
2023-12-11,10:15:20,33.9219,23.5,25.25,2918,15022288.0,4.821446638978198e-05
2023-12-11,10:15:20,33.9256,23.5,25.25,2921,15022286.0,4.798367382638663e-05
2023-12-11,10:15:20,33.9292,23.5,25.25,2923,15022293.0,4.783042619758796e-05
2023-12-11,10:15:20,33.9326,23.5,25.25,2922,15022293.0,4.790698873486118e-05
2023-12-11,10:15:20,33.9398,23.5,25.25,2918,15022293.0,4.821446638978198e-05
2023-12-11,10:15:20,33.9433,23.5,25.25,2920,15022292.0,4.806048166833774e-05
2023-12-11,10:15:20,33.9467,23.5,25.25,2922,15022288.0,4.790698873486118e-05
2023-12-11,10:15:20,33.9503,23.5,25.25,2922,15022293.0,4.790698873486118e-05
2023-12-11,10:15:20,33.9538,23.5,25.25,2920,15022294.0,4.806048166833774e-05
2023-12-11,10:15:20,33.9572,23.5,25.25,2916,15022288.0,4.836894447487169e-05
2023-12-11,10:15:20,33.9608,23.5,25.25,2917,15022289.0,4.82916436631943e-05
2023-12-11,10:15:20,33.9644,23.5,25.25,2921,15022293.0,4.798367382638663e-05
2023-12-11,10:15:20,33.9714,23.5,25.25,2920,15022290.0,4.806048166833774e-05
2023-12-11,10:15:20,33.975,23.5,25.25,2918,15022293.0,4.821446638978198e-05
2023-12-11,10:15:20,33.9785,23.5,25.25,2918,15022288.0,4.821446638978198e-05
2023-12-11,10:15:20,33.982,23.5,25.25,2920,15022287.0,4.806048166833774e-05
2023-12-11,10:15:20,33.9855,23.5,25.25,2922,15022292.0,4.790698873486118e-05
2023-12-11,10:15:20,33.9891,23.5,25.25,2921,15022291.0,4.798367382638663e-05
2023-12-11,10:15:20,33.9927,23.5,25.25,2918,15022289.0,4.821446638978198e-05
2023-12-11,10:15:20,33.9997,23.5,25.25,2918,15022293.0,4.821446638978198e-05
2023-12-11,10:15:20,34.0032,23.5,25.25,2920,15022292.0,4.806048166833774e-05
2023-12-11,10:15:20,34.0066,23.5,25.25,2921,15022291.0,4.798367382638663e-05
2023-12-11,10:15:20,34.0102,23.5,25.25,2920,15022291.0,4.806048166833774e-05
2023-12-11,10:15:20,34.0138,23.5,25.25,2917,15022285.0,4.82916436631943e-05
2023-12-11,10:15:20,34.0174,23.5,25.25,2917,15022287.0,4.82916436631943e-05
2023-12-11,10:15:20,34.021,23.5,25.25,2921,15022293.0,4.798367382638663e-05
2023-12-11,10:15:20,34.0279,23.5,25.25,2920,15022288.0,4.806048166833774e-05
2023-12-11,10:15:20,34.0315,23.5,25.25,2917,15022293.0,4.82916436631943e-05
2023-12-11,10:15:20,34.0349,23.5,25.25,2915,15022288.0,4.84463690225629e-05
2023-12-11,10:15:20,34.0385,23.5,25.25,2918,15022286.0,4.821446638978198e-05
2023-12-11,10:15:20,34.0421,23.5,25.25,2921,15022291.0,4.798367382638663e-05
2023-12-11,10:15:20,34.0454,23.5,25.25,2921,15022288.0,4.798367382638663e-05
2023-12-11,10:15:20,34.0489,23.5,25.25,2919,15022287.0,4.81374124572022e-05
2023-12-11,10:15:20,34.056,23.5,25.25,2916,15022287.0,4.836894447487169e-05
2023-12-11,10:15:20,34.0595,23.5,25.25,2918,15022284.0,4.821446638978198e-05
2023-12-11,10:15:20,34.0629,23.5,25.25,2920,15022290.0,4.806048166833774e-05
2023-12-11,10:15:20,34.0664,23.5,25.25,2919,15022291.0,4.81374124572022e-05
2023-12-11,10:15:20,34.0699,23.5,25.25,2916,15022286.0,4.836894447487169e-05
2023-12-11,10:15:20,34.0736,23.5,25.25,2915,15022289.0,4.84463690225629e-05
2023-12-11,10:15:20,34.0772,23.5,25.25,2916,15022292.0,4.836894447487169e-05
2023-12-11,10:15:20,34.0806,23.5,25.25,2918,15022287.0,4.821446638978198e-05
2023-12-11,10:15:20,34.0875,23.5,25.25,2915,15022290.0,4.84463690225629e-05
2023-12-11,10:15:20,34.0911,23.5,25.25,2914,15022286.0,4.852391750433305e-05
2023-12-11,10:15:20,34.0947,23.5,25.25,2914,15022287.0,4.852391750433305e-05
2023-12-11,10:15:20,34.0983,23.5,25.25,2917,15022290.0,4.82916436631943e-05
2023-12-11,10:15:20,34.1019,23.5,25.25,2919,15022286.0,4.81374124572022e-05
2023-12-11,10:15:20,34.1053,23.5,25.25,2918,15022287.0,4.821446638978198e-05
2023-12-11,10:15:20,34.1088,23.5,25.25,2914,15022292.0,4.852391750433305e-05
2023-12-11,10:15:20,34.1159,23.5,25.25,2915,15022286.0,4.84463690225629e-05
2023-12-11,10:15:20,34.1194,23.5,25.25,2917,15022291.0,4.82916436631943e-05
2023-12-11,10:15:20,34.1228,23.5,25.25,2916,15022289.0,4.836894447487169e-05
2023-12-11,10:15:20,34.1263,23.5,25.25,2913,15022285.0,4.86015901185645e-05
2023-12-11,10:15:20,34.1298,23.5,25.25,2912,15022288.0,4.867938706395693e-05
2023-12-11,10:15:20,34.1335,23.5,25.0,2915,15022291.0,4.84463690225629e-05
2023-12-11,10:15:20,34.1371,23.5,25.0,2918,15022287.0,4.821446638978198e-05
2023-12-11,10:15:20,34.144,23.5,25.0,2915,15022291.0,4.84463690225629e-05
2023-12-11,10:15:20,34.1474,23.5,25.0,2913,15022285.0,4.86015901185645e-05
2023-12-11,10:15:20,34.151,23.5,25.0,2914,15022286.0,4.852391750433305e-05
2023-12-11,10:15:20,34.1546,23.5,25.0,2916,15022290.0,4.836894447487169e-05
2023-12-11,10:15:20,34.1582,23.5,25.0,2917,15022287.0,4.82916436631943e-05
2023-12-11,10:15:20,34.1616,23.5,25.0,2916,15022286.0,4.836894447487169e-05
2023-12-11,10:15:20,34.1651,23.5,25.0,2912,15022291.0,4.867938706395693e-05
2023-12-11,10:15:20,34.1687,23.5,25.0,2910,15022289.0,4.883535474461499e-05
2023-12-11,10:15:20,34.1757,23.5,25.0,2917,15022289.0,4.82916436631943e-05
2023-12-11,10:15:20,34.1792,23.5,25.0,2916,15022288.0,4.836894447487169e-05
2023-12-11,10:15:20,34.1826,23.5,25.0,2913,15022285.0,4.86015901185645e-05
2023-12-11,10:15:20,34.1861,23.5,25.0,2911,15022289.0,4.875730853952832e-05
2023-12-11,10:15:20,34.1897,23.5,25.0,2911,15022287.0,4.875730853952832e-05
2023-12-11,10:15:20,34.1934,23.5,25.0,2914,15022284.0,4.852391750433305e-05
2023-12-11,10:15:20,34.1968,23.5,25.0,2916,15022289.0,4.836894447487169e-05
2023-12-11,10:15:20,34.2037,23.5,25.0,2912,15022280.0,4.867938706395693e-05
2023-12-11,10:15:20,34.2073,23.5,25.0,2909,15022287.0,4.891352587887254e-05
2023-12-11,10:15:20,34.2109,23.5,25.0,2912,15022291.0,4.867938706395693e-05
2023-12-11,10:15:20,34.2144,23.5,25.0,2916,15022285.0,4.836894447487169e-05
2023-12-11,10:15:20,34.2178,23.5,25.0,2915,15022286.0,4.84463690225629e-05
2023-12-11,10:15:20,34.2213,23.5,25.0,2912,15022290.0,4.867938706395693e-05
2023-12-11,10:15:20,34.2249,23.5,25.0,2910,15022286.0,4.883535474461499e-05
2023-12-11,10:15:20,34.2322,23.5,25.0,2914,15022289.0,4.852391750433305e-05
2023-12-11,10:15:20,34.2356,23.5,25.0,2914,15022287.0,4.852391750433305e-05
2023-12-11,10:15:20,34.2391,23.5,25.0,2912,15022285.0,4.867938706395693e-05
2023-12-11,10:15:20,34.2427,23.5,25.0,2910,15022288.0,4.883535474461499e-05
2023-12-11,10:15:20,34.2462,23.5,25.0,2909,15022285.0,4.891352587887254e-05
2023-12-11,10:15:20,34.2498,23.5,25.0,2912,15022284.0,4.867938706395693e-05
2023-12-11,10:15:20,34.2533,23.5,25.0,2914,15022290.0,4.852391750433305e-05
2023-12-11,10:15:20,34.2603,23.5,25.0,2910,15022282.0,4.883535474461499e-05
2023-12-11,10:15:20,34.2639,23.5,25.0,2909,15022286.0,4.891352587887254e-05
2023-12-11,10:15:20,34.2674,23.5,25.0,2912,15022290.0,4.867938706395693e-05
2023-12-11,10:15:20,34.2708,23.5,25.0,2914,15022286.0,4.852391750433305e-05
2023-12-11,10:15:20,34.2743,23.5,25.0,2913,15022286.0,4.86015901185645e-05
2023-12-11,10:15:20,34.2779,23.5,25.0,2911,15022288.0,4.875730853952832e-05
2023-12-11,10:15:20,34.2816,23.5,25.0,2909,15022285.0,4.891352587887254e-05
2023-12-11,10:15:20,34.285,23.5,25.0,2910,15022285.0,4.883535474461499e-05
2023-12-11,10:15:21,34.2919,23.5,25.0,2913,15022286.0,4.86015901185645e-05
2023-12-11,10:15:21,34.2955,23.5,25.0,2911,15022282.0,4.875730853952832e-05
2023-12-11,10:15:21,34.2991,23.5,25.0,2908,15022287.0,4.8991822142276e-05
2023-12-11,10:15:21,34.3026,23.5,25.0,2907,15022284.0,4.907024373512066e-05
2023-12-11,10:15:21,34.3061,23.5,25.0,2909,15022283.0,4.891352587887254e-05
2023-12-11,10:15:21,34.3096,23.5,25.0,2913,15022289.0,4.86015901185645e-05
2023-12-11,10:15:21,34.3131,23.5,25.0,2913,15022286.0,4.86015901185645e-05
2023-12-11,10:15:21,34.3201,23.5,25.0,2909,15022287.0,4.891352587887254e-05
2023-12-11,10:15:21,34.3237,23.5,25.0,2910,15022286.0,4.883535474461499e-05
2023-12-11,10:15:21,34.3273,23.5,25.0,2911,15022282.0,4.875730853952832e-05
2023-12-11,10:15:21,34.3307,23.5,25.0,2911,15022286.0,4.875730853952832e-05
2023-12-11,10:15:21,34.3342,23.5,25.0,2910,15022288.0,4.883535474461499e-05
2023-12-11,10:15:21,34.3378,23.5,25.0,2907,15022283.0,4.907024373512066e-05
2023-12-11,10:15:21,34.3412,23.5,25.0,2907,15022284.0,4.907024373512066e-05
2023-12-11,10:15:21,34.3483,23.5,25.0,2912,15022283.0,4.867938706395693e-05
2023-12-11,10:15:21,34.3517,23.5,25.0,2911,15022283.0,4.875730853952832e-05
2023-12-11,10:15:21,34.3553,23.5,25.0,2907,15022286.0,4.907024373512066e-05
2023-12-11,10:15:21,34.3589,23.5,25.0,2905,15022281.0,4.922746371191775e-05
2023-12-11,10:15:21,34.3625,23.5,25.0,2909,15022280.0,4.891352587887254e-05
2023-12-11,10:15:21,34.366,23.5,25.0,2912,15022286.0,4.867938706395693e-05
2023-12-11,10:15:21,34.3694,23.5,25.0,2910,15022284.0,4.883535474461499e-05
2023-12-11,10:15:21,34.3763,23.5,25.0,2906,15022288.0,4.914879085802224e-05
2023-12-11,10:15:21,34.3799,23.5,25.0,2906,15022287.0,4.914879085802224e-05
2023-12-11,10:15:21,34.3835,23.5,25.0,2909,15022282.0,4.891352587887254e-05
2023-12-11,10:15:21,34.387,23.5,25.0,2911,15022285.0,4.875730853952832e-05
2023-12-11,10:15:21,34.3906,23.5,25.0,2909,15022285.0,4.891352587887254e-05
2023-12-11,10:15:21,34.3941,23.5,25.0,2906,15022281.0,4.914879085802224e-05
2023-12-11,10:15:21,34.3975,23.5,25.0,2905,15022284.0,4.922746371191775e-05
2023-12-11,10:15:21,34.4011,23.5,25.0,2907,15022287.0,4.907024373512066e-05
2023-12-11,10:15:21,34.4082,23.5,25.0,2910,15022281.0,4.883535474461499e-05
2023-12-11,10:15:21,34.4116,23.5,25.0,2908,15022285.0,4.8991822142276e-05
2023-12-11,10:15:21,34.4152,23.5,25.0,2905,15022280.0,4.922746371191775e-05
2023-12-11,10:15:21,34.4188,23.5,25.0,2906,15022282.0,4.914879085802224e-05
2023-12-11,10:15:21,34.4222,23.5,25.0,2910,15022287.0,4.883535474461499e-05
2023-12-11,10:15:21,34.4257,23.5,25.0,2910,15022282.0,4.883535474461499e-05
2023-12-11,10:15:21,34.4293,23.5,25.0,2907,15022279.0,4.907024373512066e-05
2023-12-11,10:15:21,34.4363,23.5,25.0,2903,15022283.0,4.938518741804698e-05
2023-12-11,10:15:21,34.4399,23.5,25.0,2905,15022281.0,4.922746371191775e-05
2023-12-11,10:15:21,34.4435,23.5,25.0,2908,15022285.0,4.8991822142276e-05
2023-12-11,10:15:21,34.4468,23.5,25.0,2908,15022282.0,4.8991822142276e-05
2023-12-11,10:15:21,34.4503,23.5,25.0,2906,15022280.0,4.914879085802224e-05
2023-12-11,10:15:21,34.4539,23.5,25.0,2904,15022283.0,4.930626249806574e-05
2023-12-11,10:15:21,34.4574,23.5,25.0,2905,15022284.0,4.922746371191775e-05
2023-12-11,10:15:21,34.4645,23.5,25.0,2908,15022282.0,4.8991822142276e-05
2023-12-11,10:15:21,34.4679,23.5,25.0,2905,15022285.0,4.922746371191775e-05
2023-12-11,10:15:21,34.4715,23.5,25.0,2902,15022280.0,4.946423867376484e-05
2023-12-11,10:15:21,34.4751,23.5,25.0,2904,15022280.0,4.930626249806574e-05
2023-12-11,10:15:21,34.4787,23.5,25.0,2907,15022283.0,4.907024373512066e-05
2023-12-11,10:15:21,34.4821,23.5,25.0,2908,15022279.0,4.8991822142276e-05
2023-12-11,10:15:21,34.4856,23.5,25.0,2907,15022278.0,4.907024373512066e-05
2023-12-11,10:15:21,34.4892,23.5,25.0,2903,15022282.0,4.938518741804698e-05
2023-12-11,10:15:21,34.4964,23.5,25.0,2904,15022280.0,4.930626249806574e-05
2023-12-11,10:15:21,34.4998,23.5,25.0,2907,15022285.0,4.907024373512066e-05
2023-12-11,10:15:21,34.5033,23.5,25.0,2907,15022281.0,4.907024373512066e-05
2023-12-11,10:15:21,34.5067,23.5,25.0,2904,15022278.0,4.930626249806574e-05
2023-12-11,10:15:21,34.5102,23.5,25.0,2903,15022285.0,4.938518741804698e-05
2023-12-11,10:15:21,34.5138,23.5,25.0,2904,15022284.0,4.930626249806574e-05
2023-12-11,10:15:21,34.5173,23.5,25.0,2907,15022278.0,4.907024373512066e-05
2023-12-11,10:15:21,34.5243,23.5,25.0,2904,15022282.0,4.930626249806574e-05
2023-12-11,10:15:21,34.5278,23.5,25.0,2902,15022278.0,4.946423867376484e-05
2023-12-11,10:15:21,34.5316,23.5,25.0,2902,15022280.0,4.946423867376484e-05
2023-12-11,10:15:21,34.5351,23.5,25.0,2905,15022283.0,4.922746371191775e-05
2023-12-11,10:15:21,34.5385,23.5,25.0,2908,15022279.0,4.8991822142276e-05
2023-12-11,10:15:21,34.5419,23.5,25.0,2906,15022277.0,4.914879085802224e-05
2023-12-11,10:15:21,34.5454,23.5,25.0,2902,15022281.0,4.946423867376484e-05
2023-12-11,10:15:21,34.5524,23.5,25.0,2902,15022283.0,4.946423867376484e-05
2023-12-11,10:15:21,34.556,23.5,25.0,2905,15022286.0,4.922746371191775e-05
2023-12-11,10:15:21,34.5596,23.5,25.0,2906,15022279.0,4.914879085802224e-05
2023-12-11,10:15:21,34.563,23.5,25.0,2903,15022275.0,4.938518741804698e-05
2023-12-11,10:15:21,34.5665,23.5,25.0,2901,15022282.0,4.954341646744599e-05
2023-12-11,10:15:21,34.5701,23.5,25.0,2902,15022282.0,4.946423867376484e-05
2023-12-11,10:15:21,34.5735,23.5,25.0,2904,15022278.0,4.930626249806574e-05
2023-12-11,10:15:21,34.5807,23.5,25.0,2905,15022281.0,4.922746371191775e-05
2023-12-11,10:15:21,34.5842,23.5,25.0,2902,15022276.0,4.946423867376484e-05
2023-12-11,10:15:21,34.5877,23.5,25.0,2901,15022281.0,4.954341646744599e-05
2023-12-11,10:15:21,34.5913,23.5,25.0,2902,15022283.0,4.946423867376484e-05
2023-12-11,10:15:21,34.5949,23.5,25.0,2905,15022278.0,4.922746371191775e-05
2023-12-11,10:15:21,34.5984,23.5,25.0,2906,15022279.0,4.914879085802224e-05
2023-12-11,10:15:21,34.6018,23.5,25.0,2902,15022282.0,4.946423867376484e-05
2023-12-11,10:15:21,34.6054,23.5,25.0,2899,15022277.0,4.970215247922345e-05
2023-12-11,10:15:21,34.6126,23.5,25.0,2905,15022281.0,4.922746371191775e-05
2023-12-11,10:15:21,34.616,23.5,25.0,2905,15022279.0,4.922746371191775e-05
2023-12-11,10:15:21,34.6195,23.5,25.0,2903,15022275.0,4.938518741804698e-05
2023-12-11,10:15:21,34.6229,23.5,25.0,2901,15022280.0,4.954341646744599e-05
2023-12-11,10:15:21,34.6265,23.5,25.0,2901,15022279.0,4.954341646744599e-05
2023-12-11,10:15:21,34.6302,23.5,25.0,2904,15022276.0,4.930626249806574e-05
2023-12-11,10:15:21,34.6337,23.5,25.0,2906,15022279.0,4.914879085802224e-05
2023-12-11,10:15:21,34.6405,23.5,25.0,2901,15022275.0,4.954341646744599e-05
2023-12-11,10:15:21,34.6442,23.5,25.0,2901,15022279.0,4.954341646744599e-05
2023-12-11,10:15:21,34.6479,23.5,25.0,2902,15022282.0,4.946423867376484e-05
2023-12-11,10:15:21,34.6515,23.5,25.0,2904,15022277.0,4.930626249806574e-05
2023-12-11,10:15:21,34.6549,23.5,25.0,2904,15022276.0,4.930626249806574e-05
2023-12-11,10:15:21,34.6583,23.5,25.0,2902,15022280.0,4.946423867376484e-05
2023-12-11,10:15:21,34.6617,23.5,25.0,2900,15022277.0,4.962272100164065e-05
2023-12-11,10:15:21,34.6653,23.5,25.0,2901,15022276.0,4.954341646744599e-05
2023-12-11,10:15:21,34.6725,23.5,25.0,2904,15022278.0,4.930626249806574e-05
2023-12-11,10:15:21,34.6759,23.5,25.0,2903,15022277.0,4.938518741804698e-05
2023-12-11,10:15:21,34.6794,23.5,25.0,2902,15022280.0,4.946423867376484e-05
2023-12-11,10:15:21,34.6831,23.5,25.0,2900,15022277.0,4.962272100164065e-05
2023-12-11,10:15:21,34.6867,23.5,25.0,2902,15022275.0,4.946423867376484e-05
2023-12-11,10:15:21,34.6901,23.5,25.0,2904,15022278.0,4.930626249806574e-05
2023-12-11,10:15:21,34.6936,23.5,25.0,2903,15022277.0,4.938518741804698e-05
2023-12-11,10:15:21,34.7006,23.5,25.0,2901,15022279.0,4.954341646744599e-05
2023-12-11,10:15:21,34.7042,23.5,25.0,2902,15022281.0,4.946423867376484e-05
2023-12-11,10:15:21,34.7077,23.5,25.0,2904,15022275.0,4.930626249806574e-05
2023-12-11,10:15:21,34.7111,23.5,25.0,2904,15022274.0,4.930626249806574e-05
2023-12-11,10:15:21,34.7147,23.5,25.0,2901,15022277.0,4.954341646744599e-05
2023-12-11,10:15:21,34.7182,23.5,25.0,2899,15022276.0,4.970215247922345e-05
2023-12-11,10:15:21,34.7216,23.5,25.0,2900,15022278.0,4.962272100164065e-05
2023-12-11,10:15:21,34.7288,23.5,25.0,2902,15022277.0,4.946423867376484e-05
2023-12-11,10:15:21,34.7323,23.5,25.0,2902,15022275.0,4.946423867376484e-05
2023-12-11,10:15:21,34.7358,23.5,25.0,2900,15022277.0,4.962272100164065e-05
2023-12-11,10:15:21,34.7394,23.5,25.0,2899,15022276.0,4.970215247922345e-05
2023-12-11,10:15:21,34.7429,23.5,25.0,2900,15022276.0,4.962272100164065e-05
2023-12-11,10:15:21,34.7465,23.5,25.0,2901,15022278.0,4.954341646744599e-05
2023-12-11,10:15:21,34.7499,23.5,25.0,2901,15022276.0,4.954341646744599e-05
2023-12-11,10:15:21,34.7535,23.5,25.0,2901,15022275.0,4.954341646744599e-05
2023-12-11,10:15:21,34.7608,23.5,25.0,2900,15022279.0,4.962272100164065e-05
2023-12-11,10:15:21,34.7643,23.5,25.0,2903,15022276.0,4.938518741804698e-05
2023-12-11,10:15:21,34.7676,23.5,25.0,2903,15022276.0,4.938518741804698e-05
2023-12-11,10:15:21,34.7712,23.5,25.0,2900,15022278.0,4.962272100164065e-05
2023-12-11,10:15:21,34.7748,23.5,25.0,2899,15022276.0,4.970215247922345e-05
2023-12-11,10:15:21,34.7783,23.5,25.0,2901,15022275.0,4.954341646744599e-05
2023-12-11,10:15:21,34.7819,23.5,25.0,2902,15022278.0,4.946423867376484e-05
2023-12-11,10:15:21,34.7888,23.5,25.0,2902,15022273.0,4.946423867376484e-05
2023-12-11,10:15:21,34.7923,23.5,25.0,2902,15022274.0,4.946423867376484e-05
2023-12-11,10:15:21,34.7959,23.5,25.0,2902,15022273.0,4.946423867376484e-05
2023-12-11,10:15:21,34.7995,23.5,25.0,2902,15022274.0,4.946423867376484e-05
2023-12-11,10:15:21,34.8029,23.5,25.0,2902,15022275.0,4.946423867376484e-05
2023-12-11,10:15:21,34.8064,23.5,25.0,2901,15022274.0,4.954341646744599e-05
2023-12-11,10:15:21,34.81,23.5,25.0,2900,15022274.0,4.962272100164065e-05
2023-12-11,10:15:21,34.8135,23.5,25.0,2900,15022276.0,4.962272100164065e-05
2023-12-11,10:15:21,34.8206,23.5,25.0,2902,15022275.0,4.946423867376484e-05
2023-12-11,10:15:21,34.824,23.5,25.0,2902,15022273.0,4.946423867376484e-05
2023-12-11,10:15:21,34.8276,23.5,25.0,2900,15022275.0,4.962272100164065e-05
2023-12-11,10:15:21,34.8311,23.5,25.0,2899,15022273.0,4.970215247922345e-05
2023-12-11,10:15:21,34.8345,23.5,25.0,2900,15022275.0,4.962272100164065e-05
2023-12-11,10:15:21,34.8382,23.5,25.0,2902,15022278.0,4.946423867376484e-05
2023-12-11,10:15:21,34.8418,23.5,25.0,2902,15022275.0,4.946423867376484e-05
2023-12-11,10:15:21,34.8487,23.5,25.0,2899,15022275.0,4.970215247922345e-05
2023-12-11,10:15:21,34.8523,23.5,25.0,2898,15022275.0,4.978171110339357e-05
2023-12-11,10:15:21,34.8559,23.5,25.0,2900,15022274.0,4.962272100164065e-05
2023-12-11,10:15:21,34.8594,23.5,25.0,2902,15022276.0,4.946423867376484e-05
2023-12-11,10:15:21,34.8629,23.5,25.0,2901,15022274.0,4.954341646744599e-05
2023-12-11,10:15:21,34.8664,23.5,25.0,2900,15022272.0,4.962272100164065e-05
2023-12-11,10:15:21,34.8699,23.5,25.0,2899,15022274.0,4.970215247922345e-05
2023-12-11,10:15:21,34.877,23.5,25.0,2901,15022274.0,4.954341646744599e-05
2023-12-11,10:15:21,34.8805,23.5,25.0,2902,15022273.0,4.946423867376484e-05
2023-12-11,10:15:21,34.8838,23.5,25.0,2900,15022273.0,4.962272100164065e-05
2023-12-11,10:15:21,34.8873,23.5,25.0,2899,15022270.0,4.970215247922345e-05
2023-12-11,10:15:21,34.891,23.5,25.0,2900,15022272.0,4.962272100164065e-05
2023-12-11,10:15:21,34.8946,23.5,25.0,2901,15022275.0,4.954341646744599e-05
2023-12-11,10:15:21,34.898,23.5,25.0,2902,15022272.0,4.946423867376484e-05
2023-12-11,10:15:21,34.9052,23.5,25.0,2899,15022275.0,4.970215247922345e-05
2023-12-11,10:15:21,34.9088,23.5,25.0,2898,15022272.0,4.978171110339357e-05
2023-12-11,10:15:21,34.9122,23.5,25.0,2898,15022273.0,4.978171110339357e-05
2023-12-11,10:15:21,34.9157,23.5,25.0,2901,15022276.0,4.954341646744599e-05
2023-12-11,10:15:21,34.9193,23.5,25.0,2901,15022273.0,4.954341646744599e-05
2023-12-11,10:15:21,34.9227,23.5,25.0,2898,15022271.0,4.978171110339357e-05
2023-12-11,10:15:21,34.9262,23.5,25.0,2898,15022272.0,4.978171110339357e-05
2023-12-11,10:15:21,34.9298,23.5,25.0,2901,15022275.0,4.954341646744599e-05
2023-12-11,10:15:21,34.9368,23.5,25.0,2900,15022270.0,4.962272100164065e-05
2023-12-11,10:15:21,34.9403,23.5,25.0,2900,15022271.0,4.962272100164065e-05
2023-12-11,10:15:21,34.9438,23.5,25.0,2900,15022273.0,4.962272100164065e-05
2023-12-11,10:15:21,34.9474,23.5,25.0,2899,15022275.0,4.970215247922345e-05
2023-12-11,10:15:21,34.951,23.5,25.0,2899,15022275.0,4.970215247922345e-05
2023-12-11,10:15:21,34.9545,23.5,25.0,2901,15022272.0,4.954341646744599e-05
2023-12-11,10:15:21,34.9579,23.5,25.0,2901,15022272.0,4.954341646744599e-05
2023-12-11,10:15:21,34.965,23.5,25.0,2898,15022270.0,4.978171110339357e-05
2023-12-11,10:15:21,34.9685,23.5,25.0,2900,15022272.0,4.962272100164065e-05
2023-12-11,10:15:21,34.972,23.5,25.0,2900,15022273.0,4.962272100164065e-05
2023-12-11,10:15:21,34.9755,23.5,25.0,2900,15022271.0,4.962272100164065e-05
2023-12-11,10:15:21,34.9789,23.5,25.0,2900,15022271.0,4.962272100164065e-05
2023-12-11,10:15:21,34.9825,23.5,25.0,2899,15022272.0,4.970215247922345e-05
2023-12-11,10:15:21,34.9861,23.5,25.0,2898,15022272.0,4.978171110339357e-05
2023-12-11,10:15:21,34.9932,23.5,25.0,2899,15022274.0,4.970215247922345e-05
2023-12-11,10:15:21,34.9967,23.5,25.0,2899,15022271.0,4.970215247922345e-05
2023-12-11,10:15:21,35.0,23.5,25.0,2899,15022272.0,4.970215247922345e-05
2023-12-11,10:15:21,35.0035,23.5,25.0,2898,15022276.0,4.978171110339357e-05
2023-12-11,10:15:21,35.0072,23.5,25.0,2898,15022274.0,4.978171110339357e-05
2023-12-11,10:15:21,35.0109,23.5,25.0,2901,15022270.0,4.954341646744599e-05
2023-12-11,10:15:21,35.0144,23.5,25.0,2901,15022270.0,4.954341646744599e-05
2023-12-11,10:15:21,35.0178,23.5,25.0,2899,15022271.0,4.970215247922345e-05
2023-12-11,10:15:21,35.0249,23.5,25.0,2898,15022272.0,4.978171110339357e-05
2023-12-11,10:15:21,35.0283,23.5,25.0,2898,15022273.0,4.978171110339357e-05
2023-12-11,10:15:21,35.0319,23.5,25.0,2899,15022270.0,4.970215247922345e-05
2023-12-11,10:15:21,35.0354,23.5,25.0,2900,15022271.0,4.962272100164065e-05
2023-12-11,10:15:21,35.0389,23.5,25.0,2899,15022272.0,4.970215247922345e-05
2023-12-11,10:15:21,35.0425,23.5,25.0,2898,15022271.0,4.978171110339357e-05
2023-12-11,10:15:21,35.046,23.5,25.0,2898,15022271.0,4.978171110339357e-05
2023-12-11,10:15:21,35.053,23.5,25.0,2900,15022273.0,4.962272100164065e-05
2023-12-11,10:15:21,35.0565,23.5,25.0,2899,15022270.0,4.970215247922345e-05
2023-12-11,10:15:21,35.0599,23.5,25.0,2898,15022272.0,4.978171110339357e-05
2023-12-11,10:15:21,35.0635,23.5,25.0,2897,15022270.0,4.986139707767562e-05
2023-12-11,10:15:21,35.0671,23.5,25.0,2898,15022269.0,4.978171110339357e-05
2023-12-11,10:15:21,35.0706,23.5,25.0,2900,15022271.0,4.962272100164065e-05
2023-12-11,10:15:21,35.074,23.5,25.0,2898,15022271.0,4.978171110339357e-05
2023-12-11,10:15:21,35.0812,23.5,25.0,2898,15022272.0,4.978171110339357e-05
2023-12-11,10:15:21,35.0848,23.5,25.0,2898,15022272.0,4.978171110339357e-05
2023-12-11,10:15:21,35.0881,23.5,25.0,2899,15022270.0,4.970215247922345e-05
2023-12-11,10:15:21,35.0917,23.5,25.0,2899,15022269.0,4.970215247922345e-05
2023-12-11,10:15:21,35.0953,23.5,25.0,2898,15022270.0,4.978171110339357e-05
2023-12-11,10:15:21,35.0987,23.5,25.0,2897,15022270.0,4.986139707767562e-05
2023-12-11,10:15:21,35.1023,23.5,25.0,2897,15022271.0,4.986139707767562e-05
2023-12-11,10:15:21,35.1059,23.5,25.0,2899,15022272.0,4.970215247922345e-05
2023-12-11,10:15:21,35.1128,23.5,25.0,2899,15022270.0,4.970215247922345e-05
2023-12-11,10:15:21,35.1164,23.5,25.0,2899,15022271.0,4.970215247922345e-05
2023-12-11,10:15:21,35.12,23.5,25.0,2899,15022271.0,4.970215247922345e-05
2023-12-11,10:15:21,35.1236,23.5,25.0,2899,15022271.0,4.970215247922345e-05
2023-12-11,10:15:21,35.127,23.5,25.0,2899,15022271.0,4.970215247922345e-05
2023-12-11,10:15:21,35.1305,23.5,25.0,2899,15022271.0,4.970215247922345e-05
2023-12-11,10:15:21,35.134,23.5,25.0,2898,15022272.0,4.978171110339357e-05
2023-12-11,10:15:21,35.141,23.5,25.0,2898,15022270.0,4.978171110339357e-05
2023-12-11,10:15:21,35.1445,23.5,25.0,2898,15022270.0,4.978171110339357e-05
2023-12-11,10:15:21,35.1481,23.5,25.0,2898,15022269.0,4.978171110339357e-05
2023-12-11,10:15:21,35.1516,23.5,25.0,2897,15022269.0,4.986139707767562e-05
2023-12-11,10:15:21,35.155,23.5,25.0,2896,15022268.0,4.994121060591984e-05
2023-12-11,10:15:21,35.1586,23.5,25.0,2896,15022270.0,4.994121060591984e-05
2023-12-11,10:15:21,35.1622,23.5,25.0,2898,15022274.0,4.978171110339357e-05
2023-12-11,10:15:21,35.1692,23.5,25.0,2898,15022269.0,4.978171110339357e-05
2023-12-11,10:15:21,35.1727,23.5,25.0,2897,15022271.0,4.986139707767562e-05
2023-12-11,10:15:21,35.1763,23.5,25.0,2896,15022269.0,4.994121060591984e-05
2023-12-11,10:15:21,35.1799,23.5,25.0,2897,15022268.0,4.986139707767562e-05
2023-12-11,10:15:21,35.1835,23.5,25.0,2898,15022269.0,4.978171110339357e-05
2023-12-11,10:15:21,35.1869,23.5,25.0,2898,15022268.0,4.978171110339357e-05
2023-12-11,10:15:21,35.1904,23.5,25.0,2898,15022269.0,4.978171110339357e-05
2023-12-11,10:15:21,35.1938,23.5,25.0,2896,15022270.0,4.994121060591984e-05
2023-12-11,10:15:21,35.2011,23.5,25.0,2898,15022267.0,4.978171110339357e-05
2023-12-11,10:15:21,35.2046,23.5,25.0,2899,15022267.0,4.970215247922345e-05
2023-12-11,10:15:21,35.208,23.5,25.0,2897,15022269.0,4.986139707767562e-05
2023-12-11,10:15:21,35.2116,23.5,25.0,2898,15022270.0,4.978171110339357e-05
2023-12-11,10:15:21,35.2152,23.5,25.0,2898,15022271.0,4.978171110339357e-05
2023-12-11,10:15:21,35.2188,23.5,25.0,2897,15022271.0,4.986139707767562e-05
2023-12-11,10:15:21,35.2222,23.5,25.0,2898,15022268.0,4.978171110339357e-05
2023-12-11,10:15:21,35.2292,23.5,25.0,2897,15022269.0,4.986139707767562e-05
2023-12-11,10:15:21,35.2327,23.5,25.0,2896,15022266.0,4.994121060591984e-05
2023-12-11,10:15:21,35.2362,23.5,25.0,2896,15022266.0,4.994121060591984e-05
2023-12-11,10:15:21,35.2398,23.5,25.0,2897,15022268.0,4.986139707767562e-05
2023-12-11,10:15:21,35.2432,23.5,25.0,2897,15022266.0,4.986139707767562e-05
2023-12-11,10:15:21,35.2468,23.5,25.0,2897,15022268.0,4.986139707767562e-05
2023-12-11,10:15:21,35.2504,23.5,25.0,2897,15022270.0,4.986139707767562e-05
2023-12-11,10:15:21,35.2573,23.5,25.0,2896,15022267.0,4.994121060591984e-05
2023-12-11,10:15:21,35.2609,23.5,25.0,2899,15022270.0,4.970215247922345e-05
2023-12-11,10:15:21,35.2645,23.5,25.0,2898,15022271.0,4.978171110339357e-05
2023-12-11,10:15:21,35.2679,23.5,25.0,2895,15022267.0,5.002115189230297e-05
2023-12-11,10:15:21,35.2714,23.5,25.0,2894,15022268.0,5.010122114132834e-05
2023-12-11,10:15:21,35.2748,23.5,25.0,2895,15022270.0,5.002115189230297e-05
2023-12-11,10:15:21,35.2784,23.5,25.0,2897,15022267.0,4.986139707767562e-05
2023-12-11,10:15:21,35.2856,23.5,25.0,2897,15022269.0,4.986139707767562e-05
2023-12-11,10:15:22,35.2891,23.5,25.0,2895,15022267.0,5.002115189230297e-05
2023-12-11,10:15:22,35.2925,23.5,25.0,2894,15022269.0,5.010122114132834e-05
2023-12-11,10:15:22,35.2961,23.5,25.0,2895,15022271.0,5.002115189230297e-05
2023-12-11,10:15:22,35.2997,23.5,25.0,2896,15022268.0,4.994121060591984e-05
2023-12-11,10:15:22,35.3031,23.5,25.0,2896,15022269.0,4.994121060591984e-05
2023-12-11,10:15:22,35.3066,23.5,25.0,2895,15022270.0,5.002115189230297e-05
2023-12-11,10:15:22,35.3102,23.5,25.0,2894,15022270.0,5.010122114132834e-05
2023-12-11,10:15:22,35.3173,23.5,25.0,2898,15022269.0,4.978171110339357e-05
2023-12-11,10:15:22,35.3208,23.5,25.0,2897,15022267.0,4.986139707767562e-05
2023-12-11,10:15:22,35.3243,23.5,25.0,2896,15022267.0,4.994121060591984e-05
2023-12-11,10:15:22,35.3278,23.5,25.0,2895,15022269.0,5.002115189230297e-05
2023-12-11,10:15:22,35.3313,23.5,25.0,2895,15022269.0,5.002115189230297e-05
2023-12-11,10:15:22,35.3348,23.5,25.0,2897,15022267.0,4.986139707767562e-05
2023-12-11,10:15:22,35.3383,23.5,25.0,2898,15022269.0,4.978171110339357e-05
2023-12-11,10:15:22,35.3455,23.5,25.0,2896,15022266.0,4.994121060591984e-05
2023-12-11,10:15:22,35.349,23.5,25.0,2895,15022270.0,5.002115189230297e-05
2023-12-11,10:15:22,35.3524,23.5,25.0,2895,15022271.0,5.002115189230297e-05
2023-12-11,10:15:22,35.356,23.5,25.0,2896,15022268.0,4.994121060591984e-05
2023-12-11,10:15:22,35.3595,23.5,25.0,2897,15022268.0,4.986139707767562e-05
2023-12-11,10:15:22,35.3629,23.5,25.0,2897,15022269.0,4.986139707767562e-05
2023-12-11,10:15:22,35.3665,23.5,25.0,2896,15022267.0,4.994121060591984e-05
2023-12-11,10:15:22,35.3735,23.5,25.0,2897,15022268.0,4.986139707767562e-05
2023-12-11,10:15:22,35.377,23.5,25.0,2897,15022268.0,4.986139707767562e-05
2023-12-11,10:15:22,35.3806,23.5,25.0,2896,15022266.0,4.994121060591984e-05
2023-12-11,10:15:22,35.3842,23.5,25.0,2895,15022267.0,5.002115189230297e-05
2023-12-11,10:15:22,35.3876,23.5,25.0,2894,15022267.0,5.010122114132834e-05
2023-12-11,10:15:22,35.3911,23.5,25.0,2895,15022266.0,5.002115189230297e-05
2023-12-11,10:15:22,35.3947,23.5,25.0,2896,15022269.0,4.994121060591984e-05
2023-12-11,10:15:22,35.4017,23.5,25.0,2895,15022265.0,5.002115189230297e-05
2023-12-11,10:15:22,35.4052,23.5,25.0,2894,15022268.0,5.010122114132834e-05
2023-12-11,10:15:22,35.4087,23.5,25.0,2895,15022269.0,5.002115189230297e-05
2023-12-11,10:15:22,35.4122,23.5,25.0,2896,15022267.0,4.994121060591984e-05
2023-12-11,10:15:22,35.4156,23.5,25.0,2896,15022268.0,4.994121060591984e-05
2023-12-11,10:15:22,35.4192,23.5,25.0,2896,15022266.0,4.994121060591984e-05
2023-12-11,10:15:22,35.4227,23.5,25.0,2896,15022266.0,4.994121060591984e-05
2023-12-11,10:15:22,35.4297,23.5,25.0,2897,15022264.0,4.986139707767562e-05
2023-12-11,10:15:22,35.4333,23.5,25.0,2896,15022266.0,4.994121060591984e-05
2023-12-11,10:15:22,35.4368,23.5,25.0,2896,15022268.0,4.994121060591984e-05
2023-12-11,10:15:22,35.4402,23.5,25.0,2895,15022268.0,5.002115189230297e-05
2023-12-11,10:15:22,35.4438,23.5,25.0,2894,15022265.0,5.010122114132834e-05
2023-12-11,10:15:22,35.4474,23.5,25.0,2895,15022265.0,5.002115189230297e-05
2023-12-11,10:15:22,35.451,23.5,25.0,2896,15022267.0,4.994121060591984e-05
2023-12-11,10:15:22,35.4544,23.5,25.0,2896,15022266.0,4.994121060591984e-05
2023-12-11,10:15:22,35.4613,23.5,25.0,2894,15022271.0,5.010122114132834e-05
2023-12-11,10:15:22,35.4649,23.5,25.0,2893,15022268.0,5.018141855782685e-05
2023-12-11,10:15:22,35.4686,23.5,25.0,2895,15022264.0,5.002115189230297e-05
2023-12-11,10:15:22,35.4721,23.5,25.0,2896,15022266.0,4.994121060591984e-05
2023-12-11,10:15:22,35.4757,23.5,25.0,2896,15022267.0,4.994121060591984e-05
2023-12-11,10:15:22,35.4793,23.5,25.0,2895,15022265.0,5.002115189230297e-05
2023-12-11,10:15:22,35.4826,23.5,25.0,2893,15022267.0,5.018141855782685e-05
2023-12-11,10:15:22,35.4898,23.5,25.0,2897,15022269.0,4.986139707767562e-05
2023-12-11,10:15:22,35.4931,23.5,25.0,2896,15022267.0,4.994121060591984e-05
2023-12-11,10:15:22,35.4965,23.5,25.0,2896,15022266.0,4.994121060591984e-05
2023-12-11,10:15:22,35.5001,23.5,25.0,2894,15022263.0,5.010122114132834e-05
2023-12-11,10:15:22,35.5037,23.5,25.0,2893,15022266.0,5.018141855782685e-05
2023-12-11,10:15:22,35.5073,23.5,25.0,2895,15022268.0,5.002115189230297e-05
2023-12-11,10:15:22,35.5108,23.5,25.0,2895,15022265.0,5.002115189230297e-05
2023-12-11,10:15:22,35.5178,23.5,25.0,2894,15022269.0,5.010122114132834e-05
2023-12-11,10:15:22,35.5214,23.5,25.0,2894,15022266.0,5.010122114132834e-05
2023-12-11,10:15:22,35.525,23.5,25.0,2894,15022266.0,5.010122114132834e-05
2023-12-11,10:15:22,35.5284,23.5,25.0,2894,15022268.0,5.010122114132834e-05
2023-12-11,10:15:22,35.5319,23.5,25.0,2894,15022266.0,5.010122114132834e-05
2023-12-11,10:15:22,35.5355,23.5,25.0,2893,15022265.0,5.018141855782685e-05
2023-12-11,10:15:22,35.539,23.5,25.0,2892,15022267.0,5.02617443469571e-05
2023-12-11,10:15:22,35.5426,23.5,25.0,2893,15022268.0,5.018141855782685e-05
2023-12-11,10:15:22,35.5495,23.5,25.0,2895,15022266.0,5.002115189230297e-05
2023-12-11,10:15:22,35.553,23.5,25.0,2895,15022266.0,5.002115189230297e-05
2023-12-11,10:15:22,35.5566,23.5,25.0,2893,15022264.0,5.018141855782685e-05
2023-12-11,10:15:22,35.5603,23.5,25.0,2892,15022266.0,5.02617443469571e-05
2023-12-11,10:15:22,35.5637,23.5,25.0,2893,15022268.0,5.018141855782685e-05
2023-12-11,10:15:22,35.5672,23.5,25.0,2894,15022266.0,5.010122114132834e-05
2023-12-11,10:15:22,35.5708,23.5,25.0,2894,15022265.0,5.010122114132834e-05
2023-12-11,10:15:22,35.5778,23.5,25.0,2892,15022265.0,5.02617443469571e-05
2023-12-11,10:15:22,35.5813,23.5,25.0,2893,15022265.0,5.018141855782685e-05
2023-12-11,10:15:22,35.5849,23.5,25.0,2894,15022267.0,5.010122114132834e-05
2023-12-11,10:15:22,35.5884,23.5,25.0,2894,15022266.0,5.010122114132834e-05
2023-12-11,10:15:22,35.5919,23.5,25.0,2894,15022266.0,5.010122114132834e-05
2023-12-11,10:15:22,35.5954,23.5,25.0,2892,15022269.0,5.02617443469571e-05
2023-12-11,10:15:22,35.5989,23.5,25.0,2891,15022267.0,5.034219871420623e-05
2023-12-11,10:15:22,35.6061,23.5,25.0,2896,15022265.0,4.994121060591984e-05
2023-12-11,10:15:22,35.6096,23.5,25.0,2896,15022265.0,4.994121060591984e-05
2023-12-11,10:15:22,35.613,23.5,25.0,2894,15022262.0,5.010122114132834e-05
2023-12-11,10:15:22,35.6166,23.5,25.0,2893,15022264.0,5.018141855782685e-05
2023-12-11,10:15:22,35.6201,23.5,25.0,2894,15022267.0,5.010122114132834e-05
2023-12-11,10:15:22,35.6235,23.5,25.0,2894,15022266.0,5.010122114132834e-05
2023-12-11,10:15:22,35.6271,23.5,25.0,2894,15022267.0,5.010122114132834e-05
2023-12-11,10:15:22,35.6307,23.5,25.0,2893,15022268.0,5.018141855782685e-05
2023-12-11,10:15:22,35.6376,23.5,25.0,2893,15022267.0,5.018141855782685e-05
2023-12-11,10:15:22,35.6412,23.5,25.0,2895,15022267.0,5.002115189230297e-05
2023-12-11,10:15:22,35.6448,23.5,25.0,2895,15022263.0,5.002115189230297e-05
2023-12-11,10:15:22,35.6482,23.5,25.0,2893,15022263.0,5.018141855782685e-05
2023-12-11,10:15:22,35.6516,23.5,25.0,2891,15022268.0,5.034219871420623e-05
2023-12-11,10:15:22,35.6551,23.5,25.0,2891,15022268.0,5.034219871420623e-05
2023-12-11,10:15:22,35.6588,23.5,25.0,2893,15022264.0,5.018141855782685e-05
2023-12-11,10:15:22,35.6659,23.5,25.0,2894,15022265.0,5.010122114132834e-05
2023-12-11,10:15:22,35.6693,23.5,25.0,2893,15022261.0,5.018141855782685e-05
2023-12-11,10:15:22,35.6729,23.5,25.0,2892,15022265.0,5.02617443469571e-05
2023-12-11,10:15:22,35.6764,23.5,25.0,2893,15022266.0,5.018141855782685e-05
2023-12-11,10:15:22,35.6798,23.5,25.0,2894,15022265.0,5.010122114132834e-05
2023-12-11,10:15:22,35.6834,23.5,25.0,2894,15022267.0,5.010122114132834e-05
2023-12-11,10:15:22,35.6869,23.5,25.0,2894,15022266.0,5.010122114132834e-05
2023-12-11,10:15:22,35.6939,23.5,25.0,2891,15022266.0,5.034219871420623e-05
2023-12-11,10:15:22,35.6975,23.5,25.0,2894,15022268.0,5.010122114132834e-05
2023-12-11,10:15:22,35.701,23.5,25.0,2896,15022263.0,4.994121060591984e-05
2023-12-11,10:15:22,35.7044,23.5,25.0,2894,15022262.0,5.010122114132834e-05
2023-12-11,10:15:22,35.7079,23.5,25.0,2891,15022266.0,5.034219871420623e-05
2023-12-11,10:15:22,35.7115,23.5,25.0,2891,15022265.0,5.034219871420623e-05
2023-12-11,10:15:22,35.715,23.5,25.0,2892,15022265.0,5.02617443469571e-05
2023-12-11,10:15:22,35.7221,23.5,25.0,2893,15022266.0,5.018141855782685e-05
2023-12-11,10:15:22,35.7257,23.5,25.0,2892,15022264.0,5.02617443469571e-05
2023-12-11,10:15:22,35.7292,23.5,25.0,2891,15022266.0,5.034219871420623e-05
2023-12-11,10:15:22,35.7327,23.5,25.0,2891,15022266.0,5.034219871420623e-05
2023-12-11,10:15:22,35.7362,23.5,25.0,2893,15022265.0,5.018141855782685e-05
2023-12-11,10:15:22,35.7397,23.5,25.0,2893,15022266.0,5.018141855782685e-05
2023-12-11,10:15:22,35.7432,23.5,25.0,2892,15022265.0,5.02617443469571e-05
2023-12-11,10:15:22,35.7467,23.5,25.0,2892,15022263.0,5.02617443469571e-05
2023-12-11,10:15:22,35.7538,23.5,25.0,2892,15022266.0,5.02617443469571e-05
2023-12-11,10:15:22,35.7573,23.5,25.0,2894,15022263.0,5.010122114132834e-05
2023-12-11,10:15:22,35.7607,23.5,25.0,2893,15022264.0,5.018141855782685e-05
2023-12-11,10:15:22,35.7643,23.5,25.0,2891,15022268.0,5.034219871420623e-05
2023-12-11,10:15:22,35.7679,23.5,25.0,2890,15022264.0,5.042278186539017e-05
2023-12-11,10:15:22,35.7715,23.5,25.0,2891,15022263.0,5.034219871420623e-05
2023-12-11,10:15:22,35.7749,23.5,25.0,2893,15022266.0,5.018141855782685e-05
2023-12-11,10:15:22,35.7819,23.5,25.0,2893,15022262.0,5.018141855782685e-05
2023-12-11,10:15:22,35.7853,23.5,25.0,2891,15022266.0,5.034219871420623e-05
2023-12-11,10:15:22,35.7889,23.5,25.0,2889,15022263.0,5.050349400665447e-05
2023-12-11,10:15:22,35.7925,23.5,25.0,2891,15022262.0,5.034219871420623e-05
2023-12-11,10:15:22,35.7961,23.5,25.0,2894,15022265.0,5.010122114132834e-05
2023-12-11,10:15:22,35.7996,23.5,25.0,2893,15022262.0,5.018141855782685e-05
2023-12-11,10:15:22,35.8031,23.5,25.0,2890,15022260.0,5.042278186539017e-05
2023-12-11,10:15:22,35.8101,23.5,25.0,2891,15022266.0,5.034219871420623e-05
2023-12-11,10:15:22,35.8137,23.5,25.0,2893,15022262.0,5.018141855782685e-05
2023-12-11,10:15:22,35.8172,23.5,25.0,2892,15022263.0,5.02617443469571e-05
2023-12-11,10:15:22,35.8205,23.5,25.0,2892,15022265.0,5.02617443469571e-05
2023-12-11,10:15:22,35.824,23.5,25.0,2891,15022262.0,5.034219871420623e-05
2023-12-11,10:15:22,35.8277,23.5,25.0,2891,15022263.0,5.034219871420623e-05
2023-12-11,10:15:22,35.8313,23.5,25.0,2892,15022265.0,5.02617443469571e-05
2023-12-11,10:15:22,35.838,23.5,25.0,2892,15022264.0,5.02617443469571e-05
2023-12-11,10:15:22,35.8416,23.5,25.0,2891,15022266.0,5.034219871420623e-05
2023-12-11,10:15:22,35.8452,23.5,25.0,2889,15022263.0,5.050349400665447e-05
2023-12-11,10:15:22,35.8488,23.5,25.0,2890,15022262.0,5.042278186539017e-05
2023-12-11,10:15:22,35.8524,23.5,25.0,2893,15022266.0,5.018141855782685e-05
2023-12-11,10:15:22,35.8557,23.5,25.0,2893,15022263.0,5.018141855782685e-05
2023-12-11,10:15:22,35.859,23.5,25.0,2891,15022263.0,5.034219871420623e-05
2023-12-11,10:15:22,35.8663,23.5,25.0,2891,15022265.0,5.034219871420623e-05
2023-12-11,10:15:22,35.8698,23.5,25.0,2892,15022262.0,5.02617443469571e-05
2023-12-11,10:15:22,35.8734,23.5,25.0,2892,15022264.0,5.02617443469571e-05
2023-12-11,10:15:22,35.877,23.5,25.0,2891,15022263.0,5.034219871420623e-05
2023-12-11,10:15:22,35.8804,23.5,25.0,2889,15022261.0,5.050349400665447e-05
2023-12-11,10:15:22,35.8839,23.5,25.0,2889,15022265.0,5.050349400665447e-05
2023-12-11,10:15:22,35.8875,23.5,25.0,2891,15022267.0,5.034219871420623e-05
2023-12-11,10:15:22,35.8909,23.5,25.0,2892,15022265.0,5.02617443469571e-05
2023-12-11,10:15:22,35.898,23.5,25.0,2890,15022266.0,5.042278186539017e-05
2023-12-11,10:15:22,35.9015,23.5,25.0,2888,15022261.0,5.058433534447444e-05
2023-12-11,10:15:22,35.905,23.5,25.0,2888,15022262.0,5.058433534447444e-05
2023-12-11,10:15:22,35.9084,23.5,25.0,2891,15022265.0,5.034219871420623e-05
2023-12-11,10:15:22,35.912,23.5,25.0,2892,15022261.0,5.02617443469571e-05
2023-12-11,10:15:22,35.9155,23.5,25.0,2891,15022262.0,5.034219871420623e-05
2023-12-11,10:15:22,35.9189,23.5,25.0,2889,15022268.0,5.050349400665447e-05
2023-12-11,10:15:22,35.926,23.5,25.0,2891,15022264.0,5.034219871420623e-05
2023-12-11,10:15:22,35.9294,23.5,25.0,2892,15022267.0,5.02617443469571e-05
2023-12-11,10:15:22,35.933,23.5,25.0,2892,15022265.0,5.02617443469571e-05
2023-12-11,10:15:22,35.9365,23.5,25.0,2891,15022262.0,5.034219871420623e-05
2023-12-11,10:15:22,35.9401,23.5,25.0,2888,15022267.0,5.058433534447444e-05
2023-12-11,10:15:22,35.9436,23.5,25.0,2887,15022265.0,5.066530608565613e-05
2023-12-11,10:15:22,35.9471,23.5,25.0,2890,15022264.0,5.042278186539017e-05
2023-12-11,10:15:22,35.9541,23.5,25.0,2890,15022265.0,5.042278186539017e-05
2023-12-11,10:15:22,35.9576,23.5,25.0,2887,15022261.0,5.066530608565613e-05
2023-12-11,10:15:22,35.9612,23.5,25.0,2887,15022264.0,5.066530608565613e-05
2023-12-11,10:15:22,35.9648,23.5,25.0,2890,15022266.0,5.042278186539017e-05
2023-12-11,10:15:22,35.9684,23.5,25.0,2892,15022263.0,5.02617443469571e-05
2023-12-11,10:15:22,35.9718,23.5,25.0,2891,15022263.0,5.034219871420623e-05
2023-12-11,10:15:22,35.9753,23.5,25.0,2889,15022264.0,5.050349400665447e-05
2023-12-11,10:15:22,35.9822,23.5,25.0,2888,15022265.0,5.058433534447444e-05
2023-12-11,10:15:22,35.9858,23.5,25.0,2889,15022265.0,5.050349400665447e-05
2023-12-11,10:15:22,35.9892,23.5,25.0,2890,15022262.0,5.042278186539017e-05
2023-12-11,10:15:22,35.9927,23.5,25.0,2890,15022262.0,5.042278186539017e-05
2023-12-11,10:15:22,35.9963,23.5,25.0,2888,15022266.0,5.058433534447444e-05
2023-12-11,10:15:22,35.9998,23.5,25.0,2886,15022264.0,5.074640643733643e-05
2023-12-11,10:15:22,36.0033,23.5,25.0,2888,15022261.0,5.058433534447444e-05
2023-12-11,10:15:22,36.0102,23.5,25.0,2892,15022263.0,5.02617443469571e-05
2023-12-11,10:15:22,36.0138,23.5,25.0,2889,15022260.0,5.050349400665447e-05
2023-12-11,10:15:22,36.0175,23.5,25.0,2887,15022264.0,5.066530608565613e-05
2023-12-11,10:15:22,36.0211,23.5,25.0,2889,15022266.0,5.050349400665447e-05
2023-12-11,10:15:22,36.0245,23.5,25.0,2891,15022262.0,5.034219871420623e-05
2023-12-11,10:15:22,36.028,23.5,25.0,2890,15022262.0,5.042278186539017e-05
2023-12-11,10:15:22,36.0315,23.5,25.0,2890,15022261.0,5.042278186539017e-05
2023-12-11,10:15:22,36.0385,23.5,25.0,2888,15022265.0,5.058433534447444e-05
2023-12-11,10:15:22,36.0421,23.5,25.0,2888,15022264.0,5.058433534447444e-05
2023-12-11,10:15:22,36.0455,23.5,25.0,2889,15022261.0,5.050349400665447e-05
2023-12-11,10:15:22,36.049,23.5,25.0,2889,15022262.0,5.050349400665447e-05
2023-12-11,10:15:22,36.0524,23.5,25.0,2889,15022262.0,5.050349400665447e-05
2023-12-11,10:15:22,36.0559,23.5,25.0,2887,15022259.0,5.066530608565613e-05
2023-12-11,10:15:22,36.0595,23.5,25.0,2886,15022261.0,5.074640643733643e-05
2023-12-11,10:15:22,36.0665,23.5,25.0,2891,15022263.0,5.034219871420623e-05
2023-12-11,10:15:22,36.07,23.5,25.0,2889,15022261.0,5.050349400665447e-05
2023-12-11,10:15:22,36.0736,23.5,25.0,2887,15022263.0,5.066530608565613e-05
2023-12-11,10:15:22,36.0772,23.5,25.0,2886,15022263.0,5.074640643733643e-05
2023-12-11,10:15:22,36.0806,23.5,25.0,2888,15022262.0,5.058433534447444e-05
2023-12-11,10:15:22,36.0841,23.5,25.0,2889,15022263.0,5.050349400665447e-05
2023-12-11,10:15:22,36.0875,23.5,25.0,2888,15022260.0,5.058433534447444e-05
2023-12-11,10:15:22,36.091,23.5,25.0,2887,15022260.0,5.066530608565613e-05
2023-12-11,10:15:22,36.0983,23.5,25.0,2885,15022263.0,5.082763660698395e-05
2023-12-11,10:15:22,36.1017,23.5,25.0,2888,15022259.0,5.058433534447444e-05
2023-12-11,10:15:22,36.1052,23.5,25.0,2889,15022261.0,5.050349400665447e-05
2023-12-11,10:15:22,36.1086,23.5,25.0,2888,15022262.0,5.058433534447444e-05
2023-12-11,10:15:22,36.1122,23.5,25.0,2887,15022260.0,5.066530608565613e-05
2023-12-11,10:15:22,36.1158,23.5,25.0,2887,15022262.0,5.066530608565613e-05
2023-12-11,10:15:22,36.1194,23.5,25.0,2889,15022263.0,5.050349400665447e-05
2023-12-11,10:15:22,36.1264,23.5,25.0,2888,15022261.0,5.058433534447444e-05
2023-12-11,10:15:22,36.1298,23.5,25.0,2887,15022263.0,5.066530608565613e-05
2023-12-11,10:15:22,36.1332,23.5,25.0,2885,15022260.0,5.082763660698395e-05
2023-12-11,10:15:22,36.1368,23.5,25.0,2886,15022261.0,5.074640643733643e-05
2023-12-11,10:15:22,36.1404,23.5,25.0,2888,15022263.0,5.058433534447444e-05
2023-12-11,10:15:22,36.1438,23.5,25.0,2888,15022259.0,5.058433534447444e-05
2023-12-11,10:15:22,36.1473,23.5,25.0,2887,15022260.0,5.066530608565613e-05
2023-12-11,10:15:22,36.1545,23.5,25.0,2884,15022263.0,5.090899680239923e-05
2023-12-11,10:15:22,36.158,23.5,25.0,2888,15022259.0,5.058433534447444e-05
2023-12-11,10:15:22,36.1615,23.5,25.0,2889,15022261.0,5.050349400665447e-05
2023-12-11,10:15:22,36.1648,23.5,25.0,2887,15022262.0,5.066530608565613e-05
2023-12-11,10:15:22,36.1684,23.5,25.0,2886,15022259.0,5.074640643733643e-05
2023-12-11,10:15:22,36.172,23.5,25.0,2885,15022262.0,5.082763660698395e-05
2023-12-11,10:15:22,36.1756,23.5,25.0,2886,15022264.0,5.074640643733643e-05
2023-12-11,10:15:22,36.1826,23.5,25.0,2888,15022261.0,5.058433534447444e-05
2023-12-11,10:15:22,36.1861,23.5,25.0,2888,15022260.0,5.058433534447444e-05
2023-12-11,10:15:22,36.1895,23.5,25.0,2886,15022256.0,5.074640643733643e-05
2023-12-11,10:15:22,36.1931,23.5,25.0,2884,15022262.0,5.090899680239923e-05
2023-12-11,10:15:22,36.1966,23.5,25.0,2886,15022265.0,5.074640643733643e-05
2023-12-11,10:15:22,36.2,23.5,25.0,2888,15022260.0,5.058433534447444e-05
2023-12-11,10:15:22,36.2035,23.5,25.0,2887,15022260.0,5.066530608565613e-05
2023-12-11,10:15:22,36.2105,23.5,25.0,2882,15022265.0,5.107210810339952e-05
2023-12-11,10:15:22,36.2141,23.5,25.0,2884,15022265.0,5.090899680239923e-05
2023-12-11,10:15:22,36.2177,23.5,25.0,2886,15022263.0,5.074640643733643e-05
2023-12-11,10:15:22,36.2213,23.5,25.0,2886,15022260.0,5.074640643733643e-05
2023-12-11,10:15:22,36.2247,23.5,25.0,2886,15022260.0,5.074640643733643e-05
2023-12-11,10:15:22,36.2282,23.5,25.0,2884,15022265.0,5.090899680239923e-05
2023-12-11,10:15:22,36.2318,23.5,25.0,2883,15022264.0,5.099048723171566e-05
2023-12-11,10:15:22,36.2388,23.5,25.0,2886,15022259.0,5.074640643733643e-05
2023-12-11,10:15:22,36.2423,23.5,25.0,2885,15022258.0,5.082763660698395e-05
2023-12-11,10:15:22,36.2457,23.5,25.0,2883,15022257.0,5.099048723171566e-05
2023-12-11,10:15:22,36.2493,23.5,25.0,2882,15022262.0,5.107210810339952e-05
2023-12-11,10:15:22,36.253,23.5,25.0,2885,15022266.0,5.082763660698395e-05
2023-12-11,10:15:22,36.2565,23.5,25.0,2888,15022260.0,5.058433534447444e-05
2023-12-11,10:15:22,36.2598,23.5,25.0,2888,15022261.0,5.058433534447444e-05
2023-12-11,10:15:22,36.2666,23.5,25.0,2886,15022257.0,5.074640643733643e-05
2023-12-11,10:15:22,36.2702,23.5,25.0,2884,15022262.0,5.090899680239923e-05
2023-12-11,10:15:22,36.2738,23.5,25.0,2886,15022264.0,5.074640643733643e-05
2023-12-11,10:15:22,36.2773,23.5,25.0,2887,15022261.0,5.066530608565613e-05
2023-12-11,10:15:22,36.2809,23.5,25.0,2886,15022261.0,5.074640643733643e-05
2023-12-11,10:15:22,36.2844,23.5,25.0,2885,15022261.0,5.082763660698395e-05
2023-12-11,10:15:23,36.2877,23.5,25.0,2882,15022257.0,5.107210810339952e-05
2023-12-11,10:15:23,36.2948,23.5,25.0,2885,15022261.0,5.082763660698395e-05
2023-12-11,10:15:23,36.2983,23.5,25.0,2886,15022257.0,5.074640643733643e-05
2023-12-11,10:15:23,36.3018,23.5,25.0,2886,15022257.0,5.074640643733643e-05
2023-12-11,10:15:23,36.3052,23.5,25.0,2883,15022262.0,5.099048723171566e-05
2023-12-11,10:15:23,36.3088,23.5,25.0,2881,15022261.0,5.115385962625106e-05
2023-12-11,10:15:23,36.3124,23.5,25.0,2884,15022260.0,5.090899680239923e-05
2023-12-11,10:15:23,36.316,23.5,25.0,2886,15022262.0,5.074640643733643e-05
2023-12-11,10:15:23,36.3228,23.5,25.0,2884,15022257.0,5.090899680239923e-05
2023-12-11,10:15:23,36.3262,23.5,25.0,2882,15022262.0,5.107210810339952e-05
2023-12-11,10:15:23,36.3298,23.5,25.0,2881,15022263.0,5.115385962625106e-05
2023-12-11,10:15:23,36.3334,23.5,25.0,2884,15022260.0,5.090899680239923e-05
2023-12-11,10:15:23,36.337,23.5,25.0,2885,15022260.0,5.082763660698395e-05
2023-12-11,10:15:23,36.3404,23.5,25.0,2884,15022257.0,5.090899680239923e-05
2023-12-11,10:15:23,36.3439,23.5,25.0,2883,15022256.0,5.099048723171566e-05
2023-12-11,10:15:23,36.3475,23.5,25.0,2881,15022262.0,5.115385962625106e-05
2023-12-11,10:15:23,36.3545,23.5,25.0,2885,15022257.0,5.082763660698395e-05
2023-12-11,10:15:23,36.358,23.5,25.0,2885,15022259.0,5.082763660698395e-05
2023-12-11,10:15:23,36.3614,23.5,25.0,2882,15022261.0,5.107210810339952e-05
2023-12-11,10:15:23,36.3649,23.5,25.0,2881,15022258.0,5.115385962625106e-05
2023-12-11,10:15:23,36.3685,23.5,25.0,2882,15022261.0,5.107210810339952e-05
2023-12-11,10:15:23,36.3721,23.5,25.0,2883,15022263.0,5.099048723171566e-05
2023-12-11,10:15:23,36.3756,23.5,25.0,2884,15022257.0,5.090899680239923e-05
2023-12-11,10:15:23,36.3826,23.5,25.0,2881,15022261.0,5.115385962625106e-05
2023-12-11,10:15:23,36.3861,23.5,25.0,2880,15022260.0,5.123574200940454e-05
2023-12-11,10:15:23,36.3897,23.5,25.0,2882,15022260.0,5.107210810339952e-05
2023-12-11,10:15:23,36.3932,23.5,25.0,2885,15022262.0,5.082763660698395e-05
2023-12-11,10:15:23,36.3966,23.5,25.0,2885,15022257.0,5.082763660698395e-05
2023-12-11,10:15:23,36.4001,23.5,25.0,2883,15022254.0,5.099048723171566e-05
2023-12-11,10:15:23,36.4034,23.5,25.0,2880,15022261.0,5.123574200940454e-05
2023-12-11,10:15:23,36.4107,23.5,25.0,2883,15022260.0,5.099048723171566e-05
2023-12-11,10:15:23,36.4143,23.5,25.0,2884,15022259.0,5.090899680239923e-05
2023-12-11,10:15:23,36.4178,23.5,25.0,2883,15022259.0,5.099048723171566e-05
2023-12-11,10:15:23,36.4212,23.5,25.0,2881,15022257.0,5.115385962625106e-05
2023-12-11,10:15:23,36.4247,23.5,25.0,2880,15022260.0,5.123574200940454e-05
2023-12-11,10:15:23,36.4283,23.5,25.0,2881,15022261.0,5.115385962625106e-05
2023-12-11,10:15:23,36.4318,23.5,25.0,2883,15022258.0,5.099048723171566e-05
2023-12-11,10:15:23,36.4388,23.5,25.0,2883,15022259.0,5.099048723171566e-05
2023-12-11,10:15:23,36.4422,23.5,25.0,2881,15022256.0,5.115385962625106e-05
2023-12-11,10:15:23,36.4458,23.5,25.0,2881,15022259.0,5.115385962625106e-05
2023-12-11,10:15:23,36.4494,23.5,25.0,2883,15022260.0,5.099048723171566e-05
2023-12-11,10:15:23,36.4528,23.5,25.0,2884,15022256.0,5.090899680239923e-05
2023-12-11,10:15:23,36.4562,23.5,25.0,2884,15022256.0,5.090899680239923e-05
2023-12-11,10:15:23,36.4596,23.5,25.0,2882,15022259.0,5.107210810339952e-05
2023-12-11,10:15:23,36.4669,23.5,25.0,2880,15022261.0,5.123574200940454e-05
2023-12-11,10:15:23,36.4704,23.5,25.0,2881,15022261.0,5.115385962625106e-05
2023-12-11,10:15:23,36.4738,23.5,25.0,2881,15022257.0,5.115385962625106e-05
2023-12-11,10:15:23,36.4772,23.5,25.0,2882,15022257.0,5.107210810339952e-05
2023-12-11,10:15:23,36.4806,23.5,25.0,2882,15022261.0,5.107210810339952e-05
2023-12-11,10:15:23,36.4842,23.5,25.0,2879,15022259.0,5.131775546232911e-05
2023-12-11,10:15:23,36.4876,23.5,25.0,2880,15022259.0,5.123574200940454e-05
2023-12-11,10:15:23,36.4947,23.5,25.0,2882,15022258.0,5.107210810339952e-05
2023-12-11,10:15:23,36.4983,23.5,25.0,2882,15022256.0,5.107210810339952e-05
2023-12-11,10:15:23,36.5017,23.5,25.0,2880,15022262.0,5.123574200940454e-05
2023-12-11,10:15:23,36.5052,23.5,25.0,2878,15022260.0,5.139990019482913e-05
2023-12-11,10:15:23,36.5086,23.5,25.0,2880,15022257.0,5.123574200940454e-05
2023-12-11,10:15:23,36.5122,23.5,25.0,2882,15022258.0,5.107210810339952e-05
2023-12-11,10:15:23,36.5158,23.5,25.0,2882,15022255.0,5.107210810339952e-05
2023-12-11,10:15:23,36.5226,23.5,25.0,2878,15022258.0,5.139990019482913e-05
2023-12-11,10:15:23,36.5262,23.5,25.0,2878,15022257.0,5.139990019482913e-05
2023-12-11,10:15:23,36.5298,23.5,25.0,2880,15022255.0,5.123574200940454e-05
2023-12-11,10:15:23,36.5333,23.5,25.0,2882,15022258.0,5.107210810339952e-05
2023-12-11,10:15:23,36.5367,23.5,25.0,2881,15022256.0,5.115385962625106e-05
2023-12-11,10:15:23,36.5401,23.5,25.0,2878,15022254.0,5.139990019482913e-05
2023-12-11,10:15:23,36.5438,23.5,25.0,2878,15022260.0,5.139990019482913e-05
2023-12-11,10:15:23,36.5506,23.5,25.0,2880,15022258.0,5.123574200940454e-05
2023-12-11,10:15:23,36.5541,23.5,25.0,2880,15022257.0,5.123574200940454e-05
2023-12-11,10:15:23,36.5575,23.5,25.0,2879,15022259.0,5.131775546232911e-05
2023-12-11,10:15:23,36.5611,23.5,25.0,2877,15022256.0,5.148217641704494e-05
2023-12-11,10:15:23,36.5647,23.5,25.0,2878,15022257.0,5.139990019482913e-05
2023-12-11,10:15:23,36.5682,23.5,25.0,2880,15022260.0,5.123574200940454e-05
2023-12-11,10:15:23,36.5752,23.5,25.0,2881,15022256.0,5.115385962625106e-05
2023-12-11,10:15:23,36.5787,23.5,25.0,2879,15022258.0,5.131775546232911e-05
2023-12-11,10:15:23,36.5821,23.5,25.0,2878,15022257.0,5.139990019482913e-05
2023-12-11,10:15:23,36.5856,23.5,25.0,2879,15022259.0,5.131775546232911e-05
2023-12-11,10:15:23,36.5892,23.5,25.0,2880,15022258.0,5.123574200940454e-05
2023-12-11,10:15:23,36.5926,23.5,25.0,2880,15022253.0,5.123574200940454e-05
2023-12-11,10:15:23,36.5961,23.5,25.0,2879,15022254.0,5.131775546232911e-05
2023-12-11,10:15:23,36.6032,23.5,25.0,2876,15022258.0,5.156458433945303e-05
2023-12-11,10:15:23,36.6068,23.5,25.0,2878,15022256.0,5.139990019482913e-05
2023-12-11,10:15:23,36.6103,23.5,25.0,2880,15022256.0,5.123574200940454e-05
2023-12-11,10:15:23,36.6137,23.5,25.0,2880,15022254.0,5.123574200940454e-05
2023-12-11,10:15:23,36.6173,23.5,25.0,2879,15022255.0,5.131775546232911e-05
2023-12-11,10:15:23,36.6208,23.5,25.0,2879,15022257.0,5.131775546232911e-05
2023-12-11,10:15:23,36.6242,23.5,25.0,2879,15022258.0,5.131775546232911e-05
2023-12-11,10:15:23,36.6313,23.5,25.0,2880,15022258.0,5.123574200940454e-05
2023-12-11,10:15:23,36.6346,23.5,25.0,2880,15022254.0,5.123574200940454e-05
2023-12-11,10:15:23,36.638,23.5,25.0,2879,15022253.0,5.131775546232911e-05
2023-12-11,10:15:23,36.6416,23.5,25.0,2878,15022259.0,5.139990019482913e-05
2023-12-11,10:15:23,36.6452,23.5,25.0,2878,15022260.0,5.139990019482913e-05
2023-12-11,10:15:23,36.6487,23.5,25.0,2879,15022255.0,5.131775546232911e-05
2023-12-11,10:15:23,36.6521,23.5,25.0,2880,15022254.0,5.123574200940454e-05
2023-12-11,10:15:23,36.659,23.5,25.0,2877,15022254.0,5.148217641704494e-05
2023-12-11,10:15:23,36.6628,23.5,25.0,2877,15022257.0,5.148217641704494e-05
2023-12-11,10:15:23,36.6662,23.5,25.0,2878,15022257.0,5.139990019482913e-05
2023-12-11,10:15:23,36.6697,23.5,25.0,2879,15022255.0,5.131775546232911e-05
2023-12-11,10:15:23,36.6732,23.5,25.0,2880,15022254.0,5.123574200940454e-05
2023-12-11,10:15:23,36.6767,23.5,25.0,2879,15022255.0,5.131775546232911e-05
2023-12-11,10:15:23,36.6802,23.5,25.0,2877,15022256.0,5.148217641704494e-05
2023-12-11,10:15:23,36.6872,23.5,25.0,2877,15022256.0,5.148217641704494e-05
2023-12-11,10:15:23,36.6908,23.5,25.0,2877,15022252.0,5.148217641704494e-05
2023-12-11,10:15:23,36.6942,23.5,25.0,2878,15022253.0,5.139990019482913e-05
2023-12-11,10:15:23,36.6977,23.5,25.0,2878,15022255.0,5.139990019482913e-05
2023-12-11,10:15:23,36.7012,23.5,25.0,2877,15022256.0,5.148217641704494e-05
2023-12-11,10:15:23,36.7046,23.5,25.0,2878,15022256.0,5.139990019482913e-05
2023-12-11,10:15:23,36.7082,23.5,25.0,2879,15022256.0,5.131775546232911e-05
2023-12-11,10:15:23,36.7151,23.5,25.0,2879,15022252.0,5.131775546232911e-05
2023-12-11,10:15:23,36.7187,23.5,25.0,2877,15022257.0,5.148217641704494e-05
2023-12-11,10:15:23,36.7221,23.5,25.0,2876,15022258.0,5.156458433945303e-05
2023-12-11,10:15:23,36.7256,23.5,25.0,2878,15022256.0,5.139990019482913e-05
2023-12-11,10:15:23,36.7292,23.5,25.0,2879,15022255.0,5.131775546232911e-05
2023-12-11,10:15:23,36.7326,23.5,25.0,2879,15022251.0,5.131775546232911e-05
2023-12-11,10:15:23,36.7361,23.5,25.0,2879,15022252.0,5.131775546232911e-05
2023-12-11,10:15:23,36.743,23.5,25.0,2877,15022256.0,5.148217641704494e-05
2023-12-11,10:15:23,36.7466,23.5,25.0,2878,15022255.0,5.139990019482913e-05
2023-12-11,10:15:23,36.7502,23.5,25.0,2877,15022254.0,5.148217641704494e-05
2023-12-11,10:15:23,36.7536,23.5,25.0,2876,15022252.0,5.156458433945303e-05
2023-12-11,10:15:23,36.7571,23.5,25.0,2876,15022254.0,5.156458433945303e-05
2023-12-11,10:15:23,36.7607,23.5,25.0,2876,15022256.0,5.156458433945303e-05
2023-12-11,10:15:23,36.7643,23.5,25.0,2876,15022256.0,5.156458433945303e-05
2023-12-11,10:15:23,36.7712,23.5,25.0,2877,15022252.0,5.148217641704494e-05
2023-12-11,10:15:23,36.7745,23.5,25.0,2876,15022255.0,5.156458433945303e-05
2023-12-11,10:15:23,36.7781,23.5,25.0,2875,15022254.0,5.164712417286703e-05
2023-12-11,10:15:23,36.7817,23.5,25.0,2875,15022257.0,5.164712417286703e-05
2023-12-11,10:15:23,36.7851,23.5,25.0,2876,15022257.0,5.156458433945303e-05
2023-12-11,10:15:23,36.7886,23.5,25.0,2878,15022251.0,5.139990019482913e-05
2023-12-11,10:15:23,36.792,23.5,25.0,2878,15022251.0,5.139990019482913e-05
2023-12-11,10:15:23,36.7992,23.5,25.0,2876,15022255.0,5.156458433945303e-05
2023-12-11,10:15:23,36.8027,23.5,25.0,2876,15022255.0,5.156458433945303e-05
2023-12-11,10:15:23,36.8062,23.5,25.0,2876,15022254.0,5.156458433945303e-05
2023-12-11,10:15:23,36.8097,23.5,25.0,2877,15022251.0,5.148217641704494e-05
2023-12-11,10:15:23,36.8132,23.5,25.0,2877,15022252.0,5.148217641704494e-05
2023-12-11,10:15:23,36.8166,23.5,25.0,2876,15022255.0,5.156458433945303e-05
2023-12-11,10:15:23,36.8202,23.5,25.0,2876,15022254.0,5.156458433945303e-05
2023-12-11,10:15:23,36.8272,23.5,25.0,2877,15022253.0,5.148217641704494e-05
2023-12-11,10:15:23,36.8307,23.5,25.0,2878,15022251.0,5.139990019482913e-05
2023-12-11,10:15:23,36.8341,23.5,25.0,2877,15022251.0,5.148217641704494e-05
2023-12-11,10:15:23,36.8376,23.5,25.0,2876,15022253.0,5.156458433945303e-05
2023-12-11,10:15:23,36.8412,23.5,25.0,2875,15022254.0,5.164712417286703e-05
2023-12-11,10:15:23,36.8448,23.5,25.0,2876,15022253.0,5.156458433945303e-05
2023-12-11,10:15:23,36.8482,23.5,25.0,2876,15022252.0,5.156458433945303e-05
2023-12-11,10:15:23,36.855,23.5,25.0,2875,15022251.0,5.164712417286703e-05
2023-12-11,10:15:23,36.8585,23.5,25.0,2874,15022254.0,5.172979612843785e-05
2023-12-11,10:15:23,36.862,23.5,25.0,2874,15022253.0,5.172979612843785e-05
2023-12-11,10:15:23,36.8656,23.5,25.0,2875,15022251.0,5.164712417286703e-05
2023-12-11,10:15:23,36.8692,23.5,25.0,2876,15022252.0,5.156458433945303e-05
2023-12-11,10:15:23,36.8727,23.5,25.0,2876,15022251.0,5.156458433945303e-05
2023-12-11,10:15:23,36.8796,23.5,25.0,2874,15022257.0,5.172979612843785e-05
2023-12-11,10:15:23,36.883,23.5,25.0,2874,15022255.0,5.172979612843785e-05
2023-12-11,10:15:23,36.8865,23.5,25.0,2875,15022252.0,5.164712417286703e-05
2023-12-11,10:15:23,36.89,23.5,25.0,2876,15022250.0,5.156458433945303e-05
2023-12-11,10:15:23,36.8935,23.5,25.0,2875,15022249.0,5.164712417286703e-05
2023-12-11,10:15:23,36.8971,23.5,25.0,2873,15022250.0,5.181260041765453e-05
2023-12-11,10:15:23,36.9006,23.5,25.0,2874,15022251.0,5.172979612843785e-05
2023-12-11,10:15:23,36.9077,23.5,25.0,2874,15022250.0,5.172979612843785e-05
2023-12-11,10:15:23,36.9112,23.5,25.0,2875,15022248.0,5.164712417286703e-05
2023-12-11,10:15:23,36.9147,23.5,25.0,2875,15022250.0,5.164712417286703e-05
2023-12-11,10:15:23,36.9181,23.5,25.0,2874,15022252.0,5.172979612843785e-05
2023-12-11,10:15:23,36.9216,23.5,25.0,2873,15022254.0,5.181260041765453e-05
2023-12-11,10:15:23,36.925,23.5,25.0,2873,15022253.0,5.181260041765453e-05
2023-12-11,10:15:23,36.9286,23.5,25.0,2874,15022249.0,5.172979612843785e-05
2023-12-11,10:15:23,36.9356,23.5,25.0,2874,15022252.0,5.172979612843785e-05
2023-12-11,10:15:23,36.9392,23.5,25.0,2874,15022253.0,5.172979612843785e-05
2023-12-11,10:15:23,36.9427,23.5,25.0,2875,15022252.0,5.164712417286703e-05
2023-12-11,10:15:23,36.946,23.5,25.0,2875,15022251.0,5.164712417286703e-05
2023-12-11,10:15:23,36.9496,23.5,25.0,2874,15022250.0,5.172979612843785e-05
2023-12-11,10:15:23,36.9532,23.5,25.0,2873,15022250.0,5.181260041765453e-05
2023-12-11,10:15:23,36.9566,23.5,25.0,2872,15022254.0,5.189553725234449e-05
2023-12-11,10:15:23,36.9636,23.5,25.0,2873,15022252.0,5.181260041765453e-05
2023-12-11,10:15:23,36.967,23.5,25.0,2874,15022250.0,5.172979612843785e-05
2023-12-11,10:15:23,36.9706,23.5,25.0,2874,15022248.0,5.172979612843785e-05
2023-12-11,10:15:23,36.9742,23.5,25.0,2873,15022250.0,5.181260041765453e-05
2023-12-11,10:15:23,36.9776,23.5,25.0,2873,15022253.0,5.181260041765453e-05
2023-12-11,10:15:23,36.9811,23.5,25.0,2873,15022250.0,5.181260041765453e-05
2023-12-11,10:15:23,36.9847,23.5,25.0,2874,15022248.0,5.172979612843785e-05
2023-12-11,10:15:23,36.9916,23.5,25.0,2875,15022250.0,5.164712417286703e-05
2023-12-11,10:15:23,36.995,23.5,25.0,2875,15022250.0,5.164712417286703e-05
2023-12-11,10:15:23,36.9985,23.5,25.0,2873,15022255.0,5.181260041765453e-05
2023-12-11,10:15:23,37.0021,23.5,25.0,2872,15022254.0,5.189553725234449e-05
2023-12-11,10:15:23,37.0057,23.5,25.0,2873,15022249.0,5.181260041765453e-05
2023-12-11,10:15:23,37.0091,23.5,25.0,2873,15022249.0,5.181260041765453e-05
2023-12-11,10:15:23,37.0124,23.5,25.0,2873,15022250.0,5.181260041765453e-05
2023-12-11,10:15:23,37.0196,23.5,25.0,2872,15022254.0,5.189553725234449e-05
2023-12-11,10:15:23,37.0231,23.5,25.0,2873,15022252.0,5.181260041765453e-05
2023-12-11,10:15:23,37.0267,23.5,25.0,2874,15022249.0,5.172979612843785e-05
2023-12-11,10:15:23,37.0301,23.5,25.0,2874,15022248.0,5.172979612843785e-05
2023-12-11,10:15:23,37.0334,23.5,25.0,2873,15022250.0,5.181260041765453e-05
2023-12-11,10:15:23,37.037,23.5,25.0,2871,15022251.0,5.19786068446744e-05
2023-12-11,10:15:23,37.0407,23.5,25.0,2871,15022250.0,5.19786068446744e-05
2023-12-11,10:15:23,37.0475,23.5,25.0,2873,15022250.0,5.181260041765453e-05
2023-12-11,10:15:23,37.051,23.5,25.0,2872,15022249.0,5.189553725234449e-05
2023-12-11,10:15:23,37.0546,23.5,25.0,2873,15022251.0,5.181260041765453e-05
2023-12-11,10:15:23,37.058,23.5,25.0,2873,15022250.0,5.181260041765453e-05
2023-12-11,10:15:23,37.0615,23.5,25.0,2873,15022249.0,5.181260041765453e-05
2023-12-11,10:15:23,37.0651,23.5,25.0,2873,15022250.0,5.181260041765453e-05
2023-12-11,10:15:23,37.0686,23.5,25.0,2873,15022247.0,5.181260041765453e-05
2023-12-11,10:15:23,37.0754,23.5,25.0,2873,15022250.0,5.181260041765453e-05
2023-12-11,10:15:23,37.0789,23.5,25.0,2872,15022249.0,5.189553725234449e-05
2023-12-11,10:15:23,37.0825,23.5,25.0,2872,15022249.0,5.189553725234449e-05
2023-12-11,10:15:23,37.0859,23.5,25.0,2874,15022250.0,5.172979612843785e-05
2023-12-11,10:15:23,37.0894,23.5,25.0,2874,15022247.0,5.172979612843785e-05
2023-12-11,10:15:23,37.093,23.5,25.0,2873,15022246.0,5.181260041765453e-05
2023-12-11,10:15:23,37.0964,23.5,25.0,2872,15022250.0,5.189553725234449e-05
2023-12-11,10:15:23,37.1033,23.5,25.0,2872,15022250.0,5.189553725234449e-05
2023-12-11,10:15:23,37.1068,23.5,25.0,2872,15022249.0,5.189553725234449e-05
2023-12-11,10:15:23,37.1104,23.5,25.0,2872,15022247.0,5.189553725234449e-05
2023-12-11,10:15:23,37.1138,23.5,25.0,2871,15022248.0,5.19786068446744e-05
2023-12-11,10:15:23,37.1173,23.5,25.0,2871,15022250.0,5.19786068446744e-05
2023-12-11,10:15:23,37.1209,23.5,25.0,2871,15022249.0,5.19786068446744e-05
2023-12-11,10:15:23,37.1244,23.5,25.0,2872,15022246.0,5.189553725234449e-05
2023-12-11,10:15:23,37.1314,23.5,25.0,2872,15022248.0,5.189553725234449e-05
2023-12-11,10:15:23,37.1349,23.5,25.0,2871,15022247.0,5.19786068446744e-05
2023-12-11,10:15:23,37.1384,23.5,25.0,2871,15022249.0,5.19786068446744e-05
2023-12-11,10:15:23,37.1419,23.5,25.0,2872,15022250.0,5.189553725234449e-05
2023-12-11,10:15:23,37.1454,23.5,25.0,2873,15022247.0,5.181260041765453e-05
2023-12-11,10:15:23,37.1489,23.5,25.0,2873,15022247.0,5.181260041765453e-05
2023-12-11,10:15:23,37.1558,23.5,25.0,2871,15022246.0,5.19786068446744e-05
2023-12-11,10:15:23,37.1593,23.5,25.0,2871,15022251.0,5.19786068446744e-05
2023-12-11,10:15:23,37.1628,23.5,25.0,2871,15022248.0,5.19786068446744e-05
2023-12-11,10:15:23,37.1663,23.5,25.0,2872,15022244.0,5.189553725234449e-05
2023-12-11,10:15:23,37.1698,23.5,25.0,2873,15022247.0,5.181260041765453e-05
2023-12-11,10:15:23,37.1733,23.5,25.0,2873,15022248.0,5.181260041765453e-05
2023-12-11,10:15:23,37.1768,23.5,25.0,2871,15022246.0,5.19786068446744e-05
2023-12-11,10:15:23,37.1838,23.5,25.0,2872,15022247.0,5.189553725234449e-05
2023-12-11,10:15:23,37.1874,23.5,25.0,2873,15022244.0,5.181260041765453e-05
2023-12-11,10:15:23,37.1909,23.5,25.0,2873,15022246.0,5.181260041765453e-05
2023-12-11,10:15:23,37.1943,23.5,25.0,2872,15022247.0,5.189553725234449e-05
2023-12-11,10:15:23,37.1978,23.5,25.0,2870,15022246.0,5.206180940715033e-05
2023-12-11,10:15:23,37.2012,23.5,25.0,2870,15022246.0,5.206180940715033e-05
2023-12-11,10:15:23,37.2048,23.5,25.0,2871,15022246.0,5.19786068446744e-05
2023-12-11,10:15:23,37.2117,23.5,25.0,2871,15022248.0,5.19786068446744e-05
2023-12-11,10:15:23,37.2152,23.5,25.0,2871,15022249.0,5.19786068446744e-05
2023-12-11,10:15:23,37.2188,23.5,25.0,2869,15022246.0,5.214514515261877e-05
2023-12-11,10:15:23,37.2225,23.5,25.0,2870,15022245.0,5.206180940715033e-05
2023-12-11,10:15:23,37.226,23.5,25.0,2872,15022246.0,5.189553725234449e-05
2023-12-11,10:15:23,37.2293,23.5,25.0,2872,15022245.0,5.189553725234449e-05
2023-12-11,10:15:23,37.2327,23.5,25.0,2870,15022245.0,5.206180940715033e-05
2023-12-11,10:15:23,37.2399,23.5,25.0,2869,15022246.0,5.214514515261877e-05
2023-12-11,10:15:23,37.2434,23.5,25.0,2871,15022244.0,5.19786068446744e-05
2023-12-11,10:15:23,37.2468,23.5,25.0,2872,15022246.0,5.189553725234449e-05
2023-12-11,10:15:23,37.2504,23.5,25.0,2872,15022245.0,5.189553725234449e-05
2023-12-11,10:15:23,37.2539,23.5,25.0,2872,15022245.0,5.189553725234449e-05
2023-12-11,10:15:23,37.2573,23.5,25.0,2870,15022248.0,5.206180940715033e-05
2023-12-11,10:15:23,37.2608,23.5,25.0,2870,15022249.0,5.206180940715033e-05
2023-12-11,10:15:23,37.2678,23.5,25.0,2872,15022245.0,5.189553725234449e-05
2023-12-11,10:15:23,37.2713,23.5,25.0,2871,15022244.0,5.19786068446744e-05
2023-12-11,10:15:23,37.2747,23.5,25.0,2869,15022244.0,5.214514515261877e-05
2023-12-11,10:15:23,37.2782,23.5,25.0,2869,15022247.0,5.214514515261877e-05
2023-12-11,10:15:23,37.2816,23.5,25.0,2870,15022246.0,5.206180940715033e-05
2023-12-11,10:15:23,37.2851,23.5,25.0,2871,15022243.0,5.19786068446744e-05
2023-12-11,10:15:24,37.2923,23.5,25.0,2870,15022246.0,5.206180940715033e-05
2023-12-11,10:15:24,37.2956,23.5,25.0,2869,15022244.0,5.214514515261877e-05
2023-12-11,10:15:24,37.299,23.5,25.0,2870,15022245.0,5.206180940715033e-05
2023-12-11,10:15:24,37.3026,23.5,25.0,2871,15022247.0,5.19786068446744e-05
2023-12-11,10:15:24,37.3061,23.5,25.0,2870,15022246.0,5.206180940715033e-05
2023-12-11,10:15:24,37.3095,23.5,25.0,2870,15022245.0,5.206180940715033e-05
2023-12-11,10:15:24,37.3131,23.5,25.0,2869,15022247.0,5.214514515261877e-05
2023-12-11,10:15:24,37.32,23.5,25.0,2869,15022247.0,5.214514515261877e-05
2023-12-11,10:15:24,37.3235,23.5,25.0,2870,15022246.0,5.206180940715033e-05
2023-12-11,10:15:24,37.3269,23.5,25.0,2871,15022243.0,5.19786068446744e-05
2023-12-11,10:15:24,37.3305,23.5,25.0,2870,15022244.0,5.206180940715033e-05
2023-12-11,10:15:24,37.334,23.5,25.0,2869,15022247.0,5.214514515261877e-05
2023-12-11,10:15:24,37.3376,23.5,25.0,2868,15022246.0,5.222861429426665e-05
2023-12-11,10:15:24,37.3412,23.5,25.0,2868,15022245.0,5.222861429426665e-05
2023-12-11,10:15:24,37.3481,23.5,25.0,2871,15022243.0,5.19786068446744e-05
2023-12-11,10:15:24,37.3515,23.5,25.0,2869,15022242.0,5.214514515261877e-05
2023-12-11,10:15:24,37.355,23.5,25.0,2869,15022245.0,5.214514515261877e-05
2023-12-11,10:15:24,37.3586,23.5,25.0,2869,15022243.0,5.214514515261877e-05
2023-12-11,10:15:24,37.3621,23.5,25.0,2868,15022242.0,5.222861429426665e-05
2023-12-11,10:15:24,37.3656,23.5,25.0,2869,15022242.0,5.214514515261877e-05
2023-12-11,10:15:24,37.3692,23.5,25.0,2869,15022242.0,5.214514515261877e-05
2023-12-11,10:15:24,37.376,23.5,25.0,2869,15022248.0,5.214514515261877e-05
2023-12-11,10:15:24,37.3796,23.5,25.0,2867,15022244.0,5.23122170456224e-05
2023-12-11,10:15:24,37.3831,23.5,25.0,2868,15022242.0,5.222861429426665e-05
2023-12-11,10:15:24,37.3866,23.5,25.0,2870,15022244.0,5.206180940715033e-05
2023-12-11,10:15:24,37.39,23.5,25.0,2870,15022244.0,5.206180940715033e-05
2023-12-11,10:15:24,37.3935,23.5,25.0,2868,15022243.0,5.222861429426665e-05
2023-12-11,10:15:24,37.3971,23.5,25.0,2868,15022244.0,5.222861429426665e-05
2023-12-11,10:15:24,37.4039,23.5,25.0,2869,15022245.0,5.214514515261877e-05
2023-12-11,10:15:24,37.4075,23.5,25.0,2869,15022245.0,5.214514515261877e-05
2023-12-11,10:15:24,37.411,23.5,25.0,2869,15022245.0,5.214514515261877e-05
2023-12-11,10:15:24,37.4145,23.5,25.0,2868,15022243.0,5.222861429426665e-05
2023-12-11,10:15:24,37.4181,23.5,25.0,2868,15022244.0,5.222861429426665e-05
2023-12-11,10:15:24,37.4215,23.5,25.0,2868,15022244.0,5.222861429426665e-05
2023-12-11,10:15:24,37.425,23.5,25.0,2870,15022240.0,5.206180940715033e-05
2023-12-11,10:15:24,37.4319,23.5,25.0,2868,15022246.0,5.222861429426665e-05
2023-12-11,10:15:24,37.4355,23.5,25.0,2866,15022243.0,5.2395953620556e-05
2023-12-11,10:15:24,37.4391,23.5,25.0,2867,15022243.0,5.23122170456224e-05
2023-12-11,10:15:24,37.4425,23.5,25.0,2869,15022245.0,5.214514515261877e-05
2023-12-11,10:15:24,37.446,23.5,25.0,2869,15022242.0,5.214514515261877e-05
2023-12-11,10:15:24,37.4494,23.5,25.0,2869,15022242.0,5.214514515261877e-05
2023-12-11,10:15:24,37.4528,23.5,25.0,2868,15022245.0,5.222861429426665e-05
2023-12-11,10:15:24,37.4601,23.5,25.0,2868,15022242.0,5.222861429426665e-05
2023-12-11,10:15:24,37.4635,23.5,25.0,2870,15022243.0,5.206180940715033e-05
2023-12-11,10:15:24,37.467,23.5,25.0,2870,15022243.0,5.206180940715033e-05
2023-12-11,10:15:24,37.4706,23.5,25.0,2868,15022242.0,5.222861429426665e-05
2023-12-11,10:15:24,37.474,23.5,25.0,2868,15022244.0,5.222861429426665e-05
2023-12-11,10:15:24,37.4775,23.5,25.0,2869,15022246.0,5.214514515261877e-05
2023-12-11,10:15:24,37.4811,23.5,25.0,2869,15022245.0,5.214514515261877e-05
2023-12-11,10:15:24,37.488,23.5,25.0,2870,15022242.0,5.206180940715033e-05
2023-12-11,10:15:24,37.4914,23.5,25.0,2868,15022241.0,5.222861429426665e-05
2023-12-11,10:15:24,37.4949,23.5,25.0,2868,15022244.0,5.222861429426665e-05
2023-12-11,10:15:24,37.4985,23.5,25.0,2869,15022245.0,5.214514515261877e-05
2023-12-11,10:15:24,37.5019,23.5,25.0,2870,15022242.0,5.206180940715033e-05
2023-12-11,10:15:24,37.5054,23.5,25.0,2870,15022242.0,5.206180940715033e-05
2023-12-11,10:15:24,37.5123,23.5,25.0,2868,15022242.0,5.222861429426665e-05
2023-12-11,10:15:24,37.5159,23.5,25.0,2868,15022244.0,5.222861429426665e-05
2023-12-11,10:15:24,37.5193,23.5,25.0,2869,15022244.0,5.214514515261877e-05
2023-12-11,10:15:24,37.5228,23.5,25.0,2869,15022241.0,5.214514515261877e-05
2023-12-11,10:15:24,37.5264,23.5,25.0,2869,15022243.0,5.214514515261877e-05
2023-12-11,10:15:24,37.53,23.5,25.0,2870,15022241.0,5.206180940715033e-05
2023-12-11,10:15:24,37.5334,23.5,25.0,2869,15022240.0,5.214514515261877e-05
2023-12-11,10:15:24,37.5404,23.5,25.0,2868,15022243.0,5.222861429426665e-05
2023-12-11,10:15:24,37.5439,23.5,25.0,2869,15022240.0,5.214514515261877e-05
2023-12-11,10:15:24,37.5472,23.5,25.0,2869,15022241.0,5.214514515261877e-05
2023-12-11,10:15:24,37.5507,23.5,25.0,2868,15022244.0,5.222861429426665e-05
2023-12-11,10:15:24,37.5543,23.5,25.0,2867,15022243.0,5.23122170456224e-05
2023-12-11,10:15:24,37.5579,23.5,25.0,2868,15022243.0,5.222861429426665e-05
2023-12-11,10:15:24,37.5614,23.5,25.0,2869,15022244.0,5.214514515261877e-05
2023-12-11,10:15:24,37.5682,23.5,25.0,2870,15022242.0,5.206180940715033e-05
2023-12-11,10:15:24,37.5717,23.5,25.0,2870,15022243.0,5.206180940715033e-05
2023-12-11,10:15:24,37.5753,23.5,25.0,2869,15022241.0,5.214514515261877e-05
2023-12-11,10:15:24,37.5787,23.5,25.0,2869,15022242.0,5.214514515261877e-05
2023-12-11,10:15:24,37.5822,23.5,25.0,2869,15022242.0,5.214514515261877e-05
2023-12-11,10:15:24,37.5858,23.5,25.0,2869,15022242.0,5.214514515261877e-05
2023-12-11,10:15:24,37.5892,23.5,25.0,2869,15022243.0,5.214514515261877e-05
2023-12-11,10:15:24,37.5963,23.5,25.0,2869,15022242.0,5.214514515261877e-05
2023-12-11,10:15:24,37.5997,23.5,25.0,2869,15022242.0,5.214514515261877e-05
2023-12-11,10:15:24,37.6032,23.5,25.0,2869,15022242.0,5.214514515261877e-05
2023-12-11,10:15:24,37.6066,23.5,25.0,2870,15022239.0,5.206180940715033e-05
2023-12-11,10:15:24,37.6101,23.5,25.0,2870,15022241.0,5.206180940715033e-05
2023-12-11,10:15:24,37.6135,23.5,25.0,2869,15022243.0,5.214514515261877e-05
2023-12-11,10:15:24,37.6171,23.5,25.0,2868,15022241.0,5.222861429426665e-05
2023-12-11,10:15:24,37.6242,23.5,25.0,2871,15022242.0,5.19786068446744e-05
2023-12-11,10:15:24,37.6276,23.5,25.0,2870,15022240.0,5.206180940715033e-05
2023-12-11,10:15:24,37.6311,23.5,25.0,2869,15022240.0,5.214514515261877e-05
2023-12-11,10:15:24,37.6345,23.5,25.0,2869,15022242.0,5.214514515261877e-05
2023-12-11,10:15:24,37.638,23.5,25.0,2869,15022242.0,5.214514515261877e-05
2023-12-11,10:15:24,37.6416,23.5,25.0,2870,15022239.0,5.206180940715033e-05
2023-12-11,10:15:24,37.6452,23.5,25.0,2871,15022240.0,5.19786068446744e-05
2023-12-11,10:15:24,37.6521,23.5,25.0,2869,15022242.0,5.214514515261877e-05
2023-12-11,10:15:24,37.6556,23.5,25.0,2869,15022243.0,5.214514515261877e-05
2023-12-11,10:15:24,37.6592,23.5,25.0,2869,15022241.0,5.214514515261877e-05
2023-12-11,10:15:24,37.6627,23.5,25.0,2869,15022241.0,5.214514515261877e-05
2023-12-11,10:15:24,37.6661,23.5,25.0,2868,15022240.0,5.222861429426665e-05
2023-12-11,10:15:24,37.6696,23.5,25.0,2868,15022238.0,5.222861429426665e-05
2023-12-11,10:15:24,37.6766,23.5,25.0,2868,15022245.0,5.222861429426665e-05
2023-12-11,10:15:24,37.6802,23.5,25.0,2868,15022243.0,5.222861429426665e-05
2023-12-11,10:15:24,37.6836,23.5,25.0,2869,15022240.0,5.214514515261877e-05
2023-12-11,10:15:24,37.687,23.5,25.0,2868,15022239.0,5.222861429426665e-05
2023-12-11,10:15:24,37.6906,23.5,25.0,2869,15022240.0,5.214514515261877e-05
2023-12-11,10:15:24,37.694,23.5,25.0,2868,15022239.0,5.222861429426665e-05
2023-12-11,10:15:24,37.6975,23.5,25.0,2867,15022239.0,5.23122170456224e-05
2023-12-11,10:15:24,37.7045,23.5,25.0,2870,15022240.0,5.206180940715033e-05
2023-12-11,10:15:24,37.708,23.5,25.0,2868,15022240.0,5.222861429426665e-05
2023-12-11,10:15:24,37.7115,23.5,25.0,2868,15022241.0,5.222861429426665e-05
2023-12-11,10:15:24,37.7149,23.5,25.0,2868,15022240.0,5.222861429426665e-05
2023-12-11,10:15:24,37.7182,23.5,25.0,2867,15022240.0,5.23122170456224e-05
2023-12-11,10:15:24,37.7217,23.5,25.0,2868,15022241.0,5.222861429426665e-05
2023-12-11,10:15:24,37.7253,23.5,25.0,2869,15022239.0,5.214514515261877e-05
2023-12-11,10:15:24,37.7323,23.5,25.0,2868,15022242.0,5.222861429426665e-05
2023-12-11,10:15:24,37.7358,23.5,25.0,2867,15022241.0,5.23122170456224e-05
2023-12-11,10:15:24,37.7392,23.5,25.0,2868,15022241.0,5.222861429426665e-05
2023-12-11,10:15:24,37.7427,23.5,25.0,2869,15022239.0,5.214514515261877e-05
2023-12-11,10:15:24,37.7463,23.5,25.0,2869,15022237.0,5.214514515261877e-05
2023-12-11,10:15:24,37.7499,23.5,25.0,2869,15022240.0,5.214514515261877e-05
2023-12-11,10:15:24,37.7533,23.5,25.0,2868,15022243.0,5.222861429426665e-05
2023-12-11,10:15:24,37.7604,23.5,25.0,2869,15022239.0,5.214514515261877e-05
2023-12-11,10:15:24,37.7638,23.5,25.0,2869,15022239.0,5.214514515261877e-05
2023-12-11,10:15:24,37.7673,23.5,25.0,2868,15022240.0,5.222861429426665e-05
2023-12-11,10:15:24,37.7707,23.5,25.0,2867,15022240.0,5.23122170456224e-05
2023-12-11,10:15:24,37.7742,23.5,25.0,2868,15022241.0,5.222861429426665e-05
2023-12-11,10:15:24,37.7776,23.5,25.0,2868,15022241.0,5.222861429426665e-05
2023-12-11,10:15:24,37.7848,23.5,25.0,2870,15022240.0,5.206180940715033e-05
2023-12-11,10:15:24,37.7881,23.5,25.0,2869,15022241.0,5.214514515261877e-05
2023-12-11,10:15:24,37.7916,23.5,25.0,2868,15022241.0,5.222861429426665e-05
2023-12-11,10:15:24,37.795,23.5,25.0,2868,15022242.0,5.222861429426665e-05
2023-12-11,10:15:24,37.7985,23.5,25.0,2867,15022241.0,5.23122170456224e-05
2023-12-11,10:15:24,37.8021,23.5,25.0,2868,15022238.0,5.222861429426665e-05
2023-12-11,10:15:24,37.8057,23.5,25.0,2868,15022238.0,5.222861429426665e-05
2023-12-11,10:15:24,37.8126,23.5,25.0,2868,15022237.0,5.222861429426665e-05
2023-12-11,10:15:24,37.816,23.5,25.0,2867,15022241.0,5.23122170456224e-05
2023-12-11,10:15:24,37.8195,23.5,25.0,2866,15022241.0,5.2395953620556e-05
2023-12-11,10:15:24,37.8231,23.5,25.0,2867,15022239.0,5.23122170456224e-05
2023-12-11,10:15:24,37.8265,23.5,25.0,2869,15022240.0,5.214514515261877e-05
2023-12-11,10:15:24,37.83,23.5,25.0,2868,15022239.0,5.222861429426665e-05
2023-12-11,10:15:24,37.8336,23.5,25.0,2868,15022241.0,5.222861429426665e-05
2023-12-11,10:15:24,37.8405,23.5,25.0,2867,15022240.0,5.23122170456224e-05
2023-12-11,10:15:24,37.8439,23.5,25.0,2868,15022238.0,5.222861429426665e-05
2023-12-11,10:15:24,37.8474,23.5,25.0,2869,15022239.0,5.214514515261877e-05
2023-12-11,10:15:24,37.851,23.5,25.0,2868,15022240.0,5.222861429426665e-05
2023-12-11,10:15:24,37.8544,23.5,25.0,2867,15022240.0,5.23122170456224e-05
2023-12-11,10:15:24,37.8579,23.5,25.0,2867,15022241.0,5.23122170456224e-05
2023-12-11,10:15:24,37.8615,23.5,25.0,2868,15022241.0,5.222861429426665e-05
2023-12-11,10:15:24,37.8683,23.5,25.0,2869,15022238.0,5.214514515261877e-05
2023-12-11,10:15:24,37.8717,23.5,25.0,2868,15022239.0,5.222861429426665e-05
2023-12-11,10:15:24,37.8753,23.5,25.0,2867,15022240.0,5.23122170456224e-05
2023-12-11,10:15:24,37.8789,23.5,25.0,2867,15022241.0,5.23122170456224e-05
2023-12-11,10:15:24,37.8823,23.5,25.0,2868,15022241.0,5.222861429426665e-05
2023-12-11,10:15:24,37.8858,23.5,25.0,2868,15022239.0,5.222861429426665e-05
2023-12-11,10:15:24,37.8927,23.5,25.0,2868,15022240.0,5.222861429426665e-05
2023-12-11,10:15:24,37.8963,23.5,25.0,2868,15022240.0,5.222861429426665e-05
2023-12-11,10:15:24,37.8997,23.5,25.0,2868,15022241.0,5.222861429426665e-05
2023-12-11,10:15:24,37.9032,23.5,25.0,2869,15022240.0,5.214514515261877e-05
2023-12-11,10:15:24,37.9068,23.5,25.0,2869,15022238.0,5.214514515261877e-05
2023-12-11,10:15:24,37.9104,23.5,25.0,2869,15022238.0,5.214514515261877e-05
2023-12-11,10:15:24,37.9138,23.5,25.0,2868,15022241.0,5.222861429426665e-05
2023-12-11,10:15:24,37.9209,23.5,25.0,2867,15022242.0,5.23122170456224e-05
2023-12-11,10:15:24,37.9243,23.5,25.0,2868,15022241.0,5.222861429426665e-05
2023-12-11,10:15:24,37.9278,23.5,25.0,2869,15022239.0,5.214514515261877e-05
2023-12-11,10:15:24,37.9312,23.5,25.0,2869,15022240.0,5.214514515261877e-05
2023-12-11,10:15:24,37.9347,23.5,25.0,2868,15022242.0,5.222861429426665e-05
2023-12-11,10:15:24,37.9383,23.5,25.0,2867,15022240.0,5.23122170456224e-05
2023-12-11,10:15:24,37.9417,23.5,25.0,2867,15022240.0,5.23122170456224e-05
2023-12-11,10:15:24,37.9486,23.5,25.0,2868,15022239.0,5.222861429426665e-05
2023-12-11,10:15:24,37.9521,23.5,25.0,2867,15022238.0,5.23122170456224e-05
2023-12-11,10:15:24,37.9556,23.5,25.0,2867,15022241.0,5.23122170456224e-05
2023-12-11,10:15:24,37.959,23.5,25.0,2866,15022240.0,5.2395953620556e-05
2023-12-11,10:15:24,37.9626,23.5,25.0,2867,15022235.0,5.23122170456224e-05
2023-12-11,10:15:24,37.9662,23.5,25.0,2868,15022235.0,5.222861429426665e-05
2023-12-11,10:15:24,37.9696,23.5,25.0,2867,15022237.0,5.23122170456224e-05
2023-12-11,10:15:24,37.9765,23.5,25.0,2867,15022242.0,5.23122170456224e-05
2023-12-11,10:15:24,37.98,23.5,25.0,2867,15022240.0,5.23122170456224e-05
2023-12-11,10:15:24,37.9836,23.5,25.0,2867,15022238.0,5.23122170456224e-05
2023-12-11,10:15:24,37.9872,23.5,25.0,2868,15022239.0,5.222861429426665e-05
2023-12-11,10:15:24,37.9906,23.5,25.0,2868,15022239.0,5.222861429426665e-05
2023-12-11,10:15:24,37.9941,23.5,25.0,2866,15022239.0,5.2395953620556e-05
2023-12-11,10:15:24,37.9977,23.5,25.0,2866,15022241.0,5.2395953620556e-05
2023-12-11,10:15:24,38.0046,23.5,25.0,2867,15022235.0,5.23122170456224e-05
2023-12-11,10:15:24,38.008,23.5,25.0,2869,15022236.0,5.214514515261877e-05
2023-12-11,10:15:24,38.0115,23.5,25.0,2869,15022237.0,5.214514515261877e-05
2023-12-11,10:15:24,38.0151,23.5,25.0,2867,15022238.0,5.23122170456224e-05
2023-12-11,10:15:24,38.0185,23.5,25.0,2866,15022240.0,5.2395953620556e-05
2023-12-11,10:15:24,38.022,23.5,25.0,2867,15022238.0,5.23122170456224e-05
2023-12-11,10:15:24,38.029,23.5,25.0,2868,15022238.0,5.222861429426665e-05
2023-12-11,10:15:24,38.0325,23.5,25.0,2868,15022241.0,5.222861429426665e-05
2023-12-11,10:15:24,38.0359,23.5,25.0,2867,15022241.0,5.23122170456224e-05
2023-12-11,10:15:24,38.0394,23.5,25.0,2867,15022240.0,5.23122170456224e-05
2023-12-11,10:15:24,38.0428,23.5,25.0,2867,15022238.0,5.23122170456224e-05
2023-12-11,10:15:24,38.0463,23.5,25.0,2868,15022237.0,5.222861429426665e-05
2023-12-11,10:15:24,38.0498,23.5,25.0,2869,15022241.0,5.214514515261877e-05
2023-12-11,10:15:24,38.0568,23.5,25.0,2867,15022237.0,5.23122170456224e-05
2023-12-11,10:15:24,38.0604,23.5,25.0,2867,15022241.0,5.23122170456224e-05
2023-12-11,10:15:24,38.064,23.5,25.0,2867,15022241.0,5.23122170456224e-05
2023-12-11,10:15:24,38.0674,23.5,25.0,2867,15022237.0,5.23122170456224e-05
2023-12-11,10:15:24,38.0709,23.5,25.0,2867,15022237.0,5.23122170456224e-05
2023-12-11,10:15:24,38.0743,23.5,25.0,2867,15022239.0,5.23122170456224e-05
2023-12-11,10:15:24,38.0778,23.5,25.0,2866,15022238.0,5.2395953620556e-05
2023-12-11,10:15:24,38.0847,23.5,25.0,2866,15022238.0,5.2395953620556e-05
2023-12-11,10:15:24,38.0882,23.5,25.0,2867,15022237.0,5.23122170456224e-05
2023-12-11,10:15:24,38.0916,23.5,25.0,2867,15022237.0,5.23122170456224e-05
2023-12-11,10:15:24,38.0952,23.5,25.0,2866,15022241.0,5.2395953620556e-05
2023-12-11,10:15:24,38.0988,23.5,25.0,2865,15022241.0,5.247982423328003e-05
2023-12-11,10:15:24,38.1022,23.5,25.0,2866,15022238.0,5.2395953620556e-05
2023-12-11,10:15:24,38.1093,23.5,25.0,2867,15022239.0,5.23122170456224e-05
2023-12-11,10:15:24,38.1127,23.5,25.0,2867,15022239.0,5.23122170456224e-05
2023-12-11,10:15:24,38.1161,23.5,25.0,2867,15022241.0,5.23122170456224e-05
2023-12-11,10:15:24,38.1195,23.5,25.0,2867,15022241.0,5.23122170456224e-05
2023-12-11,10:15:24,38.1231,23.5,25.0,2867,15022240.0,5.23122170456224e-05
2023-12-11,10:15:24,38.1266,23.5,25.0,2867,15022238.0,5.23122170456224e-05
2023-12-11,10:15:24,38.13,23.5,25.0,2867,15022238.0,5.23122170456224e-05
2023-12-11,10:15:24,38.1371,23.5,25.0,2866,15022242.0,5.2395953620556e-05
2023-12-11,10:15:24,38.1405,23.5,25.0,2865,15022239.0,5.247982423328003e-05
2023-12-11,10:15:24,38.144,23.5,25.0,2866,15022238.0,5.2395953620556e-05
2023-12-11,10:15:24,38.1474,23.5,25.0,2867,15022239.0,5.23122170456224e-05
2023-12-11,10:15:24,38.151,23.5,25.0,2867,15022238.0,5.23122170456224e-05
2023-12-11,10:15:24,38.1545,23.5,25.0,2867,15022238.0,5.23122170456224e-05
2023-12-11,10:15:24,38.1579,23.5,25.0,2866,15022241.0,5.2395953620556e-05
2023-12-11,10:15:24,38.165,23.5,25.0,2866,15022238.0,5.2395953620556e-05
2023-12-11,10:15:24,38.1684,23.5,25.0,2866,15022238.0,5.2395953620556e-05
2023-12-11,10:15:24,38.172,23.5,25.0,2866,15022238.0,5.2395953620556e-05
2023-12-11,10:15:24,38.1756,23.5,25.0,2866,15022239.0,5.2395953620556e-05
2023-12-11,10:15:24,38.179,23.5,25.0,2866,15022239.0,5.2395953620556e-05
2023-12-11,10:15:24,38.1825,23.5,25.0,2866,15022238.0,5.2395953620556e-05
2023-12-11,10:15:24,38.1861,23.5,25.0,2867,15022235.0,5.23122170456224e-05
2023-12-11,10:15:24,38.1929,23.5,25.0,2866,15022240.0,5.2395953620556e-05
2023-12-11,10:15:24,38.1963,23.5,25.0,2865,15022238.0,5.247982423328003e-05
2023-12-11,10:15:24,38.1998,23.5,25.0,2864,15022240.0,5.256382909834969e-05
2023-12-11,10:15:24,38.2032,23.5,25.0,2865,15022240.0,5.247982423328003e-05
2023-12-11,10:15:24,38.2068,23.5,25.0,2867,15022237.0,5.23122170456224e-05
2023-12-11,10:15:24,38.2104,23.5,25.0,2867,15022238.0,5.23122170456224e-05
2023-12-11,10:15:24,38.2173,23.5,25.0,2866,15022235.0,5.2395953620556e-05
2023-12-11,10:15:24,38.2208,23.5,25.0,2865,15022235.0,5.247982423328003e-05
2023-12-11,10:15:24,38.2242,23.5,25.0,2867,15022236.0,5.23122170456224e-05
2023-12-11,10:15:24,38.2277,23.5,25.0,2868,15022237.0,5.222861429426665e-05
2023-12-11,10:15:24,38.2311,23.5,25.0,2866,15022237.0,5.2395953620556e-05
2023-12-11,10:15:24,38.2347,23.5,25.0,2866,15022237.0,5.2395953620556e-05
2023-12-11,10:15:24,38.2382,23.5,25.0,2866,15022238.0,5.2395953620556e-05
2023-12-11,10:15:24,38.2452,23.5,25.0,2866,15022239.0,5.2395953620556e-05
2023-12-11,10:15:24,38.2488,23.5,25.0,2866,15022240.0,5.2395953620556e-05
2023-12-11,10:15:24,38.2523,23.5,25.0,2865,15022239.0,5.247982423328003e-05
2023-12-11,10:15:24,38.2557,23.5,25.0,2865,15022238.0,5.247982423328003e-05
2023-12-11,10:15:24,38.2593,23.5,25.0,2864,15022237.0,5.256382909834969e-05
2023-12-11,10:15:24,38.2626,23.5,25.0,2865,15022236.0,5.247982423328003e-05
2023-12-11,10:15:24,38.2661,23.5,25.0,2866,15022237.0,5.2395953620556e-05
2023-12-11,10:15:24,38.273,23.5,25.0,2866,15022237.0,5.2395953620556e-05
2023-12-11,10:15:24,38.2766,23.5,25.0,2866,15022238.0,5.2395953620556e-05
2023-12-11,10:15:24,38.28,23.5,25.0,2865,15022237.0,5.247982423328003e-05
2023-12-11,10:15:24,38.2835,23.5,25.0,2865,15022236.0,5.247982423328003e-05
2023-12-11,10:15:25,38.2869,23.5,25.0,2866,15022236.0,5.2395953620556e-05
2023-12-11,10:15:25,38.2905,23.5,25.0,2867,15022236.0,5.23122170456224e-05
2023-12-11,10:15:25,38.2941,23.5,25.0,2866,15022239.0,5.2395953620556e-05
2023-12-11,10:15:25,38.301,23.5,25.0,2865,15022236.0,5.247982423328003e-05
2023-12-11,10:15:25,38.3045,23.5,25.0,2865,15022235.0,5.247982423328003e-05
2023-12-11,10:15:25,38.3079,23.5,25.0,2865,15022237.0,5.247982423328003e-05
2023-12-11,10:15:25,38.3114,23.5,25.0,2865,15022236.0,5.247982423328003e-05
2023-12-11,10:15:25,38.3148,23.5,25.0,2865,15022237.0,5.247982423328003e-05
2023-12-11,10:15:25,38.3183,23.5,25.0,2865,15022238.0,5.247982423328003e-05
2023-12-11,10:15:25,38.3253,23.5,25.0,2866,15022236.0,5.2395953620556e-05
2023-12-11,10:15:25,38.3288,23.5,25.0,2867,15022234.0,5.23122170456224e-05
2023-12-11,10:15:25,38.3323,23.5,25.0,2866,15022236.0,5.2395953620556e-05
2023-12-11,10:15:25,38.3357,23.5,25.0,2866,15022238.0,5.2395953620556e-05
2023-12-11,10:15:25,38.3392,23.5,25.0,2866,15022238.0,5.2395953620556e-05
2023-12-11,10:15:25,38.3428,23.5,25.0,2865,15022237.0,5.247982423328003e-05
2023-12-11,10:15:25,38.3462,23.5,25.0,2865,15022235.0,5.247982423328003e-05
2023-12-11,10:15:25,38.3532,23.5,25.0,2865,15022239.0,5.247982423328003e-05
2023-12-11,10:15:25,38.3567,23.5,25.0,2864,15022237.0,5.256382909834969e-05
2023-12-11,10:15:25,38.36,23.5,25.0,2865,15022239.0,5.247982423328003e-05
2023-12-11,10:15:25,38.3635,23.5,25.0,2865,15022236.0,5.247982423328003e-05
2023-12-11,10:15:25,38.3671,23.5,25.0,2865,15022234.0,5.247982423328003e-05
2023-12-11,10:15:25,38.3705,23.5,25.0,2865,15022236.0,5.247982423328003e-05
2023-12-11,10:15:25,38.374,23.5,25.0,2864,15022237.0,5.256382909834969e-05
2023-12-11,10:15:25,38.381,23.5,25.0,2865,15022238.0,5.247982423328003e-05
2023-12-11,10:15:25,38.3845,23.5,25.0,2864,15022235.0,5.256382909834969e-05
2023-12-11,10:15:25,38.3881,23.5,25.0,2865,15022234.0,5.247982423328003e-05
2023-12-11,10:15:25,38.3915,23.5,25.0,2866,15022236.0,5.2395953620556e-05
2023-12-11,10:15:25,38.395,23.5,25.0,2866,15022236.0,5.2395953620556e-05
2023-12-11,10:15:25,38.3984,23.5,25.0,2865,15022236.0,5.247982423328003e-05
2023-12-11,10:15:25,38.4055,23.5,25.0,2863,15022237.0,5.264796843066387e-05
2023-12-11,10:15:25,38.4089,23.5,25.0,2865,15022234.0,5.247982423328003e-05
2023-12-11,10:15:25,38.4124,23.5,25.0,2865,15022234.0,5.247982423328003e-05
2023-12-11,10:15:25,38.4158,23.5,25.0,2864,15022236.0,5.256382909834969e-05
2023-12-11,10:15:25,38.4193,23.5,25.0,2865,15022237.0,5.247982423328003e-05
2023-12-11,10:15:25,38.4228,23.5,25.0,2866,15022236.0,5.2395953620556e-05
2023-12-11,10:15:25,38.4262,23.5,25.0,2865,15022235.0,5.247982423328003e-05
2023-12-11,10:15:25,38.4332,23.5,25.0,2866,15022236.0,5.2395953620556e-05
2023-12-11,10:15:25,38.4366,23.5,25.0,2866,15022238.0,5.2395953620556e-05
2023-12-11,10:15:25,38.44,23.5,25.0,2864,15022236.0,5.256382909834969e-05
2023-12-11,10:15:25,38.4436,23.5,25.0,2864,15022235.0,5.256382909834969e-05
2023-12-11,10:15:25,38.4472,23.5,25.0,2865,15022235.0,5.247982423328003e-05
2023-12-11,10:15:25,38.4507,23.5,25.0,2865,15022233.0,5.247982423328003e-05
2023-12-11,10:15:25,38.4574,23.5,25.0,2863,15022238.0,5.264796843066387e-05
2023-12-11,10:15:25,38.461,23.5,25.0,2863,15022236.0,5.264796843066387e-05
2023-12-11,10:15:25,38.4645,23.5,25.0,2864,15022235.0,5.256382909834969e-05
2023-12-11,10:15:25,38.4679,23.5,25.0,2865,15022236.0,5.247982423328003e-05
2023-12-11,10:15:25,38.4714,23.5,25.0,2865,15022234.0,5.247982423328003e-05
2023-12-11,10:15:25,38.4748,23.5,25.0,2866,15022236.0,5.2395953620556e-05
2023-12-11,10:15:25,38.4784,23.5,25.0,2864,15022238.0,5.256382909834969e-05
2023-12-11,10:15:25,38.4852,23.5,25.0,2862,15022237.0,5.273224244546526e-05
2023-12-11,10:15:25,38.4887,23.5,25.0,2863,15022236.0,5.264796843066387e-05
2023-12-11,10:15:25,38.4923,23.5,25.0,2864,15022234.0,5.256382909834969e-05
2023-12-11,10:15:25,38.4957,23.5,25.0,2863,15022234.0,5.264796843066387e-05
2023-12-11,10:15:25,38.4992,23.5,25.0,2863,15022235.0,5.264796843066387e-05
2023-12-11,10:15:25,38.5028,23.5,25.0,2863,15022236.0,5.264796843066387e-05
2023-12-11,10:15:25,38.5062,23.5,25.0,2864,15022235.0,5.256382909834969e-05
2023-12-11,10:15:25,38.5131,23.5,25.0,2865,15022235.0,5.247982423328003e-05
2023-12-11,10:15:25,38.5166,23.5,25.0,2864,15022235.0,5.256382909834969e-05
2023-12-11,10:15:25,38.5202,23.5,25.0,2863,15022237.0,5.264796843066387e-05
2023-12-11,10:15:25,38.5236,23.5,25.0,2863,15022236.0,5.264796843066387e-05
2023-12-11,10:15:25,38.5271,23.5,25.0,2863,15022236.0,5.264796843066387e-05
2023-12-11,10:15:25,38.5305,23.5,25.0,2863,15022236.0,5.264796843066387e-05
2023-12-11,10:15:25,38.5374,23.5,25.0,2864,15022235.0,5.256382909834969e-05
2023-12-11,10:15:25,38.5409,23.5,25.0,2863,15022237.0,5.264796843066387e-05
2023-12-11,10:15:25,38.5445,23.5,25.0,2863,15022237.0,5.264796843066387e-05
2023-12-11,10:15:25,38.5479,23.5,25.0,2863,15022235.0,5.264796843066387e-05
2023-12-11,10:15:25,38.5514,23.5,25.0,2863,15022235.0,5.264796843066387e-05
2023-12-11,10:15:25,38.5548,23.5,25.0,2863,15022235.0,5.264796843066387e-05
2023-12-11,10:15:25,38.5584,23.5,25.0,2863,15022236.0,5.264796843066387e-05
2023-12-11,10:15:25,38.5652,23.5,25.0,2862,15022234.0,5.273224244546526e-05
2023-12-11,10:15:25,38.5688,23.5,25.0,2862,15022232.0,5.273224244546526e-05
2023-12-11,10:15:25,38.5724,23.5,25.0,2863,15022233.0,5.264796843066387e-05
2023-12-11,10:15:25,38.5758,23.5,25.0,2863,15022233.0,5.264796843066387e-05
2023-12-11,10:15:25,38.5792,23.5,25.0,2862,15022234.0,5.273224244546526e-05
2023-12-11,10:15:25,38.5826,23.5,25.0,2862,15022234.0,5.273224244546526e-05
2023-12-11,10:15:25,38.5862,23.5,25.0,2863,15022236.0,5.264796843066387e-05
2023-12-11,10:15:25,38.5934,23.5,25.0,2861,15022233.0,5.281665135834127e-05
2023-12-11,10:15:25,38.5968,23.5,25.0,2861,15022234.0,5.281665135834127e-05
2023-12-11,10:15:25,38.6003,23.5,25.0,2861,15022235.0,5.281665135834127e-05
2023-12-11,10:15:25,38.6037,23.5,25.0,2862,15022235.0,5.273224244546526e-05
2023-12-11,10:15:25,38.6072,23.5,25.0,2863,15022235.0,5.264796843066387e-05
2023-12-11,10:15:25,38.6108,23.5,25.0,2863,15022232.0,5.264796843066387e-05
2023-12-11,10:15:25,38.6177,23.5,25.0,2863,15022235.0,5.264796843066387e-05
2023-12-11,10:15:25,38.6212,23.5,25.0,2863,15022234.0,5.264796843066387e-05
2023-12-11,10:15:25,38.6246,23.5,25.0,2863,15022236.0,5.264796843066387e-05
2023-12-11,10:15:25,38.6282,23.5,25.0,2863,15022236.0,5.264796843066387e-05
2023-12-11,10:15:25,38.6316,23.5,25.0,2863,15022234.0,5.264796843066387e-05
2023-12-11,10:15:25,38.6351,23.5,25.0,2862,15022233.0,5.273224244546526e-05
2023-12-11,10:15:25,38.6387,23.5,25.0,2862,15022233.0,5.273224244546526e-05
2023-12-11,10:15:25,38.6457,23.5,25.0,2861,15022236.0,5.281665135834127e-05
2023-12-11,10:15:25,38.6492,23.5,25.0,2862,15022234.0,5.273224244546526e-05
2023-12-11,10:15:25,38.6526,23.5,25.0,2863,15022232.0,5.264796843066387e-05
2023-12-11,10:15:25,38.6561,23.5,25.0,2865,15022235.0,5.247982423328003e-05
2023-12-11,10:15:25,38.6596,23.5,25.0,2864,15022237.0,5.256382909834969e-05
2023-12-11,10:15:25,38.663,23.5,25.0,2861,15022234.0,5.281665135834127e-05
2023-12-11,10:15:25,38.6666,23.5,25.0,2862,15022234.0,5.273224244546526e-05
2023-12-11,10:15:25,38.6735,23.5,25.0,2862,15022234.0,5.273224244546526e-05
2023-12-11,10:15:25,38.677,23.5,25.0,2862,15022233.0,5.273224244546526e-05
2023-12-11,10:15:25,38.6803,23.5,25.0,2862,15022235.0,5.273224244546526e-05
2023-12-11,10:15:25,38.6837,23.5,25.0,2862,15022235.0,5.273224244546526e-05
2023-12-11,10:15:25,38.6873,23.5,25.0,2864,15022232.0,5.256382909834969e-05
2023-12-11,10:15:25,38.6909,23.5,25.0,2864,15022232.0,5.256382909834969e-05
2023-12-11,10:15:25,38.6978,23.5,25.0,2861,15022233.0,5.281665135834127e-05
2023-12-11,10:15:25,38.7013,23.5,25.0,2861,15022234.0,5.281665135834127e-05
2023-12-11,10:15:25,38.7047,23.5,25.0,2861,15022234.0,5.281665135834127e-05
2023-12-11,10:15:25,38.7083,23.5,25.0,2862,15022234.0,5.273224244546526e-05
2023-12-11,10:15:25,38.7118,23.5,25.0,2863,15022235.0,5.264796843066387e-05
2023-12-11,10:15:25,38.7152,23.5,25.0,2863,15022235.0,5.264796843066387e-05
2023-12-11,10:15:25,38.7188,23.5,25.0,2862,15022233.0,5.273224244546526e-05
2023-12-11,10:15:25,38.7257,23.5,25.0,2863,15022234.0,5.264796843066387e-05
2023-12-11,10:15:25,38.7293,23.5,25.0,2863,15022232.0,5.264796843066387e-05
2023-12-11,10:15:25,38.7328,23.5,25.0,2863,15022233.0,5.264796843066387e-05
2023-12-11,10:15:25,38.7361,23.5,25.0,2863,15022233.0,5.264796843066387e-05
2023-12-11,10:15:25,38.7397,23.5,25.0,2862,15022232.0,5.273224244546526e-05
2023-12-11,10:15:25,38.7433,23.5,25.0,2862,15022233.0,5.273224244546526e-05
2023-12-11,10:15:25,38.7467,23.5,25.0,2862,15022233.0,5.273224244546526e-05
2023-12-11,10:15:25,38.7535,23.5,25.0,2861,15022232.0,5.281665135834127e-05
2023-12-11,10:15:25,38.757,23.5,25.0,2861,15022234.0,5.281665135834127e-05
2023-12-11,10:15:25,38.7605,23.5,25.0,2863,15022236.0,5.264796843066387e-05
2023-12-11,10:15:25,38.764,23.5,25.0,2864,15022237.0,5.256382909834969e-05
2023-12-11,10:15:25,38.7675,23.5,25.0,2862,15022233.0,5.273224244546526e-05
2023-12-11,10:15:25,38.7709,23.5,25.0,2864,15022228.0,5.256382909834969e-05
2023-12-11,10:15:25,38.7778,23.5,25.0,2861,15022233.0,5.281665135834127e-05
2023-12-11,10:15:25,38.7814,23.5,25.0,2861,15022233.0,5.281665135834127e-05
2023-12-11,10:15:25,38.785,23.5,25.0,2862,15022235.0,5.273224244546526e-05
2023-12-11,10:15:25,38.7884,23.5,25.0,2862,15022235.0,5.273224244546526e-05
2023-12-11,10:15:25,38.7919,23.5,25.0,2862,15022232.0,5.273224244546526e-05
2023-12-11,10:15:25,38.7954,23.5,25.0,2862,15022233.0,5.273224244546526e-05
2023-12-11,10:15:25,38.7988,23.5,25.0,2860,15022235.0,5.290119538522418e-05
2023-12-11,10:15:25,38.8059,23.5,25.0,2861,15022234.0,5.281665135834127e-05
2023-12-11,10:15:25,38.8094,23.5,25.0,2862,15022236.0,5.273224244546526e-05
2023-12-11,10:15:25,38.8129,23.5,25.0,2863,15022232.0,5.264796843066387e-05
2023-12-11,10:15:25,38.8164,23.5,25.0,2863,15022230.0,5.264796843066387e-05
2023-12-11,10:15:25,38.8198,23.5,25.0,2861,15022235.0,5.281665135834127e-05
2023-12-11,10:15:25,38.8233,23.5,25.0,2860,15022234.0,5.290119538522418e-05
2023-12-11,10:15:25,38.8267,23.5,25.0,2862,15022232.0,5.273224244546526e-05
2023-12-11,10:15:25,38.8338,23.5,25.0,2863,15022232.0,5.264796843066387e-05
2023-12-11,10:15:25,38.8372,23.5,25.0,2862,15022232.0,5.273224244546526e-05
2023-12-11,10:15:25,38.8405,23.5,25.0,2860,15022235.0,5.290119538522418e-05
2023-12-11,10:15:25,38.8441,23.5,25.0,2860,15022235.0,5.290119538522418e-05
2023-12-11,10:15:25,38.8477,23.5,25.0,2862,15022234.0,5.273224244546526e-05
2023-12-11,10:15:25,38.8512,23.5,25.0,2862,15022234.0,5.273224244546526e-05
2023-12-11,10:15:25,38.8581,23.5,25.0,2860,15022232.0,5.290119538522418e-05
2023-12-11,10:15:25,38.8614,23.5,25.0,2861,15022234.0,5.281665135834127e-05
2023-12-11,10:15:25,38.8649,23.5,25.0,2861,15022232.0,5.281665135834127e-05
2023-12-11,10:15:25,38.8684,23.5,25.0,2861,15022230.0,5.281665135834127e-05
2023-12-11,10:15:25,38.8719,23.5,25.0,2862,15022231.0,5.273224244546526e-05
2023-12-11,10:15:25,38.8755,23.5,25.0,2861,15022232.0,5.281665135834127e-05
2023-12-11,10:15:25,38.8789,23.5,25.0,2861,15022232.0,5.281665135834127e-05
2023-12-11,10:15:25,38.8859,23.5,25.0,2860,15022232.0,5.290119538522418e-05
2023-12-11,10:15:25,38.8894,23.5,25.0,2862,15022232.0,5.273224244546526e-05
2023-12-11,10:15:25,38.8929,23.5,25.0,2862,15022233.0,5.273224244546526e-05
2023-12-11,10:15:25,38.8964,23.5,25.0,2861,15022231.0,5.281665135834127e-05
2023-12-11,10:15:25,38.8998,23.5,25.0,2860,15022230.0,5.290119538522418e-05
2023-12-11,10:15:25,38.9033,23.5,25.0,2860,15022233.0,5.290119538522418e-05
2023-12-11,10:15:25,38.9068,23.5,25.0,2861,15022233.0,5.281665135834127e-05
2023-12-11,10:15:25,38.9139,23.5,25.0,2861,15022232.0,5.281665135834127e-05
2023-12-11,10:15:25,38.9173,23.5,25.0,2862,15022231.0,5.273224244546526e-05
2023-12-11,10:15:25,38.9207,23.5,25.0,2861,15022230.0,5.281665135834127e-05
2023-12-11,10:15:25,38.9241,23.5,25.0,2860,15022232.0,5.290119538522418e-05
2023-12-11,10:15:25,38.9277,23.5,25.0,2861,15022233.0,5.281665135834127e-05
2023-12-11,10:15:25,38.9312,23.5,25.0,2862,15022232.0,5.273224244546526e-05
2023-12-11,10:15:25,38.9381,23.5,25.0,2862,15022233.0,5.273224244546526e-05
2023-12-11,10:15:25,38.9415,23.5,25.0,2860,15022230.0,5.290119538522418e-05
2023-12-11,10:15:25,38.9451,23.5,25.0,2859,15022233.0,5.298587474239216e-05
2023-12-11,10:15:25,38.9487,23.5,25.0,2860,15022235.0,5.290119538522418e-05
2023-12-11,10:15:25,38.9522,23.5,25.0,2862,15022232.0,5.273224244546526e-05
2023-12-11,10:15:25,38.9556,23.5,25.0,2862,15022233.0,5.273224244546526e-05
2023-12-11,10:15:25,38.9591,23.5,25.0,2861,15022234.0,5.281665135834127e-05
2023-12-11,10:15:25,38.9661,23.5,25.0,2860,15022233.0,5.290119538522418e-05
2023-12-11,10:15:25,38.9696,23.5,25.0,2861,15022234.0,5.281665135834127e-05
2023-12-11,10:15:25,38.973,23.5,25.0,2861,15022231.0,5.281665135834127e-05
2023-12-11,10:15:25,38.9766,23.5,25.0,2861,15022230.0,5.281665135834127e-05
2023-12-11,10:15:25,38.9801,23.5,25.0,2862,15022232.0,5.273224244546526e-05
2023-12-11,10:15:25,38.9835,23.5,25.0,2860,15022230.0,5.290119538522418e-05
2023-12-11,10:15:25,38.987,23.5,25.0,2859,15022232.0,5.298587474239216e-05
2023-12-11,10:15:25,38.994,23.5,25.0,2861,15022229.0,5.281665135834127e-05
2023-12-11,10:15:25,38.9975,23.5,25.0,2862,15022230.0,5.273224244546526e-05
2023-12-11,10:15:25,39.0009,23.5,25.0,2861,15022234.0,5.281665135834127e-05
2023-12-11,10:15:25,39.0044,23.5,25.0,2860,15022233.0,5.290119538522418e-05
2023-12-11,10:15:25,39.0078,23.5,25.0,2860,15022233.0,5.290119538522418e-05
2023-12-11,10:15:25,39.0114,23.5,25.0,2861,15022234.0,5.281665135834127e-05
2023-12-11,10:15:25,39.0149,23.5,25.0,2861,15022230.0,5.281665135834127e-05
2023-12-11,10:15:25,39.0217,23.5,25.0,2861,15022233.0,5.281665135834127e-05
2023-12-11,10:15:25,39.0252,23.5,25.0,2861,15022232.0,5.281665135834127e-05
2023-12-11,10:15:25,39.0288,23.5,25.0,2861,15022233.0,5.281665135834127e-05
2023-12-11,10:15:25,39.0323,23.5,25.0,2861,15022232.0,5.281665135834127e-05
2023-12-11,10:15:25,39.0357,23.5,25.0,2862,15022227.0,5.273224244546526e-05
2023-12-11,10:15:25,39.0392,23.5,25.0,2862,15022227.0,5.273224244546526e-05
2023-12-11,10:15:25,39.0462,23.5,25.0,2859,15022232.0,5.298587474239216e-05
2023-12-11,10:15:25,39.0497,23.5,25.0,2860,15022233.0,5.290119538522418e-05
2023-12-11,10:15:25,39.053,23.5,25.0,2861,15022232.0,5.281665135834127e-05
2023-12-11,10:15:25,39.0565,23.5,25.0,2861,15022228.0,5.281665135834127e-05
2023-12-11,10:15:25,39.0599,23.5,25.0,2860,15022227.0,5.290119538522418e-05
2023-12-11,10:15:25,39.0635,23.5,25.0,2859,15022231.0,5.298587474239216e-05
2023-12-11,10:15:25,39.0671,23.5,25.0,2859,15022233.0,5.298587474239216e-05
2023-12-11,10:15:25,39.074,23.5,25.0,2862,15022230.0,5.273224244546526e-05
2023-12-11,10:15:25,39.0775,23.5,25.0,2861,15022230.0,5.281665135834127e-05
2023-12-11,10:15:25,39.0811,23.5,25.0,2861,15022229.0,5.281665135834127e-05
2023-12-11,10:15:25,39.0845,23.5,25.0,2860,15022233.0,5.290119538522418e-05
2023-12-11,10:15:25,39.088,23.5,25.0,2859,15022233.0,5.298587474239216e-05
2023-12-11,10:15:25,39.0916,23.5,25.0,2860,15022231.0,5.290119538522418e-05
2023-12-11,10:15:25,39.095,23.5,25.0,2862,15022233.0,5.273224244546526e-05
2023-12-11,10:15:25,39.1019,23.5,25.0,2862,15022227.0,5.273224244546526e-05
2023-12-11,10:15:25,39.1052,23.5,25.0,2859,15022234.0,5.298587474239216e-05
2023-12-11,10:15:25,39.1088,23.5,25.0,2858,15022233.0,5.307068964646934e-05
2023-12-11,10:15:25,39.1124,23.5,25.0,2861,15022229.0,5.281665135834127e-05
2023-12-11,10:15:25,39.1157,23.5,25.0,2862,15022231.0,5.273224244546526e-05
2023-12-11,10:15:25,39.1192,23.5,25.0,2861,15022230.0,5.281665135834127e-05
2023-12-11,10:15:25,39.1261,23.5,25.0,2860,15022234.0,5.290119538522418e-05
2023-12-11,10:15:25,39.1297,23.5,25.0,2859,15022230.0,5.298587474239216e-05
2023-12-11,10:15:25,39.1332,23.5,25.0,2861,15022229.0,5.281665135834127e-05
2023-12-11,10:15:25,39.1366,23.5,25.0,2862,15022231.0,5.273224244546526e-05
2023-12-11,10:15:25,39.1402,23.5,25.0,2861,15022229.0,5.281665135834127e-05
2023-12-11,10:15:25,39.1436,23.5,25.0,2860,15022228.0,5.290119538522418e-05
2023-12-11,10:15:25,39.1471,23.5,25.0,2858,15022233.0,5.307068964646934e-05
2023-12-11,10:15:25,39.1541,23.5,25.0,2861,15022229.0,5.281665135834127e-05
2023-12-11,10:15:25,39.1575,23.5,25.0,2862,15022228.0,5.273224244546526e-05
2023-12-11,10:15:25,39.1609,23.5,25.0,2861,15022228.0,5.281665135834127e-05
2023-12-11,10:15:25,39.1645,23.5,25.0,2862,15022231.0,5.273224244546526e-05
2023-12-11,10:15:25,39.168,23.5,25.0,2862,15022233.0,5.273224244546526e-05
2023-12-11,10:15:25,39.1714,23.5,25.0,2861,15022231.0,5.281665135834127e-05
2023-12-11,10:15:25,39.1785,23.5,25.0,2861,15022228.0,5.281665135834127e-05
2023-12-11,10:15:25,39.1819,23.5,25.0,2861,15022227.0,5.281665135834127e-05
2023-12-11,10:15:25,39.1855,23.5,25.0,2860,15022227.0,5.290119538522418e-05
2023-12-11,10:15:25,39.189,23.5,25.0,2859,15022231.0,5.298587474239216e-05
2023-12-11,10:15:25,39.1923,23.5,25.0,2860,15022232.0,5.290119538522418e-05
2023-12-11,10:15:25,39.1959,23.5,25.0,2862,15022228.0,5.273224244546526e-05
2023-12-11,10:15:25,39.1995,23.5,25.0,2862,15022228.0,5.273224244546526e-05
2023-12-11,10:15:25,39.2064,23.5,25.0,2860,15022229.0,5.290119538522418e-05
2023-12-11,10:15:25,39.2098,23.5,25.0,2861,15022231.0,5.281665135834127e-05
2023-12-11,10:15:25,39.2134,23.5,25.0,2861,15022231.0,5.281665135834127e-05
2023-12-11,10:15:25,39.2169,23.5,25.0,2861,15022228.0,5.281665135834127e-05
2023-12-11,10:15:25,39.2202,23.5,25.0,2861,15022228.0,5.281665135834127e-05
2023-12-11,10:15:25,39.2236,23.5,25.0,2861,15022229.0,5.281665135834127e-05
2023-12-11,10:15:25,39.2272,23.5,25.0,2860,15022229.0,5.290119538522418e-05
2023-12-11,10:15:25,39.2343,23.5,25.0,2862,15022233.0,5.273224244546526e-05
2023-12-11,10:15:25,39.2376,23.5,25.0,2863,15022230.0,5.264796843066387e-05
2023-12-11,10:15:25,39.2411,23.5,25.0,2862,15022228.0,5.273224244546526e-05
2023-12-11,10:15:25,39.2445,23.5,25.0,2860,15022231.0,5.290119538522418e-05
2023-12-11,10:15:25,39.248,23.5,25.0,2860,15022230.0,5.290119538522418e-05
2023-12-11,10:15:25,39.2516,23.5,25.0,2860,15022231.0,5.290119538522418e-05
2023-12-11,10:15:25,39.2585,23.5,25.0,2862,15022229.0,5.273224244546526e-05
2023-12-11,10:15:25,39.2619,23.5,25.0,2862,15022229.0,5.273224244546526e-05
2023-12-11,10:15:25,39.2654,23.5,25.0,2860,15022231.0,5.290119538522418e-05
2023-12-11,10:15:25,39.2688,23.5,25.0,2858,15022229.0,5.307068964646934e-05
2023-12-11,10:15:25,39.2723,23.5,25.0,2859,15022230.0,5.298587474239216e-05
2023-12-11,10:15:25,39.2757,23.5,25.0,2861,15022231.0,5.281665135834127e-05
2023-12-11,10:15:25,39.2792,23.5,25.0,2862,15022225.0,5.273224244546526e-05
2023-12-11,10:15:25,39.2861,23.5,25.0,2861,15022230.0,5.281665135834127e-05
2023-12-11,10:15:26,39.2897,23.5,25.0,2860,15022228.0,5.290119538522418e-05
2023-12-11,10:15:26,39.2932,23.5,25.0,2859,15022230.0,5.298587474239216e-05
2023-12-11,10:15:26,39.2966,23.5,25.0,2860,15022231.0,5.290119538522418e-05
2023-12-11,10:15:26,39.3001,23.5,25.0,2862,15022226.0,5.273224244546526e-05
2023-12-11,10:15:26,39.3035,23.5,25.0,2861,15022227.0,5.281665135834127e-05
2023-12-11,10:15:26,39.3104,23.5,25.0,2859,15022230.0,5.298587474239216e-05
2023-12-11,10:15:26,39.314,23.5,25.0,2860,15022230.0,5.290119538522418e-05
2023-12-11,10:15:26,39.3175,23.5,25.0,2860,15022229.0,5.290119538522418e-05
2023-12-11,10:15:26,39.3209,23.5,25.0,2860,15022227.0,5.290119538522418e-05
2023-12-11,10:15:26,39.3245,23.5,25.0,2861,15022228.0,5.281665135834127e-05
2023-12-11,10:15:26,39.328,23.5,25.0,2860,15022230.0,5.290119538522418e-05
2023-12-11,10:15:26,39.3314,23.5,25.0,2858,15022229.0,5.307068964646934e-05
2023-12-11,10:15:26,39.3383,23.5,25.0,2859,15022230.0,5.298587474239216e-05
2023-12-11,10:15:26,39.3419,23.5,25.0,2860,15022226.0,5.290119538522418e-05
2023-12-11,10:15:26,39.3454,23.5,25.0,2860,15022227.0,5.290119538522418e-05
2023-12-11,10:15:26,39.3487,23.5,25.0,2859,15022230.0,5.298587474239216e-05
2023-12-11,10:15:26,39.3522,23.5,25.0,2859,15022230.0,5.298587474239216e-05
2023-12-11,10:15:26,39.3557,23.5,25.0,2860,15022231.0,5.290119538522418e-05
2023-12-11,10:15:26,39.3592,23.5,25.0,2861,15022230.0,5.281665135834127e-05
2023-12-11,10:15:26,39.3661,23.5,25.0,2861,15022226.0,5.281665135834127e-05
2023-12-11,10:15:26,39.3696,23.5,25.0,2861,15022229.0,5.281665135834127e-05
2023-12-11,10:15:26,39.3732,23.5,25.0,2860,15022229.0,5.290119538522418e-05
2023-12-11,10:15:26,39.3767,23.5,25.0,2860,15022229.0,5.290119538522418e-05
2023-12-11,10:15:26,39.3803,23.5,25.0,2861,15022229.0,5.281665135834127e-05
2023-12-11,10:15:26,39.3838,23.5,25.0,2862,15022224.0,5.273224244546526e-05
2023-12-11,10:15:26,39.3904,23.5,25.0,2859,15022232.0,5.298587474239216e-05
2023-12-11,10:15:26,39.3939,23.5,25.0,2858,15022230.0,5.307068964646934e-05
2023-12-11,10:15:26,39.3975,23.5,25.0,2860,15022228.0,5.290119538522418e-05
2023-12-11,10:15:26,39.4011,23.5,25.0,2861,15022229.0,5.281665135834127e-05
2023-12-11,10:15:26,39.4045,23.5,25.0,2861,15022226.0,5.281665135834127e-05
2023-12-11,10:15:26,39.4078,23.5,25.0,2861,15022227.0,5.281665135834127e-05
2023-12-11,10:15:26,39.4113,23.5,25.0,2860,15022230.0,5.290119538522418e-05
2023-12-11,10:15:26,39.4185,23.5,25.0,2860,15022229.0,5.290119538522418e-05
2023-12-11,10:15:26,39.4219,23.5,25.0,2862,15022229.0,5.273224244546526e-05
2023-12-11,10:15:26,39.4254,23.5,25.0,2862,15022228.0,5.273224244546526e-05
2023-12-11,10:15:26,39.4288,23.5,25.0,2860,15022227.0,5.290119538522418e-05
2023-12-11,10:15:26,39.4323,23.5,25.0,2859,15022230.0,5.298587474239216e-05
2023-12-11,10:15:26,39.4357,23.5,25.0,2859,15022230.0,5.298587474239216e-05
2023-12-11,10:15:26,39.4428,23.5,25.0,2861,15022229.0,5.281665135834127e-05
2023-12-11,10:15:26,39.4462,23.5,25.0,2861,15022227.0,5.281665135834127e-05
2023-12-11,10:15:26,39.4497,23.5,25.0,2861,15022226.0,5.281665135834127e-05
2023-12-11,10:15:26,39.4532,23.5,25.0,2860,15022231.0,5.290119538522418e-05
2023-12-11,10:15:26,39.4566,23.5,25.0,2859,15022229.0,5.298587474239216e-05
2023-12-11,10:15:26,39.4602,23.5,25.0,2861,15022226.0,5.281665135834127e-05
2023-12-11,10:15:26,39.4636,23.5,25.0,2862,15022227.0,5.273224244546526e-05
2023-12-11,10:15:26,39.4706,23.5,25.0,2860,15022225.0,5.290119538522418e-05
2023-12-11,10:15:26,39.474,23.5,25.0,2859,15022229.0,5.298587474239216e-05
2023-12-11,10:15:26,39.4776,23.5,25.0,2859,15022230.0,5.298587474239216e-05
2023-12-11,10:15:26,39.4812,23.5,25.0,2860,15022227.0,5.290119538522418e-05
2023-12-11,10:15:26,39.4846,23.5,25.0,2861,15022227.0,5.281665135834127e-05
2023-12-11,10:15:26,39.488,23.5,25.0,2862,15022224.0,5.273224244546526e-05
2023-12-11,10:15:26,39.4914,23.5,25.0,2861,15022224.0,5.281665135834127e-05
2023-12-11,10:15:26,39.4983,23.5,25.0,2861,15022227.0,5.281665135834127e-05
2023-12-11,10:15:26,39.5018,23.5,25.0,2861,15022227.0,5.281665135834127e-05
2023-12-11,10:15:26,39.5054,23.5,25.0,2860,15022225.0,5.290119538522418e-05
2023-12-11,10:15:26,39.509,23.5,25.0,2860,15022224.0,5.290119538522418e-05
2023-12-11,10:15:26,39.5124,23.5,25.0,2861,15022227.0,5.281665135834127e-05
2023-12-11,10:15:26,39.5159,23.5,25.0,2860,15022229.0,5.290119538522418e-05
2023-12-11,10:15:26,39.5228,23.5,25.0,2862,15022229.0,5.273224244546526e-05
2023-12-11,10:15:26,39.5262,23.5,25.0,2863,15022227.0,5.264796843066387e-05
2023-12-11,10:15:26,39.5297,23.5,25.0,2862,15022225.0,5.273224244546526e-05
2023-12-11,10:15:26,39.5332,23.5,25.0,2861,15022226.0,5.281665135834127e-05
2023-12-11,10:15:26,39.5366,23.5,25.0,2860,15022231.0,5.290119538522418e-05
2023-12-11,10:15:26,39.5401,23.5,25.0,2859,15022230.0,5.298587474239216e-05
2023-12-11,10:15:26,39.5435,23.5,25.0,2860,15022228.0,5.290119538522418e-05
2023-12-11,10:15:26,39.5506,23.5,25.0,2861,15022226.0,5.281665135834127e-05
2023-12-11,10:15:26,39.554,23.5,25.0,2861,15022225.0,5.281665135834127e-05
2023-12-11,10:15:26,39.5575,23.5,25.0,2860,15022229.0,5.290119538522418e-05
2023-12-11,10:15:26,39.5611,23.5,25.0,2859,15022230.0,5.298587474239216e-05
2023-12-11,10:15:26,39.5645,23.5,25.0,2861,15022225.0,5.281665135834127e-05
2023-12-11,10:15:26,39.568,23.5,25.0,2862,15022226.0,5.273224244546526e-05
2023-12-11,10:15:26,39.5749,23.5,25.0,2861,15022225.0,5.281665135834127e-05
2023-12-11,10:15:26,39.5783,23.5,25.0,2860,15022230.0,5.290119538522418e-05
2023-12-11,10:15:26,39.5818,23.5,25.0,2860,15022230.0,5.290119538522418e-05
2023-12-11,10:15:26,39.5854,23.5,25.0,2862,15022225.0,5.273224244546526e-05
2023-12-11,10:15:26,39.5888,23.5,25.0,2862,15022225.0,5.273224244546526e-05
2023-12-11,10:15:26,39.5923,23.5,25.0,2861,15022224.0,5.281665135834127e-05
2023-12-11,10:15:26,39.5957,23.5,25.0,2860,15022224.0,5.290119538522418e-05
2023-12-11,10:15:26,39.6028,23.5,25.0,2859,15022230.0,5.298587474239216e-05
2023-12-11,10:15:26,39.6062,23.5,25.0,2860,15022225.0,5.290119538522418e-05
2023-12-11,10:15:26,39.6097,23.5,25.0,2862,15022225.0,5.273224244546526e-05
2023-12-11,10:15:26,39.6132,23.5,25.0,2862,15022226.0,5.273224244546526e-05
2023-12-11,10:15:26,39.6166,23.5,25.0,2861,15022226.0,5.281665135834127e-05
2023-12-11,10:15:26,39.6201,23.5,25.0,2861,15022228.0,5.281665135834127e-05
2023-12-11,10:15:26,39.6235,23.5,25.0,2861,15022229.0,5.281665135834127e-05
2023-12-11,10:15:26,39.6306,23.5,25.0,2864,15022229.0,5.256382909834969e-05
2023-12-11,10:15:26,39.634,23.5,25.0,2863,15022228.0,5.264796843066387e-05
2023-12-11,10:15:26,39.6376,23.5,25.0,2860,15022225.0,5.290119538522418e-05
2023-12-11,10:15:26,39.6411,23.5,25.0,2860,15022228.0,5.290119538522418e-05
2023-12-11,10:15:26,39.6445,23.5,25.0,2861,15022230.0,5.281665135834127e-05
2023-12-11,10:15:26,39.6481,23.5,25.0,2862,15022227.0,5.273224244546526e-05
2023-12-11,10:15:26,39.655,23.5,25.0,2861,15022228.0,5.281665135834127e-05
2023-12-11,10:15:26,39.6586,23.5,25.0,2861,15022227.0,5.281665135834127e-05
2023-12-11,10:15:26,39.662,23.5,25.0,2861,15022229.0,5.281665135834127e-05
2023-12-11,10:15:26,39.6655,23.5,25.0,2861,15022227.0,5.281665135834127e-05
2023-12-11,10:15:26,39.6691,23.5,25.0,2862,15022223.0,5.273224244546526e-05
2023-12-11,10:15:26,39.6725,23.5,25.0,2862,15022225.0,5.273224244546526e-05
2023-12-11,10:15:26,39.676,23.5,25.0,2861,15022227.0,5.281665135834127e-05
2023-12-11,10:15:26,39.683,23.5,25.0,2860,15022228.0,5.290119538522418e-05
2023-12-11,10:15:26,39.6865,23.5,25.0,2861,15022229.0,5.281665135834127e-05
2023-12-11,10:15:26,39.69,23.5,25.0,2862,15022225.0,5.273224244546526e-05
2023-12-11,10:15:26,39.6934,23.5,25.0,2862,15022224.0,5.273224244546526e-05
2023-12-11,10:15:26,39.6969,23.5,25.0,2861,15022227.0,5.281665135834127e-05
2023-12-11,10:15:26,39.7003,23.5,25.0,2861,15022227.0,5.281665135834127e-05
2023-12-11,10:15:26,39.7039,23.5,25.0,2861,15022228.0,5.281665135834127e-05
2023-12-11,10:15:26,39.7109,23.5,25.0,2862,15022226.0,5.273224244546526e-05
2023-12-11,10:15:26,39.7144,23.5,25.0,2863,15022226.0,5.264796843066387e-05
2023-12-11,10:15:26,39.7179,23.5,25.0,2862,15022229.0,5.273224244546526e-05
2023-12-11,10:15:26,39.7213,23.5,25.0,2861,15022227.0,5.281665135834127e-05
2023-12-11,10:15:26,39.7249,23.5,25.0,2862,15022225.0,5.273224244546526e-05
2023-12-11,10:15:26,39.7284,23.5,25.0,2863,15022227.0,5.264796843066387e-05
2023-12-11,10:15:26,39.7318,23.5,25.0,2863,15022225.0,5.264796843066387e-05
2023-12-11,10:15:26,39.7387,23.5,25.0,2862,15022230.0,5.273224244546526e-05
2023-12-11,10:15:26,39.7422,23.5,25.0,2860,15022225.0,5.290119538522418e-05
2023-12-11,10:15:26,39.7456,23.5,25.0,2861,15022225.0,5.281665135834127e-05
2023-12-11,10:15:26,39.7492,23.5,25.0,2863,15022227.0,5.264796843066387e-05
2023-12-11,10:15:26,39.7527,23.5,25.0,2862,15022225.0,5.273224244546526e-05
2023-12-11,10:15:26,39.7561,23.5,25.0,2861,15022225.0,5.281665135834127e-05
2023-12-11,10:15:26,39.763,23.5,25.0,2861,15022226.0,5.281665135834127e-05
2023-12-11,10:15:26,39.7666,23.5,25.0,2861,15022225.0,5.281665135834127e-05
2023-12-11,10:15:26,39.7702,23.5,25.0,2862,15022227.0,5.273224244546526e-05
2023-12-11,10:15:26,39.7737,23.5,25.0,2862,15022224.0,5.273224244546526e-05
2023-12-11,10:15:26,39.7771,23.5,25.0,2862,15022224.0,5.273224244546526e-05
2023-12-11,10:15:26,39.7806,23.5,25.0,2861,15022228.0,5.281665135834127e-05
2023-12-11,10:15:26,39.784,23.5,25.0,2861,15022228.0,5.281665135834127e-05
2023-12-11,10:15:26,39.7909,23.5,25.0,2863,15022224.0,5.264796843066387e-05
2023-12-11,10:15:26,39.7944,23.5,25.0,2863,15022222.0,5.264796843066387e-05
2023-12-11,10:15:26,39.7979,23.5,25.0,2862,15022223.0,5.273224244546526e-05
2023-12-11,10:15:26,39.8013,23.5,25.0,2861,15022229.0,5.281665135834127e-05
2023-12-11,10:15:26,39.8048,23.5,25.0,2860,15022228.0,5.290119538522418e-05
2023-12-11,10:15:26,39.8084,23.5,25.0,2861,15022224.0,5.281665135834127e-05
2023-12-11,10:15:26,39.8118,23.5,25.0,2863,15022225.0,5.264796843066387e-05
2023-12-11,10:15:26,39.8188,23.5,25.0,2862,15022225.0,5.273224244546526e-05
2023-12-11,10:15:26,39.8223,23.5,25.0,2861,15022229.0,5.281665135834127e-05
2023-12-11,10:15:26,39.8258,23.5,25.0,2860,15022227.0,5.290119538522418e-05
2023-12-11,10:15:26,39.8292,23.5,25.0,2861,15022223.0,5.281665135834127e-05
2023-12-11,10:15:26,39.8328,23.5,25.0,2863,15022224.0,5.264796843066387e-05
2023-12-11,10:15:26,39.8363,23.5,25.0,2863,15022224.0,5.264796843066387e-05
2023-12-11,10:15:26,39.843,23.5,25.0,2862,15022230.0,5.273224244546526e-05
2023-12-11,10:15:26,39.8465,23.5,25.0,2861,15022229.0,5.281665135834127e-05
2023-12-11,10:15:26,39.8501,23.5,25.0,2862,15022226.0,5.273224244546526e-05
2023-12-11,10:15:26,39.8537,23.5,25.0,2863,15022226.0,5.264796843066387e-05
2023-12-11,10:15:26,39.8571,23.5,25.0,2862,15022226.0,5.273224244546526e-05
2023-12-11,10:15:26,39.8606,23.5,25.0,2861,15022227.0,5.281665135834127e-05
2023-12-11,10:15:26,39.8642,23.5,25.0,2861,15022229.0,5.281665135834127e-05
2023-12-11,10:15:26,39.8709,23.5,25.0,2863,15022227.0,5.264796843066387e-05
2023-12-11,10:15:26,39.8744,23.5,25.0,2863,15022226.0,5.264796843066387e-05
2023-12-11,10:15:26,39.8779,23.5,25.0,2862,15022226.0,5.273224244546526e-05
2023-12-11,10:15:26,39.8814,23.5,25.0,2861,15022225.0,5.281665135834127e-05
2023-12-11,10:15:26,39.885,23.5,25.0,2861,15022227.0,5.281665135834127e-05
2023-12-11,10:15:26,39.8884,23.5,25.0,2862,15022228.0,5.273224244546526e-05
2023-12-11,10:15:26,39.8918,23.5,25.0,2864,15022224.0,5.256382909834969e-05
2023-12-11,10:15:26,39.8988,23.5,25.0,2861,15022227.0,5.281665135834127e-05
2023-12-11,10:15:26,39.9023,23.5,25.0,2861,15022227.0,5.281665135834127e-05
2023-12-11,10:15:26,39.9059,23.5,25.0,2862,15022228.0,5.273224244546526e-05
2023-12-11,10:15:26,39.9095,23.5,25.0,2862,15022229.0,5.273224244546526e-05
2023-12-11,10:15:26,39.9129,23.5,25.0,2864,15022225.0,5.256382909834969e-05
2023-12-11,10:15:26,39.9164,23.5,25.0,2864,15022225.0,5.256382909834969e-05
2023-12-11,10:15:26,39.9232,23.5,25.0,2862,15022224.0,5.273224244546526e-05
2023-12-11,10:15:26,39.9266,23.5,25.0,2862,15022226.0,5.273224244546526e-05
2023-12-11,10:15:26,39.9302,23.5,25.0,2862,15022226.0,5.273224244546526e-05
2023-12-11,10:15:26,39.9337,23.5,25.0,2863,15022224.0,5.264796843066387e-05
2023-12-11,10:15:26,39.9371,23.5,25.0,2863,15022225.0,5.264796843066387e-05
2023-12-11,10:15:26,39.9406,23.5,25.0,2862,15022227.0,5.273224244546526e-05
2023-12-11,10:15:26,39.9439,23.5,25.0,2862,15022228.0,5.273224244546526e-05
2023-12-11,10:15:26,39.9509,23.5,25.0,2862,15022225.0,5.273224244546526e-05
2023-12-11,10:15:26,39.9545,23.5,25.0,2862,15022224.0,5.273224244546526e-05
2023-12-11,10:15:26,39.958,23.5,25.0,2862,15022224.0,5.273224244546526e-05
2023-12-11,10:15:26,39.9614,23.5,25.0,2862,15022225.0,5.273224244546526e-05
2023-12-11,10:15:26,39.9649,23.5,25.0,2862,15022226.0,5.273224244546526e-05
2023-12-11,10:15:26,39.9684,23.5,25.0,2862,15022227.0,5.273224244546526e-05
2023-12-11,10:15:26,39.9754,23.5,25.0,2864,15022224.0,5.256382909834969e-05
2023-12-11,10:15:26,39.9787,23.5,25.0,2864,15022224.0,5.256382909834969e-05
2023-12-11,10:15:26,39.9822,23.5,25.0,2863,15022228.0,5.264796843066387e-05
2023-12-11,10:15:26,39.9858,23.5,25.0,2862,15022228.0,5.273224244546526e-05
2023-12-11,10:15:26,39.9893,23.5,25.0,2862,15022227.0,5.273224244546526e-05
2023-12-11,10:15:26,39.9929,23.5,25.0,2864,15022227.0,5.256382909834969e-05
2023-12-11,10:15:26,39.9964,23.5,25.0,2865,15022224.0,5.247982423328003e-05
2023-12-11,10:15:26,40.0033,23.5,25.0,2862,15022228.0,5.273224244546526e-05
2023-12-11,10:15:26,40.0066,23.5,25.0,2861,15022227.0,5.281665135834127e-05
2023-12-11,10:15:26,40.0101,23.5,25.0,2863,15022226.0,5.264796843066387e-05
2023-12-11,10:15:26,40.0137,23.5,25.0,2864,15022225.0,5.256382909834969e-05
2023-12-11,10:15:26,40.0172,23.5,25.0,2863,15022224.0,5.264796843066387e-05
2023-12-11,10:15:26,40.0207,23.5,25.0,2863,15022226.0,5.264796843066387e-05
2023-12-11,10:15:26,40.024,23.5,25.0,2863,15022227.0,5.264796843066387e-05
2023-12-11,10:15:26,40.0309,23.5,25.0,2864,15022228.0,5.256382909834969e-05
2023-12-11,10:15:26,40.0345,23.5,25.0,2864,15022225.0,5.256382909834969e-05
2023-12-11,10:15:26,40.0381,23.5,25.0,2863,15022223.0,5.264796843066387e-05
2023-12-11,10:15:26,40.0414,23.5,25.0,2863,15022226.0,5.264796843066387e-05
2023-12-11,10:15:26,40.0449,23.5,25.0,2862,15022228.0,5.273224244546526e-05
2023-12-11,10:15:26,40.0485,23.5,25.0,2862,15022228.0,5.273224244546526e-05
2023-12-11,10:15:26,40.0554,23.5,25.0,2863,15022225.0,5.264796843066387e-05
2023-12-11,10:15:26,40.0588,23.5,25.0,2863,15022225.0,5.264796843066387e-05
2023-12-11,10:15:26,40.0623,23.5,25.0,2864,15022227.0,5.256382909834969e-05
2023-12-11,10:15:26,40.0658,23.5,25.0,2864,15022228.0,5.256382909834969e-05
2023-12-11,10:15:26,40.0692,23.5,25.0,2863,15022227.0,5.264796843066387e-05
2023-12-11,10:15:26,40.0727,23.5,25.0,2864,15022226.0,5.256382909834969e-05
2023-12-11,10:15:26,40.0763,23.5,25.0,2864,15022225.0,5.256382909834969e-05
2023-12-11,10:15:26,40.0832,23.5,25.0,2864,15022223.0,5.256382909834969e-05
2023-12-11,10:15:26,40.0866,23.5,25.0,2864,15022227.0,5.256382909834969e-05
2023-12-11,10:15:26,40.0902,23.5,25.0,2863,15022228.0,5.264796843066387e-05
2023-12-11,10:15:26,40.0937,23.5,25.0,2863,15022228.0,5.264796843066387e-05
2023-12-11,10:15:26,40.0971,23.5,25.0,2863,15022226.0,5.264796843066387e-05
2023-12-11,10:15:26,40.1006,23.5,25.0,2863,15022224.0,5.264796843066387e-05
2023-12-11,10:15:26,40.1074,23.5,25.0,2864,15022227.0,5.256382909834969e-05
2023-12-11,10:15:26,40.1109,23.5,25.0,2864,15022226.0,5.256382909834969e-05
2023-12-11,10:15:26,40.1144,23.5,25.0,2862,15022227.0,5.273224244546526e-05
2023-12-11,10:15:26,40.1177,23.5,25.0,2862,15022226.0,5.273224244546526e-05
2023-12-11,10:15:26,40.1212,23.5,25.0,2865,15022222.0,5.247982423328003e-05
2023-12-11,10:15:26,40.1248,23.5,25.0,2866,15022224.0,5.2395953620556e-05
2023-12-11,10:15:26,40.1281,23.5,25.0,2863,15022228.0,5.264796843066387e-05
2023-12-11,10:15:26,40.1351,23.5,25.0,2864,15022227.0,5.256382909834969e-05
2023-12-11,10:15:26,40.1386,23.5,25.0,2864,15022225.0,5.256382909834969e-05
2023-12-11,10:15:26,40.1422,23.5,25.0,2863,15022224.0,5.264796843066387e-05
2023-12-11,10:15:26,40.1456,23.5,25.0,2864,15022225.0,5.256382909834969e-05
2023-12-11,10:15:26,40.1491,23.5,25.0,2864,15022228.0,5.256382909834969e-05
2023-12-11,10:15:26,40.1525,23.5,25.0,2863,15022227.0,5.264796843066387e-05
2023-12-11,10:15:26,40.1596,23.5,25.0,2864,15022227.0,5.256382909834969e-05
2023-12-11,10:15:26,40.1632,23.5,25.0,2864,15022226.0,5.256382909834969e-05
2023-12-11,10:15:26,40.1666,23.5,25.0,2864,15022227.0,5.256382909834969e-05
2023-12-11,10:15:26,40.1701,23.5,25.0,2865,15022228.0,5.247982423328003e-05
2023-12-11,10:15:26,40.1737,23.5,25.0,2864,15022227.0,5.256382909834969e-05
2023-12-11,10:15:26,40.1771,23.5,25.0,2864,15022226.0,5.256382909834969e-05
2023-12-11,10:15:26,40.1806,23.5,25.0,2865,15022227.0,5.247982423328003e-05
2023-12-11,10:15:26,40.1875,23.5,25.0,2863,15022225.0,5.264796843066387e-05
2023-12-11,10:15:26,40.1909,23.5,25.0,2863,15022228.0,5.264796843066387e-05
2023-12-11,10:15:26,40.1944,23.5,25.0,2862,15022228.0,5.273224244546526e-05
2023-12-11,10:15:26,40.198,23.5,25.0,2863,15022224.0,5.264796843066387e-05
2023-12-11,10:15:26,40.2014,23.5,25.0,2866,15022225.0,5.2395953620556e-05
2023-12-11,10:15:26,40.2049,23.5,25.0,2865,15022226.0,5.247982423328003e-05
2023-12-11,10:15:26,40.2084,23.5,25.0,2863,15022226.0,5.264796843066387e-05
2023-12-11,10:15:26,40.2153,23.5,25.0,2864,15022225.0,5.256382909834969e-05
2023-12-11,10:15:26,40.2187,23.5,25.0,2864,15022225.0,5.256382909834969e-05
2023-12-11,10:15:26,40.2222,23.5,25.0,2864,15022226.0,5.256382909834969e-05
2023-12-11,10:15:26,40.2256,23.5,25.0,2864,15022225.0,5.256382909834969e-05
2023-12-11,10:15:26,40.2291,23.5,25.0,2864,15022226.0,5.256382909834969e-05
2023-12-11,10:15:26,40.2325,23.5,25.0,2864,15022229.0,5.256382909834969e-05
2023-12-11,10:15:26,40.2397,23.5,25.0,2864,15022226.0,5.256382909834969e-05
2023-12-11,10:15:26,40.2432,23.5,25.0,2865,15022226.0,5.247982423328003e-05
2023-12-11,10:15:26,40.2466,23.5,25.0,2865,15022225.0,5.247982423328003e-05
2023-12-11,10:15:26,40.2502,23.5,25.0,2865,15022227.0,5.247982423328003e-05
2023-12-11,10:15:26,40.2537,23.5,25.0,2864,15022229.0,5.256382909834969e-05
2023-12-11,10:15:26,40.2571,23.5,25.0,2863,15022227.0,5.264796843066387e-05
2023-12-11,10:15:26,40.2606,23.5,25.0,2864,15022225.0,5.256382909834969e-05
2023-12-11,10:15:26,40.2676,23.5,25.0,2866,15022226.0,5.2395953620556e-05
2023-12-11,10:15:26,40.2711,23.5,25.0,2866,15022226.0,5.2395953620556e-05
2023-12-11,10:15:26,40.2745,23.5,25.0,2864,15022227.0,5.256382909834969e-05
2023-12-11,10:15:26,40.2781,23.5,25.0,2863,15022227.0,5.264796843066387e-05
2023-12-11,10:15:26,40.2816,23.5,25.0,2864,15022225.0,5.256382909834969e-05
2023-12-11,10:15:26,40.285,23.5,25.0,2865,15022225.0,5.247982423328003e-05
2023-12-11,10:15:27,40.2885,23.5,25.0,2864,15022225.0,5.256382909834969e-05
2023-12-11,10:15:27,40.2954,23.5,25.0,2864,15022230.0,5.256382909834969e-05
2023-12-11,10:15:27,40.2988,23.5,25.0,2863,15022227.0,5.264796843066387e-05
2023-12-11,10:15:27,40.3024,23.5,25.0,2864,15022225.0,5.256382909834969e-05
2023-12-11,10:15:27,40.3059,23.5,25.0,2865,15022224.0,5.247982423328003e-05
2023-12-11,10:15:27,40.3092,23.5,25.0,2865,15022225.0,5.247982423328003e-05
2023-12-11,10:15:27,40.3127,23.5,25.0,2865,15022228.0,5.247982423328003e-05
2023-12-11,10:15:27,40.3196,23.5,25.0,2863,15022225.0,5.264796843066387e-05
2023-12-11,10:15:27,40.323,23.5,25.0,2864,15022225.0,5.256382909834969e-05
2023-12-11,10:15:27,40.3265,23.5,25.0,2866,15022227.0,5.2395953620556e-05
2023-12-11,10:15:27,40.33,23.5,25.0,2865,15022228.0,5.247982423328003e-05
2023-12-11,10:15:27,40.3334,23.5,25.0,2864,15022229.0,5.256382909834969e-05
2023-12-11,10:15:27,40.337,23.5,25.0,2864,15022228.0,5.256382909834969e-05
2023-12-11,10:15:27,40.3406,23.5,25.0,2862,15022225.0,5.273224244546526e-05
2023-12-11,10:15:27,40.3475,23.5,25.0,2863,15022224.0,5.264796843066387e-05
2023-12-11,10:15:27,40.3509,23.5,25.0,2863,15022224.0,5.264796843066387e-05
2023-12-11,10:15:27,40.3544,23.5,25.0,2863,15022227.0,5.264796843066387e-05
2023-12-11,10:15:27,40.358,23.5,25.0,2863,15022228.0,5.264796843066387e-05
2023-12-11,10:15:27,40.3614,23.5,25.0,2862,15022225.0,5.273224244546526e-05
2023-12-11,10:15:27,40.3648,23.5,25.0,2861,15022224.0,5.281665135834127e-05
2023-12-11,10:15:27,40.3718,23.5,25.0,2863,15022223.0,5.264796843066387e-05
2023-12-11,10:15:27,40.3754,23.5,25.0,2863,15022224.0,5.264796843066387e-05
2023-12-11,10:15:27,40.3788,23.5,25.0,2861,15022228.0,5.281665135834127e-05
2023-12-11,10:15:27,40.3822,23.5,25.0,2859,15022224.0,5.298587474239216e-05
2023-12-11,10:15:27,40.3856,23.5,25.0,2861,15022219.0,5.281665135834127e-05
2023-12-11,10:15:27,40.3891,23.5,25.0,2863,15022221.0,5.264796843066387e-05
2023-12-11,10:15:27,40.3925,23.5,25.0,2862,15022221.0,5.273224244546526e-05
2023-12-11,10:15:27,40.3996,23.5,25.0,2860,15022226.0,5.290119538522418e-05
2023-12-11,10:15:27,40.403,23.5,25.0,2858,15022221.0,5.307068964646934e-05
2023-12-11,10:15:27,40.4065,23.5,25.0,2857,15022220.0,5.315564031442681e-05
2023-12-11,10:15:27,40.41,23.5,25.0,2858,15022219.0,5.307068964646934e-05
2023-12-11,10:15:27,40.4135,23.5,25.0,2860,15022217.0,5.290119538522418e-05
2023-12-11,10:15:27,40.417,23.5,25.0,2860,15022220.0,5.290119538522418e-05
2023-12-11,10:15:27,40.4238,23.5,25.0,2857,15022218.0,5.315564031442681e-05
2023-12-11,10:15:27,40.4272,23.5,25.0,2858,15022218.0,5.307068964646934e-05
2023-12-11,10:15:27,40.4307,23.5,25.0,2859,15022218.0,5.298587474239216e-05
2023-12-11,10:15:27,40.4343,23.5,25.0,2859,15022217.0,5.298587474239216e-05
2023-12-11,10:15:27,40.4377,23.5,25.0,2859,15022219.0,5.298587474239216e-05
2023-12-11,10:15:27,40.4412,23.5,25.0,2858,15022221.0,5.307068964646934e-05
2023-12-11,10:15:27,40.4448,23.5,25.0,2856,15022217.0,5.324072696358281e-05
2023-12-11,10:15:27,40.4518,23.5,25.0,2857,15022214.0,5.315564031442681e-05
2023-12-11,10:15:27,40.4551,23.5,25.0,2857,15022214.0,5.315564031442681e-05
2023-12-11,10:15:27,40.4586,23.5,25.0,2855,15022216.0,5.332594981160357e-05
2023-12-11,10:15:27,40.462,23.5,25.0,2852,15022219.0,5.358243773074545e-05
2023-12-11,10:15:27,40.4655,23.5,25.0,2850,15022213.0,5.375411467741466e-05
2023-12-11,10:15:27,40.4691,23.5,25.0,2850,15022212.0,5.375411467741466e-05
2023-12-11,10:15:27,40.4761,23.5,25.0,2852,15022214.0,5.358243773074545e-05
2023-12-11,10:15:27,40.4796,23.5,25.0,2851,15022213.0,5.366820755786355e-05
2023-12-11,10:15:27,40.483,23.5,25.0,2851,15022215.0,5.366820755786355e-05
2023-12-11,10:15:27,40.4865,23.5,25.0,2851,15022212.0,5.366820755786355e-05
2023-12-11,10:15:27,40.49,23.5,25.0,2852,15022210.0,5.358243773074545e-05
2023-12-11,10:15:27,40.4934,23.5,25.0,2854,15022214.0,5.341130907650359e-05
2023-12-11,10:15:27,40.4969,23.5,25.0,2854,15022213.0,5.341130907650359e-05
2023-12-11,10:15:27,40.5038,23.5,25.0,2854,15022217.0,5.341130907650359e-05
2023-12-11,10:15:27,40.5071,23.5,25.0,2851,15022209.0,5.366820755786355e-05
2023-12-11,10:15:27,40.5106,23.5,25.0,2851,15022208.0,5.366820755786355e-05
2023-12-11,10:15:27,40.5143,23.5,25.0,2853,15022211.0,5.349680497664656e-05
2023-12-11,10:15:27,40.5179,23.5,25.0,2853,15022209.0,5.349680497664656e-05
2023-12-11,10:15:27,40.5213,23.5,25.0,2851,15022208.0,5.366820755786355e-05
2023-12-11,10:15:27,40.5281,23.5,25.0,2848,15022206.0,5.392634167322807e-05
2023-12-11,10:15:27,40.5316,23.5,25.0,2848,15022205.0,5.392634167322807e-05
2023-12-11,10:15:27,40.5351,23.5,25.0,2849,15022209.0,5.384015930916391e-05
2023-12-11,10:15:27,40.5386,23.5,25.0,2850,15022206.0,5.375411467741466e-05
2023-12-11,10:15:27,40.542,23.5,25.0,2849,15022206.0,5.384015930916391e-05
2023-12-11,10:15:27,40.5455,23.5,25.0,2848,15022209.0,5.392634167322807e-05
2023-12-11,10:15:27,40.549,23.5,25.0,2847,15022205.0,5.401266199007641e-05
2023-12-11,10:15:27,40.556,23.5,25.0,2848,15022205.0,5.392634167322807e-05
2023-12-11,10:15:27,40.5595,23.5,25.0,2849,15022205.0,5.384015930916391e-05
2023-12-11,10:15:27,40.5628,23.5,25.0,2849,15022206.0,5.384015930916391e-05
2023-12-11,10:15:27,40.5662,23.5,25.0,2847,15022208.0,5.401266199007641e-05
2023-12-11,10:15:27,40.5697,23.5,25.0,2847,15022205.0,5.401266199007641e-05
2023-12-11,10:15:27,40.5733,23.5,25.0,2848,15022204.0,5.392634167322807e-05
2023-12-11,10:15:27,40.5801,23.5,25.0,2849,15022203.0,5.384015930916391e-05
2023-12-11,10:15:27,40.5835,23.5,25.0,2848,15022204.0,5.392634167322807e-05
2023-12-11,10:15:27,40.587,23.5,25.0,2846,15022206.0,5.409912048053099e-05
2023-12-11,10:15:27,40.5904,23.5,25.0,2844,15022199.0,5.427245286731521e-05
2023-12-11,10:15:27,40.594,23.5,25.0,2844,15022198.0,5.427245286731521e-05
2023-12-11,10:15:27,40.5976,23.5,25.0,2845,15022202.0,5.418571736576741e-05
2023-12-11,10:15:27,40.6011,23.5,25.0,2846,15022200.0,5.409912048053099e-05
2023-12-11,10:15:27,40.6078,23.5,25.0,2842,15022205.0,5.44463406072372e-05
2023-12-11,10:15:27,40.6114,23.5,25.0,2841,15022200.0,5.453349329044587e-05
2023-12-11,10:15:27,40.6149,23.5,25.0,2842,15022199.0,5.44463406072372e-05
2023-12-11,10:15:27,40.6183,23.5,25.0,2844,15022202.0,5.427245286731521e-05
2023-12-11,10:15:27,40.6218,23.5,25.0,2845,15022200.0,5.418571736576741e-05
2023-12-11,10:15:27,40.6251,23.5,25.0,2844,15022201.0,5.427245286731521e-05
2023-12-11,10:15:27,40.6322,23.5,25.0,2841,15022198.0,5.453349329044587e-05
2023-12-11,10:15:27,40.6357,23.5,25.0,2842,15022195.0,5.44463406072372e-05
2023-12-11,10:15:27,40.6393,23.5,25.0,2844,15022199.0,5.427245286731521e-05
2023-12-11,10:15:27,40.6428,23.5,25.0,2845,15022198.0,5.418571736576741e-05
2023-12-11,10:15:27,40.6461,23.5,25.0,2844,15022197.0,5.427245286731521e-05
2023-12-11,10:15:27,40.6496,23.5,25.0,2841,15022199.0,5.453349329044587e-05
2023-12-11,10:15:27,40.6532,23.5,25.0,2840,15022194.0,5.462078547963611e-05
2023-12-11,10:15:27,40.6601,23.5,25.0,2844,15022196.0,5.427245286731521e-05
2023-12-11,10:15:27,40.6635,23.5,25.0,2844,15022193.0,5.427245286731521e-05
2023-12-11,10:15:27,40.667,23.5,25.0,2841,15022192.0,5.453349329044587e-05
2023-12-11,10:15:27,40.6706,23.5,25.0,2838,15022195.0,5.479578926955211e-05
2023-12-11,10:15:27,40.674,23.5,25.0,2838,15022192.0,5.479578926955211e-05
2023-12-11,10:15:27,40.6773,23.5,25.0,2839,15022191.0,5.47082173981163e-05
2023-12-11,10:15:27,40.6809,23.5,25.0,2840,15022194.0,5.462078547963611e-05
2023-12-11,10:15:27,40.688,23.5,25.0,2838,15022189.0,5.479578926955211e-05
2023-12-11,10:15:27,40.6914,23.5,25.0,2836,15022194.0,5.497135376774456e-05
2023-12-11,10:15:27,40.6949,23.5,25.0,2836,15022189.0,5.497135376774456e-05
2023-12-11,10:15:27,40.6985,23.5,25.0,2838,15022185.0,5.479578926955211e-05
2023-12-11,10:15:27,40.7019,23.5,25.0,2840,15022191.0,5.462078547963611e-05
2023-12-11,10:15:27,40.7052,23.5,25.0,2840,15022191.0,5.462078547963611e-05
2023-12-11,10:15:27,40.712,23.5,25.0,2834,15022192.0,5.51474807707104e-05
2023-12-11,10:15:27,40.7156,23.5,25.0,2834,15022189.0,5.51474807707104e-05
2023-12-11,10:15:27,40.7193,23.5,25.0,2838,15022183.0,5.479578926955211e-05
2023-12-11,10:15:27,40.7228,23.5,25.0,2839,15022188.0,5.47082173981163e-05
2023-12-11,10:15:27,40.7262,23.5,25.0,2838,15022188.0,5.479578926955211e-05
2023-12-11,10:15:27,40.7296,23.5,25.0,2838,15022188.0,5.479578926955211e-05
2023-12-11,10:15:27,40.733,23.5,25.0,2834,15022194.0,5.51474807707104e-05
2023-12-11,10:15:27,40.7401,23.5,25.0,2833,15022186.0,5.523575577446202e-05
2023-12-11,10:15:27,40.7435,23.5,25.0,2834,15022191.0,5.51474807707104e-05
2023-12-11,10:15:27,40.747,23.5,25.0,2834,15022192.0,5.51474807707104e-05
2023-12-11,10:15:27,40.7506,23.5,25.0,2831,15022185.0,5.541272991561584e-05
2023-12-11,10:15:27,40.7541,23.5,25.0,2830,15022185.0,5.550142950574806e-05
2023-12-11,10:15:27,40.7576,23.5,25.0,2832,15022187.0,5.532417208070247e-05
2023-12-11,10:15:27,40.7612,23.5,25.0,2834,15022183.0,5.51474807707104e-05
2023-12-11,10:15:27,40.7681,23.5,25.0,2832,15022188.0,5.532417208070247e-05
2023-12-11,10:15:27,40.7716,23.5,25.0,2831,15022184.0,5.541272991561584e-05
2023-12-11,10:15:27,40.7751,23.5,25.0,2830,15022184.0,5.550142950574806e-05
2023-12-11,10:15:27,40.7786,23.5,25.0,2831,15022185.0,5.541272991561584e-05
2023-12-11,10:15:27,40.782,23.5,25.0,2834,15022180.0,5.51474807707104e-05
2023-12-11,10:15:27,40.7855,23.5,25.0,2835,15022185.0,5.505934684362513e-05
2023-12-11,10:15:27,40.789,23.5,25.0,2832,15022188.0,5.532417208070247e-05
2023-12-11,10:15:27,40.796,23.5,25.0,2827,15022182.0,5.576838107836185e-05
2023-12-11,10:15:27,40.7996,23.5,25.0,2829,15022185.0,5.559027107800794e-05
2023-12-11,10:15:27,40.803,23.5,25.0,2831,15022180.0,5.541272991561584e-05
2023-12-11,10:15:27,40.8065,23.5,25.0,2830,15022180.0,5.550142950574806e-05
2023-12-11,10:15:27,40.81,23.5,25.0,2828,15022181.0,5.567925485966727e-05
2023-12-11,10:15:27,40.8134,23.5,25.0,2827,15022178.0,5.576838107836185e-05
2023-12-11,10:15:27,40.817,23.5,25.0,2827,15022178.0,5.576838107836185e-05
2023-12-11,10:15:27,40.824,23.5,25.0,2829,15022179.0,5.559027107800794e-05
2023-12-11,10:15:27,40.8275,23.5,25.0,2827,15022177.0,5.576838107836185e-05
2023-12-11,10:15:27,40.8309,23.5,25.0,2826,15022180.0,5.585764996209166e-05
2023-12-11,10:15:27,40.8345,23.5,25.0,2824,15022175.0,5.603661663848286e-05
2023-12-11,10:15:27,40.8381,23.5,25.0,2824,15022174.0,5.603661663848286e-05
2023-12-11,10:15:27,40.8416,23.5,25.0,2827,15022180.0,5.576838107836185e-05
2023-12-11,10:15:27,40.8485,23.5,25.0,2826,15022172.0,5.585764996209166e-05
2023-12-11,10:15:27,40.8519,23.5,25.0,2822,15022178.0,5.621615672015121e-05
2023-12-11,10:15:27,40.8554,23.5,25.0,2823,15022176.0,5.612631488897154e-05
2023-12-11,10:15:27,40.859,23.5,25.0,2826,15022172.0,5.585764996209166e-05
2023-12-11,10:15:27,40.8626,23.5,25.0,2827,15022177.0,5.576838107836185e-05
2023-12-11,10:15:27,40.866,23.5,25.0,2826,15022177.0,5.585764996209166e-05
2023-12-11,10:15:27,40.8695,23.5,25.0,2824,15022172.0,5.603661663848286e-05
2023-12-11,10:15:27,40.8764,23.5,25.0,2824,15022174.0,5.603661663848286e-05
2023-12-11,10:15:27,40.88,23.5,25.0,2825,15022170.0,5.594706173922184e-05
2023-12-11,10:15:27,40.8836,23.5,25.0,2826,15022174.0,5.585764996209166e-05
2023-12-11,10:15:27,40.887,23.5,25.0,2825,15022174.0,5.594706173922184e-05
2023-12-11,10:15:27,40.8905,23.5,25.0,2822,15022169.0,5.621615672015121e-05
2023-12-11,10:15:27,40.894,23.5,25.0,2820,15022172.0,5.639627204427459e-05
2023-12-11,10:15:27,40.8976,23.5,25.0,2822,15022174.0,5.621615672015121e-05
2023-12-11,10:15:27,40.9043,23.5,25.0,2823,15022171.0,5.612631488897154e-05
2023-12-11,10:15:27,40.9077,23.5,25.0,2822,15022173.0,5.621615672015121e-05
2023-12-11,10:15:27,40.9112,23.5,25.0,2820,15022166.0,5.639627204427459e-05
2023-12-11,10:15:27,40.9148,23.5,25.0,2819,15022167.0,5.648654599798403e-05
2023-12-11,10:15:27,40.9184,23.5,25.0,2821,15022169.0,5.630614236185273e-05
2023-12-11,10:15:27,40.9218,23.5,25.0,2822,15022166.0,5.621615672015121e-05
2023-12-11,10:15:27,40.9253,23.5,25.0,2822,15022168.0,5.621615672015121e-05
2023-12-11,10:15:27,40.9324,23.5,25.0,2818,15022163.0,5.657696445391709e-05
2023-12-11,10:15:27,40.9359,23.5,25.0,2818,15022163.0,5.657696445391709e-05
2023-12-11,10:15:27,40.9395,23.5,25.0,2821,15022170.0,5.630614236185273e-05
2023-12-11,10:15:27,40.9431,23.5,25.0,2822,15022166.0,5.621615672015121e-05
2023-12-11,10:15:27,40.9465,23.5,25.0,2819,15022162.0,5.648654599798403e-05
2023-12-11,10:15:27,40.95,23.5,25.0,2817,15022164.0,5.666752764337974e-05
2023-12-11,10:15:27,40.9534,23.5,25.0,2818,15022163.0,5.657696445391709e-05
2023-12-11,10:15:27,40.9606,23.5,25.0,2820,15022167.0,5.639627204427459e-05
2023-12-11,10:15:27,40.9641,23.5,25.0,2820,15022166.0,5.639627204427459e-05
2023-12-11,10:15:27,40.9675,23.5,25.0,2817,15022160.0,5.666752764337974e-05
2023-12-11,10:15:27,40.971,23.5,25.0,2815,15022162.0,5.684908914996881e-05
2023-12-11,10:15:27,40.9744,23.5,25.0,2815,15022160.0,5.684908914996881e-05
2023-12-11,10:15:27,40.9779,23.5,25.0,2817,15022156.0,5.666752764337974e-05
2023-12-11,10:15:27,40.9815,23.5,25.0,2818,15022161.0,5.657696445391709e-05
2023-12-11,10:15:27,40.9885,23.5,25.0,2815,15022157.0,5.684908914996881e-05
2023-12-11,10:15:27,40.992,23.5,25.0,2814,15022160.0,5.694008793156053e-05
2023-12-11,10:15:27,40.9956,23.5,25.0,2815,15022159.0,5.684908914996881e-05
2023-12-11,10:15:27,40.9991,23.5,25.0,2817,15022154.0,5.666752764337974e-05
2023-12-11,10:15:27,41.0026,23.5,25.0,2818,15022159.0,5.657696445391709e-05
2023-12-11,10:15:27,41.006,23.5,25.0,2816,15022161.0,5.675823579804797e-05
2023-12-11,10:15:27,41.0095,23.5,25.0,2814,15022155.0,5.694008793156053e-05
2023-12-11,10:15:27,41.0165,23.5,25.0,2816,15022158.0,5.675823579804797e-05
2023-12-11,10:15:27,41.0201,23.5,25.0,2817,15022155.0,5.666752764337974e-05
2023-12-11,10:15:27,41.0235,23.5,25.0,2815,15022153.0,5.684908914996881e-05
2023-12-11,10:15:27,41.0269,23.5,25.0,2812,15022157.0,5.712252271529114e-05
2023-12-11,10:15:27,41.0305,23.5,25.0,2811,15022153.0,5.721395918412932e-05
2023-12-11,10:15:27,41.0341,23.5,25.0,2811,15022154.0,5.721395918412932e-05
2023-12-11,10:15:27,41.0377,23.5,25.0,2813,15022158.0,5.703123237561367e-05
2023-12-11,10:15:27,41.0446,23.5,25.0,2813,15022151.0,5.703123237561367e-05
2023-12-11,10:15:27,41.048,23.5,25.0,2809,15022157.0,5.73972714453024e-05
2023-12-11,10:15:27,41.0516,23.5,25.0,2809,15022153.0,5.73972714453024e-05
2023-12-11,10:15:27,41.0552,23.5,25.0,2812,15022150.0,5.712252271529114e-05
2023-12-11,10:15:27,41.0587,23.5,25.0,2813,15022155.0,5.703123237561367e-05
2023-12-11,10:15:27,41.0621,23.5,25.0,2812,15022155.0,5.712252271529114e-05
2023-12-11,10:15:27,41.0656,23.5,25.0,2810,15022152.0,5.73055420160382e-05
2023-12-11,10:15:27,41.0727,23.5,25.0,2808,15022151.0,5.748914770658134e-05
2023-12-11,10:15:27,41.0762,23.5,25.0,2811,15022148.0,5.721395918412932e-05
2023-12-11,10:15:27,41.0796,23.5,25.0,2812,15022154.0,5.712252271529114e-05
2023-12-11,10:15:27,41.0831,23.5,25.0,2810,15022155.0,5.73055420160382e-05
2023-12-11,10:15:27,41.0866,23.5,25.0,2808,15022149.0,5.748914770658134e-05
2023-12-11,10:15:27,41.0901,23.5,25.0,2807,15022150.0,5.758117103491028e-05
2023-12-11,10:15:27,41.0937,23.5,25.0,2809,15022151.0,5.73972714453024e-05
2023-12-11,10:15:27,41.1006,23.5,25.0,2809,15022149.0,5.73972714453024e-05
2023-12-11,10:15:27,41.1041,23.5,25.0,2808,15022152.0,5.748914770658134e-05
2023-12-11,10:15:27,41.1077,23.5,25.0,2806,15022144.0,5.767334166570049e-05
2023-12-11,10:15:27,41.1113,23.5,25.0,2806,15022143.0,5.767334166570049e-05
2023-12-11,10:15:27,41.1147,23.5,25.0,2808,15022150.0,5.748914770658134e-05
2023-12-11,10:15:27,41.1182,23.5,25.0,2808,15022149.0,5.748914770658134e-05
2023-12-11,10:15:27,41.1218,23.5,25.0,2807,15022149.0,5.758117103491028e-05
2023-12-11,10:15:27,41.1287,23.5,25.0,2805,15022144.0,5.776565983474028e-05
2023-12-11,10:15:27,41.1323,23.5,25.0,2807,15022143.0,5.758117103491028e-05
2023-12-11,10:15:27,41.136,23.5,25.0,2809,15022149.0,5.73972714453024e-05
2023-12-11,10:15:27,41.1394,23.5,25.0,2808,15022148.0,5.748914770658134e-05
2023-12-11,10:15:27,41.1428,23.5,25.0,2806,15022144.0,5.767334166570049e-05
2023-12-11,10:15:27,41.1462,23.5,25.0,2804,15022146.0,5.785812577819519e-05
2023-12-11,10:15:27,41.1498,23.5,25.0,2805,15022144.0,5.776565983474028e-05
2023-12-11,10:15:27,41.1567,23.5,25.0,2807,15022145.0,5.758117103491028e-05
2023-12-11,10:15:27,41.1602,23.5,25.0,2807,15022144.0,5.758117103491028e-05
2023-12-11,10:15:27,41.1636,23.5,25.0,2806,15022141.0,5.767334166570049e-05
2023-12-11,10:15:27,41.1672,23.5,25.0,2804,15022144.0,5.785812577819519e-05
2023-12-11,10:15:27,41.1708,23.5,25.0,2804,15022143.0,5.785812577819519e-05
2023-12-11,10:15:27,41.1742,23.5,25.0,2806,15022138.0,5.767334166570049e-05
2023-12-11,10:15:27,41.1777,23.5,25.0,2805,15022142.0,5.776565983474028e-05
2023-12-11,10:15:27,41.1846,23.5,25.0,2804,15022133.0,5.785812577819519e-05
2023-12-11,10:15:27,41.1881,23.5,25.0,2800,15022140.0,5.822947203272289e-05
2023-12-11,10:15:27,41.1916,23.5,25.0,2802,15022141.0,5.804350193490379e-05
2023-12-11,10:15:27,41.1952,23.5,25.0,2804,15022137.0,5.785812577819519e-05
2023-12-11,10:15:27,41.1986,23.5,25.0,2804,15022140.0,5.785812577819519e-05
2023-12-11,10:15:27,41.2019,23.5,25.0,2802,15022142.0,5.804350193490379e-05
2023-12-11,10:15:27,41.2055,23.5,25.0,2799,15022135.0,5.832268040399041e-05
2023-12-11,10:15:27,41.2126,23.5,25.0,2802,15022139.0,5.804350193490379e-05
2023-12-11,10:15:27,41.2164,23.5,25.0,2802,15022138.0,5.804350193490379e-05
2023-12-11,10:15:27,41.2198,23.5,25.0,2801,15022139.0,5.813641262238135e-05
2023-12-11,10:15:27,41.2231,23.5,25.0,2801,15022140.0,5.813641262238135e-05
2023-12-11,10:15:27,41.2266,23.5,25.0,2799,15022135.0,5.832268040399041e-05
2023-12-11,10:15:27,41.2302,23.5,25.0,2799,15022134.0,5.832268040399041e-05
2023-12-11,10:15:27,41.2338,23.5,25.0,2801,15022138.0,5.813641262238135e-05
2023-12-11,10:15:27,41.2407,23.5,25.0,2801,15022133.0,5.813641262238135e-05
2023-12-11,10:15:27,41.2443,23.5,25.0,2798,15022138.0,5.84160379746267e-05
2023-12-11,10:15:27,41.2478,23.5,25.0,2798,15022135.0,5.84160379746267e-05
2023-12-11,10:15:27,41.2513,23.5,25.0,2800,15022133.0,5.822947203272289e-05
2023-12-11,10:15:27,41.2548,23.5,25.0,2801,15022137.0,5.813641262238135e-05
2023-12-11,10:15:27,41.2582,23.5,25.0,2800,15022136.0,5.822947203272289e-05
2023-12-11,10:15:27,41.2617,23.5,25.0,2797,15022131.0,5.850954498345647e-05
2023-12-11,10:15:27,41.2687,23.5,25.0,2797,15022132.0,5.850954498345647e-05
2023-12-11,10:15:27,41.2723,23.5,25.0,2799,15022128.0,5.832268040399041e-05
2023-12-11,10:15:27,41.2757,23.5,25.0,2800,15022134.0,5.822947203272289e-05
2023-12-11,10:15:27,41.2793,23.5,25.0,2799,15022134.0,5.832268040399041e-05
2023-12-11,10:15:27,41.2828,23.5,25.0,2797,15022128.0,5.850954498345647e-05
2023-12-11,10:15:28,41.2862,23.5,25.0,2795,15022131.0,5.869700827290666e-05
2023-12-11,10:15:28,41.29,23.5,25.0,2796,15022133.0,5.860320166968649e-05
2023-12-11,10:15:28,41.297,23.5,25.0,2800,15022129.0,5.822947203272289e-05
2023-12-11,10:15:28,41.3004,23.5,25.0,2797,15022134.0,5.850954498345647e-05
2023-12-11,10:15:28,41.3039,23.5,25.0,2794,15022127.0,5.879096503309015e-05
2023-12-11,10:15:28,41.3075,23.5,25.0,2794,15022127.0,5.879096503309015e-05
2023-12-11,10:15:28,41.3109,23.5,25.0,2796,15022132.0,5.860320166968649e-05
2023-12-11,10:15:28,41.3144,23.5,25.0,2797,15022129.0,5.850954498345647e-05
2023-12-11,10:15:28,41.3179,23.5,25.0,2796,15022129.0,5.860320166968649e-05
2023-12-11,10:15:28,41.3248,23.5,25.0,2792,15022124.0,5.897932998616183e-05
2023-12-11,10:15:28,41.3285,23.5,25.0,2793,15022123.0,5.888507219059452e-05
2023-12-11,10:15:28,41.3319,23.5,25.0,2794,15022129.0,5.879096503309015e-05
2023-12-11,10:15:28,41.3354,23.5,25.0,2794,15022128.0,5.879096503309015e-05
2023-12-11,10:15:28,41.3388,23.5,25.0,2793,15022125.0,5.888507219059452e-05
2023-12-11,10:15:28,41.3423,23.5,25.0,2791,15022128.0,5.907373866091968e-05
2023-12-11,10:15:28,41.3459,23.5,25.0,2790,15022125.0,5.91682984563815e-05
2023-12-11,10:15:28,41.3529,23.5,25.0,2793,15022128.0,5.888507219059452e-05
2023-12-11,10:15:28,41.3564,23.5,25.0,2793,15022129.0,5.888507219059452e-05
2023-12-11,10:15:28,41.3598,23.5,25.0,2789,15022121.0,5.926300961444747e-05
2023-12-11,10:15:28,41.3633,23.5,25.0,2788,15022123.0,5.935787237740481e-05
2023-12-11,10:15:28,41.367,23.5,25.0,2791,15022125.0,5.907373866091968e-05
2023-12-11,10:15:28,41.3706,23.5,25.0,2792,15022122.0,5.897932998616183e-05
2023-12-11,10:15:28,41.374,23.5,25.0,2792,15022125.0,5.897932998616183e-05
2023-12-11,10:15:28,41.381,23.5,25.0,2788,15022117.0,5.935787237740481e-05
2023-12-11,10:15:28,41.3845,23.5,25.0,2787,15022117.0,5.945288698792872e-05
2023-12-11,10:15:28,41.3881,23.5,25.0,2790,15022119.0,5.91682984563815e-05
2023-12-11,10:15:28,41.3916,23.5,25.0,2791,15022118.0,5.907373866091968e-05
2023-12-11,10:15:28,41.3949,23.5,25.0,2789,15022119.0,5.926300961444747e-05
2023-12-11,10:15:28,41.3984,23.5,25.0,2787,15022120.0,5.945288698792872e-05
2023-12-11,10:15:28,41.402,23.5,25.0,2786,15022114.0,5.954805368908273e-05
2023-12-11,10:15:28,41.4091,23.5,25.0,2788,15022120.0,5.935787237740481e-05
2023-12-11,10:15:28,41.4126,23.5,25.0,2788,15022118.0,5.935787237740481e-05
2023-12-11,10:15:28,41.416,23.5,25.0,2787,15022116.0,5.945288698792872e-05
2023-12-11,10:15:28,41.4195,23.5,25.0,2785,15022118.0,5.964337272431957e-05
2023-12-11,10:15:28,41.4229,23.5,25.0,2782,15022111.0,5.993024627490255e-05
2023-12-11,10:15:28,41.4267,23.5,25.0,2783,15022110.0,5.983446877280134e-05
2023-12-11,10:15:28,41.4304,23.5,25.0,2785,15022117.0,5.964337272431957e-05
2023-12-11,10:15:28,41.4338,23.5,25.0,2785,15022116.0,5.964337272431957e-05
2023-12-11,10:15:28,41.4407,23.5,25.0,2780,15022112.0,6.012226145990235e-05
2023-12-11,10:15:28,41.4444,23.5,25.0,2782,15022113.0,5.993024627490255e-05
2023-12-11,10:15:28,41.4479,23.5,25.0,2783,15022108.0,5.983446877280134e-05
2023-12-11,10:15:28,41.4514,23.5,25.0,2782,15022108.0,5.993024627490255e-05
2023-12-11,10:15:28,41.4549,23.5,25.0,2781,15022109.0,6.002617708880046e-05
2023-12-11,10:15:28,41.4585,23.5,25.0,2780,15022104.0,6.012226145990235e-05
2023-12-11,10:15:28,41.4621,23.5,25.0,2779,15022104.0,6.021849963400854e-05
2023-12-11,10:15:28,41.4692,23.5,25.0,2780,15022110.0,6.012226145990235e-05
2023-12-11,10:15:28,41.4726,23.5,25.0,2778,15022103.0,6.031489185731262e-05
2023-12-11,10:15:28,41.4762,23.5,25.0,2777,15022106.0,6.041143837640242e-05
2023-12-11,10:15:28,41.4798,23.5,25.0,2778,15022106.0,6.031489185731262e-05
2023-12-11,10:15:28,41.4834,23.5,25.0,2780,15022101.0,6.012226145990235e-05
2023-12-11,10:15:28,41.4868,23.5,25.0,2782,15022109.0,5.993024627490255e-05
2023-12-11,10:15:28,41.4903,23.5,25.0,2780,15022109.0,6.012226145990235e-05
2023-12-11,10:15:28,41.4937,23.5,25.0,2775,15022098.0,6.060499529026423e-05
2023-12-11,10:15:28,41.501,23.5,25.0,2778,15022105.0,6.031489185731262e-05
2023-12-11,10:15:28,41.5045,23.5,25.0,2779,15022102.0,6.021849963400854e-05
2023-12-11,10:15:28,41.5079,23.5,25.0,2778,15022104.0,6.031489185731262e-05
2023-12-11,10:15:28,41.5114,23.5,25.0,2776,15022106.0,6.050813943826031e-05
2023-12-11,10:15:28,41.515,23.5,25.0,2774,15022098.0,6.070200618018787e-05
2023-12-11,10:15:28,41.5187,23.5,25.0,2775,15022097.0,6.060499529026423e-05
2023-12-11,10:15:28,41.5221,23.5,25.0,2776,15022102.0,6.050813943826031e-05
2023-12-11,10:15:28,41.5291,23.5,25.0,2773,15022095.0,6.079917235620173e-05
2023-12-11,10:15:28,41.5326,23.5,25.0,2772,15022098.0,6.089649406687338e-05
2023-12-11,10:15:28,41.5364,23.5,25.0,2773,15022097.0,6.079917235620173e-05
2023-12-11,10:15:28,41.5398,23.5,25.0,2773,15022094.0,6.079917235620173e-05
2023-12-11,10:15:28,41.5433,23.5,25.0,2773,15022100.0,6.079917235620173e-05
2023-12-11,10:15:28,41.5468,23.5,25.0,2773,15022101.0,6.079917235620173e-05
2023-12-11,10:15:28,41.5504,23.5,25.0,2771,15022092.0,6.099397156116845e-05
2023-12-11,10:15:28,41.554,23.5,25.0,2770,15022091.0,6.109160508845093e-05
2023-12-11,10:15:28,41.5611,23.5,25.0,2773,15022097.0,6.079917235620173e-05
2023-12-11,10:15:28,41.5646,23.5,25.0,2770,15022090.0,6.109160508845093e-05
2023-12-11,10:15:28,41.5684,23.5,25.0,2768,15022094.0,6.128734124143093e-05
2023-12-11,10:15:28,41.5719,23.5,25.0,2769,15022094.0,6.118939489848411e-05
2023-12-11,10:15:28,41.5755,23.5,25.0,2771,15022090.0,6.099397156116845e-05
2023-12-11,10:15:28,41.5791,23.5,25.0,2771,15022093.0,6.099397156116845e-05
2023-12-11,10:15:28,41.5826,23.5,25.0,2769,15022094.0,6.118939489848411e-05
2023-12-11,10:15:28,41.586,23.5,25.0,2768,15022089.0,6.128734124143093e-05
2023-12-11,10:15:28,41.5897,23.5,25.0,2768,15022089.0,6.128734124143093e-05
2023-12-11,10:15:28,41.5969,23.5,25.0,2771,15022091.0,6.099397156116845e-05
2023-12-11,10:15:28,41.6004,23.5,25.0,2768,15022087.0,6.128734124143093e-05
2023-12-11,10:15:28,41.6039,23.5,25.0,2767,15022090.0,6.138544436785495e-05
2023-12-11,10:15:28,41.6075,23.5,25.0,2768,15022089.0,6.128734124143093e-05
2023-12-11,10:15:28,41.6111,23.5,25.0,2768,15022087.0,6.128734124143093e-05
2023-12-11,10:15:28,41.6146,23.5,25.0,2768,15022091.0,6.128734124143093e-05
2023-12-11,10:15:28,41.618,23.5,25.0,2767,15022092.0,6.138544436785495e-05
2023-12-11,10:15:28,41.6252,23.5,25.0,2768,15022083.0,6.128734124143093e-05
2023-12-11,10:15:28,41.6288,23.5,25.0,2769,15022085.0,6.118939489848411e-05
2023-12-11,10:15:28,41.6324,23.5,25.0,2767,15022084.0,6.138544436785495e-05
2023-12-11,10:15:28,41.6358,23.5,25.0,2768,15022085.0,6.128734124143093e-05
2023-12-11,10:15:28,41.6393,23.5,25.0,2766,15022088.0,6.148370452872061e-05
2023-12-11,10:15:28,41.6428,23.5,25.0,2764,15022083.0,6.168069695964441e-05
2023-12-11,10:15:28,41.6466,23.5,25.0,2765,15022081.0,6.158212197539424e-05
2023-12-11,10:15:28,41.6501,23.5,25.0,2766,15022088.0,6.148370452872061e-05
2023-12-11,10:15:28,41.6572,23.5,25.0,2764,15022079.0,6.168069695964441e-05
2023-12-11,10:15:28,41.6608,23.5,25.0,2763,15022082.0,6.177942973364281e-05
2023-12-11,10:15:28,41.6644,23.5,25.0,2766,15022086.0,6.148370452872061e-05
2023-12-11,10:15:28,41.6678,23.5,25.0,2767,15022083.0,6.138544436785495e-05
2023-12-11,10:15:28,41.6713,23.5,25.0,2765,15022082.0,6.158212197539424e-05
2023-12-11,10:15:28,41.6748,23.5,25.0,2764,15022084.0,6.168069695964441e-05
2023-12-11,10:15:28,41.6784,23.5,25.0,2763,15022078.0,6.177942973364281e-05
2023-12-11,10:15:28,41.6821,23.5,25.0,2763,15022076.0,6.177942973364281e-05
2023-12-11,10:15:28,41.6892,23.5,25.0,2765,15022082.0,6.158212197539424e-05
2023-12-11,10:15:28,41.6926,23.5,25.0,2762,15022077.0,6.187832054996466e-05
2023-12-11,10:15:28,41.6962,23.5,25.0,2760,15022081.0,6.207657732190211e-05
2023-12-11,10:15:28,41.6998,23.5,25.0,2761,15022081.0,6.197736966158961e-05
2023-12-11,10:15:28,41.7033,23.5,25.0,2764,15022076.0,6.168069695964441e-05
2023-12-11,10:15:28,41.7068,23.5,25.0,2765,15022079.0,6.158212197539424e-05
2023-12-11,10:15:28,41.7104,23.5,25.0,2762,15022083.0,6.187832054996466e-05
2023-12-11,10:15:28,41.714,23.5,25.0,2761,15022078.0,6.197736966158961e-05
2023-12-11,10:15:28,41.7212,23.5,25.0,2762,15022079.0,6.187832054996466e-05
2023-12-11,10:15:28,41.7248,23.5,25.0,2763,15022078.0,6.177942973364281e-05
2023-12-11,10:15:28,41.7284,23.5,25.0,2761,15022074.0,6.197736966158961e-05
2023-12-11,10:15:28,41.7319,23.5,25.0,2760,15022077.0,6.207657732190211e-05
2023-12-11,10:15:28,41.7355,23.5,25.0,2760,15022076.0,6.207657732190211e-05
2023-12-11,10:15:28,41.739,23.5,25.0,2762,15022071.0,6.187832054996466e-05
2023-12-11,10:15:28,41.7424,23.5,25.0,2763,15022077.0,6.177942973364281e-05
2023-12-11,10:15:28,41.746,23.5,25.0,2760,15022080.0,6.207657732190211e-05
2023-12-11,10:15:28,41.7533,23.5,25.0,2759,15022068.0,6.217594378469237e-05
2023-12-11,10:15:28,41.7569,23.5,25.0,2762,15022075.0,6.187832054996466e-05
2023-12-11,10:15:28,41.7604,23.5,25.0,2762,15022074.0,6.187832054996466e-05
2023-12-11,10:15:28,41.7639,23.5,25.0,2761,15022070.0,6.197736966158961e-05
2023-12-11,10:15:28,41.7675,23.5,25.0,2759,15022073.0,6.217594378469237e-05
2023-12-11,10:15:28,41.771,23.5,25.0,2758,15022072.0,6.227546930415666e-05
2023-12-11,10:15:28,41.7746,23.5,25.0,2760,15022068.0,6.207657732190211e-05
2023-12-11,10:15:28,41.7783,23.5,25.0,2761,15022072.0,6.197736966158961e-05
2023-12-11,10:15:28,41.7854,23.5,25.0,2757,15022066.0,6.237515413489837e-05
2023-12-11,10:15:28,41.789,23.5,25.0,2757,15022066.0,6.237515413489837e-05
2023-12-11,10:15:28,41.7926,23.5,25.0,2759,15022073.0,6.217594378469237e-05
2023-12-11,10:15:28,41.7961,23.5,25.0,2760,15022069.0,6.207657732190211e-05
2023-12-11,10:15:28,41.7995,23.5,25.0,2759,15022067.0,6.217594378469237e-05
2023-12-11,10:15:28,41.8031,23.5,25.0,2758,15022071.0,6.227546930415666e-05
2023-12-11,10:15:28,41.8066,23.5,25.0,2759,15022071.0,6.217594378469237e-05
2023-12-11,10:15:28,41.8101,23.5,25.0,2760,15022068.0,6.207657732190211e-05
2023-12-11,10:15:28,41.8172,23.5,25.0,2757,15022071.0,6.237515413489837e-05
2023-12-11,10:15:28,41.8208,23.5,25.0,2756,15022065.0,6.247499853192816e-05
2023-12-11,10:15:28,41.8244,23.5,25.0,2756,15022067.0,6.247499853192816e-05
2023-12-11,10:15:28,41.8279,23.5,25.0,2758,15022071.0,6.227546930415666e-05
2023-12-11,10:15:28,41.8315,23.5,25.0,2759,15022065.0,6.217594378469237e-05
2023-12-11,10:15:28,41.835,23.5,25.0,2757,15022064.0,6.237515413489837e-05
2023-12-11,10:15:28,41.8386,23.5,25.0,2755,15022067.0,6.257500275066518e-05
2023-12-11,10:15:28,41.8423,23.5,25.0,2756,15022065.0,6.247499853192816e-05
2023-12-11,10:15:28,41.8493,23.5,25.0,2760,15022069.0,6.207657732190211e-05
2023-12-11,10:15:28,41.8528,23.5,25.0,2758,15022071.0,6.227546930415666e-05
2023-12-11,10:15:28,41.8562,23.5,25.0,2755,15022063.0,6.257500275066518e-05
2023-12-11,10:15:28,41.8598,23.5,25.0,2755,15022064.0,6.257500275066518e-05
2023-12-11,10:15:28,41.8635,23.5,25.0,2756,15022066.0,6.247499853192816e-05
2023-12-11,10:15:28,41.8671,23.5,25.0,2757,15022063.0,6.237515413489837e-05
2023-12-11,10:15:28,41.8706,23.5,25.0,2757,15022064.0,6.237515413489837e-05
2023-12-11,10:15:28,41.874,23.5,25.0,2756,15022065.0,6.247499853192816e-05
2023-12-11,10:15:28,41.8812,23.5,25.0,2756,15022060.0,6.247499853192816e-05
2023-12-11,10:15:28,41.8848,23.5,25.0,2757,15022064.0,6.237515413489837e-05
2023-12-11,10:15:28,41.8884,23.5,25.0,2758,15022063.0,6.227546930415666e-05
2023-12-11,10:15:28,41.8918,23.5,25.0,2755,15022058.0,6.257500275066518e-05
2023-12-11,10:15:28,41.8954,23.5,25.0,2754,15022061.0,6.267516704693716e-05
2023-12-11,10:15:28,41.8991,23.5,25.0,2756,15022064.0,6.247499853192816e-05
2023-12-11,10:15:28,41.9027,23.5,25.0,2756,15022060.0,6.247499853192816e-05
2023-12-11,10:15:28,41.9061,23.5,25.0,2755,15022061.0,6.257500275066518e-05
2023-12-11,10:15:28,41.9132,23.5,25.0,2753,15022058.0,6.277549167698158e-05
2023-12-11,10:15:28,41.9168,23.5,25.0,2754,15022058.0,6.267516704693716e-05
2023-12-11,10:15:28,41.9204,23.5,25.0,2755,15022064.0,6.257500275066518e-05
2023-12-11,10:15:28,41.9239,23.5,25.0,2756,15022061.0,6.247499853192816e-05
2023-12-11,10:15:28,41.9275,23.5,25.0,2754,15022056.0,6.267516704693716e-05
2023-12-11,10:15:28,41.9311,23.5,25.0,2752,15022060.0,6.287597689744584e-05
2023-12-11,10:15:28,41.9347,23.5,25.0,2753,15022060.0,6.277549167698158e-05
2023-12-11,10:15:28,41.9383,23.5,25.0,2755,15022054.0,6.257500275066518e-05
2023-12-11,10:15:28,41.9453,23.5,25.0,2753,15022059.0,6.277549167698158e-05
2023-12-11,10:15:28,41.949,23.5,25.0,2753,15022057.0,6.277549167698158e-05
2023-12-11,10:15:28,41.9526,23.5,25.0,2753,15022057.0,6.277549167698158e-05
2023-12-11,10:15:28,41.9561,23.5,25.0,2754,15022061.0,6.267516704693716e-05
2023-12-11,10:15:28,41.9595,23.5,25.0,2755,15022058.0,6.257500275066518e-05
2023-12-11,10:15:28,41.9631,23.5,25.0,2753,15022057.0,6.277549167698158e-05
2023-12-11,10:15:28,41.9667,23.5,25.0,2751,15022061.0,6.29766229653884e-05
2023-12-11,10:15:28,41.9701,23.5,25.0,2751,15022057.0,6.29766229653884e-05
2023-12-11,10:15:28,41.9773,23.5,25.0,2753,15022056.0,6.277549167698158e-05
2023-12-11,10:15:28,41.9809,23.5,25.0,2752,15022056.0,6.287597689744584e-05
2023-12-11,10:15:28,41.9842,23.5,25.0,2752,15022054.0,6.287597689744584e-05
2023-12-11,10:15:28,41.9879,23.5,25.0,2752,15022054.0,6.287597689744584e-05
2023-12-11,10:15:28,41.9916,23.5,25.0,2752,15022056.0,6.287597689744584e-05
2023-12-11,10:15:28,41.9951,23.5,25.0,2752,15022054.0,6.287597689744584e-05
2023-12-11,10:15:28,41.9986,23.5,25.0,2752,15022052.0,6.287597689744584e-05
2023-12-11,10:15:28,42.0057,23.5,25.0,2751,15022053.0,6.29766229653884e-05
2023-12-11,10:15:28,42.0092,23.5,25.0,2751,15022051.0,6.29766229653884e-05
2023-12-11,10:15:28,42.0128,23.5,25.0,2752,15022052.0,6.287597689744584e-05
2023-12-11,10:15:28,42.0162,23.5,25.0,2752,15022054.0,6.287597689744584e-05
2023-12-11,10:15:28,42.0198,23.5,25.0,2750,15022050.0,6.307743013827895e-05
2023-12-11,10:15:28,42.0234,23.5,25.0,2749,15022051.0,6.317839867399959e-05
2023-12-11,10:15:28,42.027,23.5,25.0,2751,15022056.0,6.29766229653884e-05
2023-12-11,10:15:28,42.0307,23.5,25.0,2752,15022052.0,6.287597689744584e-05
2023-12-11,10:15:28,42.0377,23.5,25.0,2749,15022055.0,6.317839867399959e-05
2023-12-11,10:15:28,42.0414,23.5,25.0,2749,15022053.0,6.317839867399959e-05
2023-12-11,10:15:28,42.045,23.5,25.0,2750,15022049.0,6.307743013827895e-05
2023-12-11,10:15:28,42.0485,23.5,25.0,2750,15022051.0,6.307743013827895e-05
2023-12-11,10:15:28,42.0519,23.5,25.0,2750,15022052.0,6.307743013827895e-05
2023-12-11,10:15:28,42.0555,23.5,25.0,2748,15022045.0,6.327952883084491e-05
2023-12-11,10:15:28,42.0592,23.5,25.0,2747,15022045.0,6.338082086752325e-05
2023-12-11,10:15:28,42.0629,23.5,25.0,2749,15022052.0,6.317839867399959e-05
2023-12-11,10:15:28,42.0664,23.5,25.0,2750,15022050.0,6.307743013827895e-05
2023-12-11,10:15:28,42.0734,23.5,25.0,2749,15022052.0,6.317839867399959e-05
2023-12-11,10:15:28,42.077,23.5,25.0,2748,15022046.0,6.327952883084491e-05
2023-12-11,10:15:28,42.0807,23.5,25.0,2748,15022045.0,6.327952883084491e-05
2023-12-11,10:15:28,42.0843,23.5,25.0,2749,15022049.0,6.317839867399959e-05
2023-12-11,10:15:28,42.0878,23.5,25.0,2749,15022050.0,6.317839867399959e-05
2023-12-11,10:15:28,42.0914,23.5,25.0,2747,15022047.0,6.338082086752325e-05
2023-12-11,10:15:28,42.0949,23.5,25.0,2748,15022045.0,6.327952883084491e-05
2023-12-11,10:15:28,42.0985,23.5,25.0,2750,15022049.0,6.307743013827895e-05
2023-12-11,10:15:28,42.1054,23.5,25.0,2749,15022044.0,6.317839867399959e-05
2023-12-11,10:15:28,42.109,23.5,25.0,2747,15022048.0,6.338082086752325e-05
2023-12-11,10:15:28,42.1126,23.5,25.0,2746,15022046.0,6.34822750431568e-05
2023-12-11,10:15:28,42.1162,23.5,25.0,2747,15022043.0,6.338082086752325e-05
2023-12-11,10:15:28,42.1198,23.5,25.0,2747,15022045.0,6.338082086752325e-05
2023-12-11,10:15:28,42.1234,23.5,25.0,2748,15022044.0,6.327952883084491e-05
2023-12-11,10:15:28,42.1268,23.5,25.0,2747,15022042.0,6.338082086752325e-05
2023-12-11,10:15:28,42.1303,23.5,25.0,2746,15022043.0,6.34822750431568e-05
2023-12-11,10:15:28,42.1376,23.5,25.0,2749,15022041.0,6.317839867399959e-05
2023-12-11,10:15:28,42.141,23.5,25.0,2748,15022042.0,6.327952883084491e-05
2023-12-11,10:15:28,42.1445,23.5,25.0,2746,15022045.0,6.34822750431568e-05
2023-12-11,10:15:28,42.1481,23.5,25.0,2746,15022042.0,6.34822750431568e-05
2023-12-11,10:15:28,42.1518,23.5,25.0,2747,15022040.0,6.338082086752325e-05
2023-12-11,10:15:28,42.1554,23.5,25.0,2748,15022045.0,6.327952883084491e-05
2023-12-11,10:15:28,42.1588,23.5,25.0,2748,15022046.0,6.327952883084491e-05
2023-12-11,10:15:28,42.1623,23.5,25.0,2745,15022042.0,6.358389161728276e-05
2023-12-11,10:15:28,42.1696,23.5,25.0,2746,15022042.0,6.34822750431568e-05
2023-12-11,10:15:28,42.173,23.5,25.0,2747,15022039.0,6.338082086752325e-05
2023-12-11,10:15:28,42.1766,23.5,25.0,2746,15022038.0,6.34822750431568e-05
2023-12-11,10:15:28,42.1802,23.5,25.0,2744,15022041.0,6.368567084985357e-05
2023-12-11,10:15:28,42.1838,23.5,25.0,2745,15022041.0,6.358389161728276e-05
2023-12-11,10:15:28,42.1872,23.5,25.0,2746,15022038.0,6.34822750431568e-05
2023-12-11,10:15:28,42.1908,23.5,25.0,2747,15022042.0,6.338082086752325e-05
2023-12-11,10:15:28,42.198,23.5,25.0,2745,15022040.0,6.358389161728276e-05
2023-12-11,10:15:28,42.2016,23.5,25.0,2744,15022042.0,6.368567084985357e-05
2023-12-11,10:15:28,42.2052,23.5,25.0,2744,15022040.0,6.368567084985357e-05
2023-12-11,10:15:28,42.2086,23.5,25.0,2745,15022035.0,6.358389161728276e-05
2023-12-11,10:15:28,42.2122,23.5,25.0,2746,15022038.0,6.34822750431568e-05
2023-12-11,10:15:28,42.2158,23.5,25.0,2745,15022041.0,6.358389161728276e-05
2023-12-11,10:15:28,42.2194,23.5,25.0,2744,15022040.0,6.368567084985357e-05
2023-12-11,10:15:28,42.2229,23.5,25.0,2744,15022038.0,6.368567084985357e-05
2023-12-11,10:15:28,42.2301,23.5,25.0,2744,15022036.0,6.368567084985357e-05
2023-12-11,10:15:28,42.2337,23.5,25.0,2743,15022034.0,6.378761300123798e-05
2023-12-11,10:15:28,42.2373,23.5,25.0,2742,15022038.0,6.388971833222129e-05
2023-12-11,10:15:28,42.2409,23.5,25.0,2743,15022040.0,6.378761300123798e-05
2023-12-11,10:15:28,42.2444,23.5,25.0,2743,15022037.0,6.378761300123798e-05
2023-12-11,10:15:28,42.248,23.5,25.0,2743,15022036.0,6.378761300123798e-05
2023-12-11,10:15:28,42.2516,23.5,25.0,2742,15022038.0,6.388971833222129e-05
2023-12-11,10:15:28,42.2551,23.5,25.0,2742,15022035.0,6.388971833222129e-05
2023-12-11,10:15:28,42.2585,23.5,25.0,2742,15022034.0,6.388971833222129e-05
2023-12-11,10:15:28,42.2657,23.5,25.0,2743,15022037.0,6.378761300123798e-05
2023-12-11,10:15:28,42.2693,23.5,25.0,2742,15022035.0,6.388971833222129e-05
2023-12-11,10:15:28,42.2729,23.5,25.0,2741,15022037.0,6.399198710400648e-05
2023-12-11,10:15:28,42.2764,23.5,25.0,2742,15022036.0,6.388971833222129e-05
2023-12-11,10:15:28,42.2802,23.5,25.0,2743,15022031.0,6.378761300123798e-05
2023-12-11,10:15:28,42.2837,23.5,25.0,2742,15022032.0,6.388971833222129e-05
2023-12-11,10:15:29,42.2871,23.5,25.0,2740,15022036.0,6.40944195782144e-05
2023-12-11,10:15:29,42.2907,23.5,25.0,2740,15022033.0,6.40944195782144e-05
2023-12-11,10:15:29,42.2981,23.5,25.0,2742,15022033.0,6.388971833222129e-05
2023-12-11,10:15:29,42.3014,23.5,25.0,2742,15022037.0,6.388971833222129e-05
2023-12-11,10:15:29,42.3049,23.5,25.0,2740,15022033.0,6.40944195782144e-05
2023-12-11,10:15:29,42.3086,23.5,25.0,2740,15022031.0,6.40944195782144e-05
2023-12-11,10:15:29,42.3122,23.5,25.0,2741,15022032.0,6.399198710400648e-05
2023-12-11,10:15:29,42.3157,23.5,25.0,2742,15022028.0,6.388971833222129e-05
2023-12-11,10:15:29,42.3193,23.5,25.0,2742,15022030.0,6.388971833222129e-05
2023-12-11,10:15:29,42.3228,23.5,25.0,2741,15022033.0,6.399198710400648e-05
2023-12-11,10:15:29,42.3301,23.5,25.0,2739,15022032.0,6.419701601688493e-05
2023-12-11,10:15:29,42.3335,23.5,25.0,2741,15022034.0,6.399198710400648e-05
2023-12-11,10:15:29,42.337,23.5,25.0,2741,15022034.0,6.399198710400648e-05
2023-12-11,10:15:29,42.3406,23.5,25.0,2739,15022030.0,6.419701601688493e-05
2023-12-11,10:15:29,42.3442,23.5,25.0,2739,15022030.0,6.419701601688493e-05
2023-12-11,10:15:29,42.3476,23.5,25.0,2739,15022030.0,6.419701601688493e-05
2023-12-11,10:15:29,42.3513,23.5,25.0,2740,15022026.0,6.40944195782144e-05
2023-12-11,10:15:29,42.355,23.5,25.0,2740,15022027.0,6.40944195782144e-05
2023-12-11,10:15:29,42.362,23.5,25.0,2738,15022027.0,6.429977668247714e-05
2023-12-11,10:15:29,42.3655,23.5,25.0,2739,15022025.0,6.419701601688493e-05
2023-12-11,10:15:29,42.3691,23.5,25.0,2739,15022028.0,6.419701601688493e-05
2023-12-11,10:15:29,42.3727,23.5,25.0,2739,15022029.0,6.419701601688493e-05
2023-12-11,10:15:29,42.3763,23.5,25.0,2738,15022029.0,6.429977668247714e-05
2023-12-11,10:15:29,42.3799,23.5,25.0,2738,15022029.0,6.429977668247714e-05
2023-12-11,10:15:29,42.3835,23.5,25.0,2739,15022028.0,6.419701601688493e-05
2023-12-11,10:15:29,42.387,23.5,25.0,2738,15022027.0,6.429977668247714e-05
2023-12-11,10:15:29,42.3941,23.5,25.0,2738,15022033.0,6.429977668247714e-05
2023-12-11,10:15:29,42.3975,23.5,25.0,2737,15022026.0,6.440270183787045e-05
2023-12-11,10:15:29,42.4012,23.5,25.0,2737,15022023.0,6.440270183787045e-05
2023-12-11,10:15:29,42.405,23.5,25.0,2737,15022026.0,6.440270183787045e-05
2023-12-11,10:15:29,42.4085,23.5,25.0,2736,15022027.0,6.450579174636486e-05
2023-12-11,10:15:29,42.4119,23.5,25.0,2736,15022028.0,6.450579174636486e-05
2023-12-11,10:15:29,42.4153,23.5,25.0,2737,15022028.0,6.440270183787045e-05
2023-12-11,10:15:29,42.419,23.5,25.0,2737,15022028.0,6.440270183787045e-05
2023-12-11,10:15:29,42.4262,23.5,25.0,2737,15022025.0,6.440270183787045e-05
2023-12-11,10:15:29,42.4298,23.5,25.0,2736,15022030.0,6.450579174636486e-05
2023-12-11,10:15:29,42.4334,23.5,25.0,2735,15022025.0,6.460904667168208e-05
2023-12-11,10:15:29,42.437,23.5,25.0,2735,15022023.0,6.460904667168208e-05
2023-12-11,10:15:29,42.4405,23.5,25.0,2737,15022028.0,6.440270183787045e-05
2023-12-11,10:15:29,42.4441,23.5,25.0,2738,15022029.0,6.429977668247714e-05
2023-12-11,10:15:29,42.4477,23.5,25.0,2736,15022026.0,6.450579174636486e-05
2023-12-11,10:15:29,42.4513,23.5,25.0,2735,15022026.0,6.460904667168208e-05
2023-12-11,10:15:29,42.4582,23.5,25.0,2735,15022022.0,6.460904667168208e-05
2023-12-11,10:15:29,42.4619,23.5,25.0,2735,15022024.0,6.460904667168208e-05
2023-12-11,10:15:29,42.4655,23.5,25.0,2736,15022026.0,6.450579174636486e-05
2023-12-11,10:15:29,42.469,23.5,25.0,2736,15022023.0,6.450579174636486e-05
2023-12-11,10:15:29,42.4725,23.5,25.0,2735,15022022.0,6.460904667168208e-05
2023-12-11,10:15:29,42.4761,23.5,25.0,2735,15022023.0,6.460904667168208e-05
2023-12-11,10:15:29,42.4796,23.5,25.0,2735,15022024.0,6.460904667168208e-05
2023-12-11,10:15:29,42.4832,23.5,25.0,2735,15022026.0,6.460904667168208e-05
2023-12-11,10:15:29,42.4906,23.5,25.0,2734,15022023.0,6.471246687796572e-05
2023-12-11,10:15:29,42.494,23.5,25.0,2735,15022020.0,6.460904667168208e-05
2023-12-11,10:15:29,42.4975,23.5,25.0,2734,15022022.0,6.471246687796572e-05
2023-12-11,10:15:29,42.501,23.5,25.0,2733,15022025.0,6.48160526297824e-05
2023-12-11,10:15:29,42.5045,23.5,25.0,2733,15022020.0,6.48160526297824e-05
2023-12-11,10:15:29,42.5081,23.5,25.0,2733,15022017.0,6.48160526297824e-05
2023-12-11,10:15:29,42.5117,23.5,25.0,2734,15022020.0,6.471246687796572e-05
2023-12-11,10:15:29,42.5153,23.5,25.0,2735,15022021.0,6.460904667168208e-05
2023-12-11,10:15:29,42.5225,23.5,25.0,2733,15022024.0,6.48160526297824e-05
2023-12-11,10:15:29,42.526,23.5,25.0,2733,15022019.0,6.48160526297824e-05
2023-12-11,10:15:29,42.5296,23.5,25.0,2734,15022016.0,6.471246687796572e-05
2023-12-11,10:15:29,42.5332,23.5,25.0,2735,15022021.0,6.460904667168208e-05
2023-12-11,10:15:29,42.5368,23.5,25.0,2735,15022023.0,6.460904667168208e-05
2023-12-11,10:15:29,42.5404,23.5,25.0,2733,15022017.0,6.48160526297824e-05
2023-12-11,10:15:29,42.544,23.5,25.0,2732,15022016.0,6.491980419212205e-05
2023-12-11,10:15:29,42.5476,23.5,25.0,2733,15022019.0,6.48160526297824e-05
2023-12-11,10:15:29,42.5511,23.5,25.0,2733,15022018.0,6.48160526297824e-05
2023-12-11,10:15:29,42.5583,23.5,25.0,2731,15022021.0,6.502372183039899e-05
2023-12-11,10:15:29,42.5618,23.5,25.0,2733,15022020.0,6.48160526297824e-05
2023-12-11,10:15:29,42.5652,23.5,25.0,2734,15022016.0,6.471246687796572e-05
2023-12-11,10:15:29,42.5689,23.5,25.0,2732,15022017.0,6.491980419212205e-05
2023-12-11,10:15:29,42.5725,23.5,25.0,2731,15022020.0,6.502372183039899e-05
2023-12-11,10:15:29,42.576,23.5,25.0,2731,15022018.0,6.502372183039899e-05
2023-12-11,10:15:29,42.5796,23.5,25.0,2732,15022015.0,6.491980419212205e-05
2023-12-11,10:15:29,42.5833,23.5,25.0,2733,15022019.0,6.48160526297824e-05
2023-12-11,10:15:29,42.5903,23.5,25.0,2732,15022016.0,6.491980419212205e-05
2023-12-11,10:15:29,42.594,23.5,25.0,2731,15022019.0,6.502372183039899e-05
2023-12-11,10:15:29,42.5976,23.5,25.0,2731,15022017.0,6.502372183039899e-05
2023-12-11,10:15:29,42.6011,23.5,25.0,2732,15022014.0,6.491980419212205e-05
2023-12-11,10:15:29,42.6046,23.5,25.0,2732,15022016.0,6.491980419212205e-05
2023-12-11,10:15:29,42.6082,23.5,25.0,2731,15022020.0,6.502372183039899e-05
2023-12-11,10:15:29,42.6117,23.5,25.0,2730,15022014.0,6.512780581045215e-05
2023-12-11,10:15:29,42.6153,23.5,25.0,2730,15022014.0,6.512780581045215e-05
2023-12-11,10:15:29,42.6224,23.5,25.0,2731,15022015.0,6.502372183039899e-05
2023-12-11,10:15:29,42.6259,23.5,25.0,2731,15022017.0,6.502372183039899e-05
2023-12-11,10:15:29,42.6293,23.5,25.0,2730,15022021.0,6.512780581045215e-05
2023-12-11,10:15:29,42.6329,23.5,25.0,2729,15022015.0,6.523205639854624e-05
2023-12-11,10:15:29,42.6366,23.5,25.0,2730,15022010.0,6.512780581045215e-05
2023-12-11,10:15:29,42.6402,23.5,25.0,2731,15022017.0,6.502372183039899e-05
2023-12-11,10:15:29,42.6437,23.5,25.0,2731,15022018.0,6.502372183039899e-05
2023-12-11,10:15:29,42.6473,23.5,25.0,2730,15022013.0,6.512780581045215e-05
2023-12-11,10:15:29,42.6546,23.5,25.0,2730,15022013.0,6.512780581045215e-05
2023-12-11,10:15:29,42.6581,23.5,25.0,2731,15022012.0,6.502372183039899e-05
2023-12-11,10:15:29,42.6616,23.5,25.0,2729,15022012.0,6.523205639854624e-05
2023-12-11,10:15:29,42.6652,23.5,25.0,2728,15022016.0,6.533647386137191e-05
2023-12-11,10:15:29,42.6689,23.5,25.0,2729,15022013.0,6.523205639854624e-05
2023-12-11,10:15:29,42.6724,23.5,25.0,2730,15022009.0,6.512780581045215e-05
2023-12-11,10:15:29,42.6758,23.5,25.0,2731,15022013.0,6.502372183039899e-05
2023-12-11,10:15:29,42.6793,23.5,25.0,2732,15022014.0,6.491980419212205e-05
2023-12-11,10:15:29,42.6864,23.5,25.0,2728,15022012.0,6.533647386137191e-05
2023-12-11,10:15:29,42.6901,23.5,25.0,2729,15022012.0,6.523205639854624e-05
2023-12-11,10:15:29,42.6937,23.5,25.0,2729,15022010.0,6.523205639854624e-05
2023-12-11,10:15:29,42.6973,23.5,25.0,2729,15022014.0,6.523205639854624e-05
2023-12-11,10:15:29,42.7008,23.5,25.0,2728,15022017.0,6.533647386137191e-05
2023-12-11,10:15:29,42.7042,23.5,25.0,2727,15022010.0,6.5441058466047e-05
2023-12-11,10:15:29,42.7079,23.5,25.0,2728,15022008.0,6.533647386137191e-05
2023-12-11,10:15:29,42.7116,23.5,25.0,2728,15022012.0,6.533647386137191e-05
2023-12-11,10:15:29,42.7186,23.5,25.0,2727,15022010.0,6.5441058466047e-05
2023-12-11,10:15:29,42.7221,23.5,25.0,2726,15022010.0,6.554581048011662e-05
2023-12-11,10:15:29,42.7259,23.5,25.0,2728,15022010.0,6.533647386137191e-05
2023-12-11,10:15:29,42.7294,23.5,25.0,2729,15022007.0,6.523205639854624e-05
2023-12-11,10:15:29,42.733,23.5,25.0,2728,15022009.0,6.533647386137191e-05
2023-12-11,10:15:29,42.7366,23.5,25.0,2727,15022012.0,6.5441058466047e-05
2023-12-11,10:15:29,42.7401,23.5,25.0,2726,15022009.0,6.554581048011662e-05
2023-12-11,10:15:29,42.7436,23.5,25.0,2727,15022006.0,6.5441058466047e-05
2023-12-11,10:15:29,42.7507,23.5,25.0,2727,15022012.0,6.5441058466047e-05
2023-12-11,10:15:29,42.7543,23.5,25.0,2726,15022007.0,6.554581048011662e-05
2023-12-11,10:15:29,42.7579,23.5,25.0,2725,15022010.0,6.565073017155446e-05
2023-12-11,10:15:29,42.7614,23.5,25.0,2726,15022009.0,6.554581048011662e-05
2023-12-11,10:15:29,42.7652,23.5,25.0,2727,15022007.0,6.5441058466047e-05
2023-12-11,10:15:29,42.7687,23.5,25.0,2726,15022011.0,6.554581048011662e-05
2023-12-11,10:15:29,42.7722,23.5,25.0,2725,15022012.0,6.565073017155446e-05
2023-12-11,10:15:29,42.7758,23.5,25.0,2725,15022007.0,6.565073017155446e-05
2023-12-11,10:15:29,42.7795,23.5,25.0,2727,15022002.0,6.5441058466047e-05
2023-12-11,10:15:29,42.7865,23.5,25.0,2727,15022012.0,6.5441058466047e-05
2023-12-11,10:15:29,42.7901,23.5,25.0,2726,15022006.0,6.554581048011662e-05
2023-12-11,10:15:29,42.7936,23.5,25.0,2725,15022007.0,6.565073017155446e-05
2023-12-11,10:15:29,42.7972,23.5,25.0,2725,15022007.0,6.565073017155446e-05
2023-12-11,10:15:29,42.8009,23.5,25.0,2726,15022005.0,6.554581048011662e-05
2023-12-11,10:15:29,42.8044,23.5,25.0,2726,15022007.0,6.554581048011662e-05
2023-12-11,10:15:29,42.8079,23.5,25.0,2724,15022010.0,6.575581780876284e-05
2023-12-11,10:15:29,42.8115,23.5,25.0,2723,15022006.0,6.586107366057399e-05
2023-12-11,10:15:29,42.8188,23.5,25.0,2726,15022007.0,6.554581048011662e-05
2023-12-11,10:15:29,42.8222,23.5,25.0,2725,15022012.0,6.565073017155446e-05
2023-12-11,10:15:29,42.8257,23.5,25.0,2723,15022003.0,6.586107366057399e-05
2023-12-11,10:15:29,42.8294,23.5,25.0,2723,15022001.0,6.586107366057399e-05
2023-12-11,10:15:29,42.833,23.5,25.0,2726,15022009.0,6.554581048011662e-05
2023-12-11,10:15:29,42.8364,23.5,25.0,2727,15022009.0,6.5441058466047e-05
2023-12-11,10:15:29,42.8399,23.5,25.0,2725,15022007.0,6.565073017155446e-05
2023-12-11,10:15:29,42.8436,23.5,25.0,2723,15022010.0,6.586107366057399e-05
2023-12-11,10:15:29,42.8509,23.5,25.0,2725,15022003.0,6.565073017155446e-05
2023-12-11,10:15:29,42.8545,23.5,25.0,2726,15022005.0,6.554581048011662e-05
2023-12-11,10:15:29,42.8581,23.5,25.0,2725,15022008.0,6.565073017155446e-05
2023-12-11,10:15:29,42.8617,23.5,25.0,2723,15022001.0,6.586107366057399e-05
2023-12-11,10:15:29,42.8654,23.5,25.0,2722,15022000.0,6.596649799625023e-05
2023-12-11,10:15:29,42.869,23.5,25.0,2724,15022007.0,6.575581780876284e-05
2023-12-11,10:15:29,42.8723,23.5,25.0,2725,15022007.0,6.565073017155446e-05
2023-12-11,10:15:29,42.8759,23.5,25.0,2723,15022003.0,6.586107366057399e-05
2023-12-11,10:15:29,42.8796,23.5,25.0,2721,15022007.0,6.607209108548514e-05
2023-12-11,10:15:29,42.8868,23.5,25.0,2724,15022004.0,6.575581780876284e-05
2023-12-11,10:15:29,42.8903,23.5,25.0,2724,15022005.0,6.575581780876284e-05
2023-12-11,10:15:29,42.8938,23.5,25.0,2723,15022007.0,6.586107366057399e-05
2023-12-11,10:15:29,42.8974,23.5,25.0,2722,15022001.0,6.596649799625023e-05
2023-12-11,10:15:29,42.9011,23.5,25.0,2722,15022000.0,6.596649799625023e-05
2023-12-11,10:15:29,42.9045,23.5,25.0,2724,15022004.0,6.575581780876284e-05
2023-12-11,10:15:29,42.908,23.5,25.0,2725,15022003.0,6.565073017155446e-05
2023-12-11,10:15:29,42.9116,23.5,25.0,2723,15022004.0,6.586107366057399e-05
2023-12-11,10:15:29,42.9188,23.5,25.0,2722,15022004.0,6.596649799625023e-05
2023-12-11,10:15:29,42.9225,23.5,25.0,2723,15022000.0,6.586107366057399e-05
2023-12-11,10:15:29,42.926,23.5,25.0,2723,15022006.0,6.586107366057399e-05
2023-12-11,10:15:29,42.9295,23.5,25.0,2722,15022011.0,6.596649799625023e-05
2023-12-11,10:15:29,42.9331,23.5,25.0,2720,15022000.0,6.61778531984037e-05
2023-12-11,10:15:29,42.9367,23.5,25.0,2722,15021996.0,6.596649799625023e-05
2023-12-11,10:15:29,42.9403,23.5,25.0,2724,15022003.0,6.575581780876284e-05
2023-12-11,10:15:29,42.9437,23.5,25.0,2723,15022003.0,6.586107366057399e-05
2023-12-11,10:15:29,42.9509,23.5,25.0,2721,15022004.0,6.607209108548514e-05
2023-12-11,10:15:29,42.9543,23.5,25.0,2721,15022001.0,6.607209108548514e-05
2023-12-11,10:15:29,42.958,23.5,25.0,2722,15021998.0,6.596649799625023e-05
2023-12-11,10:15:29,42.9616,23.5,25.0,2722,15022005.0,6.596649799625023e-05
2023-12-11,10:15:29,42.9651,23.5,25.0,2721,15022008.0,6.607209108548514e-05
2023-12-11,10:15:29,42.9687,23.5,25.0,2720,15022000.0,6.61778531984037e-05
2023-12-11,10:15:29,42.9723,23.5,25.0,2720,15021999.0,6.61778531984037e-05
2023-12-11,10:15:29,42.9758,23.5,25.0,2722,15022004.0,6.596649799625023e-05
2023-12-11,10:15:29,42.9828,23.5,25.0,2721,15021998.0,6.607209108548514e-05
2023-12-11,10:15:29,42.9863,23.5,25.0,2719,15022004.0,6.62837846055636e-05
2023-12-11,10:15:29,42.9899,23.5,25.0,2720,15022002.0,6.61778531984037e-05
2023-12-11,10:15:29,42.9935,23.5,25.0,2721,15021998.0,6.607209108548514e-05
2023-12-11,10:15:29,42.9971,23.5,25.0,2723,15022005.0,6.586107366057399e-05
2023-12-11,10:15:29,43.0007,23.5,25.0,2723,15022007.0,6.586107366057399e-05
2023-12-11,10:15:29,43.0041,23.5,25.0,2719,15021997.0,6.62837846055636e-05
2023-12-11,10:15:29,43.0077,23.5,25.0,2719,15021995.0,6.62837846055636e-05
2023-12-11,10:15:29,43.015,23.5,25.0,2721,15021998.0,6.607209108548514e-05
2023-12-11,10:15:29,43.0186,23.5,25.0,2720,15021997.0,6.61778531984037e-05
2023-12-11,10:15:29,43.022,23.5,25.0,2717,15022004.0,6.649615638700334e-05
2023-12-11,10:15:29,43.0256,23.5,25.0,2717,15022001.0,6.649615638700334e-05
2023-12-11,10:15:29,43.0293,23.5,25.0,2720,15021995.0,6.61778531984037e-05
2023-12-11,10:15:29,43.0329,23.5,25.0,2720,15021999.0,6.61778531984037e-05
2023-12-11,10:15:29,43.0364,23.5,25.0,2719,15022002.0,6.62837846055636e-05
2023-12-11,10:15:29,43.0398,23.5,25.0,2717,15021996.0,6.649615638700334e-05
2023-12-11,10:15:29,43.0437,23.5,25.0,2718,15021992.0,6.63898855779553e-05
2023-12-11,10:15:29,43.0508,23.5,25.0,2720,15021998.0,6.61778531984037e-05
2023-12-11,10:15:29,43.0544,23.5,25.0,2719,15021996.0,6.62837846055636e-05
2023-12-11,10:15:29,43.058,23.5,25.0,2717,15022000.0,6.649615638700334e-05
2023-12-11,10:15:29,43.0616,23.5,25.0,2718,15021998.0,6.63898855779553e-05
2023-12-11,10:15:29,43.0653,23.5,25.0,2720,15021994.0,6.61778531984037e-05
2023-12-11,10:15:29,43.0689,23.5,25.0,2720,15022002.0,6.61778531984037e-05
2023-12-11,10:15:29,43.0724,23.5,25.0,2719,15022006.0,6.62837846055636e-05
2023-12-11,10:15:29,43.0758,23.5,25.0,2717,15021994.0,6.649615638700334e-05
2023-12-11,10:15:29,43.0831,23.5,25.0,2720,15021997.0,6.61778531984037e-05
2023-12-11,10:15:29,43.0864,23.5,25.0,2719,15021996.0,6.62837846055636e-05
2023-12-11,10:15:29,43.0899,23.5,25.0,2718,15021995.0,6.63898855779553e-05
2023-12-11,10:15:29,43.0936,23.5,25.0,2717,15022000.0,6.649615638700334e-05
2023-12-11,10:15:29,43.0972,23.5,25.0,2717,15021998.0,6.649615638700334e-05
2023-12-11,10:15:29,43.1009,23.5,25.0,2719,15021994.0,6.62837846055636e-05
2023-12-11,10:15:29,43.1045,23.5,25.0,2720,15021999.0,6.61778531984037e-05
2023-12-11,10:15:29,43.1078,23.5,25.0,2718,15022002.0,6.63898855779553e-05
2023-12-11,10:15:29,43.1151,23.5,25.0,2717,15021991.0,6.649615638700334e-05
2023-12-11,10:15:29,43.1187,23.5,25.0,2719,15021997.0,6.62837846055636e-05
2023-12-11,10:15:29,43.1223,23.5,25.0,2720,15021995.0,6.61778531984037e-05
2023-12-11,10:15:29,43.1259,23.5,25.0,2718,15021991.0,6.63898855779553e-05
2023-12-11,10:15:29,43.1294,23.5,25.0,2715,15021995.0,6.670920860293882e-05
2023-12-11,10:15:29,43.133,23.5,25.0,2717,15021999.0,6.649615638700334e-05
2023-12-11,10:15:29,43.1366,23.5,25.0,2719,15021995.0,6.62837846055636e-05
2023-12-11,10:15:29,43.1402,23.5,25.0,2719,15021999.0,6.62837846055636e-05
2023-12-11,10:15:29,43.1471,23.5,25.0,2716,15021992.0,6.660259730456647e-05
2023-12-11,10:15:29,43.1508,23.5,25.0,2717,15021990.0,6.649615638700334e-05
2023-12-11,10:15:29,43.1544,23.5,25.0,2718,15021995.0,6.63898855779553e-05
2023-12-11,10:15:29,43.1579,23.5,25.0,2718,15021994.0,6.63898855779553e-05
2023-12-11,10:15:29,43.1614,23.5,25.0,2717,15021992.0,6.649615638700334e-05
2023-12-11,10:15:29,43.1652,23.5,25.0,2715,15021996.0,6.670920860293882e-05
2023-12-11,10:15:29,43.1689,23.5,25.0,2716,15021996.0,6.660259730456647e-05
2023-12-11,10:15:29,43.1724,23.5,25.0,2719,15021990.0,6.62837846055636e-05
2023-12-11,10:15:29,43.1792,23.5,25.0,2717,15022000.0,6.649615638700334e-05
2023-12-11,10:15:29,43.1828,23.5,25.0,2716,15021993.0,6.660259730456647e-05
2023-12-11,10:15:29,43.1865,23.5,25.0,2717,15021989.0,6.649615638700334e-05
2023-12-11,10:15:29,43.1901,23.5,25.0,2718,15021996.0,6.63898855779553e-05
2023-12-11,10:15:29,43.1937,23.5,25.0,2717,15021997.0,6.649615638700334e-05
2023-12-11,10:15:29,43.1973,23.5,25.0,2715,15021989.0,6.670920860293882e-05
2023-12-11,10:15:29,43.201,23.5,25.0,2715,15021990.0,6.670920860293882e-05
2023-12-11,10:15:29,43.2046,23.5,25.0,2717,15021996.0,6.649615638700334e-05
2023-12-11,10:15:29,43.208,23.5,25.0,2717,15021993.0,6.649615638700334e-05
2023-12-11,10:15:29,43.2152,23.5,25.0,2717,15022000.0,6.649615638700334e-05
2023-12-11,10:15:29,43.2188,23.5,25.0,2715,15021992.0,6.670920860293882e-05
2023-12-11,10:15:29,43.2225,23.5,25.0,2716,15021988.0,6.660259730456647e-05
