Date,Time,Relative_time,Ambient,Temperature,Peak Magnitude (RAW),Resonance_Frequency,Dissipation
2023-11-29,09:36:29,0.0539,23.94,25.25,3318,14911770.0,2.542893979084601e-05
2023-11-29,09:36:29,0.0823,23.94,25.25,3296,14912067.0,2.633964726091078e-05
2023-11-29,09:36:29,0.1126,23.94,25.25,3300,14912001.0,2.617167168059942e-05
2023-11-29,09:36:29,0.1163,23.94,25.25,3292,14912003.0,2.650870094566748e-05
2023-11-29,09:36:29,0.12,23.94,25.25,3292,14912003.0,2.650870094566748e-05
2023-11-29,09:36:29,0.1236,23.94,25.25,3293,14912003.0,2.64663360745325e-05
2023-11-29,09:36:29,0.1273,23.94,25.25,3294,14912004.0,2.642403890880146e-05
2023-11-29,09:36:29,0.131,23.94,25.25,3294,14912004.0,2.642403890880146e-05
2023-11-29,09:36:29,0.1347,23.94,25.25,3293,14912003.0,2.64663360745325e-05
2023-11-29,09:36:29,0.1384,23.94,25.25,3292,14912003.0,2.650870094566748e-05
2023-11-29,09:36:29,0.142,23.94,25.25,3292,14912003.0,2.650870094566748e-05
2023-11-29,09:36:29,0.1457,23.94,25.25,3292,14912003.0,2.650870094566748e-05
2023-11-29,09:36:29,0.1494,23.94,25.25,3292,14912003.0,2.650870094566748e-05
2023-11-29,09:36:29,0.1531,23.94,25.25,3291,14912004.0,2.655113363058303e-05
2023-11-29,09:36:29,0.1568,23.94,25.25,3292,14912004.0,2.650870094566748e-05
2023-11-29,09:36:29,0.1604,23.94,25.25,3293,14912003.0,2.64663360745325e-05
2023-11-29,09:36:29,0.1641,23.94,25.25,3293,14912004.0,2.64663360745325e-05
2023-11-29,09:36:29,0.1678,23.94,25.25,3293,14912005.0,2.64663360745325e-05
2023-11-29,09:36:29,0.1716,23.94,25.25,3292,14912004.0,2.650870094566748e-05
2023-11-29,09:36:29,0.1753,23.94,25.25,3292,14912003.0,2.650870094566748e-05
2023-11-29,09:36:29,0.179,23.94,25.25,3291,14912003.0,2.655113363058303e-05
2023-11-29,09:36:29,0.1827,23.94,25.25,3291,14912003.0,2.655113363058303e-05
2023-11-29,09:36:29,0.1863,23.94,25.25,3292,14912003.0,2.650870094566748e-05
2023-11-29,09:36:30,0.1899,23.94,25.25,3293,14912003.0,2.64663360745325e-05
2023-11-29,09:36:30,0.1936,23.94,25.25,3294,14912003.0,2.642403890880146e-05
2023-11-29,09:36:30,0.1974,23.94,25.25,3293,14912004.0,2.64663360745325e-05
2023-11-29,09:36:30,0.2011,23.94,25.25,3292,14912003.0,2.650870094566748e-05
2023-11-29,09:36:30,0.2047,23.94,25.25,3292,14912004.0,2.650870094566748e-05
2023-11-29,09:36:30,0.2084,23.94,25.25,3293,14912005.0,2.64663360745325e-05
2023-11-29,09:36:30,0.2121,23.94,25.25,3293,14912004.0,2.64663360745325e-05
2023-11-29,09:36:30,0.2158,23.94,25.25,3293,14912004.0,2.64663360745325e-05
2023-11-29,09:36:30,0.2196,23.94,25.25,3292,14912005.0,2.650870094566748e-05
2023-11-29,09:36:30,0.2233,23.94,25.25,3292,14912005.0,2.650870094566748e-05
2023-11-29,09:36:30,0.227,23.94,25.25,3293,14912004.0,2.64663360745325e-05
2023-11-29,09:36:30,0.2306,23.94,25.25,3293,14912003.0,2.64663360745325e-05
2023-11-29,09:36:30,0.2343,23.94,25.25,3293,14912004.0,2.64663360745325e-05
2023-11-29,09:36:30,0.238,23.94,25.25,3293,14912005.0,2.64663360745325e-05
2023-11-29,09:36:30,0.2417,23.94,25.25,3292,14912004.0,2.650870094566748e-05
2023-11-29,09:36:30,0.2454,23.94,25.25,3290,14912003.0,2.659363423782914e-05
2023-11-29,09:36:30,0.249,23.94,25.25,3291,14912002.0,2.655113363058303e-05
2023-11-29,09:36:30,0.2527,23.94,25.25,3292,14912003.0,2.650870094566748e-05
2023-11-29,09:36:30,0.2564,23.94,25.25,3292,14912003.0,2.650870094566748e-05
2023-11-29,09:36:30,0.2601,23.94,25.25,3293,14912004.0,2.64663360745325e-05
2023-11-29,09:36:30,0.2638,23.94,25.25,3293,14912004.0,2.64663360745325e-05
2023-11-29,09:36:30,0.2676,23.94,25.25,3293,14912003.0,2.64663360745325e-05
2023-11-29,09:36:30,0.2711,23.94,25.25,3293,14912004.0,2.64663360745325e-05
2023-11-29,09:36:30,0.2747,23.94,25.25,3292,14912003.0,2.650870094566748e-05
2023-11-29,09:36:30,0.2786,23.94,25.25,3292,14912003.0,2.650870094566748e-05
2023-11-29,09:36:30,0.2823,23.94,25.25,3293,14912004.0,2.64663360745325e-05
2023-11-29,09:36:30,0.2859,23.94,25.25,3292,14912005.0,2.650870094566748e-05
2023-11-29,09:36:30,0.2896,23.94,25.25,3291,14912004.0,2.655113363058303e-05
2023-11-29,09:36:30,0.2933,23.94,25.25,3292,14912003.0,2.650870094566748e-05
2023-11-29,09:36:30,0.297,23.94,25.25,3293,14912003.0,2.64663360745325e-05
2023-11-29,09:36:30,0.3007,23.94,25.25,3293,14912005.0,2.64663360745325e-05
2023-11-29,09:36:30,0.3044,23.94,25.25,3291,14912004.0,2.655113363058303e-05
2023-11-29,09:36:30,0.3081,23.94,25.25,3291,14912003.0,2.655113363058303e-05
2023-11-29,09:36:30,0.3118,23.94,25.25,3292,14912003.0,2.650870094566748e-05
2023-11-29,09:36:30,0.3156,23.94,25.25,3293,14912003.0,2.64663360745325e-05
2023-11-29,09:36:30,0.3191,23.94,25.25,3293,14912003.0,2.64663360745325e-05
2023-11-29,09:36:30,0.3229,23.94,25.25,3292,14912004.0,2.650870094566748e-05
2023-11-29,09:36:30,0.3266,23.94,25.25,3292,14912004.0,2.650870094566748e-05
2023-11-29,09:36:30,0.3302,23.94,25.25,3292,14912004.0,2.650870094566748e-05
2023-11-29,09:36:30,0.334,23.94,25.25,3291,14912004.0,2.655113363058303e-05
2023-11-29,09:36:30,0.3378,23.94,25.25,3291,14912003.0,2.655113363058303e-05
2023-11-29,09:36:30,0.3414,23.94,25.25,3292,14912003.0,2.650870094566748e-05
2023-11-29,09:36:30,0.3451,23.94,25.25,3292,14912003.0,2.650870094566748e-05
2023-11-29,09:36:30,0.3488,23.94,25.25,3293,14912004.0,2.64663360745325e-05
2023-11-29,09:36:30,0.3524,23.94,25.25,3293,14912005.0,2.64663360745325e-05
2023-11-29,09:36:30,0.3561,23.94,25.25,3293,14912005.0,2.64663360745325e-05
2023-11-29,09:36:30,0.3598,23.94,25.25,3293,14912005.0,2.64663360745325e-05
2023-11-29,09:36:30,0.3636,23.94,25.25,3292,14912005.0,2.650870094566748e-05
2023-11-29,09:36:30,0.3673,23.94,25.25,3292,14912004.0,2.650870094566748e-05
2023-11-29,09:36:30,0.371,23.94,25.25,3291,14912003.0,2.655113363058303e-05
2023-11-29,09:36:30,0.3747,23.94,25.25,3290,14912003.0,2.659363423782914e-05
2023-11-29,09:36:30,0.3784,23.94,25.25,3290,14912003.0,2.659363423782914e-05
2023-11-29,09:36:30,0.382,23.94,25.25,3290,14912003.0,2.659363423782914e-05
2023-11-29,09:36:30,0.3857,23.94,25.25,3291,14912004.0,2.655113363058303e-05
2023-11-29,09:36:30,0.3894,23.94,25.25,3292,14912004.0,2.650870094566748e-05
2023-11-29,09:36:30,0.393,23.94,25.25,3293,14912005.0,2.64663360745325e-05
2023-11-29,09:36:30,0.3967,23.94,25.25,3292,14912005.0,2.650870094566748e-05
2023-11-29,09:36:30,0.4004,23.94,25.25,3291,14912005.0,2.655113363058303e-05
2023-11-29,09:36:30,0.4041,23.94,25.25,3292,14912004.0,2.650870094566748e-05
2023-11-29,09:36:30,0.4078,23.94,25.25,3292,14912003.0,2.650870094566748e-05
2023-11-29,09:36:30,0.4116,23.94,25.25,3293,14912003.0,2.64663360745325e-05
2023-11-29,09:36:30,0.4153,23.94,25.25,3293,14912003.0,2.64663360745325e-05
2023-11-29,09:36:30,0.4189,23.94,25.25,3292,14912004.0,2.650870094566748e-05
2023-11-29,09:36:30,0.4224,23.94,25.25,3291,14912004.0,2.655113363058303e-05
2023-11-29,09:36:30,0.4263,23.94,25.25,3292,14912004.0,2.650870094566748e-05
2023-11-29,09:36:30,0.43,23.94,25.25,3293,14912004.0,2.64663360745325e-05
2023-11-29,09:36:30,0.4337,23.94,25.25,3292,14912003.0,2.650870094566748e-05
2023-11-29,09:36:30,0.4375,23.94,25.25,3291,14912003.0,2.655113363058303e-05
2023-11-29,09:36:30,0.4413,23.94,25.25,3291,14912003.0,2.655113363058303e-05
2023-11-29,09:36:30,0.4448,23.94,25.25,3293,14912004.0,2.64663360745325e-05
2023-11-29,09:36:30,0.4484,23.94,25.25,3293,14912004.0,2.64663360745325e-05
2023-11-29,09:36:30,0.4521,23.94,25.25,3291,14912003.0,2.655113363058303e-05
2023-11-29,09:36:30,0.4558,23.94,25.25,3291,14912002.0,2.655113363058303e-05
2023-11-29,09:36:30,0.4596,23.94,25.25,3293,14912004.0,2.64663360745325e-05
2023-11-29,09:36:30,0.4633,23.94,25.25,3293,14912004.0,2.64663360745325e-05
2023-11-29,09:36:30,0.467,23.94,25.25,3292,14912003.0,2.650870094566748e-05
2023-11-29,09:36:30,0.4707,23.94,25.25,3292,14912003.0,2.650870094566748e-05
2023-11-29,09:36:30,0.4743,23.94,25.25,3292,14912003.0,2.650870094566748e-05
2023-11-29,09:36:30,0.4779,23.94,25.25,3292,14912004.0,2.650870094566748e-05
2023-11-29,09:36:30,0.4817,23.94,25.25,3292,14912004.0,2.650870094566748e-05
2023-11-29,09:36:30,0.4854,23.94,25.25,3292,14912004.0,2.650870094566748e-05
2023-11-29,09:36:30,0.489,23.94,25.25,3291,14912003.0,2.655113363058303e-05
2023-11-29,09:36:30,0.4928,23.94,25.25,3290,14912003.0,2.659363423782914e-05
2023-11-29,09:36:30,0.4966,23.94,25.25,3292,14912005.0,2.650870094566748e-05
2023-11-29,09:36:30,0.5003,24.0,25.0,3292,14912006.0,2.650870094566748e-05
2023-11-29,09:36:30,0.504,24.0,25.0,3292,14912006.0,2.650870094566748e-05
2023-11-29,09:36:30,0.5076,24.0,25.0,3293,14912004.0,2.64663360745325e-05
2023-11-29,09:36:30,0.5113,24.0,25.0,3292,14912003.0,2.650870094566748e-05
2023-11-29,09:36:30,0.515,24.0,25.0,3292,14912004.0,2.650870094566748e-05
2023-11-29,09:36:30,0.5187,24.0,25.0,3293,14912004.0,2.64663360745325e-05
2023-11-29,09:36:30,0.5224,24.0,25.0,3293,14912004.0,2.64663360745325e-05
2023-11-29,09:36:30,0.526,24.0,25.0,3292,14912003.0,2.650870094566748e-05
2023-11-29,09:36:30,0.5297,24.0,25.0,3292,14912004.0,2.650870094566748e-05
2023-11-29,09:36:30,0.5335,24.0,25.0,3292,14912004.0,2.650870094566748e-05
2023-11-29,09:36:30,0.5373,24.0,25.0,3292,14912005.0,2.650870094566748e-05
2023-11-29,09:36:30,0.5408,24.0,25.0,3292,14912004.0,2.650870094566748e-05
2023-11-29,09:36:30,0.5446,24.0,25.0,3292,14912004.0,2.650870094566748e-05
2023-11-29,09:36:30,0.5483,24.0,25.0,3292,14912005.0,2.650870094566748e-05
2023-11-29,09:36:30,0.552,24.0,25.0,3292,14912004.0,2.650870094566748e-05
2023-11-29,09:36:30,0.5558,24.0,25.0,3293,14912004.0,2.64663360745325e-05
2023-11-29,09:36:30,0.5595,24.0,25.0,3293,14912005.0,2.64663360745325e-05
2023-11-29,09:36:30,0.5631,24.0,25.0,3292,14912004.0,2.650870094566748e-05
2023-11-29,09:36:30,0.5667,24.0,25.0,3292,14912003.0,2.650870094566748e-05
2023-11-29,09:36:30,0.5704,24.0,25.0,3293,14912004.0,2.64663360745325e-05
2023-11-29,09:36:30,0.5741,24.0,25.0,3293,14912004.0,2.64663360745325e-05
2023-11-29,09:36:30,0.5778,24.0,25.0,3291,14912003.0,2.655113363058303e-05
2023-11-29,09:36:30,0.5815,24.0,25.0,3290,14912004.0,2.659363423782914e-05
2023-11-29,09:36:30,0.5853,24.0,25.0,3291,14912003.0,2.655113363058303e-05
2023-11-29,09:36:30,0.589,24.0,25.0,3292,14912003.0,2.650870094566748e-05
2023-11-29,09:36:30,0.5927,24.0,25.0,3292,14912003.0,2.650870094566748e-05
2023-11-29,09:36:30,0.5963,24.0,25.0,3291,14912005.0,2.655113363058303e-05
2023-11-29,09:36:30,0.5998,24.0,25.0,3290,14912005.0,2.659363423782914e-05
2023-11-29,09:36:30,0.6037,24.0,25.0,3292,14912003.0,2.650870094566748e-05
2023-11-29,09:36:30,0.6074,24.0,25.0,3292,14912003.0,2.650870094566748e-05
2023-11-29,09:36:30,0.6111,24.0,25.0,3292,14912002.0,2.650870094566748e-05
2023-11-29,09:36:30,0.6148,24.0,25.0,3293,14912003.0,2.64663360745325e-05
2023-11-29,09:36:30,0.6185,24.0,25.0,3292,14912004.0,2.650870094566748e-05
2023-11-29,09:36:30,0.6222,24.0,25.0,3291,14912003.0,2.655113363058303e-05
2023-11-29,09:36:30,0.6258,24.0,25.0,3291,14912003.0,2.655113363058303e-05
2023-11-29,09:36:30,0.6295,24.0,25.0,3291,14912004.0,2.655113363058303e-05
2023-11-29,09:36:30,0.6333,24.0,25.0,3291,14912004.0,2.655113363058303e-05
2023-11-29,09:36:30,0.637,24.0,25.0,3293,14912005.0,2.64663360745325e-05
2023-11-29,09:36:30,0.6406,24.0,25.0,3292,14912005.0,2.650870094566748e-05
2023-11-29,09:36:30,0.6441,24.0,25.0,3290,14912004.0,2.659363423782914e-05
2023-11-29,09:36:30,0.648,24.0,25.0,3291,14912004.0,2.655113363058303e-05
2023-11-29,09:36:30,0.6517,24.0,25.0,3293,14912004.0,2.64663360745325e-05
2023-11-29,09:36:30,0.6554,24.0,25.0,3293,14912004.0,2.64663360745325e-05
2023-11-29,09:36:30,0.6591,24.0,25.0,3291,14912003.0,2.655113363058303e-05
2023-11-29,09:36:30,0.6627,24.0,25.0,3291,14912003.0,2.655113363058303e-05
2023-11-29,09:36:30,0.6664,24.0,25.0,3293,14912005.0,2.64663360745325e-05
2023-11-29,09:36:30,0.6701,24.0,25.0,3293,14912004.0,2.64663360745325e-05
2023-11-29,09:36:30,0.6738,24.0,25.0,3291,14912003.0,2.655113363058303e-05
2023-11-29,09:36:30,0.6775,24.0,25.0,3291,14912003.0,2.655113363058303e-05
2023-11-29,09:36:30,0.6813,24.0,25.0,3291,14912003.0,2.655113363058303e-05
2023-11-29,09:36:30,0.685,24.0,25.0,3291,14912002.0,2.655113363058303e-05
2023-11-29,09:36:30,0.6887,24.0,25.0,3292,14912004.0,2.650870094566748e-05
2023-11-29,09:36:30,0.6924,24.0,25.0,3292,14912004.0,2.650870094566748e-05
2023-11-29,09:36:30,0.696,24.0,25.0,3292,14912004.0,2.650870094566748e-05
2023-11-29,09:36:30,0.6997,24.0,25.0,3292,14912004.0,2.650870094566748e-05
2023-11-29,09:36:30,0.7034,24.0,25.0,3291,14912004.0,2.655113363058303e-05
2023-11-29,09:36:30,0.7071,24.0,25.0,3292,14912003.0,2.650870094566748e-05
2023-11-29,09:36:30,0.711,24.0,25.0,3293,14912004.0,2.64663360745325e-05
2023-11-29,09:36:30,0.7147,24.0,25.0,3292,14912004.0,2.650870094566748e-05
2023-11-29,09:36:30,0.7182,24.0,25.0,3293,14912004.0,2.64663360745325e-05
2023-11-29,09:36:30,0.7218,24.0,25.0,3293,14912005.0,2.64663360745325e-05
2023-11-29,09:36:30,0.7255,24.0,25.0,3293,14912005.0,2.64663360745325e-05
2023-11-29,09:36:30,0.7293,24.0,25.0,3292,14912005.0,2.650870094566748e-05
2023-11-29,09:36:30,0.733,24.0,25.0,3290,14912004.0,2.659363423782914e-05
2023-11-29,09:36:30,0.7367,24.0,25.0,3291,14912003.0,2.655113363058303e-05
2023-11-29,09:36:30,0.7403,24.0,25.0,3292,14912003.0,2.650870094566748e-05
2023-11-29,09:36:30,0.744,24.0,25.0,3292,14912003.0,2.650870094566748e-05
2023-11-29,09:36:30,0.7478,24.0,25.0,3291,14912003.0,2.655113363058303e-05
2023-11-29,09:36:30,0.7515,24.0,25.0,3291,14912003.0,2.655113363058303e-05
2023-11-29,09:36:30,0.7551,24.0,25.0,3293,14912004.0,2.64663360745325e-05
2023-11-29,09:36:30,0.7587,24.0,25.0,3293,14912005.0,2.64663360745325e-05
2023-11-29,09:36:30,0.7624,24.0,25.0,3292,14912004.0,2.650870094566748e-05
2023-11-29,09:36:30,0.7661,24.0,25.0,3292,14912004.0,2.650870094566748e-05
2023-11-29,09:36:30,0.7698,24.0,25.0,3292,14912004.0,2.650870094566748e-05
2023-11-29,09:36:30,0.7735,24.0,25.0,3293,14912003.0,2.64663360745325e-05
2023-11-29,09:36:30,0.7773,24.0,25.0,3292,14912003.0,2.650870094566748e-05
2023-11-29,09:36:30,0.781,24.0,25.0,3291,14912004.0,2.655113363058303e-05
2023-11-29,09:36:30,0.7847,24.0,25.0,3292,14912005.0,2.650870094566748e-05
2023-11-29,09:36:30,0.7884,24.0,25.0,3292,14912004.0,2.650870094566748e-05
2023-11-29,09:36:30,0.792,24.0,25.0,3292,14912004.0,2.650870094566748e-05
2023-11-29,09:36:30,0.7957,24.0,25.0,3292,14912003.0,2.650870094566748e-05
2023-11-29,09:36:30,0.7994,24.0,25.0,3293,14912004.0,2.64663360745325e-05
2023-11-29,09:36:30,0.8031,24.0,25.0,3294,14912003.0,2.642403890880146e-05
2023-11-29,09:36:30,0.8068,24.0,25.0,3291,14912002.0,2.655113363058303e-05
2023-11-29,09:36:30,0.8104,24.0,25.0,3290,14912003.0,2.659363423782914e-05
2023-11-29,09:36:30,0.8141,24.0,25.0,3293,14912004.0,2.64663360745325e-05
2023-11-29,09:36:30,0.8178,24.0,25.0,3293,14912004.0,2.64663360745325e-05
2023-11-29,09:36:30,0.8215,24.0,25.0,3292,14912004.0,2.650870094566748e-05
2023-11-29,09:36:30,0.8253,24.0,25.0,3293,14912003.0,2.64663360745325e-05
2023-11-29,09:36:30,0.829,24.0,25.0,3293,14912003.0,2.64663360745325e-05
2023-11-29,09:36:30,0.8327,24.0,25.0,3291,14912005.0,2.655113363058303e-05
2023-11-29,09:36:30,0.8364,24.0,25.0,3290,14912005.0,2.659363423782914e-05
2023-11-29,09:36:30,0.84,24.0,25.0,3292,14912004.0,2.650870094566748e-05
2023-11-29,09:36:30,0.8436,24.0,25.0,3294,14912005.0,2.642403890880146e-05
2023-11-29,09:36:30,0.8474,24.0,25.0,3294,14912004.0,2.642403890880146e-05
2023-11-29,09:36:30,0.8511,24.0,25.0,3294,14912004.0,2.642403890880146e-05
2023-11-29,09:36:30,0.8547,24.0,25.0,3293,14912004.0,2.64663360745325e-05
2023-11-29,09:36:30,0.8584,24.0,25.0,3294,14912005.0,2.642403890880146e-05
2023-11-29,09:36:30,0.8621,24.0,25.0,3294,14912006.0,2.642403890880146e-05
2023-11-29,09:36:30,0.8657,24.0,25.0,3292,14912005.0,2.650870094566748e-05
2023-11-29,09:36:30,0.8694,24.0,25.0,3292,14912004.0,2.650870094566748e-05
2023-11-29,09:36:30,0.8731,24.0,25.0,3292,14912003.0,2.650870094566748e-05
2023-11-29,09:36:30,0.8768,24.0,25.0,3291,14912004.0,2.655113363058303e-05
2023-11-29,09:36:30,0.8806,24.0,25.0,3290,14912004.0,2.659363423782914e-05
2023-11-29,09:36:30,0.8841,24.0,25.0,3291,14912003.0,2.655113363058303e-05
2023-11-29,09:36:30,0.8878,24.0,25.0,3292,14912004.0,2.650870094566748e-05
2023-11-29,09:36:30,0.8916,24.0,25.0,3293,14912004.0,2.64663360745325e-05
2023-11-29,09:36:30,0.8953,24.0,25.0,3294,14912004.0,2.642403890880146e-05
2023-11-29,09:36:30,0.8991,24.0,25.0,3294,14912004.0,2.642403890880146e-05
2023-11-29,09:36:30,0.9028,24.0,25.0,3293,14912003.0,2.64663360745325e-05
2023-11-29,09:36:30,0.9064,24.0,25.0,3291,14912004.0,2.655113363058303e-05
2023-11-29,09:36:30,0.9101,24.0,25.0,3291,14912004.0,2.655113363058303e-05
2023-11-29,09:36:30,0.9138,24.0,25.0,3292,14912004.0,2.650870094566748e-05
2023-11-29,09:36:30,0.9174,24.0,25.0,3292,14912004.0,2.650870094566748e-05
2023-11-29,09:36:30,0.9211,24.0,25.0,3291,14912005.0,2.655113363058303e-05
2023-11-29,09:36:30,0.925,24.0,25.0,3291,14912005.0,2.655113363058303e-05
2023-11-29,09:36:30,0.9287,24.0,25.0,3292,14912004.0,2.650870094566748e-05
2023-11-29,09:36:30,0.9323,24.0,25.0,3292,14912004.0,2.650870094566748e-05
2023-11-29,09:36:30,0.9358,24.0,25.0,3293,14912003.0,2.64663360745325e-05
2023-11-29,09:36:30,0.9396,24.0,25.0,3293,14912003.0,2.64663360745325e-05
2023-11-29,09:36:30,0.9433,24.0,25.0,3292,14912005.0,2.650870094566748e-05
2023-11-29,09:36:30,0.947,24.0,25.0,3291,14912004.0,2.655113363058303e-05
2023-11-29,09:36:30,0.9507,24.0,25.0,3291,14912003.0,2.655113363058303e-05
2023-11-29,09:36:30,0.9544,24.0,25.0,3292,14912004.0,2.650870094566748e-05
2023-11-29,09:36:30,0.9581,24.0,25.0,3292,14912005.0,2.650870094566748e-05
2023-11-29,09:36:30,0.9618,24.0,25.0,3293,14912005.0,2.64663360745325e-05
2023-11-29,09:36:30,0.9655,24.0,25.0,3293,14912004.0,2.64663360745325e-05
2023-11-29,09:36:30,0.9693,24.0,25.0,3292,14912004.0,2.650870094566748e-05
2023-11-29,09:36:30,0.973,24.0,25.0,3291,14912004.0,2.655113363058303e-05
2023-11-29,09:36:30,0.9767,24.0,25.0,3291,14912004.0,2.655113363058303e-05
2023-11-29,09:36:30,0.9804,24.0,25.0,3292,14912004.0,2.650870094566748e-05
2023-11-29,09:36:30,0.984,24.0,25.0,3292,14912005.0,2.650870094566748e-05
2023-11-29,09:36:30,0.9876,24.0,25.0,3292,14912006.0,2.650870094566748e-05
2023-11-29,09:36:30,0.9913,24.0,25.0,3290,14912004.0,2.659363423782914e-05
2023-11-29,09:36:30,0.9951,24.0,25.0,3291,14912003.0,2.655113363058303e-05
2023-11-29,09:36:30,0.9988,24.0,25.0,3295,14912004.0,2.638180934027105e-05
2023-11-29,09:36:30,1.0025,23.94,25.0,3293,14912006.0,2.64663360745325e-05
2023-11-29,09:36:30,1.0062,23.94,25.0,3292,14912005.0,2.650870094566748e-05
2023-11-29,09:36:30,1.0098,23.94,25.0,3293,14912005.0,2.64663360745325e-05
2023-11-29,09:36:30,1.0135,23.94,25.0,3292,14912005.0,2.650870094566748e-05
2023-11-29,09:36:30,1.0173,23.94,25.0,3292,14912005.0,2.650870094566748e-05
2023-11-29,09:36:30,1.021,23.94,25.0,3293,14912005.0,2.64663360745325e-05
2023-11-29,09:36:30,1.0247,23.94,25.0,3293,14912005.0,2.64663360745325e-05
2023-11-29,09:36:30,1.0283,23.94,25.0,3292,14912005.0,2.650870094566748e-05
2023-11-29,09:36:30,1.0318,23.94,25.0,3292,14912004.0,2.650870094566748e-05
2023-11-29,09:36:30,1.0356,23.94,25.0,3293,14912005.0,2.64663360745325e-05
2023-11-29,09:36:30,1.0393,23.94,25.0,3293,14912006.0,2.64663360745325e-05
2023-11-29,09:36:30,1.043,23.94,25.0,3294,14912005.0,2.642403890880146e-05
2023-11-29,09:36:30,1.0467,23.94,25.0,3293,14912005.0,2.64663360745325e-05
2023-11-29,09:36:30,1.0504,23.94,25.0,3291,14912005.0,2.655113363058303e-05
2023-11-29,09:36:30,1.0541,23.94,25.0,3292,14912004.0,2.650870094566748e-05
2023-11-29,09:36:30,1.0578,23.94,25.0,3292,14912004.0,2.650870094566748e-05
2023-11-29,09:36:30,1.0615,23.94,25.0,3293,14912003.0,2.64663360745325e-05
2023-11-29,09:36:30,1.0653,23.94,25.0,3293,14912004.0,2.64663360745325e-05
2023-11-29,09:36:30,1.069,23.94,25.0,3294,14912005.0,2.642403890880146e-05
2023-11-29,09:36:30,1.0726,23.94,25.0,3295,14912005.0,2.638180934027105e-05
2023-11-29,09:36:30,1.0763,23.94,25.0,3293,14912004.0,2.64663360745325e-05
2023-11-29,09:36:30,1.08,23.94,25.0,3292,14912004.0,2.650870094566748e-05
2023-11-29,09:36:30,1.0837,23.94,25.0,3292,14912005.0,2.650870094566748e-05
2023-11-29,09:36:30,1.0874,23.94,25.0,3292,14912005.0,2.650870094566748e-05
2023-11-29,09:36:30,1.091,23.94,25.0,3293,14912004.0,2.64663360745325e-05
2023-11-29,09:36:30,1.0947,23.94,25.0,3294,14912004.0,2.642403890880146e-05
2023-11-29,09:36:30,1.0984,23.94,25.0,3294,14912002.0,2.642403890880146e-05
2023-11-29,09:36:30,1.102,23.94,25.0,3293,14912001.0,2.64663360745325e-05
2023-11-29,09:36:30,1.1056,23.94,25.0,3292,14912004.0,2.650870094566748e-05
2023-11-29,09:36:30,1.1093,23.94,25.0,3292,14912004.0,2.650870094566748e-05
2023-11-29,09:36:30,1.1131,23.94,25.0,3292,14912004.0,2.650870094566748e-05
2023-11-29,09:36:30,1.1168,23.94,25.0,3292,14912005.0,2.650870094566748e-05
2023-11-29,09:36:30,1.1206,23.94,25.0,3292,14912004.0,2.650870094566748e-05
2023-11-29,09:36:30,1.1243,23.94,25.0,3292,14912004.0,2.650870094566748e-05
2023-11-29,09:36:30,1.1278,23.94,25.0,3292,14912005.0,2.650870094566748e-05
2023-11-29,09:36:30,1.1316,23.94,25.0,3292,14912005.0,2.650870094566748e-05
2023-11-29,09:36:30,1.1353,23.94,25.0,3292,14912004.0,2.650870094566748e-05
2023-11-29,09:36:30,1.139,23.94,25.0,3293,14912004.0,2.64663360745325e-05
2023-11-29,09:36:30,1.1426,23.94,25.0,3293,14912005.0,2.64663360745325e-05
2023-11-29,09:36:30,1.1462,23.94,25.0,3291,14912004.0,2.655113363058303e-05
2023-11-29,09:36:30,1.15,23.94,25.0,3291,14912003.0,2.655113363058303e-05
2023-11-29,09:36:30,1.1537,23.94,25.0,3291,14912004.0,2.655113363058303e-05
2023-11-29,09:36:30,1.1573,23.94,25.0,3290,14912004.0,2.659363423782914e-05
2023-11-29,09:36:30,1.161,23.94,25.0,3290,14912004.0,2.659363423782914e-05
2023-11-29,09:36:30,1.1647,23.94,25.0,3291,14912004.0,2.655113363058303e-05
2023-11-29,09:36:30,1.1684,23.94,25.0,3293,14912005.0,2.64663360745325e-05
2023-11-29,09:36:30,1.1721,23.94,25.0,3294,14912004.0,2.642403890880146e-05
2023-11-29,09:36:30,1.1758,23.94,25.0,3294,14912003.0,2.642403890880146e-05
2023-11-29,09:36:30,1.1796,23.94,25.0,3293,14912005.0,2.64663360745325e-05
2023-11-29,09:36:30,1.1833,23.94,25.0,3291,14912005.0,2.655113363058303e-05
2023-11-29,09:36:30,1.187,23.94,25.0,3291,14912004.0,2.655113363058303e-05
2023-11-29,09:36:31,1.1907,23.94,25.0,3291,14912004.0,2.655113363058303e-05
2023-11-29,09:36:31,1.1944,23.94,25.0,3290,14912005.0,2.659363423782914e-05
2023-11-29,09:36:31,1.198,23.94,25.0,3292,14912006.0,2.650870094566748e-05
2023-11-29,09:36:31,1.2017,23.94,25.0,3293,14912006.0,2.64663360745325e-05
2023-11-29,09:36:31,1.2054,23.94,25.0,3293,14912006.0,2.64663360745325e-05
2023-11-29,09:36:31,1.209,23.94,25.0,3293,14912005.0,2.64663360745325e-05
2023-11-29,09:36:31,1.2127,23.94,25.0,3292,14912004.0,2.650870094566748e-05
2023-11-29,09:36:31,1.2164,23.94,25.0,3292,14912004.0,2.650870094566748e-05
2023-11-29,09:36:31,1.2201,23.94,25.0,3291,14912004.0,2.655113363058303e-05
2023-11-29,09:36:31,1.2238,23.94,25.0,3291,14912004.0,2.655113363058303e-05
2023-11-29,09:36:31,1.2276,23.94,25.0,3291,14912003.0,2.655113363058303e-05
2023-11-29,09:36:31,1.2313,23.94,25.0,3291,14912004.0,2.655113363058303e-05
2023-11-29,09:36:31,1.2349,23.94,25.0,3294,14912006.0,2.642403890880146e-05
2023-11-29,09:36:31,1.2386,23.94,25.0,3294,14912005.0,2.642403890880146e-05
2023-11-29,09:36:31,1.2423,23.94,25.0,3292,14912004.0,2.650870094566748e-05
2023-11-29,09:36:31,1.246,23.94,25.0,3292,14912004.0,2.650870094566748e-05
2023-11-29,09:36:31,1.2497,23.94,25.0,3293,14912004.0,2.64663360745325e-05
2023-11-29,09:36:31,1.2533,23.94,25.0,3293,14912004.0,2.64663360745325e-05
2023-11-29,09:36:31,1.257,23.94,25.0,3291,14912004.0,2.655113363058303e-05
2023-11-29,09:36:31,1.2607,23.94,25.0,3291,14912005.0,2.655113363058303e-05
2023-11-29,09:36:31,1.2644,23.94,25.0,3292,14912005.0,2.650870094566748e-05
2023-11-29,09:36:31,1.2681,23.94,25.0,3292,14912005.0,2.650870094566748e-05
2023-11-29,09:36:31,1.2718,23.94,25.0,3292,14912005.0,2.650870094566748e-05
2023-11-29,09:36:31,1.2756,23.94,25.0,3292,14912004.0,2.650870094566748e-05
2023-11-29,09:36:31,1.2793,23.94,25.0,3292,14912004.0,2.650870094566748e-05
2023-11-29,09:36:31,1.283,23.94,25.0,3291,14912006.0,2.655113363058303e-05
2023-11-29,09:36:31,1.2866,23.94,25.0,3291,14912006.0,2.655113363058303e-05
2023-11-29,09:36:31,1.2903,23.94,25.0,3291,14912006.0,2.655113363058303e-05
2023-11-29,09:36:31,1.294,23.94,25.0,3292,14912006.0,2.650870094566748e-05
2023-11-29,09:36:31,1.2976,23.94,25.0,3292,14912005.0,2.650870094566748e-05
2023-11-29,09:36:31,1.3013,23.94,25.0,3293,14912005.0,2.64663360745325e-05
2023-11-29,09:36:31,1.305,23.94,25.0,3294,14912006.0,2.642403890880146e-05
2023-11-29,09:36:31,1.3087,23.94,25.0,3292,14912004.0,2.650870094566748e-05
2023-11-29,09:36:31,1.3124,23.94,25.0,3292,14912004.0,2.650870094566748e-05
2023-11-29,09:36:31,1.3161,23.94,25.0,3292,14912005.0,2.650870094566748e-05
2023-11-29,09:36:31,1.3198,23.94,25.0,3292,14912004.0,2.650870094566748e-05
2023-11-29,09:36:31,1.3236,23.94,25.0,3292,14912005.0,2.650870094566748e-05
2023-11-29,09:36:31,1.3273,23.94,25.0,3291,14912006.0,2.655113363058303e-05
2023-11-29,09:36:31,1.3309,23.94,25.0,3292,14912006.0,2.650870094566748e-05
2023-11-29,09:36:31,1.3344,23.94,25.0,3293,14912006.0,2.64663360745325e-05
2023-11-29,09:36:31,1.3383,23.94,25.0,3292,14912006.0,2.650870094566748e-05
2023-11-29,09:36:31,1.3421,23.94,25.0,3291,14912006.0,2.655113363058303e-05
2023-11-29,09:36:31,1.3457,23.94,25.0,3291,14912005.0,2.655113363058303e-05
2023-11-29,09:36:31,1.3493,23.94,25.0,3291,14912005.0,2.655113363058303e-05
2023-11-29,09:36:31,1.353,23.94,25.0,3290,14912004.0,2.659363423782914e-05
2023-11-29,09:36:31,1.3567,23.94,25.0,3291,14912004.0,2.655113363058303e-05
2023-11-29,09:36:31,1.3604,23.94,25.0,3292,14912006.0,2.650870094566748e-05
2023-11-29,09:36:31,1.3641,23.94,25.0,3292,14912006.0,2.650870094566748e-05
2023-11-29,09:36:31,1.3678,23.94,25.0,3292,14912005.0,2.650870094566748e-05
2023-11-29,09:36:31,1.3716,23.94,25.0,3292,14912004.0,2.650870094566748e-05
2023-11-29,09:36:31,1.3753,23.94,25.0,3292,14912004.0,2.650870094566748e-05
2023-11-29,09:36:31,1.379,23.94,25.0,3292,14912004.0,2.650870094566748e-05
2023-11-29,09:36:31,1.3827,23.94,25.0,3293,14912004.0,2.64663360745325e-05
2023-11-29,09:36:31,1.3864,23.94,25.0,3293,14912005.0,2.64663360745325e-05
2023-11-29,09:36:31,1.39,23.94,25.0,3291,14912005.0,2.655113363058303e-05
2023-11-29,09:36:31,1.3936,23.94,25.0,3291,14912004.0,2.655113363058303e-05
2023-11-29,09:36:31,1.3973,23.94,25.0,3291,14912004.0,2.655113363058303e-05
2023-11-29,09:36:31,1.401,23.94,25.0,3291,14912004.0,2.655113363058303e-05
2023-11-29,09:36:31,1.4047,23.94,25.0,3292,14912005.0,2.650870094566748e-05
2023-11-29,09:36:31,1.4084,23.94,25.0,3292,14912005.0,2.650870094566748e-05
2023-11-29,09:36:31,1.412,23.94,25.0,3292,14912005.0,2.650870094566748e-05
2023-11-29,09:36:31,1.4157,23.94,25.0,3292,14912004.0,2.650870094566748e-05
2023-11-29,09:36:31,1.4194,23.94,25.0,3293,14912004.0,2.64663360745325e-05
2023-11-29,09:36:31,1.4231,23.94,25.0,3293,14912005.0,2.64663360745325e-05
2023-11-29,09:36:31,1.4269,23.94,25.0,3292,14912005.0,2.650870094566748e-05
2023-11-29,09:36:31,1.4304,23.94,25.0,3293,14912004.0,2.64663360745325e-05
2023-11-29,09:36:31,1.4342,23.94,25.0,3294,14912004.0,2.642403890880146e-05
2023-11-29,09:36:31,1.4379,23.94,25.0,3293,14912005.0,2.64663360745325e-05
2023-11-29,09:36:31,1.4416,23.94,25.0,3292,14912004.0,2.650870094566748e-05
2023-11-29,09:36:31,1.4453,23.94,25.0,3291,14912004.0,2.655113363058303e-05
2023-11-29,09:36:31,1.449,23.94,25.0,3292,14912005.0,2.650870094566748e-05
2023-11-29,09:36:31,1.4527,23.94,25.0,3294,14912005.0,2.642403890880146e-05
2023-11-29,09:36:31,1.4563,23.94,25.0,3293,14912005.0,2.64663360745325e-05
2023-11-29,09:36:31,1.46,23.94,25.0,3292,14912004.0,2.650870094566748e-05
2023-11-29,09:36:31,1.4637,23.94,25.0,3292,14912004.0,2.650870094566748e-05
2023-11-29,09:36:31,1.4674,23.94,25.0,3292,14912005.0,2.650870094566748e-05
2023-11-29,09:36:31,1.4711,23.94,25.0,3292,14912005.0,2.650870094566748e-05
2023-11-29,09:36:31,1.4747,23.94,25.0,3292,14912005.0,2.650870094566748e-05
2023-11-29,09:36:31,1.4784,23.94,25.0,3292,14912005.0,2.650870094566748e-05
2023-11-29,09:36:31,1.4822,23.94,25.0,3292,14912004.0,2.650870094566748e-05
2023-11-29,09:36:31,1.4859,23.94,25.0,3294,14912005.0,2.642403890880146e-05
2023-11-29,09:36:31,1.4896,23.94,25.0,3294,14912005.0,2.642403890880146e-05
2023-11-29,09:36:31,1.4933,23.94,25.0,3293,14912006.0,2.64663360745325e-05
2023-11-29,09:36:31,1.497,23.94,25.0,3293,14912005.0,2.64663360745325e-05
2023-11-29,09:36:31,1.5006,23.94,25.0,3293,14912009.0,2.64663360745325e-05
2023-11-29,09:36:31,1.5042,23.94,25.0,3293,14912011.0,2.64663360745325e-05
2023-11-29,09:36:31,1.5079,23.94,25.0,3292,14912006.0,2.650870094566748e-05
2023-11-29,09:36:31,1.5117,23.94,25.0,3293,14912004.0,2.64663360745325e-05
2023-11-29,09:36:31,1.5154,23.94,25.0,3294,14912004.0,2.642403890880146e-05
2023-11-29,09:36:31,1.519,23.94,25.0,3292,14912005.0,2.650870094566748e-05
2023-11-29,09:36:31,1.5226,23.94,25.0,3291,14912004.0,2.655113363058303e-05
2023-11-29,09:36:31,1.5263,23.94,25.0,3293,14912004.0,2.64663360745325e-05
2023-11-29,09:36:31,1.53,23.94,25.0,3293,14912004.0,2.64663360745325e-05
2023-11-29,09:36:31,1.5337,23.94,25.0,3292,14912005.0,2.650870094566748e-05
2023-11-29,09:36:31,1.5374,23.94,25.0,3292,14912005.0,2.650870094566748e-05
2023-11-29,09:36:31,1.5412,23.94,25.0,3292,14912005.0,2.650870094566748e-05
2023-11-29,09:36:31,1.5449,23.94,25.0,3291,14912004.0,2.655113363058303e-05
2023-11-29,09:36:31,1.5486,23.94,25.0,3291,14912004.0,2.655113363058303e-05
2023-11-29,09:36:31,1.5523,23.94,25.0,3292,14912005.0,2.650870094566748e-05
2023-11-29,09:36:31,1.5559,23.94,25.0,3292,14912005.0,2.650870094566748e-05
2023-11-29,09:36:31,1.5596,23.94,25.0,3293,14912005.0,2.64663360745325e-05
2023-11-29,09:36:31,1.5633,23.94,25.0,3293,14912005.0,2.64663360745325e-05
2023-11-29,09:36:31,1.567,23.94,25.0,3292,14912005.0,2.650870094566748e-05
2023-11-29,09:36:31,1.5707,23.94,25.0,3292,14912006.0,2.650870094566748e-05
2023-11-29,09:36:31,1.5744,23.94,25.0,3292,14912005.0,2.650870094566748e-05
2023-11-29,09:36:31,1.5782,23.94,25.0,3291,14912005.0,2.655113363058303e-05
2023-11-29,09:36:31,1.5819,23.94,25.0,3292,14912005.0,2.650870094566748e-05
2023-11-29,09:36:31,1.5856,23.94,25.0,3294,14912005.0,2.642403890880146e-05
2023-11-29,09:36:31,1.5892,23.94,25.0,3292,14912004.0,2.650870094566748e-05
2023-11-29,09:36:31,1.5927,23.94,25.0,3292,14912005.0,2.650870094566748e-05
2023-11-29,09:36:31,1.5965,23.94,25.0,3293,14912006.0,2.64663360745325e-05
2023-11-29,09:36:31,1.6002,23.94,25.0,3291,14912006.0,2.655113363058303e-05
2023-11-29,09:36:31,1.6039,23.94,25.0,3292,14912006.0,2.650870094566748e-05
2023-11-29,09:36:31,1.6076,23.94,25.0,3293,14912005.0,2.64663360745325e-05
2023-11-29,09:36:31,1.6113,23.94,25.0,3293,14912005.0,2.64663360745325e-05
2023-11-29,09:36:31,1.615,23.94,25.0,3292,14912006.0,2.650870094566748e-05
2023-11-29,09:36:31,1.6187,23.94,25.0,3291,14912005.0,2.655113363058303e-05
2023-11-29,09:36:31,1.6224,23.94,25.0,3292,14912005.0,2.650870094566748e-05
2023-11-29,09:36:31,1.6262,23.94,25.0,3293,14912005.0,2.64663360745325e-05
2023-11-29,09:36:31,1.6299,23.94,25.0,3294,14912005.0,2.642403890880146e-05
2023-11-29,09:36:31,1.6334,23.94,25.0,3293,14912005.0,2.64663360745325e-05
2023-11-29,09:36:31,1.637,23.94,25.0,3292,14912006.0,2.650870094566748e-05
2023-11-29,09:36:31,1.6407,23.94,25.0,3290,14912005.0,2.659363423782914e-05
2023-11-29,09:36:31,1.6446,23.94,25.0,3289,14912004.0,2.663620287612968e-05
2023-11-29,09:36:31,1.6483,23.94,25.0,3290,14912005.0,2.659363423782914e-05
2023-11-29,09:36:31,1.652,23.94,25.0,3290,14912006.0,2.659363423782914e-05
2023-11-29,09:36:31,1.6557,23.94,25.0,3291,14912006.0,2.655113363058303e-05
2023-11-29,09:36:31,1.6593,23.94,25.0,3292,14912005.0,2.650870094566748e-05
2023-11-29,09:36:31,1.663,23.94,25.0,3293,14912005.0,2.64663360745325e-05
2023-11-29,09:36:31,1.6667,23.94,25.0,3293,14912006.0,2.64663360745325e-05
2023-11-29,09:36:31,1.6703,23.94,25.0,3291,14912005.0,2.655113363058303e-05
2023-11-29,09:36:31,1.674,23.94,25.0,3291,14912005.0,2.655113363058303e-05
2023-11-29,09:36:31,1.6777,23.94,25.0,3291,14912005.0,2.655113363058303e-05
2023-11-29,09:36:31,1.6813,23.94,25.0,3291,14912005.0,2.655113363058303e-05
2023-11-29,09:36:31,1.6852,23.94,25.0,3293,14912006.0,2.64663360745325e-05
2023-11-29,09:36:31,1.689,23.94,25.0,3293,14912005.0,2.64663360745325e-05
2023-11-29,09:36:31,1.6926,23.94,25.0,3293,14912005.0,2.64663360745325e-05
2023-11-29,09:36:31,1.6963,23.94,25.0,3292,14912007.0,2.650870094566748e-05
2023-11-29,09:36:31,1.7,23.94,25.0,3291,14912006.0,2.655113363058303e-05
2023-11-29,09:36:31,1.7037,23.94,25.0,3293,14912005.0,2.64663360745325e-05
2023-11-29,09:36:31,1.7074,23.94,25.0,3293,14912005.0,2.64663360745325e-05
2023-11-29,09:36:31,1.7111,23.94,25.0,3292,14912006.0,2.650870094566748e-05
2023-11-29,09:36:31,1.7149,23.94,25.0,3293,14912006.0,2.64663360745325e-05
2023-11-29,09:36:31,1.7184,23.94,25.0,3292,14912006.0,2.650870094566748e-05
2023-11-29,09:36:31,1.7222,23.94,25.0,3291,14912005.0,2.655113363058303e-05
2023-11-29,09:36:31,1.7259,23.94,25.0,3292,14912005.0,2.650870094566748e-05
2023-11-29,09:36:31,1.7296,23.94,25.0,3291,14912005.0,2.655113363058303e-05
2023-11-29,09:36:31,1.7333,23.94,25.0,3291,14912005.0,2.655113363058303e-05
2023-11-29,09:36:31,1.737,23.94,25.0,3293,14912006.0,2.64663360745325e-05
2023-11-29,09:36:31,1.7407,23.94,25.0,3293,14912007.0,2.64663360745325e-05
2023-11-29,09:36:31,1.7444,23.94,25.0,3291,14912005.0,2.655113363058303e-05
2023-11-29,09:36:31,1.748,23.94,25.0,3292,14912004.0,2.650870094566748e-05
2023-11-29,09:36:31,1.7516,23.94,25.0,3293,14912005.0,2.64663360745325e-05
2023-11-29,09:36:31,1.7554,23.94,25.0,3292,14912006.0,2.650870094566748e-05
2023-11-29,09:36:31,1.7591,23.94,25.0,3292,14912006.0,2.650870094566748e-05
2023-11-29,09:36:31,1.7629,23.94,25.0,3292,14912006.0,2.650870094566748e-05
2023-11-29,09:36:31,1.7666,23.94,25.0,3292,14912006.0,2.650870094566748e-05
2023-11-29,09:36:31,1.7702,23.94,25.0,3291,14912006.0,2.655113363058303e-05
2023-11-29,09:36:31,1.7739,23.94,25.0,3290,14912006.0,2.659363423782914e-05
2023-11-29,09:36:31,1.7776,23.94,25.0,3292,14912004.0,2.650870094566748e-05
2023-11-29,09:36:31,1.7813,23.94,25.0,3293,14912005.0,2.64663360745325e-05
2023-11-29,09:36:31,1.785,23.94,25.0,3291,14912006.0,2.655113363058303e-05
2023-11-29,09:36:31,1.7887,23.94,25.0,3290,14912006.0,2.659363423782914e-05
2023-11-29,09:36:31,1.7924,23.94,25.0,3291,14912006.0,2.655113363058303e-05
2023-11-29,09:36:31,1.7961,23.94,25.0,3293,14912007.0,2.64663360745325e-05
2023-11-29,09:36:31,1.7998,23.94,25.0,3293,14912006.0,2.64663360745325e-05
2023-11-29,09:36:31,1.8034,23.94,25.0,3292,14912005.0,2.650870094566748e-05
2023-11-29,09:36:31,1.807,23.94,25.0,3292,14912006.0,2.650870094566748e-05
2023-11-29,09:36:31,1.8107,23.94,25.0,3293,14912006.0,2.64663360745325e-05
2023-11-29,09:36:31,1.8144,23.94,25.0,3293,14912005.0,2.64663360745325e-05
2023-11-29,09:36:31,1.8182,23.94,25.0,3293,14912005.0,2.64663360745325e-05
2023-11-29,09:36:31,1.8219,23.94,25.0,3293,14912006.0,2.64663360745325e-05
2023-11-29,09:36:31,1.8256,23.94,25.0,3293,14912007.0,2.64663360745325e-05
2023-11-29,09:36:31,1.8293,23.94,25.0,3293,14912006.0,2.64663360745325e-05
2023-11-29,09:36:31,1.833,23.94,25.0,3292,14912006.0,2.650870094566748e-05
2023-11-29,09:36:31,1.8367,23.94,25.0,3292,14912007.0,2.650870094566748e-05
2023-11-29,09:36:31,1.8403,23.94,25.0,3294,14912007.0,2.642403890880146e-05
2023-11-29,09:36:31,1.8439,23.94,25.0,3294,14912006.0,2.642403890880146e-05
2023-11-29,09:36:31,1.8476,23.94,25.0,3292,14912005.0,2.650870094566748e-05
2023-11-29,09:36:31,1.8514,23.94,25.0,3292,14912005.0,2.650870094566748e-05
2023-11-29,09:36:31,1.8551,23.94,25.0,3293,14912005.0,2.64663360745325e-05
2023-11-29,09:36:31,1.8587,23.94,25.0,3293,14912006.0,2.64663360745325e-05
2023-11-29,09:36:31,1.8624,23.94,25.0,3292,14912006.0,2.650870094566748e-05
2023-11-29,09:36:31,1.8662,23.94,25.0,3292,14912005.0,2.650870094566748e-05
2023-11-29,09:36:31,1.8699,23.94,25.0,3292,14912005.0,2.650870094566748e-05
2023-11-29,09:36:31,1.8736,23.94,25.0,3292,14912005.0,2.650870094566748e-05
2023-11-29,09:36:31,1.8772,23.94,25.0,3292,14912005.0,2.650870094566748e-05
2023-11-29,09:36:31,1.8807,23.94,25.0,3292,14912005.0,2.650870094566748e-05
2023-11-29,09:36:31,1.8845,23.94,25.0,3291,14912005.0,2.655113363058303e-05
2023-11-29,09:36:31,1.8882,23.94,25.0,3291,14912005.0,2.655113363058303e-05
2023-11-29,09:36:31,1.8919,23.94,25.0,3292,14912005.0,2.650870094566748e-05
2023-11-29,09:36:31,1.8956,23.94,25.0,3292,14912005.0,2.650870094566748e-05
2023-11-29,09:36:31,1.8993,23.94,25.0,3292,14912005.0,2.650870094566748e-05
2023-11-29,09:36:31,1.903,23.94,25.0,3292,14912002.0,2.650870094566748e-05
2023-11-29,09:36:31,1.9066,23.94,25.0,3294,14912004.0,2.642403890880146e-05
2023-11-29,09:36:31,1.9103,23.94,25.0,3294,14912006.0,2.642403890880146e-05
2023-11-29,09:36:31,1.914,23.94,25.0,3292,14912005.0,2.650870094566748e-05
2023-11-29,09:36:31,1.9177,23.94,25.0,3292,14912005.0,2.650870094566748e-05
2023-11-29,09:36:31,1.9214,23.94,25.0,3293,14912006.0,2.64663360745325e-05
2023-11-29,09:36:31,1.925,23.94,25.0,3293,14912006.0,2.64663360745325e-05
2023-11-29,09:36:31,1.9287,23.94,25.0,3293,14912006.0,2.64663360745325e-05
2023-11-29,09:36:31,1.9325,23.94,25.0,3294,14912005.0,2.642403890880146e-05
2023-11-29,09:36:31,1.9362,23.94,25.0,3293,14912005.0,2.64663360745325e-05
2023-11-29,09:36:31,1.9399,23.94,25.0,3291,14912005.0,2.655113363058303e-05
2023-11-29,09:36:31,1.9435,23.94,25.0,3291,14912005.0,2.655113363058303e-05
2023-11-29,09:36:31,1.9472,23.94,25.0,3291,14912005.0,2.655113363058303e-05
2023-11-29,09:36:31,1.9509,23.94,25.0,3290,14912005.0,2.659363423782914e-05
2023-11-29,09:36:31,1.9545,23.94,25.0,3291,14912005.0,2.655113363058303e-05
2023-11-29,09:36:31,1.9582,23.94,25.0,3293,14912005.0,2.64663360745325e-05
2023-11-29,09:36:31,1.9619,23.94,25.0,3293,14912006.0,2.64663360745325e-05
2023-11-29,09:36:31,1.9656,23.94,25.0,3293,14912006.0,2.64663360745325e-05
2023-11-29,09:36:31,1.9693,23.94,25.0,3293,14912005.0,2.64663360745325e-05
2023-11-29,09:36:31,1.973,23.94,25.0,3292,14912005.0,2.650870094566748e-05
2023-11-29,09:36:31,1.9767,23.94,25.0,3292,14912005.0,2.650870094566748e-05
2023-11-29,09:36:31,1.9805,23.94,25.0,3292,14912005.0,2.650870094566748e-05
2023-11-29,09:36:31,1.984,23.94,25.0,3291,14912006.0,2.655113363058303e-05
2023-11-29,09:36:31,1.9876,23.94,25.0,3293,14912007.0,2.64663360745325e-05
2023-11-29,09:36:31,1.9913,23.94,25.0,3293,14912007.0,2.64663360745325e-05
2023-11-29,09:36:31,1.995,23.94,25.0,3291,14912006.0,2.655113363058303e-05
2023-11-29,09:36:31,1.9988,23.94,25.0,3292,14912006.0,2.650870094566748e-05
2023-11-29,09:36:31,2.0025,23.94,25.0,3292,14912005.0,2.650870094566748e-05
2023-11-29,09:36:31,2.0063,23.94,25.0,3293,14912007.0,2.64663360745325e-05
2023-11-29,09:36:31,2.01,23.94,25.0,3293,14912006.0,2.64663360745325e-05
2023-11-29,09:36:31,2.0136,23.94,25.0,3292,14912006.0,2.650870094566748e-05
2023-11-29,09:36:31,2.0173,23.94,25.0,3291,14912005.0,2.655113363058303e-05
2023-11-29,09:36:31,2.021,23.94,25.0,3291,14912005.0,2.655113363058303e-05
2023-11-29,09:36:31,2.0247,23.94,25.0,3292,14912006.0,2.650870094566748e-05
2023-11-29,09:36:31,2.0283,23.94,25.0,3291,14912006.0,2.655113363058303e-05
2023-11-29,09:36:31,2.032,23.94,25.0,3292,14912006.0,2.650870094566748e-05
2023-11-29,09:36:31,2.0359,23.94,25.0,3293,14912006.0,2.64663360745325e-05
2023-11-29,09:36:31,2.0395,23.94,25.0,3293,14912006.0,2.64663360745325e-05
2023-11-29,09:36:31,2.0432,23.94,25.0,3293,14912006.0,2.64663360745325e-05
2023-11-29,09:36:31,2.0469,23.94,25.0,3293,14912006.0,2.64663360745325e-05
2023-11-29,09:36:31,2.0506,23.94,25.0,3293,14912005.0,2.64663360745325e-05
2023-11-29,09:36:31,2.0543,23.94,25.0,3293,14912005.0,2.64663360745325e-05
2023-11-29,09:36:31,2.0579,23.94,25.0,3292,14912006.0,2.650870094566748e-05
2023-11-29,09:36:31,2.0616,23.94,25.0,3291,14912006.0,2.655113363058303e-05
2023-11-29,09:36:31,2.0653,23.94,25.0,3292,14912006.0,2.650870094566748e-05
2023-11-29,09:36:31,2.069,23.94,25.0,3293,14912007.0,2.64663360745325e-05
2023-11-29,09:36:31,2.0727,23.94,25.0,3293,14912006.0,2.64663360745325e-05
2023-11-29,09:36:31,2.0765,23.94,25.0,3292,14912006.0,2.650870094566748e-05
2023-11-29,09:36:31,2.0802,23.94,25.0,3292,14912006.0,2.650870094566748e-05
2023-11-29,09:36:31,2.0838,23.94,25.0,3292,14912006.0,2.650870094566748e-05
2023-11-29,09:36:31,2.0873,23.94,25.0,3292,14912007.0,2.650870094566748e-05
2023-11-29,09:36:31,2.091,23.94,25.0,3292,14912006.0,2.650870094566748e-05
2023-11-29,09:36:31,2.0948,23.94,25.0,3292,14912005.0,2.650870094566748e-05
2023-11-29,09:36:31,2.0985,23.94,25.0,3292,14912005.0,2.650870094566748e-05
2023-11-29,09:36:31,2.1023,23.94,25.0,3291,14912007.0,2.655113363058303e-05
2023-11-29,09:36:31,2.1062,23.94,25.0,3291,14912007.0,2.655113363058303e-05
2023-11-29,09:36:31,2.1097,23.94,25.0,3292,14912006.0,2.650870094566748e-05
2023-11-29,09:36:31,2.1133,23.94,25.0,3294,14912007.0,2.642403890880146e-05
2023-11-29,09:36:31,2.117,23.94,25.0,3294,14912006.0,2.642403890880146e-05
2023-11-29,09:36:31,2.1207,23.94,25.0,3293,14912006.0,2.64663360745325e-05
2023-11-29,09:36:31,2.1245,23.94,25.0,3292,14912007.0,2.650870094566748e-05
2023-11-29,09:36:31,2.1282,23.94,25.0,3292,14912006.0,2.650870094566748e-05
2023-11-29,09:36:31,2.1319,23.94,25.0,3293,14912006.0,2.64663360745325e-05
2023-11-29,09:36:31,2.1355,23.94,25.0,3291,14912005.0,2.655113363058303e-05
2023-11-29,09:36:31,2.1392,23.94,25.0,3291,14912005.0,2.655113363058303e-05
2023-11-29,09:36:31,2.1429,23.94,25.0,3292,14912006.0,2.650870094566748e-05
2023-11-29,09:36:31,2.1465,23.94,25.0,3292,14912005.0,2.650870094566748e-05
2023-11-29,09:36:31,2.1502,23.94,25.0,3291,14912005.0,2.655113363058303e-05
2023-11-29,09:36:31,2.154,23.94,25.0,3290,14912006.0,2.659363423782914e-05
2023-11-29,09:36:31,2.1577,23.94,25.0,3293,14912007.0,2.64663360745325e-05
2023-11-29,09:36:31,2.1613,23.94,25.0,3294,14912006.0,2.642403890880146e-05
2023-11-29,09:36:31,2.165,23.94,25.0,3292,14912006.0,2.650870094566748e-05
2023-11-29,09:36:31,2.1687,23.94,25.0,3292,14912005.0,2.650870094566748e-05
2023-11-29,09:36:31,2.1725,23.94,25.0,3291,14912005.0,2.655113363058303e-05
2023-11-29,09:36:31,2.1762,23.94,25.0,3291,14912005.0,2.655113363058303e-05
2023-11-29,09:36:31,2.1799,23.94,25.0,3293,14912006.0,2.64663360745325e-05
2023-11-29,09:36:31,2.1836,23.94,25.0,3293,14912006.0,2.64663360745325e-05
2023-11-29,09:36:31,2.1872,23.94,25.0,3292,14912005.0,2.650870094566748e-05
2023-11-29,09:36:32,2.1908,23.94,25.0,3292,14912006.0,2.650870094566748e-05
2023-11-29,09:36:32,2.1945,23.94,25.0,3292,14912006.0,2.650870094566748e-05
2023-11-29,09:36:32,2.1982,23.94,25.0,3292,14912005.0,2.650870094566748e-05
2023-11-29,09:36:32,2.2019,23.94,25.0,3291,14912005.0,2.655113363058303e-05
2023-11-29,09:36:32,2.2056,23.94,25.0,3291,14912005.0,2.655113363058303e-05
2023-11-29,09:36:32,2.2093,23.94,25.0,3292,14912006.0,2.650870094566748e-05
2023-11-29,09:36:32,2.213,23.94,25.0,3293,14912006.0,2.64663360745325e-05
2023-11-29,09:36:32,2.2167,23.94,25.0,3294,14912006.0,2.642403890880146e-05
2023-11-29,09:36:32,2.2203,23.94,25.0,3293,14912006.0,2.64663360745325e-05
2023-11-29,09:36:32,2.2239,23.94,25.0,3291,14912005.0,2.655113363058303e-05
2023-11-29,09:36:32,2.2278,23.94,25.0,3291,14912007.0,2.655113363058303e-05
2023-11-29,09:36:32,2.2315,23.94,25.0,3291,14912006.0,2.655113363058303e-05
2023-11-29,09:36:32,2.2352,23.94,25.0,3292,14912006.0,2.650870094566748e-05
2023-11-29,09:36:32,2.2389,23.94,25.0,3293,14912006.0,2.64663360745325e-05
2023-11-29,09:36:32,2.2425,23.94,25.0,3292,14912006.0,2.650870094566748e-05
2023-11-29,09:36:32,2.2462,23.94,25.0,3292,14912006.0,2.650870094566748e-05
2023-11-29,09:36:32,2.2499,23.94,25.0,3292,14912005.0,2.650870094566748e-05
2023-11-29,09:36:32,2.2536,23.94,25.0,3292,14912005.0,2.650870094566748e-05
2023-11-29,09:36:32,2.2573,23.94,25.0,3292,14912005.0,2.650870094566748e-05
2023-11-29,09:36:32,2.261,23.94,25.0,3292,14912007.0,2.650870094566748e-05
2023-11-29,09:36:32,2.2647,23.94,25.0,3292,14912007.0,2.650870094566748e-05
2023-11-29,09:36:32,2.2683,23.94,25.0,3292,14912006.0,2.650870094566748e-05
2023-11-29,09:36:32,2.272,23.94,25.0,3293,14912006.0,2.64663360745325e-05
2023-11-29,09:36:32,2.2758,23.94,25.0,3293,14912005.0,2.64663360745325e-05
2023-11-29,09:36:32,2.2795,23.94,25.0,3292,14912005.0,2.650870094566748e-05
2023-11-29,09:36:32,2.2832,23.94,25.0,3293,14912006.0,2.64663360745325e-05
2023-11-29,09:36:32,2.2869,23.94,25.0,3293,14912007.0,2.64663360745325e-05
2023-11-29,09:36:32,2.2906,23.94,25.0,3291,14912006.0,2.655113363058303e-05
2023-11-29,09:36:32,2.2943,23.94,25.0,3291,14912006.0,2.655113363058303e-05
2023-11-29,09:36:32,2.298,23.94,25.0,3292,14912006.0,2.650870094566748e-05
2023-11-29,09:36:32,2.3016,23.94,25.0,3292,14912006.0,2.650870094566748e-05
2023-11-29,09:36:32,2.3053,23.94,25.0,3293,14912009.0,2.64663360745325e-05
2023-11-29,09:36:32,2.309,23.94,25.0,3293,14912009.0,2.64663360745325e-05
2023-11-29,09:36:32,2.3127,23.94,25.0,3293,14912006.0,2.64663360745325e-05
2023-11-29,09:36:32,2.3165,23.94,25.0,3293,14912007.0,2.64663360745325e-05
2023-11-29,09:36:32,2.3202,23.94,25.0,3291,14912006.0,2.655113363058303e-05
2023-11-29,09:36:32,2.3239,23.94,25.0,3291,14912006.0,2.655113363058303e-05
2023-11-29,09:36:32,2.3275,23.94,25.0,3291,14912006.0,2.655113363058303e-05
2023-11-29,09:36:32,2.3312,23.94,25.0,3291,14912006.0,2.655113363058303e-05
2023-11-29,09:36:32,2.3349,23.94,25.0,3292,14912006.0,2.650870094566748e-05
2023-11-29,09:36:32,2.3385,23.94,25.0,3292,14912006.0,2.650870094566748e-05
2023-11-29,09:36:32,2.3422,23.94,25.0,3292,14912006.0,2.650870094566748e-05
2023-11-29,09:36:32,2.3459,23.94,25.0,3292,14912006.0,2.650870094566748e-05
2023-11-29,09:36:32,2.3496,23.94,25.0,3291,14912006.0,2.655113363058303e-05
2023-11-29,09:36:32,2.3533,23.94,25.0,3290,14912006.0,2.659363423782914e-05
2023-11-29,09:36:32,2.357,23.94,25.0,3290,14912006.0,2.659363423782914e-05
2023-11-29,09:36:32,2.3607,23.94,25.0,3291,14912007.0,2.655113363058303e-05
2023-11-29,09:36:32,2.3645,23.94,25.0,3292,14912007.0,2.650870094566748e-05
2023-11-29,09:36:32,2.3682,23.94,25.0,3292,14912006.0,2.650870094566748e-05
2023-11-29,09:36:32,2.3718,23.94,25.0,3292,14912006.0,2.650870094566748e-05
2023-11-29,09:36:32,2.3755,23.94,25.0,3291,14912007.0,2.655113363058303e-05
2023-11-29,09:36:32,2.3792,23.94,25.0,3292,14912008.0,2.650870094566748e-05
2023-11-29,09:36:32,2.3828,23.94,25.0,3293,14912007.0,2.64663360745325e-05
2023-11-29,09:36:32,2.3865,23.94,25.0,3293,14912007.0,2.64663360745325e-05
2023-11-29,09:36:32,2.3903,23.94,25.0,3292,14912007.0,2.650870094566748e-05
2023-11-29,09:36:32,2.394,23.94,25.0,3291,14912007.0,2.655113363058303e-05
2023-11-29,09:36:32,2.3976,23.94,25.0,3292,14912006.0,2.650870094566748e-05
2023-11-29,09:36:32,2.4013,23.94,25.0,3293,14912006.0,2.64663360745325e-05
2023-11-29,09:36:32,2.405,23.94,25.0,3293,14912006.0,2.64663360745325e-05
2023-11-29,09:36:32,2.4086,23.94,25.0,3292,14912007.0,2.650870094566748e-05
2023-11-29,09:36:32,2.4123,23.94,25.0,3292,14912007.0,2.650870094566748e-05
2023-11-29,09:36:32,2.416,23.94,25.0,3293,14912007.0,2.64663360745325e-05
2023-11-29,09:36:32,2.4198,23.94,25.0,3292,14912007.0,2.650870094566748e-05
2023-11-29,09:36:32,2.4235,23.94,25.0,3291,14912006.0,2.655113363058303e-05
2023-11-29,09:36:32,2.427,23.94,25.0,3293,14912006.0,2.64663360745325e-05
2023-11-29,09:36:32,2.4308,23.94,25.0,3293,14912006.0,2.64663360745325e-05
2023-11-29,09:36:32,2.4345,23.94,25.0,3291,14912007.0,2.655113363058303e-05
2023-11-29,09:36:32,2.4382,23.94,25.0,3290,14912006.0,2.659363423782914e-05
2023-11-29,09:36:32,2.4419,23.94,25.0,3291,14912005.0,2.655113363058303e-05
2023-11-29,09:36:32,2.4456,23.94,25.0,3292,14912006.0,2.650870094566748e-05
2023-11-29,09:36:32,2.4493,23.94,25.0,3293,14912005.0,2.64663360745325e-05
2023-11-29,09:36:32,2.453,23.94,25.0,3295,14912006.0,2.638180934027105e-05
2023-11-29,09:36:32,2.4567,23.94,25.0,3294,14912007.0,2.642403890880146e-05
2023-11-29,09:36:32,2.4603,23.94,25.0,3293,14912007.0,2.64663360745325e-05
2023-11-29,09:36:32,2.464,23.94,25.0,3294,14912006.0,2.642403890880146e-05
2023-11-29,09:36:32,2.4679,23.94,25.0,3294,14912006.0,2.642403890880146e-05
2023-11-29,09:36:32,2.4715,23.94,25.0,3293,14912006.0,2.64663360745325e-05
2023-11-29,09:36:32,2.475,23.94,25.0,3292,14912005.0,2.650870094566748e-05
2023-11-29,09:36:32,2.4789,23.94,25.0,3292,14912006.0,2.650870094566748e-05
2023-11-29,09:36:32,2.4826,23.94,25.0,3293,14912007.0,2.64663360745325e-05
2023-11-29,09:36:32,2.4862,23.94,25.0,3293,14912006.0,2.64663360745325e-05
2023-11-29,09:36:32,2.4899,23.94,25.0,3293,14912006.0,2.64663360745325e-05
2023-11-29,09:36:32,2.4936,23.94,25.0,3294,14912006.0,2.642403890880146e-05
2023-11-29,09:36:32,2.4973,23.94,25.0,3293,14912006.0,2.64663360745325e-05
2023-11-29,09:36:32,2.501,23.94,25.0,3292,14912006.0,2.650870094566748e-05
2023-11-29,09:36:32,2.5047,23.94,25.0,3291,14912005.0,2.655113363058303e-05
2023-11-29,09:36:32,2.5085,23.94,24.75,3293,14912006.0,2.64663360745325e-05
2023-11-29,09:36:32,2.5122,23.94,24.75,3296,14912006.0,2.633964726091078e-05
2023-11-29,09:36:32,2.5159,23.94,24.75,3294,14912006.0,2.642403890880146e-05
2023-11-29,09:36:32,2.5196,23.94,24.75,3292,14912006.0,2.650870094566748e-05
2023-11-29,09:36:32,2.5233,23.94,24.75,3291,14912007.0,2.655113363058303e-05
2023-11-29,09:36:32,2.5269,23.94,24.75,3292,14912007.0,2.650870094566748e-05
2023-11-29,09:36:32,2.5306,23.94,24.75,3294,14912006.0,2.642403890880146e-05
2023-11-29,09:36:32,2.5344,23.94,24.75,3295,14912006.0,2.638180934027105e-05
2023-11-29,09:36:32,2.538,23.94,24.75,3294,14912007.0,2.642403890880146e-05
2023-11-29,09:36:32,2.5416,23.94,24.75,3292,14912005.0,2.650870094566748e-05
2023-11-29,09:36:32,2.5453,23.94,24.75,3292,14912006.0,2.650870094566748e-05
2023-11-29,09:36:32,2.549,23.94,24.75,3291,14912006.0,2.655113363058303e-05
2023-11-29,09:36:32,2.5527,23.94,24.75,3291,14912006.0,2.655113363058303e-05
2023-11-29,09:36:32,2.5565,23.94,24.75,3292,14912006.0,2.650870094566748e-05
2023-11-29,09:36:32,2.5602,23.94,24.75,3292,14912006.0,2.650870094566748e-05
2023-11-29,09:36:32,2.5639,23.94,24.75,3294,14912007.0,2.642403890880146e-05
2023-11-29,09:36:32,2.5676,23.94,24.75,3293,14912008.0,2.64663360745325e-05
2023-11-29,09:36:32,2.5712,23.94,24.75,3292,14912007.0,2.650870094566748e-05
2023-11-29,09:36:32,2.5748,23.94,24.75,3294,14912007.0,2.642403890880146e-05
2023-11-29,09:36:32,2.5785,23.94,24.75,3293,14912006.0,2.64663360745325e-05
2023-11-29,09:36:32,2.5822,23.94,24.75,3292,14912006.0,2.650870094566748e-05
2023-11-29,09:36:32,2.5859,23.94,24.75,3292,14912007.0,2.650870094566748e-05
2023-11-29,09:36:32,2.5896,23.94,24.75,3292,14912006.0,2.650870094566748e-05
2023-11-29,09:36:32,2.5933,23.94,24.75,3291,14912006.0,2.655113363058303e-05
2023-11-29,09:36:32,2.5972,23.94,24.75,3291,14912006.0,2.655113363058303e-05
2023-11-29,09:36:32,2.6009,23.94,24.75,3293,14912007.0,2.64663360745325e-05
2023-11-29,09:36:32,2.6045,23.94,24.75,3293,14912007.0,2.64663360745325e-05
2023-11-29,09:36:32,2.6082,23.94,24.75,3293,14912006.0,2.64663360745325e-05
2023-11-29,09:36:32,2.6119,23.94,24.75,3293,14912007.0,2.64663360745325e-05
2023-11-29,09:36:32,2.6156,23.94,24.75,3291,14912005.0,2.655113363058303e-05
2023-11-29,09:36:32,2.6193,23.94,24.75,3291,14912006.0,2.655113363058303e-05
2023-11-29,09:36:32,2.6229,23.94,24.75,3292,14912007.0,2.650870094566748e-05
2023-11-29,09:36:32,2.6266,23.94,24.75,3292,14912007.0,2.650870094566748e-05
2023-11-29,09:36:32,2.6304,23.94,24.75,3292,14912007.0,2.650870094566748e-05
2023-11-29,09:36:32,2.6342,23.94,24.75,3292,14912007.0,2.650870094566748e-05
2023-11-29,09:36:32,2.6377,23.94,24.75,3293,14912006.0,2.64663360745325e-05
2023-11-29,09:36:32,2.6413,23.94,24.75,3293,14912006.0,2.64663360745325e-05
2023-11-29,09:36:32,2.645,23.94,24.75,3293,14912007.0,2.64663360745325e-05
2023-11-29,09:36:32,2.6487,23.94,24.75,3293,14912007.0,2.64663360745325e-05
2023-11-29,09:36:32,2.6525,23.94,24.75,3293,14912007.0,2.64663360745325e-05
2023-11-29,09:36:32,2.6562,23.94,24.75,3292,14912007.0,2.650870094566748e-05
2023-11-29,09:36:32,2.6599,23.94,24.75,3292,14912007.0,2.650870094566748e-05
2023-11-29,09:36:32,2.6636,23.94,24.75,3293,14912006.0,2.64663360745325e-05
2023-11-29,09:36:32,2.6673,23.94,24.75,3292,14912006.0,2.650870094566748e-05
2023-11-29,09:36:32,2.671,23.94,24.75,3291,14912006.0,2.655113363058303e-05
2023-11-29,09:36:32,2.6747,23.94,24.75,3291,14912006.0,2.655113363058303e-05
2023-11-29,09:36:32,2.6784,23.94,24.75,3293,14912006.0,2.64663360745325e-05
2023-11-29,09:36:32,2.682,23.94,24.75,3293,14912006.0,2.64663360745325e-05
2023-11-29,09:36:32,2.6857,23.94,24.75,3292,14912005.0,2.650870094566748e-05
2023-11-29,09:36:32,2.6896,23.94,24.75,3293,14912006.0,2.64663360745325e-05
2023-11-29,09:36:32,2.6933,23.94,24.75,3294,14912006.0,2.642403890880146e-05
2023-11-29,09:36:32,2.6969,23.94,24.75,3293,14912005.0,2.64663360745325e-05
2023-11-29,09:36:32,2.7006,23.94,24.75,3291,14912007.0,2.655113363058303e-05
2023-11-29,09:36:32,2.7043,23.94,24.75,3289,14912006.0,2.663620287612968e-05
2023-11-29,09:36:32,2.7079,23.94,24.75,3291,14912004.0,2.655113363058303e-05
2023-11-29,09:36:32,2.7116,23.94,24.75,3294,14912005.0,2.642403890880146e-05
2023-11-29,09:36:32,2.7153,23.94,24.75,3293,14912006.0,2.64663360745325e-05
2023-11-29,09:36:32,2.719,23.94,24.75,3292,14912006.0,2.650870094566748e-05
2023-11-29,09:36:32,2.7227,23.94,24.75,3292,14912007.0,2.650870094566748e-05
2023-11-29,09:36:32,2.7263,23.94,24.75,3293,14912006.0,2.64663360745325e-05
2023-11-29,09:36:32,2.73,23.94,24.75,3293,14912006.0,2.64663360745325e-05
2023-11-29,09:36:32,2.7337,23.94,24.75,3293,14912007.0,2.64663360745325e-05
2023-11-29,09:36:32,2.7374,23.94,24.75,3293,14912007.0,2.64663360745325e-05
2023-11-29,09:36:32,2.7412,23.94,24.75,3292,14912006.0,2.650870094566748e-05
2023-11-29,09:36:32,2.7447,23.94,24.75,3294,14912005.0,2.642403890880146e-05
2023-11-29,09:36:32,2.7485,23.94,24.75,3295,14912006.0,2.638180934027105e-05
2023-11-29,09:36:32,2.7522,23.94,24.75,3294,14912005.0,2.642403890880146e-05
2023-11-29,09:36:32,2.7559,23.94,24.75,3294,14912005.0,2.642403890880146e-05
2023-11-29,09:36:32,2.7596,23.94,24.75,3293,14912006.0,2.64663360745325e-05
2023-11-29,09:36:32,2.7633,23.94,24.75,3293,14912006.0,2.64663360745325e-05
2023-11-29,09:36:32,2.767,23.94,24.75,3292,14912007.0,2.650870094566748e-05
2023-11-29,09:36:32,2.7707,23.94,24.75,3292,14912006.0,2.650870094566748e-05
2023-11-29,09:36:32,2.7743,23.94,24.75,3293,14912005.0,2.64663360745325e-05
2023-11-29,09:36:32,2.7779,23.94,24.75,3292,14912005.0,2.650870094566748e-05
2023-11-29,09:36:32,2.7816,23.94,24.75,3293,14912005.0,2.64663360745325e-05
2023-11-29,09:36:32,2.7853,23.94,24.75,3293,14912004.0,2.64663360745325e-05
2023-11-29,09:36:32,2.7892,23.94,24.75,3292,14912005.0,2.650870094566748e-05
2023-11-29,09:36:32,2.7929,23.94,24.75,3290,14912004.0,2.659363423782914e-05
2023-11-29,09:36:32,2.7965,23.94,24.75,3290,14912004.0,2.659363423782914e-05
2023-11-29,09:36:32,2.8002,23.94,24.75,3291,14912004.0,2.655113363058303e-05
2023-11-29,09:36:32,2.8039,23.94,24.75,3292,14912004.0,2.650870094566748e-05
2023-11-29,09:36:32,2.8076,23.94,24.75,3293,14912004.0,2.64663360745325e-05
2023-11-29,09:36:32,2.8113,23.94,24.75,3292,14912005.0,2.650870094566748e-05
2023-11-29,09:36:32,2.815,23.94,24.75,3293,14912006.0,2.64663360745325e-05
2023-11-29,09:36:32,2.8187,23.94,24.75,3293,14912005.0,2.64663360745325e-05
2023-11-29,09:36:32,2.8223,23.94,24.75,3293,14912005.0,2.64663360745325e-05
2023-11-29,09:36:32,2.826,23.94,24.75,3293,14912006.0,2.64663360745325e-05
2023-11-29,09:36:32,2.8297,23.94,24.75,3293,14912006.0,2.64663360745325e-05
2023-11-29,09:36:32,2.8333,23.94,24.75,3293,14912005.0,2.64663360745325e-05
2023-11-29,09:36:32,2.837,23.94,24.75,3292,14912004.0,2.650870094566748e-05
2023-11-29,09:36:32,2.8407,23.94,24.75,3292,14912005.0,2.650870094566748e-05
2023-11-29,09:36:32,2.8445,23.94,24.75,3294,14912005.0,2.642403890880146e-05
2023-11-29,09:36:32,2.8482,23.94,24.75,3294,14912005.0,2.642403890880146e-05
2023-11-29,09:36:32,2.8518,23.94,24.75,3292,14912004.0,2.650870094566748e-05
2023-11-29,09:36:32,2.8555,23.94,24.75,3293,14912004.0,2.64663360745325e-05
2023-11-29,09:36:32,2.8593,23.94,24.75,3294,14912005.0,2.642403890880146e-05
2023-11-29,09:36:32,2.8629,23.94,24.75,3293,14912006.0,2.64663360745325e-05
2023-11-29,09:36:32,2.8666,23.94,24.75,3292,14912005.0,2.650870094566748e-05
2023-11-29,09:36:32,2.8704,23.94,24.75,3292,14912004.0,2.650870094566748e-05
2023-11-29,09:36:32,2.874,23.94,24.75,3292,14912005.0,2.650870094566748e-05
2023-11-29,09:36:32,2.8777,23.94,24.75,3292,14912004.0,2.650870094566748e-05
2023-11-29,09:36:32,2.8814,23.94,24.75,3292,14912004.0,2.650870094566748e-05
2023-11-29,09:36:32,2.885,23.94,24.75,3292,14912004.0,2.650870094566748e-05
2023-11-29,09:36:32,2.8887,23.94,24.75,3293,14912004.0,2.64663360745325e-05
2023-11-29,09:36:32,2.8925,23.94,24.75,3293,14912006.0,2.64663360745325e-05
2023-11-29,09:36:32,2.8962,23.94,24.75,3292,14912006.0,2.650870094566748e-05
2023-11-29,09:36:32,2.8999,23.94,24.75,3292,14912005.0,2.650870094566748e-05
2023-11-29,09:36:32,2.9035,23.94,24.75,3293,14912005.0,2.64663360745325e-05
2023-11-29,09:36:32,2.907,23.94,24.75,3292,14912006.0,2.650870094566748e-05
2023-11-29,09:36:32,2.9109,23.94,24.75,3290,14912005.0,2.659363423782914e-05
2023-11-29,09:36:32,2.9147,23.94,24.75,3292,14912003.0,2.650870094566748e-05
2023-11-29,09:36:32,2.9184,23.94,24.75,3292,14912003.0,2.650870094566748e-05
2023-11-29,09:36:32,2.922,23.94,24.75,3292,14912004.0,2.650870094566748e-05
2023-11-29,09:36:32,2.9257,23.94,24.75,3292,14912004.0,2.650870094566748e-05
2023-11-29,09:36:32,2.9296,23.94,24.75,3291,14912003.0,2.655113363058303e-05
2023-11-29,09:36:32,2.9332,23.94,24.75,3293,14912003.0,2.64663360745325e-05
2023-11-29,09:36:32,2.9369,23.94,24.75,3293,14912005.0,2.64663360745325e-05
2023-11-29,09:36:32,2.9406,23.94,24.75,3294,14912005.0,2.642403890880146e-05
2023-11-29,09:36:32,2.9442,23.94,24.75,3294,14912005.0,2.642403890880146e-05
2023-11-29,09:36:32,2.9479,23.94,24.75,3292,14912004.0,2.650870094566748e-05
2023-11-29,09:36:32,2.9516,23.94,24.75,3292,14912003.0,2.650870094566748e-05
2023-11-29,09:36:32,2.9553,23.94,24.75,3292,14912003.0,2.650870094566748e-05
2023-11-29,09:36:32,2.959,23.94,24.75,3293,14912004.0,2.64663360745325e-05
2023-11-29,09:36:32,2.9626,23.94,24.75,3292,14912004.0,2.650870094566748e-05
2023-11-29,09:36:32,2.9663,23.94,24.75,3290,14912004.0,2.659363423782914e-05
2023-11-29,09:36:32,2.9702,23.94,24.75,3292,14912005.0,2.650870094566748e-05
2023-11-29,09:36:32,2.9739,23.94,24.75,3293,14912004.0,2.64663360745325e-05
2023-11-29,09:36:32,2.9774,23.94,24.75,3292,14912004.0,2.650870094566748e-05
2023-11-29,09:36:32,2.9812,23.94,24.75,3292,14912004.0,2.650870094566748e-05
2023-11-29,09:36:32,2.9849,23.94,24.75,3291,14912003.0,2.655113363058303e-05
2023-11-29,09:36:32,2.9885,23.94,24.75,3291,14912003.0,2.655113363058303e-05
2023-11-29,09:36:32,2.9922,23.94,24.75,3292,14912004.0,2.650870094566748e-05
2023-11-29,09:36:32,2.9959,23.94,24.75,3292,14912003.0,2.650870094566748e-05
2023-11-29,09:36:32,2.9996,23.94,24.75,3292,14912003.0,2.650870094566748e-05
2023-11-29,09:36:32,3.0034,23.94,24.75,3292,14912004.0,2.650870094566748e-05
2023-11-29,09:36:32,3.0071,23.94,24.75,3291,14912004.0,2.655113363058303e-05
2023-11-29,09:36:32,3.0107,23.94,25.0,3291,14912003.0,2.655113363058303e-05
2023-11-29,09:36:32,3.0144,23.94,25.0,3292,14912003.0,2.650870094566748e-05
2023-11-29,09:36:32,3.0182,23.94,25.0,3292,14912003.0,2.650870094566748e-05
2023-11-29,09:36:32,3.0217,23.94,25.0,3291,14912003.0,2.655113363058303e-05
2023-11-29,09:36:32,3.0253,23.94,25.0,3291,14912003.0,2.655113363058303e-05
2023-11-29,09:36:32,3.029,23.94,25.0,3292,14912003.0,2.650870094566748e-05
2023-11-29,09:36:32,3.0327,23.94,25.0,3292,14912004.0,2.650870094566748e-05
2023-11-29,09:36:32,3.0365,23.94,25.0,3292,14912004.0,2.650870094566748e-05
2023-11-29,09:36:32,3.0403,23.94,25.0,3293,14912003.0,2.64663360745325e-05
2023-11-29,09:36:32,3.044,23.94,25.0,3294,14912003.0,2.642403890880146e-05
2023-11-29,09:36:32,3.0477,23.94,25.0,3293,14912004.0,2.64663360745325e-05
2023-11-29,09:36:32,3.0514,23.94,25.0,3292,14912004.0,2.650870094566748e-05
2023-11-29,09:36:32,3.055,23.94,25.0,3292,14912004.0,2.650870094566748e-05
2023-11-29,09:36:32,3.0587,23.94,25.0,3295,14912005.0,2.638180934027105e-05
2023-11-29,09:36:32,3.0624,23.94,25.0,3295,14912005.0,2.638180934027105e-05
2023-11-29,09:36:32,3.0662,23.94,25.0,3292,14912004.0,2.650870094566748e-05
2023-11-29,09:36:32,3.0699,23.94,25.0,3292,14912003.0,2.650870094566748e-05
2023-11-29,09:36:32,3.0734,23.94,25.0,3291,14912003.0,2.655113363058303e-05
2023-11-29,09:36:32,3.077,23.94,25.0,3291,14912003.0,2.655113363058303e-05
2023-11-29,09:36:32,3.0807,23.94,25.0,3293,14912004.0,2.64663360745325e-05
2023-11-29,09:36:32,3.0845,23.94,25.0,3294,14912003.0,2.642403890880146e-05
2023-11-29,09:36:32,3.0882,23.94,25.0,3293,14912003.0,2.64663360745325e-05
2023-11-29,09:36:32,3.0919,23.94,25.0,3292,14912003.0,2.650870094566748e-05
2023-11-29,09:36:32,3.0956,23.94,25.0,3293,14912003.0,2.64663360745325e-05
2023-11-29,09:36:32,3.0993,23.94,25.0,3293,14912002.0,2.64663360745325e-05
2023-11-29,09:36:32,3.103,23.94,25.0,3292,14912002.0,2.650870094566748e-05
2023-11-29,09:36:32,3.1066,23.94,25.0,3292,14912003.0,2.650870094566748e-05
2023-11-29,09:36:32,3.1102,23.94,25.0,3294,14912004.0,2.642403890880146e-05
2023-11-29,09:36:32,3.114,23.94,25.0,3294,14912004.0,2.642403890880146e-05
2023-11-29,09:36:32,3.1177,23.94,25.0,3293,14912004.0,2.64663360745325e-05
2023-11-29,09:36:32,3.1214,23.94,25.0,3293,14912003.0,2.64663360745325e-05
2023-11-29,09:36:32,3.1252,23.94,25.0,3292,14912003.0,2.650870094566748e-05
2023-11-29,09:36:32,3.1287,23.94,25.0,3292,14912003.0,2.650870094566748e-05
2023-11-29,09:36:32,3.1325,23.94,25.0,3292,14912003.0,2.650870094566748e-05
2023-11-29,09:36:32,3.1363,23.94,25.0,3292,14912003.0,2.650870094566748e-05
2023-11-29,09:36:32,3.14,23.94,25.0,3293,14912003.0,2.64663360745325e-05
2023-11-29,09:36:32,3.1436,23.94,25.0,3292,14912003.0,2.650870094566748e-05
2023-11-29,09:36:32,3.1473,23.94,25.0,3291,14912002.0,2.655113363058303e-05
2023-11-29,09:36:32,3.151,23.94,25.0,3292,14912002.0,2.650870094566748e-05
2023-11-29,09:36:32,3.1547,23.94,25.0,3293,14912002.0,2.64663360745325e-05
2023-11-29,09:36:32,3.1584,23.94,25.0,3293,14912003.0,2.64663360745325e-05
2023-11-29,09:36:32,3.1622,23.94,25.0,3292,14912003.0,2.650870094566748e-05
2023-11-29,09:36:32,3.1659,23.94,25.0,3293,14912002.0,2.64663360745325e-05
2023-11-29,09:36:32,3.1694,23.94,25.0,3292,14912002.0,2.650870094566748e-05
2023-11-29,09:36:32,3.1732,23.94,25.0,3291,14912002.0,2.655113363058303e-05
2023-11-29,09:36:32,3.177,23.94,25.0,3290,14912002.0,2.659363423782914e-05
2023-11-29,09:36:32,3.1807,23.94,25.0,3289,14912002.0,2.663620287612968e-05
2023-11-29,09:36:32,3.1844,23.94,25.0,3291,14912003.0,2.655113363058303e-05
2023-11-29,09:36:32,3.1881,23.94,25.0,3292,14912003.0,2.650870094566748e-05
2023-11-29,09:36:32,3.1917,23.94,25.0,3293,14912003.0,2.64663360745325e-05
2023-11-29,09:36:32,3.1954,23.94,25.0,3294,14912003.0,2.642403890880146e-05
2023-11-29,09:36:32,3.1991,23.94,25.0,3293,14912002.0,2.64663360745325e-05
2023-11-29,09:36:33,3.2027,23.94,25.0,3292,14912002.0,2.650870094566748e-05
2023-11-29,09:36:33,3.2064,23.94,25.0,3292,14912003.0,2.650870094566748e-05
2023-11-29,09:36:33,3.2102,23.94,25.0,3292,14912002.0,2.650870094566748e-05
2023-11-29,09:36:33,3.2139,23.94,25.0,3291,14912002.0,2.655113363058303e-05
2023-11-29,09:36:33,3.2176,23.94,25.0,3291,14912002.0,2.655113363058303e-05
2023-11-29,09:36:33,3.2212,23.94,25.0,3291,14912002.0,2.655113363058303e-05
2023-11-29,09:36:33,3.2249,23.94,25.0,3291,14912003.0,2.655113363058303e-05
2023-11-29,09:36:33,3.2286,23.94,25.0,3292,14912003.0,2.650870094566748e-05
2023-11-29,09:36:33,3.2323,23.94,25.0,3292,14912002.0,2.650870094566748e-05
2023-11-29,09:36:33,3.236,23.94,25.0,3293,14912002.0,2.64663360745325e-05
2023-11-29,09:36:33,3.2396,23.94,25.0,3293,14912004.0,2.64663360745325e-05
2023-11-29,09:36:33,3.2433,23.94,25.0,3293,14912005.0,2.64663360745325e-05
2023-11-29,09:36:33,3.247,23.94,25.0,3292,14912004.0,2.650870094566748e-05
2023-11-29,09:36:33,3.2507,23.94,25.0,3291,14912004.0,2.655113363058303e-05
2023-11-29,09:36:33,3.2544,23.94,25.0,3291,14912003.0,2.655113363058303e-05
2023-11-29,09:36:33,3.2582,23.94,25.0,3291,14912004.0,2.655113363058303e-05
2023-11-29,09:36:33,3.2619,23.94,25.0,3292,14912004.0,2.650870094566748e-05
2023-11-29,09:36:33,3.2654,23.94,25.0,3291,14912003.0,2.655113363058303e-05
2023-11-29,09:36:33,3.2692,23.94,25.0,3291,14912003.0,2.655113363058303e-05
2023-11-29,09:36:33,3.2729,23.94,25.0,3292,14912003.0,2.650870094566748e-05
2023-11-29,09:36:33,3.2765,23.94,25.0,3293,14912003.0,2.64663360745325e-05
2023-11-29,09:36:33,3.2802,23.94,25.0,3293,14912002.0,2.64663360745325e-05
2023-11-29,09:36:33,3.2839,23.94,25.0,3292,14912003.0,2.650870094566748e-05
2023-11-29,09:36:33,3.2876,23.94,25.0,3294,14912005.0,2.642403890880146e-05
2023-11-29,09:36:33,3.2913,23.94,25.0,3293,14912005.0,2.64663360745325e-05
2023-11-29,09:36:33,3.295,23.94,25.0,3292,14912004.0,2.650870094566748e-05
2023-11-29,09:36:33,3.2987,23.94,25.0,3293,14912003.0,2.64663360745325e-05
2023-11-29,09:36:33,3.3024,23.94,25.0,3292,14912002.0,2.650870094566748e-05
2023-11-29,09:36:33,3.3062,23.94,25.0,3292,14912003.0,2.650870094566748e-05
2023-11-29,09:36:33,3.3097,23.94,25.0,3291,14912006.0,2.655113363058303e-05
2023-11-29,09:36:33,3.3133,23.94,25.0,3290,14912006.0,2.659363423782914e-05
2023-11-29,09:36:33,3.317,23.94,25.0,3290,14912003.0,2.659363423782914e-05
2023-11-29,09:36:33,3.3207,23.94,25.0,3291,14912003.0,2.655113363058303e-05
2023-11-29,09:36:33,3.3245,23.94,25.0,3293,14912003.0,2.64663360745325e-05
2023-11-29,09:36:33,3.3282,23.94,25.0,3293,14912003.0,2.64663360745325e-05
2023-11-29,09:36:33,3.3319,23.94,25.0,3292,14912003.0,2.650870094566748e-05
2023-11-29,09:36:33,3.3356,23.94,25.0,3292,14912003.0,2.650870094566748e-05
2023-11-29,09:36:33,3.3392,23.94,25.0,3291,14912003.0,2.655113363058303e-05
2023-11-29,09:36:33,3.3429,23.94,25.0,3291,14912002.0,2.655113363058303e-05
2023-11-29,09:36:33,3.3466,23.94,25.0,3293,14912004.0,2.64663360745325e-05
2023-11-29,09:36:33,3.3502,23.94,25.0,3293,14912004.0,2.64663360745325e-05
2023-11-29,09:36:33,3.3539,23.94,25.0,3292,14912003.0,2.650870094566748e-05
2023-11-29,09:36:33,3.3576,23.94,25.0,3292,14912003.0,2.650870094566748e-05
2023-11-29,09:36:33,3.3613,23.94,25.0,3291,14912003.0,2.655113363058303e-05
2023-11-29,09:36:33,3.365,23.94,25.0,3291,14912003.0,2.655113363058303e-05
2023-11-29,09:36:33,3.3687,23.94,25.0,3294,14912004.0,2.642403890880146e-05
2023-11-29,09:36:33,3.3725,23.94,25.0,3294,14912004.0,2.642403890880146e-05
2023-11-29,09:36:33,3.3762,23.94,25.0,3292,14912003.0,2.650870094566748e-05
2023-11-29,09:36:33,3.3799,23.94,25.0,3292,14912002.0,2.650870094566748e-05
2023-11-29,09:36:33,3.3835,23.94,25.0,3293,14912003.0,2.64663360745325e-05
2023-11-29,09:36:33,3.3872,23.94,25.0,3293,14912004.0,2.64663360745325e-05
2023-11-29,09:36:33,3.3909,23.94,25.0,3292,14912002.0,2.650870094566748e-05
2023-11-29,09:36:33,3.3945,23.94,25.0,3292,14912002.0,2.650870094566748e-05
2023-11-29,09:36:33,3.3982,23.94,25.0,3293,14912003.0,2.64663360745325e-05
2023-11-29,09:36:33,3.4019,23.94,25.0,3293,14912003.0,2.64663360745325e-05
2023-11-29,09:36:33,3.4056,23.94,25.0,3292,14912003.0,2.650870094566748e-05
2023-11-29,09:36:33,3.4093,23.94,25.0,3292,14912003.0,2.650870094566748e-05
2023-11-29,09:36:33,3.413,23.94,25.0,3293,14912004.0,2.64663360745325e-05
2023-11-29,09:36:33,3.4167,23.94,25.0,3293,14912002.0,2.64663360745325e-05
2023-11-29,09:36:33,3.4205,23.94,25.0,3292,14912002.0,2.650870094566748e-05
2023-11-29,09:36:33,3.4242,23.94,25.0,3292,14912002.0,2.650870094566748e-05
2023-11-29,09:36:33,3.4278,23.94,25.0,3294,14912003.0,2.642403890880146e-05
2023-11-29,09:36:33,3.4313,23.94,25.0,3295,14912003.0,2.638180934027105e-05
2023-11-29,09:36:33,3.435,23.94,25.0,3293,14912002.0,2.64663360745325e-05
2023-11-29,09:36:33,3.4388,23.94,25.0,3293,14912003.0,2.64663360745325e-05
2023-11-29,09:36:33,3.4423,23.94,25.0,3293,14912003.0,2.64663360745325e-05
2023-11-29,09:36:33,3.4461,23.94,25.0,3292,14912004.0,2.650870094566748e-05
2023-11-29,09:36:33,3.4499,23.94,25.0,3291,14912003.0,2.655113363058303e-05
2023-11-29,09:36:33,3.4536,23.94,25.0,3292,14912002.0,2.650870094566748e-05
2023-11-29,09:36:33,3.4572,23.94,25.0,3293,14912002.0,2.64663360745325e-05
2023-11-29,09:36:33,3.4608,23.94,25.0,3292,14912003.0,2.650870094566748e-05
2023-11-29,09:36:33,3.4645,23.94,25.0,3292,14912003.0,2.650870094566748e-05
2023-11-29,09:36:33,3.4682,23.94,25.0,3292,14912002.0,2.650870094566748e-05
2023-11-29,09:36:33,3.4719,23.94,25.0,3293,14912002.0,2.64663360745325e-05
2023-11-29,09:36:33,3.4756,23.94,25.0,3293,14912004.0,2.64663360745325e-05
2023-11-29,09:36:33,3.4793,23.94,25.0,3291,14912003.0,2.655113363058303e-05
2023-11-29,09:36:33,3.483,23.94,25.0,3291,14912002.0,2.655113363058303e-05
2023-11-29,09:36:33,3.4868,23.94,25.0,3293,14912003.0,2.64663360745325e-05
2023-11-29,09:36:33,3.4905,23.94,25.0,3293,14912004.0,2.64663360745325e-05
2023-11-29,09:36:33,3.4942,23.94,25.0,3292,14912003.0,2.650870094566748e-05
2023-11-29,09:36:33,3.4979,23.94,25.0,3292,14912003.0,2.650870094566748e-05
2023-11-29,09:36:33,3.5015,23.94,25.0,3292,14912003.0,2.650870094566748e-05
2023-11-29,09:36:33,3.5051,23.94,25.0,3292,14912003.0,2.650870094566748e-05
2023-11-29,09:36:33,3.5088,23.94,25.0,3294,14912004.0,2.642403890880146e-05
2023-11-29,09:36:33,3.5125,23.94,25.0,3296,14912003.0,2.633964726091078e-05
2023-11-29,09:36:33,3.5162,23.94,25.0,3294,14912002.0,2.642403890880146e-05
2023-11-29,09:36:33,3.5199,23.94,25.0,3292,14912003.0,2.650870094566748e-05
2023-11-29,09:36:33,3.5236,23.94,25.0,3293,14912003.0,2.64663360745325e-05
2023-11-29,09:36:33,3.5273,23.94,25.0,3293,14912004.0,2.64663360745325e-05
2023-11-29,09:36:33,3.531,23.94,25.0,3292,14912002.0,2.650870094566748e-05
2023-11-29,09:36:33,3.5348,23.94,25.0,3293,14912003.0,2.64663360745325e-05
2023-11-29,09:36:33,3.5385,23.94,25.0,3293,14912004.0,2.64663360745325e-05
2023-11-29,09:36:33,3.5422,23.94,25.0,3292,14912004.0,2.650870094566748e-05
2023-11-29,09:36:33,3.5459,23.94,25.0,3292,14912003.0,2.650870094566748e-05
2023-11-29,09:36:33,3.5496,23.94,25.0,3292,14912002.0,2.650870094566748e-05
2023-11-29,09:36:33,3.5532,23.94,25.0,3293,14912003.0,2.64663360745325e-05
2023-11-29,09:36:33,3.5569,23.94,25.0,3293,14912003.0,2.64663360745325e-05
2023-11-29,09:36:33,3.5606,23.94,25.0,3292,14912003.0,2.650870094566748e-05
2023-11-29,09:36:33,3.5643,23.94,25.0,3292,14912003.0,2.650870094566748e-05
2023-11-29,09:36:33,3.568,23.94,25.0,3292,14912004.0,2.650870094566748e-05
2023-11-29,09:36:33,3.5716,23.94,25.0,3293,14912003.0,2.64663360745325e-05
2023-11-29,09:36:33,3.5753,23.94,25.0,3293,14912002.0,2.64663360745325e-05
2023-11-29,09:36:33,3.579,23.94,25.0,3292,14912003.0,2.650870094566748e-05
2023-11-29,09:36:33,3.5828,23.94,25.0,3292,14912004.0,2.650870094566748e-05
2023-11-29,09:36:33,3.5865,23.94,25.0,3292,14912003.0,2.650870094566748e-05
2023-11-29,09:36:33,3.5902,23.94,25.0,3292,14912003.0,2.650870094566748e-05
2023-11-29,09:36:33,3.5939,23.94,25.0,3292,14912003.0,2.650870094566748e-05
2023-11-29,09:36:33,3.5976,23.94,25.0,3292,14912003.0,2.650870094566748e-05
2023-11-29,09:36:33,3.6013,23.94,25.0,3292,14912003.0,2.650870094566748e-05
2023-11-29,09:36:33,3.6049,23.94,25.0,3292,14912003.0,2.650870094566748e-05
2023-11-29,09:36:33,3.6086,23.94,25.0,3292,14912002.0,2.650870094566748e-05
2023-11-29,09:36:33,3.6123,23.94,25.0,3291,14912002.0,2.655113363058303e-05
2023-11-29,09:36:33,3.616,23.94,25.0,3291,14912003.0,2.655113363058303e-05
2023-11-29,09:36:33,3.6198,23.94,25.0,3291,14912003.0,2.655113363058303e-05
2023-11-29,09:36:33,3.6233,23.94,25.0,3291,14912003.0,2.655113363058303e-05
2023-11-29,09:36:33,3.627,23.94,25.0,3291,14912003.0,2.655113363058303e-05
2023-11-29,09:36:33,3.6308,23.94,25.0,3290,14912004.0,2.659363423782914e-05
2023-11-29,09:36:33,3.6345,23.94,25.0,3290,14912004.0,2.659363423782914e-05
2023-11-29,09:36:33,3.6383,23.94,25.0,3290,14912004.0,2.659363423782914e-05
2023-11-29,09:36:33,3.642,23.94,25.0,3291,14912004.0,2.655113363058303e-05
2023-11-29,09:36:33,3.6456,23.94,25.0,3292,14912003.0,2.650870094566748e-05
2023-11-29,09:36:33,3.6493,23.94,25.0,3293,14912003.0,2.64663360745325e-05
2023-11-29,09:36:33,3.653,23.94,25.0,3293,14912004.0,2.64663360745325e-05
2023-11-29,09:36:33,3.6567,23.94,25.0,3293,14912004.0,2.64663360745325e-05
2023-11-29,09:36:33,3.6603,23.94,25.0,3294,14912004.0,2.642403890880146e-05
2023-11-29,09:36:33,3.664,23.94,25.0,3293,14912003.0,2.64663360745325e-05
2023-11-29,09:36:33,3.6679,23.94,25.0,3292,14912003.0,2.650870094566748e-05
2023-11-29,09:36:33,3.6715,23.94,25.0,3292,14912004.0,2.650870094566748e-05
2023-11-29,09:36:33,3.6752,23.94,25.0,3292,14912003.0,2.650870094566748e-05
2023-11-29,09:36:33,3.6789,23.94,25.0,3291,14912003.0,2.655113363058303e-05
2023-11-29,09:36:33,3.6825,23.94,25.0,3292,14912003.0,2.650870094566748e-05
2023-11-29,09:36:33,3.6862,23.94,25.0,3294,14912003.0,2.642403890880146e-05
2023-11-29,09:36:33,3.6899,23.94,25.0,3293,14912005.0,2.64663360745325e-05
2023-11-29,09:36:33,3.6936,23.94,25.0,3292,14912004.0,2.650870094566748e-05
2023-11-29,09:36:33,3.6973,23.94,25.0,3293,14912003.0,2.64663360745325e-05
2023-11-29,09:36:33,3.701,23.94,25.0,3294,14912004.0,2.642403890880146e-05
2023-11-29,09:36:33,3.7047,23.94,25.0,3293,14912004.0,2.64663360745325e-05
2023-11-29,09:36:33,3.7083,23.94,25.0,3290,14912003.0,2.659363423782914e-05
2023-11-29,09:36:33,3.7119,23.94,25.0,3290,14912001.0,2.659363423782914e-05
2023-11-29,09:36:33,3.7156,23.94,25.0,3293,14912002.0,2.64663360745325e-05
2023-11-29,09:36:33,3.7193,23.94,25.0,3293,14912004.0,2.64663360745325e-05
2023-11-29,09:36:33,3.723,23.94,25.0,3292,14912003.0,2.650870094566748e-05
2023-11-29,09:36:33,3.7268,23.94,25.0,3292,14912003.0,2.650870094566748e-05
2023-11-29,09:36:33,3.7305,23.94,25.0,3294,14912004.0,2.642403890880146e-05
2023-11-29,09:36:33,3.7342,23.94,25.0,3294,14912005.0,2.642403890880146e-05
2023-11-29,09:36:33,3.7378,23.94,25.0,3292,14912004.0,2.650870094566748e-05
2023-11-29,09:36:33,3.7415,23.94,25.0,3293,14912003.0,2.64663360745325e-05
2023-11-29,09:36:33,3.7453,23.94,25.0,3294,14912004.0,2.642403890880146e-05
2023-11-29,09:36:33,3.7489,23.94,25.0,3292,14912005.0,2.650870094566748e-05
2023-11-29,09:36:33,3.7525,23.94,25.0,3290,14912005.0,2.659363423782914e-05
2023-11-29,09:36:33,3.7563,23.94,25.0,3291,14912004.0,2.655113363058303e-05
2023-11-29,09:36:33,3.76,23.94,25.0,3292,14912004.0,2.650870094566748e-05
2023-11-29,09:36:33,3.7638,23.94,25.0,3292,14912003.0,2.650870094566748e-05
2023-11-29,09:36:33,3.7675,23.94,25.0,3293,14912004.0,2.64663360745325e-05
2023-11-29,09:36:33,3.7712,23.94,25.0,3293,14912004.0,2.64663360745325e-05
2023-11-29,09:36:33,3.7749,23.94,25.0,3294,14912005.0,2.642403890880146e-05
2023-11-29,09:36:33,3.7785,23.94,25.0,3295,14912004.0,2.638180934027105e-05
2023-11-29,09:36:33,3.7822,23.94,25.0,3294,14912003.0,2.642403890880146e-05
2023-11-29,09:36:33,3.7859,23.94,25.0,3293,14912005.0,2.64663360745325e-05
2023-11-29,09:36:33,3.7896,23.94,25.0,3293,14912005.0,2.64663360745325e-05
2023-11-29,09:36:33,3.7933,23.94,25.0,3293,14912005.0,2.64663360745325e-05
2023-11-29,09:36:33,3.797,23.94,25.0,3291,14912004.0,2.655113363058303e-05
2023-11-29,09:36:33,3.8007,23.94,25.0,3291,14912002.0,2.655113363058303e-05
2023-11-29,09:36:33,3.8043,23.94,25.0,3292,14912004.0,2.650870094566748e-05
2023-11-29,09:36:33,3.8079,23.94,25.0,3291,14912006.0,2.655113363058303e-05
2023-11-29,09:36:33,3.8116,23.94,25.0,3291,14912006.0,2.655113363058303e-05
2023-11-29,09:36:33,3.8155,23.94,25.0,3292,14912004.0,2.650870094566748e-05
2023-11-29,09:36:33,3.8192,23.94,25.0,3291,14912003.0,2.655113363058303e-05
2023-11-29,09:36:33,3.8229,23.94,25.0,3292,14912004.0,2.650870094566748e-05
2023-11-29,09:36:33,3.8266,23.94,25.0,3292,14912004.0,2.650870094566748e-05
2023-11-29,09:36:33,3.8302,23.94,25.0,3291,14912003.0,2.655113363058303e-05
2023-11-29,09:36:33,3.8339,23.94,25.0,3293,14912004.0,2.64663360745325e-05
2023-11-29,09:36:33,3.8376,23.94,25.0,3294,14912004.0,2.642403890880146e-05
2023-11-29,09:36:33,3.8413,23.94,25.0,3294,14912005.0,2.642403890880146e-05
2023-11-29,09:36:33,3.845,23.94,25.0,3293,14912006.0,2.64663360745325e-05
2023-11-29,09:36:33,3.8487,23.94,25.0,3290,14912004.0,2.659363423782914e-05
2023-11-29,09:36:33,3.8525,23.94,25.0,3290,14912004.0,2.659363423782914e-05
2023-11-29,09:36:33,3.8562,23.94,25.0,3292,14912004.0,2.650870094566748e-05
2023-11-29,09:36:33,3.8599,23.94,25.0,3292,14912003.0,2.650870094566748e-05
2023-11-29,09:36:33,3.8636,23.94,25.0,3292,14912003.0,2.650870094566748e-05
2023-11-29,09:36:33,3.8673,23.94,25.0,3292,14912004.0,2.650870094566748e-05
2023-11-29,09:36:33,3.8709,23.94,25.0,3292,14912005.0,2.650870094566748e-05
2023-11-29,09:36:33,3.8746,23.94,25.0,3292,14912005.0,2.650870094566748e-05
2023-11-29,09:36:33,3.8784,23.94,25.0,3291,14912003.0,2.655113363058303e-05
2023-11-29,09:36:33,3.8822,23.94,25.0,3291,14912003.0,2.655113363058303e-05
2023-11-29,09:36:33,3.8857,23.94,25.0,3291,14912003.0,2.655113363058303e-05
2023-11-29,09:36:33,3.8893,23.94,25.0,3291,14912004.0,2.655113363058303e-05
2023-11-29,09:36:33,3.893,23.94,25.0,3292,14912005.0,2.650870094566748e-05
2023-11-29,09:36:33,3.8969,23.94,25.0,3293,14912004.0,2.64663360745325e-05
2023-11-29,09:36:33,3.9006,23.94,25.0,3292,14912004.0,2.650870094566748e-05
2023-11-29,09:36:33,3.9043,23.94,25.0,3291,14912004.0,2.655113363058303e-05
2023-11-29,09:36:33,3.908,23.94,25.0,3293,14912005.0,2.64663360745325e-05
2023-11-29,09:36:33,3.9116,23.94,25.0,3293,14912005.0,2.64663360745325e-05
2023-11-29,09:36:33,3.9153,23.94,25.0,3293,14912005.0,2.64663360745325e-05
2023-11-29,09:36:33,3.919,23.94,25.0,3294,14912005.0,2.642403890880146e-05
2023-11-29,09:36:33,3.9227,23.94,25.0,3293,14912004.0,2.64663360745325e-05
2023-11-29,09:36:33,3.9264,23.94,25.0,3293,14912003.0,2.64663360745325e-05
2023-11-29,09:36:33,3.93,23.94,25.0,3293,14912003.0,2.64663360745325e-05
2023-11-29,09:36:33,3.9336,23.94,25.0,3292,14912004.0,2.650870094566748e-05
2023-11-29,09:36:33,3.9373,23.94,25.0,3291,14912004.0,2.655113363058303e-05
2023-11-29,09:36:33,3.9412,23.94,25.0,3291,14912005.0,2.655113363058303e-05
2023-11-29,09:36:33,3.9449,23.94,25.0,3291,14912004.0,2.655113363058303e-05
2023-11-29,09:36:33,3.9486,23.94,25.0,3291,14912003.0,2.655113363058303e-05
2023-11-29,09:36:33,3.9523,23.94,25.0,3292,14912004.0,2.650870094566748e-05
2023-11-29,09:36:33,3.9559,23.94,25.0,3291,14912005.0,2.655113363058303e-05
2023-11-29,09:36:33,3.9596,23.94,25.0,3291,14912004.0,2.655113363058303e-05
2023-11-29,09:36:33,3.9633,23.94,25.0,3292,14912005.0,2.650870094566748e-05
2023-11-29,09:36:33,3.967,23.94,25.0,3291,14912004.0,2.655113363058303e-05
2023-11-29,09:36:33,3.9707,23.94,25.0,3291,14912002.0,2.655113363058303e-05
2023-11-29,09:36:33,3.9744,23.94,25.0,3292,14912003.0,2.650870094566748e-05
2023-11-29,09:36:33,3.9782,23.94,25.0,3292,14912004.0,2.650870094566748e-05
2023-11-29,09:36:33,3.9819,23.94,25.0,3291,14912004.0,2.655113363058303e-05
2023-11-29,09:36:33,3.9854,23.94,25.0,3291,14912004.0,2.655113363058303e-05
2023-11-29,09:36:33,3.989,23.94,25.0,3291,14912005.0,2.655113363058303e-05
2023-11-29,09:36:33,3.9929,23.94,25.0,3291,14912004.0,2.655113363058303e-05
2023-11-29,09:36:33,3.9967,23.94,25.0,3293,14912005.0,2.64663360745325e-05
2023-11-29,09:36:33,4.0004,23.94,25.0,3293,14912005.0,2.64663360745325e-05
2023-11-29,09:36:33,4.004,23.94,25.0,3292,14912004.0,2.650870094566748e-05
2023-11-29,09:36:33,4.0076,23.94,25.0,3292,14912004.0,2.650870094566748e-05
2023-11-29,09:36:33,4.0113,23.94,25.0,3294,14912005.0,2.642403890880146e-05
2023-11-29,09:36:33,4.015,23.94,25.0,3294,14912004.0,2.642403890880146e-05
2023-11-29,09:36:33,4.0187,23.94,25.0,3291,14912004.0,2.655113363058303e-05
2023-11-29,09:36:33,4.0224,23.94,25.0,3291,14912004.0,2.655113363058303e-05
2023-11-29,09:36:33,4.0262,23.94,25.0,3292,14912005.0,2.650870094566748e-05
2023-11-29,09:36:33,4.0299,23.94,25.0,3291,14912005.0,2.655113363058303e-05
2023-11-29,09:36:33,4.0334,23.94,25.0,3291,14912005.0,2.655113363058303e-05
2023-11-29,09:36:33,4.0372,23.94,25.0,3292,14912005.0,2.650870094566748e-05
2023-11-29,09:36:33,4.041,23.94,25.0,3291,14912005.0,2.655113363058303e-05
2023-11-29,09:36:33,4.0447,23.94,25.0,3290,14912004.0,2.659363423782914e-05
2023-11-29,09:36:33,4.0483,23.94,25.0,3292,14912005.0,2.650870094566748e-05
2023-11-29,09:36:33,4.0519,23.94,25.0,3293,14912005.0,2.64663360745325e-05
2023-11-29,09:36:33,4.0556,23.94,25.0,3292,14912005.0,2.650870094566748e-05
2023-11-29,09:36:33,4.0593,23.94,25.0,3292,14912004.0,2.650870094566748e-05
2023-11-29,09:36:33,4.063,23.94,25.0,3292,14912005.0,2.650870094566748e-05
2023-11-29,09:36:33,4.0667,23.94,25.0,3291,14912005.0,2.655113363058303e-05
2023-11-29,09:36:33,4.0704,23.94,25.0,3291,14912004.0,2.655113363058303e-05
2023-11-29,09:36:33,4.0742,23.94,25.0,3292,14912004.0,2.650870094566748e-05
2023-11-29,09:36:33,4.0779,23.94,25.0,3291,14912004.0,2.655113363058303e-05
2023-11-29,09:36:33,4.0816,23.94,25.0,3291,14912005.0,2.655113363058303e-05
2023-11-29,09:36:33,4.0853,23.94,25.0,3292,14912006.0,2.650870094566748e-05
2023-11-29,09:36:33,4.089,23.94,25.0,3292,14912005.0,2.650870094566748e-05
2023-11-29,09:36:33,4.0927,23.94,25.0,3291,14912004.0,2.655113363058303e-05
2023-11-29,09:36:33,4.0964,23.94,25.0,3291,14912005.0,2.655113363058303e-05
2023-11-29,09:36:33,4.1001,23.94,25.0,3291,14912005.0,2.655113363058303e-05
2023-11-29,09:36:33,4.1038,23.94,25.0,3291,14912005.0,2.655113363058303e-05
2023-11-29,09:36:33,4.1074,23.94,25.0,3292,14912005.0,2.650870094566748e-05
2023-11-29,09:36:33,4.1111,23.94,25.0,3292,14912005.0,2.650870094566748e-05
2023-11-29,09:36:33,4.115,23.94,25.0,3293,14912006.0,2.64663360745325e-05
2023-11-29,09:36:33,4.1187,23.94,25.0,3293,14912006.0,2.64663360745325e-05
2023-11-29,09:36:33,4.1223,23.94,25.0,3292,14912004.0,2.650870094566748e-05
2023-11-29,09:36:33,4.126,23.94,25.0,3292,14912004.0,2.650870094566748e-05
2023-11-29,09:36:33,4.1297,23.94,25.0,3291,14912004.0,2.655113363058303e-05
2023-11-29,09:36:33,4.1333,23.94,25.0,3291,14912004.0,2.655113363058303e-05
2023-11-29,09:36:33,4.137,23.94,25.0,3291,14912004.0,2.655113363058303e-05
2023-11-29,09:36:33,4.1407,23.94,25.0,3290,14912005.0,2.659363423782914e-05
2023-11-29,09:36:33,4.1444,23.94,25.0,3292,14912005.0,2.650870094566748e-05
2023-11-29,09:36:33,4.1481,23.94,25.0,3293,14912005.0,2.64663360745325e-05
2023-11-29,09:36:33,4.1518,23.94,25.0,3292,14912004.0,2.650870094566748e-05
2023-11-29,09:36:33,4.1556,23.94,25.0,3293,14912004.0,2.64663360745325e-05
2023-11-29,09:36:33,4.1593,23.94,25.0,3293,14912004.0,2.64663360745325e-05
2023-11-29,09:36:33,4.163,23.94,25.0,3291,14912005.0,2.655113363058303e-05
2023-11-29,09:36:33,4.1666,23.94,25.0,3292,14912006.0,2.650870094566748e-05
2023-11-29,09:36:33,4.1703,23.94,25.0,3293,14912005.0,2.64663360745325e-05
2023-11-29,09:36:33,4.174,23.94,25.0,3292,14912004.0,2.650870094566748e-05
2023-11-29,09:36:33,4.1776,23.94,25.0,3292,14912005.0,2.650870094566748e-05
2023-11-29,09:36:33,4.1813,23.94,25.0,3291,14912005.0,2.655113363058303e-05
2023-11-29,09:36:33,4.185,23.94,25.0,3291,14912004.0,2.655113363058303e-05
2023-11-29,09:36:34,4.1887,23.94,25.0,3293,14912005.0,2.64663360745325e-05
2023-11-29,09:36:34,4.1924,23.94,25.0,3293,14912006.0,2.64663360745325e-05
2023-11-29,09:36:34,4.196,23.94,25.0,3292,14912005.0,2.650870094566748e-05
2023-11-29,09:36:34,4.1997,23.94,25.0,3292,14912005.0,2.650870094566748e-05
2023-11-29,09:36:34,4.2034,23.94,25.0,3292,14912004.0,2.650870094566748e-05
2023-11-29,09:36:34,4.2071,23.94,25.0,3292,14912005.0,2.650870094566748e-05
2023-11-29,09:36:34,4.2109,23.94,25.0,3292,14912005.0,2.650870094566748e-05
2023-11-29,09:36:34,4.2146,23.94,25.0,3294,14912005.0,2.642403890880146e-05
2023-11-29,09:36:34,4.2183,23.94,25.0,3294,14912005.0,2.642403890880146e-05
2023-11-29,09:36:34,4.222,23.94,25.0,3292,14912004.0,2.650870094566748e-05
2023-11-29,09:36:34,4.2257,23.94,25.0,3292,14912005.0,2.650870094566748e-05
2023-11-29,09:36:34,4.2293,23.94,25.0,3292,14912004.0,2.650870094566748e-05
2023-11-29,09:36:34,4.233,23.94,25.0,3292,14912004.0,2.650870094566748e-05
2023-11-29,09:36:34,4.2367,23.94,25.0,3292,14912005.0,2.650870094566748e-05
2023-11-29,09:36:34,4.2404,23.94,25.0,3292,14912004.0,2.650870094566748e-05
2023-11-29,09:36:34,4.2441,23.94,25.0,3292,14912005.0,2.650870094566748e-05
2023-11-29,09:36:34,4.2477,23.94,25.0,3292,14912005.0,2.650870094566748e-05
2023-11-29,09:36:34,4.2513,23.94,25.0,3292,14912005.0,2.650870094566748e-05
2023-11-29,09:36:34,4.255,23.94,25.0,3292,14912005.0,2.650870094566748e-05
2023-11-29,09:36:34,4.2587,23.94,25.0,3292,14912005.0,2.650870094566748e-05
2023-11-29,09:36:34,4.2624,23.94,25.0,3292,14912005.0,2.650870094566748e-05
2023-11-29,09:36:34,4.2662,23.94,25.0,3293,14912005.0,2.64663360745325e-05
2023-11-29,09:36:34,4.2699,23.94,25.0,3293,14912005.0,2.64663360745325e-05
2023-11-29,09:36:34,4.2736,23.94,25.0,3291,14912005.0,2.655113363058303e-05
2023-11-29,09:36:34,4.2773,23.94,25.0,3292,14912005.0,2.650870094566748e-05
2023-11-29,09:36:34,4.2809,23.94,25.0,3293,14912005.0,2.64663360745325e-05
2023-11-29,09:36:34,4.2846,23.94,25.0,3291,14912005.0,2.655113363058303e-05
2023-11-29,09:36:34,4.2884,23.94,25.0,3291,14912004.0,2.655113363058303e-05
2023-11-29,09:36:34,4.292,23.94,25.0,3292,14912004.0,2.650870094566748e-05
2023-11-29,09:36:34,4.2956,23.94,25.0,3292,14912005.0,2.650870094566748e-05
2023-11-29,09:36:34,4.2993,23.94,25.0,3293,14912005.0,2.64663360745325e-05
2023-11-29,09:36:34,4.303,23.94,25.0,3293,14912005.0,2.64663360745325e-05
2023-11-29,09:36:34,4.3067,23.94,25.0,3292,14912004.0,2.650870094566748e-05
2023-11-29,09:36:34,4.3104,23.94,25.0,3292,14912004.0,2.650870094566748e-05
2023-11-29,09:36:34,4.3142,23.94,25.0,3293,14912005.0,2.64663360745325e-05
2023-11-29,09:36:34,4.3179,23.94,25.0,3294,14912004.0,2.642403890880146e-05
2023-11-29,09:36:34,4.3216,23.94,25.0,3292,14912003.0,2.650870094566748e-05
2023-11-29,09:36:34,4.3253,23.94,25.0,3290,14912005.0,2.659363423782914e-05
2023-11-29,09:36:34,4.329,23.94,25.0,3291,14912005.0,2.655113363058303e-05
2023-11-29,09:36:34,4.3327,23.94,25.0,3292,14912005.0,2.650870094566748e-05
2023-11-29,09:36:34,4.3364,23.94,25.0,3293,14912006.0,2.64663360745325e-05
2023-11-29,09:36:34,4.3401,23.94,25.0,3293,14912005.0,2.64663360745325e-05
2023-11-29,09:36:34,4.3437,23.94,25.0,3293,14912005.0,2.64663360745325e-05
2023-11-29,09:36:34,4.3474,23.94,25.0,3292,14912005.0,2.650870094566748e-05
2023-11-29,09:36:34,4.3511,23.94,25.0,3291,14912004.0,2.655113363058303e-05
2023-11-29,09:36:34,4.3547,23.94,25.0,3292,14912004.0,2.650870094566748e-05
2023-11-29,09:36:34,4.3584,23.94,25.0,3294,14912005.0,2.642403890880146e-05
2023-11-29,09:36:34,4.3622,23.94,25.0,3294,14912006.0,2.642403890880146e-05
2023-11-29,09:36:34,4.3659,23.94,25.0,3292,14912005.0,2.650870094566748e-05
2023-11-29,09:36:34,4.3696,23.94,25.0,3292,14912005.0,2.650870094566748e-05
2023-11-29,09:36:34,4.3732,23.94,25.0,3292,14912005.0,2.650870094566748e-05
2023-11-29,09:36:34,4.3769,23.94,25.0,3292,14912004.0,2.650870094566748e-05
2023-11-29,09:36:34,4.3806,23.94,25.0,3292,14912005.0,2.650870094566748e-05
2023-11-29,09:36:34,4.3843,23.94,25.0,3293,14912006.0,2.64663360745325e-05
2023-11-29,09:36:34,4.3881,23.94,25.0,3293,14912005.0,2.64663360745325e-05
2023-11-29,09:36:34,4.3917,23.94,25.0,3291,14912006.0,2.655113363058303e-05
2023-11-29,09:36:34,4.3953,23.94,25.0,3291,14912006.0,2.655113363058303e-05
2023-11-29,09:36:34,4.399,23.94,25.0,3292,14912006.0,2.650870094566748e-05
2023-11-29,09:36:34,4.4027,23.94,25.0,3292,14912006.0,2.650870094566748e-05
2023-11-29,09:36:34,4.4064,23.94,25.0,3292,14912004.0,2.650870094566748e-05
2023-11-29,09:36:34,4.41,23.94,25.0,3293,14912005.0,2.64663360745325e-05
2023-11-29,09:36:34,4.4136,23.94,25.0,3293,14912005.0,2.64663360745325e-05
2023-11-29,09:36:34,4.4174,23.94,25.0,3292,14912005.0,2.650870094566748e-05
2023-11-29,09:36:34,4.4213,23.94,25.0,3292,14912005.0,2.650870094566748e-05
2023-11-29,09:36:34,4.4249,23.94,25.0,3292,14912005.0,2.650870094566748e-05
2023-11-29,09:36:34,4.4285,23.94,25.0,3293,14912004.0,2.64663360745325e-05
2023-11-29,09:36:34,4.4322,23.94,25.0,3293,14912004.0,2.64663360745325e-05
2023-11-29,09:36:34,4.4359,23.94,25.0,3292,14912005.0,2.650870094566748e-05
2023-11-29,09:36:34,4.4396,23.94,25.0,3292,14912005.0,2.650870094566748e-05
2023-11-29,09:36:34,4.4433,23.94,25.0,3292,14912005.0,2.650870094566748e-05
2023-11-29,09:36:34,4.447,23.94,25.0,3294,14912007.0,2.642403890880146e-05
2023-11-29,09:36:34,4.4507,23.94,25.0,3294,14912006.0,2.642403890880146e-05
2023-11-29,09:36:34,4.4543,23.94,25.0,3293,14912004.0,2.64663360745325e-05
2023-11-29,09:36:34,4.458,23.94,25.0,3293,14912004.0,2.64663360745325e-05
2023-11-29,09:36:34,4.4617,23.94,25.0,3293,14912005.0,2.64663360745325e-05
2023-11-29,09:36:34,4.4653,23.94,25.0,3294,14912006.0,2.642403890880146e-05
2023-11-29,09:36:34,4.469,23.94,25.0,3294,14912006.0,2.642403890880146e-05
2023-11-29,09:36:34,4.4727,23.94,25.0,3293,14912006.0,2.64663360745325e-05
2023-11-29,09:36:34,4.4765,23.94,25.0,3292,14912005.0,2.650870094566748e-05
2023-11-29,09:36:34,4.4802,23.94,25.0,3292,14912005.0,2.650870094566748e-05
2023-11-29,09:36:34,4.4839,23.94,25.0,3292,14912005.0,2.650870094566748e-05
2023-11-29,09:36:34,4.4876,23.94,25.0,3292,14912005.0,2.650870094566748e-05
2023-11-29,09:36:34,4.4913,23.94,25.0,3292,14912006.0,2.650870094566748e-05
2023-11-29,09:36:34,4.495,23.94,25.0,3292,14912006.0,2.650870094566748e-05
2023-11-29,09:36:34,4.4986,23.94,25.0,3293,14912006.0,2.64663360745325e-05
2023-11-29,09:36:34,4.5023,23.94,25.0,3293,14912006.0,2.64663360745325e-05
2023-11-29,09:36:34,4.506,23.94,25.0,3292,14912005.0,2.650870094566748e-05
2023-11-29,09:36:34,4.5097,23.94,25.0,3292,14912005.0,2.650870094566748e-05
2023-11-29,09:36:34,4.5134,23.94,25.0,3293,14912005.0,2.64663360745325e-05
2023-11-29,09:36:34,4.517,23.88,25.0,3295,14912004.0,2.638180934027105e-05
2023-11-29,09:36:34,4.5207,23.88,25.0,3294,14912004.0,2.642403890880146e-05
2023-11-29,09:36:34,4.5245,23.88,25.0,3292,14912005.0,2.650870094566748e-05
2023-11-29,09:36:34,4.5282,23.88,25.0,3293,14912004.0,2.64663360745325e-05
2023-11-29,09:36:34,4.5319,23.88,25.0,3293,14912005.0,2.64663360745325e-05
2023-11-29,09:36:34,4.5356,23.88,25.0,3292,14912005.0,2.650870094566748e-05
2023-11-29,09:36:34,4.5393,23.88,25.0,3292,14912005.0,2.650870094566748e-05
2023-11-29,09:36:34,4.543,23.88,25.0,3292,14912005.0,2.650870094566748e-05
2023-11-29,09:36:34,4.5467,23.88,25.0,3292,14912004.0,2.650870094566748e-05
2023-11-29,09:36:34,4.5503,23.88,25.0,3293,14912005.0,2.64663360745325e-05
2023-11-29,09:36:34,4.554,23.88,25.0,3293,14912006.0,2.64663360745325e-05
2023-11-29,09:36:34,4.5577,23.88,25.0,3293,14912006.0,2.64663360745325e-05
2023-11-29,09:36:34,4.5614,23.88,25.0,3293,14912005.0,2.64663360745325e-05
2023-11-29,09:36:34,4.5652,23.88,25.0,3292,14912004.0,2.650870094566748e-05
2023-11-29,09:36:34,4.5687,23.88,25.0,3293,14912003.0,2.64663360745325e-05
2023-11-29,09:36:34,4.5725,23.88,25.0,3292,14912004.0,2.650870094566748e-05
2023-11-29,09:36:34,4.5762,23.88,25.0,3292,14912004.0,2.650870094566748e-05
2023-11-29,09:36:34,4.5798,23.88,25.0,3294,14912005.0,2.642403890880146e-05
2023-11-29,09:36:34,4.5835,23.88,25.0,3294,14912005.0,2.642403890880146e-05
2023-11-29,09:36:34,4.5873,23.88,25.0,3293,14912005.0,2.64663360745325e-05
2023-11-29,09:36:34,4.5909,23.88,25.0,3291,14912005.0,2.655113363058303e-05
2023-11-29,09:36:34,4.5946,23.88,25.0,3292,14912006.0,2.650870094566748e-05
2023-11-29,09:36:34,4.5984,23.88,25.0,3293,14912006.0,2.64663360745325e-05
2023-11-29,09:36:34,4.602,23.88,25.0,3293,14912006.0,2.64663360745325e-05
2023-11-29,09:36:34,4.6056,23.88,25.0,3293,14912006.0,2.64663360745325e-05
2023-11-29,09:36:34,4.6093,23.88,25.0,3293,14912006.0,2.64663360745325e-05
2023-11-29,09:36:34,4.613,23.88,25.0,3293,14912005.0,2.64663360745325e-05
2023-11-29,09:36:34,4.6167,23.88,25.0,3292,14912004.0,2.650870094566748e-05
2023-11-29,09:36:34,4.6205,23.88,25.0,3292,14912005.0,2.650870094566748e-05
2023-11-29,09:36:34,4.624,23.88,25.0,3293,14912006.0,2.64663360745325e-05
2023-11-29,09:36:34,4.6278,23.88,25.0,3294,14912006.0,2.642403890880146e-05
2023-11-29,09:36:34,4.6316,23.88,25.0,3295,14912006.0,2.638180934027105e-05
2023-11-29,09:36:34,4.6353,23.88,25.0,3294,14912006.0,2.642403890880146e-05
2023-11-29,09:36:34,4.6389,23.88,25.0,3291,14912004.0,2.655113363058303e-05
2023-11-29,09:36:34,4.6425,23.88,25.0,3291,14912005.0,2.655113363058303e-05
2023-11-29,09:36:34,4.6462,23.88,25.0,3291,14912005.0,2.655113363058303e-05
2023-11-29,09:36:34,4.65,23.88,25.0,3291,14912004.0,2.655113363058303e-05
2023-11-29,09:36:34,4.6537,23.88,25.0,3293,14912005.0,2.64663360745325e-05
2023-11-29,09:36:34,4.6573,23.88,25.0,3293,14912005.0,2.64663360745325e-05
2023-11-29,09:36:34,4.661,23.88,25.0,3294,14912006.0,2.642403890880146e-05
2023-11-29,09:36:34,4.6647,23.88,25.0,3295,14912006.0,2.638180934027105e-05
2023-11-29,09:36:34,4.6685,23.88,25.0,3293,14912006.0,2.64663360745325e-05
2023-11-29,09:36:34,4.6722,23.88,25.0,3292,14912006.0,2.650870094566748e-05
2023-11-29,09:36:34,4.6759,23.88,25.0,3292,14912006.0,2.650870094566748e-05
2023-11-29,09:36:34,4.6796,23.88,25.0,3292,14912006.0,2.650870094566748e-05
2023-11-29,09:36:34,4.6833,23.88,25.0,3293,14912006.0,2.64663360745325e-05
2023-11-29,09:36:34,4.687,23.88,25.0,3294,14912005.0,2.642403890880146e-05
2023-11-29,09:36:34,4.6906,23.88,25.0,3293,14912004.0,2.64663360745325e-05
2023-11-29,09:36:34,4.6942,23.88,25.0,3292,14912005.0,2.650870094566748e-05
2023-11-29,09:36:34,4.6979,23.88,25.0,3292,14912006.0,2.650870094566748e-05
2023-11-29,09:36:34,4.7016,23.88,25.0,3292,14912006.0,2.650870094566748e-05
2023-11-29,09:36:34,4.7053,23.88,25.0,3294,14912006.0,2.642403890880146e-05
2023-11-29,09:36:34,4.7092,23.88,25.0,3294,14912007.0,2.642403890880146e-05
2023-11-29,09:36:34,4.7129,23.88,25.0,3293,14912007.0,2.64663360745325e-05
2023-11-29,09:36:34,4.7165,23.88,25.0,3294,14912001.0,2.642403890880146e-05
2023-11-29,09:36:34,4.7202,23.88,25.0,3294,14912001.0,2.642403890880146e-05
2023-11-29,09:36:34,4.7239,23.88,25.0,3294,14912005.0,2.642403890880146e-05
2023-11-29,09:36:34,4.7276,23.88,25.0,3295,14912005.0,2.638180934027105e-05
2023-11-29,09:36:34,4.7313,23.88,25.0,3295,14912005.0,2.638180934027105e-05
2023-11-29,09:36:34,4.7349,23.88,25.0,3293,14912005.0,2.64663360745325e-05
2023-11-29,09:36:34,4.7386,23.88,25.0,3293,14912006.0,2.64663360745325e-05
2023-11-29,09:36:34,4.7423,23.88,25.0,3293,14912006.0,2.64663360745325e-05
2023-11-29,09:36:34,4.746,23.88,25.0,3292,14912005.0,2.650870094566748e-05
2023-11-29,09:36:34,4.7497,23.88,25.0,3292,14912005.0,2.650870094566748e-05
2023-11-29,09:36:34,4.7533,23.88,25.0,3294,14912005.0,2.642403890880146e-05
2023-11-29,09:36:34,4.757,23.88,25.0,3295,14912006.0,2.638180934027105e-05
2023-11-29,09:36:34,4.7607,23.88,25.0,3293,14912005.0,2.64663360745325e-05
2023-11-29,09:36:34,4.7645,23.88,25.0,3293,14912005.0,2.64663360745325e-05
2023-11-29,09:36:34,4.7682,23.88,25.0,3293,14912006.0,2.64663360745325e-05
2023-11-29,09:36:34,4.7718,23.88,25.0,3292,14912005.0,2.650870094566748e-05
2023-11-29,09:36:34,4.7755,23.88,25.0,3292,14912005.0,2.650870094566748e-05
2023-11-29,09:36:34,4.7793,23.88,25.0,3293,14912005.0,2.64663360745325e-05
2023-11-29,09:36:34,4.783,23.88,25.0,3292,14912007.0,2.650870094566748e-05
2023-11-29,09:36:34,4.7866,23.88,25.0,3291,14912006.0,2.655113363058303e-05
2023-11-29,09:36:34,4.7902,23.88,25.0,3293,14912005.0,2.64663360745325e-05
2023-11-29,09:36:34,4.7939,23.88,25.0,3295,14912006.0,2.638180934027105e-05
2023-11-29,09:36:34,4.7976,23.88,25.0,3294,14912007.0,2.642403890880146e-05
2023-11-29,09:36:34,4.8013,23.88,25.0,3292,14912006.0,2.650870094566748e-05
2023-11-29,09:36:34,4.805,23.88,25.0,3293,14912005.0,2.64663360745325e-05
2023-11-29,09:36:34,4.8086,23.88,25.0,3293,14912005.0,2.64663360745325e-05
2023-11-29,09:36:34,4.8123,23.88,25.0,3292,14912006.0,2.650870094566748e-05
2023-11-29,09:36:34,4.8162,23.88,25.0,3292,14912005.0,2.650870094566748e-05
2023-11-29,09:36:34,4.8199,23.88,25.0,3292,14912006.0,2.650870094566748e-05
2023-11-29,09:36:34,4.8235,23.88,25.0,3293,14912007.0,2.64663360745325e-05
2023-11-29,09:36:34,4.8272,23.88,25.0,3294,14912006.0,2.642403890880146e-05
2023-11-29,09:36:34,4.8309,23.88,25.0,3292,14912005.0,2.650870094566748e-05
2023-11-29,09:36:34,4.8346,23.88,25.0,3291,14912006.0,2.655113363058303e-05
2023-11-29,09:36:34,4.8383,23.88,25.0,3293,14912006.0,2.64663360745325e-05
2023-11-29,09:36:34,4.8419,23.88,25.0,3293,14912006.0,2.64663360745325e-05
2023-11-29,09:36:34,4.8456,23.88,25.0,3292,14912006.0,2.650870094566748e-05
2023-11-29,09:36:34,4.8493,23.88,25.0,3292,14912006.0,2.650870094566748e-05
2023-11-29,09:36:34,4.853,23.88,25.0,3292,14912006.0,2.650870094566748e-05
2023-11-29,09:36:34,4.8569,23.88,25.0,3292,14912006.0,2.650870094566748e-05
2023-11-29,09:36:34,4.8606,23.88,25.0,3291,14912005.0,2.655113363058303e-05
2023-11-29,09:36:34,4.8642,23.88,25.0,3292,14912005.0,2.650870094566748e-05
2023-11-29,09:36:34,4.8679,23.88,25.0,3293,14912006.0,2.64663360745325e-05
2023-11-29,09:36:34,4.8716,23.88,25.0,3292,14912006.0,2.650870094566748e-05
2023-11-29,09:36:34,4.8753,23.88,25.0,3293,14912007.0,2.64663360745325e-05
2023-11-29,09:36:34,4.8789,23.88,25.0,3293,14912006.0,2.64663360745325e-05
2023-11-29,09:36:34,4.8826,23.88,25.0,3293,14912006.0,2.64663360745325e-05
2023-11-29,09:36:34,4.8864,23.88,25.0,3293,14912006.0,2.64663360745325e-05
2023-11-29,09:36:34,4.89,23.88,25.0,3293,14912006.0,2.64663360745325e-05
2023-11-29,09:36:34,4.8936,23.88,25.0,3293,14912007.0,2.64663360745325e-05
2023-11-29,09:36:34,4.8973,23.88,25.0,3293,14912007.0,2.64663360745325e-05
2023-11-29,09:36:34,4.901,23.88,25.0,3294,14912007.0,2.642403890880146e-05
2023-11-29,09:36:34,4.9047,23.88,25.0,3294,14912006.0,2.642403890880146e-05
2023-11-29,09:36:34,4.9085,23.88,25.0,3294,14912006.0,2.642403890880146e-05
2023-11-29,09:36:34,4.9122,23.88,25.0,3294,14912006.0,2.642403890880146e-05
2023-11-29,09:36:34,4.9159,23.88,25.0,3294,14912006.0,2.642403890880146e-05
2023-11-29,09:36:34,4.9196,23.88,25.0,3295,14912006.0,2.638180934027105e-05
2023-11-29,09:36:34,4.9233,23.88,25.0,3294,14912007.0,2.642403890880146e-05
2023-11-29,09:36:34,4.927,23.88,25.0,3292,14912005.0,2.650870094566748e-05
2023-11-29,09:36:34,4.9307,23.88,25.0,3293,14912005.0,2.64663360745325e-05
2023-11-29,09:36:34,4.9343,23.88,25.0,3292,14912005.0,2.650870094566748e-05
2023-11-29,09:36:34,4.9379,23.88,25.0,3291,14912006.0,2.655113363058303e-05
2023-11-29,09:36:34,4.9416,23.88,25.0,3292,14912006.0,2.650870094566748e-05
2023-11-29,09:36:34,4.9454,23.88,25.0,3292,14912006.0,2.650870094566748e-05
2023-11-29,09:36:34,4.9492,23.88,25.0,3293,14912006.0,2.64663360745325e-05
2023-11-29,09:36:34,4.9527,23.88,25.0,3294,14912006.0,2.642403890880146e-05
2023-11-29,09:36:34,4.9565,23.88,25.0,3294,14912007.0,2.642403890880146e-05
2023-11-29,09:36:34,4.9602,23.88,25.0,3294,14912006.0,2.642403890880146e-05
2023-11-29,09:36:34,4.9639,23.88,25.0,3296,14912006.0,2.633964726091078e-05
2023-11-29,09:36:34,4.9676,23.88,25.0,3295,14912007.0,2.638180934027105e-05
2023-11-29,09:36:34,4.9712,23.88,25.0,3293,14912006.0,2.64663360745325e-05
2023-11-29,09:36:34,4.9749,23.88,25.0,3293,14912007.0,2.64663360745325e-05
2023-11-29,09:36:34,4.9786,23.88,25.0,3293,14912007.0,2.64663360745325e-05
2023-11-29,09:36:34,4.9823,23.88,25.0,3293,14912007.0,2.64663360745325e-05
2023-11-29,09:36:34,4.986,23.88,25.0,3292,14912006.0,2.650870094566748e-05
2023-11-29,09:36:34,4.9896,23.88,25.0,3293,14912005.0,2.64663360745325e-05
2023-11-29,09:36:34,4.9933,23.88,25.0,3292,14912005.0,2.650870094566748e-05
2023-11-29,09:36:34,4.997,23.88,25.0,3292,14912006.0,2.650870094566748e-05
2023-11-29,09:36:34,5.0007,23.88,25.0,3294,14912006.0,2.642403890880146e-05
2023-11-29,09:36:34,5.0045,23.88,25.0,3293,14912007.0,2.64663360745325e-05
2023-11-29,09:36:34,5.0082,23.88,25.0,3293,14912007.0,2.64663360745325e-05
2023-11-29,09:36:34,5.0119,23.88,25.0,3294,14912007.0,2.642403890880146e-05
2023-11-29,09:36:34,5.0156,23.88,25.0,3294,14912007.0,2.642403890880146e-05
2023-11-29,09:36:34,5.0193,23.94,25.0,3293,14912006.0,2.64663360745325e-05
2023-11-29,09:36:34,5.023,23.94,25.0,3292,14912006.0,2.650870094566748e-05
2023-11-29,09:36:34,5.0267,23.94,25.0,3292,14912006.0,2.650870094566748e-05
2023-11-29,09:36:34,5.0303,23.94,25.0,3291,14912006.0,2.655113363058303e-05
2023-11-29,09:36:34,5.0339,23.94,25.0,3290,14912006.0,2.659363423782914e-05
2023-11-29,09:36:34,5.0376,23.94,25.0,3291,14912007.0,2.655113363058303e-05
2023-11-29,09:36:34,5.0413,23.94,25.0,3293,14912006.0,2.64663360745325e-05
2023-11-29,09:36:34,5.045,23.94,25.0,3294,14912006.0,2.642403890880146e-05
2023-11-29,09:36:34,5.0487,23.94,25.0,3294,14912006.0,2.642403890880146e-05
2023-11-29,09:36:34,5.0525,23.94,25.0,3294,14912006.0,2.642403890880146e-05
2023-11-29,09:36:34,5.0562,23.94,25.0,3293,14912006.0,2.64663360745325e-05
2023-11-29,09:36:34,5.0599,23.94,25.0,3294,14912006.0,2.642403890880146e-05
2023-11-29,09:36:34,5.0636,23.94,25.0,3294,14912006.0,2.642403890880146e-05
2023-11-29,09:36:34,5.0672,23.94,25.0,3294,14912006.0,2.642403890880146e-05
2023-11-29,09:36:34,5.0709,23.94,25.0,3294,14912007.0,2.642403890880146e-05
2023-11-29,09:36:34,5.0746,23.94,25.0,3292,14912006.0,2.650870094566748e-05
2023-11-29,09:36:34,5.0782,23.94,25.0,3293,14912007.0,2.64663360745325e-05
2023-11-29,09:36:34,5.0819,23.94,25.0,3293,14912007.0,2.64663360745325e-05
2023-11-29,09:36:34,5.0856,23.94,25.0,3293,14912006.0,2.64663360745325e-05
2023-11-29,09:36:34,5.0893,23.94,25.0,3294,14912006.0,2.642403890880146e-05
2023-11-29,09:36:34,5.093,23.94,25.0,3294,14912006.0,2.642403890880146e-05
2023-11-29,09:36:34,5.0967,23.94,25.0,3294,14912006.0,2.642403890880146e-05
2023-11-29,09:36:34,5.1003,23.94,25.0,3293,14912006.0,2.64663360745325e-05
2023-11-29,09:36:34,5.104,23.94,25.0,3292,14912006.0,2.650870094566748e-05
2023-11-29,09:36:34,5.1079,23.94,25.0,3292,14912006.0,2.650870094566748e-05
2023-11-29,09:36:34,5.1115,23.94,25.0,3292,14912006.0,2.650870094566748e-05
2023-11-29,09:36:34,5.1152,23.94,25.0,3292,14912006.0,2.650870094566748e-05
2023-11-29,09:36:34,5.1189,23.94,25.0,3294,14912010.0,2.642403890880146e-05
2023-11-29,09:36:34,5.1225,23.94,25.0,3294,14912011.0,2.642403890880146e-05
2023-11-29,09:36:34,5.1262,23.94,25.0,3292,14912006.0,2.650870094566748e-05
2023-11-29,09:36:34,5.1299,23.94,25.0,3293,14912006.0,2.64663360745325e-05
2023-11-29,09:36:34,5.1336,23.94,25.0,3292,14912006.0,2.650870094566748e-05
2023-11-29,09:36:34,5.1373,23.94,25.0,3292,14912006.0,2.650870094566748e-05
2023-11-29,09:36:34,5.141,23.94,25.0,3294,14912007.0,2.642403890880146e-05
2023-11-29,09:36:34,5.1447,23.94,25.0,3293,14912007.0,2.64663360745325e-05
2023-11-29,09:36:34,5.1485,23.94,25.0,3294,14912008.0,2.642403890880146e-05
2023-11-29,09:36:34,5.152,23.94,25.0,3295,14912007.0,2.638180934027105e-05
2023-11-29,09:36:34,5.1556,23.94,25.0,3293,14912006.0,2.64663360745325e-05
2023-11-29,09:36:34,5.1593,23.94,25.0,3292,14912007.0,2.650870094566748e-05
2023-11-29,09:36:34,5.163,23.94,25.0,3291,14912005.0,2.655113363058303e-05
2023-11-29,09:36:34,5.1668,23.94,25.0,3291,14912005.0,2.655113363058303e-05
2023-11-29,09:36:34,5.1705,23.94,25.0,3293,14912006.0,2.64663360745325e-05
2023-11-29,09:36:34,5.1742,23.94,25.0,3293,14912007.0,2.64663360745325e-05
2023-11-29,09:36:34,5.1779,23.94,25.0,3292,14912007.0,2.650870094566748e-05
2023-11-29,09:36:34,5.1815,23.94,25.0,3292,14912006.0,2.650870094566748e-05
2023-11-29,09:36:34,5.1852,23.94,25.0,3293,14912006.0,2.64663360745325e-05
2023-11-29,09:36:34,5.189,23.94,25.0,3294,14912007.0,2.642403890880146e-05
2023-11-29,09:36:35,5.1926,23.94,25.0,3294,14912007.0,2.642403890880146e-05
2023-11-29,09:36:35,5.1962,23.94,25.0,3293,14912007.0,2.64663360745325e-05
2023-11-29,09:36:35,5.1999,23.94,25.0,3292,14912007.0,2.650870094566748e-05
2023-11-29,09:36:35,5.2036,23.94,25.0,3292,14912007.0,2.650870094566748e-05
2023-11-29,09:36:35,5.2073,23.94,25.0,3291,14912007.0,2.655113363058303e-05
2023-11-29,09:36:35,5.211,23.94,25.0,3291,14912006.0,2.655113363058303e-05
2023-11-29,09:36:35,5.2148,23.94,25.0,3292,14912006.0,2.650870094566748e-05
2023-11-29,09:36:35,5.2185,23.94,25.0,3293,14912006.0,2.64663360745325e-05
2023-11-29,09:36:35,5.2222,23.94,25.0,3291,14912005.0,2.655113363058303e-05
2023-11-29,09:36:35,5.2259,23.94,25.0,3290,14912005.0,2.659363423782914e-05
2023-11-29,09:36:35,5.2295,23.94,25.0,3291,14912006.0,2.655113363058303e-05
2023-11-29,09:36:35,5.2332,23.94,25.0,3291,14912006.0,2.655113363058303e-05
2023-11-29,09:36:35,5.2369,23.94,25.0,3293,14912006.0,2.64663360745325e-05
2023-11-29,09:36:35,5.2406,23.94,25.0,3293,14912007.0,2.64663360745325e-05
2023-11-29,09:36:35,5.2443,23.94,25.0,3293,14912007.0,2.64663360745325e-05
2023-11-29,09:36:35,5.248,23.94,25.0,3293,14912007.0,2.64663360745325e-05
2023-11-29,09:36:35,5.2518,23.94,25.0,3293,14912007.0,2.64663360745325e-05
2023-11-29,09:36:35,5.2555,23.94,25.0,3294,14912006.0,2.642403890880146e-05
2023-11-29,09:36:35,5.2592,23.94,25.0,3292,14912005.0,2.650870094566748e-05
2023-11-29,09:36:35,5.2628,23.94,25.0,3292,14912005.0,2.650870094566748e-05
2023-11-29,09:36:35,5.2665,23.94,25.0,3293,14912006.0,2.64663360745325e-05
2023-11-29,09:36:35,5.2702,23.94,25.0,3292,14912007.0,2.650870094566748e-05
2023-11-29,09:36:35,5.2739,23.94,25.0,3293,14912008.0,2.64663360745325e-05
2023-11-29,09:36:35,5.2776,23.94,25.0,3293,14912007.0,2.64663360745325e-05
2023-11-29,09:36:35,5.2812,23.94,25.0,3292,14912006.0,2.650870094566748e-05
2023-11-29,09:36:35,5.2848,23.94,25.0,3292,14912006.0,2.650870094566748e-05
2023-11-29,09:36:35,5.2885,23.94,25.0,3291,14912007.0,2.655113363058303e-05
2023-11-29,09:36:35,5.2922,23.94,25.0,3291,14912006.0,2.655113363058303e-05
2023-11-29,09:36:35,5.2959,23.94,25.0,3293,14912007.0,2.64663360745325e-05
2023-11-29,09:36:35,5.2996,23.94,25.0,3293,14912007.0,2.64663360745325e-05
2023-11-29,09:36:35,5.3033,23.94,25.0,3293,14912006.0,2.64663360745325e-05
2023-11-29,09:36:35,5.307,23.94,25.0,3293,14912006.0,2.64663360745325e-05
2023-11-29,09:36:35,5.3108,23.94,25.0,3292,14912008.0,2.650870094566748e-05
2023-11-29,09:36:35,5.3145,23.94,25.0,3292,14912008.0,2.650870094566748e-05
2023-11-29,09:36:35,5.3181,23.94,25.0,3293,14912009.0,2.64663360745325e-05
2023-11-29,09:36:35,5.3218,23.94,25.0,3295,14912008.0,2.638180934027105e-05
2023-11-29,09:36:35,5.3255,23.94,25.0,3295,14912007.0,2.638180934027105e-05
2023-11-29,09:36:35,5.3291,23.94,25.0,3294,14912007.0,2.642403890880146e-05
2023-11-29,09:36:35,5.3328,23.94,25.0,3294,14912007.0,2.642403890880146e-05
2023-11-29,09:36:35,5.3366,23.94,25.0,3293,14912008.0,2.64663360745325e-05
2023-11-29,09:36:35,5.3403,23.94,25.0,3293,14912007.0,2.64663360745325e-05
2023-11-29,09:36:35,5.3439,23.94,25.0,3293,14912008.0,2.64663360745325e-05
2023-11-29,09:36:35,5.3476,23.94,25.0,3291,14912007.0,2.655113363058303e-05
2023-11-29,09:36:35,5.3515,23.94,25.0,3291,14912006.0,2.655113363058303e-05
2023-11-29,09:36:35,5.3552,23.94,25.0,3292,14912006.0,2.650870094566748e-05
2023-11-29,09:36:35,5.3588,23.94,25.0,3292,14912006.0,2.650870094566748e-05
2023-11-29,09:36:35,5.3625,23.94,25.0,3293,14912007.0,2.64663360745325e-05
2023-11-29,09:36:35,5.3662,23.94,25.0,3294,14912007.0,2.642403890880146e-05
2023-11-29,09:36:35,5.3698,23.94,25.0,3294,14912007.0,2.642403890880146e-05
2023-11-29,09:36:35,5.3735,23.94,25.0,3293,14912007.0,2.64663360745325e-05
2023-11-29,09:36:35,5.3773,23.94,25.0,3292,14912006.0,2.650870094566748e-05
2023-11-29,09:36:35,5.381,23.94,25.0,3293,14912006.0,2.64663360745325e-05
2023-11-29,09:36:35,5.3846,23.94,25.0,3294,14912006.0,2.642403890880146e-05
2023-11-29,09:36:35,5.3882,23.94,25.0,3294,14912007.0,2.642403890880146e-05
2023-11-29,09:36:35,5.3919,23.94,25.0,3295,14912007.0,2.638180934027105e-05
2023-11-29,09:36:35,5.3958,23.94,25.0,3294,14912007.0,2.642403890880146e-05
2023-11-29,09:36:35,5.3995,23.94,25.0,3293,14912007.0,2.64663360745325e-05
2023-11-29,09:36:35,5.403,23.94,25.0,3292,14912008.0,2.650870094566748e-05
2023-11-29,09:36:35,5.4068,23.94,25.0,3291,14912009.0,2.655113363058303e-05
2023-11-29,09:36:35,5.4105,23.94,25.0,3293,14912007.0,2.64663360745325e-05
2023-11-29,09:36:35,5.4142,23.94,25.0,3293,14912006.0,2.64663360745325e-05
2023-11-29,09:36:35,5.4179,23.94,25.0,3292,14912007.0,2.650870094566748e-05
2023-11-29,09:36:35,5.4216,23.94,25.0,3294,14912008.0,2.642403890880146e-05
2023-11-29,09:36:35,5.4252,23.94,25.0,3294,14912008.0,2.642403890880146e-05
2023-11-29,09:36:35,5.4288,23.94,25.0,3293,14912008.0,2.64663360745325e-05
2023-11-29,09:36:35,5.4325,23.94,25.0,3293,14912008.0,2.64663360745325e-05
2023-11-29,09:36:35,5.4362,23.94,25.0,3292,14912007.0,2.650870094566748e-05
2023-11-29,09:36:35,5.44,23.94,25.0,3293,14912007.0,2.64663360745325e-05
2023-11-29,09:36:35,5.4438,23.94,25.0,3295,14912007.0,2.638180934027105e-05
2023-11-29,09:36:35,5.4473,23.94,25.0,3294,14912008.0,2.642403890880146e-05
2023-11-29,09:36:35,5.451,23.94,25.0,3293,14912006.0,2.64663360745325e-05
2023-11-29,09:36:35,5.4548,23.94,25.0,3293,14912006.0,2.64663360745325e-05
2023-11-29,09:36:35,5.4585,23.94,25.0,3291,14912006.0,2.655113363058303e-05
2023-11-29,09:36:35,5.4622,23.94,25.0,3291,14912007.0,2.655113363058303e-05
2023-11-29,09:36:35,5.4658,23.94,25.0,3291,14912007.0,2.655113363058303e-05
2023-11-29,09:36:35,5.4695,23.94,25.0,3291,14912006.0,2.655113363058303e-05
2023-11-29,09:36:35,5.4732,23.94,25.0,3292,14912006.0,2.650870094566748e-05
2023-11-29,09:36:35,5.4769,23.94,25.0,3292,14912006.0,2.650870094566748e-05
2023-11-29,09:36:35,5.4806,23.94,25.0,3292,14912006.0,2.650870094566748e-05
2023-11-29,09:36:35,5.4843,23.94,25.0,3292,14912006.0,2.650870094566748e-05
2023-11-29,09:36:35,5.488,23.94,25.0,3292,14912006.0,2.650870094566748e-05
2023-11-29,09:36:35,5.4916,23.94,25.0,3292,14912006.0,2.650870094566748e-05
2023-11-29,09:36:35,5.4953,23.94,25.0,3294,14912007.0,2.642403890880146e-05
2023-11-29,09:36:35,5.499,23.94,25.0,3294,14912007.0,2.642403890880146e-05
2023-11-29,09:36:35,5.5028,23.94,25.0,3292,14912006.0,2.650870094566748e-05
2023-11-29,09:36:35,5.5065,23.94,25.0,3292,14912006.0,2.650870094566748e-05
2023-11-29,09:36:35,5.5102,23.94,25.0,3294,14912007.0,2.642403890880146e-05
2023-11-29,09:36:35,5.5139,23.94,25.0,3294,14912006.0,2.642403890880146e-05
2023-11-29,09:36:35,5.5175,23.94,25.0,3293,14912007.0,2.64663360745325e-05
2023-11-29,09:36:35,5.5212,23.94,25.0,3294,14912005.0,2.642403890880146e-05
2023-11-29,09:36:35,5.5249,23.94,25.0,3293,14912005.0,2.64663360745325e-05
2023-11-29,09:36:35,5.5286,23.94,25.0,3292,14912006.0,2.650870094566748e-05
2023-11-29,09:36:35,5.5323,23.94,25.0,3292,14912006.0,2.650870094566748e-05
2023-11-29,09:36:35,5.5359,23.94,25.0,3292,14912007.0,2.650870094566748e-05
2023-11-29,09:36:35,5.5396,23.94,25.0,3291,14912007.0,2.655113363058303e-05
2023-11-29,09:36:35,5.5433,23.94,25.0,3291,14912007.0,2.655113363058303e-05
2023-11-29,09:36:35,5.547,23.94,25.0,3293,14912007.0,2.64663360745325e-05
2023-11-29,09:36:35,5.5508,23.94,25.0,3293,14912007.0,2.64663360745325e-05
2023-11-29,09:36:35,5.5545,23.94,25.0,3293,14912008.0,2.64663360745325e-05
2023-11-29,09:36:35,5.5582,23.94,25.0,3293,14912007.0,2.64663360745325e-05
2023-11-29,09:36:35,5.5618,23.94,25.0,3293,14912007.0,2.64663360745325e-05
2023-11-29,09:36:35,5.5655,23.94,25.0,3293,14912007.0,2.64663360745325e-05
2023-11-29,09:36:35,5.5693,23.94,25.0,3293,14912007.0,2.64663360745325e-05
2023-11-29,09:36:35,5.573,23.94,25.0,3293,14912007.0,2.64663360745325e-05
2023-11-29,09:36:35,5.5766,23.94,25.0,3295,14912008.0,2.638180934027105e-05
2023-11-29,09:36:35,5.5802,23.94,25.0,3295,14912008.0,2.638180934027105e-05
2023-11-29,09:36:35,5.5839,23.94,25.0,3293,14912007.0,2.64663360745325e-05
2023-11-29,09:36:35,5.5876,23.94,25.0,3293,14912007.0,2.64663360745325e-05
2023-11-29,09:36:35,5.5913,23.94,25.0,3292,14912006.0,2.650870094566748e-05
2023-11-29,09:36:35,5.595,23.94,25.0,3293,14912006.0,2.64663360745325e-05
2023-11-29,09:36:35,5.5986,23.94,25.0,3293,14912006.0,2.64663360745325e-05
2023-11-29,09:36:35,5.6023,23.94,25.0,3292,14912006.0,2.650870094566748e-05
2023-11-29,09:36:35,5.6061,23.94,25.0,3292,14912006.0,2.650870094566748e-05
2023-11-29,09:36:35,5.6096,23.94,25.0,3292,14912006.0,2.650870094566748e-05
2023-11-29,09:36:35,5.6135,23.94,25.0,3293,14912007.0,2.64663360745325e-05
2023-11-29,09:36:35,5.6173,23.94,25.0,3294,14912007.0,2.642403890880146e-05
2023-11-29,09:36:35,5.6209,23.94,25.0,3295,14912008.0,2.638180934027105e-05
2023-11-29,09:36:35,5.6245,23.94,25.0,3295,14912007.0,2.638180934027105e-05
2023-11-29,09:36:35,5.6282,23.94,25.0,3293,14912005.0,2.64663360745325e-05
2023-11-29,09:36:35,5.6319,23.94,25.0,3293,14912005.0,2.64663360745325e-05
2023-11-29,09:36:35,5.6356,23.94,25.0,3293,14912006.0,2.64663360745325e-05
2023-11-29,09:36:35,5.6393,23.94,25.0,3293,14912006.0,2.64663360745325e-05
2023-11-29,09:36:35,5.643,23.94,25.0,3294,14912006.0,2.642403890880146e-05
2023-11-29,09:36:35,5.6468,23.94,25.0,3293,14912007.0,2.64663360745325e-05
2023-11-29,09:36:35,5.6505,23.94,25.0,3293,14912007.0,2.64663360745325e-05
2023-11-29,09:36:35,5.6542,23.94,25.0,3293,14912006.0,2.64663360745325e-05
2023-11-29,09:36:35,5.6578,23.94,25.0,3292,14912007.0,2.650870094566748e-05
2023-11-29,09:36:35,5.6615,23.94,25.0,3292,14912007.0,2.650870094566748e-05
2023-11-29,09:36:35,5.6652,23.94,25.0,3293,14912007.0,2.64663360745325e-05
2023-11-29,09:36:35,5.6688,23.94,25.0,3293,14912006.0,2.64663360745325e-05
2023-11-29,09:36:35,5.6725,23.94,25.0,3292,14912006.0,2.650870094566748e-05
2023-11-29,09:36:35,5.6762,23.94,25.0,3292,14912007.0,2.650870094566748e-05
2023-11-29,09:36:35,5.6799,23.94,25.0,3293,14912007.0,2.64663360745325e-05
2023-11-29,09:36:35,5.6836,23.94,25.0,3294,14912007.0,2.642403890880146e-05
2023-11-29,09:36:35,5.6873,23.94,25.0,3294,14912008.0,2.642403890880146e-05
2023-11-29,09:36:35,5.691,23.94,25.0,3293,14912008.0,2.64663360745325e-05
2023-11-29,09:36:35,5.6946,23.94,25.0,3292,14912007.0,2.650870094566748e-05
2023-11-29,09:36:35,5.6983,23.94,25.0,3293,14912007.0,2.64663360745325e-05
2023-11-29,09:36:35,5.7022,23.94,25.0,3294,14912007.0,2.642403890880146e-05
2023-11-29,09:36:35,5.7059,23.94,25.0,3294,14912007.0,2.642403890880146e-05
2023-11-29,09:36:35,5.7095,23.94,25.0,3294,14912007.0,2.642403890880146e-05
2023-11-29,09:36:35,5.7132,23.94,25.0,3293,14912007.0,2.64663360745325e-05
2023-11-29,09:36:35,5.7169,23.94,25.0,3293,14912006.0,2.64663360745325e-05
2023-11-29,09:36:35,5.7205,23.94,25.0,3294,14912006.0,2.642403890880146e-05
2023-11-29,09:36:35,5.7242,23.94,25.0,3294,14912007.0,2.642403890880146e-05
2023-11-29,09:36:35,5.7279,23.94,25.0,3294,14912007.0,2.642403890880146e-05
2023-11-29,09:36:35,5.7316,23.94,25.0,3293,14912006.0,2.64663360745325e-05
2023-11-29,09:36:35,5.7353,23.94,25.0,3292,14912006.0,2.650870094566748e-05
2023-11-29,09:36:35,5.739,23.94,25.0,3292,14912006.0,2.650870094566748e-05
2023-11-29,09:36:35,5.7428,23.94,25.0,3292,14912007.0,2.650870094566748e-05
2023-11-29,09:36:35,5.7465,23.94,25.0,3293,14912007.0,2.64663360745325e-05
2023-11-29,09:36:35,5.7502,23.94,25.0,3294,14912007.0,2.642403890880146e-05
2023-11-29,09:36:35,5.7539,23.94,25.0,3295,14912007.0,2.638180934027105e-05
2023-11-29,09:36:35,5.7575,23.94,25.0,3293,14912008.0,2.64663360745325e-05
2023-11-29,09:36:35,5.7611,23.94,25.0,3292,14912007.0,2.650870094566748e-05
2023-11-29,09:36:35,5.7649,23.94,25.0,3293,14912007.0,2.64663360745325e-05
2023-11-29,09:36:35,5.7686,23.94,25.0,3293,14912007.0,2.64663360745325e-05
2023-11-29,09:36:35,5.7722,23.94,25.0,3294,14912006.0,2.642403890880146e-05
2023-11-29,09:36:35,5.7759,23.94,25.0,3294,14912006.0,2.642403890880146e-05
2023-11-29,09:36:35,5.7796,23.94,25.0,3293,14912006.0,2.64663360745325e-05
2023-11-29,09:36:35,5.7833,23.94,25.0,3293,14912006.0,2.64663360745325e-05
2023-11-29,09:36:35,5.787,23.94,25.0,3293,14912007.0,2.64663360745325e-05
2023-11-29,09:36:35,5.7908,23.94,25.0,3293,14912006.0,2.64663360745325e-05
2023-11-29,09:36:35,5.7945,23.94,25.0,3293,14912006.0,2.64663360745325e-05
2023-11-29,09:36:35,5.7982,23.94,25.0,3293,14912006.0,2.64663360745325e-05
2023-11-29,09:36:35,5.8019,23.94,25.0,3294,14912006.0,2.642403890880146e-05
2023-11-29,09:36:35,5.8055,23.94,25.0,3294,14912006.0,2.642403890880146e-05
2023-11-29,09:36:35,5.8092,23.94,25.0,3293,14912007.0,2.64663360745325e-05
2023-11-29,09:36:35,5.8129,23.94,25.0,3293,14912007.0,2.64663360745325e-05
2023-11-29,09:36:35,5.8166,23.94,25.0,3294,14912006.0,2.642403890880146e-05
2023-11-29,09:36:35,5.8203,23.94,25.0,3293,14912006.0,2.64663360745325e-05
2023-11-29,09:36:35,5.8239,23.94,25.0,3291,14912006.0,2.655113363058303e-05
2023-11-29,09:36:35,5.8276,23.94,25.0,3291,14912006.0,2.655113363058303e-05
2023-11-29,09:36:35,5.8313,23.94,25.0,3292,14912006.0,2.650870094566748e-05
2023-11-29,09:36:35,5.835,23.94,25.0,3293,14912007.0,2.64663360745325e-05
2023-11-29,09:36:35,5.8388,23.94,25.0,3294,14912007.0,2.642403890880146e-05
2023-11-29,09:36:35,5.8423,23.94,25.0,3293,14912006.0,2.64663360745325e-05
2023-11-29,09:36:35,5.8461,23.94,25.0,3292,14912006.0,2.650870094566748e-05
2023-11-29,09:36:35,5.8499,23.94,25.0,3292,14912006.0,2.650870094566748e-05
2023-11-29,09:36:35,5.8535,23.94,25.0,3292,14912007.0,2.650870094566748e-05
2023-11-29,09:36:35,5.8571,23.94,25.0,3292,14912007.0,2.650870094566748e-05
2023-11-29,09:36:35,5.8609,23.94,25.0,3293,14912006.0,2.64663360745325e-05
2023-11-29,09:36:35,5.8646,23.94,25.0,3294,14912006.0,2.642403890880146e-05
2023-11-29,09:36:35,5.8682,23.94,25.0,3294,14912006.0,2.642403890880146e-05
2023-11-29,09:36:35,5.8719,23.94,25.0,3294,14912006.0,2.642403890880146e-05
2023-11-29,09:36:35,5.8758,23.94,25.0,3293,14912007.0,2.64663360745325e-05
2023-11-29,09:36:35,5.8795,23.94,25.0,3292,14912007.0,2.650870094566748e-05
2023-11-29,09:36:35,5.883,23.94,25.0,3293,14912006.0,2.64663360745325e-05
2023-11-29,09:36:35,5.8868,23.94,25.0,3292,14912006.0,2.650870094566748e-05
2023-11-29,09:36:35,5.8905,23.94,25.0,3291,14912006.0,2.655113363058303e-05
2023-11-29,09:36:35,5.8942,23.94,25.0,3292,14912006.0,2.650870094566748e-05
2023-11-29,09:36:35,5.8979,23.94,25.0,3293,14912006.0,2.64663360745325e-05
2023-11-29,09:36:35,5.9015,23.94,25.0,3294,14912005.0,2.642403890880146e-05
2023-11-29,09:36:35,5.9052,23.94,25.0,3293,14912007.0,2.64663360745325e-05
2023-11-29,09:36:35,5.9089,23.94,25.0,3294,14912007.0,2.642403890880146e-05
2023-11-29,09:36:35,5.9125,23.94,25.0,3295,14912006.0,2.638180934027105e-05
2023-11-29,09:36:35,5.9162,23.94,25.0,3294,14912006.0,2.642403890880146e-05
2023-11-29,09:36:35,5.9199,23.94,25.0,3293,14912006.0,2.64663360745325e-05
2023-11-29,09:36:35,5.9236,23.94,25.0,3292,14912007.0,2.650870094566748e-05
2023-11-29,09:36:35,5.9273,23.94,25.0,3293,14912007.0,2.64663360745325e-05
2023-11-29,09:36:35,5.931,23.94,25.0,3293,14912006.0,2.64663360745325e-05
2023-11-29,09:36:35,5.9348,23.94,25.0,3292,14912007.0,2.650870094566748e-05
2023-11-29,09:36:35,5.9385,23.94,25.0,3292,14912007.0,2.650870094566748e-05
2023-11-29,09:36:35,5.9422,23.94,25.0,3292,14912007.0,2.650870094566748e-05
2023-11-29,09:36:35,5.9458,23.94,25.0,3292,14912007.0,2.650870094566748e-05
2023-11-29,09:36:35,5.9495,23.94,25.0,3292,14912006.0,2.650870094566748e-05
2023-11-29,09:36:35,5.9533,23.94,25.0,3292,14912006.0,2.650870094566748e-05
2023-11-29,09:36:35,5.957,23.94,25.0,3292,14912006.0,2.650870094566748e-05
2023-11-29,09:36:35,5.9607,23.94,25.0,3292,14912006.0,2.650870094566748e-05
2023-11-29,09:36:35,5.9645,23.94,25.0,3292,14912005.0,2.650870094566748e-05
2023-11-29,09:36:35,5.968,23.94,25.0,3293,14912007.0,2.64663360745325e-05
2023-11-29,09:36:35,5.9716,23.94,25.0,3293,14912007.0,2.64663360745325e-05
2023-11-29,09:36:35,5.9753,23.94,25.0,3292,14912007.0,2.650870094566748e-05
2023-11-29,09:36:35,5.9792,23.94,25.0,3293,14912007.0,2.64663360745325e-05
2023-11-29,09:36:35,5.9829,23.94,25.0,3292,14912006.0,2.650870094566748e-05
2023-11-29,09:36:35,5.9865,23.94,25.0,3292,14912005.0,2.650870094566748e-05
2023-11-29,09:36:35,5.9902,23.94,25.0,3293,14912005.0,2.64663360745325e-05
2023-11-29,09:36:35,5.9939,23.94,25.0,3292,14912007.0,2.650870094566748e-05
2023-11-29,09:36:35,5.9976,23.94,25.0,3292,14912007.0,2.650870094566748e-05
2023-11-29,09:36:35,6.0013,23.94,25.0,3292,14912007.0,2.650870094566748e-05
2023-11-29,09:36:35,6.005,23.94,25.0,3292,14912006.0,2.650870094566748e-05
2023-11-29,09:36:35,6.0086,23.94,25.0,3292,14912006.0,2.650870094566748e-05
2023-11-29,09:36:35,6.0122,23.94,25.0,3293,14912008.0,2.64663360745325e-05
2023-11-29,09:36:35,6.016,23.94,25.0,3293,14912007.0,2.64663360745325e-05
2023-11-29,09:36:35,6.0198,23.94,25.0,3293,14912007.0,2.64663360745325e-05
2023-11-29,09:36:35,6.0233,23.94,25.0,3294,14912007.0,2.642403890880146e-05
2023-11-29,09:36:35,6.027,23.94,25.0,3294,14912006.0,2.642403890880146e-05
2023-11-29,09:36:35,6.0308,23.94,25.0,3294,14912007.0,2.642403890880146e-05
2023-11-29,09:36:35,6.0345,23.94,25.0,3294,14912007.0,2.642403890880146e-05
2023-11-29,09:36:35,6.0382,23.94,25.0,3293,14912007.0,2.64663360745325e-05
2023-11-29,09:36:35,6.0419,23.94,25.0,3293,14912007.0,2.64663360745325e-05
2023-11-29,09:36:35,6.0456,23.94,25.0,3294,14912006.0,2.642403890880146e-05
2023-11-29,09:36:35,6.0493,23.94,25.0,3294,14912006.0,2.642403890880146e-05
2023-11-29,09:36:35,6.053,23.94,25.0,3294,14912007.0,2.642403890880146e-05
2023-11-29,09:36:35,6.0566,23.94,25.0,3294,14912006.0,2.642403890880146e-05
2023-11-29,09:36:35,6.0602,23.94,25.0,3293,14912006.0,2.64663360745325e-05
2023-11-29,09:36:35,6.0639,23.94,25.0,3292,14912006.0,2.650870094566748e-05
2023-11-29,09:36:35,6.0676,23.94,25.0,3293,14912007.0,2.64663360745325e-05
2023-11-29,09:36:35,6.0713,23.94,25.0,3293,14912006.0,2.64663360745325e-05
2023-11-29,09:36:35,6.075,23.94,25.0,3292,14912006.0,2.650870094566748e-05
2023-11-29,09:36:35,6.0788,23.94,25.0,3293,14912007.0,2.64663360745325e-05
2023-11-29,09:36:35,6.0825,23.94,25.0,3294,14912006.0,2.642403890880146e-05
2023-11-29,09:36:35,6.0862,23.94,25.0,3292,14912005.0,2.650870094566748e-05
2023-11-29,09:36:35,6.0899,23.94,25.0,3292,14912005.0,2.650870094566748e-05
2023-11-29,09:36:35,6.0936,23.94,25.0,3293,14912006.0,2.64663360745325e-05
2023-11-29,09:36:35,6.0973,23.94,25.0,3292,14912007.0,2.650870094566748e-05
2023-11-29,09:36:35,6.101,23.94,25.0,3291,14912006.0,2.655113363058303e-05
2023-11-29,09:36:35,6.1047,23.94,25.0,3292,14912005.0,2.650870094566748e-05
2023-11-29,09:36:35,6.1085,23.94,25.0,3293,14912005.0,2.64663360745325e-05
2023-11-29,09:36:35,6.1122,23.94,25.0,3293,14912006.0,2.64663360745325e-05
2023-11-29,09:36:35,6.1159,23.94,25.0,3293,14912007.0,2.64663360745325e-05
2023-11-29,09:36:35,6.1195,23.94,25.0,3292,14912006.0,2.650870094566748e-05
2023-11-29,09:36:35,6.123,23.94,25.0,3293,14912006.0,2.64663360745325e-05
2023-11-29,09:36:35,6.1269,23.94,25.0,3294,14912007.0,2.642403890880146e-05
2023-11-29,09:36:35,6.1306,23.94,25.0,3293,14912006.0,2.64663360745325e-05
2023-11-29,09:36:35,6.1342,23.94,25.0,3293,14912006.0,2.64663360745325e-05
2023-11-29,09:36:35,6.1379,23.94,25.0,3294,14912006.0,2.642403890880146e-05
2023-11-29,09:36:35,6.1416,23.94,25.0,3294,14912007.0,2.642403890880146e-05
2023-11-29,09:36:35,6.1453,23.94,25.0,3293,14912006.0,2.64663360745325e-05
2023-11-29,09:36:35,6.149,23.94,25.0,3291,14912006.0,2.655113363058303e-05
2023-11-29,09:36:35,6.1527,23.94,25.0,3291,14912006.0,2.655113363058303e-05
2023-11-29,09:36:35,6.1565,23.94,25.0,3292,14912007.0,2.650870094566748e-05
2023-11-29,09:36:35,6.1602,23.94,25.0,3291,14912007.0,2.655113363058303e-05
2023-11-29,09:36:35,6.1639,23.94,25.0,3291,14912007.0,2.655113363058303e-05
2023-11-29,09:36:35,6.1676,23.94,25.0,3293,14912007.0,2.64663360745325e-05
2023-11-29,09:36:35,6.1713,23.94,25.0,3294,14912007.0,2.642403890880146e-05
2023-11-29,09:36:35,6.175,23.94,25.0,3294,14912007.0,2.642403890880146e-05
2023-11-29,09:36:35,6.1787,23.94,25.0,3294,14912007.0,2.642403890880146e-05
2023-11-29,09:36:35,6.1823,23.94,25.0,3293,14912006.0,2.64663360745325e-05
2023-11-29,09:36:35,6.186,23.94,25.0,3292,14912006.0,2.650870094566748e-05
2023-11-29,09:36:35,6.1897,23.94,25.0,3294,14912008.0,2.642403890880146e-05
2023-11-29,09:36:35,6.1933,23.94,25.0,3294,14912008.0,2.642403890880146e-05
2023-11-29,09:36:36,6.197,23.94,25.0,3292,14912007.0,2.650870094566748e-05
2023-11-29,09:36:36,6.2007,23.94,25.0,3292,14912007.0,2.650870094566748e-05
2023-11-29,09:36:36,6.2045,23.94,25.0,3292,14912006.0,2.650870094566748e-05
2023-11-29,09:36:36,6.2082,23.94,25.0,3292,14912006.0,2.650870094566748e-05
2023-11-29,09:36:36,6.2119,23.94,25.0,3292,14912006.0,2.650870094566748e-05
2023-11-29,09:36:36,6.2156,23.94,25.0,3292,14912006.0,2.650870094566748e-05
2023-11-29,09:36:36,6.2193,23.94,25.0,3293,14912007.0,2.64663360745325e-05
2023-11-29,09:36:36,6.2229,23.94,25.0,3293,14912007.0,2.64663360745325e-05
2023-11-29,09:36:36,6.2266,23.94,25.0,3292,14912006.0,2.650870094566748e-05
2023-11-29,09:36:36,6.2304,23.94,25.0,3292,14912006.0,2.650870094566748e-05
2023-11-29,09:36:36,6.2342,23.94,25.0,3292,14912007.0,2.650870094566748e-05
2023-11-29,09:36:36,6.2379,23.94,25.0,3292,14912007.0,2.650870094566748e-05
2023-11-29,09:36:36,6.2414,23.94,25.0,3293,14912007.0,2.64663360745325e-05
2023-11-29,09:36:36,6.2452,23.94,25.0,3294,14912007.0,2.642403890880146e-05
2023-11-29,09:36:36,6.2489,23.94,25.0,3294,14912007.0,2.642403890880146e-05
2023-11-29,09:36:36,6.2525,23.94,25.0,3293,14912006.0,2.64663360745325e-05
2023-11-29,09:36:36,6.2562,23.94,25.0,3292,14912006.0,2.650870094566748e-05
2023-11-29,09:36:36,6.2599,23.94,25.0,3292,14912007.0,2.650870094566748e-05
2023-11-29,09:36:36,6.2636,23.94,25.0,3293,14912007.0,2.64663360745325e-05
2023-11-29,09:36:36,6.2673,23.94,25.0,3293,14912007.0,2.64663360745325e-05
2023-11-29,09:36:36,6.271,23.94,25.0,3293,14912007.0,2.64663360745325e-05
2023-11-29,09:36:36,6.2747,23.94,25.0,3294,14912007.0,2.642403890880146e-05
2023-11-29,09:36:36,6.2783,23.94,25.0,3292,14912007.0,2.650870094566748e-05
2023-11-29,09:36:36,6.282,23.94,25.0,3292,14912007.0,2.650870094566748e-05
2023-11-29,09:36:36,6.2857,23.94,25.0,3293,14912006.0,2.64663360745325e-05
2023-11-29,09:36:36,6.2894,23.94,25.0,3293,14912006.0,2.64663360745325e-05
2023-11-29,09:36:36,6.2932,23.94,25.0,3294,14912007.0,2.642403890880146e-05
2023-11-29,09:36:36,6.2967,23.94,25.0,3293,14912007.0,2.64663360745325e-05
2023-11-29,09:36:36,6.3005,23.94,25.0,3293,14912007.0,2.64663360745325e-05
2023-11-29,09:36:36,6.3042,23.94,25.0,3294,14912008.0,2.642403890880146e-05
2023-11-29,09:36:36,6.3079,23.94,25.0,3292,14912007.0,2.650870094566748e-05
2023-11-29,09:36:36,6.3116,23.94,25.0,3291,14912005.0,2.655113363058303e-05
2023-11-29,09:36:36,6.3153,23.94,25.0,3292,14912006.0,2.650870094566748e-05
2023-11-29,09:36:36,6.319,23.94,25.0,3292,14912007.0,2.650870094566748e-05
2023-11-29,09:36:36,6.3226,23.94,25.0,3291,14912006.0,2.655113363058303e-05
2023-11-29,09:36:36,6.3263,23.94,25.0,3293,14912005.0,2.64663360745325e-05
2023-11-29,09:36:36,6.33,23.94,25.0,3295,14912007.0,2.638180934027105e-05
2023-11-29,09:36:36,6.3336,23.94,25.0,3293,14912008.0,2.64663360745325e-05
2023-11-29,09:36:36,6.3373,23.94,25.0,3292,14912007.0,2.650870094566748e-05
2023-11-29,09:36:36,6.341,23.94,25.0,3292,14912007.0,2.650870094566748e-05
2023-11-29,09:36:36,6.3447,23.94,25.0,3294,14912008.0,2.642403890880146e-05
2023-11-29,09:36:36,6.3485,23.94,25.0,3294,14912007.0,2.642403890880146e-05
2023-11-29,09:36:36,6.3522,23.94,25.0,3292,14912007.0,2.650870094566748e-05
2023-11-29,09:36:36,6.3559,23.94,25.0,3292,14912007.0,2.650870094566748e-05
2023-11-29,09:36:36,6.3596,23.94,25.0,3292,14912008.0,2.650870094566748e-05
2023-11-29,09:36:36,6.3633,23.94,25.0,3292,14912008.0,2.650870094566748e-05
2023-11-29,09:36:36,6.367,23.94,25.0,3291,14912007.0,2.655113363058303e-05
2023-11-29,09:36:36,6.3707,23.94,25.0,3291,14912007.0,2.655113363058303e-05
2023-11-29,09:36:36,6.3744,23.94,25.0,3293,14912008.0,2.64663360745325e-05
2023-11-29,09:36:36,6.3782,23.94,25.0,3293,14912008.0,2.64663360745325e-05
2023-11-29,09:36:36,6.3819,23.94,25.0,3293,14912008.0,2.64663360745325e-05
2023-11-29,09:36:36,6.3854,23.94,25.0,3293,14912007.0,2.64663360745325e-05
2023-11-29,09:36:36,6.389,23.94,25.0,3291,14912006.0,2.655113363058303e-05
2023-11-29,09:36:36,6.3927,23.94,25.0,3291,14912007.0,2.655113363058303e-05
2023-11-29,09:36:36,6.3966,23.94,25.0,3292,14912008.0,2.650870094566748e-05
2023-11-29,09:36:36,6.4004,23.94,25.0,3293,14912007.0,2.64663360745325e-05
2023-11-29,09:36:36,6.404,23.94,25.0,3294,14912007.0,2.642403890880146e-05
2023-11-29,09:36:36,6.4076,23.94,25.0,3294,14912007.0,2.642403890880146e-05
2023-11-29,09:36:36,6.4113,23.94,25.0,3294,14912007.0,2.642403890880146e-05
2023-11-29,09:36:36,6.415,23.94,25.0,3293,14912008.0,2.64663360745325e-05
2023-11-29,09:36:36,6.4187,23.94,25.0,3294,14912008.0,2.642403890880146e-05
2023-11-29,09:36:36,6.4224,23.94,25.0,3294,14912008.0,2.642403890880146e-05
2023-11-29,09:36:36,6.4262,23.94,25.0,3293,14912008.0,2.64663360745325e-05
2023-11-29,09:36:36,6.4299,23.94,25.0,3293,14912008.0,2.64663360745325e-05
2023-11-29,09:36:36,6.4334,23.94,25.0,3292,14912007.0,2.650870094566748e-05
2023-11-29,09:36:36,6.437,23.94,25.0,3292,14912008.0,2.650870094566748e-05
2023-11-29,09:36:36,6.4407,23.94,25.0,3292,14912007.0,2.650870094566748e-05
2023-11-29,09:36:36,6.4446,23.94,25.0,3292,14912007.0,2.650870094566748e-05
2023-11-29,09:36:36,6.4483,23.94,25.0,3291,14912007.0,2.655113363058303e-05
2023-11-29,09:36:36,6.4519,23.94,25.0,3292,14912007.0,2.650870094566748e-05
2023-11-29,09:36:36,6.4556,23.94,25.0,3293,14912008.0,2.64663360745325e-05
2023-11-29,09:36:36,6.4593,23.94,25.0,3292,14912007.0,2.650870094566748e-05
2023-11-29,09:36:36,6.463,23.94,25.0,3293,14912007.0,2.64663360745325e-05
2023-11-29,09:36:36,6.4667,23.94,25.0,3293,14912007.0,2.64663360745325e-05
2023-11-29,09:36:36,6.4704,23.94,25.0,3292,14912007.0,2.650870094566748e-05
2023-11-29,09:36:36,6.4742,23.94,25.0,3293,14912006.0,2.64663360745325e-05
2023-11-29,09:36:36,6.4779,23.94,25.0,3293,14912006.0,2.64663360745325e-05
2023-11-29,09:36:36,6.4816,23.94,25.0,3293,14912006.0,2.64663360745325e-05
2023-11-29,09:36:36,6.4852,23.94,25.0,3294,14912007.0,2.642403890880146e-05
2023-11-29,09:36:36,6.4889,23.94,25.0,3293,14912007.0,2.64663360745325e-05
2023-11-29,09:36:36,6.4927,23.94,25.0,3295,14912008.0,2.638180934027105e-05
2023-11-29,09:36:36,6.4963,23.94,25.0,3296,14912008.0,2.633964726091078e-05
2023-11-29,09:36:36,6.4999,23.94,25.0,3294,14912007.0,2.642403890880146e-05
2023-11-29,09:36:36,6.5036,23.94,25.0,3294,14912006.0,2.642403890880146e-05
2023-11-29,09:36:36,6.5073,23.94,25.0,3294,14912006.0,2.642403890880146e-05
2023-11-29,09:36:36,6.511,23.94,25.0,3294,14912007.0,2.642403890880146e-05
2023-11-29,09:36:36,6.5146,23.94,25.0,3295,14912007.0,2.638180934027105e-05
2023-11-29,09:36:36,6.5183,23.94,25.0,3294,14912008.0,2.642403890880146e-05
2023-11-29,09:36:36,6.522,23.94,25.0,3293,14912007.0,2.64663360745325e-05
2023-11-29,09:36:36,6.5257,23.94,25.0,3293,14912004.0,2.64663360745325e-05
2023-11-29,09:36:36,6.5294,23.94,25.0,3292,14912003.0,2.650870094566748e-05
2023-11-29,09:36:36,6.533,23.94,25.0,3292,14912007.0,2.650870094566748e-05
2023-11-29,09:36:36,6.5367,23.94,25.0,3292,14912007.0,2.650870094566748e-05
2023-11-29,09:36:36,6.5405,23.94,25.0,3293,14912007.0,2.64663360745325e-05
2023-11-29,09:36:36,6.5442,23.94,25.0,3294,14912008.0,2.642403890880146e-05
2023-11-29,09:36:36,6.5479,23.94,25.0,3293,14912007.0,2.64663360745325e-05
2023-11-29,09:36:36,6.5516,23.94,25.0,3292,14912006.0,2.650870094566748e-05
2023-11-29,09:36:36,6.5553,23.94,25.0,3292,14912007.0,2.650870094566748e-05
2023-11-29,09:36:36,6.559,23.94,25.0,3293,14912008.0,2.64663360745325e-05
2023-11-29,09:36:36,6.5627,23.94,25.0,3293,14912007.0,2.64663360745325e-05
2023-11-29,09:36:36,6.5663,23.94,25.0,3292,14912006.0,2.650870094566748e-05
2023-11-29,09:36:36,6.57,23.94,25.0,3293,14912006.0,2.64663360745325e-05
2023-11-29,09:36:36,6.5737,23.94,25.0,3293,14912007.0,2.64663360745325e-05
2023-11-29,09:36:36,6.5773,23.94,25.0,3292,14912008.0,2.650870094566748e-05
2023-11-29,09:36:36,6.581,23.94,25.0,3294,14912007.0,2.642403890880146e-05
2023-11-29,09:36:36,6.5847,23.94,25.0,3294,14912008.0,2.642403890880146e-05
2023-11-29,09:36:36,6.5885,23.94,25.0,3292,14912007.0,2.650870094566748e-05
2023-11-29,09:36:36,6.5922,23.94,25.0,3293,14912007.0,2.64663360745325e-05
2023-11-29,09:36:36,6.5959,23.94,25.0,3293,14912007.0,2.64663360745325e-05
2023-11-29,09:36:36,6.5996,23.94,25.0,3292,14912007.0,2.650870094566748e-05
2023-11-29,09:36:36,6.6033,23.94,25.0,3293,14912007.0,2.64663360745325e-05
2023-11-29,09:36:36,6.607,23.94,25.0,3293,14912007.0,2.64663360745325e-05
2023-11-29,09:36:36,6.6107,23.94,25.0,3293,14912008.0,2.64663360745325e-05
2023-11-29,09:36:36,6.6144,23.94,25.0,3294,14912006.0,2.642403890880146e-05
2023-11-29,09:36:36,6.618,23.94,25.0,3294,14912007.0,2.642403890880146e-05
2023-11-29,09:36:36,6.6216,23.94,25.0,3293,14912008.0,2.64663360745325e-05
2023-11-29,09:36:36,6.6253,23.94,25.0,3291,14912007.0,2.655113363058303e-05
2023-11-29,09:36:36,6.629,23.94,25.0,3291,14912006.0,2.655113363058303e-05
2023-11-29,09:36:36,6.6327,23.94,25.0,3292,14912007.0,2.650870094566748e-05
2023-11-29,09:36:36,6.6365,23.94,25.0,3292,14912007.0,2.650870094566748e-05
2023-11-29,09:36:36,6.6402,23.94,25.0,3292,14912006.0,2.650870094566748e-05
2023-11-29,09:36:36,6.6439,23.94,25.0,3292,14912007.0,2.650870094566748e-05
2023-11-29,09:36:36,6.6476,23.94,25.0,3291,14912008.0,2.655113363058303e-05
2023-11-29,09:36:36,6.6513,23.94,25.0,3291,14912007.0,2.655113363058303e-05
2023-11-29,09:36:36,6.655,23.94,25.0,3293,14912007.0,2.64663360745325e-05
2023-11-29,09:36:36,6.6587,23.94,25.0,3294,14912006.0,2.642403890880146e-05
2023-11-29,09:36:36,6.6624,23.94,25.0,3294,14912006.0,2.642403890880146e-05
2023-11-29,09:36:36,6.6662,23.94,25.0,3295,14912005.0,2.638180934027105e-05
2023-11-29,09:36:36,6.6697,23.94,25.0,3296,14912007.0,2.633964726091078e-05
2023-11-29,09:36:36,6.6734,23.94,25.0,3294,14912008.0,2.642403890880146e-05
2023-11-29,09:36:36,6.6772,23.94,25.0,3293,14912008.0,2.64663360745325e-05
2023-11-29,09:36:36,6.6807,23.94,25.0,3293,14912008.0,2.64663360745325e-05
2023-11-29,09:36:36,6.6845,23.94,25.0,3291,14912007.0,2.655113363058303e-05
2023-11-29,09:36:36,6.6882,23.94,25.0,3291,14912007.0,2.655113363058303e-05
2023-11-29,09:36:36,6.6919,23.94,25.0,3293,14912007.0,2.64663360745325e-05
2023-11-29,09:36:36,6.6956,23.94,25.0,3294,14912006.0,2.642403890880146e-05
2023-11-29,09:36:36,6.6993,23.94,25.0,3294,14912006.0,2.642403890880146e-05
2023-11-29,09:36:36,6.7029,23.94,25.0,3294,14912007.0,2.642403890880146e-05
2023-11-29,09:36:36,6.7066,23.94,25.0,3294,14912008.0,2.642403890880146e-05
2023-11-29,09:36:36,6.7104,23.94,25.0,3293,14912008.0,2.64663360745325e-05
2023-11-29,09:36:36,6.7142,23.94,25.0,3293,14912007.0,2.64663360745325e-05
2023-11-29,09:36:36,6.7179,23.94,25.0,3294,14912006.0,2.642403890880146e-05
2023-11-29,09:36:36,6.7214,23.94,25.0,3295,14912007.0,2.638180934027105e-05
2023-11-29,09:36:36,6.725,23.94,25.0,3294,14912008.0,2.642403890880146e-05
2023-11-29,09:36:36,6.7287,23.94,25.0,3292,14912006.0,2.650870094566748e-05
2023-11-29,09:36:36,6.7326,23.94,25.0,3292,14912006.0,2.650870094566748e-05
2023-11-29,09:36:36,6.7363,23.94,25.0,3292,14912006.0,2.650870094566748e-05
2023-11-29,09:36:36,6.7399,23.94,25.0,3293,14912006.0,2.64663360745325e-05
2023-11-29,09:36:36,6.7436,23.94,25.0,3293,14912007.0,2.64663360745325e-05
2023-11-29,09:36:36,6.7473,23.94,25.0,3292,14912007.0,2.650870094566748e-05
2023-11-29,09:36:36,6.7509,23.94,25.0,3294,14912007.0,2.642403890880146e-05
2023-11-29,09:36:36,6.7546,23.94,25.0,3295,14912007.0,2.638180934027105e-05
2023-11-29,09:36:36,6.7584,23.94,25.0,3294,14912007.0,2.642403890880146e-05
2023-11-29,09:36:36,6.7622,23.94,25.0,3293,14912007.0,2.64663360745325e-05
2023-11-29,09:36:36,6.7657,23.94,25.0,3291,14912006.0,2.655113363058303e-05
2023-11-29,09:36:36,6.7693,23.94,25.0,3290,14912007.0,2.659363423782914e-05
2023-11-29,09:36:36,6.773,23.94,25.0,3292,14912008.0,2.650870094566748e-05
2023-11-29,09:36:36,6.7767,23.94,25.0,3293,14912008.0,2.64663360745325e-05
2023-11-29,09:36:36,6.7805,23.94,25.0,3293,14912008.0,2.64663360745325e-05
2023-11-29,09:36:36,6.7842,23.94,25.0,3294,14912008.0,2.642403890880146e-05
2023-11-29,09:36:36,6.7879,23.94,25.0,3293,14912007.0,2.64663360745325e-05
2023-11-29,09:36:36,6.7916,23.94,25.0,3292,14912007.0,2.650870094566748e-05
2023-11-29,09:36:36,6.7953,23.94,25.0,3292,14912007.0,2.650870094566748e-05
2023-11-29,09:36:36,6.799,23.94,25.0,3293,14912006.0,2.64663360745325e-05
2023-11-29,09:36:36,6.8026,23.94,25.0,3294,14912007.0,2.642403890880146e-05
2023-11-29,09:36:36,6.8063,23.94,25.0,3293,14912008.0,2.64663360745325e-05
2023-11-29,09:36:36,6.81,23.94,25.0,3293,14912008.0,2.64663360745325e-05
2023-11-29,09:36:36,6.8136,23.94,25.0,3294,14912008.0,2.642403890880146e-05
2023-11-29,09:36:36,6.8173,23.94,25.0,3293,14912008.0,2.64663360745325e-05
2023-11-29,09:36:36,6.821,23.94,25.0,3293,14912007.0,2.64663360745325e-05
2023-11-29,09:36:36,6.8247,23.94,25.0,3294,14912007.0,2.642403890880146e-05
2023-11-29,09:36:36,6.8285,23.94,25.0,3293,14912007.0,2.64663360745325e-05
2023-11-29,09:36:36,6.8322,23.94,25.0,3291,14912006.0,2.655113363058303e-05
2023-11-29,09:36:36,6.8359,23.94,25.0,3291,14912006.0,2.655113363058303e-05
2023-11-29,09:36:36,6.8395,23.94,25.0,3291,14912007.0,2.655113363058303e-05
2023-11-29,09:36:36,6.8432,23.94,25.0,3291,14912007.0,2.655113363058303e-05
2023-11-29,09:36:36,6.8469,23.94,25.0,3292,14912008.0,2.650870094566748e-05
2023-11-29,09:36:36,6.8505,23.94,25.0,3293,14912006.0,2.64663360745325e-05
2023-11-29,09:36:36,6.8542,23.94,25.0,3294,14912006.0,2.642403890880146e-05
2023-11-29,09:36:36,6.8579,23.94,25.0,3293,14912007.0,2.64663360745325e-05
2023-11-29,09:36:36,6.8616,23.94,25.0,3293,14912007.0,2.64663360745325e-05
2023-11-29,09:36:36,6.8653,23.94,25.0,3293,14912008.0,2.64663360745325e-05
2023-11-29,09:36:36,6.869,23.94,25.0,3293,14912008.0,2.64663360745325e-05
2023-11-29,09:36:36,6.8727,23.94,25.0,3293,14912007.0,2.64663360745325e-05
2023-11-29,09:36:36,6.8765,23.94,25.0,3293,14912007.0,2.64663360745325e-05
2023-11-29,09:36:36,6.8802,23.94,25.0,3293,14912008.0,2.64663360745325e-05
2023-11-29,09:36:36,6.8838,23.94,25.0,3293,14912007.0,2.64663360745325e-05
2023-11-29,09:36:36,6.8875,23.94,25.0,3293,14912007.0,2.64663360745325e-05
2023-11-29,09:36:36,6.8912,23.94,25.0,3293,14912008.0,2.64663360745325e-05
2023-11-29,09:36:36,6.8948,23.94,25.0,3293,14912008.0,2.64663360745325e-05
2023-11-29,09:36:36,6.8985,23.94,25.0,3293,14912008.0,2.64663360745325e-05
2023-11-29,09:36:36,6.9022,23.94,25.0,3294,14912007.0,2.642403890880146e-05
2023-11-29,09:36:36,6.9059,23.94,25.0,3294,14912006.0,2.642403890880146e-05
2023-11-29,09:36:36,6.9096,23.94,25.0,3294,14912007.0,2.642403890880146e-05
2023-11-29,09:36:36,6.9133,23.94,25.0,3294,14912007.0,2.642403890880146e-05
2023-11-29,09:36:36,6.917,23.94,25.0,3294,14912007.0,2.642403890880146e-05
2023-11-29,09:36:36,6.9207,23.94,25.0,3293,14912007.0,2.64663360745325e-05
2023-11-29,09:36:36,6.9245,23.94,25.0,3292,14912006.0,2.650870094566748e-05
2023-11-29,09:36:36,6.9282,23.94,25.0,3292,14912010.0,2.650870094566748e-05
2023-11-29,09:36:36,6.9318,23.94,25.0,3292,14912010.0,2.650870094566748e-05
2023-11-29,09:36:36,6.9353,23.94,25.0,3292,14912007.0,2.650870094566748e-05
2023-11-29,09:36:36,6.9392,23.94,25.0,3292,14912007.0,2.650870094566748e-05
2023-11-29,09:36:36,6.943,23.94,25.0,3291,14912007.0,2.655113363058303e-05
2023-11-29,09:36:36,6.9466,23.94,25.0,3292,14912006.0,2.650870094566748e-05
2023-11-29,09:36:36,6.9502,23.94,25.0,3294,14912007.0,2.642403890880146e-05
2023-11-29,09:36:36,6.9539,23.94,25.0,3293,14912007.0,2.64663360745325e-05
2023-11-29,09:36:36,6.9576,23.94,25.0,3293,14912007.0,2.64663360745325e-05
2023-11-29,09:36:36,6.9613,23.94,25.0,3293,14912008.0,2.64663360745325e-05
2023-11-29,09:36:36,6.965,23.94,25.0,3293,14912007.0,2.64663360745325e-05
2023-11-29,09:36:36,6.9687,23.94,25.0,3294,14912007.0,2.642403890880146e-05
2023-11-29,09:36:36,6.9725,23.94,25.0,3294,14912007.0,2.642403890880146e-05
2023-11-29,09:36:36,6.976,23.94,25.0,3293,14912007.0,2.64663360745325e-05
2023-11-29,09:36:36,6.9796,23.94,25.0,3292,14912006.0,2.650870094566748e-05
2023-11-29,09:36:36,6.9835,23.94,25.0,3293,14912005.0,2.64663360745325e-05
2023-11-29,09:36:36,6.9872,23.94,25.0,3294,14912006.0,2.642403890880146e-05
2023-11-29,09:36:36,6.9908,23.94,25.0,3293,14912008.0,2.64663360745325e-05
2023-11-29,09:36:36,6.9945,23.94,25.0,3292,14912008.0,2.650870094566748e-05
2023-11-29,09:36:36,6.9983,23.94,25.0,3292,14912007.0,2.650870094566748e-05
2023-11-29,09:36:36,7.002,23.94,25.0,3292,14912007.0,2.650870094566748e-05
2023-11-29,09:36:36,7.0056,23.94,25.0,3292,14912007.0,2.650870094566748e-05
2023-11-29,09:36:36,7.0093,23.94,25.0,3291,14912007.0,2.655113363058303e-05
2023-11-29,09:36:36,7.013,23.94,25.0,3291,14912006.0,2.655113363058303e-05
2023-11-29,09:36:36,7.0167,23.94,25.0,3292,14912006.0,2.650870094566748e-05
2023-11-29,09:36:36,7.0205,23.94,25.0,3293,14912006.0,2.64663360745325e-05
2023-11-29,09:36:36,7.024,23.94,25.0,3294,14912006.0,2.642403890880146e-05
2023-11-29,09:36:36,7.0278,23.94,25.0,3293,14912007.0,2.64663360745325e-05
2023-11-29,09:36:36,7.0315,23.94,25.0,3292,14912007.0,2.650870094566748e-05
2023-11-29,09:36:36,7.0352,23.94,25.0,3293,14912006.0,2.64663360745325e-05
2023-11-29,09:36:36,7.0389,23.94,25.0,3295,14912007.0,2.638180934027105e-05
2023-11-29,09:36:36,7.0425,23.94,25.0,3294,14912007.0,2.642403890880146e-05
2023-11-29,09:36:36,7.0462,23.94,25.0,3291,14912006.0,2.655113363058303e-05
2023-11-29,09:36:36,7.0499,23.94,25.0,3292,14912006.0,2.650870094566748e-05
2023-11-29,09:36:36,7.0536,23.94,25.0,3293,14912006.0,2.64663360745325e-05
2023-11-29,09:36:36,7.0573,23.94,25.0,3292,14912008.0,2.650870094566748e-05
2023-11-29,09:36:36,7.061,23.94,25.0,3293,14912007.0,2.64663360745325e-05
2023-11-29,09:36:36,7.0647,23.94,25.0,3294,14912006.0,2.642403890880146e-05
2023-11-29,09:36:36,7.0685,23.94,25.0,3293,14912006.0,2.64663360745325e-05
2023-11-29,09:36:36,7.0722,23.94,25.0,3293,14912007.0,2.64663360745325e-05
2023-11-29,09:36:36,7.0758,23.94,25.0,3293,14912007.0,2.64663360745325e-05
2023-11-29,09:36:36,7.0795,23.94,25.0,3293,14912006.0,2.64663360745325e-05
2023-11-29,09:36:36,7.0832,23.94,25.0,3293,14912007.0,2.64663360745325e-05
2023-11-29,09:36:36,7.0869,23.94,25.0,3293,14912006.0,2.64663360745325e-05
2023-11-29,09:36:36,7.0906,23.94,25.0,3294,14912006.0,2.642403890880146e-05
2023-11-29,09:36:36,7.0942,23.94,25.0,3294,14912006.0,2.642403890880146e-05
2023-11-29,09:36:36,7.0979,23.94,25.0,3294,14912006.0,2.642403890880146e-05
2023-11-29,09:36:36,7.1016,23.94,25.0,3294,14912006.0,2.642403890880146e-05
2023-11-29,09:36:36,7.1053,23.94,25.0,3295,14912006.0,2.638180934027105e-05
2023-11-29,09:36:36,7.109,23.94,25.0,3294,14912007.0,2.642403890880146e-05
2023-11-29,09:36:36,7.1127,23.94,25.0,3292,14912007.0,2.650870094566748e-05
2023-11-29,09:36:36,7.1165,23.94,25.0,3292,14912007.0,2.650870094566748e-05
2023-11-29,09:36:36,7.12,23.94,25.0,3292,14912007.0,2.650870094566748e-05
2023-11-29,09:36:36,7.1238,23.94,25.0,3293,14912006.0,2.64663360745325e-05
2023-11-29,09:36:36,7.1275,23.94,25.0,3294,14912006.0,2.642403890880146e-05
2023-11-29,09:36:36,7.1312,23.94,25.0,3294,14912006.0,2.642403890880146e-05
2023-11-29,09:36:36,7.1349,23.94,25.0,3294,14912007.0,2.642403890880146e-05
2023-11-29,09:36:36,7.1385,23.94,25.0,3294,14912007.0,2.642403890880146e-05
2023-11-29,09:36:36,7.1422,23.94,25.0,3293,14912006.0,2.64663360745325e-05
2023-11-29,09:36:36,7.1459,23.94,25.0,3292,14912006.0,2.650870094566748e-05
2023-11-29,09:36:36,7.1496,23.94,25.0,3292,14912006.0,2.650870094566748e-05
2023-11-29,09:36:36,7.1533,23.94,25.0,3293,14912005.0,2.64663360745325e-05
2023-11-29,09:36:36,7.157,23.94,25.0,3292,14912005.0,2.650870094566748e-05
2023-11-29,09:36:36,7.1607,23.94,25.0,3292,14912006.0,2.650870094566748e-05
2023-11-29,09:36:36,7.1643,23.94,25.0,3294,14912007.0,2.642403890880146e-05
2023-11-29,09:36:36,7.168,23.94,25.0,3294,14912007.0,2.642403890880146e-05
2023-11-29,09:36:36,7.1718,23.94,25.0,3295,14912007.0,2.638180934027105e-05
2023-11-29,09:36:36,7.1753,23.94,25.0,3294,14912007.0,2.642403890880146e-05
2023-11-29,09:36:36,7.179,23.94,25.0,3293,14912007.0,2.64663360745325e-05
2023-11-29,09:36:36,7.1828,23.94,25.0,3295,14912007.0,2.638180934027105e-05
2023-11-29,09:36:36,7.1865,23.94,25.0,3295,14912007.0,2.638180934027105e-05
2023-11-29,09:36:37,7.1902,23.94,25.0,3293,14912008.0,2.64663360745325e-05
2023-11-29,09:36:37,7.1938,23.94,25.0,3292,14912008.0,2.650870094566748e-05
2023-11-29,09:36:37,7.1975,23.94,25.0,3293,14912006.0,2.64663360745325e-05
2023-11-29,09:36:37,7.2012,23.94,25.0,3293,14912006.0,2.64663360745325e-05
2023-11-29,09:36:37,7.2048,23.94,25.0,3293,14912007.0,2.64663360745325e-05
2023-11-29,09:36:37,7.2085,23.94,25.0,3295,14912009.0,2.638180934027105e-05
2023-11-29,09:36:37,7.2123,23.94,25.0,3294,14912008.0,2.642403890880146e-05
2023-11-29,09:36:37,7.216,23.94,25.0,3293,14912007.0,2.64663360745325e-05
2023-11-29,09:36:37,7.2196,23.94,25.0,3294,14912006.0,2.642403890880146e-05
2023-11-29,09:36:37,7.2233,23.94,25.0,3295,14912007.0,2.638180934027105e-05
2023-11-29,09:36:37,7.227,23.94,25.0,3293,14912009.0,2.64663360745325e-05
2023-11-29,09:36:37,7.2308,23.94,25.0,3291,14912008.0,2.655113363058303e-05
2023-11-29,09:36:37,7.2345,23.94,25.0,3293,14912007.0,2.64663360745325e-05
2023-11-29,09:36:37,7.2382,23.94,25.0,3293,14912006.0,2.64663360745325e-05
2023-11-29,09:36:37,7.2419,23.94,25.0,3292,14912006.0,2.650870094566748e-05
2023-11-29,09:36:37,7.2455,23.94,25.0,3292,14912006.0,2.650870094566748e-05
2023-11-29,09:36:37,7.2492,23.94,25.0,3293,14912006.0,2.64663360745325e-05
2023-11-29,09:36:37,7.2529,23.94,25.0,3293,14912006.0,2.64663360745325e-05
2023-11-29,09:36:37,7.2566,23.94,25.0,3292,14912006.0,2.650870094566748e-05
2023-11-29,09:36:37,7.2603,23.94,25.0,3293,14912006.0,2.64663360745325e-05
2023-11-29,09:36:37,7.2639,23.94,25.0,3293,14912007.0,2.64663360745325e-05
2023-11-29,09:36:37,7.2676,23.94,25.0,3293,14912007.0,2.64663360745325e-05
2023-11-29,09:36:37,7.2713,23.94,25.0,3294,14912007.0,2.642403890880146e-05
2023-11-29,09:36:37,7.275,23.94,25.0,3293,14912006.0,2.64663360745325e-05
2023-11-29,09:36:37,7.2788,23.94,25.0,3293,14912006.0,2.64663360745325e-05
2023-11-29,09:36:37,7.2825,23.94,25.0,3295,14912007.0,2.638180934027105e-05
2023-11-29,09:36:37,7.2862,23.94,25.0,3295,14912007.0,2.638180934027105e-05
2023-11-29,09:36:37,7.2899,23.94,25.0,3294,14912007.0,2.642403890880146e-05
2023-11-29,09:36:37,7.2936,23.94,25.0,3294,14912007.0,2.642403890880146e-05
2023-11-29,09:36:37,7.2972,23.94,25.0,3293,14912006.0,2.64663360745325e-05
2023-11-29,09:36:37,7.3008,23.94,25.0,3293,14912007.0,2.64663360745325e-05
2023-11-29,09:36:37,7.3045,23.94,25.0,3293,14912007.0,2.64663360745325e-05
2023-11-29,09:36:37,7.3082,23.94,25.0,3292,14912007.0,2.650870094566748e-05
2023-11-29,09:36:37,7.3119,23.94,25.0,3293,14912007.0,2.64663360745325e-05
2023-11-29,09:36:37,7.3158,23.94,25.0,3294,14912007.0,2.642403890880146e-05
2023-11-29,09:36:37,7.3195,23.94,25.0,3294,14912007.0,2.642403890880146e-05
2023-11-29,09:36:37,7.323,23.94,25.0,3293,14912007.0,2.64663360745325e-05
2023-11-29,09:36:37,7.3268,23.94,25.0,3294,14912007.0,2.642403890880146e-05
2023-11-29,09:36:37,7.3305,23.94,25.0,3296,14912006.0,2.633964726091078e-05
2023-11-29,09:36:37,7.3341,23.94,25.0,3294,14912005.0,2.642403890880146e-05
2023-11-29,09:36:37,7.3378,23.94,25.0,3292,14912006.0,2.650870094566748e-05
2023-11-29,09:36:37,7.3416,23.94,25.0,3292,14912007.0,2.650870094566748e-05
2023-11-29,09:36:37,7.3453,23.94,25.0,3292,14912007.0,2.650870094566748e-05
2023-11-29,09:36:37,7.349,23.94,25.0,3292,14912006.0,2.650870094566748e-05
2023-11-29,09:36:37,7.3527,23.94,25.0,3293,14912006.0,2.64663360745325e-05
2023-11-29,09:36:37,7.3563,23.94,25.0,3294,14912006.0,2.642403890880146e-05
2023-11-29,09:36:37,7.36,23.94,25.0,3294,14912006.0,2.642403890880146e-05
2023-11-29,09:36:37,7.3638,23.94,25.0,3295,14912006.0,2.638180934027105e-05
2023-11-29,09:36:37,7.3673,23.94,25.0,3295,14912007.0,2.638180934027105e-05
2023-11-29,09:36:37,7.371,23.94,25.0,3293,14912006.0,2.64663360745325e-05
2023-11-29,09:36:37,7.3748,23.94,25.0,3292,14912006.0,2.650870094566748e-05
2023-11-29,09:36:37,7.3783,23.94,25.0,3293,14912007.0,2.64663360745325e-05
2023-11-29,09:36:37,7.3821,23.94,25.0,3293,14912008.0,2.64663360745325e-05
2023-11-29,09:36:37,7.3858,23.94,25.0,3294,14912007.0,2.642403890880146e-05
2023-11-29,09:36:37,7.3895,23.94,25.0,3295,14912006.0,2.638180934027105e-05
2023-11-29,09:36:37,7.3932,23.94,25.0,3293,14912006.0,2.64663360745325e-05
2023-11-29,09:36:37,7.3969,23.94,25.0,3293,14912006.0,2.64663360745325e-05
2023-11-29,09:36:37,7.4006,23.94,25.0,3293,14912007.0,2.64663360745325e-05
2023-11-29,09:36:37,7.4043,23.94,25.0,3292,14912008.0,2.650870094566748e-05
2023-11-29,09:36:37,7.408,23.94,25.0,3293,14912007.0,2.64663360745325e-05
2023-11-29,09:36:37,7.4116,23.94,25.0,3294,14912007.0,2.642403890880146e-05
2023-11-29,09:36:37,7.4153,23.94,25.0,3294,14912007.0,2.642403890880146e-05
2023-11-29,09:36:37,7.419,23.94,25.0,3293,14912006.0,2.64663360745325e-05
2023-11-29,09:36:37,7.4228,23.94,25.0,3293,14912006.0,2.64663360745325e-05
2023-11-29,09:36:37,7.4265,23.94,25.0,3294,14912006.0,2.642403890880146e-05
2023-11-29,09:36:37,7.4302,23.94,25.0,3294,14912006.0,2.642403890880146e-05
2023-11-29,09:36:37,7.4339,23.94,25.0,3294,14912006.0,2.642403890880146e-05
2023-11-29,09:36:37,7.4375,23.94,25.0,3294,14912007.0,2.642403890880146e-05
2023-11-29,09:36:37,7.4411,23.94,25.0,3293,14912008.0,2.64663360745325e-05
2023-11-29,09:36:37,7.4448,23.94,25.0,3292,14912008.0,2.650870094566748e-05
2023-11-29,09:36:37,7.4486,23.94,25.0,3292,14912006.0,2.650870094566748e-05
2023-11-29,09:36:37,7.4525,23.94,25.0,3293,14912006.0,2.64663360745325e-05
2023-11-29,09:36:37,7.4562,23.94,25.0,3293,14912007.0,2.64663360745325e-05
2023-11-29,09:36:37,7.4598,23.94,25.0,3292,14912007.0,2.650870094566748e-05
2023-11-29,09:36:37,7.4633,23.94,25.0,3292,14912007.0,2.650870094566748e-05
2023-11-29,09:36:37,7.467,23.94,25.0,3293,14912008.0,2.64663360745325e-05
2023-11-29,09:36:37,7.4708,23.94,25.0,3292,14912008.0,2.650870094566748e-05
2023-11-29,09:36:37,7.4745,23.94,25.0,3291,14912007.0,2.655113363058303e-05
2023-11-29,09:36:37,7.4782,23.94,25.0,3292,14912007.0,2.650870094566748e-05
2023-11-29,09:36:37,7.4819,23.94,25.0,3292,14912008.0,2.650870094566748e-05
2023-11-29,09:36:37,7.4856,23.94,25.0,3292,14912006.0,2.650870094566748e-05
2023-11-29,09:36:37,7.4893,23.94,25.0,3293,14912006.0,2.64663360745325e-05
2023-11-29,09:36:37,7.493,23.94,25.0,3294,14912007.0,2.642403890880146e-05
2023-11-29,09:36:37,7.4966,23.94,25.0,3296,14912008.0,2.633964726091078e-05
2023-11-29,09:36:37,7.5003,23.94,25.0,3295,14912008.0,2.638180934027105e-05
2023-11-29,09:36:37,7.504,23.94,25.0,3293,14912008.0,2.64663360745325e-05
2023-11-29,09:36:37,7.5076,23.94,25.0,3294,14912007.0,2.642403890880146e-05
2023-11-29,09:36:37,7.5113,23.94,25.0,3294,14912006.0,2.642403890880146e-05
2023-11-29,09:36:37,7.515,23.94,25.0,3294,14912006.0,2.642403890880146e-05
2023-11-29,09:36:37,7.5188,23.94,25.0,3293,14912006.0,2.64663360745325e-05
2023-11-29,09:36:37,7.5225,23.94,25.0,3292,14912006.0,2.650870094566748e-05
2023-11-29,09:36:37,7.5262,23.94,25.0,3293,14912007.0,2.64663360745325e-05
2023-11-29,09:36:37,7.5299,23.94,25.0,3293,14912008.0,2.64663360745325e-05
2023-11-29,09:36:37,7.5336,23.94,25.0,3292,14912007.0,2.650870094566748e-05
2023-11-29,09:36:37,7.5373,23.94,25.0,3293,14912007.0,2.64663360745325e-05
2023-11-29,09:36:37,7.5409,23.94,25.0,3293,14912007.0,2.64663360745325e-05
2023-11-29,09:36:37,7.5445,23.94,25.0,3292,14912006.0,2.650870094566748e-05
2023-11-29,09:36:37,7.5483,23.94,25.0,3292,14912006.0,2.650870094566748e-05
2023-11-29,09:36:37,7.552,23.94,25.0,3293,14912007.0,2.64663360745325e-05
2023-11-29,09:36:37,7.5558,23.94,25.0,3294,14912007.0,2.642403890880146e-05
2023-11-29,09:36:37,7.5596,23.94,25.0,3293,14912008.0,2.64663360745325e-05
2023-11-29,09:36:37,7.5632,23.94,25.0,3293,14912008.0,2.64663360745325e-05
2023-11-29,09:36:37,7.5668,23.94,25.0,3293,14912008.0,2.64663360745325e-05
2023-11-29,09:36:37,7.5705,23.94,25.0,3294,14912007.0,2.642403890880146e-05
2023-11-29,09:36:37,7.5742,23.94,25.0,3295,14912006.0,2.638180934027105e-05
2023-11-29,09:36:37,7.5779,23.94,25.0,3293,14912006.0,2.64663360745325e-05
2023-11-29,09:36:37,7.5816,23.94,25.0,3293,14912006.0,2.64663360745325e-05
2023-11-29,09:36:37,7.5852,23.94,25.0,3292,14912006.0,2.650870094566748e-05
2023-11-29,09:36:37,7.5889,23.94,25.0,3292,14912006.0,2.650870094566748e-05
2023-11-29,09:36:37,7.5926,23.94,25.0,3294,14912007.0,2.642403890880146e-05
2023-11-29,09:36:37,7.5963,23.94,25.0,3294,14912007.0,2.642403890880146e-05
2023-11-29,09:36:37,7.6,23.94,25.0,3293,14912007.0,2.64663360745325e-05
2023-11-29,09:36:37,7.6036,23.94,25.0,3293,14912006.0,2.64663360745325e-05
2023-11-29,09:36:37,7.6073,23.94,25.0,3294,14912006.0,2.642403890880146e-05
2023-11-29,09:36:37,7.6112,23.94,25.0,3293,14912007.0,2.64663360745325e-05
2023-11-29,09:36:37,7.6149,23.94,25.0,3294,14912007.0,2.642403890880146e-05
2023-11-29,09:36:37,7.6185,23.94,25.0,3295,14912006.0,2.638180934027105e-05
2023-11-29,09:36:37,7.6222,23.94,25.0,3294,14912006.0,2.642403890880146e-05
2023-11-29,09:36:37,7.6259,23.94,25.0,3295,14912006.0,2.638180934027105e-05
2023-11-29,09:36:37,7.6296,23.94,25.0,3295,14912006.0,2.638180934027105e-05
2023-11-29,09:36:37,7.6333,23.94,25.0,3294,14912006.0,2.642403890880146e-05
2023-11-29,09:36:37,7.6369,23.94,25.0,3293,14912006.0,2.64663360745325e-05
2023-11-29,09:36:37,7.6405,23.94,25.0,3293,14912007.0,2.64663360745325e-05
2023-11-29,09:36:37,7.6442,23.94,25.0,3293,14912007.0,2.64663360745325e-05
2023-11-29,09:36:37,7.648,23.94,25.0,3293,14912007.0,2.64663360745325e-05
2023-11-29,09:36:37,7.6519,23.94,25.0,3292,14912006.0,2.650870094566748e-05
2023-11-29,09:36:37,7.6555,23.94,25.0,3292,14912006.0,2.650870094566748e-05
2023-11-29,09:36:37,7.659,23.94,25.0,3293,14912007.0,2.64663360745325e-05
2023-11-29,09:36:37,7.6629,23.94,25.0,3293,14912006.0,2.64663360745325e-05
2023-11-29,09:36:37,7.6666,23.94,25.0,3293,14912006.0,2.64663360745325e-05
2023-11-29,09:36:37,7.6702,23.94,25.0,3292,14912006.0,2.650870094566748e-05
2023-11-29,09:36:37,7.6739,23.94,25.0,3293,14912007.0,2.64663360745325e-05
2023-11-29,09:36:37,7.6776,23.94,25.0,3294,14912007.0,2.642403890880146e-05
2023-11-29,09:36:37,7.6813,23.94,25.0,3294,14912006.0,2.642403890880146e-05
2023-11-29,09:36:37,7.685,23.94,25.0,3293,14912007.0,2.64663360745325e-05
2023-11-29,09:36:37,7.6887,23.94,25.0,3292,14912007.0,2.650870094566748e-05
2023-11-29,09:36:37,7.6925,23.94,25.0,3292,14912006.0,2.650870094566748e-05
2023-11-29,09:36:37,7.6962,23.94,25.0,3294,14912007.0,2.642403890880146e-05
2023-11-29,09:36:37,7.6998,23.94,25.0,3293,14912008.0,2.64663360745325e-05
2023-11-29,09:36:37,7.7033,23.94,25.0,3291,14912007.0,2.655113363058303e-05
2023-11-29,09:36:37,7.707,23.94,25.0,3292,14912006.0,2.650870094566748e-05
2023-11-29,09:36:37,7.7108,23.94,25.0,3292,14912006.0,2.650870094566748e-05
2023-11-29,09:36:37,7.7145,23.94,25.0,3292,14912007.0,2.650870094566748e-05
2023-11-29,09:36:37,7.7182,23.94,25.0,3293,14912008.0,2.64663360745325e-05
2023-11-29,09:36:37,7.722,23.94,25.0,3293,14912008.0,2.64663360745325e-05
2023-11-29,09:36:37,7.7257,23.94,25.0,3293,14912007.0,2.64663360745325e-05
2023-11-29,09:36:37,7.7293,23.94,25.0,3293,14912008.0,2.64663360745325e-05
2023-11-29,09:36:37,7.733,23.94,25.0,3294,14912009.0,2.642403890880146e-05
2023-11-29,09:36:37,7.7367,23.94,25.0,3295,14912007.0,2.638180934027105e-05
2023-11-29,09:36:37,7.7405,23.94,25.0,3294,14912007.0,2.642403890880146e-05
2023-11-29,09:36:37,7.7442,23.94,25.0,3294,14912007.0,2.642403890880146e-05
2023-11-29,09:36:37,7.7479,23.94,25.0,3293,14912006.0,2.64663360745325e-05
2023-11-29,09:36:37,7.7516,23.94,25.0,3293,14912005.0,2.64663360745325e-05
2023-11-29,09:36:37,7.7552,23.94,25.0,3294,14912005.0,2.642403890880146e-05
2023-11-29,09:36:37,7.7588,23.94,25.0,3293,14912006.0,2.64663360745325e-05
2023-11-29,09:36:37,7.7625,23.94,25.0,3293,14912006.0,2.64663360745325e-05
2023-11-29,09:36:37,7.7662,23.94,25.0,3293,14912007.0,2.64663360745325e-05
2023-11-29,09:36:37,7.7699,23.94,25.0,3292,14912007.0,2.650870094566748e-05
2023-11-29,09:36:37,7.7737,23.94,25.0,3292,14912006.0,2.650870094566748e-05
2023-11-29,09:36:37,7.7774,23.94,25.0,3292,14912006.0,2.650870094566748e-05
2023-11-29,09:36:37,7.781,23.94,25.0,3293,14912006.0,2.64663360745325e-05
2023-11-29,09:36:37,7.7847,23.94,25.0,3294,14912007.0,2.642403890880146e-05
2023-11-29,09:36:37,7.7885,23.94,25.0,3293,14912007.0,2.64663360745325e-05
2023-11-29,09:36:37,7.792,23.94,25.0,3292,14912006.0,2.650870094566748e-05
2023-11-29,09:36:37,7.7956,23.94,25.0,3292,14912007.0,2.650870094566748e-05
2023-11-29,09:36:37,7.7995,23.94,25.0,3292,14912007.0,2.650870094566748e-05
2023-11-29,09:36:37,7.8033,23.94,25.0,3293,14912006.0,2.64663360745325e-05
2023-11-29,09:36:37,7.8069,23.94,25.0,3294,14912007.0,2.642403890880146e-05
2023-11-29,09:36:37,7.8106,23.94,25.0,3294,14912007.0,2.642403890880146e-05
2023-11-29,09:36:37,7.8143,23.94,25.0,3293,14912007.0,2.64663360745325e-05
2023-11-29,09:36:37,7.818,23.94,25.0,3293,14912006.0,2.64663360745325e-05
2023-11-29,09:36:37,7.8217,23.94,25.0,3294,14912006.0,2.642403890880146e-05
2023-11-29,09:36:37,7.8253,23.94,25.0,3293,14912008.0,2.64663360745325e-05
2023-11-29,09:36:37,7.829,23.94,25.0,3293,14912008.0,2.64663360745325e-05
2023-11-29,09:36:37,7.8327,23.94,25.0,3293,14912007.0,2.64663360745325e-05
2023-11-29,09:36:37,7.8365,23.94,25.0,3293,14912006.0,2.64663360745325e-05
2023-11-29,09:36:37,7.8402,23.94,25.0,3294,14912006.0,2.642403890880146e-05
2023-11-29,09:36:37,7.8438,23.94,25.0,3294,14912006.0,2.642403890880146e-05
2023-11-29,09:36:37,7.8475,23.94,25.0,3293,14912007.0,2.64663360745325e-05
2023-11-29,09:36:37,7.8513,23.94,25.0,3292,14912007.0,2.650870094566748e-05
2023-11-29,09:36:37,7.855,23.94,25.0,3292,14912007.0,2.650870094566748e-05
2023-11-29,09:36:37,7.8586,23.94,25.0,3293,14912007.0,2.64663360745325e-05
2023-11-29,09:36:37,7.8623,23.94,25.0,3294,14912007.0,2.642403890880146e-05
2023-11-29,09:36:37,7.866,23.94,25.0,3294,14912007.0,2.642403890880146e-05
2023-11-29,09:36:37,7.8696,23.94,25.0,3293,14912006.0,2.64663360745325e-05
2023-11-29,09:36:37,7.8733,23.94,25.0,3293,14912007.0,2.64663360745325e-05
2023-11-29,09:36:37,7.877,23.94,25.0,3293,14912007.0,2.64663360745325e-05
2023-11-29,09:36:37,7.8807,23.94,25.0,3293,14912007.0,2.64663360745325e-05
2023-11-29,09:36:37,7.8845,23.94,25.0,3293,14912007.0,2.64663360745325e-05
2023-11-29,09:36:37,7.888,23.94,25.0,3292,14912006.0,2.650870094566748e-05
2023-11-29,09:36:37,7.8918,23.94,25.0,3292,14912007.0,2.650870094566748e-05
2023-11-29,09:36:37,7.8956,23.94,25.0,3292,14912006.0,2.650870094566748e-05
2023-11-29,09:36:37,7.8993,23.94,25.0,3293,14912006.0,2.64663360745325e-05
2023-11-29,09:36:37,7.9029,23.94,25.0,3293,14912006.0,2.64663360745325e-05
2023-11-29,09:36:37,7.9066,23.94,25.0,3293,14912006.0,2.64663360745325e-05
2023-11-29,09:36:37,7.9103,23.94,25.0,3294,14912007.0,2.642403890880146e-05
2023-11-29,09:36:37,7.914,23.94,25.0,3293,14912007.0,2.64663360745325e-05
2023-11-29,09:36:37,7.9177,23.94,25.0,3293,14912007.0,2.64663360745325e-05
2023-11-29,09:36:37,7.9213,23.94,25.0,3293,14912007.0,2.64663360745325e-05
2023-11-29,09:36:37,7.925,23.94,25.0,3294,14912008.0,2.642403890880146e-05
2023-11-29,09:36:37,7.9287,23.94,25.0,3295,14912008.0,2.638180934027105e-05
2023-11-29,09:36:37,7.9325,23.94,25.0,3293,14912012.0,2.64663360745325e-05
2023-11-29,09:36:37,7.9362,23.94,25.0,3292,14912011.0,2.650870094566748e-05
2023-11-29,09:36:37,7.9399,23.94,25.0,3292,14912006.0,2.650870094566748e-05
2023-11-29,09:36:37,7.9436,23.94,25.0,3293,14912006.0,2.64663360745325e-05
2023-11-29,09:36:37,7.9472,23.94,25.0,3292,14912005.0,2.650870094566748e-05
2023-11-29,09:36:37,7.9509,23.94,25.0,3291,14912006.0,2.655113363058303e-05
2023-11-29,09:36:37,7.9546,23.94,25.0,3295,14912008.0,2.638180934027105e-05
2023-11-29,09:36:37,7.9582,23.94,25.0,3296,14912008.0,2.633964726091078e-05
2023-11-29,09:36:37,7.9619,23.94,25.0,3294,14912007.0,2.642403890880146e-05
2023-11-29,09:36:37,7.9656,23.94,25.0,3293,14912008.0,2.64663360745325e-05
2023-11-29,09:36:37,7.9693,23.94,25.0,3292,14912007.0,2.650870094566748e-05
2023-11-29,09:36:37,7.973,23.94,25.0,3292,14912006.0,2.650870094566748e-05
2023-11-29,09:36:37,7.9767,23.94,25.0,3293,14912006.0,2.64663360745325e-05
2023-11-29,09:36:37,7.9805,23.94,25.0,3293,14912007.0,2.64663360745325e-05
2023-11-29,09:36:37,7.9842,23.94,25.0,3293,14912008.0,2.64663360745325e-05
2023-11-29,09:36:37,7.9879,23.94,25.0,3293,14912007.0,2.64663360745325e-05
2023-11-29,09:36:37,7.9916,23.94,25.0,3293,14912007.0,2.64663360745325e-05
2023-11-29,09:36:37,7.9953,23.94,25.0,3293,14912007.0,2.64663360745325e-05
2023-11-29,09:36:37,7.9989,23.94,25.0,3292,14912006.0,2.650870094566748e-05
2023-11-29,09:36:37,8.0025,23.94,25.0,3292,14912006.0,2.650870094566748e-05
2023-11-29,09:36:37,8.0062,23.94,25.0,3293,14912007.0,2.64663360745325e-05
2023-11-29,09:36:37,8.0099,23.94,25.0,3294,14912007.0,2.642403890880146e-05
2023-11-29,09:36:37,8.0136,23.94,25.0,3295,14912007.0,2.638180934027105e-05
2023-11-29,09:36:37,8.0173,23.94,25.0,3294,14912007.0,2.642403890880146e-05
2023-11-29,09:36:37,8.021,23.94,25.0,3292,14912007.0,2.650870094566748e-05
2023-11-29,09:36:37,8.0247,23.94,25.0,3293,14912007.0,2.64663360745325e-05
2023-11-29,09:36:37,8.0285,23.94,25.0,3293,14912006.0,2.64663360745325e-05
2023-11-29,09:36:37,8.0322,23.94,25.0,3292,14912006.0,2.650870094566748e-05
2023-11-29,09:36:37,8.0358,23.94,25.0,3292,14912007.0,2.650870094566748e-05
2023-11-29,09:36:37,8.0393,23.94,25.0,3293,14912006.0,2.64663360745325e-05
2023-11-29,09:36:37,8.043,23.94,25.0,3293,14912006.0,2.64663360745325e-05
2023-11-29,09:36:37,8.0469,23.94,25.0,3293,14912006.0,2.64663360745325e-05
2023-11-29,09:36:37,8.0506,23.94,25.0,3294,14912006.0,2.642403890880146e-05
2023-11-29,09:36:37,8.0542,23.94,25.0,3293,14912006.0,2.64663360745325e-05
2023-11-29,09:36:37,8.0579,23.94,25.0,3292,14912006.0,2.650870094566748e-05
2023-11-29,09:36:37,8.0616,23.94,25.0,3292,14912006.0,2.650870094566748e-05
2023-11-29,09:36:37,8.0653,23.94,25.0,3292,14912006.0,2.650870094566748e-05
2023-11-29,09:36:37,8.069,23.94,25.0,3292,14912007.0,2.650870094566748e-05
2023-11-29,09:36:37,8.0727,23.94,25.0,3292,14912007.0,2.650870094566748e-05
2023-11-29,09:36:37,8.0765,23.94,25.0,3292,14912006.0,2.650870094566748e-05
2023-11-29,09:36:37,8.0802,23.94,25.0,3293,14912007.0,2.64663360745325e-05
2023-11-29,09:36:37,8.0839,23.94,25.0,3293,14912007.0,2.64663360745325e-05
2023-11-29,09:36:37,8.0875,23.94,25.0,3292,14912007.0,2.650870094566748e-05
2023-11-29,09:36:37,8.0912,23.94,25.0,3293,14912006.0,2.64663360745325e-05
2023-11-29,09:36:37,8.095,23.94,25.0,3292,14912005.0,2.650870094566748e-05
2023-11-29,09:36:37,8.0987,23.94,25.0,3291,14912005.0,2.655113363058303e-05
2023-11-29,09:36:37,8.1023,23.94,25.0,3293,14912007.0,2.64663360745325e-05
2023-11-29,09:36:37,8.106,23.94,25.0,3293,14912007.0,2.64663360745325e-05
2023-11-29,09:36:37,8.1097,23.94,25.0,3293,14912007.0,2.64663360745325e-05
2023-11-29,09:36:37,8.1133,23.94,25.0,3293,14912007.0,2.64663360745325e-05
2023-11-29,09:36:37,8.117,23.94,25.0,3292,14912007.0,2.650870094566748e-05
2023-11-29,09:36:37,8.1207,23.94,25.0,3292,14912007.0,2.650870094566748e-05
2023-11-29,09:36:37,8.1245,23.94,25.0,3294,14912007.0,2.642403890880146e-05
2023-11-29,09:36:37,8.1282,23.94,25.0,3295,14912006.0,2.638180934027105e-05
2023-11-29,09:36:37,8.1318,23.94,25.0,3293,14912006.0,2.64663360745325e-05
2023-11-29,09:36:37,8.1355,23.94,25.0,3294,14912006.0,2.642403890880146e-05
2023-11-29,09:36:37,8.1393,23.94,25.0,3296,14912007.0,2.633964726091078e-05
2023-11-29,09:36:37,8.143,23.94,25.0,3294,14912007.0,2.642403890880146e-05
2023-11-29,09:36:37,8.1466,23.94,25.0,3292,14912006.0,2.650870094566748e-05
2023-11-29,09:36:37,8.1503,23.94,25.0,3292,14912006.0,2.650870094566748e-05
2023-11-29,09:36:37,8.154,23.94,25.0,3292,14912006.0,2.650870094566748e-05
2023-11-29,09:36:37,8.1577,23.94,25.0,3293,14912006.0,2.64663360745325e-05
2023-11-29,09:36:37,8.1614,23.94,25.0,3293,14912006.0,2.64663360745325e-05
2023-11-29,09:36:37,8.165,23.94,25.0,3293,14912006.0,2.64663360745325e-05
2023-11-29,09:36:37,8.1687,23.94,25.0,3294,14912007.0,2.642403890880146e-05
2023-11-29,09:36:37,8.1725,23.94,25.0,3293,14912007.0,2.64663360745325e-05
2023-11-29,09:36:37,8.1762,23.94,25.0,3292,14912007.0,2.650870094566748e-05
2023-11-29,09:36:37,8.1799,23.94,25.0,3293,14912006.0,2.64663360745325e-05
2023-11-29,09:36:37,8.1836,23.94,25.0,3294,14912006.0,2.642403890880146e-05
2023-11-29,09:36:37,8.1873,23.94,25.0,3293,14912007.0,2.64663360745325e-05
2023-11-29,09:36:37,8.191,23.94,25.0,3291,14912005.0,2.655113363058303e-05
2023-11-29,09:36:37,8.1947,23.94,25.0,3286,14911998.0,2.676431806720787e-05
2023-11-29,09:36:38,8.1983,23.94,25.0,3272,14911991.0,2.73703846794651e-05
2023-11-29,09:36:38,8.202,23.94,25.0,3263,14911987.0,2.776722671802583e-05
2023-11-29,09:36:38,8.2057,23.94,25.0,3259,14911988.0,2.794544292364388e-05
2023-11-29,09:36:38,8.2093,23.94,25.0,3260,14911988.0,2.79007819238198e-05
2023-11-29,09:36:38,8.2129,23.94,25.0,3263,14911986.0,2.776722671802583e-05
2023-11-29,09:36:38,8.2166,23.94,25.0,3262,14911986.0,2.781167393498751e-05
2023-11-29,09:36:38,8.2205,23.94,25.0,3262,14911983.0,2.781167393498751e-05
2023-11-29,09:36:38,8.2242,23.94,25.0,3266,14911982.0,2.763431081306017e-05
2023-11-29,09:36:38,8.2279,23.94,25.0,3263,14911977.0,2.776722671802583e-05
2023-11-29,09:36:38,8.2316,23.94,25.0,3260,14911970.0,2.79007819238198e-05
2023-11-29,09:36:38,8.2353,23.94,25.0,3263,14911967.0,2.776722671802583e-05
2023-11-29,09:36:38,8.239,23.94,25.0,3261,14911964.0,2.785619229895698e-05
2023-11-29,09:36:38,8.2426,23.94,25.0,3258,14911962.0,2.799017541267961e-05
2023-11-29,09:36:38,8.2462,23.94,25.0,3259,14911958.0,2.794544292364388e-05
2023-11-29,09:36:38,8.2499,23.94,25.0,3260,14911954.0,2.79007819238198e-05
2023-11-29,09:36:38,8.2536,23.94,25.0,3259,14911949.0,2.794544292364388e-05
2023-11-29,09:36:38,8.2573,23.94,25.0,3258,14911945.0,2.799017541267961e-05
2023-11-29,09:36:38,8.261,23.94,25.0,3255,14911941.0,2.812480296030659e-05
2023-11-29,09:36:38,8.2647,23.94,25.0,3254,14911936.0,2.816982255235571e-05
2023-11-29,09:36:38,8.2685,23.94,25.0,3254,14911928.0,2.816982255235571e-05
2023-11-29,09:36:38,8.272,23.94,25.0,3253,14911922.0,2.821491420761792e-05
2023-11-29,09:36:38,8.2756,23.94,25.0,3256,14911920.0,2.807985531630272e-05
2023-11-29,09:36:38,8.2793,23.94,25.0,3260,14911916.0,2.79007819238198e-05
2023-11-29,09:36:38,8.283,23.94,25.0,3262,14911909.0,2.781167393498751e-05
2023-11-29,09:36:38,8.2868,23.94,25.0,3263,14911904.0,2.776722671802583e-05
2023-11-29,09:36:38,8.2905,23.94,25.0,3263,14911900.0,2.776722671802583e-05
2023-11-29,09:36:38,8.2942,23.94,25.0,3263,14911894.0,2.776722671802583e-05
2023-11-29,09:36:38,8.2979,23.94,25.0,3263,14911886.0,2.776722671802583e-05
2023-11-29,09:36:38,8.3015,23.94,25.0,3259,14911879.0,2.794544292364388e-05
2023-11-29,09:36:38,8.3051,23.94,25.0,3252,14911874.0,2.826007804144532e-05
2023-11-29,09:36:38,8.3088,23.94,25.0,3251,14911870.0,2.830531416937475e-05
2023-11-29,09:36:38,8.3125,23.94,25.0,3253,14911867.0,2.821491420761792e-05
2023-11-29,09:36:38,8.3162,23.94,25.0,3253,14911862.0,2.821491420761792e-05
2023-11-29,09:36:38,8.3199,23.94,25.0,3250,14911853.0,2.835062270712792e-05
2023-11-29,09:36:38,8.3236,23.94,25.0,3245,14911847.0,2.857825560649389e-05
2023-11-29,09:36:38,8.3272,23.94,25.0,3244,14911840.0,2.862400104373998e-05
2023-11-29,09:36:38,8.3308,23.94,25.0,3245,14911832.0,2.857825560649389e-05
2023-11-29,09:36:38,8.3345,23.94,25.0,3244,14911821.0,2.862400104373998e-05
2023-11-29,09:36:38,8.3382,23.94,25.0,3245,14911815.0,2.857825560649389e-05
2023-11-29,09:36:38,8.3419,23.94,25.0,3246,14911812.0,2.853258327730228e-05
2023-11-29,09:36:38,8.3455,23.94,25.0,3245,14911807.0,2.857825560649389e-05
2023-11-29,09:36:38,8.3491,23.94,25.0,3245,14911802.0,2.857825560649389e-05
2023-11-29,09:36:38,8.3528,23.94,25.0,3247,14911797.0,2.848698393932761e-05
2023-11-29,09:36:38,8.3565,23.94,25.0,3246,14911792.0,2.853258327730228e-05
2023-11-29,09:36:38,8.3601,23.94,25.0,3242,14911785.0,2.871571171068163e-05
2023-11-29,09:36:38,8.3637,23.94,25.0,3242,14911781.0,2.871571171068163e-05
2023-11-29,09:36:38,8.3674,23.94,25.0,3246,14911776.0,2.853258327730228e-05
2023-11-29,09:36:38,8.3711,23.94,25.0,3247,14911771.0,2.848698393932761e-05
2023-11-29,09:36:38,8.3748,23.94,25.0,3246,14911765.0,2.853258327730228e-05
2023-11-29,09:36:38,8.3785,23.94,25.0,3243,14911755.0,2.866981970606527e-05
2023-11-29,09:36:38,8.3821,23.94,25.0,3240,14911747.0,2.880771621657395e-05
2023-11-29,09:36:38,8.3857,23.94,25.0,3244,14911742.0,2.862400104373998e-05
2023-11-29,09:36:38,8.3894,23.94,25.0,3242,14911734.0,2.871571171068163e-05
2023-11-29,09:36:38,8.3931,23.94,25.0,3240,14911727.0,2.880771621657395e-05
2023-11-29,09:36:38,8.3968,23.94,25.0,3241,14911721.0,2.876167717498871e-05
2023-11-29,09:36:38,8.4006,23.94,25.0,3238,14911717.0,2.890001550287046e-05
2023-11-29,09:36:38,8.4041,23.94,25.0,3236,14911712.0,2.899261051404105e-05
2023-11-29,09:36:38,8.4078,23.94,25.0,3232,14911704.0,2.917869150402409e-05
2023-11-29,09:36:38,8.4116,23.94,25.0,3230,14911701.0,2.927217938694547e-05
2023-11-29,09:36:38,8.4151,23.94,25.0,3231,14911698.0,2.922539806370712e-05
2023-11-29,09:36:38,8.4189,23.94,25.0,3234,14911696.0,2.908550219758169e-05
2023-11-29,09:36:38,8.4226,23.94,25.0,3235,14911691.0,2.903901921242816e-05
2023-11-29,09:36:38,8.4262,23.94,25.0,3235,14911689.0,2.903901921242816e-05
2023-11-29,09:36:38,8.4297,23.94,25.0,3231,14911687.0,2.922539806370712e-05
2023-11-29,09:36:38,8.4333,23.94,25.0,3229,14911687.0,2.931903559341381e-05
2023-11-29,09:36:38,8.4369,23.94,25.0,3228,14911684.0,2.936596680297826e-05
2023-11-29,09:36:38,8.4406,23.94,25.0,3212,14911676.0,3.012716513515561e-05
2023-11-29,09:36:38,8.4443,23.94,25.0,3202,14911669.0,3.061290161380538e-05
2023-11-29,09:36:38,8.4479,23.94,25.0,3197,14911670.0,3.085869880931473e-05
2023-11-29,09:36:38,8.4515,23.94,25.0,3194,14911668.0,3.10071234219656e-05
2023-11-29,09:36:38,8.4551,23.94,25.0,3196,14911666.0,3.090809456982983e-05
2023-11-29,09:36:38,8.4588,23.94,25.0,3193,14911666.0,3.105675676691896e-05
2023-11-29,09:36:38,8.4624,23.94,25.0,3190,14911666.0,3.120613400157834e-05
2023-11-29,09:36:38,8.4658,23.94,25.0,3191,14911667.0,3.115626192944974e-05
2023-11-29,09:36:38,8.4694,23.94,25.0,3198,14911667.0,3.080938199061697e-05
2023-11-29,09:36:38,8.4731,23.94,25.0,3197,14911667.0,3.085869880931473e-05
2023-11-29,09:36:38,8.4768,23.94,25.0,3190,14911663.0,3.120613400157834e-05
2023-11-29,09:36:38,8.4804,23.94,25.0,3187,14911658.0,3.135622971300601e-05
2023-11-29,09:36:38,8.484,23.94,25.0,3187,14911659.0,3.135622971300601e-05
2023-11-29,09:36:38,8.4876,23.94,25.0,3192,14911663.0,3.110646956035572e-05
2023-11-29,09:36:38,8.4913,23.94,25.0,3188,14911662.0,3.130611776546872e-05
2023-11-29,09:36:38,8.495,23.94,25.0,3186,14911657.0,3.14064218751296e-05
2023-11-29,09:36:38,8.4986,23.94,25.0,3186,14911655.0,3.14064218751296e-05
2023-11-29,09:36:38,8.5022,23.94,25.0,3186,14911659.0,3.14064218751296e-05
2023-11-29,09:36:38,8.5059,23.94,25.0,3182,14911663.0,3.160799524057453e-05
2023-11-29,09:36:38,8.5095,23.94,25.0,3182,14911658.0,3.160799524057453e-05
2023-11-29,09:36:38,8.5131,23.94,25.0,3182,14911650.0,3.160799524057453e-05
2023-11-29,09:36:38,8.5168,23.94,25.0,3174,14911652.0,3.201503150238514e-05
2023-11-29,09:36:38,8.5204,23.94,25.0,3168,14911657.0,3.232374486466711e-05
2023-11-29,09:36:38,8.5241,23.94,25.0,3172,14911652.0,3.211760695599677e-05
2023-11-29,09:36:38,8.5278,23.94,25.0,3176,14911649.0,3.191278364863791e-05
2023-11-29,09:36:38,8.5312,23.94,25.0,3175,14911650.0,3.196386669099883e-05
2023-11-29,09:36:38,8.5348,23.94,25.0,3170,14911650.0,3.222051105909553e-05
2023-11-29,09:36:38,8.5385,23.94,25.0,3170,14911646.0,3.222051105909553e-05
2023-11-29,09:36:38,8.5421,23.94,25.0,3182,14911646.0,3.160799524057453e-05
2023-11-29,09:36:38,8.5457,23.94,25.0,3176,14911646.0,3.191278364863791e-05
2023-11-29,09:36:38,8.5494,23.94,25.0,3166,14911649.0,3.242730942907095e-05
2023-11-29,09:36:38,8.5531,23.94,25.0,3171,14911648.0,3.216901786062761e-05
2023-11-29,09:36:38,8.5566,23.94,25.0,3180,14911649.0,3.170926655899616e-05
2023-11-29,09:36:38,8.56,23.94,25.0,3173,14911647.0,3.206627821368519e-05
2023-11-29,09:36:38,8.5636,23.94,25.0,3167,14911645.0,3.237548573586047e-05
2023-11-29,09:36:38,8.5672,23.94,25.0,3169,14911648.0,3.227208668312896e-05
2023-11-29,09:36:38,8.5709,23.94,25.0,3172,14911648.0,3.211760695599677e-05
2023-11-29,09:36:38,8.5745,23.94,25.0,3171,14911642.0,3.216901786062761e-05
2023-11-29,09:36:38,8.578,23.94,25.0,3166,14911639.0,3.242730942907095e-05
2023-11-29,09:36:38,8.5815,23.94,25.0,3166,14911642.0,3.242730942907095e-05
2023-11-29,09:36:38,8.5851,23.94,25.0,3173,14911644.0,3.206627821368519e-05
2023-11-29,09:36:38,8.5887,23.94,25.0,3170,14911644.0,3.222051105909553e-05
2023-11-29,09:36:38,8.5923,23.94,25.0,3162,14911642.0,3.263543507674679e-05
2023-11-29,09:36:38,8.5959,23.94,25.0,3165,14911639.0,3.247921607687248e-05
2023-11-29,09:36:38,8.5995,23.94,25.0,3168,14911637.0,3.232374486466711e-05
2023-11-29,09:36:38,8.6029,23.94,25.0,3161,14911642.0,3.268767487290021e-05
2023-11-29,09:36:38,8.6065,23.94,25.0,3157,14911643.0,3.289747160361017e-05
2023-11-29,09:36:38,8.6103,23.94,25.0,3164,14911640.0,3.253120581205106e-05
2023-11-29,09:36:38,8.6141,23.94,25.0,3165,14911640.0,3.247921607687248e-05
2023-11-29,09:36:38,8.6175,23.94,25.0,3158,14911641.0,3.284489652088503e-05
2023-11-29,09:36:38,8.6211,23.94,25.0,3158,14911642.0,3.284489652088503e-05
2023-11-29,09:36:38,8.6247,23.94,25.0,3165,14911639.0,3.247921607687248e-05
2023-11-29,09:36:38,8.6281,23.94,25.0,3164,14911638.0,3.253120581205106e-05
2023-11-29,09:36:38,8.6317,23.94,25.0,3161,14911636.0,3.268767487290021e-05
2023-11-29,09:36:38,8.6354,23.94,25.0,3159,14911634.0,3.279240546100996e-05
2023-11-29,09:36:38,8.639,23.94,25.0,3160,14911635.0,3.273999828970383e-05
2023-11-29,09:36:38,8.6425,23.94,25.0,3161,14911636.0,3.268767487290021e-05
2023-11-29,09:36:38,8.6461,23.94,25.0,3158,14911636.0,3.284489652088503e-05
2023-11-29,09:36:38,8.6496,23.94,25.0,3156,14911636.0,3.295013084368136e-05
2023-11-29,09:36:38,8.6534,23.94,25.0,3158,14911636.0,3.284489652088503e-05
2023-11-29,09:36:38,8.6569,23.94,25.0,3160,14911637.0,3.273999828970383e-05
2023-11-29,09:36:38,8.6604,23.94,25.0,3157,14911635.0,3.289747160361017e-05
2023-11-29,09:36:38,8.664,23.94,25.0,3155,14911634.0,3.300287437581e-05
2023-11-29,09:36:38,8.6677,23.94,25.0,3157,14911633.0,3.289747160361017e-05
2023-11-29,09:36:38,8.6713,23.94,25.0,3155,14911631.0,3.300287437581e-05
2023-11-29,09:36:38,8.6749,23.94,25.0,3153,14911632.0,3.310861485616324e-05
2023-11-29,09:36:38,8.6784,23.94,25.0,3154,14911632.0,3.305570233492295e-05
2023-11-29,09:36:38,8.6819,23.94,25.0,3155,14911631.0,3.300287437581e-05
2023-11-29,09:36:38,8.6855,23.94,25.0,3154,14911631.0,3.305570233492295e-05
2023-11-29,09:36:38,8.6891,23.94,25.0,3151,14911633.0,3.321469412667937e-05
2023-11-29,09:36:38,8.6926,23.94,25.0,3153,14911633.0,3.310861485616324e-05
2023-11-29,09:36:38,8.6964,23.94,25.0,3156,14911630.0,3.295013084368136e-05
2023-11-29,09:36:38,8.6999,23.94,25.0,3155,14911630.0,3.300287437581e-05
2023-11-29,09:36:38,8.7034,23.94,25.0,3152,14911630.0,3.316161207489005e-05
2023-11-29,09:36:38,8.707,23.94,25.0,3151,14911628.0,3.321469412667937e-05
2023-11-29,09:36:38,8.7106,23.94,25.0,3153,14911627.0,3.310861485616324e-05
2023-11-29,09:36:38,8.7142,23.94,25.0,3151,14911628.0,3.321469412667937e-05
2023-11-29,09:36:38,8.7177,23.94,25.0,3148,14911629.0,3.337445063943879e-05
2023-11-29,09:36:38,8.7213,23.94,25.0,3149,14911629.0,3.332111327283457e-05
2023-11-29,09:36:38,8.7248,23.94,25.0,3149,14911629.0,3.332111327283457e-05
2023-11-29,09:36:38,8.7284,23.94,25.0,3149,14911631.0,3.332111327283457e-05
2023-11-29,09:36:38,8.7319,23.94,25.0,3149,14911630.0,3.332111327283457e-05
2023-11-29,09:36:38,8.7355,23.94,25.0,3149,14911628.0,3.332111327283457e-05
2023-11-29,09:36:38,8.7392,23.94,25.0,3149,14911626.0,3.332111327283457e-05
2023-11-29,09:36:38,8.7428,23.94,25.0,3146,14911625.0,3.34813816419313e-05
2023-11-29,09:36:38,8.7464,23.94,25.0,3147,14911624.0,3.342787338358289e-05
2023-11-29,09:36:38,8.75,23.94,25.0,3148,14911624.0,3.337445063943879e-05
2023-11-29,09:36:38,8.7536,23.94,25.0,3146,14911625.0,3.34813816419313e-05
2023-11-29,09:36:38,8.757,23.94,25.0,3146,14911625.0,3.34813816419313e-05
2023-11-29,09:36:38,8.7606,23.94,25.0,3145,14911625.0,3.353497555136735e-05
2023-11-29,09:36:38,8.7643,23.94,25.0,3148,14911627.0,3.337445063943879e-05
2023-11-29,09:36:38,8.7679,23.94,25.0,3149,14911625.0,3.332111327283457e-05
2023-11-29,09:36:38,8.7714,23.94,25.0,3146,14911623.0,3.34813816419313e-05
2023-11-29,09:36:38,8.7748,23.94,25.0,3145,14911623.0,3.353497555136735e-05
2023-11-29,09:36:38,8.7784,23.94,25.0,3143,14911621.0,3.364242087213114e-05
2023-11-29,09:36:38,8.782,23.94,25.0,3144,14911620.0,3.358865524899333e-05
2023-11-29,09:36:38,8.7856,23.94,25.0,3144,14911621.0,3.358865524899333e-05
2023-11-29,09:36:38,8.7892,23.94,25.0,3143,14911622.0,3.364242087213114e-05
2023-11-29,09:36:38,8.7927,23.94,25.0,3144,14911622.0,3.358865524899333e-05
2023-11-29,09:36:38,8.7963,23.94,25.0,3144,14911621.0,3.358865524899333e-05
2023-11-29,09:36:38,8.7999,23.94,25.0,3145,14911624.0,3.353497555136735e-05
2023-11-29,09:36:38,8.8035,23.94,25.0,3144,14911623.0,3.358865524899333e-05
2023-11-29,09:36:38,8.8071,23.94,25.0,3142,14911621.0,3.369627255832234e-05
2023-11-29,09:36:38,8.8107,23.94,25.0,3141,14911621.0,3.375021044532881e-05
2023-11-29,09:36:38,8.8141,23.94,25.0,3140,14911618.0,3.38042346711328e-05
2023-11-29,09:36:38,8.8177,23.94,25.0,3140,14911618.0,3.38042346711328e-05
2023-11-29,09:36:38,8.8213,23.94,25.0,3141,14911619.0,3.375021044532881e-05
2023-11-29,09:36:38,8.8247,23.94,25.0,3141,14911619.0,3.375021044532881e-05
2023-11-29,09:36:38,8.8283,23.94,25.0,3142,14911622.0,3.369627255832234e-05
2023-11-29,09:36:38,8.8319,23.94,25.0,3142,14911622.0,3.369627255832234e-05
2023-11-29,09:36:38,8.8355,23.94,25.0,3140,14911621.0,3.38042346711328e-05
2023-11-29,09:36:38,8.8391,23.94,25.0,3141,14911620.0,3.375021044532881e-05
2023-11-29,09:36:38,8.8427,23.94,25.0,3140,14911617.0,3.38042346711328e-05
2023-11-29,09:36:38,8.8462,23.94,25.0,3138,14911617.0,3.391254269216747e-05
2023-11-29,09:36:38,8.8498,23.94,25.0,3137,14911616.0,3.396682676446853e-05
2023-11-29,09:36:38,8.8533,23.94,25.0,3138,14911616.0,3.391254269216747e-05
2023-11-29,09:36:38,8.8567,23.94,25.0,3140,14911618.0,3.38042346711328e-05
2023-11-29,09:36:38,8.8603,23.94,25.0,3138,14911619.0,3.391254269216747e-05
2023-11-29,09:36:38,8.8639,23.94,25.0,3138,14911618.0,3.391254269216747e-05
2023-11-29,09:36:38,8.8675,23.94,25.0,3137,14911617.0,3.396682676446853e-05
2023-11-29,09:36:38,8.8711,23.94,25.0,3134,14911615.0,3.413020089558949e-05
2023-11-29,09:36:38,8.8747,23.94,25.0,3137,14911614.0,3.396682676446853e-05
2023-11-29,09:36:38,8.8782,23.94,25.0,3137,14911614.0,3.396682676446853e-05
2023-11-29,09:36:38,8.8818,23.94,25.0,3135,14911614.0,3.407565572697801e-05
2023-11-29,09:36:38,8.8853,23.94,25.0,3135,14911616.0,3.407565572697801e-05
2023-11-29,09:36:38,8.8887,23.94,25.0,3134,14911617.0,3.413020089558949e-05
2023-11-29,09:36:38,8.8925,23.94,25.0,3135,14911618.0,3.407565572697801e-05
2023-11-29,09:36:38,8.8995,23.94,25.0,3135,14911613.0,3.407565572697801e-05
2023-11-29,09:36:38,8.9031,23.94,25.0,3134,14911613.0,3.413020089558949e-05
2023-11-29,09:36:38,8.9067,23.94,25.0,3133,14911612.0,3.418483337507897e-05
2023-11-29,09:36:38,8.9102,23.94,25.0,3132,14911611.0,3.423955330520559e-05
2023-11-29,09:36:38,8.9138,23.94,25.0,3133,14911613.0,3.418483337507897e-05
2023-11-29,09:36:38,8.9174,23.94,25.0,3133,14911614.0,3.418483337507897e-05
2023-11-29,09:36:38,8.921,23.94,25.0,3132,14911613.0,3.423955330520559e-05
2023-11-29,09:36:38,8.9245,23.94,25.0,3131,14911613.0,3.429436082595234e-05
2023-11-29,09:36:38,8.9279,23.94,25.0,3131,14911614.0,3.429436082595234e-05
2023-11-29,09:36:38,8.9315,23.94,25.0,3133,14911613.0,3.418483337507897e-05
2023-11-29,09:36:38,8.9351,23.94,25.0,3132,14911611.0,3.423955330520559e-05
2023-11-29,09:36:38,8.9387,23.94,25.0,3133,14911609.0,3.418483337507897e-05
2023-11-29,09:36:38,8.9422,23.94,25.0,3133,14911609.0,3.418483337507897e-05
2023-11-29,09:36:38,8.9458,23.94,25.0,3132,14911610.0,3.423955330520559e-05
2023-11-29,09:36:38,8.9494,23.94,25.0,3134,14911611.0,3.413020089558949e-05
2023-11-29,09:36:38,8.953,23.94,25.0,3133,14911612.0,3.418483337507897e-05
2023-11-29,09:36:38,8.9566,23.94,25.0,3131,14911612.0,3.429436082595234e-05
2023-11-29,09:36:38,8.9602,23.94,25.0,3130,14911612.0,3.434925607752613e-05
2023-11-29,09:36:38,8.9636,23.94,25.0,3130,14911613.0,3.434925607752613e-05
2023-11-29,09:36:38,8.9671,23.94,25.0,3131,14911611.0,3.429436082595234e-05
2023-11-29,09:36:38,8.9707,23.94,25.0,3130,14911608.0,3.434925607752613e-05
2023-11-29,09:36:38,8.9742,23.94,25.0,3129,14911609.0,3.440423920035846e-05
2023-11-29,09:36:38,8.9778,23.94,25.0,3129,14911609.0,3.440423920035846e-05
2023-11-29,09:36:38,8.9814,23.94,25.0,3127,14911611.0,3.45144696226486e-05
2023-11-29,09:36:38,8.985,23.94,25.0,3130,14911614.0,3.434925607752613e-05
2023-11-29,09:36:38,8.9885,23.94,25.0,3131,14911612.0,3.429436082595234e-05
2023-11-29,09:36:38,8.992,23.94,25.0,3128,14911609.0,3.445931033510548e-05
2023-11-29,09:36:38,8.9956,23.94,25.0,3129,14911607.0,3.440423920035846e-05
2023-11-29,09:36:38,8.9991,23.94,25.0,3129,14911606.0,3.440423920035846e-05
2023-11-29,09:36:38,9.0027,23.94,25.0,3130,14911606.0,3.434925607752613e-05
2023-11-29,09:36:38,9.0062,23.94,25.0,3129,14911606.0,3.440423920035846e-05
2023-11-29,09:36:38,9.0098,23.94,25.0,3126,14911608.0,3.456971720409463e-05
2023-11-29,09:36:38,9.0135,23.94,25.0,3126,14911609.0,3.456971720409463e-05
2023-11-29,09:36:38,9.0171,23.94,25.0,3126,14911610.0,3.456971720409463e-05
2023-11-29,09:36:38,9.0206,23.94,25.0,3127,14911611.0,3.45144696226486e-05
2023-11-29,09:36:38,9.024,23.94,25.0,3128,14911609.0,3.445931033510548e-05
2023-11-29,09:36:38,9.0276,23.94,25.0,3125,14911606.0,3.462505322077639e-05
2023-11-29,09:36:38,9.0313,23.94,25.0,3124,14911606.0,3.468047781425276e-05
2023-11-29,09:36:38,9.0349,23.94,25.0,3125,14911606.0,3.462505322077639e-05
2023-11-29,09:36:38,9.0385,23.94,25.25,3125,14911607.0,3.462505322077639e-05
2023-11-29,09:36:38,9.042,23.94,25.25,3126,14911608.0,3.456971720409463e-05
2023-11-29,09:36:38,9.0454,23.94,25.25,3125,14911607.0,3.462505322077639e-05
2023-11-29,09:36:38,9.049,23.94,25.25,3125,14911607.0,3.462505322077639e-05
2023-11-29,09:36:38,9.0526,23.94,25.25,3125,14911608.0,3.462505322077639e-05
2023-11-29,09:36:38,9.0562,23.94,25.25,3124,14911609.0,3.468047781425276e-05
2023-11-29,09:36:38,9.0598,23.94,25.25,3126,14911606.0,3.456971720409463e-05
2023-11-29,09:36:38,9.0633,23.94,25.25,3124,14911605.0,3.468047781425276e-05
2023-11-29,09:36:38,9.0669,23.94,25.25,3121,14911605.0,3.484728447444074e-05
2023-11-29,09:36:38,9.0704,23.94,25.25,3122,14911605.0,3.479159329895876e-05
2023-11-29,09:36:38,9.074,23.94,25.25,3122,14911606.0,3.479159329895876e-05
2023-11-29,09:36:38,9.0777,23.94,25.25,3125,14911610.0,3.462505322077639e-05
2023-11-29,09:36:38,9.0811,23.94,25.25,3125,14911608.0,3.462505322077639e-05
2023-11-29,09:36:38,9.0846,23.94,25.25,3122,14911606.0,3.479159329895876e-05
2023-11-29,09:36:38,9.0882,23.94,25.25,3122,14911605.0,3.479159329895876e-05
2023-11-29,09:36:38,9.0918,23.94,25.25,3121,14911603.0,3.484728447444074e-05
2023-11-29,09:36:38,9.0953,23.94,25.25,3122,14911603.0,3.479159329895876e-05
2023-11-29,09:36:38,9.0988,23.94,25.25,3122,14911603.0,3.479159329895876e-05
2023-11-29,09:36:38,9.1024,23.94,25.25,3120,14911604.0,3.490306479522282e-05
2023-11-29,09:36:38,9.1061,23.94,25.25,3121,14911605.0,3.484728447444074e-05
2023-11-29,09:36:38,9.1097,23.94,25.25,3122,14911605.0,3.479159329895876e-05
2023-11-29,09:36:38,9.1133,23.94,25.25,3123,14911608.0,3.47359911263094e-05
2023-11-29,09:36:38,9.1166,23.94,25.25,3123,14911606.0,3.47359911263094e-05
2023-11-29,09:36:38,9.12,23.94,25.25,3120,14911602.0,3.490306479522282e-05
2023-11-29,09:36:38,9.1236,23.94,25.25,3118,14911603.0,3.501489344369814e-05
2023-11-29,09:36:38,9.1271,23.94,25.25,3118,14911603.0,3.501489344369814e-05
2023-11-29,09:36:38,9.1307,23.94,25.25,3120,14911603.0,3.490306479522282e-05
2023-11-29,09:36:38,9.1342,23.94,25.25,3123,14911606.0,3.47359911263094e-05
2023-11-29,09:36:38,9.1378,23.94,25.25,3121,14911606.0,3.484728447444074e-05
2023-11-29,09:36:38,9.1414,23.94,25.25,3120,14911605.0,3.490306479522282e-05
2023-11-29,09:36:38,9.1483,23.94,25.25,3120,14911603.0,3.490306479522282e-05
2023-11-29,09:36:38,9.1519,23.94,25.25,3122,14911601.0,3.479159329895876e-05
2023-11-29,09:36:38,9.1555,23.94,25.25,3121,14911600.0,3.484728447444074e-05
2023-11-29,09:36:38,9.1591,23.94,25.25,3118,14911602.0,3.501489344369814e-05
2023-11-29,09:36:38,9.1627,23.94,25.25,3118,14911601.0,3.501489344369814e-05
2023-11-29,09:36:38,9.1662,23.94,25.25,3119,14911601.0,3.495893440400065e-05
2023-11-29,09:36:38,9.1698,23.94,25.25,3122,14911607.0,3.479159329895876e-05
2023-11-29,09:36:38,9.1734,23.94,25.25,3122,14911606.0,3.479159329895876e-05
2023-11-29,09:36:38,9.177,23.94,25.25,3118,14911600.0,3.501489344369814e-05
2023-11-29,09:36:38,9.1805,23.94,25.25,3118,14911600.0,3.501489344369814e-05
2023-11-29,09:36:38,9.1839,23.94,25.25,3118,14911599.0,3.501489344369814e-05
2023-11-29,09:36:38,9.1875,23.94,25.25,3118,14911600.0,3.501489344369814e-05
2023-11-29,09:36:38,9.1911,23.94,25.25,3120,14911603.0,3.490306479522282e-05
2023-11-29,09:36:38,9.1947,23.94,25.25,3118,14911603.0,3.501489344369814e-05
2023-11-29,09:36:39,9.1981,23.94,25.25,3117,14911602.0,3.507094205746813e-05
2023-11-29,09:36:39,9.2016,23.94,25.25,3119,14911601.0,3.495893440400065e-05
2023-11-29,09:36:39,9.2053,23.94,25.25,3120,14911601.0,3.490306479522282e-05
2023-11-29,09:36:39,9.2089,23.94,25.25,3121,14911600.0,3.484728447444074e-05
2023-11-29,09:36:39,9.2123,23.94,25.25,3118,14911598.0,3.501489344369814e-05
2023-11-29,09:36:39,9.2159,23.94,25.25,3116,14911599.0,3.512708038869248e-05
2023-11-29,09:36:39,9.2195,23.94,25.25,3117,14911599.0,3.507094205746813e-05
2023-11-29,09:36:39,9.2231,23.94,25.25,3117,14911600.0,3.507094205746813e-05
2023-11-29,09:36:39,9.2267,23.94,25.25,3119,14911604.0,3.495893440400065e-05
2023-11-29,09:36:39,9.2301,23.94,25.25,3119,14911602.0,3.495893440400065e-05
2023-11-29,09:36:39,9.2337,23.94,25.25,3117,14911599.0,3.507094205746813e-05
2023-11-29,09:36:39,9.2373,23.94,25.25,3117,14911599.0,3.507094205746813e-05
2023-11-29,09:36:39,9.2409,23.94,25.25,3116,14911597.0,3.512708038869248e-05
2023-11-29,09:36:39,9.2445,23.94,25.25,3116,14911597.0,3.512708038869248e-05
2023-11-29,09:36:39,9.2479,23.94,25.25,3118,14911599.0,3.501489344369814e-05
2023-11-29,09:36:39,9.2515,23.94,25.25,3117,14911600.0,3.507094205746813e-05
2023-11-29,09:36:39,9.2551,23.94,25.25,3117,14911599.0,3.507094205746813e-05
2023-11-29,09:36:39,9.2587,23.94,25.25,3117,14911600.0,3.507094205746813e-05
2023-11-29,09:36:39,9.2622,23.94,25.25,3117,14911603.0,3.507094205746813e-05
2023-11-29,09:36:39,9.2657,23.94,25.25,3118,14911600.0,3.501489344369814e-05
2023-11-29,09:36:39,9.2692,23.94,25.25,3115,14911596.0,3.518330858098268e-05
2023-11-29,09:36:39,9.2727,23.94,25.25,3113,14911597.0,3.529603512435602e-05
2023-11-29,09:36:39,9.2763,23.94,25.25,3113,14911597.0,3.529603512435602e-05
2023-11-29,09:36:39,9.2799,23.94,25.25,3115,14911597.0,3.518330858098268e-05
2023-11-29,09:36:39,9.2835,23.94,25.25,3118,14911603.0,3.501489344369814e-05
2023-11-29,09:36:39,9.287,23.94,25.25,3117,14911601.0,3.507094205746813e-05
2023-11-29,09:36:39,9.2904,23.94,25.25,3114,14911597.0,3.523962677818e-05
2023-11-29,09:36:39,9.294,23.94,25.25,3112,14911599.0,3.535253376381289e-05
2023-11-29,09:36:39,9.2976,23.94,25.25,3112,14911598.0,3.535253376381289e-05
2023-11-29,09:36:39,9.3012,23.94,25.25,3115,14911595.0,3.518330858098268e-05
2023-11-29,09:36:39,9.3046,23.94,25.25,3117,14911596.0,3.507094205746813e-05
2023-11-29,09:36:39,9.3081,23.94,25.25,3113,14911598.0,3.529603512435602e-05
2023-11-29,09:36:39,9.3117,23.94,25.25,3112,14911598.0,3.535253376381289e-05
2023-11-29,09:36:39,9.3152,23.94,25.25,3113,14911599.0,3.529603512435602e-05
2023-11-29,09:36:39,9.3188,23.94,25.25,3115,14911601.0,3.518330858098268e-05
2023-11-29,09:36:39,9.3224,23.94,25.25,3118,14911597.0,3.501489344369814e-05
2023-11-29,09:36:39,9.326,23.94,25.25,3114,14911594.0,3.523962677818e-05
2023-11-29,09:36:39,9.3294,23.94,25.25,3110,14911596.0,3.546580250093324e-05
2023-11-29,09:36:39,9.3329,23.94,25.25,3110,14911596.0,3.546580250093324e-05
2023-11-29,09:36:39,9.3365,23.94,25.25,3111,14911598.0,3.540912284108381e-05
2023-11-29,09:36:39,9.3401,23.94,25.25,3113,14911603.0,3.529603512435602e-05
2023-11-29,09:36:39,9.3435,23.94,25.25,3114,14911601.0,3.523962677818e-05
2023-11-29,09:36:39,9.347,23.94,25.25,3112,14911596.0,3.535253376381289e-05
2023-11-29,09:36:39,9.3542,23.94,25.25,3111,14911594.0,3.540912284108381e-05
2023-11-29,09:36:39,9.3577,23.94,25.25,3112,14911594.0,3.535253376381289e-05
2023-11-29,09:36:39,9.3613,23.94,25.25,3114,14911596.0,3.523962677818e-05
2023-11-29,09:36:39,9.3648,23.94,25.25,3111,14911597.0,3.540912284108381e-05
2023-11-29,09:36:39,9.3684,23.94,25.25,3110,14911597.0,3.546580250093324e-05
2023-11-29,09:36:39,9.3719,23.94,25.25,3110,14911598.0,3.546580250093324e-05
2023-11-29,09:36:39,9.3755,23.94,25.25,3111,14911600.0,3.540912284108381e-05
2023-11-29,09:36:39,9.3791,23.94,25.25,3115,14911594.0,3.518330858098268e-05
2023-11-29,09:36:39,9.3826,23.94,25.25,3111,14911590.0,3.540912284108381e-05
2023-11-29,09:36:39,9.3862,23.94,25.25,3108,14911593.0,3.557943414858484e-05
2023-11-29,09:36:39,9.3897,23.94,25.25,3109,14911593.0,3.55225728883575e-05
2023-11-29,09:36:39,9.3933,23.94,25.25,3109,14911595.0,3.55225728883575e-05
2023-11-29,09:36:39,9.3969,23.94,25.25,3112,14911599.0,3.535253376381289e-05
2023-11-29,09:36:39,9.4004,23.94,25.25,3110,14911598.0,3.546580250093324e-05
2023-11-29,09:36:39,9.4038,23.94,25.25,3108,14911596.0,3.557943414858484e-05
2023-11-29,09:36:39,9.4074,23.94,25.25,3109,14911597.0,3.55225728883575e-05
2023-11-29,09:36:39,9.411,23.94,25.25,3109,14911595.0,3.55225728883575e-05
2023-11-29,09:36:39,9.4146,23.94,25.25,3113,14911591.0,3.529603512435602e-05
2023-11-29,09:36:39,9.4182,23.94,25.25,3113,14911592.0,3.529603512435602e-05
2023-11-29,09:36:39,9.4217,23.94,25.25,3109,14911594.0,3.55225728883575e-05
2023-11-29,09:36:39,9.4253,23.94,25.25,3108,14911592.0,3.557943414858484e-05
2023-11-29,09:36:39,9.4289,23.94,25.25,3107,14911595.0,3.563638642707614e-05
2023-11-29,09:36:39,9.4325,23.94,25.25,3110,14911599.0,3.546580250093324e-05
2023-11-29,09:36:39,9.4359,23.94,25.25,3115,14911594.0,3.518330858098268e-05
2023-11-29,09:36:39,9.4394,23.94,25.25,3113,14911591.0,3.529603512435602e-05
2023-11-29,09:36:39,9.443,23.94,25.25,3110,14911593.0,3.546580250093324e-05
2023-11-29,09:36:39,9.4466,23.94,25.25,3109,14911592.0,3.55225728883575e-05
2023-11-29,09:36:39,9.4502,23.94,25.25,3110,14911592.0,3.546580250093324e-05
2023-11-29,09:36:39,9.4537,23.94,25.25,3112,14911596.0,3.535253376381289e-05
2023-11-29,09:36:39,9.4572,23.94,25.25,3109,14911597.0,3.55225728883575e-05
2023-11-29,09:36:39,9.4606,23.94,25.25,3108,14911595.0,3.557943414858484e-05
2023-11-29,09:36:39,9.4642,23.94,25.25,3109,14911597.0,3.55225728883575e-05
2023-11-29,09:36:39,9.4678,23.94,25.25,3110,14911597.0,3.546580250093324e-05
2023-11-29,09:36:39,9.4714,23.94,25.25,3114,14911591.0,3.523962677818e-05
2023-11-29,09:36:39,9.4749,23.94,25.25,3112,14911590.0,3.535253376381289e-05
2023-11-29,09:36:39,9.4784,23.94,25.25,3107,14911592.0,3.563638642707614e-05
2023-11-29,09:36:39,9.482,23.94,25.25,3107,14911593.0,3.563638642707614e-05
2023-11-29,09:36:39,9.4855,23.94,25.25,3107,14911596.0,3.563638642707614e-05
2023-11-29,09:36:39,9.4891,23.94,25.25,3110,14911598.0,3.546580250093324e-05
2023-11-29,09:36:39,9.4926,23.94,25.25,3114,14911593.0,3.523962677818e-05
2023-11-29,09:36:39,9.4962,23.94,25.25,3109,14911589.0,3.55225728883575e-05
2023-11-29,09:36:39,9.4997,23.94,25.25,3106,14911590.0,3.5693429869525e-05
2023-11-29,09:36:39,9.5031,23.94,25.25,3107,14911591.0,3.563638642707614e-05
2023-11-29,09:36:39,9.5069,23.94,25.25,3107,14911593.0,3.563638642707614e-05
2023-11-29,09:36:39,9.5104,23.94,25.25,3110,14911596.0,3.546580250093324e-05
2023-11-29,09:36:39,9.5139,23.94,25.25,3107,14911595.0,3.563638642707614e-05
2023-11-29,09:36:39,9.5175,23.94,25.25,3105,14911595.0,3.575056462185832e-05
2023-11-29,09:36:39,9.5209,23.94,25.25,3105,14911596.0,3.575056462185832e-05
2023-11-29,09:36:39,9.5245,23.94,25.25,3105,14911594.0,3.575056462185832e-05
2023-11-29,09:36:39,9.5281,23.94,25.25,3110,14911590.0,3.546580250093324e-05
2023-11-29,09:36:39,9.5316,23.94,25.25,3110,14911590.0,3.546580250093324e-05
2023-11-29,09:36:39,9.5351,23.94,25.25,3105,14911592.0,3.575056462185832e-05
2023-11-29,09:36:39,9.5387,23.94,25.25,3105,14911592.0,3.575056462185832e-05
2023-11-29,09:36:39,9.5423,23.94,25.25,3107,14911595.0,3.563638642707614e-05
2023-11-29,09:36:39,9.5459,23.94,25.25,3107,14911597.0,3.563638642707614e-05
2023-11-29,09:36:39,9.5494,23.94,25.25,3109,14911594.0,3.55225728883575e-05
2023-11-29,09:36:39,9.5528,23.94,25.25,3107,14911589.0,3.563638642707614e-05
2023-11-29,09:36:39,9.56,23.94,25.25,3104,14911590.0,3.580779083023649e-05
2023-11-29,09:36:39,9.5634,23.94,25.25,3105,14911591.0,3.575056462185832e-05
2023-11-29,09:36:39,9.567,23.94,25.25,3108,14911594.0,3.557943414858484e-05
2023-11-29,09:36:39,9.5706,23.94,25.25,3104,14911594.0,3.580779083023649e-05
2023-11-29,09:36:39,9.5741,23.94,25.25,3102,14911593.0,3.592251820093948e-05
2023-11-29,09:36:39,9.5776,23.94,25.25,3104,14911595.0,3.580779083023649e-05
2023-11-29,09:36:39,9.5812,23.94,25.25,3105,14911594.0,3.575056462185832e-05
2023-11-29,09:36:39,9.5848,23.94,25.25,3110,14911587.0,3.546580250093324e-05
2023-11-29,09:36:39,9.5884,23.94,25.25,3108,14911587.0,3.557943414858484e-05
2023-11-29,09:36:39,9.592,23.94,25.25,3103,14911591.0,3.586510864105399e-05
2023-11-29,09:36:39,9.5956,23.94,25.25,3105,14911591.0,3.575056462185832e-05
2023-11-29,09:36:39,9.599,23.94,25.25,3107,14911593.0,3.563638642707614e-05
2023-11-29,09:36:39,9.6026,23.94,25.25,3107,14911596.0,3.563638642707614e-05
2023-11-29,09:36:39,9.6062,23.94,25.25,3107,14911594.0,3.563638642707614e-05
2023-11-29,09:36:39,9.6096,23.94,25.25,3105,14911589.0,3.575056462185832e-05
2023-11-29,09:36:39,9.6131,23.94,25.25,3104,14911590.0,3.580779083023649e-05
2023-11-29,09:36:39,9.6167,23.94,25.25,3104,14911590.0,3.580779083023649e-05
2023-11-29,09:36:39,9.6204,23.94,25.25,3107,14911588.0,3.563638642707614e-05
2023-11-29,09:36:39,9.6238,23.94,25.25,3109,14911590.0,3.55225728883575e-05
2023-11-29,09:36:39,9.6274,23.94,25.25,3102,14911593.0,3.592251820093948e-05
2023-11-29,09:36:39,9.631,23.94,25.25,3101,14911593.0,3.598001965675648e-05
2023-11-29,09:36:39,9.6343,23.94,25.25,3103,14911594.0,3.586510864105399e-05
2023-11-29,09:36:39,9.6379,23.94,25.25,3103,14911593.0,3.586510864105399e-05
2023-11-29,09:36:39,9.6416,23.94,25.25,3108,14911588.0,3.557943414858484e-05
2023-11-29,09:36:39,9.6451,23.94,25.25,3106,14911585.0,3.5693429869525e-05
2023-11-29,09:36:39,9.6487,23.94,25.25,3102,14911588.0,3.592251820093948e-05
2023-11-29,09:36:39,9.6523,23.94,25.25,3104,14911591.0,3.580779083023649e-05
2023-11-29,09:36:39,9.6558,23.94,25.25,3104,14911593.0,3.580779083023649e-05
2023-11-29,09:36:39,9.6596,23.94,25.25,3104,14911596.0,3.580779083023649e-05
2023-11-29,09:36:39,9.663,23.94,25.25,3103,14911594.0,3.586510864105399e-05
2023-11-29,09:36:39,9.6665,23.94,25.25,3102,14911593.0,3.592251820093948e-05
2023-11-29,09:36:39,9.6701,23.94,25.25,3103,14911593.0,3.586510864105399e-05
2023-11-29,09:36:39,9.6736,23.94,25.25,3102,14911590.0,3.592251820093948e-05
2023-11-29,09:36:39,9.6772,23.94,25.25,3107,14911584.0,3.563638642707614e-05
2023-11-29,09:36:39,9.6807,23.94,25.25,3109,14911587.0,3.55225728883575e-05
2023-11-29,09:36:39,9.6843,23.94,25.25,3101,14911591.0,3.598001965675648e-05
2023-11-29,09:36:39,9.6878,23.94,25.25,3100,14911591.0,3.603761315560348e-05
2023-11-29,09:36:39,9.6914,23.94,25.25,3102,14911594.0,3.592251820093948e-05
2023-11-29,09:36:39,9.6951,23.94,25.25,3103,14911597.0,3.586510864105399e-05
2023-11-29,09:36:39,9.6986,23.94,25.25,3108,14911590.0,3.557943414858484e-05
2023-11-29,09:36:39,9.7021,23.94,25.25,3105,14911586.0,3.575056462185832e-05
2023-11-29,09:36:39,9.7056,23.94,25.25,3102,14911589.0,3.592251820093948e-05
2023-11-29,09:36:39,9.7092,23.94,25.25,3102,14911589.0,3.592251820093948e-05
2023-11-29,09:36:39,9.7128,23.94,25.25,3102,14911589.0,3.592251820093948e-05
2023-11-29,09:36:39,9.7163,23.94,25.25,3106,14911592.0,3.5693429869525e-05
2023-11-29,09:36:39,9.7197,23.94,25.25,3101,14911594.0,3.598001965675648e-05
2023-11-29,09:36:39,9.7233,23.94,25.25,3100,14911593.0,3.603761315560348e-05
2023-11-29,09:36:39,9.7269,23.94,25.25,3102,14911593.0,3.592251820093948e-05
2023-11-29,09:36:39,9.7305,23.94,25.25,3101,14911593.0,3.598001965675648e-05
2023-11-29,09:36:39,9.7341,23.94,25.25,3107,14911586.0,3.563638642707614e-05
2023-11-29,09:36:39,9.7375,23.94,25.25,3106,14911585.0,3.5693429869525e-05
2023-11-29,09:36:39,9.7411,23.94,25.25,3099,14911589.0,3.609529884481451e-05
2023-11-29,09:36:39,9.7447,23.94,25.25,3099,14911589.0,3.609529884481451e-05
2023-11-29,09:36:39,9.7483,23.94,25.25,3104,14911589.0,3.580779083023649e-05
2023-11-29,09:36:39,9.7518,23.94,25.25,3106,14911595.0,3.5693429869525e-05
2023-11-29,09:36:39,9.7553,23.94,25.25,3105,14911593.0,3.575056462185832e-05
2023-11-29,09:36:39,9.7589,23.94,25.25,3102,14911587.0,3.592251820093948e-05
2023-11-29,09:36:39,9.7625,23.94,25.25,3100,14911587.0,3.603761315560348e-05
2023-11-29,09:36:39,9.7659,23.94,25.25,3100,14911588.0,3.603761315560348e-05
2023-11-29,09:36:39,9.7695,23.94,25.25,3103,14911586.0,3.586510864105399e-05
2023-11-29,09:36:39,9.7731,23.94,25.25,3106,14911588.0,3.5693429869525e-05
2023-11-29,09:36:39,9.7801,23.94,25.25,3097,14911590.0,3.621094738484417e-05
2023-11-29,09:36:39,9.7836,23.94,25.25,3098,14911592.0,3.615307687195937e-05
2023-11-29,09:36:39,9.7872,23.94,25.25,3099,14911591.0,3.609529884481451e-05
2023-11-29,09:36:39,9.7909,23.94,25.25,3106,14911584.0,3.5693429869525e-05
2023-11-29,09:36:39,9.7943,23.94,25.25,3108,14911584.0,3.557943414858484e-05
2023-11-29,09:36:39,9.7979,23.94,25.25,3101,14911589.0,3.598001965675648e-05
2023-11-29,09:36:39,9.8015,23.94,25.25,3099,14911587.0,3.609529884481451e-05
2023-11-29,09:36:39,9.805,23.94,25.25,3101,14911590.0,3.598001965675648e-05
2023-11-29,09:36:39,9.8086,23.94,25.25,3103,14911594.0,3.586510864105399e-05
2023-11-29,09:36:39,9.8121,23.94,25.25,3104,14911592.0,3.580779083023649e-05
2023-11-29,09:36:39,9.8157,23.94,25.25,3101,14911588.0,3.598001965675648e-05
2023-11-29,09:36:39,9.8192,23.94,25.25,3100,14911589.0,3.603761315560348e-05
2023-11-29,09:36:39,9.8228,23.94,25.25,3101,14911588.0,3.598001965675648e-05
2023-11-29,09:36:39,9.8265,23.94,25.25,3104,14911584.0,3.580779083023649e-05
2023-11-29,09:36:39,9.8299,23.94,25.25,3105,14911587.0,3.575056462185832e-05
2023-11-29,09:36:39,9.8334,23.94,25.25,3098,14911591.0,3.615307687195937e-05
2023-11-29,09:36:39,9.837,23.94,25.25,3097,14911589.0,3.621094738484417e-05
2023-11-29,09:36:39,9.8406,23.94,25.25,3098,14911592.0,3.615307687195937e-05
2023-11-29,09:36:39,9.8441,23.94,25.25,3099,14911593.0,3.609529884481451e-05
2023-11-29,09:36:39,9.8477,23.94,25.25,3105,14911586.0,3.575056462185832e-05
2023-11-29,09:36:39,9.8512,23.94,25.25,3102,14911583.0,3.592251820093948e-05
2023-11-29,09:36:39,9.8548,23.94,25.25,3098,14911586.0,3.615307687195937e-05
2023-11-29,09:36:39,9.8583,23.94,25.25,3099,14911586.0,3.609529884481451e-05
2023-11-29,09:36:39,9.8618,23.94,25.25,3101,14911588.0,3.598001965675648e-05
2023-11-29,09:36:39,9.8655,23.94,25.25,3103,14911591.0,3.586510864105399e-05
2023-11-29,09:36:39,9.8691,23.94,25.25,3099,14911591.0,3.609529884481451e-05
2023-11-29,09:36:39,9.8727,23.94,25.25,3098,14911590.0,3.615307687195937e-05
2023-11-29,09:36:39,9.8761,23.94,25.25,3099,14911591.0,3.609529884481451e-05
2023-11-29,09:36:39,9.8796,23.94,25.25,3100,14911591.0,3.603761315560348e-05
2023-11-29,09:36:39,9.8833,23.94,25.25,3106,14911584.0,3.5693429869525e-05
2023-11-29,09:36:39,9.8868,23.94,25.25,3105,14911583.0,3.575056462185832e-05
2023-11-29,09:36:39,9.8903,23.94,25.25,3098,14911588.0,3.615307687195937e-05
2023-11-29,09:36:39,9.8941,23.94,25.25,3098,14911587.0,3.615307687195937e-05
2023-11-29,09:36:39,9.8976,23.94,25.25,3098,14911590.0,3.615307687195937e-05
2023-11-29,09:36:39,9.9012,23.94,25.25,3099,14911594.0,3.609529884481451e-05
2023-11-29,09:36:39,9.9047,23.94,25.25,3103,14911589.0,3.586510864105399e-05
2023-11-29,09:36:39,9.9081,23.94,25.25,3099,14911584.0,3.609529884481451e-05
2023-11-29,09:36:39,9.9117,23.94,25.25,3098,14911585.0,3.615307687195937e-05
2023-11-29,09:36:39,9.9153,23.94,25.25,3099,14911586.0,3.609529884481451e-05
2023-11-29,09:36:39,9.9189,23.94,25.25,3101,14911584.0,3.598001965675648e-05
2023-11-29,09:36:39,9.9223,23.94,25.25,3103,14911585.0,3.586510864105399e-05
2023-11-29,09:36:39,9.9258,23.94,25.25,3095,14911589.0,3.632696646024102e-05
2023-11-29,09:36:39,9.9295,23.94,25.25,3094,14911589.0,3.638511531954964e-05
2023-11-29,09:36:39,9.9332,23.94,25.25,3096,14911591.0,3.626891053151149e-05
2023-11-29,09:36:39,9.9368,23.94,25.25,3097,14911593.0,3.621094738484417e-05
2023-11-29,09:36:39,9.9403,23.94,25.25,3103,14911586.0,3.586510864105399e-05
2023-11-29,09:36:39,9.9437,23.94,25.25,3100,14911582.0,3.603761315560348e-05
2023-11-29,09:36:39,9.9473,23.94,25.25,3095,14911585.0,3.632696646024102e-05
2023-11-29,09:36:39,9.9509,23.94,25.25,3096,14911585.0,3.626891053151149e-05
2023-11-29,09:36:39,9.9545,23.94,25.25,3099,14911587.0,3.609529884481451e-05
2023-11-29,09:36:39,9.9581,23.94,25.25,3102,14911592.0,3.592251820093948e-05
2023-11-29,09:36:39,9.9615,23.94,25.25,3097,14911593.0,3.621094738484417e-05
2023-11-29,09:36:39,9.9651,23.94,25.25,3094,14911589.0,3.638511531954964e-05
2023-11-29,09:36:39,9.9687,23.94,25.25,3095,14911590.0,3.632696646024102e-05
2023-11-29,09:36:39,9.9723,23.94,25.25,3096,14911590.0,3.626891053151149e-05
2023-11-29,09:36:39,9.976,23.94,25.25,3100,14911585.0,3.603761315560348e-05
2023-11-29,09:36:39,9.9794,23.94,25.25,3098,14911583.0,3.615307687195937e-05
2023-11-29,09:36:39,9.9829,23.94,25.25,3093,14911585.0,3.644335725819217e-05
2023-11-29,09:36:39,9.9865,23.94,25.25,3094,14911585.0,3.638511531954964e-05
2023-11-29,09:36:39,9.9901,23.94,25.25,3096,14911589.0,3.626891053151149e-05
2023-11-29,09:36:39,9.9936,23.94,25.25,3098,14911594.0,3.615307687195937e-05
2023-11-29,09:36:39,9.9971,23.94,25.25,3101,14911588.0,3.598001965675648e-05
2023-11-29,09:36:39,10.0007,23.94,25.25,3097,14911582.0,3.621094738484417e-05
2023-11-29,09:36:39,10.0044,23.94,25.25,3094,14911585.0,3.638511531954964e-05
2023-11-29,09:36:39,10.0078,23.94,25.25,3095,14911587.0,3.632696646024102e-05
2023-11-29,09:36:39,10.0113,23.94,25.25,3097,14911585.0,3.621094738484417e-05
2023-11-29,09:36:39,10.0149,23.94,25.25,3099,14911587.0,3.609529884481451e-05
2023-11-29,09:36:39,10.0185,23.94,25.25,3093,14911591.0,3.644335725819217e-05
2023-11-29,09:36:39,10.0221,23.94,25.25,3092,14911588.0,3.650169242516131e-05
2023-11-29,09:36:39,10.0255,23.94,25.25,3095,14911588.0,3.632696646024102e-05
2023-11-29,09:36:39,10.0328,23.94,25.25,3102,14911583.0,3.592251820093948e-05
2023-11-29,09:36:39,10.0363,23.94,25.25,3100,14911581.0,3.603761315560348e-05
2023-11-29,09:36:39,10.0397,23.94,25.25,3093,14911585.0,3.644335725819217e-05
2023-11-29,09:36:39,10.0433,23.94,25.25,3094,14911584.0,3.638511531954964e-05
2023-11-29,09:36:39,10.0469,23.94,25.25,3096,14911588.0,3.626891053151149e-05
2023-11-29,09:36:39,10.0505,23.94,25.25,3097,14911593.0,3.621094738484417e-05
2023-11-29,09:36:39,10.0539,23.94,25.25,3100,14911588.0,3.603761315560348e-05
2023-11-29,09:36:39,10.0575,23.94,25.25,3099,14911583.0,3.609529884481451e-05
2023-11-29,09:36:39,10.0611,23.94,25.25,3099,14911583.0,3.609529884481451e-05
2023-11-29,09:36:39,10.0647,23.94,25.25,3099,14911585.0,3.609529884481451e-05
2023-11-29,09:36:39,10.0683,23.94,25.25,3098,14911586.0,3.615307687195937e-05
2023-11-29,09:36:39,10.0717,23.94,25.25,3099,14911585.0,3.609529884481451e-05
2023-11-29,09:36:39,10.0753,23.94,25.25,3094,14911588.0,3.638511531954964e-05
2023-11-29,09:36:39,10.0789,23.94,25.25,3094,14911588.0,3.638511531954964e-05
2023-11-29,09:36:39,10.0823,23.94,25.25,3094,14911591.0,3.638511531954964e-05
2023-11-29,09:36:39,10.0859,23.94,25.25,3093,14911593.0,3.644335725819217e-05
2023-11-29,09:36:39,10.0896,23.94,25.25,3099,14911584.0,3.609529884481451e-05
2023-11-29,09:36:39,10.0931,23.94,25.25,3096,14911579.0,3.626891053151149e-05
2023-11-29,09:36:39,10.0966,23.94,25.25,3091,14911582.0,3.656012096968847e-05
2023-11-29,09:36:39,10.1001,23.94,25.25,3094,14911583.0,3.638511531954964e-05
2023-11-29,09:36:39,10.1037,23.94,25.25,3099,14911585.0,3.609529884481451e-05
2023-11-29,09:36:39,10.1073,23.94,25.25,3099,14911589.0,3.609529884481451e-05
2023-11-29,09:36:39,10.1108,23.94,25.25,3094,14911589.0,3.638511531954964e-05
2023-11-29,09:36:39,10.1143,23.94,25.25,3093,14911587.0,3.644335725819217e-05
2023-11-29,09:36:39,10.1181,23.94,25.25,3095,14911587.0,3.632696646024102e-05
2023-11-29,09:36:39,10.1216,23.94,25.25,3096,14911586.0,3.626891053151149e-05
2023-11-29,09:36:39,10.1251,23.94,25.25,3097,14911584.0,3.621094738484417e-05
2023-11-29,09:36:39,10.1286,23.94,25.25,3096,14911582.0,3.626891053151149e-05
2023-11-29,09:36:39,10.1321,23.94,25.25,3092,14911584.0,3.650169242516131e-05
2023-11-29,09:36:39,10.1357,23.94,25.25,3093,14911585.0,3.644335725819217e-05
2023-11-29,09:36:39,10.1394,23.94,25.25,3091,14911590.0,3.656012096968847e-05
2023-11-29,09:36:39,10.143,23.94,25.25,3091,14911594.0,3.656012096968847e-05
2023-11-29,09:36:39,10.1465,23.94,25.25,3099,14911586.0,3.609529884481451e-05
2023-11-29,09:36:39,10.1501,23.94,25.25,3097,14911580.0,3.621094738484417e-05
2023-11-29,09:36:39,10.1536,23.94,25.25,3094,14911582.0,3.638511531954964e-05
2023-11-29,09:36:39,10.1572,23.94,25.25,3093,14911583.0,3.644335725819217e-05
2023-11-29,09:36:39,10.1607,23.94,25.25,3095,14911582.0,3.632696646024102e-05
2023-11-29,09:36:39,10.1643,23.94,25.25,3098,14911584.0,3.615307687195937e-05
2023-11-29,09:36:39,10.168,23.94,25.25,3091,14911588.0,3.656012096968847e-05
2023-11-29,09:36:39,10.1714,23.94,25.25,3091,14911588.0,3.656012096968847e-05
2023-11-29,09:36:39,10.1749,23.94,25.25,3092,14911589.0,3.650169242516131e-05
2023-11-29,09:36:39,10.1786,23.94,25.25,3091,14911591.0,3.656012096968847e-05
2023-11-29,09:36:39,10.1822,23.94,25.25,3097,14911584.0,3.621094738484417e-05
2023-11-29,09:36:39,10.1856,23.94,25.25,3095,14911579.0,3.632696646024102e-05
2023-11-29,09:36:39,10.1892,23.94,25.25,3090,14911580.0,3.661864304124377e-05
2023-11-29,09:36:39,10.1927,23.94,25.25,3091,14911581.0,3.656012096968847e-05
2023-11-29,09:36:39,10.1961,23.94,25.25,3092,14911587.0,3.650169242516131e-05
2023-11-29,09:36:40,10.1998,23.94,25.25,3093,14911590.0,3.644335725819217e-05
2023-11-29,09:36:40,10.2034,23.94,25.25,3091,14911589.0,3.656012096968847e-05
2023-11-29,09:36:40,10.2069,23.94,25.25,3090,14911588.0,3.661864304124377e-05
2023-11-29,09:36:40,10.2105,23.94,25.25,3092,14911586.0,3.650169242516131e-05
2023-11-29,09:36:40,10.2142,23.94,25.25,3092,14911586.0,3.650169242516131e-05
2023-11-29,09:36:40,10.2178,23.94,25.25,3093,14911584.0,3.644335725819217e-05
2023-11-29,09:36:40,10.2212,23.94,25.25,3093,14911582.0,3.644335725819217e-05
2023-11-29,09:36:40,10.2248,23.94,25.25,3089,14911584.0,3.66772587895367e-05
2023-11-29,09:36:40,10.2284,23.94,25.25,3090,14911585.0,3.661864304124377e-05
2023-11-29,09:36:40,10.232,23.94,25.25,3091,14911588.0,3.656012096968847e-05
2023-11-29,09:36:40,10.2356,23.94,25.25,3091,14911591.0,3.656012096968847e-05
2023-11-29,09:36:40,10.2391,23.94,25.25,3094,14911586.0,3.638511531954964e-05
2023-11-29,09:36:40,10.2427,23.94,25.25,3091,14911581.0,3.656012096968847e-05
2023-11-29,09:36:40,10.2463,23.94,25.25,3090,14911583.0,3.661864304124377e-05
2023-11-29,09:36:40,10.2499,23.94,25.25,3090,14911583.0,3.661864304124377e-05
2023-11-29,09:36:40,10.2534,23.94,25.25,3093,14911583.0,3.644335725819217e-05
2023-11-29,09:36:40,10.2568,23.94,25.25,3095,14911585.0,3.632696646024102e-05
2023-11-29,09:36:40,10.2604,23.94,25.25,3087,14911588.0,3.679477191637176e-05
2023-11-29,09:36:40,10.264,23.94,25.25,3088,14911588.0,3.673596836451631e-05
2023-11-29,09:36:40,10.2676,23.94,25.25,3092,14911587.0,3.650169242516131e-05
2023-11-29,09:36:40,10.2711,23.94,25.25,3091,14911588.0,3.656012096968847e-05
2023-11-29,09:36:40,10.2746,23.94,25.25,3093,14911584.0,3.644335725819217e-05
2023-11-29,09:36:40,10.2781,23.94,25.25,3091,14911580.0,3.656012096968847e-05
2023-11-29,09:36:40,10.2852,23.94,25.25,3091,14911581.0,3.656012096968847e-05
2023-11-29,09:36:40,10.2888,23.94,25.25,3091,14911587.0,3.656012096968847e-05
2023-11-29,09:36:40,10.2924,23.94,25.25,3092,14911590.0,3.650169242516131e-05
2023-11-29,09:36:40,10.296,23.94,25.25,3091,14911587.0,3.656012096968847e-05
2023-11-29,09:36:40,10.2996,23.94,25.25,3088,14911583.0,3.673596836451631e-05
2023-11-29,09:36:40,10.303,23.94,25.25,3090,14911583.0,3.661864304124377e-05
2023-11-29,09:36:40,10.3066,23.94,25.25,3091,14911584.0,3.656012096968847e-05
2023-11-29,09:36:40,10.3103,23.94,25.25,3091,14911583.0,3.656012096968847e-05
2023-11-29,09:36:40,10.3138,23.94,25.25,3092,14911582.0,3.650169242516131e-05
2023-11-29,09:36:40,10.3172,23.94,25.25,3089,14911584.0,3.66772587895367e-05
2023-11-29,09:36:40,10.3209,23.94,25.25,3090,14911585.0,3.661864304124377e-05
2023-11-29,09:36:40,10.3246,23.94,25.25,3092,14911586.0,3.650169242516131e-05
2023-11-29,09:36:40,10.3282,23.94,25.25,3091,14911589.0,3.656012096968847e-05
2023-11-29,09:36:40,10.3317,23.94,25.25,3093,14911586.0,3.644335725819217e-05
2023-11-29,09:36:40,10.3351,23.94,25.25,3092,14911581.0,3.650169242516131e-05
2023-11-29,09:36:40,10.3387,23.94,25.25,3090,14911582.0,3.661864304124377e-05
2023-11-29,09:36:40,10.3423,23.94,25.25,3089,14911583.0,3.66772587895367e-05
2023-11-29,09:36:40,10.3459,23.94,25.25,3094,14911581.0,3.638511531954964e-05
2023-11-29,09:36:40,10.3495,23.94,25.25,3096,14911584.0,3.626891053151149e-05
2023-11-29,09:36:40,10.3529,23.94,25.25,3087,14911589.0,3.679477191637176e-05
2023-11-29,09:36:40,10.3565,23.94,25.25,3086,14911588.0,3.685366959553251e-05
2023-11-29,09:36:40,10.3601,23.94,25.25,3090,14911586.0,3.661864304124377e-05
2023-11-29,09:36:40,10.3636,23.94,25.25,3091,14911587.0,3.656012096968847e-05
2023-11-29,09:36:40,10.3671,23.94,25.25,3091,14911585.0,3.656012096968847e-05
2023-11-29,09:36:40,10.3707,23.94,25.25,3087,14911580.0,3.679477191637176e-05
2023-11-29,09:36:40,10.3743,23.94,25.25,3087,14911579.0,3.679477191637176e-05
2023-11-29,09:36:40,10.3779,23.94,25.25,3091,14911584.0,3.656012096968847e-05
2023-11-29,09:36:40,10.3815,23.94,25.25,3093,14911586.0,3.644335725819217e-05
2023-11-29,09:36:40,10.3851,23.94,25.25,3093,14911586.0,3.644335725819217e-05
2023-11-29,09:36:40,10.3885,23.94,25.25,3088,14911588.0,3.673596836451631e-05
2023-11-29,09:36:40,10.3921,23.94,25.25,3088,14911586.0,3.673596836451631e-05
2023-11-29,09:36:40,10.3957,23.94,25.25,3090,14911586.0,3.661864304124377e-05
2023-11-29,09:36:40,10.3993,23.94,25.25,3090,14911588.0,3.661864304124377e-05
2023-11-29,09:36:40,10.403,23.94,25.25,3093,14911582.0,3.644335725819217e-05
2023-11-29,09:36:40,10.4064,23.94,25.25,3091,14911579.0,3.656012096968847e-05
2023-11-29,09:36:40,10.4099,23.94,25.25,3087,14911582.0,3.679477191637176e-05
2023-11-29,09:36:40,10.4135,23.94,25.25,3090,14911584.0,3.661864304124377e-05
2023-11-29,09:36:40,10.4171,23.94,25.25,3091,14911586.0,3.656012096968847e-05
2023-11-29,09:36:40,10.4206,23.94,25.25,3089,14911589.0,3.66772587895367e-05
2023-11-29,09:36:40,10.4241,23.94,25.25,3088,14911587.0,3.673596836451631e-05
2023-11-29,09:36:40,10.4277,23.94,25.25,3088,14911584.0,3.673596836451631e-05
2023-11-29,09:36:40,10.4314,23.94,25.25,3091,14911583.0,3.656012096968847e-05
2023-11-29,09:36:40,10.435,23.94,25.25,3090,14911585.0,3.661864304124377e-05
2023-11-29,09:36:40,10.4384,23.94,25.25,3091,14911583.0,3.656012096968847e-05
2023-11-29,09:36:40,10.4419,23.94,25.25,3091,14911581.0,3.656012096968847e-05
2023-11-29,09:36:40,10.4456,23.94,25.25,3085,14911584.0,3.691266155266892e-05
2023-11-29,09:36:40,10.4493,23.94,25.25,3087,14911585.0,3.679477191637176e-05
2023-11-29,09:36:40,10.4528,23.94,25.25,3088,14911588.0,3.673596836451631e-05
2023-11-29,09:36:40,10.4564,23.94,25.25,3088,14911589.0,3.673596836451631e-05
2023-11-29,09:36:40,10.4599,23.94,25.25,3093,14911584.0,3.644335725819217e-05
2023-11-29,09:36:40,10.4634,23.94,25.25,3089,14911579.0,3.66772587895367e-05
2023-11-29,09:36:40,10.467,23.94,25.25,3087,14911579.0,3.679477191637176e-05
2023-11-29,09:36:40,10.4706,23.94,25.25,3091,14911583.0,3.656012096968847e-05
2023-11-29,09:36:40,10.4742,23.94,25.25,3091,14911586.0,3.656012096968847e-05
2023-11-29,09:36:40,10.4777,23.94,25.25,3089,14911586.0,3.66772587895367e-05
2023-11-29,09:36:40,10.4812,23.94,25.25,3084,14911588.0,3.697174793869244e-05
2023-11-29,09:36:40,10.4848,23.94,25.25,3086,14911588.0,3.685366959553251e-05
2023-11-29,09:36:40,10.4885,23.94,25.25,3089,14911587.0,3.66772587895367e-05
2023-11-29,09:36:40,10.4921,23.94,25.25,3088,14911588.0,3.673596836451631e-05
2023-11-29,09:36:40,10.4955,23.94,25.25,3090,14911583.0,3.661864304124377e-05
2023-11-29,09:36:40,10.499,23.94,25.25,3087,14911579.0,3.679477191637176e-05
2023-11-29,09:36:40,10.5026,23.94,25.25,3084,14911580.0,3.697174793869244e-05
2023-11-29,09:36:40,10.5062,23.94,25.25,3088,14911582.0,3.673596836451631e-05
2023-11-29,09:36:40,10.5097,23.94,25.25,3089,14911587.0,3.66772587895367e-05
2023-11-29,09:36:40,10.5133,23.94,25.25,3088,14911589.0,3.673596836451631e-05
2023-11-29,09:36:40,10.5169,23.94,25.25,3087,14911587.0,3.679477191637176e-05
2023-11-29,09:36:40,10.5205,23.94,25.25,3087,14911585.0,3.679477191637176e-05
2023-11-29,09:36:40,10.5239,23.94,25.25,3091,14911583.0,3.656012096968847e-05
2023-11-29,09:36:40,10.5275,23.94,25.25,3090,14911585.0,3.661864304124377e-05
2023-11-29,09:36:40,10.5312,23.94,25.25,3088,14911586.0,3.673596836451631e-05
2023-11-29,09:36:40,10.5347,23.94,25.25,3088,14911582.0,3.673596836451631e-05
2023-11-29,09:36:40,10.5382,23.94,25.25,3086,14911582.0,3.685366959553251e-05
2023-11-29,09:36:40,10.5417,23.94,25.25,3088,14911584.0,3.673596836451631e-05
2023-11-29,09:36:40,10.5453,24.0,25.25,3088,14911584.0,3.673596836451631e-05
2023-11-29,09:36:40,10.5489,24.0,25.25,3086,14911586.0,3.685366959553251e-05
2023-11-29,09:36:40,10.5524,24.0,25.25,3090,14911584.0,3.661864304124377e-05
2023-11-29,09:36:40,10.5559,24.0,25.25,3089,14911577.0,3.66772587895367e-05
2023-11-29,09:36:40,10.5632,24.0,25.25,3089,14911581.0,3.66772587895367e-05
2023-11-29,09:36:40,10.5667,24.0,25.25,3089,14911584.0,3.66772587895367e-05
2023-11-29,09:36:40,10.5702,24.0,25.25,3087,14911584.0,3.679477191637176e-05
2023-11-29,09:36:40,10.5737,24.0,25.25,3083,14911586.0,3.703092890475619e-05
2023-11-29,09:36:40,10.5773,24.0,25.25,3086,14911587.0,3.685366959553251e-05
2023-11-29,09:36:40,10.5809,24.0,25.25,3089,14911585.0,3.66772587895367e-05
2023-11-29,09:36:40,10.5846,24.0,25.25,3088,14911588.0,3.673596836451631e-05
2023-11-29,09:36:40,10.5882,24.0,25.25,3088,14911586.0,3.673596836451631e-05
2023-11-29,09:36:40,10.5917,24.0,25.25,3084,14911579.0,3.697174793869244e-05
2023-11-29,09:36:40,10.5954,24.0,25.25,3084,14911577.0,3.697174793869244e-05
2023-11-29,09:36:40,10.599,24.0,25.25,3087,14911581.0,3.679477191637176e-05
2023-11-29,09:36:40,10.6024,24.0,25.25,3087,14911585.0,3.679477191637176e-05
2023-11-29,09:36:40,10.606,24.0,25.25,3087,14911586.0,3.679477191637176e-05
2023-11-29,09:36:40,10.6096,24.0,25.25,3084,14911587.0,3.697174793869244e-05
2023-11-29,09:36:40,10.6132,24.0,25.25,3085,14911586.0,3.691266155266892e-05
2023-11-29,09:36:40,10.6166,24.0,25.25,3089,14911584.0,3.66772587895367e-05
2023-11-29,09:36:40,10.6202,24.0,25.25,3089,14911587.0,3.66772587895367e-05
2023-11-29,09:36:40,10.6238,24.0,25.25,3088,14911584.0,3.673596836451631e-05
2023-11-29,09:36:40,10.6272,24.0,25.25,3086,14911579.0,3.685366959553251e-05
2023-11-29,09:36:40,10.6308,24.0,25.25,3086,14911580.0,3.685366959553251e-05
2023-11-29,09:36:40,10.6344,24.0,25.25,3089,14911583.0,3.66772587895367e-05
2023-11-29,09:36:40,10.638,24.0,25.25,3088,14911586.0,3.673596836451631e-05
2023-11-29,09:36:40,10.6416,24.0,25.25,3085,14911587.0,3.691266155266892e-05
2023-11-29,09:36:40,10.6452,24.0,25.25,3084,14911586.0,3.697174793869244e-05
2023-11-29,09:36:40,10.6487,24.0,25.25,3085,14911584.0,3.691266155266892e-05
2023-11-29,09:36:40,10.6523,24.0,25.25,3089,14911581.0,3.66772587895367e-05
2023-11-29,09:36:40,10.6559,24.0,25.25,3089,14911583.0,3.66772587895367e-05
2023-11-29,09:36:40,10.6595,24.0,25.25,3090,14911582.0,3.661864304124377e-05
2023-11-29,09:36:40,10.663,24.0,25.25,3089,14911580.0,3.66772587895367e-05
2023-11-29,09:36:40,10.6665,24.0,25.25,3083,14911584.0,3.703092890475619e-05
2023-11-29,09:36:40,10.6702,24.0,25.25,3086,14911586.0,3.685366959553251e-05
2023-11-29,09:36:40,10.6738,24.0,25.25,3088,14911584.0,3.673596836451631e-05
2023-11-29,09:36:40,10.6774,24.0,25.25,3085,14911586.0,3.691266155266892e-05
2023-11-29,09:36:40,10.681,24.0,25.25,3084,14911586.0,3.697174793869244e-05
2023-11-29,09:36:40,10.6846,24.0,25.25,3085,14911583.0,3.691266155266892e-05
2023-11-29,09:36:40,10.6882,24.0,25.25,3089,14911580.0,3.66772587895367e-05
2023-11-29,09:36:40,10.6916,24.0,25.25,3087,14911583.0,3.679477191637176e-05
2023-11-29,09:36:40,10.6951,24.0,25.25,3085,14911583.0,3.691266155266892e-05
2023-11-29,09:36:40,10.6987,24.0,25.25,3086,14911582.0,3.685366959553251e-05
2023-11-29,09:36:40,10.7022,24.0,25.25,3083,14911585.0,3.703092890475619e-05
2023-11-29,09:36:40,10.7058,24.0,25.25,3086,14911587.0,3.685366959553251e-05
2023-11-29,09:36:40,10.7093,24.0,25.25,3089,14911586.0,3.66772587895367e-05
2023-11-29,09:36:40,10.7129,24.0,25.25,3088,14911588.0,3.673596836451631e-05
2023-11-29,09:36:40,10.7166,24.0,25.25,3088,14911585.0,3.673596836451631e-05
2023-11-29,09:36:40,10.72,24.0,25.25,3084,14911578.0,3.697174793869244e-05
2023-11-29,09:36:40,10.7235,24.0,25.25,3087,14911575.0,3.679477191637176e-05
2023-11-29,09:36:40,10.7272,24.0,25.25,3092,14911581.0,3.650169242516131e-05
2023-11-29,09:36:40,10.7308,24.0,25.25,3090,14911584.0,3.661864304124377e-05
2023-11-29,09:36:40,10.7342,24.0,25.25,3085,14911583.0,3.691266155266892e-05
2023-11-29,09:36:40,10.7377,24.0,25.25,3081,14911586.0,3.714957518282662e-05
2023-11-29,09:36:40,10.7413,24.0,25.25,3084,14911584.0,3.697174793869244e-05
2023-11-29,09:36:40,10.745,24.0,25.25,3089,14911581.0,3.66772587895367e-05
2023-11-29,09:36:40,10.7486,24.0,25.25,3088,14911584.0,3.673596836451631e-05
2023-11-29,09:36:40,10.752,24.0,25.25,3087,14911582.0,3.679477191637176e-05
2023-11-29,09:36:40,10.7555,24.0,25.25,3086,14911578.0,3.685366959553251e-05
2023-11-29,09:36:40,10.7592,24.0,25.25,3081,14911582.0,3.714957518282662e-05
2023-11-29,09:36:40,10.7628,24.0,25.25,3084,14911584.0,3.697174793869244e-05
2023-11-29,09:36:40,10.7662,24.0,25.25,3086,14911585.0,3.685366959553251e-05
2023-11-29,09:36:40,10.7698,24.0,25.25,3084,14911587.0,3.697174793869244e-05
2023-11-29,09:36:40,10.7734,24.0,25.25,3084,14911586.0,3.697174793869244e-05
2023-11-29,09:36:40,10.777,24.0,25.25,3083,14911579.0,3.703092890475619e-05
2023-11-29,09:36:40,10.7806,24.0,25.25,3085,14911578.0,3.691266155266892e-05
2023-11-29,09:36:40,10.7842,24.0,25.25,3085,14911583.0,3.691266155266892e-05
2023-11-29,09:36:40,10.7876,24.0,25.25,3083,14911584.0,3.703092890475619e-05
2023-11-29,09:36:40,10.7912,24.0,25.25,3081,14911580.0,3.714957518282662e-05
2023-11-29,09:36:40,10.7949,24.0,25.25,3078,14911582.0,3.732825774299313e-05
2023-11-29,09:36:40,10.7985,24.0,25.25,3082,14911584.0,3.709020460225511e-05
2023-11-29,09:36:40,10.802,24.0,25.25,3085,14911583.0,3.691266155266892e-05
2023-11-29,09:36:40,10.8055,24.0,25.25,3083,14911586.0,3.703092890475619e-05
2023-11-29,09:36:40,10.8091,24.0,25.25,3082,14911585.0,3.709020460225511e-05
2023-11-29,09:36:40,10.8125,24.0,25.25,3078,14911577.0,3.732825774299313e-05
2023-11-29,09:36:40,10.8162,24.0,25.25,3077,14911576.0,3.73880093770887e-05
2023-11-29,09:36:40,10.8199,24.0,25.25,3081,14911581.0,3.714957518282662e-05
2023-11-29,09:36:40,10.8233,24.0,25.25,3081,14911582.0,3.714957518282662e-05
2023-11-29,09:36:40,10.8269,24.0,25.25,3077,14911583.0,3.73880093770887e-05
2023-11-29,09:36:40,10.8304,24.0,25.25,3073,14911584.0,3.76279738947721e-05
2023-11-29,09:36:40,10.834,24.0,25.25,3074,14911583.0,3.756783876146659e-05
2023-11-29,09:36:40,10.8375,24.0,25.25,3078,14911580.0,3.732825774299313e-05
2023-11-29,09:36:40,10.841,24.0,25.25,3077,14911583.0,3.73880093770887e-05
2023-11-29,09:36:40,10.8482,24.0,25.25,3070,14911579.0,3.780895746393291e-05
2023-11-29,09:36:40,10.8518,24.0,25.25,3069,14911580.0,3.786947855783113e-05
2023-11-29,09:36:40,10.8552,24.0,25.25,3074,14911585.0,3.756783876146659e-05
2023-11-29,09:36:40,10.8587,24.0,25.25,3076,14911586.0,3.744785665609224e-05
2023-11-29,09:36:40,10.8624,24.0,25.25,3073,14911588.0,3.76279738947721e-05
2023-11-29,09:36:40,10.866,24.0,25.25,3073,14911587.0,3.76279738947721e-05
2023-11-29,09:36:40,10.8694,24.0,25.25,3071,14911581.0,3.774853309179975e-05
2023-11-29,09:36:40,10.873,24.0,25.25,3072,14911580.0,3.768820528685573e-05
2023-11-29,09:36:40,10.8766,24.0,25.25,3077,14911586.0,3.73880093770887e-05
2023-11-29,09:36:40,10.8802,24.0,25.25,3078,14911588.0,3.732825774299313e-05
2023-11-29,09:36:40,10.8838,24.0,25.25,3075,14911584.0,3.750779973310336e-05
2023-11-29,09:36:40,10.8872,24.0,25.25,3071,14911587.0,3.774853309179975e-05
2023-11-29,09:36:40,10.8908,24.0,25.25,3076,14911590.0,3.744785665609224e-05
2023-11-29,09:36:40,10.8944,24.0,25.25,3080,14911587.0,3.720904079835072e-05
2023-11-29,09:36:40,10.898,24.0,25.25,3075,14911587.0,3.750779973310336e-05
2023-11-29,09:36:40,10.9015,24.0,25.25,3073,14911587.0,3.76279738947721e-05
2023-11-29,09:36:40,10.9051,24.0,25.25,3072,14911581.0,3.768820528685573e-05
2023-11-29,09:36:40,10.9087,24.0,25.25,3074,14911578.0,3.756783876146659e-05
2023-11-29,09:36:40,10.9122,24.0,25.25,3078,14911584.0,3.732825774299313e-05
2023-11-29,09:36:40,10.9159,24.0,25.25,3078,14911588.0,3.732825774299313e-05
2023-11-29,09:36:40,10.9195,24.0,25.25,3075,14911588.0,3.750779973310336e-05
2023-11-29,09:36:40,10.9229,24.0,25.25,3072,14911589.0,3.768820528685573e-05
2023-11-29,09:36:40,10.9265,24.0,25.25,3074,14911586.0,3.756783876146659e-05
2023-11-29,09:36:40,10.9301,24.0,25.25,3080,14911582.0,3.720904079835072e-05
2023-11-29,09:36:40,10.9337,24.0,25.25,3080,14911587.0,3.720904079835072e-05
2023-11-29,09:36:40,10.9371,24.0,25.25,3075,14911589.0,3.750779973310336e-05
2023-11-29,09:36:40,10.9406,24.0,25.25,3072,14911583.0,3.768820528685573e-05
2023-11-29,09:36:40,10.9443,24.0,25.25,3074,14911582.0,3.756783876146659e-05
2023-11-29,09:36:40,10.948,24.0,25.25,3080,14911590.0,3.720904079835072e-05
2023-11-29,09:36:40,10.9515,24.0,25.25,3079,14911592.0,3.726860160095068e-05
2023-11-29,09:36:40,10.955,24.0,25.25,3075,14911589.0,3.750779973310336e-05
2023-11-29,09:36:40,10.9586,24.0,25.25,3074,14911589.0,3.756783876146659e-05
2023-11-29,09:36:40,10.9621,24.0,25.25,3077,14911587.0,3.73880093770887e-05
2023-11-29,09:36:40,10.9658,24.0,25.25,3081,14911582.0,3.714957518282662e-05
2023-11-29,09:36:40,10.9694,24.0,25.25,3080,14911584.0,3.720904079835072e-05
2023-11-29,09:36:40,10.9728,24.0,25.25,3079,14911588.0,3.726860160095068e-05
2023-11-29,09:36:40,10.9764,24.0,25.25,3076,14911584.0,3.744785665609224e-05
2023-11-29,09:36:40,10.98,24.0,25.25,3073,14911587.0,3.76279738947721e-05
2023-11-29,09:36:40,10.9836,24.0,25.25,3078,14911591.0,3.732825774299313e-05
2023-11-29,09:36:40,10.987,24.0,25.25,3081,14911587.0,3.714957518282662e-05
2023-11-29,09:36:40,10.9906,24.0,25.25,3078,14911588.0,3.732825774299313e-05
2023-11-29,09:36:40,10.9942,24.0,25.25,3075,14911591.0,3.750779973310336e-05
2023-11-29,09:36:40,10.9978,24.0,25.25,3073,14911584.0,3.76279738947721e-05
2023-11-29,09:36:40,11.0014,24.0,25.25,3079,14911578.0,3.726860160095068e-05
2023-11-29,09:36:40,11.0048,24.0,25.25,3083,14911585.0,3.703092890475619e-05
2023-11-29,09:36:40,11.0084,24.0,25.25,3079,14911589.0,3.726860160095068e-05
2023-11-29,09:36:40,11.012,24.0,25.25,3076,14911587.0,3.744785665609224e-05
2023-11-29,09:36:40,11.0156,24.0,25.25,3074,14911589.0,3.756783876146659e-05
2023-11-29,09:36:40,11.0192,24.0,25.25,3076,14911587.0,3.744785665609224e-05
2023-11-29,09:36:40,11.0226,24.0,25.25,3081,14911583.0,3.714957518282662e-05
2023-11-29,09:36:40,11.0262,24.0,25.25,3081,14911588.0,3.714957518282662e-05
2023-11-29,09:36:40,11.0298,24.0,25.25,3077,14911589.0,3.73880093770887e-05
2023-11-29,09:36:40,11.0333,24.0,25.25,3073,14911582.0,3.76279738947721e-05
2023-11-29,09:36:40,11.0368,24.0,25.25,3073,14911585.0,3.76279738947721e-05
2023-11-29,09:36:40,11.0406,24.0,25.25,3079,14911589.0,3.726860160095068e-05
2023-11-29,09:36:40,11.0441,24.0,25.25,3081,14911586.0,3.714957518282662e-05
2023-11-29,09:36:40,11.0476,23.94,25.0,3076,14911588.0,3.744785665609224e-05
2023-11-29,09:36:40,11.051,23.94,25.0,3073,14911591.0,3.76279738947721e-05
2023-11-29,09:36:40,11.0546,23.94,25.0,3073,14911585.0,3.76279738947721e-05
2023-11-29,09:36:40,11.0583,23.94,25.0,3076,14911581.0,3.744785665609224e-05
2023-11-29,09:36:40,11.0618,23.94,25.0,3079,14911587.0,3.726860160095068e-05
2023-11-29,09:36:40,11.0653,23.94,25.0,3077,14911588.0,3.73880093770887e-05
2023-11-29,09:36:40,11.0688,23.94,25.0,3074,14911585.0,3.756783876146659e-05
2023-11-29,09:36:40,11.0726,23.94,25.0,3071,14911588.0,3.774853309179975e-05
2023-11-29,09:36:40,11.0761,23.94,25.0,3075,14911590.0,3.750779973310336e-05
2023-11-29,09:36:40,11.0796,23.94,25.0,3081,14911585.0,3.714957518282662e-05
2023-11-29,09:36:40,11.0832,23.94,25.0,3078,14911587.0,3.732825774299313e-05
2023-11-29,09:36:40,11.0866,23.94,25.0,3073,14911589.0,3.76279738947721e-05
2023-11-29,09:36:40,11.0902,23.94,25.0,3070,14911582.0,3.780895746393291e-05
2023-11-29,09:36:40,11.0938,23.94,25.0,3073,14911581.0,3.76279738947721e-05
2023-11-29,09:36:40,11.0973,23.94,25.0,3079,14911587.0,3.726860160095068e-05
2023-11-29,09:36:40,11.1008,23.94,25.0,3078,14911588.0,3.732825774299313e-05
2023-11-29,09:36:40,11.1043,23.94,25.0,3073,14911587.0,3.76279738947721e-05
2023-11-29,09:36:40,11.1079,23.94,25.0,3069,14911590.0,3.786947855783113e-05
2023-11-29,09:36:40,11.1152,23.94,25.0,3077,14911582.0,3.73880093770887e-05
2023-11-29,09:36:40,11.1186,23.94,25.0,3077,14911586.0,3.73880093770887e-05
2023-11-29,09:36:40,11.1221,23.94,25.0,3075,14911587.0,3.750779973310336e-05
2023-11-29,09:36:40,11.1257,23.94,25.0,3072,14911583.0,3.768820528685573e-05
2023-11-29,09:36:40,11.1293,23.94,25.0,3069,14911588.0,3.786947855783113e-05
2023-11-29,09:36:40,11.133,23.94,25.0,3075,14911591.0,3.750779973310336e-05
2023-11-29,09:36:40,11.1366,23.94,25.0,3080,14911585.0,3.720904079835072e-05
2023-11-29,09:36:40,11.14,23.94,25.0,3076,14911586.0,3.744785665609224e-05
2023-11-29,09:36:40,11.1436,23.94,25.0,3071,14911591.0,3.774853309179975e-05
2023-11-29,09:36:40,11.1472,23.94,25.0,3069,14911584.0,3.786947855783113e-05
2023-11-29,09:36:40,11.1509,23.94,25.0,3075,14911580.0,3.750779973310336e-05
2023-11-29,09:36:40,11.1545,23.94,25.0,3079,14911587.0,3.726860160095068e-05
2023-11-29,09:36:40,11.1579,23.94,25.0,3075,14911589.0,3.750779973310336e-05
2023-11-29,09:36:40,11.1615,23.94,25.0,3071,14911584.0,3.774853309179975e-05
2023-11-29,09:36:40,11.1651,23.94,25.0,3069,14911587.0,3.786947855783113e-05
2023-11-29,09:36:40,11.1687,23.94,25.0,3073,14911589.0,3.76279738947721e-05
2023-11-29,09:36:40,11.1721,23.94,25.0,3081,14911583.0,3.714957518282662e-05
2023-11-29,09:36:40,11.1757,23.94,25.0,3079,14911587.0,3.726860160095068e-05
2023-11-29,09:36:40,11.1793,23.94,25.0,3072,14911590.0,3.768820528685573e-05
2023-11-29,09:36:40,11.1828,23.94,25.0,3068,14911581.0,3.793009652831762e-05
2023-11-29,09:36:40,11.1865,23.94,25.0,3070,14911580.0,3.780895746393291e-05
2023-11-29,09:36:41,11.1901,23.94,25.0,3078,14911589.0,3.732825774299313e-05
2023-11-29,09:36:41,11.1935,23.94,25.0,3078,14911589.0,3.732825774299313e-05
2023-11-29,09:36:41,11.1971,23.94,25.0,3072,14911585.0,3.768820528685573e-05
2023-11-29,09:36:41,11.2007,23.94,25.0,3068,14911590.0,3.793009652831762e-05
2023-11-29,09:36:41,11.2043,23.94,25.0,3071,14911589.0,3.774853309179975e-05
2023-11-29,09:36:41,11.2078,23.94,25.0,3078,14911583.0,3.732825774299313e-05
2023-11-29,09:36:41,11.2114,23.94,25.0,3077,14911586.0,3.73880093770887e-05
2023-11-29,09:36:41,11.2149,23.94,25.0,3072,14911588.0,3.768820528685573e-05
2023-11-29,09:36:41,11.2183,23.94,25.0,3069,14911581.0,3.786947855783113e-05
2023-11-29,09:36:41,11.2221,23.94,25.0,3071,14911582.0,3.774853309179975e-05
2023-11-29,09:36:41,11.2258,23.94,25.0,3079,14911590.0,3.726860160095068e-05
2023-11-29,09:36:41,11.2292,23.94,25.0,3080,14911587.0,3.720904079835072e-05
2023-11-29,09:36:41,11.2327,23.94,25.0,3075,14911587.0,3.750779973310336e-05
2023-11-29,09:36:41,11.2363,23.94,25.0,3070,14911591.0,3.780895746393291e-05
2023-11-29,09:36:41,11.24,23.94,25.0,3069,14911585.0,3.786947855783113e-05
2023-11-29,09:36:41,11.2436,23.94,25.0,3076,14911579.0,3.744785665609224e-05
2023-11-29,09:36:41,11.247,23.94,25.0,3080,14911585.0,3.720904079835072e-05
2023-11-29,09:36:41,11.2505,23.94,25.0,3075,14911588.0,3.750779973310336e-05
2023-11-29,09:36:41,11.2539,23.94,25.0,3069,14911583.0,3.786947855783113e-05
2023-11-29,09:36:41,11.2576,23.94,25.0,3067,14911587.0,3.799081153046356e-05
2023-11-29,09:36:41,11.2614,23.94,25.0,3073,14911591.0,3.76279738947721e-05
2023-11-29,09:36:41,11.2648,23.94,25.0,3079,14911584.0,3.726860160095068e-05
2023-11-29,09:36:41,11.2683,23.94,25.0,3076,14911586.0,3.744785665609224e-05
2023-11-29,09:36:41,11.2718,23.94,25.0,3072,14911588.0,3.768820528685573e-05
2023-11-29,09:36:41,11.2754,23.94,25.0,3068,14911580.0,3.793009652831762e-05
2023-11-29,09:36:41,11.279,23.94,25.0,3070,14911582.0,3.780895746393291e-05
2023-11-29,09:36:41,11.2826,23.94,25.0,3078,14911589.0,3.732825774299313e-05
2023-11-29,09:36:41,11.2861,23.94,25.0,3078,14911587.0,3.732825774299313e-05
2023-11-29,09:36:41,11.2896,23.94,25.0,3071,14911585.0,3.774853309179975e-05
2023-11-29,09:36:41,11.2932,23.94,25.0,3066,14911590.0,3.805162371958823e-05
2023-11-29,09:36:41,11.2968,23.94,25.0,3070,14911588.0,3.780895746393291e-05
2023-11-29,09:36:41,11.3004,23.94,25.0,3078,14911581.0,3.732825774299313e-05
2023-11-29,09:36:41,11.3038,23.94,25.0,3078,14911585.0,3.732825774299313e-05
2023-11-29,09:36:41,11.3073,23.94,25.0,3073,14911587.0,3.76279738947721e-05
2023-11-29,09:36:41,11.3108,23.94,25.0,3068,14911581.0,3.793009652831762e-05
2023-11-29,09:36:41,11.3145,23.94,25.0,3067,14911584.0,3.799081153046356e-05
2023-11-29,09:36:41,11.3182,23.94,25.0,3073,14911589.0,3.76279738947721e-05
2023-11-29,09:36:41,11.3216,23.94,25.0,3077,14911584.0,3.73880093770887e-05
2023-11-29,09:36:41,11.3252,23.94,25.0,3074,14911586.0,3.756783876146659e-05
2023-11-29,09:36:41,11.3288,23.94,25.0,3070,14911588.0,3.780895746393291e-05
2023-11-29,09:36:41,11.3324,23.94,25.0,3067,14911581.0,3.799081153046356e-05
2023-11-29,09:36:41,11.336,23.94,25.0,3070,14911580.0,3.780895746393291e-05
2023-11-29,09:36:41,11.3394,23.94,25.0,3077,14911588.0,3.73880093770887e-05
2023-11-29,09:36:41,11.3429,23.94,25.0,3075,14911588.0,3.750779973310336e-05
2023-11-29,09:36:41,11.3465,23.94,25.0,3069,14911584.0,3.786947855783113e-05
2023-11-29,09:36:41,11.3501,23.94,25.0,3066,14911588.0,3.805162371958823e-05
2023-11-29,09:36:41,11.3536,23.94,25.0,3071,14911589.0,3.774853309179975e-05
2023-11-29,09:36:41,11.3572,23.94,25.0,3078,14911582.0,3.732825774299313e-05
2023-11-29,09:36:41,11.3607,23.94,25.0,3076,14911586.0,3.744785665609224e-05
2023-11-29,09:36:41,11.3641,23.94,25.0,3071,14911588.0,3.774853309179975e-05
2023-11-29,09:36:41,11.3677,23.94,25.0,3066,14911578.0,3.805162371958823e-05
2023-11-29,09:36:41,11.3714,23.94,25.0,3067,14911581.0,3.799081153046356e-05
2023-11-29,09:36:41,11.3783,23.94,25.0,3077,14911584.0,3.73880093770887e-05
2023-11-29,09:36:41,11.3821,23.94,25.0,3074,14911586.0,3.756783876146659e-05
2023-11-29,09:36:41,11.3856,23.94,25.0,3069,14911590.0,3.786947855783113e-05
2023-11-29,09:36:41,11.3892,23.94,25.0,3068,14911584.0,3.793009652831762e-05
2023-11-29,09:36:41,11.3928,23.94,25.0,3073,14911580.0,3.76279738947721e-05
2023-11-29,09:36:41,11.3963,23.94,25.0,3077,14911587.0,3.73880093770887e-05
2023-11-29,09:36:41,11.3998,23.94,25.0,3074,14911588.0,3.756783876146659e-05
2023-11-29,09:36:41,11.4034,23.94,25.0,3070,14911583.0,3.780895746393291e-05
2023-11-29,09:36:41,11.407,23.94,25.0,3068,14911588.0,3.793009652831762e-05
2023-11-29,09:36:41,11.4106,23.94,25.0,3072,14911589.0,3.768820528685573e-05
2023-11-29,09:36:41,11.4142,23.94,25.0,3077,14911583.0,3.73880093770887e-05
2023-11-29,09:36:41,11.4178,23.94,25.0,3075,14911587.0,3.750779973310336e-05
2023-11-29,09:36:41,11.4212,23.94,25.0,3071,14911588.0,3.774853309179975e-05
2023-11-29,09:36:41,11.4247,23.94,25.0,3066,14911579.0,3.805162371958823e-05
2023-11-29,09:36:41,11.4283,23.94,25.0,3069,14911580.0,3.786947855783113e-05
2023-11-29,09:36:41,11.4318,23.94,25.0,3076,14911587.0,3.744785665609224e-05
2023-11-29,09:36:41,11.4353,23.94,25.0,3077,14911586.0,3.73880093770887e-05
2023-11-29,09:36:41,11.4389,23.94,25.0,3072,14911585.0,3.768820528685573e-05
2023-11-29,09:36:41,11.4425,23.94,25.0,3066,14911590.0,3.805162371958823e-05
2023-11-29,09:36:41,11.4461,23.94,25.0,3068,14911586.0,3.793009652831762e-05
2023-11-29,09:36:41,11.4496,23.94,25.0,3075,14911581.0,3.750779973310336e-05
2023-11-29,09:36:41,11.4531,23.94,25.0,3077,14911585.0,3.73880093770887e-05
2023-11-29,09:36:41,11.4567,23.94,25.0,3073,14911587.0,3.76279738947721e-05
2023-11-29,09:36:41,11.4603,23.94,25.0,3069,14911581.0,3.786947855783113e-05
2023-11-29,09:36:41,11.464,23.94,25.0,3068,14911585.0,3.793009652831762e-05
2023-11-29,09:36:41,11.4676,23.94,25.0,3073,14911590.0,3.76279738947721e-05
2023-11-29,09:36:41,11.471,23.94,25.0,3075,14911585.0,3.750779973310336e-05
2023-11-29,09:36:41,11.4746,23.94,25.0,3071,14911587.0,3.774853309179975e-05
2023-11-29,09:36:41,11.4781,23.94,25.0,3069,14911589.0,3.786947855783113e-05
2023-11-29,09:36:41,11.4816,23.94,25.0,3068,14911582.0,3.793009652831762e-05
2023-11-29,09:36:41,11.4854,23.94,25.0,3073,14911579.0,3.76279738947721e-05
2023-11-29,09:36:41,11.4889,23.94,25.0,3079,14911587.0,3.726860160095068e-05
2023-11-29,09:36:41,11.4924,23.94,25.0,3075,14911589.0,3.750779973310336e-05
2023-11-29,09:36:41,11.4958,23.94,25.0,3068,14911581.0,3.793009652831762e-05
2023-11-29,09:36:41,11.4996,23.94,25.0,3065,14911587.0,3.811253325125966e-05
2023-11-29,09:36:41,11.5033,23.94,25.0,3071,14911592.0,3.774853309179975e-05
2023-11-29,09:36:41,11.5067,23.94,25.0,3077,14911583.0,3.73880093770887e-05
2023-11-29,09:36:41,11.5102,23.94,25.0,3073,14911584.0,3.76279738947721e-05
2023-11-29,09:36:41,11.5138,23.94,25.0,3068,14911588.0,3.793009652831762e-05
2023-11-29,09:36:41,11.5174,23.94,25.0,3066,14911583.0,3.805162371958823e-05
2023-11-29,09:36:41,11.5209,23.94,25.0,3070,14911582.0,3.780895746393291e-05
2023-11-29,09:36:41,11.5245,23.94,25.0,3077,14911588.0,3.73880093770887e-05
2023-11-29,09:36:41,11.528,23.94,25.0,3077,14911586.0,3.73880093770887e-05
2023-11-29,09:36:41,11.5314,23.94,25.0,3072,14911585.0,3.768820528685573e-05
2023-11-29,09:36:41,11.535,23.94,25.0,3066,14911591.0,3.805162371958823e-05
2023-11-29,09:36:41,11.5387,23.94,25.0,3068,14911588.0,3.793009652831762e-05
2023-11-29,09:36:41,11.5423,23.94,25.0,3076,14911581.0,3.744785665609224e-05
2023-11-29,09:36:41,11.5458,23.94,25.0,3078,14911586.0,3.732825774299313e-05
2023-11-29,09:36:41,11.5492,23.94,25.25,3073,14911588.0,3.76279738947721e-05
2023-11-29,09:36:41,11.5528,23.94,25.25,3067,14911581.0,3.799081153046356e-05
2023-11-29,09:36:41,11.5566,23.94,25.25,3069,14911584.0,3.786947855783113e-05
2023-11-29,09:36:41,11.5602,23.94,25.25,3075,14911589.0,3.750779973310336e-05
2023-11-29,09:36:41,11.5636,23.94,25.25,3076,14911585.0,3.744785665609224e-05
2023-11-29,09:36:41,11.567,23.94,25.25,3071,14911585.0,3.774853309179975e-05
2023-11-29,09:36:41,11.5706,23.94,25.25,3066,14911589.0,3.805162371958823e-05
2023-11-29,09:36:41,11.5743,23.94,25.25,3068,14911585.0,3.793009652831762e-05
2023-11-29,09:36:41,11.5779,23.94,25.25,3074,14911582.0,3.756783876146659e-05
2023-11-29,09:36:41,11.5814,23.94,25.25,3077,14911588.0,3.73880093770887e-05
2023-11-29,09:36:41,11.5848,23.94,25.25,3075,14911588.0,3.750779973310336e-05
2023-11-29,09:36:41,11.5884,23.94,25.25,3069,14911581.0,3.786947855783113e-05
2023-11-29,09:36:41,11.5921,23.94,25.25,3064,14911588.0,3.817354028129473e-05
2023-11-29,09:36:41,11.5958,23.94,25.25,3068,14911590.0,3.793009652831762e-05
2023-11-29,09:36:41,11.5993,23.94,25.25,3075,14911581.0,3.750779973310336e-05
2023-11-29,09:36:41,11.6026,23.94,25.25,3074,14911584.0,3.756783876146659e-05
2023-11-29,09:36:41,11.6062,23.94,25.25,3070,14911588.0,3.780895746393291e-05
2023-11-29,09:36:41,11.6098,23.94,25.25,3066,14911581.0,3.805162371958823e-05
2023-11-29,09:36:41,11.6134,23.94,25.25,3069,14911581.0,3.786947855783113e-05
2023-11-29,09:36:41,11.6169,23.94,25.25,3076,14911588.0,3.744785665609224e-05
2023-11-29,09:36:41,11.6204,23.94,25.25,3074,14911586.0,3.756783876146659e-05
2023-11-29,09:36:41,11.6274,23.94,25.25,3066,14911589.0,3.805162371958823e-05
2023-11-29,09:36:41,11.6311,23.94,25.25,3068,14911584.0,3.793009652831762e-05
2023-11-29,09:36:41,11.6347,23.94,25.25,3074,14911580.0,3.756783876146659e-05
2023-11-29,09:36:41,11.6382,23.94,25.25,3077,14911587.0,3.73880093770887e-05
2023-11-29,09:36:41,11.6416,23.94,25.25,3073,14911588.0,3.76279738947721e-05
2023-11-29,09:36:41,11.6452,23.94,25.25,3067,14911580.0,3.799081153046356e-05
2023-11-29,09:36:41,11.6489,23.94,25.25,3066,14911585.0,3.805162371958823e-05
2023-11-29,09:36:41,11.6525,23.94,25.25,3072,14911591.0,3.768820528685573e-05
2023-11-29,09:36:41,11.656,23.94,25.25,3077,14911583.0,3.73880093770887e-05
2023-11-29,09:36:41,11.6594,23.94,25.25,3074,14911585.0,3.756783876146659e-05
2023-11-29,09:36:41,11.663,23.94,25.25,3068,14911589.0,3.793009652831762e-05
2023-11-29,09:36:41,11.6666,23.94,25.25,3066,14911582.0,3.805162371958823e-05
2023-11-29,09:36:41,11.6702,23.94,25.25,3071,14911580.0,3.774853309179975e-05
2023-11-29,09:36:41,11.6738,23.94,25.25,3077,14911588.0,3.73880093770887e-05
2023-11-29,09:36:41,11.6774,23.94,25.25,3076,14911588.0,3.744785665609224e-05
2023-11-29,09:36:41,11.6809,23.94,25.25,3069,14911582.0,3.786947855783113e-05
2023-11-29,09:36:41,11.6845,23.94,25.25,3065,14911587.0,3.811253325125966e-05
2023-11-29,09:36:41,11.6881,23.94,25.25,3069,14911588.0,3.786947855783113e-05
2023-11-29,09:36:41,11.6917,23.94,25.25,3076,14911582.0,3.744785665609224e-05
2023-11-29,09:36:41,11.6951,23.94,25.25,3077,14911586.0,3.73880093770887e-05
2023-11-29,09:36:41,11.6986,23.94,25.25,3071,14911588.0,3.774853309179975e-05
2023-11-29,09:36:41,11.7022,23.94,25.25,3066,14911582.0,3.805162371958823e-05
2023-11-29,09:36:41,11.7059,23.94,25.25,3069,14911584.0,3.786947855783113e-05
2023-11-29,09:36:41,11.7096,23.94,25.25,3076,14911592.0,3.744785665609224e-05
2023-11-29,09:36:41,11.7131,23.94,25.25,3077,14911587.0,3.73880093770887e-05
2023-11-29,09:36:41,11.7164,23.94,25.25,3071,14911583.0,3.774853309179975e-05
2023-11-29,09:36:41,11.7198,23.94,25.25,3066,14911590.0,3.805162371958823e-05
2023-11-29,09:36:41,11.7236,23.94,25.25,3070,14911588.0,3.780895746393291e-05
2023-11-29,09:36:41,11.7273,23.94,25.25,3076,14911581.0,3.744785665609224e-05
2023-11-29,09:36:41,11.7307,23.94,25.25,3077,14911586.0,3.73880093770887e-05
2023-11-29,09:36:41,11.7342,23.94,25.25,3074,14911588.0,3.756783876146659e-05
2023-11-29,09:36:41,11.7378,23.94,25.25,3069,14911582.0,3.786947855783113e-05
2023-11-29,09:36:41,11.7415,23.94,25.25,3066,14911588.0,3.805162371958823e-05
2023-11-29,09:36:41,11.7452,23.94,25.25,3070,14911591.0,3.780895746393291e-05
2023-11-29,09:36:41,11.7486,23.94,25.25,3076,14911582.0,3.744785665609224e-05
2023-11-29,09:36:41,11.7521,23.94,25.25,3073,14911587.0,3.76279738947721e-05
2023-11-29,09:36:41,11.7557,23.94,25.25,3067,14911592.0,3.799081153046356e-05
2023-11-29,09:36:41,11.7593,23.94,25.25,3067,14911585.0,3.799081153046356e-05
2023-11-29,09:36:41,11.7629,23.94,25.25,3073,14911581.0,3.76279738947721e-05
2023-11-29,09:36:41,11.7664,23.94,25.25,3078,14911589.0,3.732825774299313e-05
2023-11-29,09:36:41,11.7699,23.94,25.25,3075,14911589.0,3.750779973310336e-05
2023-11-29,09:36:41,11.7734,23.94,25.25,3068,14911582.0,3.793009652831762e-05
2023-11-29,09:36:41,11.7771,23.94,25.25,3065,14911587.0,3.811253325125966e-05
2023-11-29,09:36:41,11.7808,23.94,25.25,3070,14911589.0,3.780895746393291e-05
2023-11-29,09:36:41,11.7842,23.94,25.25,3076,14911582.0,3.744785665609224e-05
2023-11-29,09:36:41,11.7877,23.94,25.25,3078,14911588.0,3.732825774299313e-05
2023-11-29,09:36:41,11.7913,23.94,25.25,3074,14911591.0,3.756783876146659e-05
2023-11-29,09:36:41,11.7949,23.94,25.25,3065,14911581.0,3.811253325125966e-05
2023-11-29,09:36:41,11.7984,23.94,25.25,3067,14911583.0,3.799081153046356e-05
2023-11-29,09:36:41,11.802,23.94,25.25,3074,14911591.0,3.756783876146659e-05
2023-11-29,09:36:41,11.8056,23.94,25.25,3075,14911586.0,3.750779973310336e-05
2023-11-29,09:36:41,11.8092,23.94,25.25,3071,14911584.0,3.774853309179975e-05
2023-11-29,09:36:41,11.8126,23.94,25.25,3066,14911590.0,3.805162371958823e-05
2023-11-29,09:36:41,11.8162,23.94,25.25,3069,14911588.0,3.786947855783113e-05
2023-11-29,09:36:41,11.8198,23.94,25.25,3075,14911582.0,3.750779973310336e-05
2023-11-29,09:36:41,11.8233,23.94,25.25,3076,14911586.0,3.744785665609224e-05
2023-11-29,09:36:41,11.8269,23.94,25.25,3072,14911588.0,3.768820528685573e-05
2023-11-29,09:36:41,11.8303,23.94,25.25,3066,14911581.0,3.805162371958823e-05
2023-11-29,09:36:41,11.8339,23.94,25.25,3063,14911588.0,3.823464496575992e-05
2023-11-29,09:36:41,11.8376,23.94,25.25,3070,14911592.0,3.780895746393291e-05
2023-11-29,09:36:41,11.8412,23.94,25.25,3077,14911584.0,3.73880093770887e-05
2023-11-29,09:36:41,11.8446,23.94,25.25,3075,14911586.0,3.750779973310336e-05
2023-11-29,09:36:41,11.848,23.94,25.25,3069,14911590.0,3.786947855783113e-05
2023-11-29,09:36:41,11.8517,23.94,25.25,3063,14911582.0,3.823464496575992e-05
2023-11-29,09:36:41,11.8554,23.94,25.25,3067,14911582.0,3.799081153046356e-05
2023-11-29,09:36:41,11.8589,23.94,25.25,3075,14911591.0,3.750779973310336e-05
2023-11-29,09:36:41,11.8623,23.94,25.25,3074,14911587.0,3.756783876146659e-05
2023-11-29,09:36:41,11.8658,23.94,25.25,3069,14911583.0,3.786947855783113e-05
2023-11-29,09:36:41,11.8694,23.94,25.25,3066,14911589.0,3.805162371958823e-05
2023-11-29,09:36:41,11.8729,23.94,25.25,3068,14911588.0,3.793009652831762e-05
2023-11-29,09:36:41,11.8801,23.94,25.25,3075,14911586.0,3.750779973310336e-05
2023-11-29,09:36:41,11.8836,23.94,25.25,3071,14911587.0,3.774853309179975e-05
2023-11-29,09:36:41,11.887,23.94,25.25,3065,14911581.0,3.811253325125966e-05
2023-11-29,09:36:41,11.8907,23.94,25.25,3065,14911586.0,3.811253325125966e-05
2023-11-29,09:36:41,11.8944,23.94,25.25,3072,14911591.0,3.768820528685573e-05
2023-11-29,09:36:41,11.898,23.94,25.25,3077,14911584.0,3.73880093770887e-05
2023-11-29,09:36:41,11.9015,23.94,25.25,3073,14911585.0,3.76279738947721e-05
2023-11-29,09:36:41,11.9049,23.94,25.25,3067,14911590.0,3.799081153046356e-05
2023-11-29,09:36:41,11.9085,23.94,25.25,3066,14911586.0,3.805162371958823e-05
2023-11-29,09:36:41,11.9121,23.94,25.25,3071,14911583.0,3.774853309179975e-05
2023-11-29,09:36:41,11.9157,23.94,25.25,3075,14911588.0,3.750779973310336e-05
2023-11-29,09:36:41,11.9191,23.94,25.25,3072,14911587.0,3.768820528685573e-05
2023-11-29,09:36:41,11.9227,23.94,25.25,3068,14911582.0,3.793009652831762e-05
2023-11-29,09:36:41,11.9264,23.94,25.25,3066,14911587.0,3.805162371958823e-05
2023-11-29,09:36:41,11.9302,23.94,25.25,3069,14911588.0,3.786947855783113e-05
2023-11-29,09:36:41,11.9337,23.94,25.25,3075,14911581.0,3.750779973310336e-05
2023-11-29,09:36:41,11.9371,23.94,25.25,3073,14911585.0,3.76279738947721e-05
2023-11-29,09:36:41,11.9405,23.94,25.25,3067,14911587.0,3.799081153046356e-05
2023-11-29,09:36:41,11.9441,23.94,25.25,3064,14911579.0,3.817354028129473e-05
2023-11-29,09:36:41,11.9477,23.94,25.25,3068,14911582.0,3.793009652831762e-05
2023-11-29,09:36:41,11.9513,23.94,25.25,3074,14911590.0,3.756783876146659e-05
2023-11-29,09:36:41,11.9549,23.94,25.25,3073,14911587.0,3.76279738947721e-05
2023-11-29,09:36:41,11.9584,23.94,25.25,3068,14911584.0,3.793009652831762e-05
2023-11-29,09:36:41,11.962,23.94,25.25,3063,14911590.0,3.823464496575992e-05
2023-11-29,09:36:41,11.9657,23.94,25.25,3067,14911589.0,3.799081153046356e-05
2023-11-29,09:36:41,11.9693,23.94,25.25,3074,14911583.0,3.756783876146659e-05
2023-11-29,09:36:41,11.9728,23.94,25.25,3074,14911587.0,3.756783876146659e-05
2023-11-29,09:36:41,11.9764,23.94,25.25,3069,14911589.0,3.786947855783113e-05
2023-11-29,09:36:41,11.9799,23.94,25.25,3063,14911581.0,3.823464496575992e-05
2023-11-29,09:36:41,11.9835,23.94,25.25,3067,14911582.0,3.799081153046356e-05
2023-11-29,09:36:41,11.9871,23.94,25.25,3074,14911588.0,3.756783876146659e-05
2023-11-29,09:36:41,11.9906,23.94,25.25,3075,14911583.0,3.750779973310336e-05
2023-11-29,09:36:41,11.994,23.94,25.25,3071,14911585.0,3.774853309179975e-05
2023-11-29,09:36:41,11.9976,23.94,25.25,3066,14911590.0,3.805162371958823e-05
2023-11-29,09:36:41,12.0012,23.94,25.25,3066,14911584.0,3.805162371958823e-05
2023-11-29,09:36:41,12.0048,23.94,25.25,3070,14911583.0,3.780895746393291e-05
2023-11-29,09:36:41,12.0084,23.94,25.25,3073,14911589.0,3.76279738947721e-05
2023-11-29,09:36:41,12.0119,23.94,25.25,3072,14911585.0,3.768820528685573e-05
2023-11-29,09:36:41,12.0154,23.94,25.25,3068,14911580.0,3.793009652831762e-05
2023-11-29,09:36:41,12.0189,23.94,25.25,3063,14911588.0,3.823464496575992e-05
2023-11-29,09:36:41,12.0226,23.94,25.25,3067,14911590.0,3.799081153046356e-05
2023-11-29,09:36:41,12.0262,23.94,25.25,3074,14911582.0,3.756783876146659e-05
2023-11-29,09:36:41,12.0296,23.94,25.25,3071,14911585.0,3.774853309179975e-05
2023-11-29,09:36:41,12.0332,23.94,25.25,3066,14911589.0,3.805162371958823e-05
2023-11-29,09:36:41,12.0368,23.94,25.25,3064,14911583.0,3.817354028129473e-05
2023-11-29,09:36:41,12.0405,23.94,25.25,3068,14911581.0,3.793009652831762e-05
2023-11-29,09:36:41,12.0442,23.94,25.25,3074,14911588.0,3.756783876146659e-05
2023-11-29,09:36:41,12.0475,23.94,25.25,3074,14911586.0,3.756783876146659e-05
2023-11-29,09:36:41,12.051,23.94,25.25,3069,14911582.0,3.786947855783113e-05
2023-11-29,09:36:41,12.0546,23.94,25.25,3063,14911588.0,3.823464496575992e-05
2023-11-29,09:36:41,12.0582,23.94,25.25,3067,14911590.0,3.799081153046356e-05
2023-11-29,09:36:41,12.0619,23.94,25.25,3074,14911583.0,3.756783876146659e-05
2023-11-29,09:36:41,12.0653,23.94,25.25,3073,14911585.0,3.76279738947721e-05
2023-11-29,09:36:41,12.0688,23.94,25.25,3069,14911586.0,3.786947855783113e-05
2023-11-29,09:36:41,12.0724,23.94,25.25,3065,14911580.0,3.811253325125966e-05
2023-11-29,09:36:41,12.0759,23.94,25.25,3066,14911584.0,3.805162371958823e-05
2023-11-29,09:36:41,12.0795,23.94,25.25,3071,14911591.0,3.774853309179975e-05
2023-11-29,09:36:41,12.0831,23.94,25.25,3073,14911586.0,3.76279738947721e-05
2023-11-29,09:36:41,12.0867,23.94,25.25,3069,14911585.0,3.786947855783113e-05
2023-11-29,09:36:41,12.0902,23.94,25.25,3064,14911590.0,3.817354028129473e-05
2023-11-29,09:36:41,12.0937,23.94,25.25,3066,14911586.0,3.805162371958823e-05
2023-11-29,09:36:41,12.0974,23.94,25.25,3072,14911583.0,3.768820528685573e-05
2023-11-29,09:36:41,12.101,23.94,25.25,3074,14911588.0,3.756783876146659e-05
2023-11-29,09:36:41,12.1044,23.94,25.25,3072,14911586.0,3.768820528685573e-05
2023-11-29,09:36:41,12.1078,23.94,25.25,3068,14911582.0,3.793009652831762e-05
2023-11-29,09:36:41,12.1114,23.94,25.25,3063,14911589.0,3.823464496575992e-05
2023-11-29,09:36:41,12.115,23.94,25.25,3065,14911589.0,3.811253325125966e-05
2023-11-29,09:36:41,12.1186,23.94,25.25,3071,14911583.0,3.774853309179975e-05
2023-11-29,09:36:41,12.1222,23.94,25.25,3072,14911586.0,3.768820528685573e-05
2023-11-29,09:36:41,12.1256,23.94,25.25,3069,14911588.0,3.786947855783113e-05
2023-11-29,09:36:41,12.1291,23.94,25.25,3065,14911582.0,3.811253325125966e-05
2023-11-29,09:36:41,12.1328,23.94,25.25,3068,14911583.0,3.793009652831762e-05
2023-11-29,09:36:41,12.1398,23.94,25.25,3073,14911586.0,3.76279738947721e-05
2023-11-29,09:36:41,12.1433,23.94,25.25,3068,14911585.0,3.793009652831762e-05
2023-11-29,09:36:41,12.1469,23.94,25.25,3064,14911590.0,3.817354028129473e-05
2023-11-29,09:36:41,12.1506,23.94,25.25,3066,14911587.0,3.805162371958823e-05
2023-11-29,09:36:41,12.1542,23.94,25.25,3071,14911582.0,3.774853309179975e-05
2023-11-29,09:36:41,12.1576,23.94,25.25,3073,14911586.0,3.76279738947721e-05
2023-11-29,09:36:41,12.1612,23.94,25.25,3070,14911586.0,3.780895746393291e-05
2023-11-29,09:36:41,12.1648,23.94,25.25,3066,14911581.0,3.805162371958823e-05
2023-11-29,09:36:41,12.1684,23.94,25.25,3065,14911586.0,3.811253325125966e-05
2023-11-29,09:36:41,12.1719,23.94,25.25,3068,14911589.0,3.793009652831762e-05
2023-11-29,09:36:41,12.1755,23.94,25.25,3073,14911583.0,3.76279738947721e-05
2023-11-29,09:36:41,12.179,23.94,25.25,3070,14911584.0,3.780895746393291e-05
2023-11-29,09:36:41,12.1824,23.94,25.25,3065,14911589.0,3.811253325125966e-05
2023-11-29,09:36:41,12.1862,23.94,25.25,3066,14911587.0,3.805162371958823e-05
2023-11-29,09:36:41,12.1897,23.94,25.25,3070,14911585.0,3.780895746393291e-05
2023-11-29,09:36:42,12.1933,23.94,25.25,3073,14911588.0,3.76279738947721e-05
2023-11-29,09:36:42,12.1969,23.94,25.25,3071,14911586.0,3.774853309179975e-05
2023-11-29,09:36:42,12.2004,23.94,25.25,3067,14911583.0,3.799081153046356e-05
2023-11-29,09:36:42,12.2038,23.94,25.25,3062,14911589.0,3.829584746097138e-05
2023-11-29,09:36:42,12.2074,23.94,25.25,3065,14911589.0,3.811253325125966e-05
2023-11-29,09:36:42,12.2111,23.94,25.25,3072,14911583.0,3.768820528685573e-05
2023-11-29,09:36:42,12.2147,23.94,25.25,3071,14911585.0,3.774853309179975e-05
2023-11-29,09:36:42,12.2182,23.94,25.25,3067,14911587.0,3.799081153046356e-05
2023-11-29,09:36:42,12.2216,23.94,25.25,3063,14911582.0,3.823464496575992e-05
2023-11-29,09:36:42,12.2253,23.94,25.25,3066,14911584.0,3.805162371958823e-05
2023-11-29,09:36:42,12.229,23.94,25.25,3070,14911588.0,3.780895746393291e-05
2023-11-29,09:36:42,12.2325,23.94,25.25,3071,14911584.0,3.774853309179975e-05
2023-11-29,09:36:42,12.2359,23.94,25.25,3070,14911583.0,3.780895746393291e-05
2023-11-29,09:36:42,12.2395,23.94,25.25,3064,14911589.0,3.817354028129473e-05
2023-11-29,09:36:42,12.2432,23.94,25.25,3067,14911589.0,3.799081153046356e-05
2023-11-29,09:36:42,12.2468,23.94,25.25,3074,14911583.0,3.756783876146659e-05
2023-11-29,09:36:42,12.2503,23.94,25.25,3074,14911587.0,3.756783876146659e-05
2023-11-29,09:36:42,12.2537,23.94,25.25,3070,14911587.0,3.780895746393291e-05
2023-11-29,09:36:42,12.2572,23.94,25.25,3065,14911580.0,3.811253325125966e-05
2023-11-29,09:36:42,12.2609,23.94,25.25,3063,14911585.0,3.823464496575992e-05
2023-11-29,09:36:42,12.2646,23.94,25.25,3066,14911588.0,3.805162371958823e-05
2023-11-29,09:36:42,12.2681,23.94,25.25,3070,14911583.0,3.780895746393291e-05
2023-11-29,09:36:42,12.2715,23.94,25.25,3069,14911586.0,3.786947855783113e-05
2023-11-29,09:36:42,12.2751,23.94,25.25,3065,14911589.0,3.811253325125966e-05
2023-11-29,09:36:42,12.2787,23.94,25.25,3063,14911585.0,3.823464496575992e-05
2023-11-29,09:36:42,12.2823,23.94,25.25,3067,14911584.0,3.799081153046356e-05
2023-11-29,09:36:42,12.2859,23.94,25.25,3071,14911588.0,3.774853309179975e-05
2023-11-29,09:36:42,12.2893,23.94,25.25,3069,14911585.0,3.786947855783113e-05
2023-11-29,09:36:42,12.2928,23.94,25.25,3066,14911581.0,3.805162371958823e-05
2023-11-29,09:36:42,12.2965,23.94,25.25,3063,14911586.0,3.823464496575992e-05
2023-11-29,09:36:42,12.3002,23.94,25.25,3067,14911589.0,3.799081153046356e-05
2023-11-29,09:36:42,12.3038,23.94,25.25,3072,14911583.0,3.768820528685573e-05
2023-11-29,09:36:42,12.3072,23.94,25.25,3071,14911585.0,3.774853309179975e-05
2023-11-29,09:36:42,12.3107,23.94,25.25,3067,14911588.0,3.799081153046356e-05
2023-11-29,09:36:42,12.3143,23.94,25.25,3062,14911581.0,3.829584746097138e-05
2023-11-29,09:36:42,12.3179,23.94,25.25,3065,14911582.0,3.811253325125966e-05
2023-11-29,09:36:42,12.3214,23.94,25.25,3069,14911588.0,3.786947855783113e-05
2023-11-29,09:36:42,12.325,23.94,25.25,3070,14911585.0,3.780895746393291e-05
2023-11-29,09:36:42,12.3286,23.94,25.25,3068,14911586.0,3.793009652831762e-05
2023-11-29,09:36:42,12.3321,23.94,25.25,3063,14911590.0,3.823464496575992e-05
2023-11-29,09:36:42,12.3357,23.94,25.25,3066,14911589.0,3.805162371958823e-05
2023-11-29,09:36:42,12.3392,23.94,25.25,3070,14911586.0,3.780895746393291e-05
2023-11-29,09:36:42,12.3427,23.94,25.25,3070,14911588.0,3.780895746393291e-05
2023-11-29,09:36:42,12.3462,23.94,25.25,3068,14911587.0,3.793009652831762e-05
2023-11-29,09:36:42,12.3496,23.94,25.25,3063,14911582.0,3.823464496575992e-05
2023-11-29,09:36:42,12.3533,23.94,25.25,3062,14911587.0,3.829584746097138e-05
2023-11-29,09:36:42,12.357,23.94,25.25,3067,14911589.0,3.799081153046356e-05
2023-11-29,09:36:42,12.3605,23.94,25.25,3071,14911582.0,3.774853309179975e-05
2023-11-29,09:36:42,12.3639,23.94,25.25,3069,14911585.0,3.786947855783113e-05
2023-11-29,09:36:42,12.3675,23.94,25.25,3064,14911588.0,3.817354028129473e-05
2023-11-29,09:36:42,12.3711,23.94,25.25,3060,14911582.0,3.841854651014953e-05
2023-11-29,09:36:42,12.3747,23.94,25.25,3063,14911582.0,3.823464496575992e-05
2023-11-29,09:36:42,12.3783,23.94,25.25,3067,14911587.0,3.799081153046356e-05
2023-11-29,09:36:42,12.3817,23.94,25.25,3067,14911585.0,3.799081153046356e-05
2023-11-29,09:36:42,12.3888,23.94,25.25,3064,14911589.0,3.817354028129473e-05
2023-11-29,09:36:42,12.3922,23.94,25.25,3064,14911586.0,3.817354028129473e-05
2023-11-29,09:36:42,12.3958,23.94,25.25,3068,14911584.0,3.793009652831762e-05
2023-11-29,09:36:42,12.3994,23.94,25.25,3069,14911586.0,3.786947855783113e-05
2023-11-29,09:36:42,12.403,23.94,25.25,3067,14911585.0,3.799081153046356e-05
2023-11-29,09:36:42,12.4064,23.94,25.25,3063,14911579.0,3.823464496575992e-05
2023-11-29,09:36:42,12.4102,23.94,25.25,3062,14911584.0,3.829584746097138e-05
2023-11-29,09:36:42,12.4139,23.94,25.25,3065,14911587.0,3.811253325125966e-05
2023-11-29,09:36:42,12.4174,23.94,25.25,3068,14911581.0,3.793009652831762e-05
2023-11-29,09:36:42,12.4209,23.94,25.25,3067,14911585.0,3.799081153046356e-05
2023-11-29,09:36:42,12.4244,23.94,25.25,3064,14911588.0,3.817354028129473e-05
2023-11-29,09:36:42,12.4279,23.94,25.25,3061,14911583.0,3.835714792349559e-05
2023-11-29,09:36:42,12.4315,23.94,25.25,3064,14911582.0,3.817354028129473e-05
2023-11-29,09:36:42,12.4351,23.94,25.25,3069,14911587.0,3.786947855783113e-05
2023-11-29,09:36:42,12.4386,23.94,25.25,3067,14911586.0,3.799081153046356e-05
2023-11-29,09:36:42,12.4422,23.94,25.25,3065,14911582.0,3.811253325125966e-05
2023-11-29,09:36:42,12.4459,23.94,25.25,3062,14911586.0,3.829584746097138e-05
2023-11-29,09:36:42,12.4494,23.94,25.25,3064,14911586.0,3.817354028129473e-05
2023-11-29,09:36:42,12.453,23.94,25.25,3070,14911581.0,3.780895746393291e-05
2023-11-29,09:36:42,12.4565,23.94,25.25,3070,14911586.0,3.780895746393291e-05
2023-11-29,09:36:42,12.4599,23.94,25.25,3065,14911588.0,3.811253325125966e-05
2023-11-29,09:36:42,12.4635,23.94,25.25,3058,14911579.0,3.854163868437039e-05
2023-11-29,09:36:42,12.4671,23.94,25.25,3062,14911581.0,3.829584746097138e-05
2023-11-29,09:36:42,12.4708,23.94,25.25,3068,14911587.0,3.793009652831762e-05
2023-11-29,09:36:42,12.4744,23.94,25.25,3068,14911583.0,3.793009652831762e-05
2023-11-29,09:36:42,12.4779,23.94,25.25,3066,14911584.0,3.805162371958823e-05
2023-11-29,09:36:42,12.4813,23.94,25.25,3061,14911589.0,3.835714792349559e-05
2023-11-29,09:36:42,12.4849,23.94,25.25,3063,14911587.0,3.823464496575992e-05
2023-11-29,09:36:42,12.4885,23.94,25.25,3067,14911584.0,3.799081153046356e-05
2023-11-29,09:36:42,12.4921,23.94,25.25,3067,14911585.0,3.799081153046356e-05
2023-11-29,09:36:42,12.4957,23.94,25.25,3065,14911584.0,3.811253325125966e-05
2023-11-29,09:36:42,12.4991,23.94,25.25,3061,14911579.0,3.835714792349559e-05
2023-11-29,09:36:42,12.5028,23.94,25.25,3062,14911583.0,3.829584746097138e-05
2023-11-29,09:36:42,12.5064,23.94,25.25,3067,14911588.0,3.799081153046356e-05
2023-11-29,09:36:42,12.5097,23.94,25.25,3069,14911581.0,3.786947855783113e-05
2023-11-29,09:36:42,12.5132,23.94,25.25,3067,14911584.0,3.799081153046356e-05
2023-11-29,09:36:42,12.5168,23.94,25.25,3063,14911589.0,3.823464496575992e-05
2023-11-29,09:36:42,12.5205,23.94,25.25,3061,14911584.0,3.835714792349559e-05
2023-11-29,09:36:42,12.5242,23.94,25.25,3064,14911583.0,3.817354028129473e-05
2023-11-29,09:36:42,12.5278,23.94,25.25,3066,14911586.0,3.805162371958823e-05
2023-11-29,09:36:42,12.5312,23.94,25.25,3065,14911583.0,3.811253325125966e-05
2023-11-29,09:36:42,12.5347,23.94,25.25,3063,14911581.0,3.823464496575992e-05
2023-11-29,09:36:42,12.5384,23.94,25.25,3061,14911584.0,3.835714792349559e-05
2023-11-29,09:36:42,12.542,23.94,25.25,3063,14911585.0,3.823464496575992e-05
2023-11-29,09:36:42,12.5454,23.94,25.25,3066,14911582.0,3.805162371958823e-05
2023-11-29,09:36:42,12.549,23.94,25.25,3067,14911586.0,3.799081153046356e-05
2023-11-29,09:36:42,12.5525,23.94,25.25,3064,14911588.0,3.817354028129473e-05
2023-11-29,09:36:42,12.5561,23.94,25.25,3059,14911583.0,3.848004337800132e-05
2023-11-29,09:36:42,12.5598,23.94,25.25,3062,14911584.0,3.829584746097138e-05
2023-11-29,09:36:42,12.5634,23.94,25.25,3066,14911585.0,3.805162371958823e-05
2023-11-29,09:36:42,12.567,23.94,25.25,3067,14911582.0,3.799081153046356e-05
2023-11-29,09:36:42,12.5704,23.94,25.25,3065,14911583.0,3.811253325125966e-05
2023-11-29,09:36:42,12.5737,23.94,25.25,3059,14911589.0,3.848004337800132e-05
2023-11-29,09:36:42,12.5773,23.94,25.25,3060,14911587.0,3.841854651014953e-05
2023-11-29,09:36:42,12.5809,23.94,25.25,3063,14911584.0,3.823464496575992e-05
2023-11-29,09:36:42,12.5845,23.94,25.25,3065,14911586.0,3.811253325125966e-05
2023-11-29,09:36:42,12.5881,23.94,25.25,3064,14911583.0,3.817354028129473e-05
2023-11-29,09:36:42,12.5915,23.94,25.25,3060,14911579.0,3.841854651014953e-05
2023-11-29,09:36:42,12.5951,23.94,25.25,3060,14911582.0,3.841854651014953e-05
2023-11-29,09:36:42,12.5988,23.94,25.25,3062,14911584.0,3.829584746097138e-05
2023-11-29,09:36:42,12.6024,23.94,25.25,3065,14911581.0,3.811253325125966e-05
2023-11-29,09:36:42,12.6059,23.94,25.25,3065,14911585.0,3.811253325125966e-05
2023-11-29,09:36:42,12.6093,23.94,25.25,3061,14911588.0,3.835714792349559e-05
2023-11-29,09:36:42,12.6129,23.94,25.25,3060,14911584.0,3.841854651014953e-05
2023-11-29,09:36:42,12.6166,23.94,25.25,3064,14911584.0,3.817354028129473e-05
2023-11-29,09:36:42,12.6202,23.94,25.25,3067,14911587.0,3.799081153046356e-05
2023-11-29,09:36:42,12.6237,23.94,25.25,3067,14911583.0,3.799081153046356e-05
2023-11-29,09:36:42,12.6271,23.94,25.25,3064,14911583.0,3.817354028129473e-05
2023-11-29,09:36:42,12.6307,23.94,25.25,3059,14911588.0,3.848004337800132e-05
2023-11-29,09:36:42,12.6343,23.94,25.25,3060,14911585.0,3.841854651014953e-05
2023-11-29,09:36:42,12.6414,23.94,25.25,3064,14911583.0,3.817354028129473e-05
2023-11-29,09:36:42,12.6449,23.94,25.25,3063,14911583.0,3.823464496575992e-05
2023-11-29,09:36:42,12.6484,23.94,25.25,3059,14911579.0,3.848004337800132e-05
2023-11-29,09:36:42,12.6519,23.94,25.25,3060,14911581.0,3.841854651014953e-05
2023-11-29,09:36:42,12.6555,23.94,25.25,3063,14911585.0,3.823464496575992e-05
2023-11-29,09:36:42,12.6591,23.94,25.25,3065,14911581.0,3.811253325125966e-05
2023-11-29,09:36:42,12.6627,23.94,25.25,3063,14911583.0,3.823464496575992e-05
2023-11-29,09:36:42,12.6663,23.94,25.25,3057,14911589.0,3.860333258682812e-05
2023-11-29,09:36:42,12.67,23.94,25.25,3059,14911587.0,3.848004337800132e-05
2023-11-29,09:36:42,12.6736,23.94,25.25,3064,14911584.0,3.817354028129473e-05
2023-11-29,09:36:42,12.677,23.94,25.25,3066,14911586.0,3.805162371958823e-05
2023-11-29,09:36:42,12.6805,23.94,25.25,3064,14911583.0,3.817354028129473e-05
2023-11-29,09:36:42,12.6839,23.94,25.25,3061,14911579.0,3.835714792349559e-05
2023-11-29,09:36:42,12.6877,23.94,25.25,3058,14911584.0,3.854163868437039e-05
2023-11-29,09:36:42,12.6914,23.94,25.25,3059,14911585.0,3.848004337800132e-05
2023-11-29,09:36:42,12.6948,23.94,25.25,3064,14911582.0,3.817354028129473e-05
2023-11-29,09:36:42,12.6983,23.94,25.25,3064,14911584.0,3.817354028129473e-05
2023-11-29,09:36:42,12.7019,23.94,25.25,3062,14911586.0,3.829584746097138e-05
2023-11-29,09:36:42,12.7054,23.94,25.25,3059,14911582.0,3.848004337800132e-05
2023-11-29,09:36:42,12.7089,23.94,25.25,3061,14911583.0,3.835714792349559e-05
2023-11-29,09:36:42,12.7125,23.94,25.25,3064,14911584.0,3.817354028129473e-05
2023-11-29,09:36:42,12.7161,23.94,25.25,3065,14911580.0,3.811253325125966e-05
2023-11-29,09:36:42,12.7195,23.94,25.25,3063,14911580.0,3.823464496575992e-05
2023-11-29,09:36:42,12.7231,23.94,25.25,3056,14911588.0,3.866512524319794e-05
2023-11-29,09:36:42,12.7268,23.94,25.25,3059,14911588.0,3.848004337800132e-05
2023-11-29,09:36:42,12.7304,23.94,25.25,3064,14911583.0,3.817354028129473e-05
2023-11-29,09:36:42,12.7339,23.94,25.25,3063,14911584.0,3.823464496575992e-05
2023-11-29,09:36:42,12.7374,23.94,25.25,3061,14911584.0,3.835714792349559e-05
2023-11-29,09:36:42,12.741,23.94,25.25,3058,14911578.0,3.854163868437039e-05
2023-11-29,09:36:42,12.7446,23.94,25.25,3060,14911580.0,3.841854651014953e-05
2023-11-29,09:36:42,12.7482,23.94,25.25,3061,14911582.0,3.835714792349559e-05
2023-11-29,09:36:42,12.7518,23.94,25.25,3062,14911582.0,3.829584746097138e-05
2023-11-29,09:36:42,12.7552,23.94,25.25,3062,14911584.0,3.829584746097138e-05
2023-11-29,09:36:42,12.7587,23.94,25.25,3058,14911586.0,3.854163868437039e-05
2023-11-29,09:36:42,12.7624,23.94,25.25,3061,14911586.0,3.835714792349559e-05
2023-11-29,09:36:42,12.766,23.94,25.25,3065,14911584.0,3.811253325125966e-05
2023-11-29,09:36:42,12.7696,23.94,25.25,3065,14911586.0,3.811253325125966e-05
2023-11-29,09:36:42,12.773,23.94,25.25,3064,14911583.0,3.817354028129473e-05
2023-11-29,09:36:42,12.7764,23.94,25.25,3060,14911577.0,3.841854651014953e-05
2023-11-29,09:36:42,12.7801,23.94,25.25,3056,14911583.0,3.866512524319794e-05
2023-11-29,09:36:42,12.7838,23.94,25.25,3059,14911586.0,3.848004337800132e-05
2023-11-29,09:36:42,12.7874,23.94,25.25,3063,14911581.0,3.823464496575992e-05
2023-11-29,09:36:42,12.7908,23.94,25.25,3063,14911583.0,3.823464496575992e-05
2023-11-29,09:36:42,12.7943,23.94,25.25,3062,14911583.0,3.829584746097138e-05
2023-11-29,09:36:42,12.7979,23.94,25.25,3057,14911578.0,3.860333258682812e-05
2023-11-29,09:36:42,12.8014,23.94,25.25,3058,14911580.0,3.854163868437039e-05
2023-11-29,09:36:42,12.805,23.94,25.25,3062,14911583.0,3.829584746097138e-05
2023-11-29,09:36:42,12.8085,23.94,25.25,3062,14911581.0,3.829584746097138e-05
2023-11-29,09:36:42,12.8121,23.94,25.25,3061,14911583.0,3.835714792349559e-05
2023-11-29,09:36:42,12.8157,23.94,25.25,3057,14911588.0,3.860333258682812e-05
2023-11-29,09:36:42,12.8192,23.94,25.25,3059,14911586.0,3.848004337800132e-05
2023-11-29,09:36:42,12.8228,23.94,25.25,3063,14911583.0,3.823464496575992e-05
2023-11-29,09:36:42,12.8263,23.94,25.25,3064,14911587.0,3.817354028129473e-05
2023-11-29,09:36:42,12.8299,23.94,25.25,3063,14911583.0,3.823464496575992e-05
2023-11-29,09:36:42,12.8333,23.94,25.25,3059,14911578.0,3.848004337800132e-05
2023-11-29,09:36:42,12.8369,23.94,25.25,3055,14911583.0,3.872701681155609e-05
2023-11-29,09:36:42,12.8406,23.94,25.25,3056,14911584.0,3.866512524319794e-05
2023-11-29,09:36:42,12.8442,23.94,25.25,3061,14911579.0,3.835714792349559e-05
2023-11-29,09:36:42,12.8477,23.94,25.25,3062,14911583.0,3.829584746097138e-05
2023-11-29,09:36:42,12.8511,23.94,25.25,3060,14911586.0,3.841854651014953e-05
2023-11-29,09:36:42,12.8547,23.94,25.25,3057,14911581.0,3.860333258682812e-05
2023-11-29,09:36:42,12.8583,23.94,25.25,3058,14911581.0,3.854163868437039e-05
2023-11-29,09:36:42,12.8619,23.94,25.25,3060,14911583.0,3.841854651014953e-05
2023-11-29,09:36:42,12.8653,23.94,25.25,3061,14911580.0,3.835714792349559e-05
2023-11-29,09:36:42,12.8688,23.94,25.25,3060,14911580.0,3.841854651014953e-05
2023-11-29,09:36:42,12.8722,23.94,25.25,3054,14911587.0,3.878900745023173e-05
2023-11-29,09:36:42,12.8795,23.94,25.25,3064,14911582.0,3.817354028129473e-05
2023-11-29,09:36:42,12.8831,23.94,25.25,3065,14911585.0,3.811253325125966e-05
2023-11-29,09:36:42,12.8866,23.94,25.25,3063,14911582.0,3.823464496575992e-05
2023-11-29,09:36:42,12.89,23.94,25.25,3059,14911577.0,3.848004337800132e-05
2023-11-29,09:36:42,12.8937,23.94,25.25,3055,14911582.0,3.872701681155609e-05
2023-11-29,09:36:42,12.8973,23.94,25.25,3057,14911583.0,3.860333258682812e-05
2023-11-29,09:36:42,12.9008,23.94,25.25,3061,14911580.0,3.835714792349559e-05
2023-11-29,09:36:42,12.9044,23.94,25.25,3061,14911583.0,3.835714792349559e-05
2023-11-29,09:36:42,12.9079,23.94,25.25,3060,14911585.0,3.841854651014953e-05
2023-11-29,09:36:42,12.9115,23.94,25.25,3057,14911582.0,3.860333258682812e-05
2023-11-29,09:36:42,12.915,23.94,25.25,3058,14911582.0,3.854163868437039e-05
2023-11-29,09:36:42,12.9186,23.94,25.25,3061,14911584.0,3.835714792349559e-05
2023-11-29,09:36:42,12.9222,23.94,25.25,3062,14911580.0,3.829584746097138e-05
2023-11-29,09:36:42,12.9256,23.94,25.25,3060,14911579.0,3.841854651014953e-05
2023-11-29,09:36:42,12.9292,23.94,25.25,3054,14911585.0,3.878900745023173e-05
2023-11-29,09:36:42,12.9329,23.94,25.25,3056,14911586.0,3.866512524319794e-05
2023-11-29,09:36:42,12.9365,23.94,25.25,3061,14911581.0,3.835714792349559e-05
2023-11-29,09:36:42,12.9399,23.94,25.25,3062,14911584.0,3.829584746097138e-05
2023-11-29,09:36:42,12.9434,23.94,25.25,3060,14911582.0,3.841854651014953e-05
2023-11-29,09:36:42,12.9469,23.94,25.25,3056,14911577.0,3.866512524319794e-05
2023-11-29,09:36:42,12.9506,23.94,25.25,3057,14911578.0,3.860333258682812e-05
2023-11-29,09:36:42,12.9542,23.94,25.25,3059,14911579.0,3.848004337800132e-05
2023-11-29,09:36:42,12.9576,23.94,25.25,3061,14911575.0,3.835714792349559e-05
2023-11-29,09:36:42,12.9612,23.94,25.25,3060,14911578.0,3.841854651014953e-05
2023-11-29,09:36:42,12.9646,23.94,25.25,3057,14911585.0,3.860333258682812e-05
2023-11-29,09:36:42,12.9682,23.94,25.25,3057,14911583.0,3.860333258682812e-05
2023-11-29,09:36:42,12.9718,23.94,25.25,3059,14911582.0,3.848004337800132e-05
2023-11-29,09:36:42,12.9753,23.94,25.25,3061,14911584.0,3.835714792349559e-05
2023-11-29,09:36:42,12.9787,23.94,25.25,3061,14911580.0,3.835714792349559e-05
2023-11-29,09:36:42,12.9822,23.94,25.25,3059,14911578.0,3.848004337800132e-05
2023-11-29,09:36:42,12.9858,23.94,25.25,3054,14911585.0,3.878900745023173e-05
2023-11-29,09:36:42,12.9895,23.94,25.25,3056,14911586.0,3.866512524319794e-05
2023-11-29,09:36:42,12.9931,23.94,25.25,3059,14911583.0,3.848004337800132e-05
2023-11-29,09:36:42,12.9966,23.94,25.25,3060,14911586.0,3.841854651014953e-05
2023-11-29,09:36:42,13.0002,23.94,25.25,3060,14911582.0,3.841854651014953e-05
2023-11-29,09:36:42,13.0037,23.94,25.25,3055,14911576.0,3.872701681155609e-05
2023-11-29,09:36:42,13.0073,23.94,25.25,3055,14911578.0,3.872701681155609e-05
2023-11-29,09:36:42,13.0109,23.94,25.25,3058,14911580.0,3.854163868437039e-05
2023-11-29,09:36:42,13.0144,23.94,25.25,3061,14911579.0,3.835714792349559e-05
2023-11-29,09:36:42,13.018,23.94,25.25,3060,14911582.0,3.841854651014953e-05
2023-11-29,09:36:42,13.0215,23.94,25.25,3055,14911586.0,3.872701681155609e-05
2023-11-29,09:36:42,13.0251,23.94,25.25,3055,14911583.0,3.872701681155609e-05
2023-11-29,09:36:42,13.0286,23.94,25.25,3058,14911583.0,3.854163868437039e-05
2023-11-29,09:36:42,13.0321,23.94,25.25,3060,14911585.0,3.841854651014953e-05
2023-11-29,09:36:42,13.0357,23.94,25.25,3061,14911580.0,3.835714792349559e-05
2023-11-29,09:36:42,13.0391,23.94,25.25,3057,14911576.0,3.860333258682812e-05
2023-11-29,09:36:42,13.0427,23.94,25.25,3051,14911582.0,3.897557537525958e-05
2023-11-29,09:36:42,13.0464,23.94,25.25,3054,14911584.0,3.878900745023173e-05
2023-11-29,09:36:42,13.05,23.94,25.25,3057,14911581.0,3.860333258682812e-05
2023-11-29,09:36:42,13.0535,23.94,25.25,3057,14911584.0,3.860333258682812e-05
2023-11-29,09:36:42,13.0569,23.94,25.25,3058,14911583.0,3.854163868437039e-05
2023-11-29,09:36:42,13.0605,23.94,25.25,3054,14911577.0,3.878900745023173e-05
2023-11-29,09:36:42,13.0641,23.94,25.25,3054,14911579.0,3.878900745023173e-05
2023-11-29,09:36:42,13.0677,23.94,25.25,3056,14911580.0,3.866512524319794e-05
2023-11-29,09:36:42,13.0713,23.94,25.25,3057,14911579.0,3.860333258682812e-05
2023-11-29,09:36:42,13.0747,23.94,25.25,3057,14911581.0,3.860333258682812e-05
2023-11-29,09:36:42,13.0782,23.94,25.25,3053,14911586.0,3.88510973178075e-05
2023-11-29,09:36:42,13.0819,23.94,25.25,3054,14911585.0,3.878900745023173e-05
2023-11-29,09:36:42,13.0855,23.94,25.25,3057,14911584.0,3.860333258682812e-05
2023-11-29,09:36:42,13.0924,23.94,25.25,3061,14911579.0,3.835714792349559e-05
2023-11-29,09:36:42,13.0958,23.94,25.25,3058,14911575.0,3.854163868437039e-05
2023-11-29,09:36:42,13.0994,23.94,25.25,3051,14911582.0,3.897557537525958e-05
2023-11-29,09:36:42,13.103,23.94,25.25,3051,14911581.0,3.897557537525958e-05
2023-11-29,09:36:42,13.1066,23.94,25.25,3055,14911579.0,3.872701681155609e-05
2023-11-29,09:36:42,13.1102,23.94,25.25,3056,14911583.0,3.866512524319794e-05
2023-11-29,09:36:42,13.1138,23.94,25.25,3056,14911583.0,3.866512524319794e-05
2023-11-29,09:36:42,13.1174,23.94,25.25,3052,14911578.0,3.891328657311985e-05
2023-11-29,09:36:42,13.1208,23.94,25.25,3053,14911579.0,3.88510973178075e-05
2023-11-29,09:36:42,13.1244,23.94,25.25,3056,14911581.0,3.866512524319794e-05
2023-11-29,09:36:42,13.128,23.94,25.25,3058,14911577.0,3.854163868437039e-05
2023-11-29,09:36:42,13.1314,23.94,25.25,3057,14911577.0,3.860333258682812e-05
2023-11-29,09:36:42,13.1351,23.94,25.25,3051,14911583.0,3.897557537525958e-05
2023-11-29,09:36:42,13.1387,23.94,25.25,3054,14911584.0,3.878900745023173e-05
2023-11-29,09:36:42,13.1422,23.94,25.25,3057,14911582.0,3.860333258682812e-05
2023-11-29,09:36:42,13.1458,23.94,25.25,3057,14911584.0,3.860333258682812e-05
2023-11-29,09:36:42,13.1494,23.94,25.25,3057,14911580.0,3.860333258682812e-05
2023-11-29,09:36:42,13.1528,23.94,25.25,3052,14911574.0,3.891328657311985e-05
2023-11-29,09:36:42,13.1564,23.94,25.25,3053,14911575.0,3.88510973178075e-05
2023-11-29,09:36:42,13.1601,23.94,25.25,3056,14911577.0,3.866512524319794e-05
2023-11-29,09:36:42,13.1636,23.94,25.25,3056,14911579.0,3.866512524319794e-05
2023-11-29,09:36:42,13.1671,23.94,25.25,3056,14911582.0,3.866512524319794e-05
2023-11-29,09:36:42,13.1707,23.94,25.25,3054,14911583.0,3.878900745023173e-05
2023-11-29,09:36:42,13.1743,23.94,25.25,3054,14911581.0,3.878900745023173e-05
2023-11-29,09:36:42,13.1779,23.94,25.25,3054,14911582.0,3.878900745023173e-05
2023-11-29,09:36:42,13.1815,23.94,25.25,3056,14911585.0,3.866512524319794e-05
2023-11-29,09:36:42,13.1851,23.94,25.25,3059,14911579.0,3.848004337800132e-05
2023-11-29,09:36:42,13.1885,23.94,25.25,3056,14911575.0,3.866512524319794e-05
2023-11-29,09:36:42,13.1921,23.94,25.25,3051,14911580.0,3.897557537525958e-05
2023-11-29,09:36:43,13.1957,23.94,25.25,3053,14911581.0,3.88510973178075e-05
2023-11-29,09:36:43,13.1993,23.94,25.25,3056,14911579.0,3.866512524319794e-05
2023-11-29,09:36:43,13.2029,23.94,25.25,3056,14911583.0,3.866512524319794e-05
2023-11-29,09:36:43,13.2063,23.94,25.25,3056,14911581.0,3.866512524319794e-05
2023-11-29,09:36:43,13.2098,23.94,25.25,3051,14911575.0,3.897557537525958e-05
2023-11-29,09:36:43,13.2134,23.94,25.25,3051,14911577.0,3.897557537525958e-05
2023-11-29,09:36:43,13.2169,23.94,25.25,3056,14911579.0,3.866512524319794e-05
2023-11-29,09:36:43,13.2205,23.94,25.25,3058,14911579.0,3.854163868437039e-05
2023-11-29,09:36:43,13.2241,23.94,25.25,3056,14911580.0,3.866512524319794e-05
2023-11-29,09:36:43,13.2276,23.94,25.25,3050,14911583.0,3.903796388357198e-05
2023-11-29,09:36:43,13.2311,23.94,25.25,3052,14911583.0,3.891328657311985e-05
2023-11-29,09:36:43,13.2347,23.94,25.25,3055,14911581.0,3.872701681155609e-05
2023-11-29,09:36:43,13.2383,23.94,25.25,3055,14911584.0,3.872701681155609e-05
2023-11-29,09:36:43,13.2419,23.94,25.25,3056,14911579.0,3.866512524319794e-05
2023-11-29,09:36:43,13.2454,23.94,25.25,3053,14911573.0,3.88510973178075e-05
2023-11-29,09:36:43,13.2489,23.94,25.25,3050,14911578.0,3.903796388357198e-05
2023-11-29,09:36:43,13.2525,23.94,25.25,3052,14911580.0,3.891328657311985e-05
2023-11-29,09:36:43,13.2561,23.94,25.25,3054,14911579.0,3.878900745023173e-05
2023-11-29,09:36:43,13.2597,23.94,25.25,3055,14911583.0,3.872701681155609e-05
2023-11-29,09:36:43,13.2631,23.94,25.25,3056,14911582.0,3.866512524319794e-05
2023-11-29,09:36:43,13.2666,23.94,25.25,3050,14911576.0,3.903796388357198e-05
2023-11-29,09:36:43,13.2702,23.94,25.25,3051,14911577.0,3.897557537525958e-05
2023-11-29,09:36:43,13.2739,23.94,25.25,3055,14911581.0,3.872701681155609e-05
2023-11-29,09:36:43,13.2774,23.94,25.25,3055,14911579.0,3.872701681155609e-05
2023-11-29,09:36:43,13.2808,23.94,25.25,3055,14911578.0,3.872701681155609e-05
2023-11-29,09:36:43,13.2844,23.94,25.25,3049,14911582.0,3.910045225765757e-05
2023-11-29,09:36:43,13.288,23.94,25.25,3051,14911583.0,3.897557537525958e-05
2023-11-29,09:36:43,13.2916,23.94,25.25,3054,14911582.0,3.878900745023173e-05
2023-11-29,09:36:43,13.295,23.94,25.25,3054,14911585.0,3.878900745023173e-05
2023-11-29,09:36:43,13.2985,23.94,25.25,3056,14911580.0,3.866512524319794e-05
2023-11-29,09:36:43,13.3019,23.94,25.25,3052,14911573.0,3.891328657311985e-05
2023-11-29,09:36:43,13.3056,23.94,25.25,3048,14911578.0,3.916304065737224e-05
2023-11-29,09:36:43,13.3092,23.94,25.25,3048,14911577.0,3.916304065737224e-05
2023-11-29,09:36:43,13.3128,23.94,25.25,3050,14911577.0,3.903796388357198e-05
2023-11-29,09:36:43,13.3164,23.94,25.25,3053,14911583.0,3.88510973178075e-05
2023-11-29,09:36:43,13.3197,23.94,25.25,3054,14911584.0,3.878900745023173e-05
2023-11-29,09:36:43,13.3233,23.94,25.25,3048,14911575.0,3.916304065737224e-05
2023-11-29,09:36:43,13.3306,23.94,25.25,3051,14911580.0,3.897557537525958e-05
2023-11-29,09:36:43,13.3341,23.94,25.25,3054,14911576.0,3.878900745023173e-05
2023-11-29,09:36:43,13.3375,23.94,25.25,3053,14911577.0,3.88510973178075e-05
2023-11-29,09:36:43,13.3411,23.94,25.25,3046,14911582.0,3.928851817439237e-05
2023-11-29,09:36:43,13.3448,23.94,25.25,3048,14911582.0,3.916304065737224e-05
2023-11-29,09:36:43,13.3484,23.94,25.25,3051,14911581.0,3.897557537525958e-05
2023-11-29,09:36:43,13.3518,23.94,25.25,3053,14911585.0,3.88510973178075e-05
2023-11-29,09:36:43,13.3554,23.94,25.25,3056,14911579.0,3.866512524319794e-05
2023-11-29,09:36:43,13.3589,23.94,25.25,3050,14911574.0,3.903796388357198e-05
2023-11-29,09:36:43,13.3625,23.94,25.25,3047,14911576.0,3.922572924282782e-05
2023-11-29,09:36:43,13.3661,23.94,25.25,3051,14911576.0,3.897557537525958e-05
2023-11-29,09:36:43,13.3696,23.94,25.25,3054,14911576.0,3.878900745023173e-05
2023-11-29,09:36:43,13.3734,23.94,25.25,3054,14911582.0,3.878900745023173e-05
2023-11-29,09:36:43,13.3767,23.94,25.25,3052,14911584.0,3.891328657311985e-05
2023-11-29,09:36:43,13.3801,23.94,25.25,3050,14911579.0,3.903796388357198e-05
2023-11-29,09:36:43,13.3837,23.94,25.25,3049,14911580.0,3.910045225765757e-05
2023-11-29,09:36:43,13.3873,23.94,25.25,3052,14911584.0,3.891328657311985e-05
2023-11-29,09:36:43,13.3909,23.94,25.25,3055,14911578.0,3.872701681155609e-05
2023-11-29,09:36:43,13.3943,23.94,25.25,3052,14911573.0,3.891328657311985e-05
2023-11-29,09:36:43,13.3981,23.94,25.25,3046,14911579.0,3.928851817439237e-05
2023-11-29,09:36:43,13.4016,23.94,25.25,3047,14911580.0,3.922572924282782e-05
2023-11-29,09:36:43,13.4052,23.94,25.25,3050,14911579.0,3.903796388357198e-05
2023-11-29,09:36:43,13.4088,23.94,25.25,3052,14911584.0,3.891328657311985e-05
2023-11-29,09:36:43,13.4123,23.94,25.25,3053,14911580.0,3.88510973178075e-05
2023-11-29,09:36:43,13.4157,23.94,25.25,3047,14911573.0,3.922572924282782e-05
2023-11-29,09:36:43,13.4193,23.94,25.25,3046,14911576.0,3.928851817439237e-05
2023-11-29,09:36:43,13.423,23.94,25.25,3051,14911577.0,3.897557537525958e-05
2023-11-29,09:36:43,13.4265,23.94,25.25,3055,14911577.0,3.872701681155609e-05
2023-11-29,09:36:43,13.4299,23.94,25.25,3054,14911580.0,3.878900745023173e-05
2023-11-29,09:36:43,13.4334,23.94,25.25,3048,14911584.0,3.916304065737224e-05
2023-11-29,09:36:43,13.437,23.94,25.25,3048,14911582.0,3.916304065737224e-05
2023-11-29,09:36:43,13.4407,23.94,25.25,3049,14911582.0,3.910045225765757e-05
2023-11-29,09:36:43,13.4443,23.94,25.25,3050,14911584.0,3.903796388357198e-05
2023-11-29,09:36:43,13.4477,23.94,25.25,3053,14911577.0,3.88510973178075e-05
2023-11-29,09:36:43,13.4512,23.94,25.25,3050,14911573.0,3.903796388357198e-05
2023-11-29,09:36:43,13.4548,23.94,25.25,3044,14911579.0,3.941439771860481e-05
2023-11-29,09:36:43,13.4583,23.94,25.25,3045,14911578.0,3.935140761269075e-05
2023-11-29,09:36:43,13.4619,23.94,25.25,3049,14911577.0,3.910045225765757e-05
2023-11-29,09:36:43,13.4655,23.94,25.25,3052,14911583.0,3.891328657311985e-05
2023-11-29,09:36:43,13.469,23.94,25.25,3052,14911581.0,3.891328657311985e-05
2023-11-29,09:36:43,13.4724,23.94,25.25,3044,14911572.0,3.941439771860481e-05
2023-11-29,09:36:43,13.4761,23.94,25.25,3044,14911574.0,3.941439771860481e-05
2023-11-29,09:36:43,13.4798,23.94,25.25,3051,14911579.0,3.897557537525958e-05
2023-11-29,09:36:43,13.4833,23.94,25.25,3054,14911577.0,3.878900745023173e-05
2023-11-29,09:36:43,13.4868,23.94,25.25,3051,14911578.0,3.897557537525958e-05
2023-11-29,09:36:43,13.4903,23.94,25.25,3044,14911582.0,3.941439771860481e-05
2023-11-29,09:36:43,13.4939,23.94,25.25,3045,14911581.0,3.935140761269075e-05
2023-11-29,09:36:43,13.4974,23.94,25.25,3049,14911581.0,3.910045225765757e-05
2023-11-29,09:36:43,13.501,23.94,25.25,3050,14911584.0,3.903796388357198e-05
2023-11-29,09:36:43,13.5046,23.94,25.25,3051,14911578.0,3.897557537525958e-05
2023-11-29,09:36:43,13.508,23.94,25.25,3047,14911573.0,3.922572924282782e-05
2023-11-29,09:36:43,13.5117,23.94,25.25,3043,14911576.0,3.947748865327405e-05
2023-11-29,09:36:43,13.5153,23.94,25.25,3046,14911576.0,3.928851817439237e-05
2023-11-29,09:36:43,13.5186,23.94,25.25,3049,14911576.0,3.910045225765757e-05
2023-11-29,09:36:43,13.5222,23.94,25.25,3050,14911582.0,3.903796388357198e-05
2023-11-29,09:36:43,13.5258,23.94,25.25,3050,14911581.0,3.903796388357198e-05
2023-11-29,09:36:43,13.5293,23.94,25.25,3044,14911573.0,3.941439771860481e-05
2023-11-29,09:36:43,13.5328,23.94,25.25,3044,14911574.0,3.941439771860481e-05
2023-11-29,09:36:43,13.5364,23.94,25.25,3049,14911578.0,3.910045225765757e-05
2023-11-29,09:36:43,13.54,23.94,25.25,3052,14911575.0,3.891328657311985e-05
2023-11-29,09:36:43,13.5469,23.94,25.25,3044,14911581.0,3.941439771860481e-05
2023-11-29,09:36:43,13.5506,23.94,25.25,3046,14911580.0,3.928851817439237e-05
2023-11-29,09:36:43,13.5543,23.94,25.25,3047,14911580.0,3.922572924282782e-05
2023-11-29,09:36:43,13.5579,23.94,25.25,3048,14911583.0,3.916304065737224e-05
2023-11-29,09:36:43,13.5614,23.94,25.25,3051,14911575.0,3.897557537525958e-05
2023-11-29,09:36:43,13.5648,23.94,25.25,3048,14911571.0,3.916304065737224e-05
2023-11-29,09:36:43,13.5684,23.94,25.25,3045,14911576.0,3.935140761269075e-05
2023-11-29,09:36:43,13.572,23.94,25.25,3047,14911575.0,3.922572924282782e-05
2023-11-29,09:36:43,13.5756,23.94,25.25,3050,14911575.0,3.903796388357198e-05
2023-11-29,09:36:43,13.5792,23.94,25.25,3050,14911582.0,3.903796388357198e-05
2023-11-29,09:36:43,13.5828,23.94,25.25,3047,14911583.0,3.922572924282782e-05
2023-11-29,09:36:43,13.5863,23.94,25.25,3045,14911577.0,3.935140761269075e-05
2023-11-29,09:36:43,13.5898,23.94,25.25,3046,14911577.0,3.928851817439237e-05
2023-11-29,09:36:43,13.5934,23.94,25.25,3049,14911582.0,3.910045225765757e-05
2023-11-29,09:36:43,13.597,23.94,25.25,3051,14911575.0,3.897557537525958e-05
2023-11-29,09:36:43,13.6004,23.94,25.25,3048,14911572.0,3.916304065737224e-05
2023-11-29,09:36:43,13.604,23.94,25.25,3043,14911579.0,3.947748865327405e-05
2023-11-29,09:36:43,13.6076,23.94,25.25,3044,14911579.0,3.941439771860481e-05
2023-11-29,09:36:43,13.6112,23.94,25.25,3046,14911579.0,3.928851817439237e-05
2023-11-29,09:36:43,13.6148,23.94,25.25,3048,14911584.0,3.916304065737224e-05
2023-11-29,09:36:43,13.6182,23.94,25.25,3050,14911579.0,3.903796388357198e-05
2023-11-29,09:36:43,13.6217,23.94,25.25,3046,14911574.0,3.928851817439237e-05
2023-11-29,09:36:43,13.6253,23.94,25.25,3044,14911576.0,3.941439771860481e-05
2023-11-29,09:36:43,13.6288,23.94,25.25,3047,14911576.0,3.922572924282782e-05
2023-11-29,09:36:43,13.6324,23.94,25.25,3050,14911575.0,3.903796388357198e-05
2023-11-29,09:36:43,13.636,23.94,25.25,3048,14911578.0,3.916304065737224e-05
2023-11-29,09:36:43,13.6395,23.94,25.25,3043,14911581.0,3.947748865327405e-05
2023-11-29,09:36:43,13.643,23.94,25.25,3043,14911577.0,3.947748865327405e-05
2023-11-29,09:36:43,13.6466,23.94,25.25,3046,14911578.0,3.928851817439237e-05
2023-11-29,09:36:43,13.6502,23.94,25.25,3048,14911582.0,3.916304065737224e-05
2023-11-29,09:36:43,13.6538,23.94,25.25,3049,14911576.0,3.910045225765757e-05
2023-11-29,09:36:43,13.6573,23.94,25.25,3047,14911573.0,3.922572924282782e-05
2023-11-29,09:36:43,13.6608,23.94,25.25,3042,14911579.0,3.95406805780958e-05
2023-11-29,09:36:43,13.6644,23.94,25.25,3042,14911578.0,3.95406805780958e-05
2023-11-29,09:36:43,13.6679,23.94,25.25,3045,14911578.0,3.935140761269075e-05
2023-11-29,09:36:43,13.6715,23.94,25.25,3048,14911584.0,3.916304065737224e-05
2023-11-29,09:36:43,13.675,23.94,25.25,3049,14911579.0,3.910045225765757e-05
2023-11-29,09:36:43,13.6785,23.94,25.25,3042,14911571.0,3.95406805780958e-05
2023-11-29,09:36:43,13.6821,23.94,25.25,3040,14911574.0,3.966736804507856e-05
2023-11-29,09:36:43,13.6857,23.94,25.25,3045,14911578.0,3.935140761269075e-05
2023-11-29,09:36:43,13.6893,23.94,25.25,3048,14911576.0,3.916304065737224e-05
2023-11-29,09:36:43,13.6928,23.94,25.25,3046,14911578.0,3.928851817439237e-05
2023-11-29,09:36:43,13.6963,23.94,25.25,3041,14911581.0,3.960397365472582e-05
2023-11-29,09:36:43,13.6999,23.94,25.25,3041,14911578.0,3.960397365472582e-05
2023-11-29,09:36:43,13.7035,23.94,25.25,3043,14911579.0,3.947748865327405e-05
2023-11-29,09:36:43,13.707,23.94,25.25,3044,14911582.0,3.941439771860481e-05
2023-11-29,09:36:43,13.7106,23.94,25.25,3047,14911575.0,3.922572924282782e-05
2023-11-29,09:36:43,13.714,23.94,25.25,3044,14911570.0,3.941439771860481e-05
2023-11-29,09:36:43,13.7175,23.94,25.25,3038,14911576.0,3.979446141590659e-05
2023-11-29,09:36:43,13.7213,23.94,25.25,3040,14911576.0,3.966736804507856e-05
2023-11-29,09:36:43,13.7248,23.94,25.25,3045,14911574.0,3.935140761269075e-05
2023-11-29,09:36:43,13.7284,23.94,25.25,3047,14911581.0,3.922572924282782e-05
2023-11-29,09:36:43,13.7319,23.94,25.25,3047,14911580.0,3.922572924282782e-05
2023-11-29,09:36:43,13.7353,23.94,25.25,3041,14911572.0,3.960397365472582e-05
2023-11-29,09:36:43,13.7389,23.94,25.25,3039,14911574.0,3.973086391132776e-05
2023-11-29,09:36:43,13.7425,23.94,25.25,3044,14911579.0,3.941439771860481e-05
2023-11-29,09:36:43,13.7461,23.94,25.25,3047,14911575.0,3.922572924282782e-05
2023-11-29,09:36:43,13.7495,23.94,25.25,3045,14911574.0,3.935140761269075e-05
2023-11-29,09:36:43,13.753,23.94,25.25,3038,14911579.0,3.979446141590659e-05
2023-11-29,09:36:43,13.7566,23.94,25.25,3039,14911579.0,3.973086391132776e-05
2023-11-29,09:36:43,13.7602,23.94,25.25,3043,14911579.0,3.947748865327405e-05
2023-11-29,09:36:43,13.7638,23.94,25.25,3044,14911581.0,3.941439771860481e-05
2023-11-29,09:36:43,13.7673,23.94,25.25,3047,14911575.0,3.922572924282782e-05
2023-11-29,09:36:43,13.7709,23.94,25.25,3044,14911571.0,3.941439771860481e-05
2023-11-29,09:36:43,13.7745,23.94,25.25,3038,14911577.0,3.979446141590659e-05
2023-11-29,09:36:43,13.7817,23.94,25.25,3046,14911573.0,3.928851817439237e-05
2023-11-29,09:36:43,13.7853,23.94,25.25,3047,14911580.0,3.922572924282782e-05
2023-11-29,09:36:43,13.7887,23.94,25.25,3043,14911582.0,3.947748865327405e-05
2023-11-29,09:36:43,13.7922,23.94,25.25,3040,14911575.0,3.966736804507856e-05
2023-11-29,09:36:43,13.7958,23.94,25.25,3041,14911576.0,3.960397365472582e-05
2023-11-29,09:36:43,13.7993,23.94,25.25,3042,14911578.0,3.95406805780958e-05
2023-11-29,09:36:43,13.8029,23.94,25.25,3045,14911572.0,3.935140761269075e-05
2023-11-29,09:36:43,13.8065,23.94,25.25,3043,14911571.0,3.947748865327405e-05
2023-11-29,09:36:43,13.81,23.94,25.25,3036,14911577.0,3.992196199108682e-05
2023-11-29,09:36:43,13.8135,23.94,25.25,3038,14911576.0,3.979446141590659e-05
2023-11-29,09:36:43,13.8171,23.94,25.25,3042,14911576.0,3.95406805780958e-05
2023-11-29,09:36:43,13.8206,23.94,25.25,3044,14911581.0,3.941439771860481e-05
2023-11-29,09:36:43,13.8242,23.94,25.25,3044,14911577.0,3.941439771860481e-05
2023-11-29,09:36:43,13.8276,23.94,25.25,3036,14911570.0,3.992196199108682e-05
2023-11-29,09:36:43,13.8312,23.94,25.25,3035,14911573.0,3.998586538785644e-05
2023-11-29,09:36:43,13.8349,23.94,25.25,3044,14911577.0,3.941439771860481e-05
2023-11-29,09:36:43,13.8385,23.94,25.25,3048,14911576.0,3.916304065737224e-05
2023-11-29,09:36:43,13.842,23.94,25.25,3045,14911578.0,3.935140761269075e-05
2023-11-29,09:36:43,13.8454,23.94,25.25,3038,14911581.0,3.979446141590659e-05
2023-11-29,09:36:43,13.849,23.94,25.25,3037,14911576.0,3.985816072150841e-05
2023-11-29,09:36:43,13.8526,23.94,25.25,3040,14911575.0,3.966736804507856e-05
2023-11-29,09:36:43,13.8563,23.94,25.25,3042,14911579.0,3.95406805780958e-05
2023-11-29,09:36:43,13.8599,23.94,25.25,3044,14911574.0,3.941439771860481e-05
2023-11-29,09:36:43,13.8632,23.94,25.25,3039,14911568.0,3.973086391132776e-05
2023-11-29,09:36:43,13.8668,23.94,25.25,3034,14911573.0,4.004987107529301e-05
2023-11-29,09:36:43,13.8705,23.94,25.25,3036,14911573.0,3.992196199108682e-05
2023-11-29,09:36:43,13.8741,23.94,25.25,3041,14911572.0,3.960397365472582e-05
2023-11-29,09:36:43,13.8777,23.94,25.25,3044,14911580.0,3.941439771860481e-05
2023-11-29,09:36:43,13.8811,23.94,25.25,3042,14911580.0,3.95406805780958e-05
2023-11-29,09:36:43,13.8846,23.94,25.25,3035,14911569.0,3.998586538785644e-05
2023-11-29,09:36:43,13.8883,23.94,25.25,3035,14911570.0,3.998586538785644e-05
2023-11-29,09:36:43,13.8919,23.94,25.25,3043,14911578.0,3.947748865327405e-05
2023-11-29,09:36:43,13.8953,23.94,25.25,3047,14911573.0,3.922572924282782e-05
2023-11-29,09:36:43,13.8989,23.94,25.25,3044,14911572.0,3.941439771860481e-05
2023-11-29,09:36:43,13.9024,23.94,25.25,3036,14911579.0,3.992196199108682e-05
2023-11-29,09:36:43,13.906,23.94,25.25,3035,14911576.0,3.998586538785644e-05
2023-11-29,09:36:43,13.9097,23.94,25.25,3039,14911573.0,3.973086391132776e-05
2023-11-29,09:36:43,13.9133,23.94,25.25,3041,14911579.0,3.960397365472582e-05
2023-11-29,09:36:43,13.9167,23.94,25.25,3041,14911577.0,3.960397365472582e-05
2023-11-29,09:36:43,13.9202,23.94,25.25,3034,14911570.0,4.004987107529301e-05
2023-11-29,09:36:43,13.9238,23.94,25.25,3033,14911572.0,4.011397921713403e-05
2023-11-29,09:36:43,13.9273,23.94,25.25,3041,14911575.0,3.960397365472582e-05
2023-11-29,09:36:43,13.9309,23.94,25.25,3045,14911573.0,3.935140761269075e-05
2023-11-29,09:36:43,13.9345,23.94,25.25,3043,14911577.0,3.947748865327405e-05
2023-11-29,09:36:43,13.938,23.94,25.25,3038,14911580.0,3.979446141590659e-05
2023-11-29,09:36:43,13.9415,23.94,25.25,3035,14911571.0,3.998586538785644e-05
2023-11-29,09:36:43,13.9453,23.94,25.25,3039,14911570.0,3.973086391132776e-05
2023-11-29,09:36:43,13.9488,23.94,25.25,3045,14911580.0,3.935140761269075e-05
2023-11-29,09:36:43,13.9523,23.94,25.25,3044,14911575.0,3.941439771860481e-05
2023-11-29,09:36:43,13.9556,23.94,25.25,3036,14911568.0,3.992196199108682e-05
2023-11-29,09:36:43,13.9593,23.94,25.25,3031,14911572.0,4.024250352029014e-05
2023-11-29,09:36:43,13.963,23.94,25.25,3034,14911577.0,4.004987107529301e-05
2023-11-29,09:36:43,13.9665,23.94,25.25,3037,14911576.0,3.985816072150841e-05
2023-11-29,09:36:43,13.9701,23.94,25.25,3040,14911579.0,3.966736804507856e-05
2023-11-29,09:36:43,13.9735,23.94,25.25,3039,14911577.0,3.973086391132776e-05
2023-11-29,09:36:43,13.977,23.94,25.25,3031,14911569.0,4.024250352029014e-05
2023-11-29,09:36:43,13.9806,23.94,25.25,3032,14911570.0,4.017818997737903e-05
2023-11-29,09:36:43,13.9843,23.94,25.25,3043,14911577.0,3.947748865327405e-05
2023-11-29,09:36:43,13.9879,23.94,25.25,3047,14911574.0,3.922572924282782e-05
2023-11-29,09:36:43,13.9912,23.94,25.25,3040,14911573.0,3.966736804507856e-05
2023-11-29,09:36:43,13.9947,23.94,25.25,3034,14911577.0,4.004987107529301e-05
2023-11-29,09:36:43,13.9984,23.94,25.25,3035,14911572.0,3.998586538785644e-05
2023-11-29,09:36:43,14.0021,23.94,25.25,3039,14911571.0,3.973086391132776e-05
2023-11-29,09:36:43,14.0057,23.94,25.25,3042,14911578.0,3.95406805780958e-05
2023-11-29,09:36:43,14.0123,23.94,25.25,3034,14911567.0,4.004987107529301e-05
2023-11-29,09:36:43,14.016,23.94,25.25,3030,14911571.0,4.030692001039233e-05
2023-11-29,09:36:43,14.0198,23.94,25.25,3033,14911573.0,4.011397921713403e-05
2023-11-29,09:36:43,14.0233,23.94,25.25,3036,14911573.0,3.992196199108682e-05
2023-11-29,09:36:43,14.0269,23.94,25.25,3040,14911579.0,3.966736804507856e-05
2023-11-29,09:36:43,14.0304,23.94,25.25,3038,14911578.0,3.979446141590659e-05
2023-11-29,09:36:43,14.0338,23.94,25.25,3029,14911566.0,4.037143961247402e-05
2023-11-29,09:36:43,14.0375,23.94,25.25,3031,14911568.0,4.024250352029014e-05
2023-11-29,09:36:43,14.0413,23.94,25.25,3042,14911579.0,3.95406805780958e-05
2023-11-29,09:36:43,14.0447,23.94,25.25,3044,14911575.0,3.941439771860481e-05
2023-11-29,09:36:43,14.0482,23.94,25.25,3036,14911569.0,3.992196199108682e-05
2023-11-29,09:36:43,14.0518,23.94,25.25,3029,14911575.0,4.037143961247402e-05
2023-11-29,09:36:43,14.0553,23.94,25.25,3031,14911573.0,4.024250352029014e-05
2023-11-29,09:36:43,14.0589,23.94,25.25,3037,14911569.0,3.985816072150841e-05
2023-11-29,09:36:43,14.0625,23.94,25.25,3040,14911577.0,3.966736804507856e-05
2023-11-29,09:36:43,14.066,23.94,25.25,3037,14911576.0,3.985816072150841e-05
2023-11-29,09:36:43,14.0695,23.94,25.25,3029,14911567.0,4.037143961247402e-05
2023-11-29,09:36:43,14.0733,23.94,25.25,3030,14911569.0,4.030692001039233e-05
2023-11-29,09:36:43,14.0768,23.94,25.25,3038,14911574.0,3.979446141590659e-05
2023-11-29,09:36:43,14.0804,23.94,25.25,3041,14911571.0,3.960397365472582e-05
2023-11-29,09:36:43,14.084,23.94,25.25,3037,14911572.0,3.985816072150841e-05
2023-11-29,09:36:43,14.0873,23.94,25.25,3031,14911576.0,4.024250352029014e-05
2023-11-29,09:36:43,14.0908,23.94,25.25,3030,14911569.0,4.030692001039233e-05
2023-11-29,09:36:43,14.0945,23.94,25.25,3036,14911568.0,3.992196199108682e-05
2023-11-29,09:36:43,14.0981,23.94,25.25,3041,14911577.0,3.960397365472582e-05
2023-11-29,09:36:43,14.1017,23.94,25.25,3039,14911572.0,3.973086391132776e-05
2023-11-29,09:36:43,14.1053,23.94,25.25,3031,14911564.0,4.024250352029014e-05
2023-11-29,09:36:43,14.1088,23.94,25.25,3028,14911570.0,4.043606249158732e-05
2023-11-29,09:36:43,14.1124,23.94,25.25,3034,14911572.0,4.004987107529301e-05
2023-11-29,09:36:43,14.116,23.94,25.25,3037,14911569.0,3.985816072150841e-05
2023-11-29,09:36:43,14.1195,23.94,25.25,3036,14911574.0,3.992196199108682e-05
2023-11-29,09:36:43,14.1229,23.94,25.25,3032,14911576.0,4.017818997737903e-05
2023-11-29,09:36:43,14.1266,23.94,25.25,3027,14911568.0,4.050078881304863e-05
2023-11-29,09:36:43,14.1303,23.94,25.25,3030,14911569.0,4.030692001039233e-05
2023-11-29,09:36:43,14.1339,23.94,25.25,3039,14911577.0,3.973086391132776e-05
2023-11-29,09:36:43,14.1374,23.94,25.25,3041,14911572.0,3.960397365472582e-05
2023-11-29,09:36:43,14.1408,23.94,25.25,3033,14911567.0,4.011397921713403e-05
2023-11-29,09:36:43,14.1444,23.94,25.25,3026,14911574.0,4.056561874243887e-05
2023-11-29,09:36:43,14.1481,23.94,25.25,3030,14911574.0,4.030692001039233e-05
2023-11-29,09:36:43,14.1517,23.94,25.25,3038,14911566.0,3.979446141590659e-05
2023-11-29,09:36:43,14.1552,23.94,25.25,3041,14911574.0,3.960397365472582e-05
2023-11-29,09:36:43,14.1586,23.94,25.25,3035,14911577.0,3.998586538785644e-05
2023-11-29,09:36:43,14.1622,23.94,25.25,3027,14911567.0,4.050078881304863e-05
2023-11-29,09:36:43,14.1658,23.94,25.25,3030,14911567.0,4.030692001039233e-05
2023-11-29,09:36:43,14.1694,23.94,25.25,3035,14911572.0,3.998586538785644e-05
2023-11-29,09:36:43,14.1731,23.94,25.25,3036,14911569.0,3.992196199108682e-05
2023-11-29,09:36:43,14.1766,23.94,25.25,3033,14911568.0,4.011397921713403e-05
2023-11-29,09:36:43,14.18,23.94,25.25,3027,14911573.0,4.050078881304863e-05
2023-11-29,09:36:43,14.1836,23.94,25.25,3026,14911569.0,4.056561874243887e-05
2023-11-29,09:36:43,14.1872,23.94,25.25,3035,14911565.0,3.998586538785644e-05
2023-11-29,09:36:43,14.1908,23.94,25.25,3040,14911574.0,3.966736804507856e-05
2023-11-29,09:36:43,14.1942,23.94,25.25,3034,14911573.0,4.004987107529301e-05
2023-11-29,09:36:43,14.1977,23.94,25.25,3026,14911563.0,4.056561874243887e-05
2023-11-29,09:36:44,14.2014,23.94,25.25,3027,14911568.0,4.050078881304863e-05
2023-11-29,09:36:44,14.2051,23.94,25.25,3036,14911575.0,3.992196199108682e-05
2023-11-29,09:36:44,14.2087,23.94,25.25,3039,14911569.0,3.973086391132776e-05
2023-11-29,09:36:44,14.2121,23.94,25.25,3033,14911568.0,4.011397921713403e-05
2023-11-29,09:36:44,14.2156,23.94,25.25,3026,14911573.0,4.056561874243887e-05
2023-11-29,09:36:44,14.2192,23.94,25.25,3026,14911569.0,4.056561874243887e-05
2023-11-29,09:36:44,14.2228,23.94,25.25,3030,14911568.0,4.030692001039233e-05
2023-11-29,09:36:44,14.2265,23.94,25.25,3034,14911575.0,4.004987107529301e-05
2023-11-29,09:36:44,14.2301,23.94,25.25,3036,14911570.0,3.992196199108682e-05
2023-11-29,09:36:44,14.2334,23.94,25.25,3030,14911563.0,4.030692001039233e-05
2023-11-29,09:36:44,14.237,23.94,25.25,3023,14911572.0,4.076073183797135e-05
2023-11-29,09:36:44,14.2407,23.94,25.25,3028,14911573.0,4.043606249158732e-05
2023-11-29,09:36:44,14.2443,23.94,25.25,3037,14911565.0,3.985816072150841e-05
2023-11-29,09:36:44,14.2477,23.94,25.25,3039,14911574.0,3.973086391132776e-05
2023-11-29,09:36:44,14.251,23.94,25.25,3032,14911576.0,4.017818997737903e-05
2023-11-29,09:36:44,14.2545,23.94,25.25,3022,14911564.0,4.082597786019447e-05
2023-11-29,09:36:44,14.2582,23.94,25.25,3024,14911566.0,4.069559008865578e-05
2023-11-29,09:36:44,14.2619,23.94,25.25,3034,14911575.0,4.004987107529301e-05
2023-11-29,09:36:44,14.2654,23.94,25.25,3036,14911569.0,3.992196199108682e-05
2023-11-29,09:36:44,14.2687,23.94,25.25,3032,14911568.0,4.017818997737903e-05
2023-11-29,09:36:44,14.2723,23.94,25.25,3028,14911572.0,4.043606249158732e-05
2023-11-29,09:36:44,14.276,23.94,25.25,3025,14911566.0,4.06305524456041e-05
2023-11-29,09:36:44,14.2832,23.94,25.25,3035,14911575.0,3.998586538785644e-05
2023-11-29,09:36:44,14.2866,23.94,25.25,3037,14911571.0,3.985816072150841e-05
2023-11-29,09:36:44,14.2901,23.94,25.25,3031,14911564.0,4.024250352029014e-05
2023-11-29,09:36:44,14.2937,23.94,25.25,3025,14911573.0,4.06305524456041e-05
2023-11-29,09:36:44,14.2973,23.94,25.25,3028,14911573.0,4.043606249158732e-05
2023-11-29,09:36:44,14.3008,23.94,25.25,3035,14911566.0,3.998586538785644e-05
2023-11-29,09:36:44,14.3044,23.94,25.25,3036,14911573.0,3.992196199108682e-05
2023-11-29,09:36:44,14.3079,23.94,25.25,3031,14911576.0,4.024250352029014e-05
2023-11-29,09:36:44,14.3115,23.94,25.25,3022,14911563.0,4.082597786019447e-05
2023-11-29,09:36:44,14.3152,23.94,25.25,3022,14911566.0,4.082597786019447e-05
2023-11-29,09:36:44,14.3188,23.94,25.25,3028,14911574.0,4.043606249158732e-05
2023-11-29,09:36:44,14.3222,23.94,25.25,3033,14911566.0,4.011397921713403e-05
2023-11-29,09:36:44,14.3257,23.94,25.25,3030,14911563.0,4.030692001039233e-05
2023-11-29,09:36:44,14.3293,23.94,25.25,3023,14911571.0,4.076073183797135e-05
2023-11-29,09:36:44,14.333,23.94,25.25,3023,14911567.0,4.076073183797135e-05
2023-11-29,09:36:44,14.3367,23.94,25.25,3031,14911562.0,4.024250352029014e-05
2023-11-29,09:36:44,14.3403,23.94,25.25,3036,14911572.0,3.992196199108682e-05
2023-11-29,09:36:44,14.3437,23.94,25.25,3030,14911572.0,4.030692001039233e-05
2023-11-29,09:36:44,14.3472,23.94,25.25,3022,14911561.0,4.082597786019447e-05
2023-11-29,09:36:44,14.3509,23.94,25.25,3023,14911566.0,4.076073183797135e-05
2023-11-29,09:36:44,14.3546,23.94,25.25,3033,14911575.0,4.011397921713403e-05
2023-11-29,09:36:44,14.3581,23.94,25.25,3036,14911569.0,3.992196199108682e-05
2023-11-29,09:36:44,14.3614,23.94,25.25,3030,14911566.0,4.030692001039233e-05
2023-11-29,09:36:44,14.365,23.94,25.25,3023,14911570.0,4.076073183797135e-05
2023-11-29,09:36:44,14.3687,23.94,25.25,3023,14911566.0,4.076073183797135e-05
2023-11-29,09:36:44,14.3723,23.94,25.25,3028,14911565.0,4.043606249158732e-05
2023-11-29,09:36:44,14.3758,23.94,25.25,3032,14911573.0,4.017818997737903e-05
2023-11-29,09:36:44,14.3793,23.94,25.25,3032,14911569.0,4.017818997737903e-05
2023-11-29,09:36:44,14.3828,23.94,25.25,3024,14911560.0,4.069559008865578e-05
2023-11-29,09:36:44,14.3863,23.94,25.25,3020,14911568.0,4.095678339127246e-05
2023-11-29,09:36:44,14.3901,23.94,25.25,3028,14911573.0,4.043606249158732e-05
2023-11-29,09:36:44,14.3936,23.94,25.25,3035,14911565.0,3.998586538785644e-05
2023-11-29,09:36:44,14.3971,23.94,25.25,3031,14911567.0,4.024250352029014e-05
2023-11-29,09:36:44,14.4006,23.94,25.25,3024,14911572.0,4.069559008865578e-05
2023-11-29,09:36:44,14.4041,23.94,25.25,3020,14911562.0,4.095678339127246e-05
2023-11-29,09:36:44,14.4078,23.94,25.25,3024,14911562.0,4.069559008865578e-05
2023-11-29,09:36:44,14.4114,23.94,25.25,3030,14911572.0,4.030692001039233e-05
2023-11-29,09:36:44,14.415,23.94,25.25,3030,14911567.0,4.030692001039233e-05
2023-11-29,09:36:44,14.4186,23.94,25.25,3026,14911562.0,4.056561874243887e-05
2023-11-29,09:36:44,14.4221,23.94,25.25,3021,14911569.0,4.089132832223565e-05
2023-11-29,09:36:44,14.4256,23.94,25.25,3021,14911567.0,4.089132832223565e-05
2023-11-29,09:36:44,14.4294,23.94,25.25,3027,14911562.0,4.050078881304863e-05
2023-11-29,09:36:44,14.4329,23.94,25.25,3030,14911569.0,4.030692001039233e-05
2023-11-29,09:36:44,14.4364,23.94,25.25,3026,14911570.0,4.056561874243887e-05
2023-11-29,09:36:44,14.4398,23.94,25.25,3020,14911560.0,4.095678339127246e-05
2023-11-29,09:36:44,14.4436,23.94,25.25,3021,14911564.0,4.089132832223565e-05
2023-11-29,09:36:44,14.4473,23.94,25.25,3030,14911574.0,4.030692001039233e-05
2023-11-29,09:36:44,14.4507,23.94,25.25,3033,14911567.0,4.011397921713403e-05
2023-11-29,09:36:44,14.4541,23.94,25.25,3026,14911562.0,4.056561874243887e-05
2023-11-29,09:36:44,14.4576,23.94,25.25,3019,14911570.0,4.102234323475019e-05
2023-11-29,09:36:44,14.4615,23.94,25.25,3022,14911570.0,4.082597786019447e-05
2023-11-29,09:36:44,14.4651,23.94,25.25,3028,14911564.0,4.043606249158732e-05
2023-11-29,09:36:44,14.4685,23.94,25.25,3029,14911570.0,4.037143961247402e-05
2023-11-29,09:36:44,14.4721,23.94,25.25,3025,14911570.0,4.06305524456041e-05
2023-11-29,09:36:44,14.4756,23.94,25.25,3019,14911563.0,4.102234323475019e-05
2023-11-29,09:36:44,14.4791,23.94,25.25,3020,14911566.0,4.095678339127246e-05
2023-11-29,09:36:44,14.4829,23.94,25.25,3029,14911572.0,4.037143961247402e-05
2023-11-29,09:36:44,14.4863,23.94,25.25,3032,14911566.0,4.017818997737903e-05
2023-11-29,09:36:44,14.4898,23.94,25.25,3027,14911567.0,4.050078881304863e-05
2023-11-29,09:36:44,14.4932,23.94,25.25,3021,14911572.0,4.089132832223565e-05
2023-11-29,09:36:44,14.4968,23.94,25.25,3017,14911563.0,4.115377791614988e-05
2023-11-29,09:36:44,14.5005,23.94,25.25,3023,14911561.0,4.076073183797135e-05
2023-11-29,09:36:44,14.5041,23.94,25.25,3031,14911574.0,4.024250352029014e-05
2023-11-29,09:36:44,14.5076,23.94,25.25,3030,14911568.0,4.030692001039233e-05
2023-11-29,09:36:44,14.511,23.94,25.25,3022,14911559.0,4.082597786019447e-05
2023-11-29,09:36:44,14.5147,23.94,25.25,3017,14911566.0,4.115377791614988e-05
2023-11-29,09:36:44,14.5184,23.94,25.25,3021,14911568.0,4.089132832223565e-05
2023-11-29,09:36:44,14.522,23.94,25.25,3025,14911563.0,4.06305524456041e-05
2023-11-29,09:36:44,14.5255,23.94,25.25,3025,14911567.0,4.06305524456041e-05
2023-11-29,09:36:44,14.5289,23.94,25.25,3022,14911568.0,4.082597786019447e-05
2023-11-29,09:36:44,14.5325,23.94,25.25,3017,14911561.0,4.115377791614988e-05
2023-11-29,09:36:44,14.5361,23.94,25.25,3019,14911563.0,4.102234323475019e-05
2023-11-29,09:36:44,14.5397,23.94,25.25,3027,14911570.0,4.050078881304863e-05
2023-11-29,09:36:44,14.5433,23.94,25.25,3030,14911564.0,4.030692001039233e-05
2023-11-29,09:36:44,14.5467,23.94,25.25,3024,14911561.0,4.069559008865578e-05
2023-11-29,09:36:44,14.5502,23.94,25.25,3015,14911570.0,4.12856337113649e-05
2023-11-29,09:36:44,14.5538,23.94,25.25,3015,14911566.0,4.12856337113649e-05
2023-11-29,09:36:44,14.5611,23.94,25.25,3030,14911568.0,4.030692001039233e-05
2023-11-29,09:36:44,14.5644,23.94,25.25,3025,14911568.0,4.06305524456041e-05
2023-11-29,09:36:44,14.568,23.94,25.25,3017,14911559.0,4.115377791614988e-05
2023-11-29,09:36:44,14.5718,23.94,25.25,3016,14911563.0,4.121965309030415e-05
2023-11-29,09:36:44,14.5754,23.94,25.25,3023,14911568.0,4.076073183797135e-05
2023-11-29,09:36:44,14.5789,23.94,25.25,3027,14911563.0,4.050078881304863e-05
2023-11-29,09:36:44,14.5823,23.94,25.25,3024,14911563.0,4.069559008865578e-05
2023-11-29,09:36:44,14.5858,23.94,25.25,3018,14911568.0,4.108800802038206e-05
2023-11-29,09:36:44,14.5895,23.94,25.25,3017,14911562.0,4.115377791614988e-05
2023-11-29,09:36:44,14.5932,23.94,25.25,3023,14911561.0,4.076073183797135e-05
2023-11-29,09:36:44,14.5968,23.94,25.25,3028,14911571.0,4.043606249158732e-05
2023-11-29,09:36:44,14.6002,23.94,25.25,3027,14911565.0,4.050078881304863e-05
2023-11-29,09:36:44,14.6037,23.94,25.25,3019,14911557.0,4.102234323475019e-05
2023-11-29,09:36:44,14.6073,23.94,25.25,3015,14911567.0,4.12856337113649e-05
2023-11-29,09:36:44,14.611,23.94,25.25,3021,14911571.0,4.089132832223565e-05
2023-11-29,09:36:44,14.6146,23.94,25.25,3027,14911561.0,4.050078881304863e-05
2023-11-29,09:36:44,14.618,23.94,25.25,3025,14911561.0,4.06305524456041e-05
2023-11-29,09:36:44,14.6215,23.94,25.25,3018,14911567.0,4.108800802038206e-05
2023-11-29,09:36:44,14.6252,23.94,25.25,3015,14911561.0,4.12856337113649e-05
2023-11-29,09:36:44,14.629,23.94,25.25,3019,14911560.0,4.102234323475019e-05
2023-11-29,09:36:44,14.6325,23.94,25.25,3024,14911568.0,4.069559008865578e-05
2023-11-29,09:36:44,14.6358,23.94,25.25,3025,14911563.0,4.06305524456041e-05
2023-11-29,09:36:44,14.6393,23.94,25.25,3021,14911557.0,4.089132832223565e-05
2023-11-29,09:36:44,14.643,23.94,25.25,3015,14911567.0,4.12856337113649e-05
2023-11-29,09:36:44,14.6467,23.94,25.25,3017,14911567.0,4.115377791614988e-05
2023-11-29,09:36:44,14.6503,23.94,25.25,3025,14911559.0,4.06305524456041e-05
2023-11-29,09:36:44,14.6539,23.94,25.25,3027,14911566.0,4.050078881304863e-05
2023-11-29,09:36:44,14.6573,23.94,25.25,3020,14911571.0,4.095678339127246e-05
2023-11-29,09:36:44,14.6609,23.94,25.25,3013,14911559.0,4.141791196963466e-05
2023-11-29,09:36:44,14.6646,23.94,25.25,3017,14911560.0,4.115377791614988e-05
2023-11-29,09:36:44,14.6682,23.94,25.25,3026,14911570.0,4.056561874243887e-05
2023-11-29,09:36:44,14.6718,23.94,25.25,3026,14911565.0,4.056561874243887e-05
2023-11-29,09:36:44,14.6752,23.94,25.25,3019,14911558.0,4.102234323475019e-05
2023-11-29,09:36:44,14.6788,23.94,25.25,3014,14911565.0,4.135171994812177e-05
2023-11-29,09:36:44,14.6824,23.94,25.25,3015,14911565.0,4.12856337113649e-05
2023-11-29,09:36:44,14.686,23.94,25.25,3022,14911559.0,4.082597786019447e-05
2023-11-29,09:36:44,14.6897,23.94,25.25,3026,14911566.0,4.056561874243887e-05
2023-11-29,09:36:44,14.6932,23.94,25.25,3021,14911565.0,4.089132832223565e-05
2023-11-29,09:36:44,14.6966,23.94,25.25,3014,14911556.0,4.135171994812177e-05
2023-11-29,09:36:44,14.7002,23.94,25.25,3015,14911562.0,4.12856337113649e-05
2023-11-29,09:36:44,14.7039,23.94,25.25,3024,14911571.0,4.069559008865578e-05
2023-11-29,09:36:44,14.7075,23.94,25.25,3027,14911563.0,4.050078881304863e-05
2023-11-29,09:36:44,14.7108,23.94,25.25,3021,14911560.0,4.089132832223565e-05
2023-11-29,09:36:44,14.7143,23.94,25.25,3013,14911568.0,4.141791196963466e-05
2023-11-29,09:36:44,14.718,23.94,25.25,3012,14911564.0,4.148420994523402e-05
2023-11-29,09:36:44,14.7217,23.94,25.25,3021,14911557.0,4.089132832223565e-05
2023-11-29,09:36:44,14.7253,23.94,25.25,3025,14911566.0,4.06305524456041e-05
2023-11-29,09:36:44,14.7287,23.94,25.25,3022,14911563.0,4.082597786019447e-05
2023-11-29,09:36:44,14.7322,23.94,25.25,3017,14911556.0,4.115377791614988e-05
2023-11-29,09:36:44,14.7358,23.94,25.25,3014,14911565.0,4.135171994812177e-05
2023-11-29,09:36:44,14.7395,23.94,25.25,3017,14911567.0,4.115377791614988e-05
2023-11-29,09:36:44,14.743,23.94,25.25,3024,14911557.0,4.069559008865578e-05
2023-11-29,09:36:44,14.7464,23.94,25.25,3025,14911562.0,4.06305524456041e-05
2023-11-29,09:36:44,14.7499,23.94,25.25,3017,14911569.0,4.115377791614988e-05
2023-11-29,09:36:44,14.7533,23.94,25.25,3011,14911558.0,4.155061404452143e-05
2023-11-29,09:36:44,14.7572,23.94,25.25,3014,14911560.0,4.135171994812177e-05
2023-11-29,09:36:44,14.7609,23.94,25.25,3021,14911568.0,4.089132832223565e-05
2023-11-29,09:36:44,14.7643,23.94,25.25,3023,14911560.0,4.076073183797135e-05
2023-11-29,09:36:44,14.7678,23.94,25.25,3018,14911555.0,4.108800802038206e-05
2023-11-29,09:36:44,14.7714,23.94,25.25,3012,14911565.0,4.148420994523402e-05
2023-11-29,09:36:44,14.7751,23.94,25.25,3014,14911565.0,4.135171994812177e-05
2023-11-29,09:36:44,14.7787,23.94,25.25,3020,14911557.0,4.095678339127246e-05
2023-11-29,09:36:44,14.7821,23.94,25.25,3022,14911564.0,4.082597786019447e-05
2023-11-29,09:36:44,14.7856,23.94,25.25,3018,14911566.0,4.108800802038206e-05
2023-11-29,09:36:44,14.7892,23.94,25.25,3012,14911558.0,4.148420994523402e-05
2023-11-29,09:36:44,14.7929,23.94,25.25,3012,14911562.0,4.148420994523402e-05
2023-11-29,09:36:44,14.7965,23.94,25.25,3018,14911569.0,4.108800802038206e-05
2023-11-29,09:36:44,14.7999,23.94,25.25,3023,14911559.0,4.076073183797135e-05
2023-11-29,09:36:44,14.8034,23.94,25.25,3020,14911557.0,4.095678339127246e-05
2023-11-29,09:36:44,14.807,23.94,25.25,3010,14911568.0,4.161712443736986e-05
2023-11-29,09:36:44,14.8107,23.94,25.25,3010,14911565.0,4.161712443736986e-05
2023-11-29,09:36:44,14.8144,23.94,25.25,3020,14911556.0,4.095678339127246e-05
2023-11-29,09:36:44,14.8178,23.94,25.25,3023,14911564.0,4.076073183797135e-05
2023-11-29,09:36:44,14.8212,23.94,25.25,3017,14911565.0,4.115377791614988e-05
2023-11-29,09:36:44,14.8247,23.94,25.25,3010,14911556.0,4.161712443736986e-05
2023-11-29,09:36:44,14.8285,23.94,25.25,3011,14911560.0,4.155061404452143e-05
2023-11-29,09:36:44,14.832,23.94,25.25,3017,14911566.0,4.115377791614988e-05
2023-11-29,09:36:44,14.8356,23.94,25.25,3020,14911559.0,4.095678339127246e-05
2023-11-29,09:36:44,14.8391,23.94,25.25,3018,14911561.0,4.108800802038206e-05
2023-11-29,09:36:44,14.8424,23.94,25.25,3012,14911565.0,4.148420994523402e-05
2023-11-29,09:36:44,14.8461,23.94,25.25,3010,14911559.0,4.161712443736986e-05
2023-11-29,09:36:44,14.85,23.94,25.25,3014,14911559.0,4.135171994812177e-05
2023-11-29,09:36:44,14.8534,23.94,25.25,3020,14911568.0,4.095678339127246e-05
2023-11-29,09:36:44,14.8603,23.94,25.25,3015,14911553.0,4.12856337113649e-05
2023-11-29,09:36:44,14.8639,23.94,25.25,3009,14911565.0,4.16837412939243e-05
2023-11-29,09:36:44,14.8676,23.94,25.25,3011,14911565.0,4.155061404452143e-05
2023-11-29,09:36:44,14.8712,23.94,25.25,3019,14911556.0,4.102234323475019e-05
2023-11-29,09:36:44,14.8747,23.94,25.25,3021,14911561.0,4.089132832223565e-05
2023-11-29,09:36:44,14.8781,23.94,25.25,3014,14911566.0,4.135171994812177e-05
2023-11-29,09:36:44,14.8818,23.94,25.25,3008,14911558.0,4.175046478460198e-05
2023-11-29,09:36:44,14.8855,23.94,25.25,3011,14911559.0,4.155061404452143e-05
2023-11-29,09:36:44,14.8891,23.94,25.25,3016,14911563.0,4.121965309030415e-05
2023-11-29,09:36:44,14.8927,23.94,25.25,3018,14911558.0,4.108800802038206e-05
2023-11-29,09:36:44,14.8962,23.94,25.25,3016,14911556.0,4.121965309030415e-05
2023-11-29,09:36:44,14.8996,23.94,25.25,3009,14911565.0,4.16837412939243e-05
2023-11-29,09:36:44,14.9033,23.94,25.25,3008,14911562.0,4.175046478460198e-05
2023-11-29,09:36:44,14.907,23.94,25.25,3017,14911554.0,4.115377791614988e-05
2023-11-29,09:36:44,14.9105,23.94,25.25,3020,14911562.0,4.095678339127246e-05
2023-11-29,09:36:44,14.914,23.94,25.25,3013,14911564.0,4.141791196963466e-05
2023-11-29,09:36:44,14.9175,23.94,25.25,3007,14911553.0,4.181729508009303e-05
2023-11-29,09:36:44,14.9213,23.94,25.25,3009,14911558.0,4.16837412939243e-05
2023-11-29,09:36:44,14.925,23.94,25.25,3016,14911567.0,4.121965309030415e-05
2023-11-29,09:36:44,14.9284,23.94,25.25,3018,14911559.0,4.108800802038206e-05
2023-11-29,09:36:44,14.9319,23.94,25.25,3014,14911554.0,4.135171994812177e-05
2023-11-29,09:36:44,14.9355,23.94,25.25,3008,14911563.0,4.175046478460198e-05
2023-11-29,09:36:44,14.939,23.94,25.25,3009,14911562.0,4.16837412939243e-05
2023-11-29,09:36:44,14.9426,23.94,25.25,3016,14911556.0,4.121965309030415e-05
2023-11-29,09:36:44,14.9462,23.94,25.25,3018,14911563.0,4.108800802038206e-05
2023-11-29,09:36:44,14.9497,23.94,25.25,3014,14911561.0,4.135171994812177e-05
2023-11-29,09:36:44,14.9531,23.94,25.25,3007,14911552.0,4.181729508009303e-05
2023-11-29,09:36:44,14.9568,23.94,25.25,3006,14911560.0,4.188423235136067e-05
2023-11-29,09:36:44,14.9606,23.94,25.25,3013,14911566.0,4.141791196963466e-05
2023-11-29,09:36:44,14.9641,23.94,25.25,3018,14911557.0,4.108800802038206e-05
2023-11-29,09:36:44,14.9676,23.94,25.25,3015,14911560.0,4.12856337113649e-05
2023-11-29,09:36:44,14.9709,23.94,25.25,3006,14911568.0,4.188423235136067e-05
2023-11-29,09:36:44,14.9745,23.94,25.25,3006,14911560.0,4.188423235136067e-05
2023-11-29,09:36:44,14.9783,23.94,25.25,3014,14911556.0,4.135171994812177e-05
2023-11-29,09:36:44,14.9819,23.94,25.25,3017,14911563.0,4.115377791614988e-05
2023-11-29,09:36:44,14.9853,23.94,25.25,3015,14911560.0,4.12856337113649e-05
2023-11-29,09:36:44,14.9887,23.94,25.25,3009,14911551.0,4.16837412939243e-05
2023-11-29,09:36:44,14.9924,23.94,25.25,3008,14911558.0,4.175046478460198e-05
2023-11-29,09:36:44,14.9961,23.94,25.25,3013,14911562.0,4.141791196963466e-05
2023-11-29,09:36:44,14.9997,23.94,25.25,3018,14911554.0,4.108800802038206e-05
2023-11-29,09:36:44,15.0033,23.94,25.25,3017,14911558.0,4.115377791614988e-05
2023-11-29,09:36:44,15.0068,23.94,25.25,3010,14911564.0,4.161712443736986e-05
2023-11-29,09:36:44,15.0103,23.94,25.25,3006,14911556.0,4.188423235136067e-05
2023-11-29,09:36:44,15.0141,23.94,25.25,3011,14911555.0,4.155061404452143e-05
2023-11-29,09:36:44,15.0176,23.94,25.25,3017,14911565.0,4.115377791614988e-05
2023-11-29,09:36:44,15.0211,23.94,25.25,3015,14911559.0,4.12856337113649e-05
2023-11-29,09:36:44,15.0246,23.94,25.25,3010,14911551.0,4.161712443736986e-05
2023-11-29,09:36:44,15.0281,23.94,25.25,3006,14911560.0,4.188423235136067e-05
2023-11-29,09:36:44,15.0318,23.94,25.25,3007,14911561.0,4.181729508009303e-05
2023-11-29,09:36:44,15.0354,23.94,25.25,3013,14911554.0,4.141791196963466e-05
2023-11-29,09:36:44,15.0389,23.94,25.25,3015,14911558.0,4.12856337113649e-05
2023-11-29,09:36:44,15.0423,23.94,25.25,3011,14911559.0,4.155061404452143e-05
2023-11-29,09:36:44,15.0459,23.94,25.25,3007,14911554.0,4.181729508009303e-05
2023-11-29,09:36:44,15.0496,23.94,25.25,3008,14911558.0,4.175046478460198e-05
2023-11-29,09:36:44,15.0532,23.94,25.25,3013,14911563.0,4.141791196963466e-05
2023-11-29,09:36:44,15.0568,23.94,25.25,3016,14911554.0,4.121965309030415e-05
2023-11-29,09:36:44,15.0603,23.94,25.25,3012,14911551.0,4.148420994523402e-05
2023-11-29,09:36:44,15.0638,23.94,25.25,3005,14911559.0,4.195127676964197e-05
2023-11-29,09:36:44,15.0674,23.94,25.25,3005,14911557.0,4.195127676964197e-05
2023-11-29,09:36:44,15.071,23.94,25.25,3012,14911554.0,4.148420994523402e-05
2023-11-29,09:36:44,15.0746,23.94,25.25,3015,14911560.0,4.12856337113649e-05
2023-11-29,09:36:44,15.0779,23.94,25.25,3011,14911559.0,4.155061404452143e-05
2023-11-29,09:36:44,15.0815,23.94,25.25,3005,14911550.0,4.195127676964197e-05
2023-11-29,09:36:44,15.0852,23.94,25.25,3006,14911555.0,4.188423235136067e-05
2023-11-29,09:36:44,15.0889,23.94,25.25,3011,14911560.0,4.155061404452143e-05
2023-11-29,09:36:44,15.0925,23.94,25.25,3014,14911553.0,4.135171994812177e-05
2023-11-29,09:36:44,15.0958,23.94,25.25,3013,14911554.0,4.141791196963466e-05
2023-11-29,09:36:44,15.0993,23.94,25.25,3004,14911562.0,4.201842850644788e-05
2023-11-29,09:36:44,15.103,23.94,25.25,3003,14911556.0,4.20856877335641e-05
2023-11-29,09:36:44,15.1067,23.94,25.25,3010,14911554.0,4.161712443736986e-05
2023-11-29,09:36:44,15.1103,23.94,25.25,3014,14911563.0,4.135171994812177e-05
2023-11-29,09:36:44,15.1138,23.94,25.25,3013,14911556.0,4.141791196963466e-05
2023-11-29,09:36:44,15.1172,23.94,25.25,3007,14911549.0,4.181729508009303e-05
2023-11-29,09:36:44,15.1208,23.94,25.25,3004,14911559.0,4.201842850644788e-05
2023-11-29,09:36:44,15.1245,23.94,25.25,3008,14911562.0,4.175046478460198e-05
2023-11-29,09:36:44,15.1281,23.94,25.25,3014,14911552.0,4.135171994812177e-05
2023-11-29,09:36:44,15.1316,23.94,25.25,3014,14911555.0,4.135171994812177e-05
2023-11-29,09:36:44,15.135,23.94,25.25,3007,14911561.0,4.181729508009303e-05
2023-11-29,09:36:44,15.1386,23.94,25.25,3003,14911555.0,4.20856877335641e-05
2023-11-29,09:36:44,15.1423,23.94,25.25,3006,14911556.0,4.188423235136067e-05
2023-11-29,09:36:44,15.1458,23.94,25.25,3010,14911561.0,4.161712443736986e-05
2023-11-29,09:36:44,15.1492,23.94,25.25,3013,14911552.0,4.141791196963466e-05
2023-11-29,09:36:44,15.1528,23.94,25.25,3010,14911549.0,4.161712443736986e-05
2023-11-29,09:36:44,15.1563,23.94,25.25,3001,14911559.0,4.222052934724505e-05
2023-11-29,09:36:44,15.1598,23.94,25.25,3001,14911557.0,4.222052934724505e-05
2023-11-29,09:36:44,15.1636,23.94,25.25,3010,14911552.0,4.161712443736986e-05
2023-11-29,09:36:44,15.1706,23.94,25.25,3008,14911559.0,4.175046478460198e-05
2023-11-29,09:36:44,15.1742,23.94,25.25,3002,14911550.0,4.215305462305114e-05
2023-11-29,09:36:44,15.1779,23.94,25.25,3003,14911556.0,4.20856877335641e-05
2023-11-29,09:36:44,15.1815,23.94,25.25,3010,14911563.0,4.161712443736986e-05
2023-11-29,09:36:44,15.1851,23.94,25.25,3014,14911552.0,4.135171994812177e-05
2023-11-29,09:36:45,15.1885,23.94,25.25,3010,14911548.0,4.161712443736986e-05
2023-11-29,09:36:45,15.192,23.94,25.25,3002,14911557.0,4.215305462305114e-05
2023-11-29,09:36:45,15.1956,23.94,25.25,3002,14911556.0,4.215305462305114e-05
2023-11-29,09:36:45,15.1993,23.94,25.25,3008,14911554.0,4.175046478460198e-05
2023-11-29,09:36:45,15.203,23.94,25.25,3012,14911561.0,4.148420994523402e-05
2023-11-29,09:36:45,15.2064,23.94,25.25,3011,14911555.0,4.155061404452143e-05
2023-11-29,09:36:45,15.2098,23.94,25.25,3004,14911546.0,4.201842850644788e-05
2023-11-29,09:36:45,15.2135,23.94,25.25,3001,14911556.0,4.222052934724505e-05
2023-11-29,09:36:45,15.2172,23.94,25.25,3006,14911561.0,4.188423235136067e-05
2023-11-29,09:36:45,15.2206,23.94,25.25,3011,14911551.0,4.155061404452143e-05
2023-11-29,09:36:45,15.2242,23.94,25.25,3011,14911554.0,4.155061404452143e-05
2023-11-29,09:36:45,15.2277,23.94,25.25,3004,14911560.0,4.201842850644788e-05
2023-11-29,09:36:45,15.2313,23.94,25.25,3001,14911553.0,4.222052934724505e-05
2023-11-29,09:36:45,15.235,23.94,25.25,3006,14911553.0,4.188423235136067e-05
2023-11-29,09:36:45,15.2386,23.94,25.25,3009,14911558.0,4.16837412939243e-05
2023-11-29,09:36:45,15.242,23.94,25.25,3009,14911552.0,4.16837412939243e-05
2023-11-29,09:36:45,15.2455,23.94,25.25,3005,14911546.0,4.195127676964197e-05
2023-11-29,09:36:45,15.2492,23.94,25.25,3001,14911555.0,4.222052934724505e-05
2023-11-29,09:36:45,15.2529,23.94,25.25,3003,14911557.0,4.20856877335641e-05
2023-11-29,09:36:45,15.2565,23.94,25.25,3010,14911550.0,4.161712443736986e-05
2023-11-29,09:36:45,15.2599,23.94,25.25,3012,14911555.0,4.148420994523402e-05
2023-11-29,09:36:45,15.2634,23.94,25.25,3005,14911558.0,4.195127676964197e-05
2023-11-29,09:36:45,15.267,23.94,25.25,2999,14911548.0,4.235580299047711e-05
2023-11-29,09:36:45,15.2706,23.94,25.25,3002,14911553.0,4.215305462305114e-05
2023-11-29,09:36:45,15.2742,23.94,25.25,3008,14911560.0,4.175046478460198e-05
2023-11-29,09:36:45,15.2777,23.94,25.25,3009,14911550.0,4.16837412939243e-05
2023-11-29,09:36:45,15.2812,23.94,25.25,3005,14911546.0,4.195127676964197e-05
2023-11-29,09:36:45,15.2848,23.94,25.25,2999,14911556.0,4.235580299047711e-05
2023-11-29,09:36:45,15.2884,23.94,25.25,3000,14911557.0,4.228811207875762e-05
2023-11-29,09:36:45,15.2919,23.94,25.25,3008,14911550.0,4.175046478460198e-05
2023-11-29,09:36:45,15.2955,23.94,25.25,3011,14911555.0,4.155061404452143e-05
2023-11-29,09:36:45,15.299,23.94,25.25,3006,14911555.0,4.188423235136067e-05
2023-11-29,09:36:45,15.3026,23.94,25.25,3001,14911549.0,4.222052934724505e-05
2023-11-29,09:36:45,15.3062,23.94,25.25,3003,14911554.0,4.20856877335641e-05
2023-11-29,09:36:45,15.3097,23.94,25.25,3007,14911557.0,4.181729508009303e-05
2023-11-29,09:36:45,15.3133,23.94,25.25,3009,14911549.0,4.16837412939243e-05
2023-11-29,09:36:45,15.3169,23.94,25.25,3008,14911548.0,4.175046478460198e-05
2023-11-29,09:36:45,15.3204,23.94,25.25,3001,14911556.0,4.222052934724505e-05
2023-11-29,09:36:45,15.3239,23.94,25.25,3000,14911554.0,4.228811207875762e-05
2023-11-29,09:36:45,15.3277,23.94,25.25,3007,14911552.0,4.181729508009303e-05
2023-11-29,09:36:45,15.3312,23.94,25.25,3010,14911558.0,4.161712443736986e-05
2023-11-29,09:36:45,15.3347,23.94,25.25,3007,14911551.0,4.181729508009303e-05
2023-11-29,09:36:45,15.3382,23.94,25.25,3001,14911544.0,4.222052934724505e-05
2023-11-29,09:36:45,15.3417,23.94,25.25,3000,14911554.0,4.228811207875762e-05
2023-11-29,09:36:45,15.3454,23.94,25.25,3005,14911558.0,4.195127676964197e-05
2023-11-29,09:36:45,15.349,23.94,25.25,3010,14911549.0,4.161712443736986e-05
2023-11-29,09:36:45,15.3525,23.94,25.25,3008,14911550.0,4.175046478460198e-05
2023-11-29,09:36:45,15.3559,23.94,25.25,3001,14911556.0,4.222052934724505e-05
2023-11-29,09:36:45,15.3595,23.94,25.25,2999,14911552.0,4.235580299047711e-05
2023-11-29,09:36:45,15.3632,23.94,25.25,3003,14911552.0,4.20856877335641e-05
2023-11-29,09:36:45,15.3668,23.94,25.25,3007,14911558.0,4.181729508009303e-05
2023-11-29,09:36:45,15.3704,23.94,25.25,3009,14911548.0,4.16837412939243e-05
2023-11-29,09:36:45,15.3739,23.94,25.25,3005,14911543.0,4.195127676964197e-05
2023-11-29,09:36:45,15.3774,23.94,25.25,2998,14911554.0,4.242360225556832e-05
2023-11-29,09:36:45,15.3812,23.94,25.25,3000,14911555.0,4.228811207875762e-05
2023-11-29,09:36:45,15.3847,23.94,25.25,3006,14911548.0,4.188423235136067e-05
2023-11-29,09:36:45,15.3882,23.94,25.25,3007,14911553.0,4.181729508009303e-05
2023-11-29,09:36:45,15.3917,23.94,25.25,3002,14911555.0,4.215305462305114e-05
2023-11-29,09:36:45,15.3952,23.94,25.25,2998,14911548.0,4.242360225556832e-05
2023-11-29,09:36:45,15.3988,23.94,25.25,3000,14911552.0,4.228811207875762e-05
2023-11-29,09:36:45,15.4024,23.94,25.25,3004,14911557.0,4.201842850644788e-05
2023-11-29,09:36:45,15.406,23.94,25.25,3006,14911549.0,4.188423235136067e-05
2023-11-29,09:36:45,15.4094,23.94,25.25,3004,14911547.0,4.201842850644788e-05
2023-11-29,09:36:45,15.4129,23.94,25.25,2998,14911554.0,4.242360225556832e-05
2023-11-29,09:36:45,15.4166,23.94,25.25,2999,14911555.0,4.235580299047711e-05
2023-11-29,09:36:45,15.4203,23.94,25.25,3005,14911553.0,4.195127676964197e-05
2023-11-29,09:36:45,15.4238,23.94,25.25,3006,14911557.0,4.188423235136067e-05
2023-11-29,09:36:45,15.4272,23.94,25.25,3005,14911551.0,4.195127676964197e-05
2023-11-29,09:36:45,15.4308,23.94,25.25,3000,14911544.0,4.228811207875762e-05
2023-11-29,09:36:45,15.4344,23.94,25.25,2998,14911552.0,4.242360225556832e-05
2023-11-29,09:36:45,15.438,23.94,25.25,3002,14911557.0,4.215305462305114e-05
2023-11-29,09:36:45,15.4416,23.94,25.25,3005,14911549.0,4.195127676964197e-05
2023-11-29,09:36:45,15.445,23.94,25.25,3005,14911550.0,4.195127676964197e-05
2023-11-29,09:36:45,15.4485,23.94,25.25,3000,14911556.0,4.228811207875762e-05
2023-11-29,09:36:45,15.4522,23.94,25.25,2998,14911552.0,4.242360225556832e-05
2023-11-29,09:36:45,15.4592,23.94,25.25,3004,14911555.0,4.201842850644788e-05
2023-11-29,09:36:45,15.4628,23.94,25.25,3005,14911549.0,4.195127676964197e-05
2023-11-29,09:36:45,15.4663,23.94,25.25,3003,14911545.0,4.20856877335641e-05
2023-11-29,09:36:45,15.4697,23.94,25.25,2998,14911555.0,4.242360225556832e-05
2023-11-29,09:36:45,15.4734,23.94,25.25,2998,14911555.0,4.242360225556832e-05
2023-11-29,09:36:45,15.4772,23.94,25.25,3004,14911550.0,4.201842850644788e-05
2023-11-29,09:36:45,15.4807,23.94,25.25,3005,14911554.0,4.195127676964197e-05
2023-11-29,09:36:45,15.4842,23.94,25.25,3001,14911552.0,4.222052934724505e-05
2023-11-29,09:36:45,15.4877,23.94,25.25,2996,14911545.0,4.255952653991208e-05
2023-11-29,09:36:45,15.4912,23.94,25.25,2997,14911550.0,4.249151004747342e-05
2023-11-29,09:36:45,15.4948,23.94,25.25,3002,14911555.0,4.215305462305114e-05
2023-11-29,09:36:45,15.4984,23.94,25.25,3004,14911547.0,4.201842850644788e-05
2023-11-29,09:36:45,15.502,23.94,25.25,3003,14911546.0,4.20856877335641e-05
2023-11-29,09:36:45,15.5054,23.94,25.25,2997,14911554.0,4.249151004747342e-05
2023-11-29,09:36:45,15.509,23.94,25.25,2997,14911553.0,4.249151004747342e-05
2023-11-29,09:36:45,15.5127,23.94,25.25,3001,14911552.0,4.222052934724505e-05
2023-11-29,09:36:45,15.5163,23.94,25.25,3001,14911554.0,4.222052934724505e-05
2023-11-29,09:36:45,15.5199,23.94,25.25,3002,14911547.0,4.215305462305114e-05
2023-11-29,09:36:45,15.5234,23.94,25.25,2998,14911541.0,4.242360225556832e-05
2023-11-29,09:36:45,15.527,23.94,25.25,2997,14911549.0,4.249151004747342e-05
2023-11-29,09:36:45,15.5307,23.94,25.25,3000,14911553.0,4.228811207875762e-05
2023-11-29,09:36:45,15.5342,23.94,25.25,3002,14911547.0,4.215305462305114e-05
2023-11-29,09:36:45,15.5377,23.94,25.25,3003,14911550.0,4.20856877335641e-05
2023-11-29,09:36:45,15.5412,23.94,25.25,2998,14911553.0,4.242360225556832e-05
2023-11-29,09:36:45,15.5447,23.94,25.25,2996,14911548.0,4.255952653991208e-05
2023-11-29,09:36:45,15.5483,23.94,25.25,3000,14911550.0,4.228811207875762e-05
2023-11-29,09:36:45,15.5519,23.94,25.25,3003,14911555.0,4.20856877335641e-05
2023-11-29,09:36:45,15.5555,23.94,25.25,3004,14911547.0,4.201842850644788e-05
2023-11-29,09:36:45,15.5591,23.94,25.25,2999,14911540.0,4.235580299047711e-05
2023-11-29,09:36:45,15.5627,23.94,25.25,2996,14911547.0,4.255952653991208e-05
2023-11-29,09:36:45,15.5664,23.94,25.25,2999,14911551.0,4.235580299047711e-05
2023-11-29,09:36:45,15.57,23.94,25.25,3001,14911548.0,4.222052934724505e-05
2023-11-29,09:36:45,15.5734,23.94,25.25,3002,14911550.0,4.215305462305114e-05
2023-11-29,09:36:45,15.577,23.94,25.25,2998,14911552.0,4.242360225556832e-05
2023-11-29,09:36:45,15.5806,23.94,25.25,2995,14911548.0,4.262765190688212e-05
2023-11-29,09:36:45,15.5842,23.94,25.25,2997,14911550.0,4.249151004747342e-05
2023-11-29,09:36:45,15.5878,23.94,25.25,3001,14911555.0,4.222052934724505e-05
2023-11-29,09:36:45,15.5912,23.94,25.25,3002,14911547.0,4.215305462305114e-05
2023-11-29,09:36:45,15.5947,23.94,25.25,2997,14911540.0,4.249151004747342e-05
2023-11-29,09:36:45,15.5984,23.94,25.25,2994,14911549.0,4.269588632265983e-05
2023-11-29,09:36:45,15.6021,23.94,25.25,2995,14911552.0,4.262765190688212e-05
2023-11-29,09:36:45,15.6057,23.94,25.25,2999,14911547.0,4.235580299047711e-05
2023-11-29,09:36:45,15.6093,23.94,25.25,3002,14911550.0,4.215305462305114e-05
2023-11-29,09:36:45,15.6127,23.94,25.25,2998,14911551.0,4.242360225556832e-05
2023-11-29,09:36:45,15.6163,23.94,25.25,2994,14911548.0,4.269588632265983e-05
2023-11-29,09:36:45,15.6199,23.94,25.25,2997,14911548.0,4.249151004747342e-05
2023-11-29,09:36:45,15.6233,23.94,25.25,3000,14911550.0,4.228811207875762e-05
2023-11-29,09:36:45,15.6269,23.94,25.25,3001,14911545.0,4.222052934724505e-05
2023-11-29,09:36:45,15.6305,23.94,25.25,3000,14911544.0,4.228811207875762e-05
2023-11-29,09:36:45,15.634,23.94,25.25,2994,14911551.0,4.269588632265983e-05
2023-11-29,09:36:45,15.6375,23.94,25.25,2993,14911550.0,4.276422996180053e-05
2023-11-29,09:36:45,15.6413,23.94,25.25,2998,14911549.0,4.242360225556832e-05
2023-11-29,09:36:45,15.6448,23.94,25.25,3001,14911553.0,4.222052934724505e-05
2023-11-29,09:36:45,15.6483,23.94,25.25,3000,14911548.0,4.228811207875762e-05
2023-11-29,09:36:45,15.6519,23.94,25.25,2994,14911541.0,4.269588632265983e-05
2023-11-29,09:36:45,15.6555,23.94,25.25,2994,14911547.0,4.269588632265983e-05
2023-11-29,09:36:45,15.6589,23.94,25.25,2998,14911550.0,4.242360225556832e-05
2023-11-29,09:36:45,15.6626,23.94,25.25,2999,14911545.0,4.235580299047711e-05
2023-11-29,09:36:45,15.6662,23.94,25.25,2999,14911545.0,4.235580299047711e-05
2023-11-29,09:36:45,15.6695,23.94,25.25,2995,14911550.0,4.262765190688212e-05
2023-11-29,09:36:45,15.6731,23.94,25.25,2995,14911550.0,4.262765190688212e-05
2023-11-29,09:36:45,15.6768,23.94,25.25,2997,14911551.0,4.249151004747342e-05
2023-11-29,09:36:45,15.6804,23.94,25.25,2997,14911551.0,4.249151004747342e-05
2023-11-29,09:36:45,15.684,23.94,25.25,2998,14911543.0,4.242360225556832e-05
2023-11-29,09:36:45,15.6875,23.94,25.25,2995,14911539.0,4.262765190688212e-05
2023-11-29,09:36:45,15.6909,23.94,25.25,2992,14911547.0,4.283268299913885e-05
2023-11-29,09:36:45,15.6946,23.94,25.25,2995,14911551.0,4.262765190688212e-05
2023-11-29,09:36:45,15.6982,23.94,25.25,2999,14911546.0,4.235580299047711e-05
2023-11-29,09:36:45,15.7018,23.94,25.25,2998,14911548.0,4.242360225556832e-05
2023-11-29,09:36:45,15.7053,23.94,25.25,2994,14911550.0,4.269588632265983e-05
2023-11-29,09:36:45,15.7087,23.94,25.25,2993,14911546.0,4.276422996180053e-05
2023-11-29,09:36:45,15.7124,23.94,25.25,2995,14911547.0,4.262765190688212e-05
2023-11-29,09:36:45,15.716,23.94,25.25,2997,14911550.0,4.249151004747342e-05
2023-11-29,09:36:45,15.7196,23.94,25.25,2999,14911542.0,4.235580299047711e-05
2023-11-29,09:36:45,15.723,23.94,25.25,2999,14911539.0,4.235580299047711e-05
2023-11-29,09:36:45,15.7266,23.94,25.25,2994,14911548.0,4.269588632265983e-05
2023-11-29,09:36:45,15.7303,23.94,25.25,2993,14911551.0,4.276422996180053e-05
2023-11-29,09:36:45,15.7338,23.94,25.25,2995,14911550.0,4.262765190688212e-05
2023-11-29,09:36:45,15.7373,23.94,25.25,2995,14911551.0,4.262765190688212e-05
2023-11-29,09:36:45,15.7408,23.94,25.25,2996,14911545.0,4.255952653991208e-05
2023-11-29,09:36:45,15.7444,23.94,25.25,2993,14911539.0,4.276422996180053e-05
2023-11-29,09:36:45,15.748,23.94,25.25,2992,14911545.0,4.283268299913885e-05
2023-11-29,09:36:45,15.7552,23.94,25.25,2995,14911543.0,4.262765190688212e-05
2023-11-29,09:36:45,15.7586,23.94,25.25,2997,14911544.0,4.249151004747342e-05
2023-11-29,09:36:45,15.7621,23.94,25.25,2993,14911549.0,4.276422996180053e-05
2023-11-29,09:36:45,15.7658,23.94,25.25,2992,14911548.0,4.283268299913885e-05
2023-11-29,09:36:45,15.7695,23.94,25.25,2996,14911547.0,4.255952653991208e-05
2023-11-29,09:36:45,15.7731,23.94,25.25,2995,14911547.0,4.262765190688212e-05
2023-11-29,09:36:45,15.7767,23.94,25.25,2995,14911543.0,4.262765190688212e-05
2023-11-29,09:36:45,15.78,23.94,25.25,2993,14911539.0,4.276422996180053e-05
2023-11-29,09:36:45,15.7836,23.94,25.25,2993,14911543.0,4.276422996180053e-05
2023-11-29,09:36:45,15.7873,23.94,25.25,2994,14911545.0,4.269588632265983e-05
2023-11-29,09:36:45,15.7908,23.94,25.25,2996,14911542.0,4.255952653991208e-05
2023-11-29,09:36:45,15.7943,23.94,25.25,2998,14911545.0,4.242360225556832e-05
2023-11-29,09:36:45,15.7979,23.94,25.25,2993,14911549.0,4.276422996180053e-05
2023-11-29,09:36:45,15.8016,23.94,25.25,2991,14911546.0,4.290124560978941e-05
2023-11-29,09:36:45,15.8052,23.94,25.25,2993,14911546.0,4.276422996180053e-05
2023-11-29,09:36:45,15.8087,23.94,25.25,2995,14911549.0,4.262765190688212e-05
2023-11-29,09:36:45,15.8123,23.94,25.25,2996,14911543.0,4.255952653991208e-05
2023-11-29,09:36:45,15.8157,23.94,25.25,2994,14911539.0,4.269588632265983e-05
2023-11-29,09:36:45,15.8193,23.94,25.25,2991,14911545.0,4.290124560978941e-05
2023-11-29,09:36:45,15.8229,23.94,25.25,2991,14911547.0,4.290124560978941e-05
2023-11-29,09:36:45,15.8265,23.94,25.25,2993,14911546.0,4.276422996180053e-05
2023-11-29,09:36:45,15.8302,23.94,25.25,2994,14911547.0,4.269588632265983e-05
2023-11-29,09:36:45,15.8336,23.94,25.25,2993,14911546.0,4.276422996180053e-05
2023-11-29,09:36:45,15.8372,23.94,25.25,2991,14911545.0,4.290124560978941e-05
2023-11-29,09:36:45,15.8409,23.94,25.25,2992,14911544.0,4.283268299913885e-05
2023-11-29,09:36:45,15.8444,23.94,25.25,2994,14911545.0,4.269588632265983e-05
2023-11-29,09:36:45,15.848,23.94,25.25,2995,14911540.0,4.262765190688212e-05
2023-11-29,09:36:45,15.8516,23.94,25.25,2995,14911539.0,4.262765190688212e-05
2023-11-29,09:36:45,15.8551,23.94,25.25,2989,14911547.0,4.30387002528873e-05
2023-11-29,09:36:45,15.8589,23.94,25.25,2987,14911548.0,4.317659529762484e-05
2023-11-29,09:36:45,15.8623,23.94,25.25,2993,14911543.0,4.276422996180053e-05
2023-11-29,09:36:45,15.8658,23.94,25.25,2996,14911546.0,4.255952653991208e-05
2023-11-29,09:36:45,15.8694,23.94,25.25,2994,14911546.0,4.269588632265983e-05
2023-11-29,09:36:45,15.8731,23.94,25.25,2990,14911543.0,4.296991796914701e-05
2023-11-29,09:36:45,15.8766,23.94,25.25,2991,14911543.0,4.290124560978941e-05
2023-11-29,09:36:45,15.8801,23.94,25.25,2994,14911544.0,4.269588632265983e-05
2023-11-29,09:36:45,15.8837,23.94,25.25,2994,14911540.0,4.269588632265983e-05
2023-11-29,09:36:45,15.8873,23.94,25.25,2994,14911540.0,4.269588632265983e-05
2023-11-29,09:36:45,15.8909,23.94,25.25,2991,14911546.0,4.290124560978941e-05
2023-11-29,09:36:45,15.8943,23.94,25.25,2991,14911547.0,4.290124560978941e-05
2023-11-29,09:36:45,15.8978,23.94,25.25,2994,14911547.0,4.269588632265983e-05
2023-11-29,09:36:45,15.9015,23.94,25.25,2995,14911548.0,4.262765190688212e-05
2023-11-29,09:36:45,15.9051,23.94,25.25,2995,14911542.0,4.262765190688212e-05
2023-11-29,09:36:45,15.9085,23.94,25.25,2991,14911537.0,4.290124560978941e-05
2023-11-29,09:36:45,15.9121,23.94,25.25,2991,14911542.0,4.290124560978941e-05
2023-11-29,09:36:45,15.9158,23.94,25.25,2993,14911545.0,4.276422996180053e-05
2023-11-29,09:36:45,15.9194,23.94,25.25,2993,14911541.0,4.276422996180053e-05
2023-11-29,09:36:45,15.9229,23.94,25.25,2994,14911541.0,4.269588632265983e-05
2023-11-29,09:36:45,15.9263,23.94,25.25,2990,14911546.0,4.296991796914701e-05
2023-11-29,09:36:45,15.9299,23.94,25.25,2990,14911546.0,4.296991796914701e-05
2023-11-29,09:36:45,15.9336,23.94,25.25,2993,14911546.0,4.276422996180053e-05
2023-11-29,09:36:45,15.9372,23.94,25.25,2991,14911544.0,4.290124560978941e-05
2023-11-29,09:36:45,15.9408,23.94,25.25,2992,14911538.0,4.283268299913885e-05
2023-11-29,09:36:45,15.9444,23.94,25.25,2993,14911538.0,4.276422996180053e-05
2023-11-29,09:36:45,15.9479,23.94,25.25,2992,14911542.0,4.283268299913885e-05
2023-11-29,09:36:45,15.9514,23.94,25.25,2990,14911544.0,4.296991796914701e-05
2023-11-29,09:36:45,15.9549,23.94,25.25,2991,14911543.0,4.290124560978941e-05
2023-11-29,09:36:45,15.9586,23.94,25.25,2994,14911545.0,4.269588632265983e-05
2023-11-29,09:36:45,15.962,23.94,25.25,2990,14911546.0,4.296991796914701e-05
2023-11-29,09:36:45,15.9656,23.94,25.25,2988,14911544.0,4.310759263696707e-05
2023-11-29,09:36:45,15.9693,23.94,25.25,2991,14911543.0,4.290124560978941e-05
2023-11-29,09:36:45,15.9729,23.94,25.25,2992,14911546.0,4.283268299913885e-05
2023-11-29,09:36:45,15.9766,23.94,25.25,2992,14911542.0,4.283268299913885e-05
2023-11-29,09:36:45,15.9801,23.94,25.25,2990,14911537.0,4.296991796914701e-05
2023-11-29,09:36:45,15.9835,23.94,25.25,2989,14911541.0,4.30387002528873e-05
2023-11-29,09:36:45,15.987,23.94,25.25,2990,14911544.0,4.296991796914701e-05
2023-11-29,09:36:45,15.9906,23.94,25.25,2989,14911546.0,4.30387002528873e-05
2023-11-29,09:36:45,15.9943,23.94,25.25,2989,14911545.0,4.30387002528873e-05
2023-11-29,09:36:45,15.9977,23.94,25.25,2990,14911542.0,4.296991796914701e-05
2023-11-29,09:36:45,16.0013,23.94,25.25,2990,14911543.0,4.296991796914701e-05
2023-11-29,09:36:45,16.0049,23.94,25.25,2990,14911543.0,4.296991796914701e-05
2023-11-29,09:36:45,16.0085,23.94,25.25,2990,14911543.0,4.296991796914701e-05
2023-11-29,09:36:45,16.0121,23.94,25.25,2990,14911540.0,4.296991796914701e-05
2023-11-29,09:36:45,16.0155,23.94,25.25,2990,14911539.0,4.296991796914701e-05
2023-11-29,09:36:45,16.0191,23.94,25.25,2988,14911542.0,4.310759263696707e-05
2023-11-29,09:36:45,16.0227,23.94,25.25,2988,14911544.0,4.310759263696707e-05
2023-11-29,09:36:45,16.0263,23.94,25.25,2990,14911545.0,4.296991796914701e-05
2023-11-29,09:36:45,16.0299,23.94,25.25,2990,14911545.0,4.296991796914701e-05
2023-11-29,09:36:45,16.0334,23.94,25.25,2989,14911543.0,4.30387002528873e-05
2023-11-29,09:36:45,16.037,23.94,25.25,2987,14911541.0,4.317659529762484e-05
2023-11-29,09:36:45,16.0406,23.94,25.25,2988,14911540.0,4.310759263696707e-05
2023-11-29,09:36:45,16.0442,23.94,25.25,2988,14911541.0,4.310759263696707e-05
2023-11-29,09:36:45,16.0478,23.94,25.25,2986,14911543.0,4.324570841138112e-05
2023-11-29,09:36:45,16.0512,23.94,25.25,2988,14911542.0,4.310759263696707e-05
2023-11-29,09:36:45,16.0547,23.94,25.25,2988,14911542.0,4.310759263696707e-05
2023-11-29,09:36:45,16.0584,23.94,25.25,2988,14911542.0,4.310759263696707e-05
2023-11-29,09:36:45,16.062,23.94,25.25,2989,14911543.0,4.30387002528873e-05
2023-11-29,09:36:45,16.0654,23.94,25.25,2988,14911543.0,4.310759263696707e-05
2023-11-29,09:36:45,16.069,23.94,25.25,2990,14911537.0,4.296991796914701e-05
2023-11-29,09:36:45,16.0726,23.94,25.25,2990,14911535.0,4.296991796914701e-05
2023-11-29,09:36:45,16.0798,23.94,25.25,2987,14911544.0,4.317659529762484e-05
2023-11-29,09:36:45,16.0832,23.94,25.25,2988,14911542.0,4.310759263696707e-05
2023-11-29,09:36:45,16.0868,23.94,25.25,2989,14911541.0,4.30387002528873e-05
2023-11-29,09:36:45,16.0904,23.94,25.25,2988,14911542.0,4.310759263696707e-05
2023-11-29,09:36:45,16.094,23.94,25.25,2987,14911542.0,4.317659529762484e-05
2023-11-29,09:36:45,16.0976,23.94,25.25,2988,14911541.0,4.310759263696707e-05
2023-11-29,09:36:45,16.101,23.94,25.25,2987,14911539.0,4.317659529762484e-05
2023-11-29,09:36:45,16.1046,23.94,25.25,2989,14911536.0,4.30387002528873e-05
2023-11-29,09:36:45,16.1082,23.94,25.25,2990,14911535.0,4.296991796914701e-05
2023-11-29,09:36:45,16.1118,23.94,25.25,2986,14911540.0,4.324570841138112e-05
2023-11-29,09:36:45,16.1154,23.94,25.25,2985,14911541.0,4.331493215503914e-05
2023-11-29,09:36:45,16.119,23.94,25.25,2988,14911541.0,4.310759263696707e-05
2023-11-29,09:36:45,16.1227,23.94,25.25,2989,14911543.0,4.30387002528873e-05
2023-11-29,09:36:45,16.1261,23.94,25.25,2987,14911542.0,4.317659529762484e-05
2023-11-29,09:36:45,16.1296,23.94,25.25,2985,14911538.0,4.331493215503914e-05
2023-11-29,09:36:45,16.1332,23.94,25.25,2985,14911539.0,4.331493215503914e-05
2023-11-29,09:36:45,16.1367,23.94,25.25,2986,14911540.0,4.324570841138112e-05
2023-11-29,09:36:45,16.1405,23.94,25.25,2987,14911538.0,4.317659529762484e-05
2023-11-29,09:36:45,16.144,23.94,25.25,2988,14911537.0,4.310759263696707e-05
2023-11-29,09:36:45,16.1476,23.94,25.25,2986,14911540.0,4.324570841138112e-05
2023-11-29,09:36:45,16.1512,23.94,25.25,2987,14911542.0,4.317659529762484e-05
2023-11-29,09:36:45,16.1548,23.94,25.25,2988,14911543.0,4.310759263696707e-05
2023-11-29,09:36:45,16.1584,23.94,25.25,2985,14911543.0,4.331493215503914e-05
2023-11-29,09:36:45,16.1618,23.94,25.25,2985,14911538.0,4.331493215503914e-05
2023-11-29,09:36:45,16.1654,23.94,25.25,2984,14911536.0,4.338426670568495e-05
2023-11-29,09:36:45,16.1691,23.94,25.25,2985,14911539.0,4.331493215503914e-05
2023-11-29,09:36:45,16.1727,23.94,25.25,2987,14911541.0,4.317659529762484e-05
2023-11-29,09:36:45,16.1763,23.94,25.25,2987,14911538.0,4.317659529762484e-05
2023-11-29,09:36:45,16.1798,23.94,25.25,2988,14911536.0,4.310759263696707e-05
2023-11-29,09:36:45,16.1833,23.94,25.25,2984,14911540.0,4.338426670568495e-05
2023-11-29,09:36:46,16.187,23.94,25.25,2983,14911541.0,4.345371224068825e-05
2023-11-29,09:36:46,16.1906,23.94,25.25,2987,14911541.0,4.317659529762484e-05
2023-11-29,09:36:46,16.1942,23.94,25.25,2987,14911541.0,4.317659529762484e-05
2023-11-29,09:36:46,16.1977,23.94,25.25,2987,14911538.0,4.317659529762484e-05
2023-11-29,09:36:46,16.2013,23.94,25.25,2986,14911537.0,4.324570841138112e-05
2023-11-29,09:36:46,16.2048,23.94,25.25,2986,14911537.0,4.324570841138112e-05
2023-11-29,09:36:46,16.2083,23.94,25.25,2985,14911537.0,4.331493215503914e-05
2023-11-29,09:36:46,16.2119,23.94,25.25,2983,14911539.0,4.345371224068825e-05
2023-11-29,09:36:46,16.2155,23.94,25.25,2985,14911541.0,4.331493215503914e-05
2023-11-29,09:36:46,16.219,23.94,25.25,2984,14911540.0,4.338426670568495e-05
2023-11-29,09:36:46,16.2226,23.94,25.25,2984,14911540.0,4.338426670568495e-05
2023-11-29,09:36:46,16.2262,23.94,25.25,2986,14911541.0,4.324570841138112e-05
2023-11-29,09:36:46,16.2297,23.94,25.25,2986,14911541.0,4.324570841138112e-05
2023-11-29,09:36:46,16.2331,23.94,25.25,2986,14911536.0,4.324570841138112e-05
2023-11-29,09:36:46,16.2367,23.94,25.25,2985,14911534.0,4.331493215503914e-05
2023-11-29,09:36:46,16.2403,23.94,25.25,2984,14911539.0,4.338426670568495e-05
2023-11-29,09:36:46,16.2439,23.94,25.25,2983,14911539.0,4.345371224068825e-05
2023-11-29,09:36:46,16.2475,23.94,25.25,2983,14911538.0,4.345371224068825e-05
2023-11-29,09:36:46,16.251,23.94,25.25,2984,14911538.0,4.338426670568495e-05
2023-11-29,09:36:46,16.2546,23.94,25.25,2985,14911537.0,4.331493215503914e-05
2023-11-29,09:36:46,16.2582,23.94,25.25,2986,14911540.0,4.324570841138112e-05
2023-11-29,09:36:46,16.2617,23.94,25.25,2986,14911539.0,4.324570841138112e-05
2023-11-29,09:36:46,16.2653,23.94,25.25,2984,14911537.0,4.338426670568495e-05
2023-11-29,09:36:46,16.269,23.94,25.25,2984,14911535.0,4.338426670568495e-05
2023-11-29,09:36:46,16.2724,23.94,25.25,2985,14911533.0,4.331493215503914e-05
2023-11-29,09:36:46,16.276,23.94,25.25,2982,14911536.0,4.352326893770249e-05
2023-11-29,09:36:46,16.2797,23.94,25.25,2982,14911539.0,4.352326893770249e-05
2023-11-29,09:36:46,16.2833,23.94,25.25,2985,14911540.0,4.331493215503914e-05
2023-11-29,09:36:46,16.2869,23.94,25.25,2985,14911540.0,4.331493215503914e-05
2023-11-29,09:36:46,16.2903,23.94,25.25,2983,14911540.0,4.345371224068825e-05
2023-11-29,09:36:46,16.2939,23.94,25.25,2982,14911538.0,4.352326893770249e-05
2023-11-29,09:36:46,16.2975,23.94,25.25,2983,14911536.0,4.345371224068825e-05
2023-11-29,09:36:46,16.301,23.94,25.25,2983,14911536.0,4.345371224068825e-05
2023-11-29,09:36:46,16.3046,23.94,25.25,2982,14911537.0,4.352326893770249e-05
2023-11-29,09:36:46,16.3081,23.94,25.25,2983,14911536.0,4.345371224068825e-05
2023-11-29,09:36:46,16.3117,23.94,25.25,2983,14911536.0,4.345371224068825e-05
2023-11-29,09:36:46,16.3153,23.94,25.25,2983,14911537.0,4.345371224068825e-05
2023-11-29,09:36:46,16.3189,23.94,25.25,2983,14911539.0,4.345371224068825e-05
2023-11-29,09:36:46,16.3225,23.94,25.25,2982,14911538.0,4.352326893770249e-05
2023-11-29,09:36:46,16.3261,23.94,25.25,2983,14911535.0,4.345371224068825e-05
2023-11-29,09:36:46,16.3295,23.94,25.25,2981,14911535.0,4.359293697466567e-05
2023-11-29,09:36:46,16.333,23.94,25.25,2981,14911537.0,4.359293697466567e-05
2023-11-29,09:36:46,16.3367,23.94,25.25,2983,14911539.0,4.345371224068825e-05
2023-11-29,09:36:46,16.3403,23.94,25.25,2983,14911538.0,4.345371224068825e-05
2023-11-29,09:36:46,16.3437,23.94,25.25,2984,14911537.0,4.338426670568495e-05
2023-11-29,09:36:46,16.3473,23.94,25.25,2982,14911537.0,4.352326893770249e-05
2023-11-29,09:36:46,16.3509,23.94,25.25,2982,14911538.0,4.352326893770249e-05
2023-11-29,09:36:46,16.3545,23.94,25.25,2982,14911539.0,4.352326893770249e-05
2023-11-29,09:36:46,16.3581,23.94,25.25,2981,14911538.0,4.359293697466567e-05
2023-11-29,09:36:46,16.3616,23.94,25.25,2982,14911536.0,4.352326893770249e-05
2023-11-29,09:36:46,16.3651,23.94,25.25,2982,14911534.0,4.352326893770249e-05
2023-11-29,09:36:46,16.3686,23.94,25.25,2981,14911534.0,4.359293697466567e-05
2023-11-29,09:36:46,16.3721,23.94,25.25,2981,14911536.0,4.359293697466567e-05
2023-11-29,09:36:46,16.3757,23.94,25.25,2984,14911536.0,4.338426670568495e-05
2023-11-29,09:36:46,16.3829,23.94,25.25,2983,14911537.0,4.345371224068825e-05
2023-11-29,09:36:46,16.3863,23.94,25.25,2979,14911533.0,4.373260778161478e-05
2023-11-29,09:36:46,16.3899,23.94,25.25,2979,14911536.0,4.373260778161478e-05
2023-11-29,09:36:46,16.3936,23.94,25.25,2982,14911538.0,4.352326893770249e-05
2023-11-29,09:36:46,16.3972,23.94,25.25,2982,14911535.0,4.352326893770249e-05
2023-11-29,09:36:46,16.4007,23.94,25.25,2982,14911533.0,4.352326893770249e-05
2023-11-29,09:36:46,16.4043,23.94,25.25,2980,14911536.0,4.366271652980039e-05
2023-11-29,09:36:46,16.408,23.94,25.25,2980,14911537.0,4.366271652980039e-05
2023-11-29,09:36:46,16.4116,23.94,25.25,2982,14911537.0,4.352326893770249e-05
2023-11-29,09:36:46,16.4151,23.94,25.25,2981,14911536.0,4.359293697466567e-05
2023-11-29,09:36:46,16.4187,23.94,25.25,2980,14911535.0,4.366271652980039e-05
2023-11-29,09:36:46,16.4223,23.94,25.25,2980,14911535.0,4.366271652980039e-05
2023-11-29,09:36:46,16.4258,23.94,25.25,2982,14911535.0,4.352326893770249e-05
2023-11-29,09:36:46,16.4294,23.94,25.25,2982,14911536.0,4.352326893770249e-05
2023-11-29,09:36:46,16.4329,23.94,25.25,2981,14911535.0,4.359293697466567e-05
2023-11-29,09:36:46,16.4364,23.94,25.25,2982,14911534.0,4.352326893770249e-05
2023-11-29,09:36:46,16.44,23.94,25.25,2979,14911537.0,4.373260778161478e-05
2023-11-29,09:36:46,16.4436,23.94,25.25,2978,14911536.0,4.38026109089025e-05
2023-11-29,09:36:46,16.4471,23.94,25.25,2981,14911535.0,4.359293697466567e-05
2023-11-29,09:36:46,16.4507,23.94,25.25,2981,14911535.0,4.359293697466567e-05
2023-11-29,09:36:46,16.4542,23.94,25.25,2980,14911534.0,4.366271652980039e-05
2023-11-29,09:36:46,16.4578,23.94,25.25,2980,14911534.0,4.366271652980039e-05
2023-11-29,09:36:46,16.4615,23.94,25.25,2982,14911533.0,4.352326893770249e-05
2023-11-29,09:36:46,16.4649,23.94,25.25,2980,14911532.0,4.366271652980039e-05
2023-11-29,09:36:46,16.4684,23.94,25.25,2978,14911536.0,4.38026109089025e-05
2023-11-29,09:36:46,16.4721,23.94,25.25,2980,14911535.0,4.366271652980039e-05
2023-11-29,09:36:46,16.4757,23.94,25.25,2980,14911533.0,4.366271652980039e-05
2023-11-29,09:36:46,16.4793,23.94,25.25,2981,14911535.0,4.359293697466567e-05
2023-11-29,09:36:46,16.483,23.94,25.25,2981,14911536.0,4.359293697466567e-05
2023-11-29,09:36:46,16.4864,23.94,25.25,2980,14911536.0,4.366271652980039e-05
2023-11-29,09:36:46,16.4899,23.94,25.25,2980,14911532.0,4.366271652980039e-05
2023-11-29,09:36:46,16.4934,23.94,25.25,2979,14911531.0,4.373260778161478e-05
2023-11-29,09:36:46,16.4971,23.94,25.25,2978,14911534.0,4.38026109089025e-05
2023-11-29,09:36:46,16.5008,23.94,25.25,2978,14911535.0,4.38026109089025e-05
2023-11-29,09:36:46,16.5042,23.94,25.25,2979,14911535.0,4.373260778161478e-05
2023-11-29,09:36:46,16.5078,23.94,25.25,2980,14911536.0,4.366271652980039e-05
2023-11-29,09:36:46,16.5114,23.94,25.25,2980,14911535.0,4.366271652980039e-05
2023-11-29,09:36:46,16.515,23.94,25.25,2980,14911536.0,4.366271652980039e-05
2023-11-29,09:36:46,16.5184,23.94,25.25,2981,14911534.0,4.359293697466567e-05
2023-11-29,09:36:46,16.522,23.94,25.25,2981,14911534.0,4.359293697466567e-05
2023-11-29,09:36:46,16.5256,23.94,25.25,2980,14911534.0,4.366271652980039e-05
2023-11-29,09:36:46,16.5291,23.94,25.25,2981,14911534.0,4.359293697466567e-05
2023-11-29,09:36:46,16.5326,23.94,25.25,2979,14911536.0,4.373260778161478e-05
2023-11-29,09:36:46,16.5362,23.94,25.25,2978,14911535.0,4.38026109089025e-05
2023-11-29,09:36:46,16.5398,23.94,25.25,2980,14911534.0,4.366271652980039e-05
2023-11-29,09:36:46,16.5434,23.94,25.25,2979,14911535.0,4.373260778161478e-05
2023-11-29,09:36:46,16.547,23.94,25.25,2978,14911532.0,4.38026109089025e-05
2023-11-29,09:36:46,16.5506,23.94,25.25,2977,14911532.0,4.387272609074357e-05
2023-11-29,09:36:46,16.5542,23.94,25.25,2979,14911533.0,4.373260778161478e-05
2023-11-29,09:36:46,16.5577,23.94,25.25,2980,14911532.0,4.366271652980039e-05
2023-11-29,09:36:46,16.5612,23.94,25.25,2978,14911534.0,4.38026109089025e-05
2023-11-29,09:36:46,16.5646,23.94,25.25,2977,14911533.0,4.387272609074357e-05
2023-11-29,09:36:46,16.5682,23.94,25.0,2977,14911532.0,4.387272609074357e-05
2023-11-29,09:36:46,16.5719,23.94,25.0,2980,14911534.0,4.366271652980039e-05
2023-11-29,09:36:46,16.5755,23.94,25.0,2979,14911530.0,4.373260778161478e-05
2023-11-29,09:36:46,16.579,23.94,25.0,2976,14911530.0,4.394295350650451e-05
2023-11-29,09:36:46,16.5826,23.94,25.0,2977,14911532.0,4.387272609074357e-05
2023-11-29,09:36:46,16.5862,23.94,25.0,2978,14911531.0,4.38026109089025e-05
2023-11-29,09:36:46,16.5897,23.94,25.0,2977,14911532.0,4.387272609074357e-05
2023-11-29,09:36:46,16.5933,23.94,25.0,2975,14911532.0,4.40132933358391e-05
2023-11-29,09:36:46,16.5969,23.94,25.0,2976,14911533.0,4.394295350650451e-05
2023-11-29,09:36:46,16.6004,23.94,25.0,2978,14911536.0,4.38026109089025e-05
2023-11-29,09:36:46,16.6038,23.94,25.0,2977,14911535.0,4.387272609074357e-05
2023-11-29,09:36:46,16.6075,23.94,25.0,2975,14911533.0,4.40132933358391e-05
2023-11-29,09:36:46,16.6111,23.94,25.0,2975,14911533.0,4.40132933358391e-05
2023-11-29,09:36:46,16.6146,23.94,25.0,2976,14911535.0,4.394295350650451e-05
2023-11-29,09:36:46,16.6182,23.94,25.0,2976,14911534.0,4.394295350650451e-05
2023-11-29,09:36:46,16.6217,23.94,25.0,2976,14911531.0,4.394295350650451e-05
2023-11-29,09:36:46,16.6253,23.94,25.0,2977,14911529.0,4.387272609074357e-05
2023-11-29,09:36:46,16.6289,23.94,25.0,2978,14911532.0,4.38026109089025e-05
2023-11-29,09:36:46,16.6325,23.94,25.0,2977,14911534.0,4.387272609074357e-05
2023-11-29,09:36:46,16.6361,23.94,25.0,2977,14911534.0,4.387272609074357e-05
2023-11-29,09:36:46,16.6397,23.94,25.0,2977,14911531.0,4.387272609074357e-05
2023-11-29,09:36:46,16.6431,23.94,25.0,2974,14911530.0,4.408374575868857e-05
2023-11-29,09:36:46,16.6467,23.94,25.0,2975,14911532.0,4.40132933358391e-05
2023-11-29,09:36:46,16.6504,23.94,25.0,2976,14911534.0,4.394295350650451e-05
2023-11-29,09:36:46,16.6539,23.94,25.0,2975,14911533.0,4.40132933358391e-05
2023-11-29,09:36:46,16.6573,23.94,25.0,2976,14911532.0,4.394295350650451e-05
2023-11-29,09:36:46,16.6609,23.94,25.0,2974,14911532.0,4.408374575868857e-05
2023-11-29,09:36:46,16.6645,23.94,25.0,2974,14911532.0,4.408374575868857e-05
2023-11-29,09:36:46,16.6681,23.94,25.0,2975,14911530.0,4.40132933358391e-05
2023-11-29,09:36:46,16.6717,23.94,25.0,2975,14911532.0,4.40132933358391e-05
2023-11-29,09:36:46,16.6788,23.94,25.0,2975,14911530.0,4.40132933358391e-05
2023-11-29,09:36:46,16.6823,23.94,25.0,2975,14911532.0,4.40132933358391e-05
2023-11-29,09:36:46,16.6857,23.94,25.0,2975,14911530.0,4.40132933358391e-05
2023-11-29,09:36:46,16.6894,23.94,25.0,2975,14911530.0,4.40132933358391e-05
2023-11-29,09:36:46,16.6932,23.94,25.0,2976,14911534.0,4.394295350650451e-05
2023-11-29,09:36:46,16.6966,23.94,25.0,2975,14911534.0,4.40132933358391e-05
2023-11-29,09:36:46,16.7002,23.94,25.0,2974,14911531.0,4.408374575868857e-05
2023-11-29,09:36:46,16.7038,23.94,25.0,2975,14911530.0,4.40132933358391e-05
2023-11-29,09:36:46,16.7072,23.94,25.0,2975,14911532.0,4.40132933358391e-05
2023-11-29,09:36:46,16.7108,23.94,25.0,2974,14911530.0,4.408374575868857e-05
2023-11-29,09:36:46,16.7144,23.94,25.0,2974,14911529.0,4.408374575868857e-05
2023-11-29,09:36:46,16.718,23.94,25.0,2974,14911529.0,4.408374575868857e-05
2023-11-29,09:36:46,16.7216,23.94,25.0,2974,14911529.0,4.408374575868857e-05
2023-11-29,09:36:46,16.7252,23.94,25.0,2974,14911529.0,4.408374575868857e-05
2023-11-29,09:36:46,16.7287,23.94,25.0,2974,14911532.0,4.408374575868857e-05
2023-11-29,09:36:46,16.7322,23.94,25.0,2974,14911532.0,4.408374575868857e-05
2023-11-29,09:36:46,16.7358,23.94,25.0,2973,14911531.0,4.41543109552823e-05
2023-11-29,09:36:46,16.7394,23.94,25.0,2974,14911532.0,4.408374575868857e-05
2023-11-29,09:36:46,16.743,23.94,25.0,2975,14911533.0,4.40132933358391e-05
2023-11-29,09:36:46,16.7467,23.94,25.0,2974,14911531.0,4.408374575868857e-05
2023-11-29,09:36:46,16.7502,23.94,25.0,2973,14911527.0,4.41543109552823e-05
2023-11-29,09:36:46,16.7537,23.94,25.0,2971,14911529.0,4.429578039206264e-05
2023-11-29,09:36:46,16.7572,23.94,25.0,2972,14911531.0,4.422498910613804e-05
2023-11-29,09:36:46,16.7609,23.94,25.0,2974,14911530.0,4.408374575868857e-05
2023-11-29,09:36:46,16.7645,23.94,25.0,2974,14911531.0,4.408374575868857e-05
2023-11-29,09:36:46,16.7679,23.94,25.0,2975,14911530.0,4.40132933358391e-05
2023-11-29,09:36:46,16.7715,23.94,25.0,2974,14911530.0,4.408374575868857e-05
2023-11-29,09:36:46,16.7751,23.94,25.0,2974,14911530.0,4.408374575868857e-05
2023-11-29,09:36:46,16.7787,23.94,25.0,2975,14911530.0,4.40132933358391e-05
2023-11-29,09:36:46,16.7822,23.94,25.0,2974,14911531.0,4.408374575868857e-05
2023-11-29,09:36:46,16.7858,23.94,25.0,2973,14911529.0,4.41543109552823e-05
2023-11-29,09:36:46,16.7894,23.94,25.0,2972,14911530.0,4.422498910613804e-05
2023-11-29,09:36:46,16.793,23.94,25.0,2973,14911530.0,4.41543109552823e-05
2023-11-29,09:36:46,16.7966,23.94,25.0,2974,14911530.0,4.408374575868857e-05
2023-11-29,09:36:46,16.8002,23.94,25.0,2974,14911531.0,4.408374575868857e-05
2023-11-29,09:36:46,16.8036,23.94,25.0,2973,14911529.0,4.41543109552823e-05
2023-11-29,09:36:46,16.8071,23.94,25.0,2972,14911528.0,4.422498910613804e-05
2023-11-29,09:36:46,16.8107,23.94,25.0,2973,14911528.0,4.41543109552823e-05
2023-11-29,09:36:46,16.8144,23.94,25.0,2972,14911527.0,4.422498910613804e-05
2023-11-29,09:36:46,16.818,23.94,25.0,2972,14911528.0,4.422498910613804e-05
2023-11-29,09:36:46,16.8214,23.94,25.0,2973,14911529.0,4.41543109552823e-05
2023-11-29,09:36:46,16.825,23.94,25.0,2972,14911531.0,4.422498910613804e-05
2023-11-29,09:36:46,16.8286,23.94,25.0,2972,14911530.0,4.422498910613804e-05
2023-11-29,09:36:46,16.832,23.94,25.0,2973,14911529.0,4.41543109552823e-05
2023-11-29,09:36:46,16.8356,23.94,25.0,2974,14911530.0,4.408374575868857e-05
2023-11-29,09:36:46,16.8392,23.94,25.0,2974,14911529.0,4.408374575868857e-05
2023-11-29,09:36:46,16.8427,23.94,25.0,2972,14911527.0,4.422498910613804e-05
2023-11-29,09:36:46,16.8464,23.94,25.0,2971,14911527.0,4.429578039206264e-05
2023-11-29,09:36:46,16.8501,23.94,25.0,2971,14911527.0,4.429578039206264e-05
2023-11-29,09:36:46,16.8535,23.94,25.0,2971,14911528.0,4.429578039206264e-05
2023-11-29,09:36:46,16.8571,23.94,25.0,2972,14911530.0,4.422498910613804e-05
2023-11-29,09:36:46,16.8607,23.94,25.0,2972,14911530.0,4.422498910613804e-05
2023-11-29,09:36:46,16.8643,23.94,25.0,2970,14911527.0,4.43666849941522e-05
2023-11-29,09:36:46,16.8679,23.94,25.0,2970,14911527.0,4.43666849941522e-05
2023-11-29,09:36:46,16.8715,23.94,25.0,2971,14911530.0,4.429578039206264e-05
2023-11-29,09:36:46,16.875,23.94,25.0,2971,14911529.0,4.429578039206264e-05
2023-11-29,09:36:46,16.8786,23.94,25.0,2971,14911526.0,4.429578039206264e-05
2023-11-29,09:36:46,16.8823,23.94,25.0,2971,14911526.0,4.429578039206264e-05
2023-11-29,09:36:46,16.8858,23.94,25.0,2973,14911527.0,4.41543109552823e-05
2023-11-29,09:36:46,16.8894,23.94,25.0,2973,14911528.0,4.41543109552823e-05
2023-11-29,09:36:46,16.893,23.94,25.0,2971,14911529.0,4.429578039206264e-05
2023-11-29,09:36:46,16.8964,23.94,25.0,2971,14911528.0,4.429578039206264e-05
2023-11-29,09:36:46,16.8999,23.94,25.0,2970,14911526.0,4.43666849941522e-05
2023-11-29,09:36:46,16.9035,23.94,25.0,2970,14911527.0,4.43666849941522e-05
2023-11-29,09:36:46,16.9072,23.94,25.0,2971,14911527.0,4.429578039206264e-05
2023-11-29,09:36:46,16.9106,23.94,25.0,2971,14911527.0,4.429578039206264e-05
2023-11-29,09:36:46,16.9141,23.94,25.0,2971,14911527.0,4.429578039206264e-05
2023-11-29,09:36:46,16.9177,23.94,25.0,2969,14911528.0,4.443770309379288e-05
2023-11-29,09:36:46,16.9213,23.94,25.0,2970,14911529.0,4.43666849941522e-05
2023-11-29,09:36:46,16.9248,23.94,25.0,2970,14911529.0,4.43666849941522e-05
2023-11-29,09:36:46,16.9284,23.94,25.0,2970,14911530.0,4.43666849941522e-05
2023-11-29,09:36:46,16.932,23.94,25.0,2972,14911528.0,4.422498910613804e-05
2023-11-29,09:36:46,16.9356,23.94,25.0,2970,14911526.0,4.43666849941522e-05
2023-11-29,09:36:46,16.9392,23.94,25.0,2969,14911526.0,4.443770309379288e-05
2023-11-29,09:36:46,16.9426,23.94,25.0,2969,14911526.0,4.443770309379288e-05
2023-11-29,09:36:46,16.9461,23.94,25.0,2969,14911525.0,4.443770309379288e-05
2023-11-29,09:36:46,16.9497,23.94,25.0,2970,14911528.0,4.43666849941522e-05
2023-11-29,09:36:46,16.9533,23.94,25.0,2970,14911528.0,4.43666849941522e-05
2023-11-29,09:36:46,16.9568,23.94,25.0,2968,14911525.0,4.4508834872661e-05
2023-11-29,09:36:46,16.9604,23.94,25.0,2968,14911526.0,4.4508834872661e-05
2023-11-29,09:36:46,16.964,23.94,25.0,2970,14911528.0,4.43666849941522e-05
2023-11-29,09:36:46,16.9676,23.94,25.0,2970,14911526.0,4.43666849941522e-05
2023-11-29,09:36:46,16.9712,23.94,25.0,2969,14911524.0,4.443770309379288e-05
2023-11-29,09:36:46,16.9748,23.94,25.0,2967,14911526.0,4.458008051272389e-05
2023-11-29,09:36:46,16.9819,23.94,25.0,2971,14911529.0,4.429578039206264e-05
2023-11-29,09:36:46,16.9854,23.94,25.0,2971,14911528.0,4.429578039206264e-05
2023-11-29,09:36:46,16.9888,23.94,25.0,2970,14911529.0,4.43666849941522e-05
2023-11-29,09:36:46,16.9924,23.94,25.0,2968,14911527.0,4.4508834872661e-05
2023-11-29,09:36:46,16.996,23.94,25.0,2969,14911526.0,4.443770309379288e-05
2023-11-29,09:36:46,16.9996,23.94,25.0,2969,14911524.0,4.443770309379288e-05
2023-11-29,09:36:46,17.0032,23.94,25.0,2969,14911525.0,4.443770309379288e-05
2023-11-29,09:36:46,17.0068,23.94,25.0,2970,14911527.0,4.43666849941522e-05
2023-11-29,09:36:46,17.0103,23.94,25.0,2969,14911527.0,4.443770309379288e-05
2023-11-29,09:36:46,17.0139,23.94,25.0,2968,14911525.0,4.4508834872661e-05
2023-11-29,09:36:46,17.0175,23.94,25.0,2968,14911526.0,4.4508834872661e-05
2023-11-29,09:36:46,17.0211,23.94,25.0,2968,14911528.0,4.4508834872661e-05
2023-11-29,09:36:46,17.0246,23.94,25.0,2968,14911526.0,4.4508834872661e-05
2023-11-29,09:36:46,17.028,23.94,25.0,2967,14911524.0,4.458008051272389e-05
2023-11-29,09:36:46,17.0316,23.94,25.0,2968,14911525.0,4.4508834872661e-05
2023-11-29,09:36:46,17.0352,23.94,25.0,2967,14911524.0,4.458008051272389e-05
2023-11-29,09:36:46,17.0388,23.94,25.0,2967,14911522.0,4.458008051272389e-05
2023-11-29,09:36:46,17.0423,23.94,25.0,2970,14911526.0,4.43666849941522e-05
2023-11-29,09:36:46,17.0459,23.94,25.0,2969,14911528.0,4.443770309379288e-05
2023-11-29,09:36:46,17.0496,23.94,25.0,2967,14911526.0,4.458008051272389e-05
2023-11-29,09:36:46,17.0532,23.94,25.0,2968,14911524.0,4.4508834872661e-05
2023-11-29,09:36:46,17.0567,23.94,25.0,2969,14911526.0,4.443770309379288e-05
2023-11-29,09:36:46,17.0603,23.94,25.0,2969,14911524.0,4.443770309379288e-05
2023-11-29,09:36:46,17.0637,23.94,25.0,2968,14911522.0,4.4508834872661e-05
2023-11-29,09:36:46,17.0672,23.94,25.0,2965,14911524.0,4.472291410575956e-05
2023-11-29,09:36:46,17.0708,23.94,25.0,2965,14911526.0,4.472291410575956e-05
2023-11-29,09:36:46,17.0743,23.94,25.0,2967,14911525.0,4.458008051272389e-05
2023-11-29,09:36:46,17.0781,23.94,25.0,2968,14911526.0,4.4508834872661e-05
2023-11-29,09:36:46,17.0816,23.94,25.0,2966,14911528.0,4.465144019623996e-05
2023-11-29,09:36:46,17.0851,23.94,25.0,2964,14911526.0,4.479450242412504e-05
2023-11-29,09:36:46,17.0887,23.94,25.0,2967,14911524.0,4.458008051272389e-05
2023-11-29,09:36:46,17.0923,23.94,25.0,2969,14911524.0,4.443770309379288e-05
2023-11-29,09:36:46,17.0958,23.94,25.0,2969,14911523.0,4.443770309379288e-05
2023-11-29,09:36:46,17.0994,23.94,25.0,2968,14911524.0,4.4508834872661e-05
2023-11-29,09:36:46,17.103,23.94,25.0,2966,14911525.0,4.465144019623996e-05
2023-11-29,09:36:46,17.1066,23.94,25.0,2966,14911523.0,4.465144019623996e-05
2023-11-29,09:36:46,17.1102,23.94,25.0,2966,14911524.0,4.465144019623996e-05
2023-11-29,09:36:46,17.1138,23.94,25.0,2967,14911527.0,4.458008051272389e-05
2023-11-29,09:36:46,17.1172,23.94,25.0,2967,14911525.0,4.458008051272389e-05
2023-11-29,09:36:46,17.1207,23.94,25.0,2965,14911523.0,4.472291410575956e-05
2023-11-29,09:36:46,17.1244,23.94,25.0,2965,14911525.0,4.472291410575956e-05
2023-11-29,09:36:46,17.1281,23.94,25.0,2965,14911523.0,4.472291410575956e-05
2023-11-29,09:36:46,17.1317,23.94,25.0,2966,14911521.0,4.465144019623996e-05
2023-11-29,09:36:46,17.1351,23.94,25.0,2966,14911523.0,4.465144019623996e-05
2023-11-29,09:36:46,17.1386,23.94,25.0,2965,14911524.0,4.472291410575956e-05
2023-11-29,09:36:46,17.1422,23.94,25.0,2968,14911525.0,4.4508834872661e-05
2023-11-29,09:36:46,17.1458,23.94,25.0,2967,14911527.0,4.458008051272389e-05
2023-11-29,09:36:46,17.1494,23.94,25.0,2965,14911528.0,4.472291410575956e-05
2023-11-29,09:36:46,17.1528,23.94,25.0,2967,14911524.0,4.458008051272389e-05
2023-11-29,09:36:46,17.1564,23.94,25.0,2966,14911521.0,4.465144019623996e-05
2023-11-29,09:36:46,17.1601,23.94,25.0,2964,14911524.0,4.479450242412504e-05
2023-11-29,09:36:46,17.1637,23.94,25.0,2963,14911522.0,4.486620533447163e-05
2023-11-29,09:36:46,17.1673,23.94,25.0,2964,14911521.0,4.479450242412504e-05
2023-11-29,09:36:46,17.1709,23.94,25.0,2966,14911526.0,4.465144019623996e-05
2023-11-29,09:36:46,17.1744,23.94,25.0,2966,14911525.0,4.465144019623996e-05
2023-11-29,09:36:46,17.178,23.94,25.0,2965,14911523.0,4.472291410575956e-05
2023-11-29,09:36:46,17.1816,23.94,25.0,2964,14911524.0,4.479450242412504e-05
2023-11-29,09:36:46,17.1852,23.94,25.0,2965,14911526.0,4.472291410575956e-05
2023-11-29,09:36:47,17.1888,23.94,25.0,2967,14911524.0,4.458008051272389e-05
2023-11-29,09:36:47,17.1924,23.94,25.0,2967,14911523.0,4.458008051272389e-05
2023-11-29,09:36:47,17.1959,23.94,25.0,2966,14911524.0,4.465144019623996e-05
2023-11-29,09:36:47,17.1994,23.94,25.0,2965,14911521.0,4.472291410575956e-05
2023-11-29,09:36:47,17.2029,23.94,25.0,2965,14911521.0,4.472291410575956e-05
2023-11-29,09:36:47,17.2064,23.94,25.0,2966,14911525.0,4.465144019623996e-05
2023-11-29,09:36:47,17.21,23.94,25.0,2965,14911526.0,4.472291410575956e-05
2023-11-29,09:36:47,17.2137,23.94,25.0,2962,14911523.0,4.493802302022752e-05
2023-11-29,09:36:47,17.2173,23.94,25.0,2963,14911522.0,4.486620533447163e-05
2023-11-29,09:36:47,17.2208,23.94,25.0,2967,14911526.0,4.458008051272389e-05
2023-11-29,09:36:47,17.2244,23.94,25.0,2967,14911524.0,4.458008051272389e-05
2023-11-29,09:36:47,17.2279,23.94,25.0,2965,14911521.0,4.472291410575956e-05
2023-11-29,09:36:47,17.2315,23.94,25.0,2963,14911523.0,4.486620533447163e-05
2023-11-29,09:36:47,17.2351,23.94,25.0,2962,14911522.0,4.493802302022752e-05
2023-11-29,09:36:47,17.2386,23.94,25.0,2964,14911521.0,4.479450242412504e-05
2023-11-29,09:36:47,17.2422,23.94,25.0,2967,14911524.0,4.458008051272389e-05
2023-11-29,09:36:47,17.2456,23.94,25.0,2967,14911526.0,4.458008051272389e-05
2023-11-29,09:36:47,17.2491,23.94,25.0,2964,14911523.0,4.479450242412504e-05
2023-11-29,09:36:47,17.2528,23.94,25.0,2964,14911523.0,4.479450242412504e-05
2023-11-29,09:36:47,17.2562,23.94,25.0,2964,14911521.0,4.479450242412504e-05
2023-11-29,09:36:47,17.2598,23.94,25.0,2964,14911520.0,4.479450242412504e-05
2023-11-29,09:36:47,17.2635,23.94,25.0,2966,14911525.0,4.465144019623996e-05
2023-11-29,09:36:47,17.267,23.94,25.0,2965,14911526.0,4.472291410575956e-05
2023-11-29,09:36:47,17.2704,23.94,25.0,2962,14911522.0,4.493802302022752e-05
2023-11-29,09:36:47,17.2775,23.94,25.0,2964,14911523.0,4.479450242412504e-05
2023-11-29,09:36:47,17.2811,23.94,25.0,2965,14911523.0,4.472291410575956e-05
2023-11-29,09:36:47,17.2845,23.94,25.0,2964,14911521.0,4.479450242412504e-05
2023-11-29,09:36:47,17.2882,23.94,25.0,2962,14911522.0,4.493802302022752e-05
2023-11-29,09:36:47,17.2918,23.94,25.0,2962,14911521.0,4.493802302022752e-05
2023-11-29,09:36:47,17.2954,23.94,25.0,2962,14911521.0,4.493802302022752e-05
2023-11-29,09:36:47,17.299,23.94,25.0,2965,14911525.0,4.472291410575956e-05
2023-11-29,09:36:47,17.3023,23.94,25.0,2965,14911526.0,4.472291410575956e-05
2023-11-29,09:36:47,17.3059,23.94,25.0,2962,14911524.0,4.493802302022752e-05
2023-11-29,09:36:47,17.3096,23.94,25.0,2963,14911523.0,4.486620533447163e-05
2023-11-29,09:36:47,17.3132,23.94,25.0,2963,14911521.0,4.486620533447163e-05
2023-11-29,09:36:47,17.3168,23.94,25.0,2964,14911519.0,4.479450242412504e-05
2023-11-29,09:36:47,17.3202,23.94,25.0,2966,14911524.0,4.465144019623996e-05
2023-11-29,09:36:47,17.3237,23.94,25.0,2964,14911526.0,4.479450242412504e-05
2023-11-29,09:36:47,17.3273,23.94,25.0,2961,14911521.0,4.500995566511469e-05
2023-11-29,09:36:47,17.3309,23.94,25.0,2960,14911523.0,4.508200345314904e-05
2023-11-29,09:36:47,17.3346,23.94,25.0,2962,14911525.0,4.493802302022752e-05
2023-11-29,09:36:47,17.3382,23.94,25.0,2964,14911523.0,4.479450242412504e-05
2023-11-29,09:36:47,17.3416,23.94,25.0,2963,14911523.0,4.486620533447163e-05
2023-11-29,09:36:47,17.3452,23.94,25.0,2962,14911525.0,4.493802302022752e-05
2023-11-29,09:36:47,17.3488,23.94,25.0,2960,14911520.0,4.508200345314904e-05
2023-11-29,09:36:47,17.3524,23.94,25.0,2962,14911517.0,4.493802302022752e-05
2023-11-29,09:36:47,17.3559,23.94,25.0,2966,14911523.0,4.465144019623996e-05
2023-11-29,09:36:47,17.3595,23.94,25.0,2964,14911526.0,4.479450242412504e-05
2023-11-29,09:36:47,17.3631,23.94,25.0,2960,14911523.0,4.508200345314904e-05
2023-11-29,09:36:47,17.3667,23.94,25.0,2959,14911523.0,4.515416656864121e-05
2023-11-29,09:36:47,17.3703,23.94,25.0,2962,14911525.0,4.493802302022752e-05
2023-11-29,09:36:47,17.3739,23.94,25.0,2964,14911521.0,4.479450242412504e-05
2023-11-29,09:36:47,17.3774,23.94,25.0,2962,14911519.0,4.493802302022752e-05
2023-11-29,09:36:47,17.381,23.94,25.0,2960,14911522.0,4.508200345314904e-05
2023-11-29,09:36:47,17.3846,23.94,25.0,2959,14911519.0,4.515416656864121e-05
2023-11-29,09:36:47,17.3882,23.94,25.0,2961,14911516.0,4.500995566511469e-05
2023-11-29,09:36:47,17.3918,23.94,25.0,2964,14911523.0,4.479450242412504e-05
2023-11-29,09:36:47,17.3952,23.94,25.0,2962,14911527.0,4.493802302022752e-05
2023-11-29,09:36:47,17.3987,23.94,25.0,2960,14911525.0,4.508200345314904e-05
2023-11-29,09:36:47,17.4023,23.94,25.0,2962,14911523.0,4.493802302022752e-05
2023-11-29,09:36:47,17.406,23.94,25.0,2964,14911522.0,4.479450242412504e-05
2023-11-29,09:36:47,17.4096,23.94,25.0,2965,14911520.0,4.472291410575956e-05
2023-11-29,09:36:47,17.413,23.94,25.0,2964,14911520.0,4.479450242412504e-05
2023-11-29,09:36:47,17.4166,23.94,25.0,2962,14911521.0,4.493802302022752e-05
2023-11-29,09:36:47,17.4202,23.94,25.0,2960,14911519.0,4.508200345314904e-05
2023-11-29,09:36:47,17.4238,23.94,25.0,2960,14911521.0,4.508200345314904e-05
2023-11-29,09:36:47,17.4274,23.94,25.0,2963,14911525.0,4.486620533447163e-05
2023-11-29,09:36:47,17.4308,23.94,25.0,2963,14911521.0,4.486620533447163e-05
2023-11-29,09:36:47,17.4343,23.94,25.0,2960,14911519.0,4.508200345314904e-05
2023-11-29,09:36:47,17.4379,23.94,25.0,2959,14911522.0,4.515416656864121e-05
2023-11-29,09:36:47,17.4414,23.94,25.0,2959,14911519.0,4.515416656864121e-05
2023-11-29,09:36:47,17.445,23.94,25.0,2962,14911517.0,4.493802302022752e-05
2023-11-29,09:36:47,17.4486,23.94,25.0,2964,14911520.0,4.479450242412504e-05
2023-11-29,09:36:47,17.4522,23.94,25.0,2961,14911524.0,4.500995566511469e-05
2023-11-29,09:36:47,17.4558,23.94,25.0,2960,14911524.0,4.508200345314904e-05
2023-11-29,09:36:47,17.4592,23.94,25.0,2960,14911524.0,4.508200345314904e-05
2023-11-29,09:36:47,17.4628,23.94,25.0,2961,14911524.0,4.500995566511469e-05
2023-11-29,09:36:47,17.4664,23.94,25.0,2964,14911519.0,4.479450242412504e-05
2023-11-29,09:36:47,17.4699,23.94,25.0,2962,14911518.0,4.493802302022752e-05
2023-11-29,09:36:47,17.4734,23.94,25.0,2957,14911521.0,4.529883952071649e-05
2023-11-29,09:36:47,17.477,23.94,25.0,2957,14911519.0,4.529883952071649e-05
2023-11-29,09:36:47,17.4807,23.94,25.0,2960,14911517.0,4.508200345314904e-05
2023-11-29,09:36:47,17.4843,23.94,25.0,2962,14911522.0,4.493802302022752e-05
2023-11-29,09:36:47,17.4877,23.94,25.0,2961,14911523.0,4.500995566511469e-05
2023-11-29,09:36:47,17.4912,23.94,25.0,2958,14911519.0,4.522644519619663e-05
2023-11-29,09:36:47,17.495,23.94,25.0,2958,14911522.0,4.522644519619663e-05
2023-11-29,09:36:47,17.4985,23.94,25.0,2961,14911523.0,4.500995566511469e-05
2023-11-29,09:36:47,17.5021,23.94,25.0,2963,14911520.0,4.486620533447163e-05
2023-11-29,09:36:47,17.5056,23.94,25.0,2961,14911520.0,4.500995566511469e-05
2023-11-29,09:36:47,17.5092,23.94,25.0,2959,14911519.0,4.515416656864121e-05
2023-11-29,09:36:47,17.5129,23.94,25.0,2959,14911517.0,4.515416656864121e-05
2023-11-29,09:36:47,17.5163,23.94,25.0,2958,14911521.0,4.522644519619663e-05
2023-11-29,09:36:47,17.5198,23.94,25.0,2959,14911525.0,4.515416656864121e-05
2023-11-29,09:36:47,17.5234,23.94,25.0,2961,14911520.0,4.500995566511469e-05
2023-11-29,09:36:47,17.527,23.94,25.0,2960,14911518.0,4.508200345314904e-05
2023-11-29,09:36:47,17.5305,23.94,25.0,2958,14911522.0,4.522644519619663e-05
2023-11-29,09:36:47,17.5341,23.94,25.0,2956,14911518.0,4.537134972739774e-05
2023-11-29,09:36:47,17.5377,23.94,25.0,2958,14911516.0,4.522644519619663e-05
2023-11-29,09:36:47,17.5412,23.94,25.0,2961,14911521.0,4.500995566511469e-05
2023-11-29,09:36:47,17.5446,23.94,25.0,2959,14911522.0,4.515416656864121e-05
2023-11-29,09:36:47,17.5483,23.94,25.0,2957,14911520.0,4.529883952071649e-05
2023-11-29,09:36:47,17.5519,23.94,25.0,2956,14911524.0,4.537134972739774e-05
2023-11-29,09:36:47,17.5554,23.94,25.0,2959,14911525.0,4.515416656864121e-05
2023-11-29,09:36:47,17.5624,23.94,25.0,2961,14911519.0,4.500995566511469e-05
2023-11-29,09:36:47,17.566,23.94,25.0,2958,14911522.0,4.522644519619663e-05
2023-11-29,09:36:47,17.5696,23.94,25.0,2957,14911518.0,4.529883952071649e-05
2023-11-29,09:36:47,17.5732,23.94,25.0,2958,14911518.0,4.522644519619663e-05
2023-11-29,09:36:47,17.5769,23.94,25.0,2960,14911523.0,4.508200345314904e-05
2023-11-29,09:36:47,17.5803,23.94,25.0,2960,14911516.0,4.508200345314904e-05
2023-11-29,09:36:47,17.5838,23.94,25.0,2957,14911515.0,4.529883952071649e-05
2023-11-29,09:36:47,17.5874,23.94,25.0,2956,14911523.0,4.537134972739774e-05
2023-11-29,09:36:47,17.591,23.94,25.0,2957,14911520.0,4.529883952071649e-05
2023-11-29,09:36:47,17.5945,23.94,25.0,2959,14911517.0,4.515416656864121e-05
2023-11-29,09:36:47,17.5981,23.94,25.0,2960,14911520.0,4.508200345314904e-05
2023-11-29,09:36:47,17.6017,23.94,25.0,2958,14911520.0,4.522644519619663e-05
2023-11-29,09:36:47,17.6053,23.94,25.0,2956,14911517.0,4.537134972739774e-05
2023-11-29,09:36:47,17.6089,23.94,25.0,2954,14911521.0,4.551671852951535e-05
2023-11-29,09:36:47,17.6125,23.94,25.0,2957,14911526.0,4.529883952071649e-05
2023-11-29,09:36:47,17.6159,23.94,25.0,2961,14911520.0,4.500995566511469e-05
2023-11-29,09:36:47,17.6195,23.94,25.0,2958,14911517.0,4.522644519619663e-05
2023-11-29,09:36:47,17.6231,23.94,25.0,2954,14911523.0,4.551671852951535e-05
2023-11-29,09:36:47,17.6265,23.94,25.0,2953,14911520.0,4.558957749682996e-05
2023-11-29,09:36:47,17.6301,23.94,25.0,2957,14911514.0,4.529883952071649e-05
2023-11-29,09:36:47,17.6337,23.94,25.0,2961,14911521.0,4.500995566511469e-05
2023-11-29,09:36:47,17.6373,23.94,25.0,2958,14911524.0,4.522644519619663e-05
2023-11-29,09:36:47,17.6409,23.94,25.0,2954,14911519.0,4.551671852951535e-05
2023-11-29,09:36:47,17.6445,23.94,25.0,2952,14911522.0,4.566255309006328e-05
2023-11-29,09:36:47,17.648,23.94,25.0,2956,14911526.0,4.537134972739774e-05
2023-11-29,09:36:47,17.6515,23.94,25.0,2961,14911520.0,4.500995566511469e-05
2023-11-29,09:36:47,17.655,23.94,25.0,2959,14911518.0,4.515416656864121e-05
2023-11-29,09:36:47,17.6585,23.94,25.0,2956,14911519.0,4.537134972739774e-05
2023-11-29,09:36:47,17.6621,23.94,25.0,2955,14911515.0,4.544397600173391e-05
2023-11-29,09:36:47,17.6658,23.94,25.0,2956,14911517.0,4.537134972739774e-05
2023-11-29,09:36:47,17.6694,23.94,25.0,2959,14911524.0,4.515416656864121e-05
2023-11-29,09:36:47,17.6727,23.94,25.0,2959,14911521.0,4.515416656864121e-05
2023-11-29,09:36:47,17.6762,23.94,25.0,2955,14911518.0,4.544397600173391e-05
2023-11-29,09:36:47,17.6799,23.94,25.0,2952,14911523.0,4.566255309006328e-05
2023-11-29,09:36:47,17.6836,23.94,25.0,2954,14911522.0,4.551671852951535e-05
2023-11-29,09:36:47,17.6872,23.94,25.0,2959,14911516.0,4.515416656864121e-05
2023-11-29,09:36:47,17.6907,23.94,25.0,2959,14911519.0,4.515416656864121e-05
2023-11-29,09:36:47,17.6941,23.94,25.0,2955,14911520.0,4.544397600173391e-05
2023-11-29,09:36:47,17.6977,23.94,25.0,2953,14911514.0,4.558957749682996e-05
2023-11-29,09:36:47,17.7014,23.94,25.0,2953,14911517.0,4.558957749682996e-05
2023-11-29,09:36:47,17.705,23.94,25.0,2958,14911526.0,4.522644519619663e-05
2023-11-29,09:36:47,17.7085,23.94,25.0,2961,14911523.0,4.500995566511469e-05
2023-11-29,09:36:47,17.7119,23.94,25.0,2956,14911518.0,4.537134972739774e-05
2023-11-29,09:36:47,17.7155,23.94,25.0,2953,14911521.0,4.558957749682996e-05
2023-11-29,09:36:47,17.7192,23.94,25.0,2952,14911515.0,4.566255309006328e-05
2023-11-29,09:36:47,17.7228,23.94,25.0,2955,14911512.0,4.544397600173391e-05
2023-11-29,09:36:47,17.7264,23.94,25.0,2959,14911521.0,4.515416656864121e-05
2023-11-29,09:36:47,17.7298,23.94,25.0,2956,14911522.0,4.537134972739774e-05
2023-11-29,09:36:47,17.7334,23.94,25.0,2952,14911515.0,4.566255309006328e-05
2023-11-29,09:36:47,17.7371,23.94,25.0,2950,14911520.0,4.580885490132121e-05
2023-11-29,09:36:47,17.7407,23.94,25.0,2954,14911526.0,4.551671852951535e-05
2023-11-29,09:36:47,17.7443,23.94,25.0,2959,14911518.0,4.515416656864121e-05
2023-11-29,09:36:47,17.7478,23.94,25.0,2956,14911517.0,4.537134972739774e-05
2023-11-29,09:36:47,17.7512,23.94,25.0,2952,14911521.0,4.566255309006328e-05
2023-11-29,09:36:47,17.7548,23.94,25.0,2951,14911515.0,4.573564549589943e-05
2023-11-29,09:36:47,17.7585,23.94,25.0,2955,14911513.0,4.544397600173391e-05
2023-11-29,09:36:47,17.7621,23.94,25.0,2959,14911522.0,4.515416656864121e-05
2023-11-29,09:36:47,17.7655,23.94,25.0,2957,14911521.0,4.529883952071649e-05
2023-11-29,09:36:47,17.7691,23.94,25.0,2953,14911518.0,4.558957749682996e-05
2023-11-29,09:36:47,17.7727,23.94,25.0,2951,14911521.0,4.573564549589943e-05
2023-11-29,09:36:47,17.7763,23.94,25.0,2953,14911521.0,4.558957749682996e-05
2023-11-29,09:36:47,17.7799,23.94,25.0,2957,14911518.0,4.529883952071649e-05
2023-11-29,09:36:47,17.7833,23.94,25.0,2958,14911519.0,4.522644519619663e-05
2023-11-29,09:36:47,17.7868,23.94,25.0,2953,14911519.0,4.558957749682996e-05
2023-11-29,09:36:47,17.7904,23.94,25.0,2950,14911514.0,4.580885490132121e-05
2023-11-29,09:36:47,17.7941,23.94,25.0,2953,14911516.0,4.558957749682996e-05
2023-11-29,09:36:47,17.7977,23.94,25.0,2958,14911525.0,4.522644519619663e-05
2023-11-29,09:36:47,17.801,23.94,25.0,2959,14911521.0,4.515416656864121e-05
2023-11-29,09:36:47,17.8045,23.94,25.0,2954,14911518.0,4.551671852951535e-05
2023-11-29,09:36:47,17.808,23.94,25.0,2950,14911522.0,4.580885490132121e-05
2023-11-29,09:36:47,17.8116,23.94,25.0,2950,14911515.0,4.580885490132121e-05
2023-11-29,09:36:47,17.8153,23.94,25.0,2954,14911512.0,4.551671852951535e-05
2023-11-29,09:36:47,17.8222,23.94,25.0,2959,14911521.0,4.515416656864121e-05
2023-11-29,09:36:47,17.8257,23.94,25.0,2954,14911516.0,4.551671852951535e-05
2023-11-29,09:36:47,17.8293,23.94,25.0,2950,14911523.0,4.580885490132121e-05
2023-11-29,09:36:47,17.8329,23.94,25.0,2952,14911521.0,4.566255309006328e-05
2023-11-29,09:36:47,17.8365,23.94,25.0,2958,14911514.0,4.522644519619663e-05
2023-11-29,09:36:47,17.8399,23.94,25.0,2959,14911517.0,4.515416656864121e-05
2023-11-29,09:36:47,17.8434,23.94,25.0,2953,14911520.0,4.558957749682996e-05
2023-11-29,09:36:47,17.847,23.94,25.0,2949,14911514.0,4.58821814936108e-05
2023-11-29,09:36:47,17.8507,23.94,25.0,2950,14911517.0,4.580885490132121e-05
2023-11-29,09:36:47,17.8542,23.94,25.0,2956,14911525.0,4.537134972739774e-05
2023-11-29,09:36:47,17.8577,23.94,25.0,2960,14911519.0,4.508200345314904e-05
2023-11-29,09:36:47,17.8612,23.94,25.0,2955,14911517.0,4.544397600173391e-05
2023-11-29,09:36:47,17.8646,23.94,25.0,2950,14911521.0,4.580885490132121e-05
2023-11-29,09:36:47,17.8683,23.94,25.0,2948,14911513.0,4.595562546035009e-05
2023-11-29,09:36:47,17.872,23.94,25.0,2952,14911511.0,4.566255309006328e-05
2023-11-29,09:36:47,17.8755,23.94,25.0,2958,14911522.0,4.522644519619663e-05
2023-11-29,09:36:47,17.879,23.94,25.0,2956,14911522.0,4.537134972739774e-05
2023-11-29,09:36:47,17.8825,23.94,25.0,2952,14911515.0,4.566255309006328e-05
2023-11-29,09:36:47,17.8861,23.94,25.0,2950,14911521.0,4.580885490132121e-05
2023-11-29,09:36:47,17.8897,23.94,25.0,2953,14911523.0,4.558957749682996e-05
2023-11-29,09:36:47,17.8933,23.94,25.0,2959,14911515.0,4.515416656864121e-05
2023-11-29,09:36:47,17.8967,23.94,25.0,2957,14911517.0,4.529883952071649e-05
2023-11-29,09:36:47,17.9003,23.94,25.0,2950,14911519.0,4.580885490132121e-05
2023-11-29,09:36:47,17.9039,23.94,25.0,2948,14911511.0,4.595562546035009e-05
2023-11-29,09:36:47,17.9075,23.94,25.0,2952,14911513.0,4.566255309006328e-05
2023-11-29,09:36:47,17.9112,23.94,25.0,2957,14911523.0,4.529883952071649e-05
2023-11-29,09:36:47,17.9147,23.94,25.0,2957,14911520.0,4.529883952071649e-05
2023-11-29,09:36:47,17.9181,23.94,25.0,2952,14911517.0,4.566255309006328e-05
2023-11-29,09:36:47,17.9217,23.94,25.0,2948,14911522.0,4.595562546035009e-05
2023-11-29,09:36:47,17.9253,23.94,25.0,2948,14911517.0,4.595562546035009e-05
2023-11-29,09:36:47,17.9289,23.94,25.0,2953,14911512.0,4.558957749682996e-05
2023-11-29,09:36:47,17.9325,23.94,25.0,2957,14911520.0,4.529883952071649e-05
2023-11-29,09:36:47,17.9359,23.94,25.0,2953,14911520.0,4.558957749682996e-05
2023-11-29,09:36:47,17.9395,23.94,25.0,2947,14911512.0,4.602918698942135e-05
2023-11-29,09:36:47,17.9432,23.94,25.0,2948,14911516.0,4.595562546035009e-05
2023-11-29,09:36:47,17.9468,23.94,25.0,2954,14911524.0,4.551671852951535e-05
2023-11-29,09:36:47,17.9502,23.94,25.0,2957,14911516.0,4.529883952071649e-05
2023-11-29,09:36:47,17.9537,23.94,25.0,2954,14911515.0,4.551671852951535e-05
2023-11-29,09:36:47,17.9573,23.94,25.0,2949,14911521.0,4.58821814936108e-05
2023-11-29,09:36:47,17.9609,23.94,25.0,2946,14911512.0,4.610286626900744e-05
2023-11-29,09:36:47,17.9645,23.94,25.0,2951,14911508.0,4.573564549589943e-05
2023-11-29,09:36:47,17.968,23.94,25.0,2956,14911521.0,4.537134972739774e-05
2023-11-29,09:36:47,17.9715,23.94,25.0,2953,14911521.0,4.558957749682996e-05
2023-11-29,09:36:47,17.975,23.94,25.0,2949,14911515.0,4.58821814936108e-05
2023-11-29,09:36:47,17.9785,23.94,25.0,2947,14911520.0,4.602918698942135e-05
2023-11-29,09:36:47,17.9822,23.94,25.0,2950,14911525.0,4.580885490132121e-05
2023-11-29,09:36:47,17.9858,23.94,25.0,2956,14911518.0,4.537134972739774e-05
2023-11-29,09:36:47,17.9893,23.94,25.0,2956,14911516.0,4.537134972739774e-05
2023-11-29,09:36:47,17.9929,23.94,25.0,2949,14911518.0,4.58821814936108e-05
2023-11-29,09:36:47,17.9965,23.94,25.0,2947,14911512.0,4.602918698942135e-05
2023-11-29,09:36:47,18.0,23.94,25.0,2949,14911516.0,4.58821814936108e-05
2023-11-29,09:36:47,18.0036,23.94,25.0,2953,14911524.0,4.558957749682996e-05
2023-11-29,09:36:47,18.0071,23.94,25.0,2955,14911518.0,4.544397600173391e-05
2023-11-29,09:36:47,18.0105,23.94,25.0,2950,14911516.0,4.580885490132121e-05
2023-11-29,09:36:47,18.0141,23.94,25.0,2946,14911521.0,4.610286626900744e-05
2023-11-29,09:36:47,18.0177,23.94,25.0,2945,14911515.0,4.617666348759261e-05
2023-11-29,09:36:47,18.0214,23.94,25.0,2952,14911508.0,4.566255309006328e-05
2023-11-29,09:36:47,18.025,23.94,25.0,2958,14911518.0,4.522644519619663e-05
2023-11-29,09:36:47,18.0283,23.94,25.0,2953,14911520.0,4.558957749682996e-05
2023-11-29,09:36:47,18.0318,23.94,25.0,2947,14911515.0,4.602918698942135e-05
2023-11-29,09:36:47,18.0354,23.94,25.0,2945,14911521.0,4.617666348759261e-05
2023-11-29,09:36:47,18.0391,23.94,25.0,2949,14911521.0,4.58821814936108e-05
2023-11-29,09:36:47,18.0427,23.94,25.0,2955,14911512.0,4.544397600173391e-05
2023-11-29,09:36:47,18.046,23.94,25.0,2955,14911514.0,4.544397600173391e-05
2023-11-29,09:36:47,18.0494,23.94,25.0,2949,14911517.0,4.58821814936108e-05
2023-11-29,09:36:47,18.053,23.94,25.0,2945,14911510.0,4.617666348759261e-05
2023-11-29,09:36:47,18.0605,23.94,25.0,2954,14911523.0,4.551671852951535e-05
2023-11-29,09:36:47,18.0638,23.94,25.0,2955,14911519.0,4.544397600173391e-05
2023-11-29,09:36:47,18.0671,23.94,25.0,2950,14911516.0,4.580885490132121e-05
2023-11-29,09:36:47,18.0707,23.94,25.0,2945,14911520.0,4.617666348759261e-05
2023-11-29,09:36:47,18.0744,24.0,25.0,2943,14911512.0,4.632461249720576e-05
2023-11-29,09:36:47,18.0781,24.0,25.0,2950,14911508.0,4.580885490132121e-05
2023-11-29,09:36:47,18.0817,24.0,25.0,2957,14911520.0,4.529883952071649e-05
2023-11-29,09:36:47,18.085,24.0,25.0,2953,14911521.0,4.558957749682996e-05
2023-11-29,09:36:47,18.0885,24.0,25.0,2946,14911513.0,4.610286626900744e-05
2023-11-29,09:36:47,18.0922,24.0,25.0,2943,14911520.0,4.632461249720576e-05
2023-11-29,09:36:47,18.0958,24.0,25.0,2947,14911523.0,4.602918698942135e-05
2023-11-29,09:36:47,18.0994,24.0,25.0,2954,14911512.0,4.551671852951535e-05
2023-11-29,09:36:47,18.1028,24.0,25.0,2954,14911512.0,4.551671852951535e-05
2023-11-29,09:36:47,18.1063,24.0,25.0,2947,14911517.0,4.602918698942135e-05
2023-11-29,09:36:47,18.1099,24.0,25.0,2943,14911509.0,4.632461249720576e-05
2023-11-29,09:36:47,18.1136,24.0,25.0,2947,14911511.0,4.602918698942135e-05
2023-11-29,09:36:47,18.1173,24.0,25.0,2953,14911523.0,4.558957749682996e-05
2023-11-29,09:36:47,18.1207,24.0,25.0,2953,14911519.0,4.558957749682996e-05
2023-11-29,09:36:47,18.1242,24.0,25.0,2948,14911515.0,4.595562546035009e-05
2023-11-29,09:36:47,18.1277,24.0,25.0,2944,14911519.0,4.625057883396267e-05
2023-11-29,09:36:47,18.1312,24.0,25.0,2944,14911513.0,4.625057883396267e-05
2023-11-29,09:36:47,18.135,24.0,25.0,2951,14911508.0,4.573564549589943e-05
2023-11-29,09:36:47,18.1384,24.0,25.0,2956,14911517.0,4.537134972739774e-05
2023-11-29,09:36:47,18.1419,24.0,25.0,2951,14911519.0,4.573564549589943e-05
2023-11-29,09:36:47,18.1454,24.0,25.0,2945,14911509.0,4.617666348759261e-05
2023-11-29,09:36:47,18.1492,24.0,25.0,2943,14911515.0,4.632461249720576e-05
2023-11-29,09:36:47,18.1527,24.0,25.0,2949,14911523.0,4.58821814936108e-05
2023-11-29,09:36:47,18.1562,24.0,25.0,2955,14911514.0,4.544397600173391e-05
2023-11-29,09:36:47,18.1598,24.0,25.0,2951,14911512.0,4.573564549589943e-05
2023-11-29,09:36:47,18.1632,24.0,25.0,2945,14911517.0,4.617666348759261e-05
2023-11-29,09:36:47,18.1667,24.0,25.0,2942,14911509.0,4.639876466671254e-05
2023-11-29,09:36:47,18.1704,24.0,25.0,2946,14911509.0,4.610286626900744e-05
2023-11-29,09:36:47,18.174,24.0,25.0,2953,14911520.0,4.558957749682996e-05
2023-11-29,09:36:47,18.1774,24.0,25.0,2952,14911518.0,4.566255309006328e-05
2023-11-29,09:36:47,18.181,24.0,25.0,2946,14911513.0,4.610286626900744e-05
2023-11-29,09:36:47,18.1846,24.0,25.0,2943,14911520.0,4.632461249720576e-05
2023-11-29,09:36:47,18.1883,24.0,25.0,2946,14911519.0,4.610286626900744e-05
2023-11-29,09:36:48,18.1919,24.0,25.0,2954,14911509.0,4.551671852951535e-05
2023-11-29,09:36:48,18.1952,24.0,25.0,2955,14911511.0,4.544397600173391e-05
2023-11-29,09:36:48,18.1987,24.0,25.0,2947,14911514.0,4.602918698942135e-05
2023-11-29,09:36:48,18.2023,24.0,25.0,2943,14911507.0,4.632461249720576e-05
2023-11-29,09:36:48,18.206,24.0,25.0,2944,14911514.0,4.625057883396267e-05
2023-11-29,09:36:48,18.2097,24.0,25.0,2949,14911524.0,4.58821814936108e-05
2023-11-29,09:36:48,18.2132,24.0,25.0,2952,14911514.0,4.566255309006328e-05
2023-11-29,09:36:48,18.2165,24.0,25.0,2948,14911512.0,4.595562546035009e-05
2023-11-29,09:36:48,18.2201,24.0,25.0,2942,14911518.0,4.639876466671254e-05
2023-11-29,09:36:48,18.2238,24.0,25.0,2939,14911510.0,4.662193411127311e-05
2023-11-29,09:36:48,18.2274,24.0,25.0,2946,14911505.0,4.610286626900744e-05
2023-11-29,09:36:48,18.2308,24.0,25.0,2953,14911517.0,4.558957749682996e-05
2023-11-29,09:36:48,18.2342,24.0,25.0,2950,14911518.0,4.580885490132121e-05
2023-11-29,09:36:48,18.2377,24.0,25.0,2944,14911512.0,4.625057883396267e-05
2023-11-29,09:36:48,18.2414,24.0,25.0,2941,14911518.0,4.647303553217701e-05
2023-11-29,09:36:48,18.245,24.0,25.0,2944,14911519.0,4.625057883396267e-05
2023-11-29,09:36:48,18.2486,24.0,25.0,2950,14911509.0,4.580885490132121e-05
2023-11-29,09:36:48,18.2521,24.0,25.0,2952,14911514.0,4.566255309006328e-05
2023-11-29,09:36:48,18.2554,24.0,25.0,2947,14911515.0,4.602918698942135e-05
2023-11-29,09:36:48,18.259,24.0,25.0,2942,14911508.0,4.639876466671254e-05
2023-11-29,09:36:48,18.2628,24.0,25.0,2943,14911515.0,4.632461249720576e-05
2023-11-29,09:36:48,18.2664,24.0,25.0,2949,14911523.0,4.58821814936108e-05
2023-11-29,09:36:48,18.2732,24.0,25.0,2950,14911511.0,4.580885490132121e-05
2023-11-29,09:36:48,18.2768,24.0,25.0,2944,14911517.0,4.625057883396267e-05
2023-11-29,09:36:48,18.2804,24.0,25.0,2940,14911508.0,4.654742528359661e-05
2023-11-29,09:36:48,18.2841,24.0,25.0,2946,14911507.0,4.610286626900744e-05
2023-11-29,09:36:48,18.2877,24.0,25.0,2953,14911518.0,4.558957749682996e-05
2023-11-29,09:36:48,18.291,24.0,25.0,2950,14911518.0,4.580885490132121e-05
2023-11-29,09:36:48,18.2944,24.0,25.0,2944,14911511.0,4.625057883396267e-05
2023-11-29,09:36:48,18.298,24.0,25.0,2939,14911519.0,4.662193411127311e-05
2023-11-29,09:36:48,18.3017,24.0,25.0,2942,14911519.0,4.639876466671254e-05
2023-11-29,09:36:48,18.3053,24.0,25.0,2949,14911510.0,4.58821814936108e-05
2023-11-29,09:36:48,18.3088,24.0,25.0,2950,14911513.0,4.580885490132121e-05
2023-11-29,09:36:48,18.3124,24.0,25.0,2945,14911513.0,4.617666348759261e-05
2023-11-29,09:36:48,18.3158,24.0,25.0,2941,14911506.0,4.647303553217701e-05
2023-11-29,09:36:48,18.3194,24.0,25.0,2943,14911512.0,4.632461249720576e-05
2023-11-29,09:36:48,18.3231,24.0,25.0,2950,14911523.0,4.580885490132121e-05
2023-11-29,09:36:48,18.3266,24.0,25.0,2953,14911514.0,4.558957749682996e-05
2023-11-29,09:36:48,18.33,24.0,25.0,2946,14911509.0,4.610286626900744e-05
2023-11-29,09:36:48,18.3336,24.0,25.0,2940,14911516.0,4.654742528359661e-05
2023-11-29,09:36:48,18.3372,24.0,25.0,2939,14911510.0,4.662193411127311e-05
2023-11-29,09:36:48,18.3409,24.0,25.0,2946,14911507.0,4.610286626900744e-05
2023-11-29,09:36:48,18.3445,24.0,25.0,2953,14911518.0,4.558957749682996e-05
2023-11-29,09:36:48,18.3478,24.0,25.0,2949,14911516.0,4.58821814936108e-05
2023-11-29,09:36:48,18.3513,24.0,25.0,2942,14911508.0,4.639876466671254e-05
2023-11-29,09:36:48,18.3549,24.0,25.0,2939,14911516.0,4.662193411127311e-05
2023-11-29,09:36:48,18.3586,24.0,25.0,2944,14911520.0,4.625057883396267e-05
2023-11-29,09:36:48,18.3622,24.0,25.0,2951,14911509.0,4.573564549589943e-05
2023-11-29,09:36:48,18.3655,24.0,25.0,2949,14911508.0,4.58821814936108e-05
2023-11-29,09:36:48,18.3691,24.0,25.0,2942,14911513.0,4.639876466671254e-05
2023-11-29,09:36:48,18.3726,24.0,25.0,2938,14911505.0,4.669656220581276e-05
2023-11-29,09:36:48,18.3762,24.0,25.0,2943,14911506.0,4.632461249720576e-05
2023-11-29,09:36:48,18.3799,24.0,25.0,2951,14911519.0,4.573564549589943e-05
2023-11-29,09:36:48,18.3834,24.0,25.0,2951,14911516.0,4.573564549589943e-05
2023-11-29,09:36:48,18.3869,24.0,25.0,2945,14911509.0,4.617666348759261e-05
2023-11-29,09:36:48,18.3903,24.0,25.0,2940,14911515.0,4.654742528359661e-05
2023-11-29,09:36:48,18.3939,24.0,25.0,2940,14911510.0,4.654742528359661e-05
2023-11-29,09:36:48,18.3977,24.0,25.0,2949,14911505.0,4.58821814936108e-05
2023-11-29,09:36:48,18.4013,24.0,25.0,2954,14911514.0,4.551671852951535e-05
2023-11-29,09:36:48,18.4046,24.0,25.0,2947,14911515.0,4.602918698942135e-05
2023-11-29,09:36:48,18.4081,24.0,25.0,2941,14911506.0,4.647303553217701e-05
2023-11-29,09:36:48,18.4118,24.0,25.0,2940,14911513.0,4.654742528359661e-05
2023-11-29,09:36:48,18.4155,24.0,25.0,2945,14911522.0,4.617666348759261e-05
2023-11-29,09:36:48,18.419,24.0,25.0,2950,14911512.0,4.580885490132121e-05
2023-11-29,09:36:48,18.4224,24.0,25.0,2947,14911508.0,4.602918698942135e-05
2023-11-29,09:36:48,18.4259,24.0,25.0,2940,14911513.0,4.654742528359661e-05
2023-11-29,09:36:48,18.4294,24.0,25.0,2937,14911508.0,4.677130975812698e-05
2023-11-29,09:36:48,18.4331,24.0,25.0,2943,14911505.0,4.632461249720576e-05
2023-11-29,09:36:48,18.4366,24.0,25.0,2951,14911517.0,4.573564549589943e-05
2023-11-29,09:36:48,18.4401,24.0,25.0,2950,14911516.0,4.580885490132121e-05
2023-11-29,09:36:48,18.4436,24.0,25.0,2943,14911510.0,4.632461249720576e-05
2023-11-29,09:36:48,18.447,24.0,25.0,2938,14911517.0,4.669656220581276e-05
2023-11-29,09:36:48,18.4507,24.0,25.0,2939,14911513.0,4.662193411127311e-05
2023-11-29,09:36:48,18.4544,24.0,25.0,2947,14911505.0,4.602918698942135e-05
2023-11-29,09:36:48,18.4579,24.0,25.0,2951,14911513.0,4.573564549589943e-05
2023-11-29,09:36:48,18.4614,24.0,25.0,2946,14911514.0,4.610286626900744e-05
2023-11-29,09:36:48,18.4649,24.0,25.0,2941,14911506.0,4.647303553217701e-05
2023-11-29,09:36:48,18.4685,24.0,25.0,2938,14911514.0,4.669656220581276e-05
2023-11-29,09:36:48,18.4721,24.0,25.0,2942,14911521.0,4.639876466671254e-05
2023-11-29,09:36:48,18.4756,24.0,25.0,2949,14911510.0,4.58821814936108e-05
2023-11-29,09:36:48,18.479,24.0,25.0,2948,14911511.0,4.595562546035009e-05
2023-11-29,09:36:48,18.4825,24.0,25.0,2941,14911515.0,4.647303553217701e-05
2023-11-29,09:36:48,18.4861,24.0,25.0,2937,14911506.0,4.677130975812698e-05
2023-11-29,09:36:48,18.4898,24.0,25.0,2940,14911509.0,4.654742528359661e-05
2023-11-29,09:36:48,18.4968,24.0,25.0,2950,14911511.0,4.580885490132121e-05
2023-11-29,09:36:48,18.5001,24.0,25.0,2945,14911507.0,4.617666348759261e-05
2023-11-29,09:36:48,18.5036,24.0,25.0,2939,14911515.0,4.662193411127311e-05
2023-11-29,09:36:48,18.5073,24.0,25.0,2937,14911508.0,4.677130975812698e-05
2023-11-29,09:36:48,18.511,24.0,25.0,2943,14911505.0,4.632461249720576e-05
2023-11-29,09:36:48,18.5146,24.0,25.0,2949,14911516.0,4.58821814936108e-05
2023-11-29,09:36:48,18.5181,24.0,25.0,2945,14911515.0,4.617666348759261e-05
2023-11-29,09:36:48,18.5215,24.0,25.0,2940,14911505.0,4.654742528359661e-05
2023-11-29,09:36:48,18.5251,24.0,25.0,2937,14911514.0,4.677130975812698e-05
2023-11-29,09:36:48,18.5288,24.0,25.0,2942,14911522.0,4.639876466671254e-05
2023-11-29,09:36:48,18.5324,24.0,25.0,2950,14911509.0,4.580885490132121e-05
2023-11-29,09:36:48,18.5358,24.0,25.0,2946,14911507.0,4.610286626900744e-05
2023-11-29,09:36:48,18.5393,24.0,25.0,2938,14911512.0,4.669656220581276e-05
2023-11-29,09:36:48,18.5428,24.0,25.0,2934,14911504.0,4.699627107541779e-05
2023-11-29,09:36:48,18.5466,24.0,25.0,2939,14911505.0,4.662193411127311e-05
2023-11-29,09:36:48,18.5503,24.0,25.0,2947,14911516.0,4.602918698942135e-05
2023-11-29,09:36:48,18.5536,24.0,25.0,2947,14911511.0,4.602918698942135e-05
2023-11-29,09:36:48,18.5571,24.0,25.0,2942,14911507.0,4.639876466671254e-05
2023-11-29,09:36:48,18.5607,24.0,25.0,2938,14911516.0,4.669656220581276e-05
2023-11-29,09:36:48,18.5644,24.0,25.0,2940,14911513.0,4.654742528359661e-05
2023-11-29,09:36:48,18.5681,24.0,25.0,2947,14911506.0,4.602918698942135e-05
2023-11-29,09:36:48,18.5716,24.0,25.0,2948,14911511.0,4.595562546035009e-05
2023-11-29,09:36:48,18.5749,24.0,25.0,2941,14911510.0,4.647303553217701e-05
2023-11-29,09:36:48,18.5783,23.94,25.0,2938,14911504.0,4.669656220581276e-05
2023-11-29,09:36:48,18.5821,23.94,25.0,2940,14911513.0,4.654742528359661e-05
2023-11-29,09:36:48,18.5856,23.94,25.0,2945,14911525.0,4.617666348759261e-05
2023-11-29,09:36:48,18.5891,23.94,25.0,2950,14911513.0,4.580885490132121e-05
2023-11-29,09:36:48,18.5926,23.94,25.0,2946,14911507.0,4.610286626900744e-05
2023-11-29,09:36:48,18.596,23.94,25.0,2938,14911512.0,4.669656220581276e-05
2023-11-29,09:36:48,18.5996,23.94,25.0,2935,14911505.0,4.692116400125314e-05
2023-11-29,09:36:48,18.6033,23.94,25.0,2940,14911507.0,4.654742528359661e-05
2023-11-29,09:36:48,18.607,23.94,25.0,2949,14911519.0,4.58821814936108e-05
2023-11-29,09:36:48,18.6103,23.94,25.0,2950,14911513.0,4.580885490132121e-05
2023-11-29,09:36:48,18.6137,23.94,25.0,2944,14911507.0,4.625057883396267e-05
2023-11-29,09:36:48,18.6173,23.94,25.0,2938,14911515.0,4.669656220581276e-05
2023-11-29,09:36:48,18.621,23.94,25.0,2938,14911513.0,4.669656220581276e-05
2023-11-29,09:36:48,18.6247,23.94,25.0,2946,14911504.0,4.610286626900744e-05
2023-11-29,09:36:48,18.6281,23.94,25.0,2949,14911510.0,4.58821814936108e-05
2023-11-29,09:36:48,18.6316,23.94,25.0,2942,14911512.0,4.639876466671254e-05
2023-11-29,09:36:48,18.6352,23.94,25.0,2937,14911503.0,4.677130975812698e-05
2023-11-29,09:36:48,18.6388,23.94,25.0,2937,14911510.0,4.677130975812698e-05
2023-11-29,09:36:48,18.6423,23.94,25.0,2941,14911519.0,4.647303553217701e-05
2023-11-29,09:36:48,18.6459,23.94,25.0,2946,14911509.0,4.610286626900744e-05
2023-11-29,09:36:48,18.6494,23.94,25.0,2943,14911507.0,4.632461249720576e-05
2023-11-29,09:36:48,18.6528,23.94,25.0,2936,14911514.0,4.684617695943272e-05
2023-11-29,09:36:48,18.6566,23.94,25.0,2933,14911507.0,4.707149837406347e-05
2023-11-29,09:36:48,18.6603,23.94,25.0,2940,14911505.0,4.654742528359661e-05
2023-11-29,09:36:48,18.6637,23.94,25.0,2947,14911515.0,4.602918698942135e-05
2023-11-29,09:36:48,18.667,23.94,25.0,2945,14911512.0,4.617666348759261e-05
2023-11-29,09:36:48,18.6705,23.94,25.0,2940,14911506.0,4.654742528359661e-05
2023-11-29,09:36:48,18.6741,23.94,25.0,2935,14911515.0,4.692116400125314e-05
2023-11-29,09:36:48,18.6778,23.94,25.0,2939,14911517.0,4.662193411127311e-05
2023-11-29,09:36:48,18.6815,23.94,25.0,2947,14911507.0,4.602918698942135e-05
2023-11-29,09:36:48,18.685,23.94,25.0,2947,14911510.0,4.602918698942135e-05
2023-11-29,09:36:48,18.6883,23.94,25.0,2942,14911510.0,4.639876466671254e-05
2023-11-29,09:36:48,18.6918,23.94,25.0,2937,14911502.0,4.677130975812698e-05
2023-11-29,09:36:48,18.6955,23.94,25.0,2935,14911511.0,4.692116400125314e-05
2023-11-29,09:36:48,18.7025,23.94,25.0,2946,14911508.0,4.610286626900744e-05
2023-11-29,09:36:48,18.706,23.94,25.0,2944,14911507.0,4.625057883396267e-05
2023-11-29,09:36:48,18.7094,23.94,25.0,2938,14911512.0,4.669656220581276e-05
2023-11-29,09:36:48,18.713,23.94,25.0,2934,14911502.0,4.699627107541779e-05
2023-11-29,09:36:48,18.7166,23.94,25.0,2938,14911506.0,4.669656220581276e-05
2023-11-29,09:36:48,18.7203,23.94,25.0,2945,14911517.0,4.617666348759261e-05
2023-11-29,09:36:48,18.7238,23.94,25.0,2946,14911510.0,4.610286626900744e-05
2023-11-29,09:36:48,18.7271,23.94,25.0,2941,14911504.0,4.647303553217701e-05
2023-11-29,09:36:48,18.7307,23.94,25.0,2935,14911514.0,4.692116400125314e-05
2023-11-29,09:36:48,18.7344,23.94,25.0,2939,14911516.0,4.662193411127311e-05
2023-11-29,09:36:48,18.7381,23.94,25.0,2947,14911508.0,4.602918698942135e-05
2023-11-29,09:36:48,18.7415,23.94,25.0,2946,14911511.0,4.610286626900744e-05
2023-11-29,09:36:48,18.7449,23.94,25.0,2940,14911510.0,4.654742528359661e-05
2023-11-29,09:36:48,18.7483,23.94,25.0,2936,14911502.0,4.684617695943272e-05
2023-11-29,09:36:48,18.752,23.94,25.0,2935,14911512.0,4.692116400125314e-05
2023-11-29,09:36:48,18.7558,23.94,25.0,2940,14911518.0,4.654742528359661e-05
2023-11-29,09:36:48,18.7593,23.94,25.0,2945,14911508.0,4.617666348759261e-05
2023-11-29,09:36:48,18.7627,23.94,25.0,2942,14911507.0,4.639876466671254e-05
2023-11-29,09:36:48,18.7661,23.94,25.0,2936,14911510.0,4.684617695943272e-05
2023-11-29,09:36:48,18.7697,23.94,25.0,2933,14911502.0,4.707149837406347e-05
2023-11-29,09:36:48,18.7734,23.94,25.0,2940,14911505.0,4.654742528359661e-05
2023-11-29,09:36:48,18.7771,23.94,25.0,2947,14911516.0,4.602918698942135e-05
2023-11-29,09:36:48,18.7805,23.94,25.0,2945,14911509.0,4.617666348759261e-05
2023-11-29,09:36:48,18.7839,23.94,25.0,2939,14911501.0,4.662193411127311e-05
2023-11-29,09:36:48,18.7875,23.94,25.0,2935,14911511.0,4.692116400125314e-05
2023-11-29,09:36:48,18.7912,23.94,25.0,2938,14911512.0,4.669656220581276e-05
2023-11-29,09:36:48,18.7948,23.94,25.0,2945,14911504.0,4.617666348759261e-05
2023-11-29,09:36:48,18.7982,23.94,25.0,2945,14911508.0,4.617666348759261e-05
2023-11-29,09:36:48,18.8018,23.94,25.0,2938,14911508.0,4.669656220581276e-05
2023-11-29,09:36:48,18.8053,23.94,25.0,2934,14911500.0,4.699627107541779e-05
2023-11-29,09:36:48,18.8087,23.94,25.0,2935,14911509.0,4.692116400125314e-05
2023-11-29,09:36:48,18.8125,23.94,25.0,2940,14911518.0,4.654742528359661e-05
2023-11-29,09:36:48,18.816,23.94,25.0,2945,14911507.0,4.617666348759261e-05
2023-11-29,09:36:48,18.8195,23.94,25.0,2944,14911507.0,4.625057883396267e-05
2023-11-29,09:36:48,18.823,23.94,25.0,2937,14911512.0,4.677130975812698e-05
2023-11-29,09:36:48,18.8265,23.94,25.0,2933,14911504.0,4.707149837406347e-05
2023-11-29,09:36:48,18.8302,23.94,25.0,2939,14911502.0,4.662193411127311e-05
2023-11-29,09:36:48,18.8337,23.94,25.0,2946,14911514.0,4.610286626900744e-05
2023-11-29,09:36:48,18.8372,23.94,25.0,2945,14911511.0,4.617666348759261e-05
2023-11-29,09:36:48,18.8406,23.94,25.0,2940,14911504.0,4.654742528359661e-05
2023-11-29,09:36:48,18.8441,23.94,25.0,2935,14911513.0,4.692116400125314e-05
2023-11-29,09:36:48,18.8478,23.94,25.0,2936,14911513.0,4.684617695943272e-05
2023-11-29,09:36:48,18.8514,23.94,25.0,2943,14911505.0,4.632461249720576e-05
2023-11-29,09:36:48,18.8548,23.94,25.0,2945,14911510.0,4.617666348759261e-05
2023-11-29,09:36:48,18.8583,23.94,25.0,2941,14911508.0,4.647303553217701e-05
2023-11-29,09:36:48,18.8617,23.94,25.0,2936,14911500.0,4.684617695943272e-05
2023-11-29,09:36:48,18.8653,23.94,25.0,2932,14911511.0,4.714684608963439e-05
2023-11-29,09:36:48,18.869,23.94,25.0,2936,14911516.0,4.684617695943272e-05
2023-11-29,09:36:48,18.8726,23.94,25.0,2944,14911504.0,4.625057883396267e-05
2023-11-29,09:36:48,18.8759,23.94,25.0,2945,14911506.0,4.617666348759261e-05
2023-11-29,09:36:48,18.8794,23.94,25.0,2939,14911510.0,4.662193411127311e-05
2023-11-29,09:36:48,18.8829,23.94,25.0,2934,14911502.0,4.699627107541779e-05
2023-11-29,09:36:48,18.8864,23.94,25.0,2935,14911509.0,4.692116400125314e-05
2023-11-29,09:36:48,18.8936,23.94,25.0,2946,14911507.0,4.610286626900744e-05
2023-11-29,09:36:48,18.8971,23.94,25.0,2942,14911503.0,4.639876466671254e-05
2023-11-29,09:36:48,18.9006,23.94,25.0,2936,14911511.0,4.684617695943272e-05
2023-11-29,09:36:48,18.9042,23.94,25.0,2934,14911505.0,4.699627107541779e-05
2023-11-29,09:36:48,18.9079,23.94,25.0,2939,14911504.0,4.662193411127311e-05
2023-11-29,09:36:48,18.9115,23.94,25.0,2942,14911512.0,4.639876466671254e-05
2023-11-29,09:36:48,18.9149,23.94,25.0,2940,14911508.0,4.654742528359661e-05
2023-11-29,09:36:48,18.9183,23.94,25.0,2938,14911503.0,4.669656220581276e-05
2023-11-29,09:36:48,18.9219,23.94,25.0,2934,14911514.0,4.699627107541779e-05
2023-11-29,09:36:48,18.9256,23.94,25.0,2936,14911516.0,4.684617695943272e-05
2023-11-29,09:36:48,18.9293,23.94,25.0,2944,14911506.0,4.625057883396267e-05
2023-11-29,09:36:48,18.9328,23.94,25.0,2944,14911508.0,4.625057883396267e-05
2023-11-29,09:36:48,18.9361,23.94,25.0,2937,14911507.0,4.677130975812698e-05
2023-11-29,09:36:48,18.9396,23.94,25.0,2933,14911500.0,4.707149837406347e-05
2023-11-29,09:36:48,18.9433,23.94,25.0,2936,14911508.0,4.684617695943272e-05
2023-11-29,09:36:48,18.947,23.94,25.0,2942,14911517.0,4.639876466671254e-05
2023-11-29,09:36:48,18.9504,23.94,25.0,2944,14911509.0,4.625057883396267e-05
2023-11-29,09:36:48,18.9539,23.94,25.0,2939,14911503.0,4.662193411127311e-05
2023-11-29,09:36:48,18.9575,23.94,25.0,2933,14911510.0,4.707149837406347e-05
2023-11-29,09:36:48,18.9612,23.94,25.0,2933,14911510.0,4.707149837406347e-05
2023-11-29,09:36:48,18.9649,23.94,25.0,2940,14911506.0,4.654742528359661e-05
2023-11-29,09:36:48,18.9684,23.94,25.0,2944,14911511.0,4.625057883396267e-05
2023-11-29,09:36:48,18.9717,23.94,25.0,2941,14911508.0,4.647303553217701e-05
2023-11-29,09:36:48,18.975,23.94,25.0,2936,14911499.0,4.684617695943272e-05
2023-11-29,09:36:48,18.9786,23.94,25.0,2933,14911511.0,4.707149837406347e-05
2023-11-29,09:36:48,18.9824,23.94,25.0,2937,14911517.0,4.677130975812698e-05
2023-11-29,09:36:48,18.986,23.94,25.0,2944,14911505.0,4.625057883396267e-05
2023-11-29,09:36:48,18.9895,23.94,25.0,2943,14911504.0,4.632461249720576e-05
2023-11-29,09:36:48,18.9931,23.94,25.0,2935,14911510.0,4.692116400125314e-05
2023-11-29,09:36:48,18.9968,23.94,25.0,2932,14911504.0,4.714684608963439e-05
2023-11-29,09:36:48,19.0004,23.94,25.0,2938,14911502.0,4.669656220581276e-05
2023-11-29,09:36:48,19.0038,23.94,25.0,2943,14911512.0,4.632461249720576e-05
2023-11-29,09:36:48,19.0074,23.94,25.0,2941,14911507.0,4.647303553217701e-05
2023-11-29,09:36:48,19.011,23.94,25.0,2937,14911500.0,4.677130975812698e-05
2023-11-29,09:36:48,19.0144,23.94,25.0,2933,14911510.0,4.707149837406347e-05
2023-11-29,09:36:48,19.018,23.94,25.0,2936,14911515.0,4.684617695943272e-05
2023-11-29,09:36:48,19.0217,23.94,25.0,2944,14911506.0,4.625057883396267e-05
2023-11-29,09:36:48,19.0252,23.94,25.0,2943,14911506.0,4.632461249720576e-05
2023-11-29,09:36:48,19.0286,23.94,25.0,2937,14911504.0,4.677130975812698e-05
2023-11-29,09:36:48,19.0321,23.94,25.0,2933,14911496.0,4.707149837406347e-05
2023-11-29,09:36:48,19.0357,23.94,25.0,2933,14911507.0,4.707149837406347e-05
2023-11-29,09:36:48,19.0394,23.94,25.0,2939,14911517.0,4.662193411127311e-05
2023-11-29,09:36:48,19.0429,23.94,25.0,2943,14911508.0,4.632461249720576e-05
2023-11-29,09:36:48,19.0462,23.94,25.0,2941,14911504.0,4.647303553217701e-05
2023-11-29,09:36:48,19.0498,23.94,25.0,2936,14911508.0,4.684617695943272e-05
2023-11-29,09:36:48,19.0535,23.94,25.0,2932,14911503.0,4.714684608963439e-05
2023-11-29,09:36:48,19.0571,23.94,25.0,2937,14911504.0,4.677130975812698e-05
2023-11-29,09:36:48,19.0606,23.94,25.0,2942,14911511.0,4.639876466671254e-05
2023-11-29,09:36:48,19.0641,23.94,25.0,2939,14911506.0,4.662193411127311e-05
2023-11-29,09:36:48,19.0676,23.94,25.0,2936,14911501.0,4.684617695943272e-05
2023-11-29,09:36:48,19.0711,23.94,25.0,2933,14911509.0,4.707149837406347e-05
2023-11-29,09:36:48,19.0749,23.94,25.0,2934,14911511.0,4.699627107541779e-05
2023-11-29,09:36:48,19.0784,23.94,25.0,2941,14911503.0,4.647303553217701e-05
2023-11-29,09:36:48,19.0819,23.94,25.0,2943,14911508.0,4.632461249720576e-05
2023-11-29,09:36:48,19.0852,23.94,25.0,2939,14911508.0,4.662193411127311e-05
2023-11-29,09:36:48,19.0887,23.94,25.0,2934,14911499.0,4.699627107541779e-05
2023-11-29,09:36:48,19.0924,23.94,25.0,2932,14911508.0,4.714684608963439e-05
2023-11-29,09:36:48,19.096,23.94,25.0,2937,14911516.0,4.677130975812698e-05
2023-11-29,09:36:48,19.0994,23.94,25.0,2943,14911505.0,4.632461249720576e-05
2023-11-29,09:36:48,19.1063,23.94,25.0,2935,14911509.0,4.692116400125314e-05
2023-11-29,09:36:48,19.1099,23.94,25.0,2932,14911503.0,4.714684608963439e-05
2023-11-29,09:36:48,19.1136,23.94,25.0,2938,14911504.0,4.669656220581276e-05
2023-11-29,09:36:48,19.1172,23.94,25.0,2942,14911511.0,4.639876466671254e-05
2023-11-29,09:36:48,19.1207,23.94,25.0,2940,14911506.0,4.654742528359661e-05
2023-11-29,09:36:48,19.1241,23.94,25.0,2937,14911503.0,4.677130975812698e-05
2023-11-29,09:36:48,19.1277,23.94,25.0,2933,14911510.0,4.707149837406347e-05
2023-11-29,09:36:48,19.1314,23.94,25.0,2934,14911509.0,4.699627107541779e-05
2023-11-29,09:36:48,19.135,23.94,25.0,2941,14911504.0,4.647303553217701e-05
2023-11-29,09:36:48,19.1385,23.94,25.0,2944,14911510.0,4.625057883396267e-05
2023-11-29,09:36:48,19.1419,23.94,25.0,2940,14911508.0,4.654742528359661e-05
2023-11-29,09:36:48,19.1454,23.94,25.0,2935,14911498.0,4.692116400125314e-05
2023-11-29,09:36:48,19.149,23.94,25.0,2932,14911508.0,4.714684608963439e-05
2023-11-29,09:36:48,19.1527,23.94,25.0,2936,14911515.0,4.684617695943272e-05
2023-11-29,09:36:48,19.1563,23.94,25.0,2942,14911504.0,4.639876466671254e-05
2023-11-29,09:36:48,19.1597,23.94,25.0,2941,14911503.0,4.647303553217701e-05
2023-11-29,09:36:48,19.1633,23.94,25.0,2935,14911509.0,4.692116400125314e-05
2023-11-29,09:36:48,19.1669,23.94,25.0,2931,14911503.0,4.72223144148829e-05
2023-11-29,09:36:48,19.1706,23.94,25.0,2936,14911503.0,4.684617695943272e-05
2023-11-29,09:36:48,19.1742,23.94,25.0,2941,14911511.0,4.647303553217701e-05
2023-11-29,09:36:48,19.1776,23.94,25.0,2940,14911504.0,4.654742528359661e-05
2023-11-29,09:36:48,19.1811,23.94,25.0,2937,14911500.0,4.677130975812698e-05
2023-11-29,09:36:48,19.1846,23.94,25.0,2933,14911510.0,4.707149837406347e-05
2023-11-29,09:36:48,19.1883,23.94,25.0,2935,14911515.0,4.692116400125314e-05
2023-11-29,09:36:49,19.1918,23.94,25.0,2942,14911509.0,4.639876466671254e-05
2023-11-29,09:36:49,19.1953,23.94,25.0,2943,14911508.0,4.632461249720576e-05
2023-11-29,09:36:49,19.1988,23.94,25.0,2938,14911505.0,4.669656220581276e-05
2023-11-29,09:36:49,19.2023,23.94,25.0,2933,14911497.0,4.707149837406347e-05
2023-11-29,09:36:49,19.2061,23.94,25.0,2934,14911506.0,4.699627107541779e-05
2023-11-29,09:36:49,19.2096,23.94,25.0,2940,14911515.0,4.654742528359661e-05
2023-11-29,09:36:49,19.2131,23.94,25.0,2942,14911504.0,4.639876466671254e-05
2023-11-29,09:36:49,19.2166,23.94,25.0,2940,14911503.0,4.654742528359661e-05
2023-11-29,09:36:49,19.22,23.94,25.0,2935,14911509.0,4.692116400125314e-05
2023-11-29,09:36:49,19.2235,23.94,25.0,2931,14911502.0,4.72223144148829e-05
2023-11-29,09:36:49,19.2272,23.94,25.0,2937,14911503.0,4.677130975812698e-05
2023-11-29,09:36:49,19.2309,23.94,25.0,2943,14911511.0,4.632461249720576e-05
2023-11-29,09:36:49,19.2342,23.94,25.0,2941,14911505.0,4.647303553217701e-05
2023-11-29,09:36:49,19.2375,23.94,25.0,2937,14911500.0,4.677130975812698e-05
2023-11-29,09:36:49,19.2413,23.94,25.0,2933,14911509.0,4.707149837406347e-05
2023-11-29,09:36:49,19.245,23.94,25.0,2934,14911511.0,4.699627107541779e-05
2023-11-29,09:36:49,19.2486,23.94,25.0,2942,14911503.0,4.639876466671254e-05
2023-11-29,09:36:49,19.2521,23.94,25.0,2944,14911507.0,4.625057883396267e-05
2023-11-29,09:36:49,19.2555,23.94,25.0,2938,14911505.0,4.669656220581276e-05
2023-11-29,09:36:49,19.2588,23.94,25.0,2934,14911496.0,4.699627107541779e-05
2023-11-29,09:36:49,19.2625,23.94,25.0,2933,14911508.0,4.707149837406347e-05
2023-11-29,09:36:49,19.2662,23.94,25.0,2937,14911516.0,4.677130975812698e-05
2023-11-29,09:36:49,19.2697,23.94,25.0,2941,14911503.0,4.647303553217701e-05
2023-11-29,09:36:49,19.2731,23.94,25.0,2940,14911503.0,4.654742528359661e-05
2023-11-29,09:36:49,19.2766,23.94,25.0,2936,14911507.0,4.684617695943272e-05
2023-11-29,09:36:49,19.2802,23.94,25.0,2932,14911500.0,4.714684608963439e-05
2023-11-29,09:36:49,19.2839,23.94,25.0,2935,14911505.0,4.692116400125314e-05
2023-11-29,09:36:49,19.2873,23.94,25.0,2940,14911512.0,4.654742528359661e-05
2023-11-29,09:36:49,19.2909,23.94,25.0,2941,14911503.0,4.647303553217701e-05
2023-11-29,09:36:49,19.2944,23.94,25.0,2938,14911499.0,4.669656220581276e-05
2023-11-29,09:36:49,19.2978,23.94,25.0,2933,14911509.0,4.707149837406347e-05
2023-11-29,09:36:49,19.3015,23.94,25.0,2933,14911507.0,4.707149837406347e-05
2023-11-29,09:36:49,19.3051,23.94,25.0,2940,14911503.0,4.654742528359661e-05
2023-11-29,09:36:49,19.312,23.94,25.0,2939,14911505.0,4.662193411127311e-05
2023-11-29,09:36:49,19.3155,23.94,25.0,2935,14911496.0,4.692116400125314e-05
2023-11-29,09:36:49,19.3191,23.94,25.0,2933,14911508.0,4.707149837406347e-05
2023-11-29,09:36:49,19.3228,23.94,25.0,2936,14911513.0,4.684617695943272e-05
2023-11-29,09:36:49,19.3262,23.94,25.0,2941,14911504.0,4.647303553217701e-05
2023-11-29,09:36:49,19.3298,23.94,25.0,2941,14911504.0,4.647303553217701e-05
2023-11-29,09:36:49,19.3334,23.94,25.0,2935,14911506.0,4.692116400125314e-05
2023-11-29,09:36:49,19.3369,23.94,25.0,2931,14911500.0,4.72223144148829e-05
2023-11-29,09:36:49,19.3405,23.94,25.0,2936,14911503.0,4.684617695943272e-05
2023-11-29,09:36:49,19.344,23.94,25.0,2943,14911512.0,4.632461249720576e-05
2023-11-29,09:36:49,19.3476,23.94,25.0,2943,14911504.0,4.632461249720576e-05
2023-11-29,09:36:49,19.3511,23.94,25.0,2938,14911498.0,4.669656220581276e-05
2023-11-29,09:36:49,19.3545,23.94,25.0,2933,14911508.0,4.707149837406347e-05
2023-11-29,09:36:49,19.3582,23.94,25.0,2934,14911508.0,4.699627107541779e-05
2023-11-29,09:36:49,19.362,23.94,25.0,2942,14911501.0,4.639876466671254e-05
2023-11-29,09:36:49,19.3654,23.94,25.0,2944,14911506.0,4.625057883396267e-05
2023-11-29,09:36:49,19.3687,23.94,25.0,2939,14911505.0,4.662193411127311e-05
2023-11-29,09:36:49,19.3722,23.94,25.0,2934,14911496.0,4.699627107541779e-05
2023-11-29,09:36:49,19.3758,23.94,25.0,2931,14911507.0,4.72223144148829e-05
2023-11-29,09:36:49,19.3794,23.94,25.0,2936,14911514.0,4.684617695943272e-05
2023-11-29,09:36:49,19.383,23.94,25.0,2942,14911505.0,4.639876466671254e-05
2023-11-29,09:36:49,19.3865,23.94,25.0,2940,14911505.0,4.654742528359661e-05
2023-11-29,09:36:49,19.39,23.94,25.0,2935,14911502.0,4.692116400125314e-05
2023-11-29,09:36:49,19.3934,23.94,25.0,2932,14911494.0,4.714684608963439e-05
2023-11-29,09:36:49,19.3972,23.94,25.0,2934,14911504.0,4.699627107541779e-05
2023-11-29,09:36:49,19.4009,23.94,25.0,2940,14911513.0,4.654742528359661e-05
2023-11-29,09:36:49,19.4043,23.94,25.0,2943,14911502.0,4.632461249720576e-05
2023-11-29,09:36:49,19.4077,23.94,25.0,2940,14911498.0,4.654742528359661e-05
2023-11-29,09:36:49,19.4111,23.94,25.0,2934,14911506.0,4.699627107541779e-05
2023-11-29,09:36:49,19.4148,23.94,25.0,2932,14911503.0,4.714684608963439e-05
2023-11-29,09:36:49,19.4185,23.94,25.0,2938,14911501.0,4.669656220581276e-05
2023-11-29,09:36:49,19.422,23.94,25.0,2942,14911508.0,4.639876466671254e-05
2023-11-29,09:36:49,19.4253,23.94,25.0,2939,14911502.0,4.662193411127311e-05
2023-11-29,09:36:49,19.4288,23.94,25.0,2935,14911496.0,4.692116400125314e-05
2023-11-29,09:36:49,19.4324,23.94,25.0,2931,14911508.0,4.72223144148829e-05
2023-11-29,09:36:49,19.4361,23.94,25.0,2933,14911512.0,4.707149837406347e-05
2023-11-29,09:36:49,19.4397,23.94,25.0,2940,14911505.0,4.654742528359661e-05
2023-11-29,09:36:49,19.4431,23.94,25.0,2941,14911505.0,4.647303553217701e-05
2023-11-29,09:36:49,19.4466,23.94,25.0,2937,14911504.0,4.677130975812698e-05
2023-11-29,09:36:49,19.45,23.94,25.0,2934,14911498.0,4.699627107541779e-05
2023-11-29,09:36:49,19.4537,23.94,25.0,2933,14911507.0,4.707149837406347e-05
2023-11-29,09:36:49,19.4574,23.94,25.0,2937,14911513.0,4.677130975812698e-05
2023-11-29,09:36:49,19.4609,23.94,25.0,2942,14911502.0,4.639876466671254e-05
2023-11-29,09:36:49,19.4642,23.94,25.0,2940,14911500.0,4.654742528359661e-05
2023-11-29,09:36:49,19.4678,23.94,25.0,2933,14911506.0,4.707149837406347e-05
2023-11-29,09:36:49,19.4715,23.94,25.0,2930,14911501.0,4.72979035428698e-05
2023-11-29,09:36:49,19.4751,23.94,25.0,2937,14911501.0,4.677130975812698e-05
2023-11-29,09:36:49,19.4786,23.94,25.0,2941,14911509.0,4.647303553217701e-05
2023-11-29,09:36:49,19.482,23.94,25.0,2939,14911502.0,4.662193411127311e-05
2023-11-29,09:36:49,19.4855,23.94,25.0,2937,14911497.0,4.677130975812698e-05
2023-11-29,09:36:49,19.4891,23.94,25.0,2932,14911506.0,4.714684608963439e-05
2023-11-29,09:36:49,19.4928,23.94,25.0,2931,14911506.0,4.72223144148829e-05
2023-11-29,09:36:49,19.4962,23.94,25.0,2938,14911502.0,4.669656220581276e-05
2023-11-29,09:36:49,19.5033,23.94,25.0,2938,14911504.0,4.669656220581276e-05
2023-11-29,09:36:49,19.5067,23.94,25.0,2933,14911495.0,4.707149837406347e-05
2023-11-29,09:36:49,19.5102,23.94,25.0,2932,14911507.0,4.714684608963439e-05
2023-11-29,09:36:49,19.5139,23.94,25.0,2937,14911514.0,4.677130975812698e-05
2023-11-29,09:36:49,19.5175,23.94,25.0,2943,14911502.0,4.632461249720576e-05
2023-11-29,09:36:49,19.5208,23.94,25.0,2942,14911500.0,4.639876466671254e-05
2023-11-29,09:36:49,19.5244,23.94,25.0,2934,14911504.0,4.699627107541779e-05
2023-11-29,09:36:49,19.5281,23.94,25.0,2931,14911500.0,4.72223144148829e-05
2023-11-29,09:36:49,19.5317,23.94,25.0,2937,14911502.0,4.677130975812698e-05
2023-11-29,09:36:49,19.5353,23.94,25.0,2940,14911507.0,4.654742528359661e-05
2023-11-29,09:36:49,19.5387,23.94,25.0,2939,14911501.0,4.662193411127311e-05
2023-11-29,09:36:49,19.5421,23.94,25.0,2936,14911496.0,4.684617695943272e-05
2023-11-29,09:36:49,19.5456,23.94,25.0,2931,14911505.0,4.72223144148829e-05
2023-11-29,09:36:49,19.5494,23.94,25.0,2931,14911506.0,4.72223144148829e-05
2023-11-29,09:36:49,19.5529,23.94,25.0,2939,14911502.0,4.662193411127311e-05
2023-11-29,09:36:49,19.5565,23.94,25.0,2942,14911507.0,4.639876466671254e-05
2023-11-29,09:36:49,19.56,23.94,25.0,2938,14911501.0,4.669656220581276e-05
2023-11-29,09:36:49,19.5634,23.94,25.0,2934,14911493.0,4.699627107541779e-05
2023-11-29,09:36:49,19.567,23.94,25.0,2932,14911505.0,4.714684608963439e-05
2023-11-29,09:36:49,19.5707,23.94,25.0,2937,14911514.0,4.677130975812698e-05
2023-11-29,09:36:49,19.5743,23.94,25.0,2943,14911502.0,4.632461249720576e-05
2023-11-29,09:36:49,19.5776,23.94,25.0,2941,14911498.0,4.647303553217701e-05
2023-11-29,09:36:49,19.5811,23.94,25.0,2933,14911503.0,4.707149837406347e-05
2023-11-29,09:36:49,19.5848,23.94,25.0,2929,14911500.0,4.737361366696506e-05
2023-11-29,09:36:49,19.5885,23.94,25.0,2934,14911501.0,4.699627107541779e-05
2023-11-29,09:36:49,19.592,23.94,25.0,2939,14911508.0,4.662193411127311e-05
2023-11-29,09:36:49,19.5954,23.94,25.0,2939,14911503.0,4.662193411127311e-05
2023-11-29,09:36:49,19.599,23.94,25.0,2936,14911496.0,4.684617695943272e-05
2023-11-29,09:36:49,19.6026,23.94,25.0,2931,14911505.0,4.72223144148829e-05
2023-11-29,09:36:49,19.6062,23.94,25.0,2932,14911505.0,4.714684608963439e-05
2023-11-29,09:36:49,19.6098,23.94,25.0,2940,14911499.0,4.654742528359661e-05
2023-11-29,09:36:49,19.6132,23.94,25.0,2943,14911505.0,4.632461249720576e-05
2023-11-29,09:36:49,19.6167,23.94,25.0,2938,14911503.0,4.669656220581276e-05
2023-11-29,09:36:49,19.6203,23.94,25.0,2933,14911493.0,4.707149837406347e-05
2023-11-29,09:36:49,19.6238,23.94,25.0,2932,14911505.0,4.714684608963439e-05
2023-11-29,09:36:49,19.6274,23.94,25.0,2937,14911514.0,4.677130975812698e-05
2023-11-29,09:36:49,19.631,23.94,25.0,2942,14911502.0,4.639876466671254e-05
2023-11-29,09:36:49,19.6345,23.94,25.0,2940,14911497.0,4.654742528359661e-05
2023-11-29,09:36:49,19.6381,23.94,25.0,2932,14911503.0,4.714684608963439e-05
2023-11-29,09:36:49,19.6418,23.94,25.0,2929,14911500.0,4.737361366696506e-05
2023-11-29,09:36:49,19.6452,23.94,25.0,2935,14911501.0,4.692116400125314e-05
2023-11-29,09:36:49,19.6487,23.94,25.0,2939,14911508.0,4.662193411127311e-05
2023-11-29,09:36:49,19.6523,23.94,25.0,2938,14911500.0,4.669656220581276e-05
2023-11-29,09:36:49,19.6557,23.94,25.0,2935,14911494.0,4.692116400125314e-05
2023-11-29,09:36:49,19.6592,23.94,25.0,2932,14911504.0,4.714684608963439e-05
2023-11-29,09:36:49,19.6628,23.94,25.0,2934,14911508.0,4.699627107541779e-05
2023-11-29,09:36:49,19.6665,23.94,25.0,2940,14911502.0,4.654742528359661e-05
2023-11-29,09:36:49,19.6699,23.94,25.0,2942,14911504.0,4.639876466671254e-05
2023-11-29,09:36:49,19.6733,23.94,25.0,2937,14911502.0,4.677130975812698e-05
2023-11-29,09:36:49,19.6768,23.94,25.0,2932,14911494.0,4.714684608963439e-05
2023-11-29,09:36:49,19.6804,23.94,25.0,2932,14911504.0,4.714684608963439e-05
2023-11-29,09:36:49,19.6841,23.94,25.0,2935,14911511.0,4.692116400125314e-05
2023-11-29,09:36:49,19.6878,23.94,25.0,2939,14911498.0,4.662193411127311e-05
2023-11-29,09:36:49,19.6913,23.94,25.0,2939,14911498.0,4.662193411127311e-05
2023-11-29,09:36:49,19.6946,23.94,25.0,2934,14911501.0,4.699627107541779e-05
2023-11-29,09:36:49,19.6981,23.94,25.0,2930,14911496.0,4.72979035428698e-05
2023-11-29,09:36:49,19.7053,23.94,25.0,2938,14911508.0,4.669656220581276e-05
2023-11-29,09:36:49,19.7087,23.94,25.0,2939,14911502.0,4.662193411127311e-05
2023-11-29,09:36:49,19.7122,23.94,25.0,2937,14911496.0,4.677130975812698e-05
2023-11-29,09:36:49,19.7158,23.94,25.0,2932,14911501.0,4.714684608963439e-05
2023-11-29,09:36:49,19.7195,23.94,25.0,2930,14911500.0,4.72979035428698e-05
2023-11-29,09:36:49,19.723,23.94,25.0,2936,14911499.0,4.684617695943272e-05
2023-11-29,09:36:49,19.7265,23.94,25.0,2940,14911506.0,4.654742528359661e-05
2023-11-29,09:36:49,19.73,23.94,25.0,2937,14911501.0,4.677130975812698e-05
2023-11-29,09:36:49,19.7335,23.94,25.0,2932,14911493.0,4.714684608963439e-05
2023-11-29,09:36:49,19.7371,23.94,25.0,2930,14911503.0,4.72979035428698e-05
2023-11-29,09:36:49,19.7407,23.94,25.0,2934,14911510.0,4.699627107541779e-05
2023-11-29,09:36:49,19.7443,23.94,25.0,2938,14911500.0,4.669656220581276e-05
2023-11-29,09:36:49,19.7478,23.94,25.0,2937,14911498.0,4.677130975812698e-05
2023-11-29,09:36:49,19.7513,23.94,25.0,2933,14911500.0,4.707149837406347e-05
2023-11-29,09:36:49,19.7549,23.94,25.0,2931,14911496.0,4.72223144148829e-05
2023-11-29,09:36:49,19.7585,23.94,25.0,2932,14911503.0,4.714684608963439e-05
2023-11-29,09:36:49,19.7621,23.94,25.0,2936,14911510.0,4.684617695943272e-05
2023-11-29,09:36:49,19.7655,23.94,25.0,2941,14911498.0,4.647303553217701e-05
2023-11-29,09:36:49,19.7689,23.94,25.0,2939,14911492.0,4.662193411127311e-05
2023-11-29,09:36:49,19.7725,23.94,25.0,2932,14911501.0,4.714684608963439e-05
2023-11-29,09:36:49,19.776,23.94,25.0,2930,14911500.0,4.72979035428698e-05
2023-11-29,09:36:49,19.7796,23.94,25.0,2937,14911498.0,4.677130975812698e-05
2023-11-29,09:36:49,19.7833,23.94,25.0,2941,14911505.0,4.647303553217701e-05
2023-11-29,09:36:49,19.7868,23.94,25.0,2937,14911500.0,4.677130975812698e-05
2023-11-29,09:36:49,19.7902,23.94,25.0,2933,14911491.0,4.707149837406347e-05
2023-11-29,09:36:49,19.7938,23.94,25.0,2931,14911503.0,4.72223144148829e-05
2023-11-29,09:36:49,19.7974,23.94,25.0,2934,14911508.0,4.699627107541779e-05
2023-11-29,09:36:49,19.801,23.94,25.0,2939,14911498.0,4.662193411127311e-05
2023-11-29,09:36:49,19.8046,23.94,25.0,2939,14911499.0,4.662193411127311e-05
2023-11-29,09:36:49,19.808,23.94,25.0,2934,14911501.0,4.699627107541779e-05
2023-11-29,09:36:49,19.8115,23.94,25.0,2931,14911494.0,4.72223144148829e-05
2023-11-29,09:36:49,19.8151,23.94,25.0,2933,14911500.0,4.707149837406347e-05
2023-11-29,09:36:49,19.8187,23.94,25.0,2936,14911506.0,4.684617695943272e-05
2023-11-29,09:36:49,19.8222,23.94,25.0,2938,14911498.0,4.669656220581276e-05
2023-11-29,09:36:49,19.8257,23.94,25.0,2937,14911493.0,4.677130975812698e-05
2023-11-29,09:36:49,19.8292,23.94,25.0,2932,14911501.0,4.714684608963439e-05
2023-11-29,09:36:49,19.8329,23.94,25.0,2932,14911502.0,4.714684608963439e-05
2023-11-29,09:36:49,19.8366,23.94,25.0,2938,14911501.0,4.669656220581276e-05
2023-11-29,09:36:49,19.84,23.94,25.0,2939,14911505.0,4.662193411127311e-05
2023-11-29,09:36:49,19.8435,23.94,25.0,2935,14911499.0,4.692116400125314e-05
2023-11-29,09:36:49,19.847,23.94,25.0,2931,14911492.0,4.72223144148829e-05
2023-11-29,09:36:49,19.8504,23.94,25.0,2930,14911502.0,4.72979035428698e-05
2023-11-29,09:36:49,19.8541,23.94,25.0,2934,14911508.0,4.699627107541779e-05
2023-11-29,09:36:49,19.8577,23.94,25.0,2938,14911500.0,4.669656220581276e-05
2023-11-29,09:36:49,19.8612,23.94,25.0,2938,14911499.0,4.669656220581276e-05
2023-11-29,09:36:49,19.8647,23.94,25.0,2934,14911498.0,4.699627107541779e-05
2023-11-29,09:36:49,19.8683,23.94,25.0,2932,14911494.0,4.714684608963439e-05
2023-11-29,09:36:49,19.8719,23.94,25.0,2934,14911503.0,4.699627107541779e-05
2023-11-29,09:36:49,19.8755,23.94,25.0,2937,14911510.0,4.677130975812698e-05
2023-11-29,09:36:49,19.879,23.94,25.0,2939,14911499.0,4.662193411127311e-05
2023-11-29,09:36:49,19.8823,23.94,25.0,2937,14911492.0,4.677130975812698e-05
2023-11-29,09:36:49,19.8859,23.94,25.0,2933,14911500.0,4.707149837406347e-05
2023-11-29,09:36:49,19.8896,23.94,25.0,2932,14911502.0,4.714684608963439e-05
2023-11-29,09:36:49,19.8932,23.94,25.0,2937,14911501.0,4.677130975812698e-05
2023-11-29,09:36:49,19.9001,23.94,25.0,2936,14911499.0,4.684617695943272e-05
2023-11-29,09:36:49,19.9035,23.94,25.0,2933,14911492.0,4.707149837406347e-05
2023-11-29,09:36:49,19.9071,23.94,25.0,2931,14911502.0,4.72223144148829e-05
2023-11-29,09:36:49,19.9108,23.94,25.0,2932,14911505.0,4.714684608963439e-05
2023-11-29,09:36:49,19.9144,23.94,25.0,2936,14911499.0,4.684617695943272e-05
2023-11-29,09:36:49,19.9179,23.94,25.0,2937,14911498.0,4.677130975812698e-05
2023-11-29,09:36:49,19.9213,23.94,25.0,2932,14911496.0,4.714684608963439e-05
2023-11-29,09:36:49,19.9249,23.94,25.0,2931,14911494.0,4.72223144148829e-05
2023-11-29,09:36:49,19.9285,23.94,25.0,2934,14911503.0,4.699627107541779e-05
2023-11-29,09:36:49,19.9321,23.94,25.0,2937,14911509.0,4.677130975812698e-05
2023-11-29,09:36:49,19.9357,23.94,25.0,2939,14911499.0,4.662193411127311e-05
2023-11-29,09:36:49,19.9391,23.94,25.0,2936,14911490.0,4.684617695943272e-05
2023-11-29,09:36:49,19.9427,23.94,25.0,2931,14911497.0,4.72223144148829e-05
2023-11-29,09:36:49,19.9464,23.94,25.0,2932,14911502.0,4.714684608963439e-05
2023-11-29,09:36:49,19.95,23.94,25.0,2938,14911501.0,4.669656220581276e-05
2023-11-29,09:36:49,19.9534,23.94,25.0,2939,14911504.0,4.662193411127311e-05
2023-11-29,09:36:49,19.9569,23.94,25.0,2935,14911498.0,4.692116400125314e-05
2023-11-29,09:36:49,19.9604,23.94,25.0,2931,14911491.0,4.72223144148829e-05
2023-11-29,09:36:49,19.9639,23.94,25.0,2929,14911500.0,4.737361366696506e-05
2023-11-29,09:36:49,19.9677,23.94,25.0,2932,14911505.0,4.714684608963439e-05
2023-11-29,09:36:49,19.9712,23.94,25.0,2937,14911498.0,4.677130975812698e-05
2023-11-29,09:36:49,19.9747,23.94,25.0,2937,14911496.0,4.677130975812698e-05
2023-11-29,09:36:49,19.978,23.94,25.0,2932,14911495.0,4.714684608963439e-05
2023-11-29,09:36:49,19.9816,23.94,25.0,2930,14911493.0,4.72979035428698e-05
2023-11-29,09:36:49,19.9853,23.94,25.0,2932,14911502.0,4.714684608963439e-05
2023-11-29,09:36:49,19.9889,23.94,25.0,2934,14911508.0,4.699627107541779e-05
2023-11-29,09:36:49,19.9924,23.94,25.0,2935,14911493.0,4.692116400125314e-05
2023-11-29,09:36:49,19.9958,23.94,25.0,2932,14911486.0,4.714684608963439e-05
2023-11-29,09:36:49,19.9993,23.94,25.0,2926,14911498.0,4.760147195424543e-05
2023-11-29,09:36:49,20.0029,23.94,25.0,2925,14911499.0,4.767766800267084e-05
2023-11-29,09:36:49,20.0066,23.94,25.0,2929,14911499.0,4.737361366696506e-05
2023-11-29,09:36:49,20.0102,23.94,25.0,2929,14911503.0,4.737361366696506e-05
2023-11-29,09:36:49,20.0136,23.94,25.0,2927,14911494.0,4.752539767850818e-05
2023-11-29,09:36:49,20.0169,23.94,25.0,2924,14911487.0,4.775398601870682e-05
2023-11-29,09:36:49,20.0205,23.94,25.0,2920,14911498.0,4.806048166833774e-05
2023-11-29,09:36:49,20.0242,23.94,25.0,2920,14911504.0,4.806048166833774e-05
2023-11-29,09:36:49,20.0277,23.94,25.0,2925,14911501.0,4.767766800267084e-05
2023-11-29,09:36:49,20.0311,23.94,25.0,2927,14911502.0,4.752539767850818e-05
2023-11-29,09:36:49,20.0347,23.94,25.0,2923,14911500.0,4.783042619758796e-05
2023-11-29,09:36:49,20.0382,23.94,25.0,2922,14911497.0,4.790698873486118e-05
2023-11-29,09:36:49,20.0418,23.94,25.0,2925,14911505.0,4.767766800267084e-05
2023-11-29,09:36:49,20.0455,23.94,25.0,2928,14911513.0,4.744944498084801e-05
2023-11-29,09:36:49,20.0489,23.94,25.0,2930,14911503.0,4.72979035428698e-05
2023-11-29,09:36:49,20.0524,23.94,25.0,2930,14911498.0,4.72979035428698e-05
2023-11-29,09:36:49,20.056,23.94,25.0,2926,14911504.0,4.760147195424543e-05
2023-11-29,09:36:49,20.0596,23.94,25.0,2924,14911506.0,4.775398601870682e-05
2023-11-29,09:36:49,20.0631,23.94,25.0,2928,14911507.0,4.744944498084801e-05
2023-11-29,09:36:49,20.0666,23.94,25.0,2931,14911512.0,4.72223144148829e-05
2023-11-29,09:36:49,20.0702,23.94,25.0,2931,14911504.0,4.72223144148829e-05
2023-11-29,09:36:49,20.0736,23.94,25.0,2929,14911497.0,4.737361366696506e-05
2023-11-29,09:36:49,20.0771,23.94,25.0,2925,14911505.0,4.767766800267084e-05
2023-11-29,09:36:49,20.0808,23.94,25.0,2927,14911512.0,4.752539767850818e-05
2023-11-29,09:36:49,20.0844,23.94,25.0,2933,14911510.0,4.707149837406347e-05
2023-11-29,09:36:49,20.0878,23.94,25.0,2932,14911509.0,4.714684608963439e-05
2023-11-29,09:36:49,20.0949,23.94,25.0,2924,14911499.0,4.775398601870682e-05
2023-11-29,09:36:49,20.0985,23.94,25.0,2924,14911508.0,4.775398601870682e-05
2023-11-29,09:36:49,20.1021,23.94,25.0,2925,14911513.0,4.767766800267084e-05
2023-11-29,09:36:49,20.1056,23.94,25.0,2927,14911504.0,4.752539767850818e-05
2023-11-29,09:36:49,20.1091,23.94,25.0,2927,14911502.0,4.752539767850818e-05
2023-11-29,09:36:49,20.1126,23.94,25.0,2922,14911503.0,4.790698873486118e-05
2023-11-29,09:36:49,20.1161,23.94,25.0,2919,14911502.0,4.81374124572022e-05
2023-11-29,09:36:49,20.1197,23.94,25.0,2922,14911508.0,4.790698873486118e-05
2023-11-29,09:36:49,20.1233,23.94,25.0,2925,14911514.0,4.767766800267084e-05
2023-11-29,09:36:49,20.1268,23.94,25.0,2926,14911505.0,4.760147195424543e-05
2023-11-29,09:36:49,20.1301,23.94,25.0,2924,14911498.0,4.775398601870682e-05
2023-11-29,09:36:49,20.1337,23.94,25.0,2919,14911505.0,4.81374124572022e-05
2023-11-29,09:36:49,20.1374,23.94,25.0,2920,14911511.0,4.806048166833774e-05
2023-11-29,09:36:49,20.141,23.94,25.0,2925,14911511.0,4.767766800267084e-05
2023-11-29,09:36:49,20.1444,23.94,25.0,2925,14911510.0,4.767766800267084e-05
2023-11-29,09:36:49,20.1479,23.94,25.0,2922,14911503.0,4.790698873486118e-05
2023-11-29,09:36:49,20.1513,23.94,25.0,2919,14911496.0,4.81374124572022e-05
2023-11-29,09:36:49,20.1549,23.94,25.0,2918,14911507.0,4.821446638978198e-05
2023-11-29,09:36:49,20.1586,23.94,25.0,2921,14911514.0,4.798367382638663e-05
2023-11-29,09:36:49,20.1622,23.94,25.0,2924,14911508.0,4.775398601870682e-05
2023-11-29,09:36:49,20.1657,23.94,25.0,2923,14911507.0,4.783042619758796e-05
2023-11-29,09:36:49,20.169,23.94,25.0,2920,14911505.0,4.806048166833774e-05
2023-11-29,09:36:49,20.1726,23.94,25.0,2916,14911498.0,4.836894447487169e-05
2023-11-29,09:36:49,20.1763,23.94,25.0,2917,14911506.0,4.82916436631943e-05
2023-11-29,09:36:49,20.1799,23.94,25.0,2921,14911513.0,4.798367382638663e-05
2023-11-29,09:36:49,20.1833,23.94,25.0,2924,14911503.0,4.775398601870682e-05
2023-11-29,09:36:49,20.1867,23.94,25.0,2923,14911498.0,4.783042619758796e-05
2023-11-29,09:36:50,20.1902,23.94,25.0,2917,14911503.0,4.82916436631943e-05
2023-11-29,09:36:50,20.194,23.94,25.0,2918,14911509.0,4.821446638978198e-05
2023-11-29,09:36:50,20.1974,23.94,25.0,2923,14911514.0,4.783042619758796e-05
2023-11-29,09:36:50,20.2009,23.94,25.0,2923,14911514.0,4.783042619758796e-05
2023-11-29,09:36:50,20.2045,23.94,25.0,2922,14911504.0,4.790698873486118e-05
2023-11-29,09:36:50,20.2079,23.94,25.0,2920,14911497.0,4.806048166833774e-05
2023-11-29,09:36:50,20.2115,23.94,25.0,2916,14911505.0,4.836894447487169e-05
2023-11-29,09:36:50,20.2152,23.94,25.0,2916,14911511.0,4.836894447487169e-05
2023-11-29,09:36:50,20.2187,23.94,25.0,2920,14911510.0,4.806048166833774e-05
2023-11-29,09:36:50,20.2221,23.94,25.0,2922,14911512.0,4.790698873486118e-05
2023-11-29,09:36:50,20.2257,23.94,25.0,2920,14911505.0,4.806048166833774e-05
2023-11-29,09:36:50,20.2292,23.94,25.0,2917,14911497.0,4.82916436631943e-05
2023-11-29,09:36:50,20.2327,23.94,25.0,2917,14911505.0,4.82916436631943e-05
2023-11-29,09:36:50,20.2365,23.94,25.0,2919,14911514.0,4.81374124572022e-05
2023-11-29,09:36:50,20.2399,23.94,25.0,2922,14911509.0,4.790698873486118e-05
2023-11-29,09:36:50,20.2434,23.94,25.0,2922,14911504.0,4.790698873486118e-05
2023-11-29,09:36:50,20.2468,23.94,25.0,2916,14911504.0,4.836894447487169e-05
2023-11-29,09:36:50,20.2504,23.94,25.0,2916,14911506.0,4.836894447487169e-05
2023-11-29,09:36:50,20.254,23.94,25.0,2921,14911511.0,4.798367382638663e-05
2023-11-29,09:36:50,20.2574,23.94,25.0,2921,14911513.0,4.798367382638663e-05
2023-11-29,09:36:50,20.2609,23.94,25.0,2920,14911506.0,4.806048166833774e-05
2023-11-29,09:36:50,20.2644,23.94,25.0,2919,14911499.0,4.81374124572022e-05
2023-11-29,09:36:50,20.2679,23.94,25.0,2915,14911506.0,4.84463690225629e-05
2023-11-29,09:36:50,20.2751,23.94,25.0,2920,14911511.0,4.806048166833774e-05
2023-11-29,09:36:50,20.2787,23.94,25.0,2920,14911513.0,4.806048166833774e-05
2023-11-29,09:36:50,20.2822,23.94,25.0,2920,14911506.0,4.806048166833774e-05
2023-11-29,09:36:50,20.2856,23.94,25.0,2918,14911496.0,4.821446638978198e-05
2023-11-29,09:36:50,20.2892,23.94,25.0,2917,14911503.0,4.82916436631943e-05
2023-11-29,09:36:50,20.2928,23.94,25.0,2919,14911513.0,4.81374124572022e-05
2023-11-29,09:36:50,20.2962,23.94,25.0,2921,14911512.0,4.798367382638663e-05
2023-11-29,09:36:50,20.2997,23.94,25.0,2921,14911507.0,4.798367382638663e-05
2023-11-29,09:36:50,20.3033,23.94,25.0,2917,14911504.0,4.82916436631943e-05
2023-11-29,09:36:50,20.3069,23.94,25.0,2916,14911502.0,4.836894447487169e-05
2023-11-29,09:36:50,20.3104,23.94,25.0,2918,14911509.0,4.821446638978198e-05
2023-11-29,09:36:50,20.314,23.94,25.0,2919,14911515.0,4.81374124572022e-05
2023-11-29,09:36:50,20.3176,23.94,25.0,2920,14911506.0,4.806048166833774e-05
2023-11-29,09:36:50,20.3211,23.94,25.0,2920,14911500.0,4.806048166833774e-05
2023-11-29,09:36:50,20.3245,23.94,25.0,2916,14911503.0,4.836894447487169e-05
2023-11-29,09:36:50,20.3281,23.94,25.0,2915,14911506.0,4.84463690225629e-05
2023-11-29,09:36:50,20.3317,23.94,25.0,2920,14911510.0,4.806048166833774e-05
2023-11-29,09:36:50,20.3353,23.94,25.0,2921,14911514.0,4.798367382638663e-05
2023-11-29,09:36:50,20.3387,23.94,25.0,2920,14911506.0,4.806048166833774e-05
2023-11-29,09:36:50,20.3422,23.94,25.0,2919,14911497.0,4.81374124572022e-05
2023-11-29,09:36:50,20.3458,23.94,25.0,2917,14911502.0,4.82916436631943e-05
2023-11-29,09:36:50,20.3494,23.94,25.0,2919,14911511.0,4.81374124572022e-05
2023-11-29,09:36:50,20.3528,23.94,25.0,2922,14911515.0,4.790698873486118e-05
2023-11-29,09:36:50,20.3563,23.94,25.0,2920,14911511.0,4.806048166833774e-05
2023-11-29,09:36:50,20.3598,23.94,25.0,2918,14911503.0,4.821446638978198e-05
2023-11-29,09:36:50,20.3634,23.94,25.0,2917,14911498.0,4.82916436631943e-05
2023-11-29,09:36:50,20.367,23.94,25.0,2917,14911505.0,4.82916436631943e-05
2023-11-29,09:36:50,20.3706,23.94,25.0,2919,14911513.0,4.81374124572022e-05
2023-11-29,09:36:50,20.3742,23.94,25.0,2921,14911508.0,4.798367382638663e-05
2023-11-29,09:36:50,20.3776,23.94,25.0,2920,14911505.0,4.806048166833774e-05
2023-11-29,09:36:50,20.3811,23.94,25.0,2917,14911504.0,4.82916436631943e-05
2023-11-29,09:36:50,20.3847,23.94,25.0,2917,14911502.0,4.82916436631943e-05
2023-11-29,09:36:50,20.3883,23.94,25.0,2919,14911507.0,4.81374124572022e-05
2023-11-29,09:36:50,20.3918,23.94,25.0,2920,14911514.0,4.806048166833774e-05
2023-11-29,09:36:50,20.3954,23.94,25.0,2921,14911507.0,4.798367382638663e-05
2023-11-29,09:36:50,20.3989,23.94,25.0,2920,14911496.0,4.806048166833774e-05
2023-11-29,09:36:50,20.4023,23.94,25.0,2916,14911501.0,4.836894447487169e-05
2023-11-29,09:36:50,20.4059,23.94,25.0,2918,14911509.0,4.821446638978198e-05
2023-11-29,09:36:50,20.4095,23.94,25.0,2921,14911513.0,4.798367382638663e-05
2023-11-29,09:36:50,20.413,23.94,25.0,2919,14911511.0,4.81374124572022e-05
2023-11-29,09:36:50,20.4164,23.94,25.0,2918,14911502.0,4.821446638978198e-05
2023-11-29,09:36:50,20.4199,23.94,25.0,2918,14911496.0,4.821446638978198e-05
2023-11-29,09:36:50,20.4235,23.94,25.0,2916,14911505.0,4.836894447487169e-05
2023-11-29,09:36:50,20.4272,23.94,25.0,2916,14911513.0,4.836894447487169e-05
2023-11-29,09:36:50,20.4306,23.94,25.0,2919,14911512.0,4.81374124572022e-05
2023-11-29,09:36:50,20.4341,23.94,25.0,2919,14911510.0,4.81374124572022e-05
2023-11-29,09:36:50,20.4377,23.94,25.0,2917,14911506.0,4.82916436631943e-05
2023-11-29,09:36:50,20.4411,23.94,25.0,2916,14911499.0,4.836894447487169e-05
2023-11-29,09:36:50,20.4484,23.94,25.0,2919,14911514.0,4.81374124572022e-05
2023-11-29,09:36:50,20.4519,23.94,25.0,2918,14911511.0,4.821446638978198e-05
2023-11-29,09:36:50,20.4553,23.94,25.0,2918,14911503.0,4.821446638978198e-05
2023-11-29,09:36:50,20.4589,23.94,25.0,2916,14911502.0,4.836894447487169e-05
2023-11-29,09:36:50,20.4625,23.94,25.0,2918,14911509.0,4.821446638978198e-05
2023-11-29,09:36:50,20.4661,23.94,25.0,2921,14911512.0,4.798367382638663e-05
2023-11-29,09:36:50,20.4695,23.94,25.0,2919,14911511.0,4.81374124572022e-05
2023-11-29,09:36:50,20.4731,23.94,25.0,2918,14911506.0,4.821446638978198e-05
2023-11-29,09:36:50,20.4766,23.94,25.0,2917,14911498.0,4.82916436631943e-05
2023-11-29,09:36:50,20.48,23.94,25.0,2916,14911502.0,4.836894447487169e-05
2023-11-29,09:36:50,20.4838,23.94,25.0,2918,14911510.0,4.821446638978198e-05
2023-11-29,09:36:50,20.4872,23.94,25.0,2920,14911512.0,4.806048166833774e-05
2023-11-29,09:36:50,20.4907,23.94,25.0,2919,14911512.0,4.81374124572022e-05
2023-11-29,09:36:50,20.4942,23.94,25.0,2917,14911507.0,4.82916436631943e-05
2023-11-29,09:36:50,20.4978,23.94,25.0,2916,14911500.0,4.836894447487169e-05
2023-11-29,09:36:50,20.5014,23.94,25.0,2918,14911503.0,4.821446638978198e-05
2023-11-29,09:36:50,20.5049,23.94,25.0,2919,14911512.0,4.81374124572022e-05
2023-11-29,09:36:50,20.5083,23.94,25.0,2919,14911512.0,4.81374124572022e-05
2023-11-29,09:36:50,20.5119,23.94,25.0,2919,14911504.0,4.81374124572022e-05
2023-11-29,09:36:50,20.5155,23.94,25.0,2916,14911503.0,4.836894447487169e-05
2023-11-29,09:36:50,20.5191,23.94,25.0,2918,14911509.0,4.821446638978198e-05
2023-11-29,09:36:50,20.5225,23.94,25.0,2922,14911512.0,4.790698873486118e-05
2023-11-29,09:36:50,20.526,23.94,25.0,2920,14911512.0,4.806048166833774e-05
2023-11-29,09:36:50,20.5296,23.94,25.0,2918,14911506.0,4.821446638978198e-05
2023-11-29,09:36:50,20.5332,23.94,25.0,2918,14911499.0,4.821446638978198e-05
2023-11-29,09:36:50,20.5367,23.94,25.0,2916,14911503.0,4.836894447487169e-05
2023-11-29,09:36:50,20.5403,23.94,25.0,2917,14911511.0,4.82916436631943e-05
2023-11-29,09:36:50,20.5439,23.94,25.0,2920,14911513.0,4.806048166833774e-05
2023-11-29,09:36:50,20.5474,23.94,25.0,2919,14911512.0,4.81374124572022e-05
2023-11-29,09:36:50,20.5508,23.94,25.0,2917,14911506.0,4.82916436631943e-05
2023-11-29,09:36:50,20.5544,23.94,25.0,2917,14911500.0,4.82916436631943e-05
2023-11-29,09:36:50,20.558,23.94,25.0,2918,14911504.0,4.821446638978198e-05
2023-11-29,09:36:50,20.5616,23.94,25.0,2919,14911513.0,4.81374124572022e-05
2023-11-29,09:36:50,20.565,23.94,25.0,2920,14911513.0,4.806048166833774e-05
2023-11-29,09:36:50,20.5685,23.94,25.0,2919,14911505.0,4.81374124572022e-05
2023-11-29,09:36:50,20.5721,23.94,25.0,2917,14911502.0,4.82916436631943e-05
2023-11-29,09:36:50,20.5757,23.94,25.0,2917,14911505.0,4.82916436631943e-05
2023-11-29,09:36:50,20.5791,23.94,25.0,2919,14911507.0,4.81374124572022e-05
2023-11-29,09:36:50,20.5826,23.94,25.0,2919,14911511.0,4.81374124572022e-05
2023-11-29,09:36:50,20.5862,23.94,25.0,2919,14911507.0,4.81374124572022e-05
2023-11-29,09:36:50,20.5896,23.94,25.0,2918,14911501.0,4.821446638978198e-05
2023-11-29,09:36:50,20.5932,23.94,25.0,2915,14911501.0,4.84463690225629e-05
2023-11-29,09:36:50,20.5969,23.94,25.0,2917,14911506.0,4.82916436631943e-05
2023-11-29,09:36:50,20.6004,23.94,25.0,2920,14911509.0,4.806048166833774e-05
2023-11-29,09:36:50,20.6038,23.94,25.0,2919,14911512.0,4.81374124572022e-05
2023-11-29,09:36:50,20.6074,23.94,25.0,2917,14911509.0,4.82916436631943e-05
2023-11-29,09:36:50,20.6109,23.94,25.0,2916,14911500.0,4.836894447487169e-05
2023-11-29,09:36:50,20.6144,23.94,25.0,2917,14911501.0,4.82916436631943e-05
2023-11-29,09:36:50,20.6215,23.94,25.0,2921,14911514.0,4.798367382638663e-05
2023-11-29,09:36:50,20.6249,23.94,25.0,2919,14911511.0,4.81374124572022e-05
2023-11-29,09:36:50,20.6284,23.94,25.0,2917,14911506.0,4.82916436631943e-05
2023-11-29,09:36:50,20.632,23.94,25.0,2917,14911500.0,4.82916436631943e-05
2023-11-29,09:36:50,20.6356,23.94,25.0,2918,14911502.0,4.821446638978198e-05
2023-11-29,09:36:50,20.6391,23.94,25.0,2919,14911511.0,4.81374124572022e-05
2023-11-29,09:36:50,20.6426,23.94,25.0,2919,14911512.0,4.81374124572022e-05
2023-11-29,09:36:50,20.6461,23.94,25.0,2916,14911506.0,4.836894447487169e-05
2023-11-29,09:36:50,20.6496,23.94,25.0,2914,14911502.0,4.852391750433305e-05
2023-11-29,09:36:50,20.6532,23.94,25.0,2916,14911502.0,4.836894447487169e-05
2023-11-29,09:36:50,20.6567,23.94,25.0,2920,14911505.0,4.806048166833774e-05
2023-11-29,09:36:50,20.6603,23.94,25.0,2921,14911512.0,4.798367382638663e-05
2023-11-29,09:36:50,20.6638,23.94,25.0,2919,14911508.0,4.81374124572022e-05
2023-11-29,09:36:50,20.6673,23.94,25.0,2918,14911499.0,4.821446638978198e-05
2023-11-29,09:36:50,20.6709,23.94,25.0,2916,14911502.0,4.836894447487169e-05
2023-11-29,09:36:50,20.6745,23.94,25.0,2919,14911510.0,4.81374124572022e-05
2023-11-29,09:36:50,20.6779,23.94,25.0,2922,14911511.0,4.790698873486118e-05
2023-11-29,09:36:50,20.6814,23.94,25.0,2919,14911509.0,4.81374124572022e-05
2023-11-29,09:36:50,20.685,23.94,25.0,2917,14911507.0,4.82916436631943e-05
2023-11-29,09:36:50,20.6884,23.94,25.0,2917,14911500.0,4.82916436631943e-05
2023-11-29,09:36:50,20.6921,23.94,25.0,2918,14911500.0,4.821446638978198e-05
2023-11-29,09:36:50,20.6958,23.94,25.0,2920,14911511.0,4.806048166833774e-05
2023-11-29,09:36:50,20.6992,23.94,25.0,2921,14911514.0,4.798367382638663e-05
2023-11-29,09:36:50,20.7026,23.94,25.0,2917,14911508.0,4.82916436631943e-05
2023-11-29,09:36:50,20.7062,23.94,25.0,2914,14911504.0,4.852391750433305e-05
2023-11-29,09:36:50,20.7098,23.94,25.0,2915,14911500.0,4.84463690225629e-05
2023-11-29,09:36:50,20.7134,23.94,25.0,2921,14911501.0,4.798367382638663e-05
2023-11-29,09:36:50,20.7168,23.94,25.0,2923,14911511.0,4.783042619758796e-05
2023-11-29,09:36:50,20.7203,23.94,25.0,2919,14911512.0,4.81374124572022e-05
2023-11-29,09:36:50,20.7239,23.94,25.0,2917,14911504.0,4.82916436631943e-05
2023-11-29,09:36:50,20.7275,23.94,25.0,2916,14911503.0,4.836894447487169e-05
2023-11-29,09:36:50,20.731,23.94,25.0,2920,14911508.0,4.806048166833774e-05
2023-11-29,09:36:50,20.7345,23.94,25.0,2923,14911508.0,4.783042619758796e-05
2023-11-29,09:36:50,20.738,23.94,25.0,2920,14911511.0,4.806048166833774e-05
2023-11-29,09:36:50,20.7415,23.94,25.0,2917,14911510.0,4.82916436631943e-05
2023-11-29,09:36:50,20.745,23.94,25.0,2916,14911500.0,4.836894447487169e-05
2023-11-29,09:36:50,20.7486,23.94,25.0,2915,14911501.0,4.84463690225629e-05
2023-11-29,09:36:50,20.7523,23.94,25.0,2918,14911510.0,4.821446638978198e-05
2023-11-29,09:36:50,20.7556,23.94,25.0,2922,14911511.0,4.790698873486118e-05
2023-11-29,09:36:50,20.7591,23.94,25.0,2920,14911510.0,4.806048166833774e-05
2023-11-29,09:36:50,20.7627,23.94,25.0,2917,14911506.0,4.82916436631943e-05
2023-11-29,09:36:50,20.7661,23.94,25.0,2916,14911497.0,4.836894447487169e-05
2023-11-29,09:36:50,20.7697,23.94,25.0,2917,14911500.0,4.82916436631943e-05
2023-11-29,09:36:50,20.7733,23.94,25.0,2921,14911513.0,4.798367382638663e-05
2023-11-29,09:36:50,20.7767,23.94,25.0,2922,14911514.0,4.790698873486118e-05
2023-11-29,09:36:50,20.7837,23.94,25.0,2915,14911504.0,4.84463690225629e-05
2023-11-29,09:36:50,20.7874,23.94,25.0,2917,14911501.0,4.82916436631943e-05
2023-11-29,09:36:50,20.791,23.94,25.0,2920,14911502.0,4.806048166833774e-05
2023-11-29,09:36:50,20.7945,23.94,25.0,2921,14911510.0,4.798367382638663e-05
2023-11-29,09:36:50,20.798,23.94,25.0,2920,14911510.0,4.806048166833774e-05
2023-11-29,09:36:50,20.8014,23.94,25.0,2917,14911501.0,4.82916436631943e-05
2023-11-29,09:36:50,20.8052,23.94,25.0,2915,14911502.0,4.84463690225629e-05
2023-11-29,09:36:50,20.8089,23.94,25.0,2918,14911507.0,4.821446638978198e-05
2023-11-29,09:36:50,20.8123,23.94,25.0,2921,14911507.0,4.798367382638663e-05
2023-11-29,09:36:50,20.8158,23.94,25.0,2920,14911511.0,4.806048166833774e-05
2023-11-29,09:36:50,20.8192,23.94,25.0,2916,14911510.0,4.836894447487169e-05
2023-11-29,09:36:50,20.8228,23.94,25.0,2916,14911501.0,4.836894447487169e-05
2023-11-29,09:36:50,20.8264,23.94,25.0,2919,14911501.0,4.81374124572022e-05
2023-11-29,09:36:50,20.8299,23.94,25.0,2922,14911513.0,4.790698873486118e-05
2023-11-29,09:36:50,20.8333,23.94,25.0,2922,14911514.0,4.790698873486118e-05
2023-11-29,09:36:50,20.8368,23.94,25.0,2918,14911506.0,4.821446638978198e-05
2023-11-29,09:36:50,20.8405,23.94,25.0,2916,14911505.0,4.836894447487169e-05
2023-11-29,09:36:50,20.8441,23.94,25.0,2918,14911503.0,4.821446638978198e-05
2023-11-29,09:36:50,20.8475,23.94,25.0,2921,14911502.0,4.798367382638663e-05
2023-11-29,09:36:50,20.8511,23.94,25.0,2922,14911510.0,4.790698873486118e-05
2023-11-29,09:36:50,20.8546,23.94,25.0,2921,14911512.0,4.798367382638663e-05
2023-11-29,09:36:50,20.858,23.94,25.0,2917,14911504.0,4.82916436631943e-05
2023-11-29,09:36:50,20.8616,23.94,25.0,2915,14911504.0,4.84463690225629e-05
2023-11-29,09:36:50,20.8652,23.94,25.0,2917,14911504.0,4.82916436631943e-05
2023-11-29,09:36:50,20.8688,23.94,25.0,2922,14911502.0,4.790698873486118e-05
2023-11-29,09:36:50,20.8722,23.94,25.0,2922,14911508.0,4.790698873486118e-05
2023-11-29,09:36:50,20.8757,23.94,25.0,2917,14911511.0,4.82916436631943e-05
2023-11-29,09:36:50,20.8793,23.94,25.0,2916,14911502.0,4.836894447487169e-05
2023-11-29,09:36:50,20.8829,23.94,25.0,2917,14911499.0,4.82916436631943e-05
2023-11-29,09:36:50,20.8864,23.94,25.0,2921,14911509.0,4.798367382638663e-05
2023-11-29,09:36:50,20.8899,23.94,25.0,2923,14911512.0,4.783042619758796e-05
2023-11-29,09:36:50,20.8934,23.94,25.0,2918,14911508.0,4.821446638978198e-05
2023-11-29,09:36:50,20.8969,23.94,25.0,2914,14911505.0,4.852391750433305e-05
2023-11-29,09:36:50,20.9005,23.94,25.0,2915,14911497.0,4.84463690225629e-05
2023-11-29,09:36:50,20.9041,23.94,25.0,2918,14911496.0,4.821446638978198e-05
2023-11-29,09:36:50,20.9076,23.94,25.0,2922,14911508.0,4.790698873486118e-05
2023-11-29,09:36:50,20.9109,23.94,25.0,2923,14911510.0,4.783042619758796e-05
2023-11-29,09:36:50,20.9145,23.94,25.0,2919,14911506.0,4.81374124572022e-05
2023-11-29,09:36:50,20.9181,23.94,25.0,2916,14911506.0,4.836894447487169e-05
2023-11-29,09:36:50,20.9215,23.94,25.0,2916,14911500.0,4.836894447487169e-05
2023-11-29,09:36:50,20.9251,23.94,25.0,2919,14911500.0,4.81374124572022e-05
2023-11-29,09:36:50,20.9286,23.94,25.0,2923,14911513.0,4.783042619758796e-05
2023-11-29,09:36:50,20.932,23.94,25.0,2922,14911513.0,4.790698873486118e-05
2023-11-29,09:36:50,20.9356,23.94,25.0,2916,14911504.0,4.836894447487169e-05
2023-11-29,09:36:50,20.9392,23.94,25.0,2913,14911502.0,4.86015901185645e-05
2023-11-29,09:36:50,20.9428,23.94,25.0,2917,14911503.0,4.82916436631943e-05
2023-11-29,09:36:50,20.9497,23.94,25.0,2922,14911509.0,4.790698873486118e-05
2023-11-29,09:36:50,20.9531,23.94,25.0,2918,14911513.0,4.821446638978198e-05
2023-11-29,09:36:50,20.9567,23.94,25.0,2916,14911504.0,4.836894447487169e-05
2023-11-29,09:36:50,20.9604,23.94,25.0,2915,14911502.0,4.84463690225629e-05
2023-11-29,09:36:50,20.9639,23.94,25.0,2918,14911507.0,4.821446638978198e-05
2023-11-29,09:36:50,20.9673,23.94,25.0,2923,14911504.0,4.783042619758796e-05
2023-11-29,09:36:50,20.9709,23.94,25.0,2921,14911507.0,4.798367382638663e-05
2023-11-29,09:36:50,20.9745,23.94,25.0,2916,14911509.0,4.836894447487169e-05
2023-11-29,09:36:50,20.978,23.94,25.0,2914,14911499.0,4.852391750433305e-05
2023-11-29,09:36:50,20.9815,23.94,25.0,2917,14911499.0,4.82916436631943e-05
2023-11-29,09:36:50,20.9851,23.94,25.0,2922,14911511.0,4.790698873486118e-05
2023-11-29,09:36:50,20.9885,23.94,25.0,2922,14911511.0,4.790698873486118e-05
2023-11-29,09:36:50,20.992,23.94,25.0,2917,14911505.0,4.82916436631943e-05
2023-11-29,09:36:50,20.9958,23.94,25.0,2914,14911506.0,4.852391750433305e-05
2023-11-29,09:36:50,20.9993,23.94,25.0,2917,14911503.0,4.82916436631943e-05
2023-11-29,09:36:50,21.0029,23.94,25.0,2923,14911501.0,4.783042619758796e-05
2023-11-29,09:36:50,21.0064,23.94,25.0,2924,14911509.0,4.775398601870682e-05
2023-11-29,09:36:50,21.0097,23.94,25.0,2919,14911512.0,4.81374124572022e-05
2023-11-29,09:36:50,21.0132,23.94,25.0,2915,14911502.0,4.84463690225629e-05
2023-11-29,09:36:50,21.0169,23.94,25.0,2915,14911503.0,4.84463690225629e-05
2023-11-29,09:36:50,21.0206,23.94,25.0,2918,14911507.0,4.821446638978198e-05
2023-11-29,09:36:50,21.024,23.94,25.0,2923,14911503.0,4.783042619758796e-05
2023-11-29,09:36:50,21.0275,23.94,25.0,2922,14911508.0,4.790698873486118e-05
2023-11-29,09:36:50,21.031,23.94,25.0,2918,14911510.0,4.821446638978198e-05
2023-11-29,09:36:50,21.0344,23.94,25.0,2916,14911499.0,4.836894447487169e-05
2023-11-29,09:36:50,21.0381,23.94,25.0,2916,14911499.0,4.836894447487169e-05
2023-11-29,09:36:50,21.0418,23.94,25.0,2921,14911512.0,4.798367382638663e-05
2023-11-29,09:36:50,21.0453,23.94,25.0,2923,14911510.0,4.783042619758796e-05
2023-11-29,09:36:50,21.0487,23.94,25.0,2918,14911504.0,4.821446638978198e-05
2023-11-29,09:36:50,21.0523,23.94,25.0,2913,14911506.0,4.86015901185645e-05
2023-11-29,09:36:50,21.0559,23.94,25.0,2915,14911502.0,4.84463690225629e-05
2023-11-29,09:36:50,21.0595,23.94,25.0,2921,14911499.0,4.798367382638663e-05
2023-11-29,09:36:50,21.063,23.94,25.0,2924,14911509.0,4.775398601870682e-05
2023-11-29,09:36:50,21.0663,23.94,25.0,2922,14911512.0,4.790698873486118e-05
2023-11-29,09:36:50,21.0699,23.94,25.0,2917,14911504.0,4.82916436631943e-05
2023-11-29,09:36:50,21.0734,23.94,25.0,2914,14911504.0,4.852391750433305e-05
2023-11-29,09:36:50,21.0769,23.94,25.0,2917,14911503.0,4.82916436631943e-05
2023-11-29,09:36:50,21.0805,23.94,25.0,2922,14911499.0,4.790698873486118e-05
2023-11-29,09:36:50,21.0839,23.94,25.0,2924,14911509.0,4.775398601870682e-05
2023-11-29,09:36:50,21.0873,23.94,25.0,2920,14911514.0,4.806048166833774e-05
2023-11-29,09:36:50,21.0909,23.94,25.0,2914,14911501.0,4.852391750433305e-05
2023-11-29,09:36:50,21.0946,23.94,25.0,2915,14911500.0,4.84463690225629e-05
2023-11-29,09:36:50,21.0982,23.94,25.0,2921,14911510.0,4.798367382638663e-05
2023-11-29,09:36:50,21.1016,23.94,25.0,2925,14911505.0,4.767766800267084e-05
2023-11-29,09:36:50,21.1049,23.94,25.0,2922,14911506.0,4.790698873486118e-05
2023-11-29,09:36:50,21.1084,23.94,25.0,2917,14911510.0,4.82916436631943e-05
2023-11-29,09:36:50,21.1118,23.94,25.0,2914,14911499.0,4.852391750433305e-05
2023-11-29,09:36:50,21.1191,23.94,25.0,2920,14911508.0,4.806048166833774e-05
2023-11-29,09:36:50,21.1226,23.94,25.0,2924,14911504.0,4.775398601870682e-05
2023-11-29,09:36:50,21.1261,23.94,25.0,2921,14911505.0,4.798367382638663e-05
2023-11-29,09:36:50,21.1295,23.94,25.0,2915,14911510.0,4.84463690225629e-05
2023-11-29,09:36:50,21.1331,23.94,25.0,2913,14911500.0,4.86015901185645e-05
2023-11-29,09:36:50,21.1368,23.94,25.0,2917,14911496.0,4.82916436631943e-05
2023-11-29,09:36:50,21.1404,23.94,25.0,2923,14911509.0,4.783042619758796e-05
2023-11-29,09:36:50,21.1438,23.94,25.0,2922,14911510.0,4.790698873486118e-05
2023-11-29,09:36:50,21.1473,23.94,25.0,2915,14911501.0,4.84463690225629e-05
2023-11-29,09:36:50,21.1509,23.94,25.0,2913,14911503.0,4.86015901185645e-05
2023-11-29,09:36:50,21.1545,23.94,25.0,2918,14911504.0,4.821446638978198e-05
2023-11-29,09:36:50,21.1581,23.94,25.0,2923,14911500.0,4.783042619758796e-05
2023-11-29,09:36:50,21.1615,23.94,25.0,2921,14911505.0,4.798367382638663e-05
2023-11-29,09:36:50,21.165,23.94,25.0,2917,14911510.0,4.82916436631943e-05
2023-11-29,09:36:50,21.1686,23.94,25.0,2914,14911502.0,4.852391750433305e-05
2023-11-29,09:36:50,21.1723,23.94,25.0,2914,14911502.0,4.852391750433305e-05
2023-11-29,09:36:50,21.1758,23.94,25.0,2920,14911509.0,4.806048166833774e-05
2023-11-29,09:36:50,21.1792,23.94,25.0,2924,14911504.0,4.775398601870682e-05
2023-11-29,09:36:50,21.1826,23.94,25.0,2921,14911507.0,4.798367382638663e-05
2023-11-29,09:36:50,21.1862,23.94,25.0,2916,14911511.0,4.836894447487169e-05
2023-11-29,09:36:50,21.1898,23.94,25.0,2914,14911500.0,4.852391750433305e-05
2023-11-29,09:36:51,21.1934,23.94,25.0,2917,14911499.0,4.82916436631943e-05
2023-11-29,09:36:51,21.197,23.94,25.0,2922,14911511.0,4.790698873486118e-05
2023-11-29,09:36:51,21.2003,23.94,25.0,2924,14911508.0,4.775398601870682e-05
2023-11-29,09:36:51,21.2038,23.94,25.0,2919,14911502.0,4.81374124572022e-05
2023-11-29,09:36:51,21.2073,23.94,25.0,2913,14911505.0,4.86015901185645e-05
2023-11-29,09:36:51,21.2109,23.94,25.0,2916,14911503.0,4.836894447487169e-05
2023-11-29,09:36:51,21.2146,23.94,25.0,2922,14911498.0,4.790698873486118e-05
2023-11-29,09:36:51,21.2181,23.94,25.0,2925,14911507.0,4.767766800267084e-05
2023-11-29,09:36:51,21.2214,23.94,25.0,2924,14911509.0,4.775398601870682e-05
2023-11-29,09:36:51,21.2249,23.94,25.0,2917,14911501.0,4.82916436631943e-05
2023-11-29,09:36:51,21.2286,23.94,25.0,2913,14911504.0,4.86015901185645e-05
2023-11-29,09:36:51,21.2323,23.94,25.0,2916,14911502.0,4.836894447487169e-05
2023-11-29,09:36:51,21.2358,23.94,25.0,2922,14911497.0,4.790698873486118e-05
2023-11-29,09:36:51,21.2392,23.94,25.0,2925,14911507.0,4.767766800267084e-05
2023-11-29,09:36:51,21.2425,23.94,25.0,2920,14911512.0,4.806048166833774e-05
2023-11-29,09:36:51,21.2459,23.94,25.0,2915,14911500.0,4.84463690225629e-05
2023-11-29,09:36:51,21.2496,23.94,25.0,2916,14911502.0,4.836894447487169e-05
2023-11-29,09:36:51,21.2533,23.94,25.0,2921,14911510.0,4.798367382638663e-05
2023-11-29,09:36:51,21.2567,23.94,25.0,2925,14911502.0,4.767766800267084e-05
2023-11-29,09:36:51,21.2602,23.94,25.0,2922,14911503.0,4.790698873486118e-05
2023-11-29,09:36:51,21.2637,23.94,25.0,2915,14911511.0,4.84463690225629e-05
2023-11-29,09:36:51,21.2672,23.94,25.0,2912,14911500.0,4.867938706395693e-05
2023-11-29,09:36:51,21.271,23.94,25.0,2916,14911497.0,4.836894447487169e-05
2023-11-29,09:36:51,21.2779,23.94,25.0,2926,14911507.0,4.760147195424543e-05
2023-11-29,09:36:51,21.2812,23.94,25.0,2922,14911504.0,4.790698873486118e-05
2023-11-29,09:36:51,21.2848,23.94,25.0,2915,14911509.0,4.84463690225629e-05
2023-11-29,09:36:51,21.2884,23.94,25.0,2912,14911498.0,4.867938706395693e-05
2023-11-29,09:36:51,21.2919,23.94,25.0,2916,14911496.0,4.836894447487169e-05
2023-11-29,09:36:51,21.2955,23.94,25.0,2923,14911510.0,4.783042619758796e-05
2023-11-29,09:36:51,21.2989,23.94,25.0,2924,14911507.0,4.775398601870682e-05
2023-11-29,09:36:51,21.3023,23.94,25.0,2919,14911501.0,4.81374124572022e-05
2023-11-29,09:36:51,21.306,23.94,25.0,2915,14911507.0,4.84463690225629e-05
2023-11-29,09:36:51,21.3096,23.94,25.0,2917,14911503.0,4.82916436631943e-05
2023-11-29,09:36:51,21.3132,23.94,25.0,2922,14911499.0,4.790698873486118e-05
2023-11-29,09:36:51,21.3166,23.94,25.0,2924,14911508.0,4.775398601870682e-05
2023-11-29,09:36:51,21.32,23.94,25.0,2921,14911509.0,4.798367382638663e-05
2023-11-29,09:36:51,21.3234,23.94,25.0,2916,14911501.0,4.836894447487169e-05
2023-11-29,09:36:51,21.327,23.94,25.0,2914,14911505.0,4.852391750433305e-05
2023-11-29,09:36:51,21.3306,23.94,25.0,2917,14911504.0,4.82916436631943e-05
2023-11-29,09:36:51,21.3342,23.94,25.0,2923,14911499.0,4.783042619758796e-05
2023-11-29,09:36:51,21.3376,23.94,25.0,2925,14911506.0,4.767766800267084e-05
2023-11-29,09:36:51,21.341,23.94,25.0,2921,14911510.0,4.798367382638663e-05
2023-11-29,09:36:51,21.3446,23.94,25.0,2916,14911500.0,4.836894447487169e-05
2023-11-29,09:36:51,21.3483,23.94,25.0,2916,14911499.0,4.836894447487169e-05
2023-11-29,09:36:51,21.3518,23.94,25.0,2921,14911506.0,4.798367382638663e-05
2023-11-29,09:36:51,21.3554,23.94,25.0,2925,14911503.0,4.767766800267084e-05
2023-11-29,09:36:51,21.3588,23.94,25.0,2922,14911505.0,4.790698873486118e-05
2023-11-29,09:36:51,21.3622,23.94,25.0,2916,14911509.0,4.836894447487169e-05
2023-11-29,09:36:51,21.3658,23.94,25.0,2913,14911498.0,4.86015901185645e-05
2023-11-29,09:36:51,21.3694,23.94,25.0,2917,14911495.0,4.82916436631943e-05
2023-11-29,09:36:51,21.3731,23.94,25.0,2924,14911509.0,4.775398601870682e-05
2023-11-29,09:36:51,21.3764,23.94,25.0,2924,14911508.0,4.775398601870682e-05
2023-11-29,09:36:51,21.3798,23.94,25.0,2919,14911505.0,4.81374124572022e-05
2023-11-29,09:36:51,21.3833,23.94,25.0,2914,14911510.0,4.852391750433305e-05
2023-11-29,09:36:51,21.3869,23.94,25.0,2912,14911499.0,4.867938706395693e-05
2023-11-29,09:36:51,21.3905,23.94,25.0,2917,14911496.0,4.82916436631943e-05
2023-11-29,09:36:51,21.3941,23.94,25.0,2924,14911511.0,4.775398601870682e-05
2023-11-29,09:36:51,21.3975,23.94,25.0,2924,14911510.0,4.775398601870682e-05
2023-11-29,09:36:51,21.4009,23.94,25.0,2917,14911502.0,4.82916436631943e-05
2023-11-29,09:36:51,21.4045,23.94,25.0,2913,14911506.0,4.86015901185645e-05
2023-11-29,09:36:51,21.4082,23.94,25.0,2917,14911503.0,4.82916436631943e-05
2023-11-29,09:36:51,21.4118,23.94,25.0,2922,14911498.0,4.790698873486118e-05
2023-11-29,09:36:51,21.4184,23.94,25.0,2921,14911511.0,4.798367382638663e-05
2023-11-29,09:36:51,21.422,23.94,25.0,2915,14911501.0,4.84463690225629e-05
2023-11-29,09:36:51,21.4257,23.94,25.0,2914,14911503.0,4.852391750433305e-05
2023-11-29,09:36:51,21.4294,23.94,25.0,2920,14911509.0,4.806048166833774e-05
2023-11-29,09:36:51,21.4329,23.94,25.0,2924,14911502.0,4.775398601870682e-05
2023-11-29,09:36:51,21.4362,23.94,25.0,2924,14911507.0,4.775398601870682e-05
2023-11-29,09:36:51,21.4395,23.94,25.0,2919,14911511.0,4.81374124572022e-05
2023-11-29,09:36:51,21.443,23.94,25.0,2914,14911500.0,4.852391750433305e-05
2023-11-29,09:36:51,21.4467,23.94,25.0,2916,14911502.0,4.836894447487169e-05
2023-11-29,09:36:51,21.4504,23.94,25.0,2921,14911511.0,4.798367382638663e-05
2023-11-29,09:36:51,21.4539,23.94,25.0,2925,14911503.0,4.767766800267084e-05
2023-11-29,09:36:51,21.4573,23.94,25.0,2922,14911502.0,4.790698873486118e-05
2023-11-29,09:36:51,21.4609,23.94,25.0,2915,14911509.0,4.84463690225629e-05
2023-11-29,09:36:51,21.4645,23.94,25.0,2913,14911498.0,4.86015901185645e-05
2023-11-29,09:36:51,21.4681,23.94,25.0,2918,14911495.0,4.821446638978198e-05
2023-11-29,09:36:51,21.4715,23.94,25.0,2924,14911509.0,4.775398601870682e-05
2023-11-29,09:36:51,21.4749,23.94,25.0,2923,14911507.0,4.783042619758796e-05
2023-11-29,09:36:51,21.4784,23.94,25.0,2917,14911501.0,4.82916436631943e-05
2023-11-29,09:36:51,21.482,23.94,25.0,2913,14911508.0,4.86015901185645e-05
2023-11-29,09:36:51,21.4856,23.94,25.0,2914,14911503.0,4.852391750433305e-05
2023-11-29,09:36:51,21.4893,23.94,25.0,2920,14911496.0,4.806048166833774e-05
2023-11-29,09:36:51,21.4928,23.94,25.0,2925,14911507.0,4.767766800267084e-05
2023-11-29,09:36:51,21.4961,23.94,25.0,2923,14911510.0,4.783042619758796e-05
2023-11-29,09:36:51,21.4996,23.94,25.0,2917,14911501.0,4.82916436631943e-05
2023-11-29,09:36:51,21.5031,23.94,25.0,2913,14911506.0,4.86015901185645e-05
2023-11-29,09:36:51,21.5067,23.94,25.0,2918,14911508.0,4.821446638978198e-05
2023-11-29,09:36:51,21.5103,23.94,25.0,2924,14911500.0,4.775398601870682e-05
2023-11-29,09:36:51,21.5138,23.94,25.0,2923,14911505.0,4.783042619758796e-05
2023-11-29,09:36:51,21.5171,23.94,25.0,2918,14911509.0,4.821446638978198e-05
2023-11-29,09:36:51,21.5206,23.94,25.0,2914,14911500.0,4.852391750433305e-05
2023-11-29,09:36:51,21.5243,23.94,25.0,2916,14911502.0,4.836894447487169e-05
2023-11-29,09:36:51,21.5278,23.94,25.0,2922,14911512.0,4.790698873486118e-05
2023-11-29,09:36:51,21.5313,23.94,25.0,2925,14911505.0,4.767766800267084e-05
2023-11-29,09:36:51,21.5348,23.94,25.0,2922,14911505.0,4.790698873486118e-05
2023-11-29,09:36:51,21.5381,23.94,25.0,2917,14911511.0,4.82916436631943e-05
2023-11-29,09:36:51,21.5415,23.94,25.0,2912,14911499.0,4.867938706395693e-05
2023-11-29,09:36:51,21.5453,23.94,25.0,2914,14911499.0,4.852391750433305e-05
2023-11-29,09:36:51,21.549,23.94,25.0,2922,14911511.0,4.790698873486118e-05
2023-11-29,09:36:51,21.5524,23.94,25.0,2925,14911506.0,4.767766800267084e-05
2023-11-29,09:36:51,21.5558,23.94,25.0,2920,14911504.0,4.806048166833774e-05
2023-11-29,09:36:51,21.5592,23.94,25.0,2915,14911510.0,4.84463690225629e-05
2023-11-29,09:36:51,21.5629,23.94,25.0,2914,14911502.0,4.852391750433305e-05
2023-11-29,09:36:51,21.5701,23.94,25.0,2924,14911508.0,4.775398601870682e-05
2023-11-29,09:36:51,21.5734,23.94,25.0,2923,14911508.0,4.783042619758796e-05
2023-11-29,09:36:51,21.5769,23.94,25.0,2918,14911503.0,4.821446638978198e-05
2023-11-29,09:36:51,21.5805,23.94,25.0,2914,14911509.0,4.852391750433305e-05
2023-11-29,09:36:51,21.5842,23.94,25.0,2918,14911509.0,4.821446638978198e-05
2023-11-29,09:36:51,21.5878,23.94,25.0,2925,14911499.0,4.767766800267084e-05
2023-11-29,09:36:51,21.5911,23.94,25.0,2926,14911506.0,4.760147195424543e-05
2023-11-29,09:36:51,21.5944,23.94,25.0,2922,14911509.0,4.790698873486118e-05
2023-11-29,09:36:51,21.5979,23.94,25.0,2916,14911502.0,4.836894447487169e-05
2023-11-29,09:36:51,21.6014,23.94,25.0,2914,14911507.0,4.852391750433305e-05
2023-11-29,09:36:51,21.6052,23.94,25.0,2918,14911507.0,4.821446638978198e-05
2023-11-29,09:36:51,21.6089,23.94,25.0,2924,14911498.0,4.775398601870682e-05
2023-11-29,09:36:51,21.6123,23.94,25.0,2925,14911505.0,4.767766800267084e-05
2023-11-29,09:36:51,21.6157,23.94,25.0,2919,14911510.0,4.81374124572022e-05
2023-11-29,09:36:51,21.6191,23.94,25.0,2914,14911501.0,4.852391750433305e-05
2023-11-29,09:36:51,21.6228,23.94,25.0,2917,14911500.0,4.82916436631943e-05
2023-11-29,09:36:51,21.6265,23.94,25.0,2923,14911509.0,4.783042619758796e-05
2023-11-29,09:36:51,21.6299,23.94,25.0,2926,14911505.0,4.760147195424543e-05
2023-11-29,09:36:51,21.6332,23.94,25.0,2922,14911505.0,4.790698873486118e-05
2023-11-29,09:36:51,21.6368,23.94,25.0,2916,14911511.0,4.836894447487169e-05
2023-11-29,09:36:51,21.6402,23.94,25.0,2913,14911500.0,4.86015901185645e-05
2023-11-29,09:36:51,21.6438,23.94,25.0,2917,14911499.0,4.82916436631943e-05
2023-11-29,09:36:51,21.6475,23.94,25.0,2925,14911512.0,4.767766800267084e-05
2023-11-29,09:36:51,21.651,23.94,25.0,2927,14911507.0,4.752539767850818e-05
2023-11-29,09:36:51,21.6543,23.94,25.0,2922,14911505.0,4.790698873486118e-05
2023-11-29,09:36:51,21.6578,23.94,25.0,2916,14911511.0,4.836894447487169e-05
2023-11-29,09:36:51,21.6614,23.94,25.0,2914,14911499.0,4.852391750433305e-05
2023-11-29,09:36:51,21.6651,23.94,25.0,2919,14911494.0,4.81374124572022e-05
2023-11-29,09:36:51,21.6686,23.94,25.0,2925,14911508.0,4.767766800267084e-05
2023-11-29,09:36:51,21.672,23.94,25.0,2923,14911509.0,4.783042619758796e-05
2023-11-29,09:36:51,21.6754,23.94,25.0,2917,14911501.0,4.82916436631943e-05
2023-11-29,09:36:51,21.679,23.94,25.0,2914,14911507.0,4.852391750433305e-05
2023-11-29,09:36:51,21.6826,23.94,25.0,2917,14911507.0,4.82916436631943e-05
2023-11-29,09:36:51,21.6862,23.94,25.0,2923,14911498.0,4.783042619758796e-05
2023-11-29,09:36:51,21.6896,23.94,25.0,2925,14911505.0,4.767766800267084e-05
2023-11-29,09:36:51,21.693,23.94,25.0,2921,14911508.0,4.798367382638663e-05
2023-11-29,09:36:51,21.6964,23.94,25.0,2916,14911502.0,4.836894447487169e-05
2023-11-29,09:36:51,21.6999,23.94,25.0,2912,14911509.0,4.867938706395693e-05
2023-11-29,09:36:51,21.7072,23.94,25.0,2924,14911497.0,4.775398601870682e-05
2023-11-29,09:36:51,21.7106,23.94,25.0,2927,14911505.0,4.752539767850818e-05
2023-11-29,09:36:51,21.714,23.94,25.0,2922,14911509.0,4.790698873486118e-05
2023-11-29,09:36:51,21.7174,23.94,25.0,2917,14911500.0,4.82916436631943e-05
2023-11-29,09:36:51,21.721,23.94,25.0,2915,14911506.0,4.84463690225629e-05
2023-11-29,09:36:51,21.7247,23.94,25.0,2919,14911511.0,4.81374124572022e-05
2023-11-29,09:36:51,21.7283,23.94,25.0,2925,14911502.0,4.767766800267084e-05
2023-11-29,09:36:51,21.7316,23.94,25.0,2923,14911504.0,4.783042619758796e-05
2023-11-29,09:36:51,21.7351,23.94,25.0,2918,14911509.0,4.821446638978198e-05
2023-11-29,09:36:51,21.7387,23.94,25.0,2914,14911500.0,4.852391750433305e-05
2023-11-29,09:36:51,21.7422,23.94,25.0,2916,14911500.0,4.836894447487169e-05
2023-11-29,09:36:51,21.7458,23.94,25.0,2923,14911512.0,4.783042619758796e-05
2023-11-29,09:36:51,21.7494,23.94,25.0,2925,14911506.0,4.767766800267084e-05
2023-11-29,09:36:51,21.7527,23.94,25.0,2921,14911504.0,4.798367382638663e-05
2023-11-29,09:36:51,21.7562,23.94,25.0,2915,14911509.0,4.84463690225629e-05
2023-11-29,09:36:51,21.7598,23.94,25.0,2912,14911499.0,4.867938706395693e-05
2023-11-29,09:36:51,21.7635,23.94,25.0,2917,14911498.0,4.82916436631943e-05
2023-11-29,09:36:51,21.7672,23.94,25.0,2924,14911509.0,4.775398601870682e-05
2023-11-29,09:36:51,21.7704,23.94,25.0,2925,14911507.0,4.767766800267084e-05
2023-11-29,09:36:51,21.7737,23.94,25.0,2920,14911502.0,4.806048166833774e-05
2023-11-29,09:36:51,21.7774,23.94,25.0,2915,14911509.0,4.84463690225629e-05
2023-11-29,09:36:51,21.7812,23.94,25.0,2917,14911504.0,4.82916436631943e-05
2023-11-29,09:36:51,21.7847,23.94,25.0,2923,14911498.0,4.783042619758796e-05
2023-11-29,09:36:51,21.7882,23.94,25.0,2926,14911507.0,4.760147195424543e-05
2023-11-29,09:36:51,21.7915,23.94,25.0,2922,14911507.0,4.790698873486118e-05
2023-11-29,09:36:51,21.795,23.94,25.0,2917,14911499.0,4.82916436631943e-05
2023-11-29,09:36:51,21.7984,23.94,25.0,2914,14911506.0,4.852391750433305e-05
2023-11-29,09:36:51,21.8022,23.94,25.0,2918,14911511.0,4.821446638978198e-05
2023-11-29,09:36:51,21.8059,23.94,25.0,2925,14911499.0,4.767766800267084e-05
2023-11-29,09:36:51,21.8092,23.94,25.0,2925,14911503.0,4.767766800267084e-05
2023-11-29,09:36:51,21.8125,23.94,25.0,2921,14911508.0,4.798367382638663e-05
2023-11-29,09:36:51,21.816,23.94,25.0,2918,14911500.0,4.821446638978198e-05
2023-11-29,09:36:51,21.8197,23.94,25.0,2916,14911508.0,4.836894447487169e-05
2023-11-29,09:36:51,21.8234,23.94,25.0,2919,14911511.0,4.81374124572022e-05
2023-11-29,09:36:51,21.8269,23.94,25.0,2925,14911501.0,4.767766800267084e-05
2023-11-29,09:36:51,21.8302,23.94,25.0,2924,14911504.0,4.775398601870682e-05
2023-11-29,09:36:51,21.8336,23.94,25.0,2919,14911509.0,4.81374124572022e-05
2023-11-29,09:36:51,21.8371,23.94,25.0,2916,14911500.0,4.836894447487169e-05
2023-11-29,09:36:51,21.8407,23.94,25.0,2918,14911503.0,4.821446638978198e-05
2023-11-29,09:36:51,21.8478,23.94,25.0,2925,14911508.0,4.767766800267084e-05
2023-11-29,09:36:51,21.8513,23.94,25.0,2921,14911506.0,4.798367382638663e-05
2023-11-29,09:36:51,21.8548,23.94,25.0,2916,14911508.0,4.836894447487169e-05
2023-11-29,09:36:51,21.8582,23.94,25.0,2913,14911496.0,4.86015901185645e-05
2023-11-29,09:36:51,21.8619,23.94,25.0,2918,14911495.0,4.821446638978198e-05
2023-11-29,09:36:51,21.8656,23.94,25.0,2926,14911509.0,4.760147195424543e-05
2023-11-29,09:36:51,21.869,23.94,25.0,2926,14911507.0,4.760147195424543e-05
2023-11-29,09:36:51,21.8723,23.94,25.0,2921,14911505.0,4.798367382638663e-05
2023-11-29,09:36:51,21.8758,23.94,25.0,2917,14911511.0,4.82916436631943e-05
2023-11-29,09:36:51,21.8793,23.94,25.0,2916,14911503.0,4.836894447487169e-05
2023-11-29,09:36:51,21.883,23.94,25.0,2920,14911496.0,4.806048166833774e-05
2023-11-29,09:36:51,21.8866,23.94,25.0,2926,14911508.0,4.760147195424543e-05
2023-11-29,09:36:51,21.89,23.94,25.0,2924,14911509.0,4.775398601870682e-05
2023-11-29,09:36:51,21.8934,23.94,25.0,2918,14911501.0,4.821446638978198e-05
2023-11-29,09:36:51,21.8971,23.94,25.0,2915,14911507.0,4.84463690225629e-05
2023-11-29,09:36:51,21.9007,23.94,25.0,2919,14911509.0,4.81374124572022e-05
2023-11-29,09:36:51,21.9043,23.94,25.0,2926,14911499.0,4.760147195424543e-05
2023-11-29,09:36:51,21.9078,23.94,25.0,2927,14911505.0,4.752539767850818e-05
2023-11-29,09:36:51,21.9111,23.94,25.0,2923,14911508.0,4.783042619758796e-05
2023-11-29,09:36:51,21.9145,23.94,25.0,2919,14911500.0,4.81374124572022e-05
2023-11-29,09:36:51,21.9182,23.94,25.0,2917,14911507.0,4.82916436631943e-05
2023-11-29,09:36:51,21.9218,23.94,25.0,2921,14911511.0,4.798367382638663e-05
2023-11-29,09:36:51,21.9253,23.94,25.0,2927,14911502.0,4.752539767850818e-05
2023-11-29,09:36:51,21.9287,23.94,25.0,2927,14911505.0,4.752539767850818e-05
2023-11-29,09:36:51,21.9321,23.94,25.0,2922,14911508.0,4.790698873486118e-05
2023-11-29,09:36:51,21.9355,23.94,25.0,2917,14911499.0,4.82916436631943e-05
2023-11-29,09:36:51,21.9392,23.94,25.0,2917,14911504.0,4.82916436631943e-05
2023-11-29,09:36:51,21.9428,23.94,25.0,2923,14911511.0,4.783042619758796e-05
2023-11-29,09:36:51,21.9463,23.94,25.0,2928,14911505.0,4.744944498084801e-05
2023-11-29,09:36:51,21.9497,23.94,25.0,2925,14911505.0,4.767766800267084e-05
2023-11-29,09:36:51,21.9532,23.94,25.0,2919,14911508.0,4.81374124572022e-05
2023-11-29,09:36:51,21.9566,23.94,25.0,2914,14911498.0,4.852391750433305e-05
2023-11-29,09:36:51,21.9602,23.94,25.0,2918,14911498.0,4.821446638978198e-05
2023-11-29,09:36:51,21.9639,23.94,25.0,2926,14911510.0,4.760147195424543e-05
2023-11-29,09:36:51,21.9673,23.94,25.0,2928,14911504.0,4.744944498084801e-05
2023-11-29,09:36:51,21.9706,23.94,25.0,2925,14911504.0,4.767766800267084e-05
2023-11-29,09:36:51,21.9741,23.94,25.0,2919,14911511.0,4.81374124572022e-05
2023-11-29,09:36:51,21.9775,23.94,25.0,2915,14911500.0,4.84463690225629e-05
2023-11-29,09:36:51,21.9851,23.94,25.0,2924,14911508.0,4.775398601870682e-05
2023-11-29,09:36:51,21.9884,23.94,25.0,2925,14911508.0,4.767766800267084e-05
2023-11-29,09:36:51,21.9918,23.94,25.0,2921,14911506.0,4.798367382638663e-05
2023-11-29,09:36:51,21.9954,23.94,25.0,2917,14911509.0,4.82916436631943e-05
2023-11-29,09:36:51,21.999,23.94,25.0,2919,14911505.0,4.81374124572022e-05
2023-11-29,09:36:51,22.0026,23.94,25.0,2925,14911494.0,4.767766800267084e-05
2023-11-29,09:36:51,22.0061,23.94,25.0,2928,14911501.0,4.744944498084801e-05
2023-11-29,09:36:51,22.0094,23.94,25.0,2925,14911505.0,4.767766800267084e-05
2023-11-29,09:36:51,22.0128,23.94,25.0,2919,14911500.0,4.81374124572022e-05
2023-11-29,09:36:51,22.0163,23.94,25.0,2914,14911510.0,4.852391750433305e-05
2023-11-29,09:36:51,22.0199,23.94,25.0,2918,14911509.0,4.821446638978198e-05
2023-11-29,09:36:51,22.0236,23.94,25.0,2926,14911499.0,4.760147195424543e-05
2023-11-29,09:36:51,22.027,23.94,25.0,2928,14911505.0,4.744944498084801e-05
2023-11-29,09:36:51,22.0304,23.94,25.0,2924,14911506.0,4.775398601870682e-05
2023-11-29,09:36:51,22.0338,23.94,25.0,2919,14911500.0,4.81374124572022e-05
2023-11-29,09:36:51,22.0375,23.94,25.0,2917,14911507.0,4.82916436631943e-05
2023-11-29,09:36:51,22.0413,23.94,25.0,2921,14911509.0,4.798367382638663e-05
2023-11-29,09:36:51,22.0447,23.94,25.0,2927,14911503.0,4.752539767850818e-05
2023-11-29,09:36:51,22.0482,23.94,25.0,2925,14911506.0,4.767766800267084e-05
2023-11-29,09:36:51,22.0516,23.94,25.0,2920,14911508.0,4.806048166833774e-05
2023-11-29,09:36:51,22.0551,23.94,25.0,2916,14911498.0,4.836894447487169e-05
2023-11-29,09:36:51,22.0588,23.94,25.0,2918,14911500.0,4.821446638978198e-05
2023-11-29,09:36:51,22.0624,23.94,25.0,2925,14911511.0,4.767766800267084e-05
2023-11-29,09:36:51,22.0657,23.94,25.0,2927,14911507.0,4.752539767850818e-05
2023-11-29,09:36:51,22.0692,23.94,25.0,2923,14911504.0,4.783042619758796e-05
2023-11-29,09:36:51,22.0727,23.94,25.0,2918,14911507.0,4.821446638978198e-05
2023-11-29,09:36:51,22.0762,23.94,25.0,2914,14911497.0,4.852391750433305e-05
2023-11-29,09:36:51,22.0798,23.94,25.0,2917,14911499.0,4.82916436631943e-05
2023-11-29,09:36:51,22.0835,23.94,25.0,2925,14911511.0,4.767766800267084e-05
2023-11-29,09:36:51,22.087,23.94,25.0,2925,14911508.0,4.767766800267084e-05
2023-11-29,09:36:51,22.0904,23.94,25.0,2920,14911504.0,4.806048166833774e-05
2023-11-29,09:36:51,22.0939,23.94,25.0,2918,14911506.0,4.821446638978198e-05
2023-11-29,09:36:51,22.0974,23.94,25.0,2919,14911502.0,4.81374124572022e-05
2023-11-29,09:36:51,22.1012,23.94,25.0,2923,14911497.0,4.783042619758796e-05
2023-11-29,09:36:51,22.1046,23.94,25.0,2927,14911506.0,4.752539767850818e-05
2023-11-29,09:36:51,22.1079,23.94,25.0,2924,14911507.0,4.775398601870682e-05
2023-11-29,09:36:51,22.1114,23.94,25.0,2919,14911500.0,4.81374124572022e-05
2023-11-29,09:36:51,22.115,23.94,25.0,2914,14911508.0,4.852391750433305e-05
2023-11-29,09:36:51,22.1186,23.94,25.0,2917,14911510.0,4.82916436631943e-05
2023-11-29,09:36:51,22.1256,23.94,25.0,2926,14911505.0,4.760147195424543e-05
2023-11-29,09:36:51,22.1289,23.94,25.0,2922,14911506.0,4.790698873486118e-05
2023-11-29,09:36:51,22.1324,23.94,25.0,2918,14911500.0,4.821446638978198e-05
2023-11-29,09:36:51,22.1361,23.94,25.0,2915,14911509.0,4.84463690225629e-05
2023-11-29,09:36:51,22.1397,23.94,25.0,2918,14911510.0,4.821446638978198e-05
2023-11-29,09:36:51,22.1431,23.94,25.0,2925,14911500.0,4.767766800267084e-05
2023-11-29,09:36:51,22.1466,23.94,25.0,2926,14911504.0,4.760147195424543e-05
2023-11-29,09:36:51,22.1501,23.94,25.0,2923,14911507.0,4.783042619758796e-05
2023-11-29,09:36:51,22.1536,23.94,25.0,2919,14911498.0,4.81374124572022e-05
2023-11-29,09:36:51,22.1572,23.94,25.0,2920,14911503.0,4.806048166833774e-05
2023-11-29,09:36:51,22.1608,23.94,25.0,2925,14911512.0,4.767766800267084e-05
2023-11-29,09:36:51,22.1643,23.94,25.0,2927,14911505.0,4.752539767850818e-05
2023-11-29,09:36:51,22.1676,23.94,25.0,2924,14911503.0,4.775398601870682e-05
2023-11-29,09:36:51,22.171,23.94,25.0,2919,14911508.0,4.81374124572022e-05
2023-11-29,09:36:51,22.1745,23.94,25.0,2915,14911498.0,4.84463690225629e-05
2023-11-29,09:36:51,22.1782,23.94,25.0,2918,14911499.0,4.821446638978198e-05
2023-11-29,09:36:51,22.1819,23.94,25.0,2925,14911510.0,4.767766800267084e-05
2023-11-29,09:36:51,22.1853,23.94,25.0,2926,14911507.0,4.760147195424543e-05
2023-11-29,09:36:51,22.1887,23.94,25.0,2922,14911504.0,4.790698873486118e-05
2023-11-29,09:36:51,22.1923,23.94,25.0,2919,14911508.0,4.81374124572022e-05
2023-11-29,09:36:52,22.196,23.94,25.0,2917,14911500.0,4.82916436631943e-05
2023-11-29,09:36:52,22.1996,23.94,25.0,2921,14911493.0,4.798367382638663e-05
2023-11-29,09:36:52,22.2029,23.94,25.0,2927,14911504.0,4.752539767850818e-05
2023-11-29,09:36:52,22.2064,23.94,25.0,2924,14911505.0,4.775398601870682e-05
2023-11-29,09:36:52,22.21,23.94,25.0,2918,14911497.0,4.821446638978198e-05
2023-11-29,09:36:52,22.2135,23.94,25.0,2916,14911504.0,4.836894447487169e-05
2023-11-29,09:36:52,22.2171,23.94,25.0,2920,14911508.0,4.806048166833774e-05
2023-11-29,09:36:52,22.2207,23.94,25.0,2926,14911499.0,4.760147195424543e-05
2023-11-29,09:36:52,22.2242,23.94,25.0,2926,14911502.0,4.760147195424543e-05
2023-11-29,09:36:52,22.2275,23.94,25.0,2921,14911505.0,4.798367382638663e-05
2023-11-29,09:36:52,22.231,23.94,25.0,2918,14911498.0,4.821446638978198e-05
2023-11-29,09:36:52,22.2347,23.94,25.0,2917,14911506.0,4.82916436631943e-05
2023-11-29,09:36:52,22.2384,23.94,25.0,2920,14911510.0,4.806048166833774e-05
2023-11-29,09:36:52,22.2418,23.94,25.0,2925,14911501.0,4.767766800267084e-05
2023-11-29,09:36:52,22.2452,23.94,25.0,2925,14911504.0,4.767766800267084e-05
2023-11-29,09:36:52,22.2486,23.94,25.0,2921,14911507.0,4.798367382638663e-05
2023-11-29,09:36:52,22.2521,23.94,25.0,2917,14911499.0,4.82916436631943e-05
2023-11-29,09:36:52,22.2557,23.94,25.0,2918,14911500.0,4.821446638978198e-05
2023-11-29,09:36:52,22.2594,23.94,25.0,2924,14911509.0,4.775398601870682e-05
2023-11-29,09:36:52,22.2662,23.94,25.0,2923,14911502.0,4.783042619758796e-05
2023-11-29,09:36:52,22.2696,23.94,25.0,2918,14911508.0,4.821446638978198e-05
2023-11-29,09:36:52,22.2733,23.94,25.0,2915,14911499.0,4.84463690225629e-05
2023-11-29,09:36:52,22.277,23.94,25.0,2920,14911496.0,4.806048166833774e-05
2023-11-29,09:36:52,22.2805,23.94,25.0,2927,14911506.0,4.752539767850818e-05
2023-11-29,09:36:52,22.2838,23.94,25.0,2926,14911503.0,4.760147195424543e-05
2023-11-29,09:36:52,22.2873,23.94,25.0,2922,14911502.0,4.790698873486118e-05
2023-11-29,09:36:52,22.2907,23.94,25.0,2917,14911508.0,4.82916436631943e-05
2023-11-29,09:36:52,22.2943,23.94,25.0,2917,14911501.0,4.82916436631943e-05
2023-11-29,09:36:52,22.298,23.94,25.0,2923,14911495.0,4.783042619758796e-05
2023-11-29,09:36:52,22.3015,23.94,25.0,2927,14911505.0,4.752539767850818e-05
2023-11-29,09:36:52,22.3048,23.94,25.0,2925,14911506.0,4.767766800267084e-05
2023-11-29,09:36:52,22.3084,23.94,25.0,2920,14911499.0,4.806048166833774e-05
2023-11-29,09:36:52,22.312,23.94,25.0,2916,14911505.0,4.836894447487169e-05
2023-11-29,09:36:52,22.3154,23.94,25.0,2918,14911508.0,4.821446638978198e-05
2023-11-29,09:36:52,22.319,23.94,25.0,2924,14911498.0,4.775398601870682e-05
2023-11-29,09:36:52,22.3225,23.94,25.0,2925,14911501.0,4.767766800267084e-05
2023-11-29,09:36:52,22.3259,23.94,25.0,2920,14911503.0,4.806048166833774e-05
2023-11-29,09:36:52,22.3295,23.94,25.0,2916,14911495.0,4.836894447487169e-05
2023-11-29,09:36:52,22.3331,23.94,25.0,2916,14911504.0,4.836894447487169e-05
2023-11-29,09:36:52,22.3368,23.94,25.0,2921,14911509.0,4.798367382638663e-05
2023-11-29,09:36:52,22.3403,23.94,25.0,2926,14911501.0,4.760147195424543e-05
2023-11-29,09:36:52,22.3436,23.94,25.0,2925,14911504.0,4.767766800267084e-05
2023-11-29,09:36:52,22.3472,23.94,25.0,2920,14911506.0,4.806048166833774e-05
2023-11-29,09:36:52,22.3506,23.94,25.0,2916,14911498.0,4.836894447487169e-05
2023-11-29,09:36:52,22.3542,23.94,25.0,2918,14911501.0,4.821446638978198e-05
2023-11-29,09:36:52,22.3578,23.94,25.0,2923,14911508.0,4.783042619758796e-05
2023-11-29,09:36:52,22.3613,23.94,25.0,2925,14911504.0,4.767766800267084e-05
2023-11-29,09:36:52,22.3647,23.94,25.0,2921,14911503.0,4.798367382638663e-05
2023-11-29,09:36:52,22.3682,23.94,25.0,2917,14911508.0,4.82916436631943e-05
2023-11-29,09:36:52,22.3718,23.94,25.0,2916,14911501.0,4.836894447487169e-05
2023-11-29,09:36:52,22.3755,23.94,25.0,2922,14911493.0,4.790698873486118e-05
2023-11-29,09:36:52,22.379,23.94,25.0,2928,14911503.0,4.744944498084801e-05
2023-11-29,09:36:52,22.3822,23.94,25.0,2924,14911504.0,4.775398601870682e-05
2023-11-29,09:36:52,22.3856,23.94,25.0,2918,14911499.0,4.821446638978198e-05
2023-11-29,09:36:52,22.3892,23.94,25.0,2916,14911506.0,4.836894447487169e-05
2023-11-29,09:36:52,22.3929,23.94,25.0,2916,14911502.0,4.836894447487169e-05
2023-11-29,09:36:52,22.3966,23.94,25.0,2919,14911496.0,4.81374124572022e-05
2023-11-29,09:36:52,22.4,23.94,25.0,2924,14911504.0,4.775398601870682e-05
2023-11-29,09:36:52,22.4068,23.94,25.0,2920,14911502.0,4.806048166833774e-05
2023-11-29,09:36:52,22.4103,23.94,25.0,2917,14911508.0,4.82916436631943e-05
2023-11-29,09:36:52,22.4139,23.94,25.0,2919,14911507.0,4.81374124572022e-05
2023-11-29,09:36:52,22.4176,23.94,25.0,2926,14911497.0,4.760147195424543e-05
2023-11-29,09:36:52,22.421,23.94,25.0,2926,14911500.0,4.760147195424543e-05
2023-11-29,09:36:52,22.4245,23.94,25.0,2920,14911504.0,4.806048166833774e-05
2023-11-29,09:36:52,22.4279,23.94,25.0,2915,14911496.0,4.84463690225629e-05
2023-11-29,09:36:52,22.4315,23.94,25.0,2915,14911503.0,4.84463690225629e-05
2023-11-29,09:36:52,22.4352,23.94,25.0,2920,14911510.0,4.806048166833774e-05
2023-11-29,09:36:52,22.4387,23.94,25.0,2925,14911500.0,4.767766800267084e-05
2023-11-29,09:36:52,22.4422,23.94,25.0,2923,14911501.0,4.783042619758796e-05
2023-11-29,09:36:52,22.4456,23.94,25.0,2919,14911502.0,4.81374124572022e-05
2023-11-29,09:36:52,22.4491,23.94,25.0,2916,14911494.0,4.836894447487169e-05
2023-11-29,09:36:52,22.4528,23.94,25.0,2916,14911500.0,4.836894447487169e-05
2023-11-29,09:36:52,22.4565,23.94,25.0,2922,14911509.0,4.790698873486118e-05
2023-11-29,09:36:52,22.4598,23.94,25.0,2925,14911502.0,4.767766800267084e-05
2023-11-29,09:36:52,22.4631,23.94,25.0,2922,14911502.0,4.790698873486118e-05
2023-11-29,09:36:52,22.4666,23.94,25.0,2919,14911506.0,4.81374124572022e-05
2023-11-29,09:36:52,22.4702,23.94,25.0,2915,14911498.0,4.84463690225629e-05
2023-11-29,09:36:52,22.4739,23.94,25.0,2917,14911496.0,4.82916436631943e-05
2023-11-29,09:36:52,22.4774,23.94,25.0,2924,14911507.0,4.775398601870682e-05
2023-11-29,09:36:52,22.4807,23.94,25.0,2923,14911504.0,4.783042619758796e-05
2023-11-29,09:36:52,22.4843,23.94,25.0,2918,14911498.0,4.821446638978198e-05
2023-11-29,09:36:52,22.4878,23.94,25.0,2914,14911506.0,4.852391750433305e-05
2023-11-29,09:36:52,22.4914,23.94,25.0,2915,14911505.0,4.84463690225629e-05
2023-11-29,09:36:52,22.4951,23.94,25.0,2922,14911497.0,4.790698873486118e-05
2023-11-29,09:36:52,22.4986,23.94,25.0,2925,14911504.0,4.767766800267084e-05
2023-11-29,09:36:52,22.5019,23.94,25.0,2922,14911502.0,4.790698873486118e-05
2023-11-29,09:36:52,22.5054,23.94,25.0,2918,14911494.0,4.821446638978198e-05
2023-11-29,09:36:52,22.5091,23.94,25.0,2914,14911503.0,4.852391750433305e-05
2023-11-29,09:36:52,22.5128,23.94,25.0,2917,14911506.0,4.82916436631943e-05
2023-11-29,09:36:52,22.5164,23.94,25.0,2924,14911498.0,4.775398601870682e-05
2023-11-29,09:36:52,22.5197,23.94,25.0,2925,14911503.0,4.767766800267084e-05
2023-11-29,09:36:52,22.523,23.94,25.0,2920,14911504.0,4.806048166833774e-05
2023-11-29,09:36:52,22.5266,23.94,25.0,2915,14911496.0,4.84463690225629e-05
2023-11-29,09:36:52,22.5302,23.94,25.0,2916,14911502.0,4.836894447487169e-05
2023-11-29,09:36:52,22.5338,23.94,25.0,2921,14911508.0,4.798367382638663e-05
2023-11-29,09:36:52,22.5373,23.94,25.0,2924,14911501.0,4.775398601870682e-05
2023-11-29,09:36:52,22.5407,23.94,25.0,2921,14911502.0,4.798367382638663e-05
2023-11-29,09:36:52,22.5443,23.94,25.0,2916,14911504.0,4.836894447487169e-05
2023-11-29,09:36:52,22.5478,23.94,25.0,2913,14911495.0,4.86015901185645e-05
2023-11-29,09:36:52,22.5549,23.94,25.0,2923,14911506.0,4.783042619758796e-05
2023-11-29,09:36:52,22.5582,23.94,25.0,2926,14911502.0,4.760147195424543e-05
2023-11-29,09:36:52,22.5617,23.94,25.0,2922,14911502.0,4.790698873486118e-05
2023-11-29,09:36:52,22.5653,23.94,25.0,2917,14911507.0,4.82916436631943e-05
2023-11-29,09:36:52,22.5689,23.94,25.0,2916,14911497.0,4.836894447487169e-05
2023-11-29,09:36:52,22.5725,23.94,25.0,2918,14911495.0,4.821446638978198e-05
2023-11-29,09:36:52,22.5759,23.94,25.0,2923,14911505.0,4.783042619758796e-05
2023-11-29,09:36:52,22.5792,23.94,25.0,2922,14911503.0,4.790698873486118e-05
2023-11-29,09:36:52,22.5828,23.94,25.0,2919,14911499.0,4.81374124572022e-05
2023-11-29,09:36:52,22.5864,23.94,25.0,2916,14911507.0,4.836894447487169e-05
2023-11-29,09:36:52,22.59,23.94,25.0,2916,14911506.0,4.836894447487169e-05
2023-11-29,09:36:52,22.5936,23.94,25.0,2923,14911497.0,4.783042619758796e-05
2023-11-29,09:36:52,22.597,23.94,25.0,2924,14911502.0,4.775398601870682e-05
2023-11-29,09:36:52,22.6005,23.94,25.0,2920,14911501.0,4.806048166833774e-05
2023-11-29,09:36:52,22.6039,23.94,25.0,2917,14911494.0,4.82916436631943e-05
2023-11-29,09:36:52,22.6075,23.94,25.0,2917,14911503.0,4.82916436631943e-05
2023-11-29,09:36:52,22.6112,23.94,25.0,2920,14911507.0,4.806048166833774e-05
2023-11-29,09:36:52,22.6148,23.94,25.0,2924,14911498.0,4.775398601870682e-05
2023-11-29,09:36:52,22.6183,23.94,25.0,2924,14911501.0,4.775398601870682e-05
2023-11-29,09:36:52,22.6217,23.94,25.0,2919,14911504.0,4.81374124572022e-05
2023-11-29,09:36:52,22.6251,23.94,25.0,2915,14911496.0,4.84463690225629e-05
2023-11-29,09:36:52,22.6286,23.94,25.0,2917,14911498.0,4.82916436631943e-05
2023-11-29,09:36:52,22.6324,23.94,25.0,2922,14911506.0,4.790698873486118e-05
2023-11-29,09:36:52,22.6358,23.94,25.0,2924,14911499.0,4.775398601870682e-05
2023-11-29,09:36:52,22.6393,23.94,25.0,2921,14911498.0,4.798367382638663e-05
2023-11-29,09:36:52,22.6429,23.94,25.0,2917,14911504.0,4.82916436631943e-05
2023-11-29,09:36:52,22.6463,23.94,25.0,2914,14911497.0,4.852391750433305e-05
2023-11-29,09:36:52,22.6499,23.94,25.0,2918,14911496.0,4.821446638978198e-05
2023-11-29,09:36:52,22.6536,23.94,25.0,2925,14911505.0,4.767766800267084e-05
2023-11-29,09:36:52,22.6569,23.94,25.0,2924,14911502.0,4.775398601870682e-05
2023-11-29,09:36:52,22.6603,23.94,25.0,2920,14911499.0,4.806048166833774e-05
2023-11-29,09:36:52,22.6637,23.94,25.0,2915,14911506.0,4.84463690225629e-05
2023-11-29,09:36:52,22.6673,23.94,25.0,2913,14911500.0,4.86015901185645e-05
2023-11-29,09:36:52,22.6711,23.94,25.0,2919,14911494.0,4.81374124572022e-05
2023-11-29,09:36:52,22.6746,23.94,25.0,2924,14911503.0,4.775398601870682e-05
2023-11-29,09:36:52,22.6779,23.94,25.0,2922,14911502.0,4.790698873486118e-05
2023-11-29,09:36:52,22.6815,23.94,25.0,2919,14911497.0,4.81374124572022e-05
2023-11-29,09:36:52,22.685,23.94,25.0,2915,14911504.0,4.84463690225629e-05
2023-11-29,09:36:52,22.6886,23.94,25.0,2916,14911506.0,4.836894447487169e-05
2023-11-29,09:36:52,22.6955,23.94,25.0,2924,14911499.0,4.775398601870682e-05
2023-11-29,09:36:52,22.6989,23.94,25.0,2920,14911501.0,4.806048166833774e-05
2023-11-29,09:36:52,22.7024,23.94,25.0,2916,14911494.0,4.836894447487169e-05
2023-11-29,09:36:52,22.706,23.94,25.0,2913,14911504.0,4.86015901185645e-05
2023-11-29,09:36:52,22.7097,23.94,25.0,2916,14911507.0,4.836894447487169e-05
2023-11-29,09:36:52,22.7131,23.94,25.0,2922,14911498.0,4.790698873486118e-05
2023-11-29,09:36:52,22.7166,23.94,25.0,2924,14911502.0,4.775398601870682e-05
2023-11-29,09:36:52,22.72,23.94,25.0,2919,14911502.0,4.81374124572022e-05
2023-11-29,09:36:52,22.7235,23.94,25.0,2915,14911496.0,4.84463690225629e-05
2023-11-29,09:36:52,22.7272,23.94,25.0,2916,14911504.0,4.836894447487169e-05
2023-11-29,09:36:52,22.7309,23.94,25.0,2919,14911509.0,4.81374124572022e-05
2023-11-29,09:36:52,22.7344,23.94,25.0,2924,14911501.0,4.775398601870682e-05
2023-11-29,09:36:52,22.7377,23.94,25.0,2923,14911502.0,4.783042619758796e-05
2023-11-29,09:36:52,22.7412,23.94,25.0,2917,14911505.0,4.82916436631943e-05
2023-11-29,09:36:52,22.7446,23.94,25.0,2913,14911495.0,4.86015901185645e-05
2023-11-29,09:36:52,22.7482,23.94,25.0,2917,14911495.0,4.82916436631943e-05
2023-11-29,09:36:52,22.7519,23.94,25.0,2923,14911504.0,4.783042619758796e-05
2023-11-29,09:36:52,22.7552,23.94,25.0,2923,14911500.0,4.783042619758796e-05
2023-11-29,09:36:52,22.7587,23.94,25.0,2920,14911497.0,4.806048166833774e-05
2023-11-29,09:36:52,22.7624,23.94,25.0,2915,14911504.0,4.84463690225629e-05
2023-11-29,09:36:52,22.766,23.94,25.0,2913,14911498.0,4.86015901185645e-05
2023-11-29,09:36:52,22.7696,23.94,25.0,2918,14911496.0,4.821446638978198e-05
2023-11-29,09:36:52,22.773,23.94,25.0,2924,14911506.0,4.775398601870682e-05
2023-11-29,09:36:52,22.7764,23.94,25.0,2923,14911503.0,4.783042619758796e-05
2023-11-29,09:36:52,22.7798,23.94,25.0,2918,14911497.0,4.821446638978198e-05
2023-11-29,09:36:52,22.7833,23.94,25.0,2914,14911504.0,4.852391750433305e-05
2023-11-29,09:36:52,22.7869,23.94,25.0,2914,14911504.0,4.852391750433305e-05
2023-11-29,09:36:52,22.7906,23.94,25.0,2920,14911497.0,4.806048166833774e-05
2023-11-29,09:36:52,22.794,23.94,25.0,2924,14911504.0,4.775398601870682e-05
2023-11-29,09:36:52,22.7974,23.94,25.0,2921,14911503.0,4.798367382638663e-05
2023-11-29,09:36:52,22.8008,23.94,25.0,2917,14911496.0,4.82916436631943e-05
2023-11-29,09:36:52,22.8044,23.94,25.0,2914,14911505.0,4.852391750433305e-05
2023-11-29,09:36:52,22.808,23.94,25.0,2917,14911507.0,4.82916436631943e-05
2023-11-29,09:36:52,22.8116,23.94,25.0,2923,14911498.0,4.783042619758796e-05
2023-11-29,09:36:52,22.815,23.94,25.0,2924,14911503.0,4.775398601870682e-05
2023-11-29,09:36:52,22.8183,23.94,25.0,2920,14911502.0,4.806048166833774e-05
2023-11-29,09:36:52,22.8218,23.94,25.0,2916,14911496.0,4.836894447487169e-05
2023-11-29,09:36:52,22.829,23.94,25.0,2917,14911506.0,4.82916436631943e-05
2023-11-29,09:36:52,22.8326,23.94,25.0,2924,14911497.0,4.775398601870682e-05
2023-11-29,09:36:52,22.836,23.94,25.0,2924,14911502.0,4.775398601870682e-05
2023-11-29,09:36:52,22.8393,23.94,25.0,2919,14911503.0,4.81374124572022e-05
2023-11-29,09:36:52,22.8428,23.94,25.0,2915,14911494.0,4.84463690225629e-05
2023-11-29,09:36:52,22.8465,23.94,25.0,2915,14911501.0,4.84463690225629e-05
2023-11-29,09:36:52,22.8502,23.94,25.0,2919,14911506.0,4.81374124572022e-05
2023-11-29,09:36:52,22.8537,23.94,25.0,2923,14911499.0,4.783042619758796e-05
2023-11-29,09:36:52,22.8571,23.94,25.0,2921,14911499.0,4.798367382638663e-05
2023-11-29,09:36:52,22.8606,23.94,25.0,2917,14911502.0,4.82916436631943e-05
2023-11-29,09:36:52,22.864,23.94,25.0,2915,14911497.0,4.84463690225629e-05
2023-11-29,09:36:52,22.8678,23.94,25.0,2917,14911498.0,4.82916436631943e-05
2023-11-29,09:36:52,22.8715,23.94,25.0,2922,14911505.0,4.790698873486118e-05
2023-11-29,09:36:52,22.8749,23.94,25.0,2923,14911500.0,4.783042619758796e-05
2023-11-29,09:36:52,22.8784,23.94,25.0,2920,14911499.0,4.806048166833774e-05
2023-11-29,09:36:52,22.8818,23.94,25.0,2915,14911504.0,4.84463690225629e-05
2023-11-29,09:36:52,22.8853,23.94,25.0,2913,14911499.0,4.86015901185645e-05
2023-11-29,09:36:52,22.889,23.94,25.0,2918,14911496.0,4.821446638978198e-05
2023-11-29,09:36:52,22.8926,23.94,25.0,2923,14911506.0,4.783042619758796e-05
2023-11-29,09:36:52,22.8958,23.94,25.0,2921,14911504.0,4.798367382638663e-05
2023-11-29,09:36:52,22.8992,23.94,25.0,2916,14911497.0,4.836894447487169e-05
2023-11-29,09:36:52,22.9028,23.94,25.0,2912,14911505.0,4.867938706395693e-05
2023-11-29,09:36:52,22.9064,23.94,25.0,2915,14911507.0,4.84463690225629e-05
2023-11-29,09:36:52,22.9101,23.94,25.0,2924,14911496.0,4.775398601870682e-05
2023-11-29,09:36:52,22.9134,23.94,25.0,2924,14911499.0,4.775398601870682e-05
2023-11-29,09:36:52,22.9168,23.94,25.0,2918,14911500.0,4.821446638978198e-05
2023-11-29,09:36:52,22.9204,23.94,25.0,2915,14911494.0,4.84463690225629e-05
2023-11-29,09:36:52,22.9241,23.94,25.0,2914,14911501.0,4.852391750433305e-05
2023-11-29,09:36:52,22.9278,23.94,25.0,2918,14911507.0,4.821446638978198e-05
2023-11-29,09:36:52,22.9312,23.94,25.0,2924,14911499.0,4.775398601870682e-05
2023-11-29,09:36:52,22.9347,23.94,25.0,2924,14911502.0,4.775398601870682e-05
2023-11-29,09:36:52,22.9382,23.94,25.0,2919,14911502.0,4.81374124572022e-05
2023-11-29,09:36:52,22.9415,23.94,25.0,2914,14911494.0,4.852391750433305e-05
2023-11-29,09:36:52,22.9451,23.94,25.0,2913,14911503.0,4.86015901185645e-05
2023-11-29,09:36:52,22.9488,23.94,25.0,2918,14911509.0,4.821446638978198e-05
2023-11-29,09:36:52,22.9522,23.94,25.0,2923,14911499.0,4.783042619758796e-05
2023-11-29,09:36:52,22.9556,23.94,25.0,2921,14911498.0,4.798367382638663e-05
2023-11-29,09:36:52,22.959,23.94,25.0,2915,14911504.0,4.84463690225629e-05
2023-11-29,09:36:52,22.9626,23.94,25.0,2912,14911498.0,4.867938706395693e-05
2023-11-29,09:36:52,22.9698,23.94,25.0,2922,14911504.0,4.790698873486118e-05
2023-11-29,09:36:52,22.9731,23.94,25.0,2923,14911500.0,4.783042619758796e-05
2023-11-29,09:36:52,22.9766,23.94,25.0,2920,14911497.0,4.806048166833774e-05
2023-11-29,09:36:52,22.9801,23.94,25.0,2915,14911503.0,4.84463690225629e-05
2023-11-29,09:36:52,22.9837,23.94,25.0,2911,14911496.0,4.875730853952832e-05
2023-11-29,09:36:52,22.9874,23.94,25.0,2915,14911495.0,4.84463690225629e-05
2023-11-29,09:36:52,22.9909,23.94,25.0,2922,14911505.0,4.790698873486118e-05
2023-11-29,09:36:52,22.9943,23.94,25.0,2921,14911503.0,4.798367382638663e-05
2023-11-29,09:36:52,22.9978,23.94,25.0,2916,14911497.0,4.836894447487169e-05
2023-11-29,09:36:52,23.0013,23.94,25.0,2912,14911504.0,4.867938706395693e-05
2023-11-29,09:36:52,23.0048,23.94,25.0,2914,14911504.0,4.852391750433305e-05
2023-11-29,09:36:52,23.0084,23.94,25.0,2922,14911495.0,4.790698873486118e-05
2023-11-29,09:36:52,23.0119,23.94,25.0,2923,14911500.0,4.783042619758796e-05
2023-11-29,09:36:52,23.0153,23.94,25.0,2918,14911501.0,4.821446638978198e-05
2023-11-29,09:36:52,23.0189,23.94,25.0,2915,14911494.0,4.84463690225629e-05
2023-11-29,09:36:52,23.0225,23.94,25.0,2913,14911504.0,4.86015901185645e-05
2023-11-29,09:36:52,23.0261,23.94,25.0,2915,14911507.0,4.84463690225629e-05
2023-11-29,09:36:52,23.0297,23.94,25.0,2920,14911497.0,4.806048166833774e-05
2023-11-29,09:36:52,23.0331,23.94,25.0,2921,14911500.0,4.798367382638663e-05
2023-11-29,09:36:52,23.0365,23.94,25.0,2917,14911500.0,4.82916436631943e-05
2023-11-29,09:36:52,23.04,23.94,25.0,2913,14911493.0,4.86015901185645e-05
2023-11-29,09:36:52,23.0438,23.94,25.0,2914,14911500.0,4.852391750433305e-05
2023-11-29,09:36:52,23.0473,23.94,25.0,2919,14911508.0,4.81374124572022e-05
2023-11-29,09:36:52,23.0508,23.94,25.0,2922,14911500.0,4.790698873486118e-05
2023-11-29,09:36:52,23.0542,23.94,25.0,2919,14911498.0,4.81374124572022e-05
2023-11-29,09:36:52,23.0578,23.94,25.0,2913,14911505.0,4.86015901185645e-05
2023-11-29,09:36:52,23.0615,23.94,25.0,2912,14911501.0,4.867938706395693e-05
2023-11-29,09:36:52,23.0651,23.94,25.0,2918,14911494.0,4.821446638978198e-05
2023-11-29,09:36:52,23.0685,23.94,25.0,2922,14911501.0,4.790698873486118e-05
2023-11-29,09:36:52,23.0719,23.94,25.0,2919,14911501.0,4.81374124572022e-05
2023-11-29,09:36:52,23.0755,23.94,25.0,2915,14911494.0,4.84463690225629e-05
2023-11-29,09:36:52,23.0791,23.94,25.0,2912,14911502.0,4.867938706395693e-05
2023-11-29,09:36:52,23.0827,23.94,25.0,2914,14911504.0,4.852391750433305e-05
2023-11-29,09:36:52,23.0862,23.94,25.0,2920,14911495.0,4.806048166833774e-05
2023-11-29,09:36:52,23.0897,23.94,25.0,2922,14911500.0,4.790698873486118e-05
2023-11-29,09:36:52,23.093,23.94,25.0,2918,14911500.0,4.821446638978198e-05
2023-11-29,09:36:52,23.0965,23.94,25.0,2913,14911492.0,4.86015901185645e-05
2023-11-29,09:36:52,23.1001,23.94,25.0,2912,14911501.0,4.867938706395693e-05
2023-11-29,09:36:52,23.1037,24.0,25.0,2915,14911505.0,4.84463690225629e-05
2023-11-29,09:36:52,23.1071,24.0,25.0,2920,14911495.0,4.806048166833774e-05
2023-11-29,09:36:52,23.114,24.0,25.0,2916,14911503.0,4.836894447487169e-05
2023-11-29,09:36:52,23.1175,24.0,25.0,2911,14911494.0,4.875730853952832e-05
2023-11-29,09:36:52,23.1212,24.0,25.0,2913,14911498.0,4.86015901185645e-05
2023-11-29,09:36:52,23.1248,24.0,25.0,2918,14911505.0,4.821446638978198e-05
2023-11-29,09:36:52,23.1282,24.0,25.0,2920,14911497.0,4.806048166833774e-05
2023-11-29,09:36:52,23.1317,24.0,25.0,2918,14911496.0,4.821446638978198e-05
2023-11-29,09:36:52,23.1351,24.0,25.0,2914,14911501.0,4.852391750433305e-05
2023-11-29,09:36:52,23.1387,24.0,25.0,2912,14911496.0,4.867938706395693e-05
2023-11-29,09:36:52,23.1424,24.0,25.0,2915,14911497.0,4.84463690225629e-05
2023-11-29,09:36:52,23.146,24.0,25.0,2920,14911504.0,4.806048166833774e-05
2023-11-29,09:36:52,23.1494,24.0,25.0,2922,14911499.0,4.790698873486118e-05
2023-11-29,09:36:52,23.1528,24.0,25.0,2919,14911496.0,4.81374124572022e-05
2023-11-29,09:36:52,23.1564,24.0,25.0,2914,14911502.0,4.852391750433305e-05
2023-11-29,09:36:52,23.16,24.0,25.0,2913,14911498.0,4.86015901185645e-05
2023-11-29,09:36:52,23.1636,24.0,25.0,2917,14911496.0,4.82916436631943e-05
2023-11-29,09:36:52,23.1671,24.0,25.0,2921,14911503.0,4.798367382638663e-05
2023-11-29,09:36:52,23.1705,24.0,25.0,2919,14911500.0,4.81374124572022e-05
2023-11-29,09:36:52,23.1738,24.0,25.0,2915,14911493.0,4.84463690225629e-05
2023-11-29,09:36:52,23.1774,24.0,25.0,2912,14911502.0,4.867938706395693e-05
2023-11-29,09:36:52,23.181,24.0,25.0,2913,14911504.0,4.86015901185645e-05
2023-11-29,09:36:52,23.1847,24.0,25.0,2919,14911496.0,4.81374124572022e-05
2023-11-29,09:36:52,23.1883,24.0,25.0,2921,14911500.0,4.798367382638663e-05
2023-11-29,09:36:52,23.1916,24.0,25.0,2917,14911499.0,4.82916436631943e-05
2023-11-29,09:36:52,23.195,24.0,25.0,2913,14911493.0,4.86015901185645e-05
2023-11-29,09:36:53,23.1986,24.0,25.0,2913,14911499.0,4.86015901185645e-05
2023-11-29,09:36:53,23.2022,24.0,25.0,2916,14911504.0,4.836894447487169e-05
2023-11-29,09:36:53,23.2058,24.0,25.0,2921,14911496.0,4.798367382638663e-05
2023-11-29,09:36:53,23.2091,24.0,25.0,2920,14911499.0,4.806048166833774e-05
2023-11-29,09:36:53,23.2125,24.0,25.0,2915,14911502.0,4.84463690225629e-05
2023-11-29,09:36:53,23.216,24.0,25.0,2912,14911494.0,4.867938706395693e-05
2023-11-29,09:36:53,23.2198,24.0,25.0,2914,14911496.0,4.852391750433305e-05
2023-11-29,09:36:53,23.2235,24.0,25.0,2920,14911505.0,4.806048166833774e-05
2023-11-29,09:36:53,23.2269,24.0,25.0,2922,14911496.0,4.790698873486118e-05
2023-11-29,09:36:53,23.2302,24.0,25.0,2919,14911494.0,4.81374124572022e-05
2023-11-29,09:36:53,23.2337,24.0,25.0,2913,14911503.0,4.86015901185645e-05
2023-11-29,09:36:53,23.2373,24.0,25.0,2911,14911499.0,4.875730853952832e-05
2023-11-29,09:36:53,23.2409,24.0,25.0,2915,14911498.0,4.84463690225629e-05
2023-11-29,09:36:53,23.2445,24.0,25.0,2920,14911504.0,4.806048166833774e-05
2023-11-29,09:36:53,23.248,24.0,25.0,2919,14911498.0,4.81374124572022e-05
2023-11-29,09:36:53,23.2515,24.0,25.0,2916,14911496.0,4.836894447487169e-05
2023-11-29,09:36:53,23.2548,24.0,25.0,2915,14911500.0,4.84463690225629e-05
2023-11-29,09:36:53,23.262,24.0,25.0,2916,14911496.0,4.836894447487169e-05
2023-11-29,09:36:53,23.2654,24.0,25.0,2921,14911503.0,4.798367382638663e-05
2023-11-29,09:36:53,23.269,24.0,25.0,2919,14911499.0,4.81374124572022e-05
2023-11-29,09:36:53,23.2724,24.0,25.0,2914,14911493.0,4.852391750433305e-05
2023-11-29,09:36:53,23.2758,24.0,25.0,2910,14911502.0,4.883535474461499e-05
2023-11-29,09:36:53,23.2795,24.0,25.0,2912,14911504.0,4.867938706395693e-05
2023-11-29,09:36:53,23.2831,24.0,25.0,2918,14911495.0,4.821446638978198e-05
2023-11-29,09:36:53,23.2866,24.0,25.0,2919,14911498.0,4.81374124572022e-05
2023-11-29,09:36:53,23.29,24.0,25.0,2916,14911498.0,4.836894447487169e-05
2023-11-29,09:36:53,23.2936,24.0,25.0,2913,14911494.0,4.86015901185645e-05
2023-11-29,09:36:53,23.2972,24.0,25.0,2912,14911502.0,4.867938706395693e-05
2023-11-29,09:36:53,23.3008,24.0,25.0,2915,14911504.0,4.84463690225629e-05
2023-11-29,09:36:53,23.3044,24.0,25.0,2920,14911494.0,4.806048166833774e-05
2023-11-29,09:36:53,23.3077,24.0,25.0,2921,14911498.0,4.798367382638663e-05
2023-11-29,09:36:53,23.311,24.0,25.0,2917,14911499.0,4.82916436631943e-05
2023-11-29,09:36:53,23.3146,24.0,25.0,2912,14911490.0,4.867938706395693e-05
2023-11-29,09:36:53,23.3182,24.0,25.0,2912,14911499.0,4.867938706395693e-05
2023-11-29,09:36:53,23.3218,24.0,25.0,2916,14911505.0,4.836894447487169e-05
2023-11-29,09:36:53,23.3252,24.0,25.0,2919,14911497.0,4.81374124572022e-05
2023-11-29,09:36:53,23.3287,24.0,25.0,2917,14911495.0,4.82916436631943e-05
2023-11-29,09:36:53,23.3323,24.0,25.0,2911,14911502.0,4.875730853952832e-05
2023-11-29,09:36:53,23.3358,24.0,25.0,2910,14911500.0,4.883535474461499e-05
2023-11-29,09:36:53,23.3394,24.0,25.0,2915,14911497.0,4.84463690225629e-05
2023-11-29,09:36:53,23.3429,24.0,25.0,2919,14911502.0,4.81374124572022e-05
2023-11-29,09:36:53,23.3463,24.0,25.0,2919,14911497.0,4.81374124572022e-05
2023-11-29,09:36:53,23.3499,24.0,25.0,2916,14911494.0,4.836894447487169e-05
2023-11-29,09:36:53,23.3534,24.0,25.0,2912,14911500.0,4.867938706395693e-05
2023-11-29,09:36:53,23.357,24.0,25.0,2911,14911498.0,4.875730853952832e-05
2023-11-29,09:36:53,23.3606,24.0,25.0,2916,14911497.0,4.836894447487169e-05
2023-11-29,09:36:53,23.364,24.0,25.0,2920,14911503.0,4.806048166833774e-05
2023-11-29,09:36:53,23.3675,24.0,25.0,2917,14911499.0,4.82916436631943e-05
2023-11-29,09:36:53,23.3708,24.0,25.0,2913,14911494.0,4.86015901185645e-05
2023-11-29,09:36:53,23.3744,24.0,25.0,2910,14911502.0,4.883535474461499e-05
2023-11-29,09:36:53,23.3781,24.0,25.0,2912,14911503.0,4.867938706395693e-05
2023-11-29,09:36:53,23.3815,24.0,25.0,2917,14911495.0,4.82916436631943e-05
2023-11-29,09:36:53,23.385,24.0,25.0,2918,14911499.0,4.821446638978198e-05
2023-11-29,09:36:53,23.3885,24.0,25.0,2915,14911499.0,4.84463690225629e-05
2023-11-29,09:36:53,23.3919,24.0,25.0,2913,14911493.0,4.86015901185645e-05
2023-11-29,09:36:53,23.3954,24.0,25.0,2912,14911501.0,4.867938706395693e-05
2023-11-29,09:36:53,23.4027,24.0,25.0,2917,14911496.0,4.82916436631943e-05
2023-11-29,09:36:53,23.4061,24.0,25.0,2917,14911498.0,4.82916436631943e-05
2023-11-29,09:36:53,23.4096,24.0,25.0,2915,14911494.0,4.84463690225629e-05
2023-11-29,09:36:53,23.413,24.0,25.0,2912,14911487.0,4.867938706395693e-05
2023-11-29,09:36:53,23.4166,24.0,25.0,2911,14911499.0,4.875730853952832e-05
2023-11-29,09:36:53,23.4203,24.0,25.0,2914,14911506.0,4.852391750433305e-05
2023-11-29,09:36:53,23.4238,24.0,25.0,2918,14911495.0,4.821446638978198e-05
2023-11-29,09:36:53,23.4272,24.0,25.0,2918,14911493.0,4.821446638978198e-05
2023-11-29,09:36:53,23.4307,24.0,25.0,2913,14911500.0,4.86015901185645e-05
2023-11-29,09:36:53,23.4342,24.0,25.0,2909,14911494.0,4.891352587887254e-05
2023-11-29,09:36:53,23.4377,24.0,25.0,2912,14911496.0,4.867938706395693e-05
2023-11-29,09:36:53,23.4414,24.0,25.0,2916,14911502.0,4.836894447487169e-05
2023-11-29,09:36:53,23.445,24.0,25.0,2915,14911496.0,4.84463690225629e-05
2023-11-29,09:36:53,23.4484,24.0,25.0,2914,14911493.0,4.852391750433305e-05
2023-11-29,09:36:53,23.4518,24.0,25.0,2912,14911501.0,4.867938706395693e-05
2023-11-29,09:36:53,23.4554,24.0,25.0,2910,14911500.0,4.883535474461499e-05
2023-11-29,09:36:53,23.459,24.0,25.0,2914,14911495.0,4.852391750433305e-05
2023-11-29,09:36:53,23.4626,24.0,25.0,2918,14911501.0,4.821446638978198e-05
2023-11-29,09:36:53,23.4662,24.0,25.0,2916,14911498.0,4.836894447487169e-05
2023-11-29,09:36:53,23.4696,24.0,25.0,2912,14911492.0,4.867938706395693e-05
2023-11-29,09:36:53,23.4731,24.0,25.0,2910,14911500.0,4.883535474461499e-05
2023-11-29,09:36:53,23.4766,24.0,25.0,2913,14911503.0,4.86015901185645e-05
2023-11-29,09:36:53,23.4801,24.0,25.0,2917,14911495.0,4.82916436631943e-05
2023-11-29,09:36:53,23.4836,24.0,25.0,2918,14911497.0,4.821446638978198e-05
2023-11-29,09:36:53,23.487,24.0,25.0,2915,14911497.0,4.84463690225629e-05
2023-11-29,09:36:53,23.4905,24.0,25.0,2911,14911491.0,4.875730853952832e-05
2023-11-29,09:36:53,23.4941,24.0,25.0,2911,14911499.0,4.875730853952832e-05
2023-11-29,09:36:53,23.4976,24.0,25.0,2914,14911504.0,4.852391750433305e-05
2023-11-29,09:36:53,23.5012,24.0,25.0,2917,14911496.0,4.82916436631943e-05
2023-11-29,09:36:53,23.5048,24.0,25.0,2916,14911495.0,4.836894447487169e-05
2023-11-29,09:36:53,23.5083,24.0,25.0,2912,14911496.0,4.867938706395693e-05
2023-11-29,09:36:53,23.5117,24.0,25.0,2910,14911492.0,4.883535474461499e-05
2023-11-29,09:36:53,23.5153,24.0,25.0,2911,14911497.0,4.875730853952832e-05
2023-11-29,09:36:53,23.5189,24.0,25.0,2914,14911503.0,4.852391750433305e-05
2023-11-29,09:36:53,23.5223,24.0,25.0,2915,14911496.0,4.84463690225629e-05
2023-11-29,09:36:53,23.5258,24.0,25.0,2915,14911497.0,4.84463690225629e-05
2023-11-29,09:36:53,23.5294,24.0,25.0,2912,14911501.0,4.867938706395693e-05
2023-11-29,09:36:53,23.5328,24.0,25.0,2909,14911495.0,4.891352587887254e-05
2023-11-29,09:36:53,23.5364,24.0,25.0,2913,14911495.0,4.86015901185645e-05
2023-11-29,09:36:53,23.54,24.0,25.0,2917,14911501.0,4.82916436631943e-05
2023-11-29,09:36:53,23.5468,24.0,25.0,2913,14911492.0,4.86015901185645e-05
2023-11-29,09:36:53,23.5504,24.0,25.0,2911,14911499.0,4.875730853952832e-05
2023-11-29,09:36:53,23.554,24.0,25.0,2911,14911499.0,4.875730853952832e-05
2023-11-29,09:36:53,23.5575,24.0,25.0,2914,14911496.0,4.852391750433305e-05
2023-11-29,09:36:53,23.561,24.0,25.0,2916,14911499.0,4.836894447487169e-05
2023-11-29,09:36:53,23.5645,24.0,25.0,2915,14911496.0,4.84463690225629e-05
2023-11-29,09:36:53,23.5679,24.0,25.0,2913,14911492.0,4.86015901185645e-05
2023-11-29,09:36:53,23.5714,24.0,25.0,2910,14911499.0,4.883535474461499e-05
2023-11-29,09:36:53,23.5751,24.0,25.0,2910,14911500.0,4.883535474461499e-05
2023-11-29,09:36:53,23.5787,24.0,25.0,2913,14911495.0,4.86015901185645e-05
2023-11-29,09:36:53,23.5821,24.0,25.0,2914,14911496.0,4.852391750433305e-05
2023-11-29,09:36:53,23.5856,24.0,25.0,2912,14911495.0,4.867938706395693e-05
2023-11-29,09:36:53,23.589,24.0,25.0,2909,14911490.0,4.891352587887254e-05
2023-11-29,09:36:53,23.5927,24.0,25.0,2910,14911495.0,4.883535474461499e-05
2023-11-29,09:36:53,23.5963,24.0,25.0,2914,14911501.0,4.852391750433305e-05
2023-11-29,09:36:53,23.5998,24.0,25.0,2915,14911494.0,4.84463690225629e-05
2023-11-29,09:36:53,23.6032,24.0,25.0,2914,14911493.0,4.852391750433305e-05
2023-11-29,09:36:53,23.6067,24.0,25.0,2911,14911498.0,4.875730853952832e-05
2023-11-29,09:36:53,23.6103,24.0,25.0,2908,14911500.0,4.8991822142276e-05
2023-11-29,09:36:53,23.6139,24.0,25.0,2911,14911500.0,4.875730853952832e-05
2023-11-29,09:36:53,23.6174,24.0,25.0,2915,14911499.0,4.84463690225629e-05
2023-11-29,09:36:53,23.6209,24.0,25.0,2915,14911494.0,4.84463690225629e-05
2023-11-29,09:36:53,23.6242,24.0,25.0,2914,14911491.0,4.852391750433305e-05
2023-11-29,09:36:53,23.6278,24.0,25.0,2912,14911497.0,4.867938706395693e-05
2023-11-29,09:36:53,23.6314,24.0,25.0,2910,14911496.0,4.883535474461499e-05
2023-11-29,09:36:53,23.635,24.0,25.0,2912,14911494.0,4.867938706395693e-05
2023-11-29,09:36:53,23.6386,24.0,25.0,2914,14911498.0,4.852391750433305e-05
2023-11-29,09:36:53,23.6419,24.0,25.0,2913,14911495.0,4.86015901185645e-05
2023-11-29,09:36:53,23.6455,24.0,25.0,2910,14911490.0,4.883535474461499e-05
2023-11-29,09:36:53,23.6492,24.0,25.0,2908,14911495.0,4.8991822142276e-05
2023-11-29,09:36:53,23.6526,24.0,25.0,2911,14911501.0,4.875730853952832e-05
2023-11-29,09:36:53,23.6561,24.0,25.0,2915,14911496.0,4.84463690225629e-05
2023-11-29,09:36:53,23.6597,24.0,25.0,2915,14911497.0,4.84463690225629e-05
2023-11-29,09:36:53,23.6631,24.0,25.0,2912,14911495.0,4.867938706395693e-05
2023-11-29,09:36:53,23.6665,24.0,25.0,2909,14911490.0,4.891352587887254e-05
2023-11-29,09:36:53,23.6699,24.0,25.0,2908,14911497.0,4.8991822142276e-05
2023-11-29,09:36:53,23.6736,24.0,25.0,2911,14911501.0,4.875730853952832e-05
2023-11-29,09:36:53,23.6772,24.0,25.0,2914,14911494.0,4.852391750433305e-05
2023-11-29,09:36:53,23.6807,24.0,25.0,2914,14911497.0,4.852391750433305e-05
2023-11-29,09:36:53,23.6876,24.0,25.0,2909,14911490.0,4.891352587887254e-05
2023-11-29,09:36:53,23.6913,24.0,25.0,2909,14911495.0,4.891352587887254e-05
2023-11-29,09:36:53,23.6949,24.0,25.0,2912,14911500.0,4.867938706395693e-05
2023-11-29,09:36:53,23.6982,24.0,25.0,2914,14911494.0,4.852391750433305e-05
2023-11-29,09:36:53,23.7017,24.0,25.0,2912,14911492.0,4.867938706395693e-05
2023-11-29,09:36:53,23.7051,24.0,25.0,2909,14911496.0,4.891352587887254e-05
2023-11-29,09:36:53,23.7087,24.0,25.0,2909,14911495.0,4.891352587887254e-05
2023-11-29,09:36:53,23.7124,24.0,25.0,2912,14911494.0,4.867938706395693e-05
2023-11-29,09:36:53,23.7159,24.0,25.0,2913,14911497.0,4.86015901185645e-05
2023-11-29,09:36:53,23.7193,24.0,25.0,2912,14911493.0,4.867938706395693e-05
2023-11-29,09:36:53,23.7229,24.0,25.0,2912,14911491.0,4.867938706395693e-05
2023-11-29,09:36:53,23.7264,24.0,25.0,2910,14911497.0,4.883535474461499e-05
2023-11-29,09:36:53,23.73,24.0,25.0,2908,14911496.0,4.8991822142276e-05
2023-11-29,09:36:53,23.7337,24.0,25.0,2911,14911493.0,4.875730853952832e-05
2023-11-29,09:36:53,23.7371,24.0,25.0,2914,14911496.0,4.852391750433305e-05
2023-11-29,09:36:53,23.7406,24.0,25.0,2912,14911494.0,4.867938706395693e-05
2023-11-29,09:36:53,23.744,24.0,25.0,2909,14911489.0,4.891352587887254e-05
2023-11-29,09:36:53,23.7475,24.0,25.0,2907,14911496.0,4.907024373512066e-05
2023-11-29,09:36:53,23.7512,24.0,25.0,2909,14911499.0,4.891352587887254e-05
2023-11-29,09:36:53,23.7548,24.0,25.0,2913,14911493.0,4.86015901185645e-05
2023-11-29,09:36:53,23.7582,24.0,25.0,2913,14911493.0,4.86015901185645e-05
2023-11-29,09:36:53,23.7617,24.0,25.0,2910,14911495.0,4.883535474461499e-05
2023-11-29,09:36:53,23.7652,24.0,25.0,2908,14911491.0,4.8991822142276e-05
2023-11-29,09:36:53,23.7689,24.0,25.0,2909,14911495.0,4.891352587887254e-05
2023-11-29,09:36:53,23.7723,24.0,25.0,2911,14911499.0,4.875730853952832e-05
2023-11-29,09:36:53,23.7757,24.0,25.0,2912,14911495.0,4.867938706395693e-05
2023-11-29,09:36:53,23.7792,24.0,25.0,2912,14911494.0,4.867938706395693e-05
2023-11-29,09:36:53,23.7828,24.0,25.0,2910,14911495.0,4.883535474461499e-05
2023-11-29,09:36:53,23.7864,24.0,25.0,2908,14911492.0,4.8991822142276e-05
2023-11-29,09:36:53,23.79,24.0,25.0,2910,14911493.0,4.883535474461499e-05
2023-11-29,09:36:53,23.7936,24.0,25.0,2912,14911497.0,4.867938706395693e-05
2023-11-29,09:36:53,23.797,24.0,25.0,2912,14911491.0,4.867938706395693e-05
2023-11-29,09:36:53,23.8005,24.0,25.0,2911,14911490.0,4.875730853952832e-05
2023-11-29,09:36:53,23.8041,24.0,25.0,2908,14911499.0,4.8991822142276e-05
2023-11-29,09:36:53,23.8077,24.0,25.0,2908,14911498.0,4.8991822142276e-05
2023-11-29,09:36:53,23.8111,24.0,25.0,2911,14911493.0,4.875730853952832e-05
2023-11-29,09:36:53,23.8146,24.0,25.0,2912,14911495.0,4.867938706395693e-05
2023-11-29,09:36:53,23.8182,24.0,25.0,2910,14911493.0,4.883535474461499e-05
2023-11-29,09:36:53,23.8216,24.0,25.0,2907,14911488.0,4.907024373512066e-05
2023-11-29,09:36:53,23.8251,24.0,25.0,2907,14911494.0,4.907024373512066e-05
2023-11-29,09:36:53,23.8286,24.0,25.0,2909,14911498.0,4.891352587887254e-05
2023-11-29,09:36:53,23.8321,24.0,25.0,2911,14911495.0,4.875730853952832e-05
2023-11-29,09:36:53,23.8356,24.0,25.0,2912,14911495.0,4.867938706395693e-05
2023-11-29,09:36:53,23.8427,24.0,25.0,2908,14911487.0,4.8991822142276e-05
2023-11-29,09:36:53,23.8463,24.0,25.0,2907,14911495.0,4.907024373512066e-05
2023-11-29,09:36:53,23.8499,24.0,25.0,2908,14911499.0,4.8991822142276e-05
2023-11-29,09:36:53,23.8535,24.0,25.0,2912,14911491.0,4.867938706395693e-05
2023-11-29,09:36:53,23.8569,24.0,25.0,2912,14911490.0,4.867938706395693e-05
2023-11-29,09:36:53,23.8604,24.0,25.0,2907,14911497.0,4.907024373512066e-05
2023-11-29,09:36:53,23.864,24.0,25.0,2906,14911495.0,4.914879085802224e-05
2023-11-29,09:36:53,23.8676,24.0,25.0,2910,14911493.0,4.883535474461499e-05
2023-11-29,09:36:53,23.8711,24.0,25.0,2911,14911495.0,4.875730853952832e-05
2023-11-29,09:36:53,23.8747,24.0,25.0,2909,14911491.0,4.891352587887254e-05
2023-11-29,09:36:53,23.8782,24.0,25.0,2909,14911490.0,4.891352587887254e-05
2023-11-29,09:36:53,23.8816,24.0,25.0,2908,14911494.0,4.8991822142276e-05
2023-11-29,09:36:53,23.8852,24.0,25.0,2907,14911494.0,4.907024373512066e-05
2023-11-29,09:36:53,23.8888,24.0,25.0,2910,14911494.0,4.883535474461499e-05
2023-11-29,09:36:53,23.8923,24.0,25.0,2911,14911495.0,4.875730853952832e-05
2023-11-29,09:36:53,23.8957,24.0,25.0,2909,14911492.0,4.891352587887254e-05
2023-11-29,09:36:53,23.8993,24.0,25.0,2908,14911489.0,4.8991822142276e-05
2023-11-29,09:36:53,23.9028,24.0,25.0,2907,14911494.0,4.907024373512066e-05
2023-11-29,09:36:53,23.9063,24.0,25.0,2908,14911498.0,4.8991822142276e-05
2023-11-29,09:36:53,23.9099,24.0,25.0,2910,14911493.0,4.883535474461499e-05
2023-11-29,09:36:53,23.9134,24.0,25.0,2909,14911492.0,4.891352587887254e-05
2023-11-29,09:36:53,23.9168,24.0,25.0,2907,14911493.0,4.907024373512066e-05
2023-11-29,09:36:53,23.9203,24.0,25.0,2906,14911491.0,4.914879085802224e-05
2023-11-29,09:36:53,23.924,24.0,25.0,2907,14911496.0,4.907024373512066e-05
2023-11-29,09:36:53,23.9276,24.0,25.0,2908,14911498.0,4.8991822142276e-05
2023-11-29,09:36:53,23.9309,24.0,25.0,2910,14911492.0,4.883535474461499e-05
2023-11-29,09:36:53,23.9344,24.0,25.0,2910,14911491.0,4.883535474461499e-05
2023-11-29,09:36:53,23.9378,24.0,25.0,2907,14911493.0,4.907024373512066e-05
2023-11-29,09:36:53,23.9413,24.0,25.0,2906,14911490.0,4.914879085802224e-05
2023-11-29,09:36:53,23.945,24.0,25.0,2907,14911493.0,4.907024373512066e-05
2023-11-29,09:36:53,23.9487,24.0,25.0,2908,14911498.0,4.8991822142276e-05
2023-11-29,09:36:53,23.9522,24.0,25.0,2909,14911492.0,4.891352587887254e-05
2023-11-29,09:36:53,23.9556,24.0,25.0,2909,14911490.0,4.891352587887254e-05
2023-11-29,09:36:53,23.9591,24.0,25.0,2906,14911496.0,4.914879085802224e-05
2023-11-29,09:36:53,23.9625,24.0,25.0,2906,14911496.0,4.914879085802224e-05
2023-11-29,09:36:53,23.9661,24.0,25.0,2909,14911493.0,4.891352587887254e-05
2023-11-29,09:36:53,23.9697,24.0,25.0,2910,14911495.0,4.883535474461499e-05
2023-11-29,09:36:53,23.9732,24.0,25.0,2908,14911492.0,4.8991822142276e-05
2023-11-29,09:36:53,23.9766,24.0,25.0,2906,14911489.0,4.914879085802224e-05
2023-11-29,09:36:53,23.9802,24.0,25.0,2906,14911494.0,4.914879085802224e-05
2023-11-29,09:36:53,23.9838,24.0,25.0,2906,14911497.0,4.914879085802224e-05
2023-11-29,09:36:53,23.9874,24.0,25.0,2908,14911494.0,4.8991822142276e-05
2023-11-29,09:36:53,23.9942,24.0,25.0,2908,14911490.0,4.8991822142276e-05
2023-11-29,09:36:53,23.9976,24.0,25.0,2908,14911489.0,4.8991822142276e-05
2023-11-29,09:36:53,24.0011,24.0,25.0,2906,14911496.0,4.914879085802224e-05
2023-11-29,09:36:53,24.0048,24.0,25.0,2906,14911496.0,4.914879085802224e-05
2023-11-29,09:36:53,24.0085,24.0,25.0,2910,14911491.0,4.883535474461499e-05
2023-11-29,09:36:53,24.0119,24.0,25.0,2910,14911492.0,4.883535474461499e-05
2023-11-29,09:36:53,24.0155,24.0,25.0,2906,14911493.0,4.914879085802224e-05
2023-11-29,09:36:53,24.019,24.0,25.0,2905,14911490.0,4.922746371191775e-05
2023-11-29,09:36:53,24.0224,24.0,25.0,2907,14911493.0,4.907024373512066e-05
2023-11-29,09:36:53,24.026,24.0,25.0,2908,14911495.0,4.8991822142276e-05
2023-11-29,09:36:53,24.0295,24.0,25.0,2908,14911491.0,4.8991822142276e-05
2023-11-29,09:36:53,24.0329,24.0,25.0,2908,14911487.0,4.8991822142276e-05
2023-11-29,09:36:53,24.0365,24.0,25.0,2906,14911491.0,4.914879085802224e-05
2023-11-29,09:36:53,24.0401,24.0,25.0,2905,14911492.0,4.922746371191775e-05
2023-11-29,09:36:53,24.0437,24.0,25.0,2908,14911492.0,4.8991822142276e-05
2023-11-29,09:36:53,24.0473,24.0,25.0,2910,14911496.0,4.883535474461499e-05
2023-11-29,09:36:53,24.0507,24.0,25.0,2909,14911491.0,4.891352587887254e-05
2023-11-29,09:36:53,24.0542,24.0,25.0,2908,14911489.0,4.8991822142276e-05
2023-11-29,09:36:53,24.0576,24.0,25.0,2906,14911493.0,4.914879085802224e-05
2023-11-29,09:36:53,24.0612,24.0,25.0,2905,14911492.0,4.922746371191775e-05
2023-11-29,09:36:53,24.0648,24.0,25.0,2908,14911491.0,4.8991822142276e-05
2023-11-29,09:36:53,24.0683,24.0,25.0,2909,14911493.0,4.891352587887254e-05
2023-11-29,09:36:53,24.0718,24.0,25.0,2907,14911490.0,4.907024373512066e-05
2023-11-29,09:36:53,24.0754,24.0,25.0,2906,14911489.0,4.914879085802224e-05
2023-11-29,09:36:53,24.0789,24.0,25.0,2906,14911493.0,4.914879085802224e-05
2023-11-29,09:36:53,24.0823,24.0,25.0,2906,14911497.0,4.914879085802224e-05
2023-11-29,09:36:53,24.0859,24.0,25.0,2908,14911493.0,4.8991822142276e-05
2023-11-29,09:36:53,24.0894,24.0,25.0,2909,14911491.0,4.891352587887254e-05
2023-11-29,09:36:53,24.0928,24.0,25.0,2909,14911488.0,4.891352587887254e-05
2023-11-29,09:36:53,24.0963,24.0,25.0,2908,14911487.0,4.8991822142276e-05
2023-11-29,09:36:53,24.0999,24.0,25.0,2906,14911493.0,4.914879085802224e-05
2023-11-29,09:36:53,24.1036,24.0,25.0,2907,14911494.0,4.907024373512066e-05
2023-11-29,09:36:53,24.107,24.0,25.0,2908,14911492.0,4.8991822142276e-05
2023-11-29,09:36:53,24.1105,23.94,25.0,2907,14911492.0,4.907024373512066e-05
2023-11-29,09:36:53,24.114,23.94,25.0,2905,14911491.0,4.922746371191775e-05
2023-11-29,09:36:53,24.1175,23.94,25.0,2904,14911488.0,4.930626249806574e-05
2023-11-29,09:36:53,24.1211,23.94,25.0,2905,14911491.0,4.922746371191775e-05
2023-11-29,09:36:53,24.1246,23.94,25.0,2906,14911495.0,4.914879085802224e-05
2023-11-29,09:36:53,24.1282,23.94,25.0,2907,14911490.0,4.907024373512066e-05
2023-11-29,09:36:53,24.1316,23.94,25.0,2907,14911488.0,4.907024373512066e-05
2023-11-29,09:36:53,24.1351,23.94,25.0,2905,14911491.0,4.922746371191775e-05
2023-11-29,09:36:53,24.1421,23.94,25.0,2906,14911494.0,4.914879085802224e-05
2023-11-29,09:36:53,24.1456,23.94,25.0,2907,14911495.0,4.907024373512066e-05
2023-11-29,09:36:53,24.1492,23.94,25.0,2907,14911492.0,4.907024373512066e-05
2023-11-29,09:36:53,24.1527,23.94,25.0,2906,14911489.0,4.914879085802224e-05
2023-11-29,09:36:53,24.1562,23.94,25.0,2905,14911491.0,4.922746371191775e-05
2023-11-29,09:36:53,24.1597,23.94,25.0,2905,14911491.0,4.922746371191775e-05
2023-11-29,09:36:53,24.1632,23.94,25.0,2907,14911490.0,4.907024373512066e-05
2023-11-29,09:36:53,24.1668,23.94,25.0,2908,14911491.0,4.8991822142276e-05
2023-11-29,09:36:53,24.1703,23.94,25.0,2906,14911490.0,4.914879085802224e-05
2023-11-29,09:36:53,24.1737,23.94,25.0,2904,14911490.0,4.930626249806574e-05
2023-11-29,09:36:53,24.1773,23.94,25.0,2905,14911492.0,4.922746371191775e-05
2023-11-29,09:36:53,24.1809,23.94,25.0,2906,14911494.0,4.914879085802224e-05
2023-11-29,09:36:53,24.1845,23.94,25.0,2907,14911492.0,4.907024373512066e-05
2023-11-29,09:36:54,24.1879,23.94,25.0,2906,14911489.0,4.914879085802224e-05
2023-11-29,09:36:54,24.1914,23.94,25.0,2904,14911489.0,4.930626249806574e-05
2023-11-29,09:36:54,24.195,23.94,25.0,2905,14911490.0,4.922746371191775e-05
2023-11-29,09:36:54,24.1986,23.94,25.0,2906,14911493.0,4.914879085802224e-05
2023-11-29,09:36:54,24.2022,23.94,25.0,2906,14911494.0,4.914879085802224e-05
2023-11-29,09:36:54,24.2057,23.94,25.0,2907,14911491.0,4.907024373512066e-05
2023-11-29,09:36:54,24.2093,23.94,25.0,2909,14911490.0,4.891352587887254e-05
2023-11-29,09:36:54,24.2128,23.94,25.0,2907,14911491.0,4.907024373512066e-05
2023-11-29,09:36:54,24.2162,23.94,25.0,2904,14911491.0,4.930626249806574e-05
2023-11-29,09:36:54,24.2198,23.94,25.0,2905,14911493.0,4.922746371191775e-05
2023-11-29,09:36:54,24.2234,23.94,25.0,2907,14911495.0,4.907024373512066e-05
2023-11-29,09:36:54,24.2269,23.94,25.0,2907,14911491.0,4.907024373512066e-05
2023-11-29,09:36:54,24.2303,23.94,25.0,2906,14911488.0,4.914879085802224e-05
2023-11-29,09:36:54,24.2339,23.94,25.0,2905,14911493.0,4.922746371191775e-05
2023-11-29,09:36:54,24.2375,23.94,25.0,2904,14911494.0,4.930626249806574e-05
2023-11-29,09:36:54,24.2411,23.94,25.0,2905,14911491.0,4.922746371191775e-05
2023-11-29,09:36:54,24.2446,23.94,25.0,2906,14911490.0,4.914879085802224e-05
2023-11-29,09:36:54,24.2482,23.94,25.0,2906,14911488.0,4.914879085802224e-05
2023-11-29,09:36:54,24.2517,23.94,25.0,2905,14911488.0,4.922746371191775e-05
2023-11-29,09:36:54,24.255,23.94,25.0,2904,14911492.0,4.930626249806574e-05
2023-11-29,09:36:54,24.2586,23.94,25.0,2904,14911494.0,4.930626249806574e-05
2023-11-29,09:36:54,24.2622,23.94,25.0,2906,14911491.0,4.914879085802224e-05
2023-11-29,09:36:54,24.2656,23.94,25.0,2907,14911489.0,4.907024373512066e-05
2023-11-29,09:36:54,24.2692,23.94,25.0,2906,14911488.0,4.914879085802224e-05
2023-11-29,09:36:54,24.2727,23.94,25.0,2905,14911488.0,4.922746371191775e-05
2023-11-29,09:36:54,24.2763,23.94,25.0,2904,14911493.0,4.930626249806574e-05
2023-11-29,09:36:54,24.2798,23.94,25.0,2906,14911495.0,4.914879085802224e-05
2023-11-29,09:36:54,24.2832,23.94,25.0,2908,14911491.0,4.8991822142276e-05
2023-11-29,09:36:54,24.2868,23.94,25.0,2907,14911488.0,4.907024373512066e-05
2023-11-29,09:36:54,24.2903,23.94,25.0,2905,14911490.0,4.922746371191775e-05
2023-11-29,09:36:54,24.2938,23.94,25.0,2905,14911492.0,4.922746371191775e-05
2023-11-29,09:36:54,24.3008,23.94,25.0,2905,14911494.0,4.922746371191775e-05
2023-11-29,09:36:54,24.3043,23.94,25.0,2905,14911492.0,4.922746371191775e-05
2023-11-29,09:36:54,24.3079,23.94,25.0,2905,14911489.0,4.922746371191775e-05
2023-11-29,09:36:54,24.3113,23.94,25.0,2904,14911491.0,4.930626249806574e-05
2023-11-29,09:36:54,24.3148,23.94,25.0,2903,14911492.0,4.938518741804698e-05
2023-11-29,09:36:54,24.3185,23.94,25.0,2905,14911491.0,4.922746371191775e-05
2023-11-29,09:36:54,24.3222,23.94,25.0,2906,14911492.0,4.914879085802224e-05
2023-11-29,09:36:54,24.3258,23.94,25.0,2905,14911490.0,4.922746371191775e-05
2023-11-29,09:36:54,24.3293,23.94,25.0,2903,14911488.0,4.938518741804698e-05
2023-11-29,09:36:54,24.3327,23.94,25.0,2903,14911490.0,4.938518741804698e-05
2023-11-29,09:36:54,24.3362,23.94,25.0,2903,14911491.0,4.938518741804698e-05
2023-11-29,09:36:54,24.3396,23.94,25.0,2904,14911490.0,4.930626249806574e-05
2023-11-29,09:36:54,24.3431,23.94,25.0,2905,14911490.0,4.922746371191775e-05
2023-11-29,09:36:54,24.3465,23.94,25.0,2904,14911489.0,4.930626249806574e-05
2023-11-29,09:36:54,24.3501,23.94,25.0,2904,14911488.0,4.930626249806574e-05
2023-11-29,09:36:54,24.3537,23.94,25.0,2904,14911491.0,4.930626249806574e-05
2023-11-29,09:36:54,24.3573,23.94,25.0,2903,14911493.0,4.938518741804698e-05
2023-11-29,09:36:54,24.3607,23.94,25.0,2904,14911492.0,4.930626249806574e-05
2023-11-29,09:36:54,24.3642,23.94,25.0,2905,14911490.0,4.922746371191775e-05
2023-11-29,09:36:54,24.3678,23.94,25.0,2904,14911489.0,4.930626249806574e-05
2023-11-29,09:36:54,24.3712,23.94,25.0,2904,14911488.0,4.930626249806574e-05
2023-11-29,09:36:54,24.3748,23.94,25.0,2903,14911493.0,4.938518741804698e-05
2023-11-29,09:36:54,24.3784,23.94,25.0,2903,14911495.0,4.938518741804698e-05
2023-11-29,09:36:54,24.3819,23.94,25.0,2906,14911488.0,4.914879085802224e-05
2023-11-29,09:36:54,24.3853,23.94,25.0,2906,14911487.0,4.914879085802224e-05
2023-11-29,09:36:54,24.3888,23.94,25.0,2903,14911489.0,4.938518741804698e-05
2023-11-29,09:36:54,24.3924,23.94,25.0,2903,14911489.0,4.938518741804698e-05
2023-11-29,09:36:54,24.3959,23.94,25.0,2904,14911491.0,4.930626249806574e-05
2023-11-29,09:36:54,24.3995,23.94,25.0,2904,14911492.0,4.930626249806574e-05
2023-11-29,09:36:54,24.4031,23.94,25.0,2905,14911490.0,4.922746371191775e-05
2023-11-29,09:36:54,24.4066,23.94,25.0,2906,14911489.0,4.914879085802224e-05
2023-11-29,09:36:54,24.41,23.94,25.0,2905,14911491.0,4.922746371191775e-05
2023-11-29,09:36:54,24.4136,23.94,25.0,2903,14911492.0,4.938518741804698e-05
2023-11-29,09:36:54,24.4172,23.94,25.0,2904,14911492.0,4.930626249806574e-05
2023-11-29,09:36:54,24.4206,23.94,25.0,2906,14911492.0,4.914879085802224e-05
2023-11-29,09:36:54,24.4242,23.94,25.0,2905,14911489.0,4.922746371191775e-05
2023-11-29,09:36:54,24.4278,23.94,25.0,2904,14911489.0,4.930626249806574e-05
2023-11-29,09:36:54,24.4313,23.94,25.0,2904,14911492.0,4.930626249806574e-05
2023-11-29,09:36:54,24.4347,23.94,25.0,2904,14911492.0,4.930626249806574e-05
2023-11-29,09:36:54,24.4382,23.94,25.0,2905,14911490.0,4.922746371191775e-05
2023-11-29,09:36:54,24.4416,23.94,25.0,2905,14911490.0,4.922746371191775e-05
2023-11-29,09:36:54,24.4487,23.94,25.0,2903,14911490.0,4.938518741804698e-05
2023-11-29,09:36:54,24.4523,23.94,25.0,2903,14911494.0,4.938518741804698e-05
2023-11-29,09:36:54,24.4558,23.94,25.0,2902,14911495.0,4.946423867376484e-05
2023-11-29,09:36:54,24.4594,23.94,25.0,2903,14911490.0,4.938518741804698e-05
2023-11-29,09:36:54,24.4629,23.94,25.0,2903,14911487.0,4.938518741804698e-05
2023-11-29,09:36:54,24.4663,23.94,25.0,2902,14911486.0,4.946423867376484e-05
2023-11-29,09:36:54,24.4699,23.94,25.0,2904,14911489.0,4.930626249806574e-05
2023-11-29,09:36:54,24.4734,23.94,25.0,2903,14911493.0,4.938518741804698e-05
2023-11-29,09:36:54,24.477,23.94,25.0,2902,14911494.0,4.946423867376484e-05
2023-11-29,09:36:54,24.4806,23.94,25.0,2906,14911488.0,4.914879085802224e-05
2023-11-29,09:36:54,24.484,23.94,25.0,2907,14911487.0,4.907024373512066e-05
2023-11-29,09:36:54,24.4875,23.94,25.0,2903,14911491.0,4.938518741804698e-05
2023-11-29,09:36:54,24.4909,23.94,25.0,2901,14911489.0,4.954341646744599e-05
2023-11-29,09:36:54,24.4945,23.94,25.0,2904,14911488.0,4.930626249806574e-05
2023-11-29,09:36:54,24.4981,23.94,25.0,2907,14911491.0,4.907024373512066e-05
2023-11-29,09:36:54,24.5017,23.94,25.0,2906,14911491.0,4.914879085802224e-05
2023-11-29,09:36:54,24.5053,23.94,25.0,2904,14911490.0,4.930626249806574e-05
2023-11-29,09:36:54,24.5088,23.94,25.0,2904,14911491.0,4.930626249806574e-05
2023-11-29,09:36:54,24.5123,23.94,25.0,2903,14911491.0,4.938518741804698e-05
2023-11-29,09:36:54,24.5158,23.94,25.0,2903,14911490.0,4.938518741804698e-05
2023-11-29,09:36:54,24.5192,23.94,25.0,2904,14911489.0,4.930626249806574e-05
2023-11-29,09:36:54,24.5227,23.94,25.0,2904,14911489.0,4.930626249806574e-05
2023-11-29,09:36:54,24.5262,23.94,25.0,2904,14911490.0,4.930626249806574e-05
2023-11-29,09:36:54,24.5298,23.94,25.0,2903,14911493.0,4.938518741804698e-05
2023-11-29,09:36:54,24.5333,23.94,25.0,2902,14911492.0,4.946423867376484e-05
2023-11-29,09:36:54,24.5369,23.94,25.0,2905,14911488.0,4.922746371191775e-05
2023-11-29,09:36:54,24.5405,23.94,25.0,2906,14911489.0,4.914879085802224e-05
2023-11-29,09:36:54,24.5438,23.94,25.0,2904,14911489.0,4.930626249806574e-05
2023-11-29,09:36:54,24.5472,23.94,25.0,2903,14911488.0,4.938518741804698e-05
2023-11-29,09:36:54,24.5508,23.94,25.0,2902,14911492.0,4.946423867376484e-05
2023-11-29,09:36:54,24.5544,23.94,25.0,2902,14911494.0,4.946423867376484e-05
2023-11-29,09:36:54,24.558,23.94,25.0,2903,14911491.0,4.938518741804698e-05
2023-11-29,09:36:54,24.5616,23.94,25.0,2902,14911487.0,4.946423867376484e-05
2023-11-29,09:36:54,24.5652,23.94,25.0,2901,14911486.0,4.954341646744599e-05
2023-11-29,09:36:54,24.5686,23.94,25.0,2903,14911489.0,4.938518741804698e-05
2023-11-29,09:36:54,24.5721,23.94,25.0,2903,14911493.0,4.938518741804698e-05
2023-11-29,09:36:54,24.5757,23.94,25.0,2903,14911493.0,4.938518741804698e-05
2023-11-29,09:36:54,24.5791,23.94,25.0,2904,14911489.0,4.930626249806574e-05
2023-11-29,09:36:54,24.5826,23.94,25.0,2904,14911488.0,4.930626249806574e-05
2023-11-29,09:36:54,24.5862,23.94,25.0,2902,14911489.0,4.946423867376484e-05
2023-11-29,09:36:54,24.5896,23.94,25.0,2901,14911487.0,4.954341646744599e-05
2023-11-29,09:36:54,24.5966,23.94,25.0,2903,14911488.0,4.938518741804698e-05
2023-11-29,09:36:54,24.6001,23.94,25.0,2903,14911488.0,4.938518741804698e-05
2023-11-29,09:36:54,24.6036,23.94,25.0,2902,14911488.0,4.946423867376484e-05
2023-11-29,09:36:54,24.6071,23.94,25.0,2903,14911490.0,4.938518741804698e-05
2023-11-29,09:36:54,24.6107,23.94,25.0,2903,14911491.0,4.938518741804698e-05
2023-11-29,09:36:54,24.6142,23.94,25.0,2901,14911490.0,4.954341646744599e-05
2023-11-29,09:36:54,24.6176,23.94,25.0,2900,14911488.0,4.962272100164065e-05
2023-11-29,09:36:54,24.6214,23.94,25.0,2901,14911488.0,4.954341646744599e-05
2023-11-29,09:36:54,24.6251,23.94,25.0,2903,14911490.0,4.938518741804698e-05
2023-11-29,09:36:54,24.6285,23.94,25.0,2903,14911491.0,4.938518741804698e-05
2023-11-29,09:36:54,24.632,23.94,25.0,2901,14911489.0,4.954341646744599e-05
2023-11-29,09:36:54,24.6356,23.94,25.0,2903,14911487.0,4.938518741804698e-05
2023-11-29,09:36:54,24.6391,23.94,25.0,2904,14911488.0,4.930626249806574e-05
2023-11-29,09:36:54,24.6426,23.94,25.0,2901,14911487.0,4.954341646744599e-05
2023-11-29,09:36:54,24.6461,23.94,25.0,2900,14911486.0,4.962272100164065e-05
2023-11-29,09:36:54,24.6495,23.94,25.0,2900,14911490.0,4.962272100164065e-05
2023-11-29,09:36:54,24.653,23.94,25.0,2902,14911493.0,4.946423867376484e-05
2023-11-29,09:36:54,24.6567,23.94,25.0,2903,14911489.0,4.938518741804698e-05
2023-11-29,09:36:54,24.6603,23.94,25.0,2901,14911486.0,4.954341646744599e-05
2023-11-29,09:36:54,24.6637,23.94,25.0,2901,14911486.0,4.954341646744599e-05
2023-11-29,09:36:54,24.6672,23.94,25.0,2903,14911489.0,4.938518741804698e-05
2023-11-29,09:36:54,24.6708,23.94,25.0,2902,14911492.0,4.946423867376484e-05
2023-11-29,09:36:54,24.6745,23.94,25.0,2901,14911492.0,4.954341646744599e-05
2023-11-29,09:36:54,24.6779,23.94,25.0,2902,14911490.0,4.946423867376484e-05
2023-11-29,09:36:54,24.6814,23.94,25.0,2903,14911489.0,4.938518741804698e-05
2023-11-29,09:36:54,24.685,23.94,25.0,2903,14911490.0,4.938518741804698e-05
2023-11-29,09:36:54,24.6886,23.94,25.0,2901,14911488.0,4.954341646744599e-05
2023-11-29,09:36:54,24.6921,23.94,25.0,2902,14911488.0,4.946423867376484e-05
2023-11-29,09:36:54,24.6956,23.94,25.0,2905,14911490.0,4.922746371191775e-05
2023-11-29,09:36:54,24.699,23.94,25.0,2904,14911489.0,4.930626249806574e-05
2023-11-29,09:36:54,24.7026,23.94,25.0,2902,14911489.0,4.946423867376484e-05
2023-11-29,09:36:54,24.7061,23.94,25.0,2902,14911491.0,4.946423867376484e-05
2023-11-29,09:36:54,24.7095,23.94,25.0,2901,14911491.0,4.954341646744599e-05
2023-11-29,09:36:54,24.7131,23.94,25.0,2902,14911487.0,4.946423867376484e-05
2023-11-29,09:36:54,24.7167,23.94,25.0,2902,14911483.0,4.946423867376484e-05
2023-11-29,09:36:54,24.7203,23.94,25.0,2901,14911481.0,4.954341646744599e-05
2023-11-29,09:36:54,24.7239,23.94,25.0,2903,14911487.0,4.938518741804698e-05
2023-11-29,09:36:54,24.7273,23.94,25.0,2903,14911491.0,4.938518741804698e-05
2023-11-29,09:36:54,24.7308,23.94,25.0,2901,14911491.0,4.954341646744599e-05
2023-11-29,09:36:54,24.7342,23.94,25.0,2902,14911490.0,4.946423867376484e-05
2023-11-29,09:36:54,24.7377,23.94,25.0,2902,14911487.0,4.946423867376484e-05
2023-11-29,09:36:54,24.7413,23.94,25.0,2901,14911484.0,4.954341646744599e-05
2023-11-29,09:36:54,24.7447,23.94,25.0,2901,14911485.0,4.954341646744599e-05
2023-11-29,09:36:54,24.7481,23.94,25.0,2899,14911490.0,4.970215247922345e-05
2023-11-29,09:36:54,24.7552,23.94,25.0,2903,14911488.0,4.938518741804698e-05
2023-11-29,09:36:54,24.7588,23.94,25.0,2902,14911486.0,4.946423867376484e-05
2023-11-29,09:36:54,24.7624,23.94,25.0,2902,14911486.0,4.946423867376484e-05
2023-11-29,09:36:54,24.7659,23.94,25.0,2902,14911489.0,4.946423867376484e-05
2023-11-29,09:36:54,24.7694,23.94,25.0,2901,14911491.0,4.954341646744599e-05
2023-11-29,09:36:54,24.773,23.94,25.0,2900,14911489.0,4.962272100164065e-05
2023-11-29,09:36:54,24.7766,23.94,25.0,2900,14911488.0,4.962272100164065e-05
2023-11-29,09:36:54,24.7801,23.94,25.0,2901,14911489.0,4.954341646744599e-05
2023-11-29,09:36:54,24.7835,23.94,25.0,2902,14911488.0,4.946423867376484e-05
2023-11-29,09:36:54,24.787,23.94,25.0,2900,14911487.0,4.962272100164065e-05
2023-11-29,09:36:54,24.7906,23.94,25.0,2900,14911487.0,4.962272100164065e-05
2023-11-29,09:36:54,24.7943,23.94,25.0,2902,14911489.0,4.946423867376484e-05
2023-11-29,09:36:54,24.7979,23.94,25.0,2901,14911488.0,4.954341646744599e-05
2023-11-29,09:36:54,24.8013,23.94,25.0,2901,14911487.0,4.954341646744599e-05
2023-11-29,09:36:54,24.8048,23.94,25.0,2901,14911491.0,4.954341646744599e-05
2023-11-29,09:36:54,24.8084,23.94,25.0,2901,14911494.0,4.954341646744599e-05
2023-11-29,09:36:54,24.8118,23.94,25.0,2903,14911489.0,4.938518741804698e-05
2023-11-29,09:36:54,24.8153,23.94,25.0,2903,14911484.0,4.938518741804698e-05
2023-11-29,09:36:54,24.8189,23.94,25.0,2902,14911483.0,4.946423867376484e-05
2023-11-29,09:36:54,24.8224,23.94,25.0,2902,14911486.0,4.946423867376484e-05
2023-11-29,09:36:54,24.8259,23.94,25.0,2901,14911489.0,4.954341646744599e-05
2023-11-29,09:36:54,24.8294,23.94,25.0,2900,14911489.0,4.962272100164065e-05
2023-11-29,09:36:54,24.8329,23.94,25.0,2901,14911489.0,4.954341646744599e-05
2023-11-29,09:36:54,24.8364,23.94,25.0,2901,14911487.0,4.954341646744599e-05
2023-11-29,09:36:54,24.8398,23.94,25.0,2901,14911483.0,4.954341646744599e-05
2023-11-29,09:36:54,24.8434,23.94,25.0,2902,14911484.0,4.946423867376484e-05
2023-11-29,09:36:54,24.8469,23.94,25.0,2900,14911492.0,4.962272100164065e-05
2023-11-29,09:36:54,24.8505,23.94,25.0,2901,14911493.0,4.954341646744599e-05
2023-11-29,09:36:54,24.8541,23.94,25.0,2903,14911488.0,4.938518741804698e-05
2023-11-29,09:36:54,24.8575,23.94,25.0,2902,14911487.0,4.946423867376484e-05
2023-11-29,09:36:54,24.8611,23.94,25.0,2901,14911488.0,4.954341646744599e-05
2023-11-29,09:36:54,24.8646,23.94,25.0,2899,14911487.0,4.970215247922345e-05
2023-11-29,09:36:54,24.868,23.94,25.0,2899,14911488.0,4.970215247922345e-05
2023-11-29,09:36:54,24.8716,23.94,25.0,2900,14911487.0,4.962272100164065e-05
2023-11-29,09:36:54,24.8752,23.94,25.0,2898,14911487.0,4.978171110339357e-05
2023-11-29,09:36:54,24.8786,23.94,25.0,2898,14911488.0,4.978171110339357e-05
2023-11-29,09:36:54,24.8821,23.94,25.0,2900,14911488.0,4.962272100164065e-05
2023-11-29,09:36:54,24.8855,23.94,25.0,2899,14911489.0,4.970215247922345e-05
2023-11-29,09:36:54,24.8891,23.94,25.0,2898,14911490.0,4.978171110339357e-05
2023-11-29,09:36:54,24.8926,23.94,25.0,2899,14911489.0,4.970215247922345e-05
2023-11-29,09:36:54,24.8996,23.94,25.0,2900,14911488.0,4.962272100164065e-05
2023-11-29,09:36:54,24.9031,23.94,25.0,2901,14911489.0,4.954341646744599e-05
2023-11-29,09:36:54,24.9067,23.94,25.0,2899,14911490.0,4.970215247922345e-05
2023-11-29,09:36:54,24.9102,23.94,25.0,2901,14911487.0,4.954341646744599e-05
2023-11-29,09:36:54,24.9137,23.94,25.0,2902,14911485.0,4.946423867376484e-05
2023-11-29,09:36:54,24.9172,23.94,25.0,2901,14911483.0,4.954341646744599e-05
2023-11-29,09:36:54,24.9207,23.94,25.0,2901,14911485.0,4.954341646744599e-05
2023-11-29,09:36:54,24.9242,23.94,25.0,2900,14911489.0,4.962272100164065e-05
2023-11-29,09:36:54,24.9277,23.94,25.0,2899,14911489.0,4.970215247922345e-05
2023-11-29,09:36:54,24.9312,23.94,25.0,2898,14911487.0,4.978171110339357e-05
2023-11-29,09:36:54,24.9348,23.94,25.0,2898,14911485.0,4.978171110339357e-05
2023-11-29,09:36:54,24.9384,23.94,25.0,2900,14911481.0,4.962272100164065e-05
2023-11-29,09:36:54,24.9419,23.94,25.0,2901,14911484.0,4.954341646744599e-05
2023-11-29,09:36:54,24.9453,23.94,25.0,2899,14911491.0,4.970215247922345e-05
2023-11-29,09:36:54,24.9489,23.94,25.0,2900,14911492.0,4.962272100164065e-05
2023-11-29,09:36:54,24.9524,23.94,25.0,2902,14911487.0,4.946423867376484e-05
2023-11-29,09:36:54,24.9559,23.94,25.0,2902,14911485.0,4.946423867376484e-05
2023-11-29,09:36:54,24.9595,23.94,25.0,2901,14911487.0,4.954341646744599e-05
2023-11-29,09:36:54,24.963,23.94,25.0,2899,14911486.0,4.970215247922345e-05
2023-11-29,09:36:54,24.9666,23.94,25.0,2900,14911485.0,4.962272100164065e-05
2023-11-29,09:36:54,24.97,23.94,25.0,2902,14911486.0,4.946423867376484e-05
2023-11-29,09:36:54,24.9736,23.94,25.0,2900,14911486.0,4.962272100164065e-05
2023-11-29,09:36:54,24.9772,23.94,25.0,2899,14911487.0,4.970215247922345e-05
