Date,Time,Relative_time,Ambient,Temperature,Peak Magnitude (RAW),Resonance_Frequency,Dissipation
2024-02-29,10:04:27,0.0528,27.0,23.5,3338,15110236.0,2.462837728351922e-05
2024-02-29,10:04:27,0.0807,27.0,23.5,3349,15110562.0,2.419886225103929e-05
2024-02-29,10:04:27,0.1118,27.0,23.5,3408,15110509.0,2.201974085256035e-05
2024-02-29,10:04:27,0.1176,27.0,23.5,3409,15110509.0,2.198455001142646e-05
2024-02-29,10:04:27,0.1234,27.0,23.5,3410,15110509.0,2.194941541052301e-05
2024-02-29,10:04:27,0.1291,27.0,23.5,3410,15110509.0,2.194941541052301e-05
2024-02-29,10:04:27,0.1349,27.0,23.5,3410,15110509.0,2.194941541052301e-05
2024-02-29,10:04:27,0.1405,27.0,23.5,3410,15110509.0,2.194941541052301e-05
2024-02-29,10:04:27,0.1463,27.0,23.5,3409,15110509.0,2.198455001142646e-05
2024-02-29,10:04:27,0.152,27.0,23.5,3410,15110509.0,2.194941541052301e-05
2024-02-29,10:04:27,0.1577,27.0,23.5,3411,15110509.0,2.19143369599697e-05
2024-02-29,10:04:27,0.1634,27.0,23.5,3410,15110509.0,2.194941541052301e-05
2024-02-29,10:04:27,0.1692,27.0,23.5,3410,15110509.0,2.194941541052301e-05
2024-02-29,10:04:27,0.1749,27.0,23.5,3410,15110509.0,2.194941541052301e-05
2024-02-29,10:04:27,0.1807,27.0,23.5,3409,15110509.0,2.198455001142646e-05
2024-02-29,10:04:27,0.1865,27.0,23.5,3409,15110509.0,2.198455001142646e-05
2024-02-29,10:04:27,0.1922,27.0,23.5,3409,15110509.0,2.198455001142646e-05
2024-02-29,10:04:27,0.1978,27.0,23.5,3409,15110509.0,2.198455001142646e-05
2024-02-29,10:04:27,0.2035,27.0,23.5,3409,15110509.0,2.198455001142646e-05
2024-02-29,10:04:27,0.2092,27.0,23.5,3409,15110509.0,2.198455001142646e-05
2024-02-29,10:04:27,0.215,27.0,23.5,3410,15110510.0,2.194941541052301e-05
2024-02-29,10:04:27,0.2208,27.0,23.5,3410,15110510.0,2.194941541052301e-05
2024-02-29,10:04:27,0.2265,27.0,23.5,3410,15110509.0,2.194941541052301e-05
2024-02-29,10:04:27,0.2323,27.0,23.5,3410,15110509.0,2.194941541052301e-05
2024-02-29,10:04:27,0.238,27.0,23.5,3410,15110510.0,2.194941541052301e-05
2024-02-29,10:04:27,0.2438,27.0,23.5,3411,15110509.0,2.19143369599697e-05
2024-02-29,10:04:27,0.2496,27.0,23.5,3411,15110509.0,2.19143369599697e-05
2024-02-29,10:04:27,0.2553,27.0,23.5,3410,15110510.0,2.194941541052301e-05
2024-02-29,10:04:27,0.261,27.0,23.5,3410,15110509.0,2.194941541052301e-05
2024-02-29,10:04:27,0.2666,27.0,23.5,3410,15110510.0,2.194941541052301e-05
2024-02-29,10:04:27,0.2723,27.0,23.5,3410,15110510.0,2.194941541052301e-05
2024-02-29,10:04:27,0.2781,27.0,23.5,3410,15110510.0,2.194941541052301e-05
2024-02-29,10:04:27,0.2839,27.0,23.5,3410,15110510.0,2.194941541052301e-05
2024-02-29,10:04:27,0.2896,27.0,23.5,3410,15110510.0,2.194941541052301e-05
2024-02-29,10:04:27,0.2954,27.0,23.5,3410,15110510.0,2.194941541052301e-05
2024-02-29,10:04:27,0.301,27.0,23.5,3410,15110510.0,2.194941541052301e-05
2024-02-29,10:04:27,0.3068,27.0,23.5,3410,15110510.0,2.194941541052301e-05
2024-02-29,10:04:27,0.3125,27.0,23.5,3410,15110509.0,2.194941541052301e-05
2024-02-29,10:04:27,0.3182,27.0,23.5,3410,15110510.0,2.194941541052301e-05
2024-02-29,10:04:27,0.3241,27.0,23.5,3410,15110510.0,2.194941541052301e-05
2024-02-29,10:04:27,0.3354,27.0,23.5,3411,15110510.0,2.19143369599697e-05
2024-02-29,10:04:27,0.3412,27.0,23.5,3410,15110510.0,2.194941541052301e-05
2024-02-29,10:04:27,0.347,27.0,23.5,3409,15110510.0,2.198455001142646e-05
2024-02-29,10:04:27,0.3527,27.0,23.5,3410,15110510.0,2.194941541052301e-05
2024-02-29,10:04:27,0.3584,27.0,23.5,3410,15110510.0,2.194941541052301e-05
2024-02-29,10:04:27,0.3641,27.0,23.5,3409,15110510.0,2.198455001142646e-05
2024-02-29,10:04:27,0.3699,27.0,23.5,3409,15110510.0,2.198455001142646e-05
2024-02-29,10:04:27,0.3755,27.0,23.5,3410,15110510.0,2.194941541052301e-05
2024-02-29,10:04:27,0.3813,27.0,23.5,3410,15110510.0,2.194941541052301e-05
2024-02-29,10:04:27,0.387,27.0,23.5,3410,15110510.0,2.194941541052301e-05
2024-02-29,10:04:27,0.3928,27.0,23.5,3410,15110510.0,2.194941541052301e-05
2024-02-29,10:04:27,0.3986,27.0,23.5,3410,15110510.0,2.194941541052301e-05
2024-02-29,10:04:27,0.4043,27.0,23.5,3410,15110510.0,2.194941541052301e-05
2024-02-29,10:04:27,0.4101,27.0,23.5,3410,15110510.0,2.194941541052301e-05
2024-02-29,10:04:27,0.4158,27.0,23.5,3411,15110510.0,2.19143369599697e-05
2024-02-29,10:04:27,0.4215,27.0,23.5,3411,15110510.0,2.19143369599697e-05
2024-02-29,10:04:27,0.4271,27.0,23.5,3410,15110510.0,2.194941541052301e-05
2024-02-29,10:04:27,0.4329,27.0,23.5,3410,15110510.0,2.194941541052301e-05
2024-02-29,10:04:27,0.4386,27.0,23.5,3410,15110510.0,2.194941541052301e-05
2024-02-29,10:04:27,0.4444,27.0,23.5,3410,15110510.0,2.194941541052301e-05
2024-02-29,10:04:27,0.4501,27.0,23.5,3410,15110510.0,2.194941541052301e-05
2024-02-29,10:04:27,0.4615,27.0,23.5,3410,15110511.0,2.194941541052301e-05
2024-02-29,10:04:27,0.4672,27.0,23.5,3410,15110510.0,2.194941541052301e-05
2024-02-29,10:04:27,0.4729,27.0,23.5,3410,15110510.0,2.194941541052301e-05
2024-02-29,10:04:27,0.4787,27.0,23.5,3410,15110510.0,2.194941541052301e-05
2024-02-29,10:04:27,0.4844,27.0,23.5,3410,15110510.0,2.194941541052301e-05
2024-02-29,10:04:27,0.4902,27.0,23.5,3410,15110510.0,2.194941541052301e-05
2024-02-29,10:04:27,0.496,27.0,23.5,3412,15110510.0,2.187931457002984e-05
2024-02-29,10:04:27,0.5017,27.0,23.5,3412,15110510.0,2.187931457002984e-05
2024-02-29,10:04:27,0.5075,27.0,23.5,3410,15110510.0,2.194941541052301e-05
2024-02-29,10:04:27,0.5132,27.0,23.5,3410,15110510.0,2.194941541052301e-05
2024-02-29,10:04:27,0.519,27.0,23.5,3410,15110510.0,2.194941541052301e-05
2024-02-29,10:04:27,0.5248,27.0,23.5,3410,15110511.0,2.194941541052301e-05
2024-02-29,10:04:27,0.5305,27.0,23.5,3410,15110511.0,2.194941541052301e-05
2024-02-29,10:04:27,0.5363,27.0,23.5,3410,15110511.0,2.194941541052301e-05
2024-02-29,10:04:27,0.542,27.0,23.5,3410,15110511.0,2.194941541052301e-05
2024-02-29,10:04:27,0.5478,27.0,23.5,3410,15110510.0,2.194941541052301e-05
2024-02-29,10:04:27,0.5534,27.0,23.5,3410,15110510.0,2.194941541052301e-05
2024-02-29,10:04:27,0.5592,27.0,23.5,3410,15110510.0,2.194941541052301e-05
2024-02-29,10:04:27,0.565,27.0,23.5,3410,15110510.0,2.194941541052301e-05
2024-02-29,10:04:27,0.5706,27.0,23.5,3410,15110510.0,2.194941541052301e-05
2024-02-29,10:04:27,0.5763,27.0,23.5,3410,15110510.0,2.194941541052301e-05
2024-02-29,10:04:27,0.5879,27.0,23.5,3410,15110511.0,2.194941541052301e-05
2024-02-29,10:04:27,0.5936,27.0,23.5,3410,15110510.0,2.194941541052301e-05
2024-02-29,10:04:27,0.5993,27.0,23.5,3410,15110510.0,2.194941541052301e-05
2024-02-29,10:04:27,0.605,27.0,23.5,3410,15110510.0,2.194941541052301e-05
2024-02-29,10:04:27,0.6108,27.0,23.5,3410,15110511.0,2.194941541052301e-05
2024-02-29,10:04:27,0.6165,27.0,23.5,3410,15110511.0,2.194941541052301e-05
2024-02-29,10:04:27,0.6223,27.0,23.5,3410,15110511.0,2.194941541052301e-05
2024-02-29,10:04:27,0.6279,27.0,23.5,3410,15110511.0,2.194941541052301e-05
2024-02-29,10:04:27,0.6337,27.0,23.5,3410,15110511.0,2.194941541052301e-05
2024-02-29,10:04:27,0.6394,27.0,23.5,3410,15110511.0,2.194941541052301e-05
2024-02-29,10:04:27,0.6452,27.0,23.5,3411,15110510.0,2.19143369599697e-05
2024-02-29,10:04:27,0.651,27.0,23.5,3411,15110510.0,2.19143369599697e-05
2024-02-29,10:04:27,0.6567,27.0,23.5,3411,15110510.0,2.19143369599697e-05
2024-02-29,10:04:27,0.6625,27.0,23.5,3411,15110510.0,2.19143369599697e-05
2024-02-29,10:04:27,0.6682,27.0,23.5,3410,15110511.0,2.194941541052301e-05
2024-02-29,10:04:27,0.674,27.0,23.5,3410,15110511.0,2.194941541052301e-05
2024-02-29,10:04:27,0.6798,27.0,23.5,3410,15110511.0,2.194941541052301e-05
2024-02-29,10:04:27,0.6855,27.0,23.5,3410,15110511.0,2.194941541052301e-05
2024-02-29,10:04:27,0.6913,27.0,23.5,3410,15110511.0,2.194941541052301e-05
2024-02-29,10:04:27,0.697,27.0,23.5,3411,15110511.0,2.19143369599697e-05
2024-02-29,10:04:28,0.7028,27.0,23.5,3411,15110511.0,2.19143369599697e-05
2024-02-29,10:04:28,0.7141,27.0,23.5,3410,15110512.0,2.194941541052301e-05
2024-02-29,10:04:28,0.7198,27.0,23.5,3410,15110511.0,2.194941541052301e-05
2024-02-29,10:04:28,0.7256,27.0,23.5,3410,15110511.0,2.194941541052301e-05
2024-02-29,10:04:28,0.7314,27.0,23.5,3410,15110511.0,2.194941541052301e-05
2024-02-29,10:04:28,0.7371,27.0,23.5,3410,15110511.0,2.194941541052301e-05
2024-02-29,10:04:28,0.7429,27.0,23.5,3410,15110511.0,2.194941541052301e-05
2024-02-29,10:04:28,0.7486,27.0,23.5,3410,15110511.0,2.194941541052301e-05
2024-02-29,10:04:28,0.7544,27.0,23.5,3410,15110511.0,2.194941541052301e-05
2024-02-29,10:04:28,0.7602,27.0,23.5,3410,15110511.0,2.194941541052301e-05
2024-02-29,10:04:28,0.7659,27.0,23.5,3410,15110511.0,2.194941541052301e-05
2024-02-29,10:04:28,0.7715,27.0,23.5,3410,15110511.0,2.194941541052301e-05
2024-02-29,10:04:28,0.7772,27.0,23.5,3410,15110511.0,2.194941541052301e-05
2024-02-29,10:04:28,0.7829,27.0,23.5,3410,15110511.0,2.194941541052301e-05
2024-02-29,10:04:28,0.7887,27.0,23.5,3410,15110511.0,2.194941541052301e-05
2024-02-29,10:04:28,0.7945,27.0,23.5,3410,15110511.0,2.194941541052301e-05
2024-02-29,10:04:28,0.8002,27.0,23.5,3410,15110511.0,2.194941541052301e-05
2024-02-29,10:04:28,0.806,27.0,23.5,3410,15110511.0,2.194941541052301e-05
2024-02-29,10:04:28,0.8117,27.0,23.5,3410,15110511.0,2.194941541052301e-05
2024-02-29,10:04:28,0.8175,27.0,23.5,3410,15110511.0,2.194941541052301e-05
2024-02-29,10:04:28,0.8233,27.0,23.5,3411,15110511.0,2.19143369599697e-05
2024-02-29,10:04:28,0.8289,27.0,23.5,3411,15110511.0,2.19143369599697e-05
2024-02-29,10:04:28,0.8345,27.0,23.5,3410,15110511.0,2.194941541052301e-05
2024-02-29,10:04:28,0.846,27.0,23.5,3410,15110511.0,2.194941541052301e-05
2024-02-29,10:04:28,0.8518,27.0,23.5,3410,15110511.0,2.194941541052301e-05
2024-02-29,10:04:28,0.8576,27.0,23.5,3410,15110511.0,2.194941541052301e-05
2024-02-29,10:04:28,0.8633,27.0,23.5,3410,15110511.0,2.194941541052301e-05
2024-02-29,10:04:28,0.8691,27.0,23.5,3410,15110511.0,2.194941541052301e-05
2024-02-29,10:04:28,0.8748,27.0,23.5,3410,15110511.0,2.194941541052301e-05
2024-02-29,10:04:28,0.8806,27.0,23.5,3410,15110511.0,2.194941541052301e-05
2024-02-29,10:04:28,0.8864,27.0,23.5,3410,15110511.0,2.194941541052301e-05
2024-02-29,10:04:28,0.8921,27.0,23.5,3411,15110511.0,2.19143369599697e-05
2024-02-29,10:04:28,0.8979,27.0,23.5,3413,15110511.0,2.184434815111023e-05
2024-02-29,10:04:28,0.9035,27.0,23.5,3412,15110510.0,2.187931457002984e-05
2024-02-29,10:04:28,0.9091,27.0,23.5,3410,15110511.0,2.194941541052301e-05
2024-02-29,10:04:28,0.9149,27.0,23.5,3410,15110511.0,2.194941541052301e-05
2024-02-29,10:04:28,0.9207,27.0,23.5,3410,15110511.0,2.194941541052301e-05
2024-02-29,10:04:28,0.9264,27.0,23.5,3410,15110511.0,2.194941541052301e-05
2024-02-29,10:04:28,0.9322,27.0,23.5,3410,15110511.0,2.194941541052301e-05
2024-02-29,10:04:28,0.9379,27.0,23.5,3410,15110511.0,2.194941541052301e-05
2024-02-29,10:04:28,0.9437,27.0,23.5,3410,15110511.0,2.194941541052301e-05
2024-02-29,10:04:28,0.9495,27.0,23.5,3410,15110512.0,2.194941541052301e-05
2024-02-29,10:04:28,0.9552,27.0,23.75,3410,15110511.0,2.194941541052301e-05
2024-02-29,10:04:28,0.961,27.0,23.75,3410,15110511.0,2.194941541052301e-05
2024-02-29,10:04:28,0.9722,27.0,23.75,3410,15110511.0,2.194941541052301e-05
2024-02-29,10:04:28,0.978,27.0,23.75,3410,15110511.0,2.194941541052301e-05
2024-02-29,10:04:28,0.9838,27.0,23.75,3410,15110511.0,2.194941541052301e-05
2024-02-29,10:04:28,0.9895,27.0,23.75,3410,15110511.0,2.194941541052301e-05
2024-02-29,10:04:28,0.9953,27.0,23.75,3410,15110511.0,2.194941541052301e-05
2024-02-29,10:04:28,1.001,27.0,23.75,3410,15110511.0,2.194941541052301e-05
2024-02-29,10:04:28,1.0068,27.0,23.75,3411,15110511.0,2.19143369599697e-05
2024-02-29,10:04:28,1.0126,27.0,23.75,3411,15110511.0,2.19143369599697e-05
2024-02-29,10:04:28,1.0183,27.0,23.75,3410,15110511.0,2.194941541052301e-05
2024-02-29,10:04:28,1.024,27.0,23.75,3410,15110512.0,2.194941541052301e-05
2024-02-29,10:04:28,1.0296,27.0,23.75,3410,15110511.0,2.194941541052301e-05
2024-02-29,10:04:28,1.0354,27.0,23.75,3410,15110511.0,2.194941541052301e-05
2024-02-29,10:04:28,1.0411,27.0,23.75,3410,15110511.0,2.194941541052301e-05
2024-02-29,10:04:28,1.0469,27.0,23.75,3410,15110511.0,2.194941541052301e-05
2024-02-29,10:04:28,1.0526,27.0,23.75,3410,15110511.0,2.194941541052301e-05
2024-02-29,10:04:28,1.0584,27.0,23.75,3410,15110511.0,2.194941541052301e-05
2024-02-29,10:04:28,1.0642,27.0,23.75,3410,15110511.0,2.194941541052301e-05
2024-02-29,10:04:28,1.0699,27.0,23.75,3410,15110511.0,2.194941541052301e-05
2024-02-29,10:04:28,1.0755,27.0,23.75,3410,15110511.0,2.194941541052301e-05
2024-02-29,10:04:28,1.0812,27.0,23.75,3410,15110511.0,2.194941541052301e-05
2024-02-29,10:04:28,1.0927,27.0,23.75,3410,15110512.0,2.194941541052301e-05
2024-02-29,10:04:28,1.0985,27.0,23.75,3411,15110512.0,2.19143369599697e-05
2024-02-29,10:04:28,1.1042,27.0,23.75,3411,15110512.0,2.19143369599697e-05
2024-02-29,10:04:28,1.11,27.0,23.75,3410,15110511.0,2.194941541052301e-05
2024-02-29,10:04:28,1.1157,27.0,23.75,3410,15110511.0,2.194941541052301e-05
2024-02-29,10:04:28,1.1215,27.0,23.75,3410,15110511.0,2.194941541052301e-05
2024-02-29,10:04:28,1.1273,27.0,23.75,3410,15110511.0,2.194941541052301e-05
2024-02-29,10:04:28,1.133,27.0,23.75,3411,15110511.0,2.19143369599697e-05
2024-02-29,10:04:28,1.1386,27.0,23.75,3412,15110511.0,2.187931457002984e-05
2024-02-29,10:04:28,1.1443,27.0,23.75,3412,15110511.0,2.187931457002984e-05
2024-02-29,10:04:28,1.15,27.0,23.75,3411,15110512.0,2.19143369599697e-05
2024-02-29,10:04:28,1.1558,27.0,23.75,3410,15110512.0,2.194941541052301e-05
2024-02-29,10:04:28,1.1616,27.0,23.75,3410,15110511.0,2.194941541052301e-05
2024-02-29,10:04:28,1.1673,27.0,23.75,3410,15110511.0,2.194941541052301e-05
2024-02-29,10:04:28,1.1731,27.0,23.75,3410,15110511.0,2.194941541052301e-05
2024-02-29,10:04:28,1.1788,27.0,23.75,3410,15110511.0,2.194941541052301e-05
2024-02-29,10:04:28,1.1846,27.0,23.75,3410,15110511.0,2.194941541052301e-05
2024-02-29,10:04:28,1.1902,27.0,23.75,3410,15110511.0,2.194941541052301e-05
2024-02-29,10:04:28,1.1959,27.0,23.75,3410,15110511.0,2.194941541052301e-05
2024-02-29,10:04:28,1.2016,27.0,23.75,3410,15110512.0,2.194941541052301e-05
2024-02-29,10:04:28,1.2074,27.0,23.75,3410,15110511.0,2.194941541052301e-05
2024-02-29,10:04:28,1.2189,27.0,23.75,3410,15110512.0,2.194941541052301e-05
2024-02-29,10:04:28,1.2247,27.0,23.75,3411,15110512.0,2.19143369599697e-05
2024-02-29,10:04:28,1.2303,27.0,23.75,3411,15110512.0,2.19143369599697e-05
2024-02-29,10:04:28,1.2359,27.0,23.75,3410,15110511.0,2.194941541052301e-05
2024-02-29,10:04:28,1.2417,27.0,23.75,3410,15110511.0,2.194941541052301e-05
2024-02-29,10:04:28,1.2474,27.0,23.75,3411,15110512.0,2.19143369599697e-05
2024-02-29,10:04:28,1.2532,27.0,23.75,3411,15110512.0,2.19143369599697e-05
2024-02-29,10:04:28,1.259,27.0,23.75,3410,15110511.0,2.194941541052301e-05
2024-02-29,10:04:28,1.2647,27.0,23.75,3410,15110511.0,2.194941541052301e-05
2024-02-29,10:04:28,1.2705,27.0,23.75,3410,15110512.0,2.194941541052301e-05
2024-02-29,10:04:28,1.2762,27.0,23.75,3411,15110511.0,2.19143369599697e-05
2024-02-29,10:04:28,1.282,27.0,23.75,3412,15110511.0,2.187931457002984e-05
2024-02-29,10:04:28,1.2878,27.0,23.75,3411,15110512.0,2.19143369599697e-05
2024-02-29,10:04:28,1.2935,27.0,23.75,3410,15110512.0,2.194941541052301e-05
2024-02-29,10:04:28,1.2992,27.0,23.75,3410,15110511.0,2.194941541052301e-05
2024-02-29,10:04:28,1.3048,27.0,23.75,3410,15110511.0,2.194941541052301e-05
2024-02-29,10:04:28,1.3106,27.0,23.75,3410,15110511.0,2.194941541052301e-05
2024-02-29,10:04:28,1.3163,27.0,23.75,3410,15110512.0,2.194941541052301e-05
2024-02-29,10:04:28,1.3221,27.0,23.75,3410,15110511.0,2.194941541052301e-05
2024-02-29,10:04:28,1.3278,27.0,23.75,3411,15110511.0,2.19143369599697e-05
2024-02-29,10:04:28,1.3336,27.0,23.75,3411,15110511.0,2.19143369599697e-05
2024-02-29,10:04:28,1.3451,27.0,23.75,3410,15110512.0,2.194941541052301e-05
2024-02-29,10:04:28,1.3509,27.0,23.75,3410,15110512.0,2.194941541052301e-05
2024-02-29,10:04:28,1.3566,27.0,23.75,3410,15110512.0,2.194941541052301e-05
2024-02-29,10:04:28,1.3623,27.0,23.75,3410,15110512.0,2.194941541052301e-05
2024-02-29,10:04:28,1.3679,27.0,23.75,3410,15110512.0,2.194941541052301e-05
2024-02-29,10:04:28,1.3737,27.0,23.75,3410,15110511.0,2.194941541052301e-05
2024-02-29,10:04:28,1.3794,27.0,23.75,3409,15110512.0,2.198455001142646e-05
2024-02-29,10:04:28,1.3852,27.0,23.75,3409,15110512.0,2.198455001142646e-05
2024-02-29,10:04:28,1.3909,27.0,23.75,3410,15110512.0,2.194941541052301e-05
2024-02-29,10:04:28,1.3967,27.0,23.75,3410,15110512.0,2.194941541052301e-05
2024-02-29,10:04:28,1.4023,27.0,23.75,3410,15110511.0,2.194941541052301e-05
2024-02-29,10:04:28,1.4081,27.0,23.75,3410,15110511.0,2.194941541052301e-05
2024-02-29,10:04:28,1.4138,27.0,23.75,3410,15110512.0,2.194941541052301e-05
2024-02-29,10:04:28,1.4195,27.0,23.75,3410,15110512.0,2.194941541052301e-05
2024-02-29,10:04:28,1.4252,27.0,23.75,3410,15110511.0,2.194941541052301e-05
2024-02-29,10:04:28,1.431,27.0,23.75,3410,15110511.0,2.194941541052301e-05
2024-02-29,10:04:28,1.4368,27.0,23.75,3410,15110511.0,2.194941541052301e-05
2024-02-29,10:04:28,1.4425,27.0,23.75,3410,15110512.0,2.194941541052301e-05
2024-02-29,10:04:28,1.4483,27.0,23.75,3410,15110511.0,2.194941541052301e-05
2024-02-29,10:04:28,1.454,27.0,23.75,3411,15110512.0,2.19143369599697e-05
2024-02-29,10:04:28,1.4653,27.06,23.75,3410,15110511.0,2.194941541052301e-05
2024-02-29,10:04:28,1.4711,27.06,23.75,3410,15110512.0,2.194941541052301e-05
2024-02-29,10:04:28,1.4768,27.06,23.75,3411,15110512.0,2.19143369599697e-05
2024-02-29,10:04:28,1.4826,27.06,23.75,3411,15110512.0,2.19143369599697e-05
2024-02-29,10:04:28,1.4883,27.06,23.75,3410,15110512.0,2.194941541052301e-05
2024-02-29,10:04:28,1.4941,27.06,23.75,3410,15110511.0,2.194941541052301e-05
2024-02-29,10:04:28,1.4999,27.06,23.75,3410,15110512.0,2.194941541052301e-05
2024-02-29,10:04:28,1.5056,27.06,23.75,3410,15110512.0,2.194941541052301e-05
2024-02-29,10:04:28,1.5114,27.06,23.75,3410,15110511.0,2.194941541052301e-05
2024-02-29,10:04:28,1.517,27.06,23.75,3411,15110511.0,2.19143369599697e-05
2024-02-29,10:04:28,1.5228,27.06,23.75,3412,15110511.0,2.187931457002984e-05
2024-02-29,10:04:28,1.5287,27.06,23.75,3411,15110512.0,2.19143369599697e-05
2024-02-29,10:04:28,1.5343,27.06,23.75,3411,15110512.0,2.19143369599697e-05
2024-02-29,10:04:28,1.5399,27.06,23.75,3411,15110512.0,2.19143369599697e-05
2024-02-29,10:04:28,1.5457,27.06,23.75,3411,15110512.0,2.19143369599697e-05
2024-02-29,10:04:28,1.5514,27.06,23.75,3411,15110512.0,2.19143369599697e-05
2024-02-29,10:04:28,1.5572,27.06,23.75,3411,15110512.0,2.19143369599697e-05
2024-02-29,10:04:28,1.563,27.06,23.75,3411,15110511.0,2.19143369599697e-05
2024-02-29,10:04:28,1.5686,27.06,23.75,3410,15110511.0,2.194941541052301e-05
2024-02-29,10:04:28,1.5742,27.06,23.75,3410,15110511.0,2.194941541052301e-05
2024-02-29,10:04:28,1.58,27.06,23.75,3411,15110511.0,2.19143369599697e-05
2024-02-29,10:04:28,1.5915,27.06,23.75,3411,15110511.0,2.19143369599697e-05
2024-02-29,10:04:28,1.5973,27.06,23.75,3411,15110512.0,2.19143369599697e-05
2024-02-29,10:04:28,1.603,27.06,23.75,3410,15110511.0,2.194941541052301e-05
2024-02-29,10:04:28,1.6088,27.06,23.75,3410,15110511.0,2.194941541052301e-05
2024-02-29,10:04:28,1.6146,27.06,23.75,3411,15110512.0,2.19143369599697e-05
2024-02-29,10:04:28,1.6203,27.06,23.75,3411,15110511.0,2.19143369599697e-05
2024-02-29,10:04:28,1.6261,27.06,23.75,3410,15110511.0,2.194941541052301e-05
2024-02-29,10:04:28,1.6317,27.06,23.75,3410,15110511.0,2.194941541052301e-05
2024-02-29,10:04:28,1.6375,27.06,23.75,3410,15110511.0,2.194941541052301e-05
2024-02-29,10:04:28,1.6432,27.06,23.75,3410,15110511.0,2.194941541052301e-05
2024-02-29,10:04:28,1.6489,27.06,23.75,3411,15110512.0,2.19143369599697e-05
2024-02-29,10:04:28,1.6546,27.06,23.75,3411,15110511.0,2.19143369599697e-05
2024-02-29,10:04:28,1.6604,27.06,23.75,3411,15110511.0,2.19143369599697e-05
2024-02-29,10:04:28,1.6661,27.06,23.75,3411,15110511.0,2.19143369599697e-05
2024-02-29,10:04:28,1.6719,27.06,23.75,3410,15110511.0,2.194941541052301e-05
2024-02-29,10:04:28,1.6777,27.06,23.75,3410,15110511.0,2.194941541052301e-05
2024-02-29,10:04:28,1.6834,27.06,23.75,3410,15110511.0,2.194941541052301e-05
2024-02-29,10:04:28,1.689,27.06,23.75,3410,15110511.0,2.194941541052301e-05
2024-02-29,10:04:28,1.6947,27.06,23.75,3410,15110511.0,2.194941541052301e-05
2024-02-29,10:04:29,1.7004,27.06,23.75,3410,15110510.0,2.194941541052301e-05
2024-02-29,10:04:29,1.7062,27.06,23.75,3410,15110510.0,2.194941541052301e-05
2024-02-29,10:04:29,1.7177,27.06,23.75,3411,15110511.0,2.19143369599697e-05
2024-02-29,10:04:29,1.7235,27.06,23.75,3411,15110511.0,2.19143369599697e-05
2024-02-29,10:04:29,1.7292,27.06,23.75,3410,15110511.0,2.194941541052301e-05
2024-02-29,10:04:29,1.735,27.06,23.75,3410,15110511.0,2.194941541052301e-05
2024-02-29,10:04:29,1.7406,27.06,23.75,3410,15110511.0,2.194941541052301e-05
2024-02-29,10:04:29,1.7464,27.06,23.75,3410,15110511.0,2.194941541052301e-05
2024-02-29,10:04:29,1.7523,27.06,23.75,3411,15110511.0,2.19143369599697e-05
2024-02-29,10:04:29,1.7579,27.06,23.75,3411,15110511.0,2.19143369599697e-05
2024-02-29,10:04:29,1.7635,27.06,23.75,3411,15110511.0,2.19143369599697e-05
2024-02-29,10:04:29,1.7693,27.06,23.75,3412,15110511.0,2.187931457002984e-05
2024-02-29,10:04:29,1.7751,27.06,23.75,3412,15110511.0,2.187931457002984e-05
2024-02-29,10:04:29,1.7808,27.06,23.75,3411,15110511.0,2.19143369599697e-05
2024-02-29,10:04:29,1.7866,27.06,23.75,3410,15110511.0,2.194941541052301e-05
2024-02-29,10:04:29,1.7923,27.06,23.75,3410,15110511.0,2.194941541052301e-05
2024-02-29,10:04:29,1.7981,27.06,23.75,3411,15110511.0,2.19143369599697e-05
2024-02-29,10:04:29,1.8037,27.06,23.75,3411,15110511.0,2.19143369599697e-05
2024-02-29,10:04:29,1.8095,27.06,23.75,3411,15110511.0,2.19143369599697e-05
2024-02-29,10:04:29,1.8153,27.06,23.75,3411,15110511.0,2.19143369599697e-05
2024-02-29,10:04:29,1.8209,27.06,23.75,3410,15110511.0,2.194941541052301e-05
2024-02-29,10:04:29,1.8266,27.06,23.75,3410,15110511.0,2.194941541052301e-05
2024-02-29,10:04:29,1.8324,27.06,23.75,3411,15110511.0,2.19143369599697e-05
2024-02-29,10:04:29,1.8439,27.06,23.75,3410,15110510.0,2.194941541052301e-05
2024-02-29,10:04:29,1.8497,27.06,23.75,3410,15110511.0,2.194941541052301e-05
2024-02-29,10:04:29,1.8553,27.06,23.75,3410,15110511.0,2.194941541052301e-05
2024-02-29,10:04:29,1.861,27.06,23.75,3410,15110511.0,2.194941541052301e-05
2024-02-29,10:04:29,1.8668,27.06,23.75,3411,15110511.0,2.19143369599697e-05
2024-02-29,10:04:29,1.8726,27.06,23.75,3411,15110511.0,2.19143369599697e-05
2024-02-29,10:04:29,1.8782,27.06,23.75,3411,15110511.0,2.19143369599697e-05
2024-02-29,10:04:29,1.884,27.06,23.75,3411,15110511.0,2.19143369599697e-05
2024-02-29,10:04:29,1.8898,27.06,23.75,3411,15110511.0,2.19143369599697e-05
2024-02-29,10:04:29,1.8955,27.06,23.75,3412,15110511.0,2.187931457002984e-05
2024-02-29,10:04:29,1.9013,27.06,23.75,3411,15110512.0,2.19143369599697e-05
2024-02-29,10:04:29,1.907,27.06,23.75,3410,15110512.0,2.194941541052301e-05
2024-02-29,10:04:29,1.9128,27.06,23.75,3411,15110511.0,2.19143369599697e-05
2024-02-29,10:04:29,1.9186,27.06,23.75,3411,15110511.0,2.19143369599697e-05
2024-02-29,10:04:29,1.9243,27.06,23.75,3411,15110511.0,2.19143369599697e-05
2024-02-29,10:04:29,1.9299,27.06,23.75,3411,15110511.0,2.19143369599697e-05
2024-02-29,10:04:29,1.9357,27.06,23.75,3411,15110511.0,2.19143369599697e-05
2024-02-29,10:04:29,1.9415,27.06,23.75,3411,15110511.0,2.19143369599697e-05
2024-02-29,10:04:29,1.9471,27.06,23.75,3410,15110511.0,2.194941541052301e-05
2024-02-29,10:04:29,1.9529,27.06,23.75,3410,15110511.0,2.194941541052301e-05
2024-02-29,10:04:29,1.9586,27.06,23.75,3411,15110511.0,2.19143369599697e-05
2024-02-29,10:04:29,1.9701,27.0,23.75,3411,15110510.0,2.19143369599697e-05
2024-02-29,10:04:29,1.9759,27.0,23.75,3411,15110511.0,2.19143369599697e-05
2024-02-29,10:04:29,1.9817,27.0,23.75,3410,15110511.0,2.194941541052301e-05
2024-02-29,10:04:29,1.9873,27.0,23.75,3410,15110511.0,2.194941541052301e-05
2024-02-29,10:04:29,1.993,27.0,23.75,3411,15110511.0,2.19143369599697e-05
2024-02-29,10:04:29,1.9989,27.0,23.75,3411,15110511.0,2.19143369599697e-05
2024-02-29,10:04:29,2.0047,27.0,23.75,3411,15110511.0,2.19143369599697e-05
2024-02-29,10:04:29,2.0103,27.0,23.75,3412,15110511.0,2.187931457002984e-05
2024-02-29,10:04:29,2.016,27.0,23.75,3412,15110511.0,2.187931457002984e-05
2024-02-29,10:04:29,2.0217,27.0,23.75,3411,15110511.0,2.19143369599697e-05
2024-02-29,10:04:29,2.0275,27.0,23.75,3411,15110511.0,2.19143369599697e-05
2024-02-29,10:04:29,2.0332,27.0,23.75,3411,15110511.0,2.19143369599697e-05
2024-02-29,10:04:29,2.039,27.0,23.75,3410,15110511.0,2.194941541052301e-05
2024-02-29,10:04:29,2.0448,27.0,23.75,3410,15110511.0,2.194941541052301e-05
2024-02-29,10:04:29,2.0505,27.0,23.75,3411,15110511.0,2.19143369599697e-05
2024-02-29,10:04:29,2.0563,27.0,23.75,3411,15110511.0,2.19143369599697e-05
2024-02-29,10:04:29,2.062,27.0,23.75,3410,15110511.0,2.194941541052301e-05
2024-02-29,10:04:29,2.0678,27.0,23.75,3410,15110511.0,2.194941541052301e-05
2024-02-29,10:04:29,2.0736,27.0,23.75,3411,15110511.0,2.19143369599697e-05
2024-02-29,10:04:29,2.0792,27.0,23.75,3411,15110511.0,2.19143369599697e-05
2024-02-29,10:04:29,2.0848,27.0,23.75,3411,15110511.0,2.19143369599697e-05
2024-02-29,10:04:29,2.0963,27.0,23.75,3410,15110510.0,2.194941541052301e-05
2024-02-29,10:04:29,2.1021,27.0,23.75,3410,15110509.0,2.194941541052301e-05
2024-02-29,10:04:29,2.1079,27.0,23.75,3411,15110509.0,2.19143369599697e-05
2024-02-29,10:04:29,2.1136,27.0,23.75,3411,15110511.0,2.19143369599697e-05
2024-02-29,10:04:29,2.1194,27.0,23.75,3411,15110511.0,2.19143369599697e-05
2024-02-29,10:04:29,2.1251,27.0,23.75,3411,15110511.0,2.19143369599697e-05
2024-02-29,10:04:29,2.1309,27.0,23.75,3411,15110511.0,2.19143369599697e-05
2024-02-29,10:04:29,2.1365,27.0,23.75,3411,15110511.0,2.19143369599697e-05
2024-02-29,10:04:29,2.1422,27.0,23.75,3411,15110511.0,2.19143369599697e-05
2024-02-29,10:04:29,2.1479,27.0,23.75,3411,15110511.0,2.19143369599697e-05
2024-02-29,10:04:29,2.1537,27.0,23.75,3411,15110511.0,2.19143369599697e-05
2024-02-29,10:04:29,2.1594,27.0,23.75,3411,15110511.0,2.19143369599697e-05
2024-02-29,10:04:29,2.1652,27.0,23.75,3411,15110511.0,2.19143369599697e-05
2024-02-29,10:04:29,2.171,27.0,23.75,3411,15110511.0,2.19143369599697e-05
2024-02-29,10:04:29,2.1767,27.0,23.75,3410,15110511.0,2.194941541052301e-05
2024-02-29,10:04:29,2.1825,27.0,23.75,3410,15110511.0,2.194941541052301e-05
2024-02-29,10:04:29,2.1882,27.0,23.75,3410,15110511.0,2.194941541052301e-05
2024-02-29,10:04:29,2.1939,27.0,23.75,3410,15110511.0,2.194941541052301e-05
2024-02-29,10:04:29,2.1996,27.0,23.75,3411,15110511.0,2.19143369599697e-05
2024-02-29,10:04:29,2.2054,27.0,23.75,3411,15110511.0,2.19143369599697e-05
2024-02-29,10:04:29,2.211,27.0,23.75,3411,15110511.0,2.19143369599697e-05
2024-02-29,10:04:29,2.2226,27.0,23.75,3411,15110511.0,2.19143369599697e-05
2024-02-29,10:04:29,2.2283,27.0,23.75,3411,15110511.0,2.19143369599697e-05
2024-02-29,10:04:29,2.2341,27.0,23.75,3410,15110511.0,2.194941541052301e-05
2024-02-29,10:04:29,2.2398,27.0,23.75,3410,15110511.0,2.194941541052301e-05
2024-02-29,10:04:29,2.2456,27.0,23.75,3411,15110511.0,2.19143369599697e-05
2024-02-29,10:04:29,2.2512,27.0,23.75,3411,15110511.0,2.19143369599697e-05
2024-02-29,10:04:29,2.257,27.0,23.75,3411,15110511.0,2.19143369599697e-05
2024-02-29,10:04:29,2.2627,27.0,23.75,3411,15110511.0,2.19143369599697e-05
2024-02-29,10:04:29,2.2684,27.0,23.75,3411,15110511.0,2.19143369599697e-05
2024-02-29,10:04:29,2.2741,27.0,23.75,3411,15110511.0,2.19143369599697e-05
2024-02-29,10:04:29,2.2799,27.0,23.75,3411,15110511.0,2.19143369599697e-05
2024-02-29,10:04:29,2.2857,27.0,23.75,3411,15110511.0,2.19143369599697e-05
2024-02-29,10:04:29,2.2914,27.0,23.75,3411,15110511.0,2.19143369599697e-05
2024-02-29,10:04:29,2.2972,27.0,23.75,3411,15110511.0,2.19143369599697e-05
2024-02-29,10:04:29,2.3029,27.0,23.75,3411,15110513.0,2.19143369599697e-05
2024-02-29,10:04:29,2.3086,27.0,23.75,3411,15110513.0,2.19143369599697e-05
2024-02-29,10:04:29,2.3143,27.0,23.75,3411,15110511.0,2.19143369599697e-05
2024-02-29,10:04:29,2.3201,27.0,23.75,3411,15110511.0,2.19143369599697e-05
2024-02-29,10:04:29,2.3257,27.0,23.75,3411,15110511.0,2.19143369599697e-05
2024-02-29,10:04:29,2.3315,27.0,23.75,3411,15110511.0,2.19143369599697e-05
2024-02-29,10:04:29,2.3372,27.0,23.75,3411,15110511.0,2.19143369599697e-05
2024-02-29,10:04:29,2.3488,27.0,23.75,3411,15110510.0,2.19143369599697e-05
2024-02-29,10:04:29,2.3544,27.0,23.75,3411,15110511.0,2.19143369599697e-05
2024-02-29,10:04:29,2.36,27.0,23.75,3411,15110512.0,2.19143369599697e-05
2024-02-29,10:04:29,2.3658,27.0,23.75,3411,15110511.0,2.19143369599697e-05
2024-02-29,10:04:29,2.3715,27.0,23.75,3410,15110511.0,2.194941541052301e-05
2024-02-29,10:04:29,2.3773,27.0,23.75,3410,15110511.0,2.194941541052301e-05
2024-02-29,10:04:29,2.3831,27.0,23.75,3411,15110511.0,2.19143369599697e-05
2024-02-29,10:04:29,2.3888,27.0,23.75,3411,15110511.0,2.19143369599697e-05
2024-02-29,10:04:29,2.3946,27.0,23.75,3411,15110512.0,2.19143369599697e-05
2024-02-29,10:04:29,2.4002,27.0,23.75,3411,15110511.0,2.19143369599697e-05
2024-02-29,10:04:29,2.4058,27.0,23.75,3411,15110511.0,2.19143369599697e-05
2024-02-29,10:04:29,2.4116,27.0,23.75,3411,15110511.0,2.19143369599697e-05
2024-02-29,10:04:29,2.4174,27.0,23.75,3411,15110511.0,2.19143369599697e-05
2024-02-29,10:04:29,2.4231,27.0,23.75,3411,15110511.0,2.19143369599697e-05
2024-02-29,10:04:29,2.4289,27.0,23.75,3411,15110511.0,2.19143369599697e-05
2024-02-29,10:04:29,2.4346,27.0,23.75,3411,15110511.0,2.19143369599697e-05
2024-02-29,10:04:29,2.4404,27.0,23.75,3411,15110511.0,2.19143369599697e-05
2024-02-29,10:04:29,2.4462,27.0,23.75,3411,15110511.0,2.19143369599697e-05
2024-02-29,10:04:29,2.4519,27.0,23.75,3411,15110512.0,2.19143369599697e-05
2024-02-29,10:04:29,2.4576,27.0,23.75,3411,15110511.0,2.19143369599697e-05
2024-02-29,10:04:29,2.4632,27.0,23.75,3411,15110512.0,2.19143369599697e-05
2024-02-29,10:04:29,2.4747,27.0,23.75,3411,15110511.0,2.19143369599697e-05
2024-02-29,10:04:29,2.4805,27.0,23.75,3411,15110512.0,2.19143369599697e-05
2024-02-29,10:04:29,2.4862,27.0,23.75,3411,15110512.0,2.19143369599697e-05
2024-02-29,10:04:29,2.492,27.0,23.75,3411,15110511.0,2.19143369599697e-05
2024-02-29,10:04:29,2.4978,27.0,23.75,3411,15110511.0,2.19143369599697e-05
2024-02-29,10:04:29,2.5035,27.0,23.75,3411,15110509.0,2.19143369599697e-05
2024-02-29,10:04:29,2.5093,27.0,23.75,3411,15110508.0,2.19143369599697e-05
2024-02-29,10:04:29,2.5149,27.0,23.75,3411,15110511.0,2.19143369599697e-05
2024-02-29,10:04:29,2.5205,27.0,23.75,3411,15110512.0,2.19143369599697e-05
2024-02-29,10:04:29,2.5263,27.0,23.75,3411,15110511.0,2.19143369599697e-05
2024-02-29,10:04:29,2.5321,27.0,23.75,3411,15110511.0,2.19143369599697e-05
2024-02-29,10:04:29,2.5378,27.0,23.75,3411,15110511.0,2.19143369599697e-05
2024-02-29,10:04:29,2.5436,27.0,23.75,3411,15110512.0,2.19143369599697e-05
2024-02-29,10:04:29,2.5493,27.0,23.75,3411,15110511.0,2.19143369599697e-05
2024-02-29,10:04:29,2.5551,27.0,23.75,3411,15110512.0,2.19143369599697e-05
2024-02-29,10:04:29,2.5607,27.0,23.75,3411,15110512.0,2.19143369599697e-05
2024-02-29,10:04:29,2.5664,27.0,23.75,3411,15110512.0,2.19143369599697e-05
2024-02-29,10:04:29,2.5721,27.0,23.75,3411,15110511.0,2.19143369599697e-05
2024-02-29,10:04:29,2.5779,27.0,23.75,3411,15110512.0,2.19143369599697e-05
2024-02-29,10:04:29,2.5836,27.0,23.75,3411,15110512.0,2.19143369599697e-05
2024-02-29,10:04:29,2.5952,27.0,23.75,3411,15110512.0,2.19143369599697e-05
2024-02-29,10:04:29,2.6009,27.0,23.75,3411,15110512.0,2.19143369599697e-05
2024-02-29,10:04:29,2.6066,27.0,23.75,3411,15110511.0,2.19143369599697e-05
2024-02-29,10:04:29,2.6123,27.0,23.75,3411,15110511.0,2.19143369599697e-05
2024-02-29,10:04:29,2.6181,27.0,23.75,3411,15110512.0,2.19143369599697e-05
2024-02-29,10:04:29,2.6237,27.0,23.75,3411,15110512.0,2.19143369599697e-05
2024-02-29,10:04:29,2.6295,27.0,23.75,3411,15110511.0,2.19143369599697e-05
2024-02-29,10:04:29,2.6352,27.0,23.75,3411,15110512.0,2.19143369599697e-05
2024-02-29,10:04:29,2.641,27.0,23.75,3412,15110511.0,2.187931457002984e-05
2024-02-29,10:04:29,2.6467,27.0,23.75,3411,15110511.0,2.19143369599697e-05
2024-02-29,10:04:29,2.6524,27.0,23.75,3410,15110511.0,2.194941541052301e-05
2024-02-29,10:04:29,2.658,27.0,23.75,3411,15110512.0,2.19143369599697e-05
2024-02-29,10:04:29,2.6638,27.0,23.75,3411,15110512.0,2.19143369599697e-05
2024-02-29,10:04:29,2.6697,27.0,23.75,3411,15110512.0,2.19143369599697e-05
2024-02-29,10:04:29,2.6754,27.0,23.75,3411,15110512.0,2.19143369599697e-05
2024-02-29,10:04:29,2.681,27.0,23.75,3410,15110511.0,2.194941541052301e-05
2024-02-29,10:04:29,2.6868,27.0,23.75,3409,15110511.0,2.198455001142646e-05
2024-02-29,10:04:29,2.6926,27.0,23.75,3410,15110512.0,2.194941541052301e-05
2024-02-29,10:04:29,2.6983,27.0,23.75,3411,15110511.0,2.19143369599697e-05
2024-02-29,10:04:30,2.7041,27.0,23.75,3411,15110512.0,2.19143369599697e-05
2024-02-29,10:04:30,2.7098,27.0,23.75,3411,15110512.0,2.19143369599697e-05
2024-02-29,10:04:30,2.7212,27.0,23.75,3411,15110512.0,2.19143369599697e-05
2024-02-29,10:04:30,2.7269,27.0,23.75,3411,15110512.0,2.19143369599697e-05
2024-02-29,10:04:30,2.7326,27.0,23.75,3411,15110512.0,2.19143369599697e-05
2024-02-29,10:04:30,2.7384,27.0,23.75,3411,15110512.0,2.19143369599697e-05
2024-02-29,10:04:30,2.7442,27.0,23.75,3411,15110512.0,2.19143369599697e-05
2024-02-29,10:04:30,2.7499,27.0,23.75,3411,15110512.0,2.19143369599697e-05
2024-02-29,10:04:30,2.7557,27.0,23.75,3411,15110512.0,2.19143369599697e-05
2024-02-29,10:04:30,2.7614,27.0,23.75,3411,15110512.0,2.19143369599697e-05
2024-02-29,10:04:30,2.7671,27.0,23.75,3411,15110512.0,2.19143369599697e-05
2024-02-29,10:04:30,2.7727,27.0,23.75,3411,15110512.0,2.19143369599697e-05
2024-02-29,10:04:30,2.7785,27.0,23.75,3411,15110512.0,2.19143369599697e-05
2024-02-29,10:04:30,2.7842,27.0,23.75,3411,15110512.0,2.19143369599697e-05
2024-02-29,10:04:30,2.79,27.0,23.75,3411,15110512.0,2.19143369599697e-05
2024-02-29,10:04:30,2.7957,27.0,23.75,3411,15110512.0,2.19143369599697e-05
2024-02-29,10:04:30,2.8015,27.0,23.75,3411,15110512.0,2.19143369599697e-05
2024-02-29,10:04:30,2.8073,27.0,23.75,3411,15110512.0,2.19143369599697e-05
2024-02-29,10:04:30,2.813,27.0,23.75,3411,15110512.0,2.19143369599697e-05
2024-02-29,10:04:30,2.8186,27.0,23.75,3411,15110512.0,2.19143369599697e-05
2024-02-29,10:04:30,2.8243,27.0,23.75,3411,15110512.0,2.19143369599697e-05
2024-02-29,10:04:30,2.83,27.0,23.75,3410,15110512.0,2.194941541052301e-05
2024-02-29,10:04:30,2.8358,27.0,23.75,3410,15110512.0,2.194941541052301e-05
2024-02-29,10:04:30,2.8473,27.0,23.75,3411,15110512.0,2.19143369599697e-05
2024-02-29,10:04:30,2.8531,27.0,23.75,3411,15110512.0,2.19143369599697e-05
2024-02-29,10:04:30,2.8588,27.0,23.75,3411,15110512.0,2.19143369599697e-05
2024-02-29,10:04:30,2.8646,27.0,23.75,3411,15110512.0,2.19143369599697e-05
2024-02-29,10:04:30,2.8704,27.0,23.75,3411,15110512.0,2.19143369599697e-05
2024-02-29,10:04:30,2.8761,27.0,23.75,3410,15110512.0,2.194941541052301e-05
2024-02-29,10:04:30,2.8818,27.0,23.75,3410,15110512.0,2.194941541052301e-05
2024-02-29,10:04:30,2.8874,27.0,23.75,3411,15110512.0,2.19143369599697e-05
2024-02-29,10:04:30,2.8931,27.0,23.75,3411,15110512.0,2.19143369599697e-05
2024-02-29,10:04:30,2.8989,27.0,23.75,3411,15110512.0,2.19143369599697e-05
2024-02-29,10:04:30,2.9047,27.0,23.75,3411,15110512.0,2.19143369599697e-05
2024-02-29,10:04:30,2.9104,27.0,23.75,3411,15110512.0,2.19143369599697e-05
2024-02-29,10:04:30,2.9162,27.0,23.75,3411,15110512.0,2.19143369599697e-05
2024-02-29,10:04:30,2.9219,27.0,23.75,3411,15110512.0,2.19143369599697e-05
2024-02-29,10:04:30,2.9277,27.0,23.75,3411,15110512.0,2.19143369599697e-05
2024-02-29,10:04:30,2.9335,27.0,23.75,3411,15110512.0,2.19143369599697e-05
2024-02-29,10:04:30,2.9392,27.0,23.75,3411,15110512.0,2.19143369599697e-05
2024-02-29,10:04:30,2.945,27.0,23.75,3410,15110512.0,2.194941541052301e-05
2024-02-29,10:04:30,2.9506,27.0,23.75,3410,15110512.0,2.194941541052301e-05
2024-02-29,10:04:30,2.9562,27.0,23.75,3411,15110512.0,2.19143369599697e-05
2024-02-29,10:04:30,2.962,27.0,23.75,3411,15110512.0,2.19143369599697e-05
2024-02-29,10:04:30,2.9735,27.06,24.0,3411,15110512.0,2.19143369599697e-05
2024-02-29,10:04:30,2.9793,27.06,24.0,3411,15110512.0,2.19143369599697e-05
2024-02-29,10:04:30,2.985,27.06,24.0,3411,15110512.0,2.19143369599697e-05
2024-02-29,10:04:30,2.9908,27.06,24.0,3411,15110512.0,2.19143369599697e-05
2024-02-29,10:04:30,2.9966,27.06,24.0,3411,15110512.0,2.19143369599697e-05
2024-02-29,10:04:30,3.0023,27.06,24.0,3411,15110512.0,2.19143369599697e-05
2024-02-29,10:04:30,3.0081,27.06,24.0,3411,15110512.0,2.19143369599697e-05
2024-02-29,10:04:30,3.0138,27.06,24.0,3410,15110512.0,2.194941541052301e-05
2024-02-29,10:04:30,3.0196,27.06,24.0,3410,15110512.0,2.194941541052301e-05
2024-02-29,10:04:30,3.0254,27.06,24.0,3411,15110512.0,2.19143369599697e-05
2024-02-29,10:04:30,3.031,27.06,24.0,3412,15110512.0,2.187931457002984e-05
2024-02-29,10:04:30,3.0368,27.06,24.0,3412,15110512.0,2.187931457002984e-05
2024-02-29,10:04:30,3.0425,27.06,24.0,3411,15110512.0,2.19143369599697e-05
2024-02-29,10:04:30,3.0482,27.06,24.0,3412,15110512.0,2.187931457002984e-05
2024-02-29,10:04:30,3.0539,27.06,24.0,3412,15110512.0,2.187931457002984e-05
2024-02-29,10:04:30,3.0597,27.06,24.0,3411,15110512.0,2.19143369599697e-05
2024-02-29,10:04:30,3.0654,27.06,24.0,3411,15110512.0,2.19143369599697e-05
2024-02-29,10:04:30,3.0712,27.06,24.0,3411,15110512.0,2.19143369599697e-05
2024-02-29,10:04:30,3.077,27.06,24.0,3411,15110512.0,2.19143369599697e-05
2024-02-29,10:04:30,3.0827,27.06,24.0,3410,15110512.0,2.194941541052301e-05
2024-02-29,10:04:30,3.0883,27.06,24.0,3410,15110512.0,2.194941541052301e-05
2024-02-29,10:04:30,3.0999,27.06,24.0,3411,15110513.0,2.19143369599697e-05
2024-02-29,10:04:30,3.1055,27.06,24.0,3411,15110512.0,2.19143369599697e-05
2024-02-29,10:04:30,3.1113,27.06,24.0,3411,15110512.0,2.19143369599697e-05
2024-02-29,10:04:30,3.1171,27.06,24.0,3411,15110512.0,2.19143369599697e-05
2024-02-29,10:04:30,3.1229,27.06,24.0,3411,15110512.0,2.19143369599697e-05
2024-02-29,10:04:30,3.1285,27.06,24.0,3411,15110512.0,2.19143369599697e-05
2024-02-29,10:04:30,3.1343,27.06,24.0,3411,15110512.0,2.19143369599697e-05
2024-02-29,10:04:30,3.1401,27.06,24.0,3411,15110512.0,2.19143369599697e-05
2024-02-29,10:04:30,3.1458,27.06,24.0,3411,15110512.0,2.19143369599697e-05
2024-02-29,10:04:30,3.1516,27.06,24.0,3411,15110512.0,2.19143369599697e-05
2024-02-29,10:04:30,3.1572,27.06,24.0,3411,15110512.0,2.19143369599697e-05
2024-02-29,10:04:30,3.163,27.06,24.0,3410,15110512.0,2.194941541052301e-05
2024-02-29,10:04:30,3.1687,27.06,24.0,3410,15110512.0,2.194941541052301e-05
2024-02-29,10:04:30,3.1744,27.06,24.0,3411,15110512.0,2.19143369599697e-05
2024-02-29,10:04:30,3.1801,27.06,24.0,3411,15110512.0,2.19143369599697e-05
2024-02-29,10:04:30,3.1859,27.06,24.0,3411,15110512.0,2.19143369599697e-05
2024-02-29,10:04:30,3.1916,27.06,24.0,3411,15110512.0,2.19143369599697e-05
2024-02-29,10:04:30,3.1974,27.06,24.0,3411,15110512.0,2.19143369599697e-05
2024-02-29,10:04:30,3.203,27.06,24.0,3411,15110512.0,2.19143369599697e-05
2024-02-29,10:04:30,3.2088,27.06,24.0,3411,15110512.0,2.19143369599697e-05
2024-02-29,10:04:30,3.2146,27.06,24.0,3411,15110512.0,2.19143369599697e-05
2024-02-29,10:04:30,3.2261,27.06,24.0,3410,15110513.0,2.194941541052301e-05
2024-02-29,10:04:30,3.2317,27.06,24.0,3410,15110512.0,2.194941541052301e-05
2024-02-29,10:04:30,3.2375,27.06,24.0,3411,15110512.0,2.19143369599697e-05
2024-02-29,10:04:30,3.2432,27.06,24.0,3411,15110512.0,2.19143369599697e-05
2024-02-29,10:04:30,3.249,27.06,24.0,3411,15110512.0,2.19143369599697e-05
2024-02-29,10:04:30,3.2547,27.06,24.0,3411,15110512.0,2.19143369599697e-05
2024-02-29,10:04:30,3.2605,27.06,24.0,3412,15110512.0,2.187931457002984e-05
2024-02-29,10:04:30,3.2663,27.06,24.0,3412,15110512.0,2.187931457002984e-05
2024-02-29,10:04:30,3.2719,27.06,24.0,3411,15110512.0,2.19143369599697e-05
2024-02-29,10:04:30,3.2777,27.06,24.0,3411,15110512.0,2.19143369599697e-05
2024-02-29,10:04:30,3.2834,27.06,24.0,3411,15110512.0,2.19143369599697e-05
2024-02-29,10:04:30,3.289,27.06,24.0,3411,15110512.0,2.19143369599697e-05
2024-02-29,10:04:30,3.2948,27.06,24.0,3411,15110512.0,2.19143369599697e-05
2024-02-29,10:04:30,3.3006,27.06,24.0,3411,15110512.0,2.19143369599697e-05
2024-02-29,10:04:30,3.3063,27.06,24.0,3411,15110511.0,2.19143369599697e-05
2024-02-29,10:04:30,3.3121,27.06,24.0,3411,15110512.0,2.19143369599697e-05
2024-02-29,10:04:30,3.3178,27.06,24.0,3411,15110512.0,2.19143369599697e-05
2024-02-29,10:04:30,3.3236,27.06,24.0,3411,15110512.0,2.19143369599697e-05
2024-02-29,10:04:30,3.3294,27.06,24.0,3411,15110512.0,2.19143369599697e-05
2024-02-29,10:04:30,3.3351,27.06,24.0,3411,15110512.0,2.19143369599697e-05
2024-02-29,10:04:30,3.3408,27.06,24.0,3411,15110512.0,2.19143369599697e-05
2024-02-29,10:04:30,3.3522,27.06,24.0,3411,15110512.0,2.19143369599697e-05
2024-02-29,10:04:30,3.3579,27.06,24.0,3411,15110512.0,2.19143369599697e-05
2024-02-29,10:04:30,3.3637,27.06,24.0,3411,15110512.0,2.19143369599697e-05
2024-02-29,10:04:30,3.3694,27.06,24.0,3411,15110512.0,2.19143369599697e-05
2024-02-29,10:04:30,3.3752,27.06,24.0,3411,15110512.0,2.19143369599697e-05
2024-02-29,10:04:30,3.381,27.06,24.0,3411,15110512.0,2.19143369599697e-05
2024-02-29,10:04:30,3.3867,27.06,24.0,3411,15110512.0,2.19143369599697e-05
2024-02-29,10:04:30,3.3925,27.06,24.0,3411,15110512.0,2.19143369599697e-05
2024-02-29,10:04:30,3.3981,27.06,24.0,3411,15110512.0,2.19143369599697e-05
2024-02-29,10:04:30,3.4039,27.06,24.0,3411,15110512.0,2.19143369599697e-05
2024-02-29,10:04:30,3.4096,27.06,24.0,3411,15110512.0,2.19143369599697e-05
2024-02-29,10:04:30,3.4153,27.06,24.0,3411,15110512.0,2.19143369599697e-05
2024-02-29,10:04:30,3.421,27.06,24.0,3411,15110512.0,2.19143369599697e-05
2024-02-29,10:04:30,3.4268,27.06,24.0,3411,15110512.0,2.19143369599697e-05
2024-02-29,10:04:30,3.4325,27.06,24.0,3411,15110512.0,2.19143369599697e-05
2024-02-29,10:04:30,3.4383,27.06,24.0,3411,15110512.0,2.19143369599697e-05
2024-02-29,10:04:30,3.4439,27.06,24.0,3411,15110512.0,2.19143369599697e-05
2024-02-29,10:04:30,3.4497,27.06,24.0,3411,15110512.0,2.19143369599697e-05
2024-02-29,10:04:30,3.4554,27.06,24.0,3411,15110512.0,2.19143369599697e-05
2024-02-29,10:04:30,3.4611,27.06,24.0,3411,15110512.0,2.19143369599697e-05
2024-02-29,10:04:30,3.4668,27.06,24.0,3411,15110512.0,2.19143369599697e-05
2024-02-29,10:04:30,3.4784,27.0,24.0,3411,15110512.0,2.19143369599697e-05
2024-02-29,10:04:30,3.4841,27.0,24.0,3411,15110512.0,2.19143369599697e-05
2024-02-29,10:04:30,3.4899,27.0,24.0,3410,15110512.0,2.194941541052301e-05
2024-02-29,10:04:30,3.4956,27.0,24.0,3410,15110512.0,2.194941541052301e-05
2024-02-29,10:04:30,3.5013,27.0,24.0,3411,15110512.0,2.19143369599697e-05
2024-02-29,10:04:30,3.507,27.0,24.0,3412,15110513.0,2.187931457002984e-05
2024-02-29,10:04:30,3.5129,27.0,24.0,3412,15110513.0,2.187931457002984e-05
2024-02-29,10:04:30,3.5187,27.0,24.0,3411,15110512.0,2.19143369599697e-05
2024-02-29,10:04:30,3.5244,27.0,24.0,3411,15110512.0,2.19143369599697e-05
2024-02-29,10:04:30,3.5302,27.0,24.0,3411,15110512.0,2.19143369599697e-05
2024-02-29,10:04:30,3.5358,27.0,24.0,3411,15110512.0,2.19143369599697e-05
2024-02-29,10:04:30,3.5416,27.0,24.0,3411,15110512.0,2.19143369599697e-05
2024-02-29,10:04:30,3.5474,27.0,24.0,3412,15110512.0,2.187931457002984e-05
2024-02-29,10:04:30,3.5531,27.0,24.0,3412,15110512.0,2.187931457002984e-05
2024-02-29,10:04:30,3.5589,27.0,24.0,3411,15110512.0,2.19143369599697e-05
2024-02-29,10:04:30,3.5646,27.0,24.0,3411,15110512.0,2.19143369599697e-05
2024-02-29,10:04:30,3.5704,27.0,24.0,3410,15110512.0,2.194941541052301e-05
2024-02-29,10:04:30,3.576,27.0,24.0,3410,15110513.0,2.194941541052301e-05
2024-02-29,10:04:30,3.5818,27.0,24.0,3411,15110512.0,2.19143369599697e-05
2024-02-29,10:04:30,3.5875,27.0,24.0,3411,15110512.0,2.19143369599697e-05
2024-02-29,10:04:30,3.5933,27.0,24.0,3411,15110512.0,2.19143369599697e-05
2024-02-29,10:04:30,3.6047,27.0,24.0,3411,15110513.0,2.19143369599697e-05
2024-02-29,10:04:30,3.6103,27.0,24.0,3411,15110513.0,2.19143369599697e-05
2024-02-29,10:04:30,3.6161,27.0,24.0,3411,15110513.0,2.19143369599697e-05
2024-02-29,10:04:30,3.6218,27.0,24.0,3411,15110512.0,2.19143369599697e-05
2024-02-29,10:04:30,3.6276,27.0,24.0,3411,15110512.0,2.19143369599697e-05
2024-02-29,10:04:30,3.6334,27.0,24.0,3411,15110513.0,2.19143369599697e-05
2024-02-29,10:04:30,3.6391,27.0,24.0,3411,15110513.0,2.19143369599697e-05
2024-02-29,10:04:30,3.6449,27.0,24.0,3411,15110512.0,2.19143369599697e-05
2024-02-29,10:04:30,3.6506,27.0,24.0,3411,15110512.0,2.19143369599697e-05
2024-02-29,10:04:30,3.6564,27.0,24.0,3411,15110512.0,2.19143369599697e-05
2024-02-29,10:04:30,3.6622,27.0,24.0,3411,15110513.0,2.19143369599697e-05
2024-02-29,10:04:30,3.6679,27.0,24.0,3411,15110513.0,2.19143369599697e-05
2024-02-29,10:04:30,3.6737,27.0,24.0,3412,15110512.0,2.187931457002984e-05
2024-02-29,10:04:30,3.6794,27.0,24.0,3412,15110512.0,2.187931457002984e-05
2024-02-29,10:04:30,3.6852,27.0,24.0,3411,15110513.0,2.19143369599697e-05
2024-02-29,10:04:30,3.691,27.0,24.0,3411,15110512.0,2.19143369599697e-05
2024-02-29,10:04:30,3.6967,27.0,24.0,3411,15110512.0,2.19143369599697e-05
2024-02-29,10:04:31,3.7024,27.0,24.0,3411,15110513.0,2.19143369599697e-05
2024-02-29,10:04:31,3.708,27.0,24.0,3411,15110512.0,2.19143369599697e-05
2024-02-29,10:04:31,3.7138,27.0,24.0,3411,15110513.0,2.19143369599697e-05
2024-02-29,10:04:31,3.7195,27.0,24.0,3411,15110512.0,2.19143369599697e-05
2024-02-29,10:04:31,3.7253,27.0,24.0,3411,15110513.0,2.19143369599697e-05
2024-02-29,10:04:31,3.7368,27.0,24.0,3411,15110513.0,2.19143369599697e-05
2024-02-29,10:04:31,3.7426,27.0,24.0,3411,15110513.0,2.19143369599697e-05
2024-02-29,10:04:31,3.7483,27.0,24.0,3411,15110513.0,2.19143369599697e-05
2024-02-29,10:04:31,3.7541,27.0,24.0,3411,15110513.0,2.19143369599697e-05
2024-02-29,10:04:31,3.7598,27.0,24.0,3412,15110513.0,2.187931457002984e-05
2024-02-29,10:04:31,3.7655,27.0,24.0,3412,15110513.0,2.187931457002984e-05
2024-02-29,10:04:31,3.7712,27.0,24.0,3411,15110513.0,2.19143369599697e-05
2024-02-29,10:04:31,3.777,27.0,24.0,3411,15110513.0,2.19143369599697e-05
2024-02-29,10:04:31,3.7826,27.0,24.0,3411,15110513.0,2.19143369599697e-05
2024-02-29,10:04:31,3.7884,27.0,24.0,3411,15110512.0,2.19143369599697e-05
2024-02-29,10:04:31,3.7941,27.0,24.0,3411,15110513.0,2.19143369599697e-05
2024-02-29,10:04:31,3.7999,27.0,24.0,3411,15110513.0,2.19143369599697e-05
2024-02-29,10:04:31,3.8057,27.0,24.0,3411,15110513.0,2.19143369599697e-05
2024-02-29,10:04:31,3.8114,27.0,24.0,3411,15110513.0,2.19143369599697e-05
2024-02-29,10:04:31,3.8172,27.0,24.0,3411,15110513.0,2.19143369599697e-05
2024-02-29,10:04:31,3.8229,27.0,24.0,3411,15110513.0,2.19143369599697e-05
2024-02-29,10:04:31,3.8287,27.0,24.0,3411,15110513.0,2.19143369599697e-05
2024-02-29,10:04:31,3.8345,27.0,24.0,3411,15110512.0,2.19143369599697e-05
2024-02-29,10:04:31,3.8402,27.0,24.0,3411,15110513.0,2.19143369599697e-05
2024-02-29,10:04:31,3.8458,27.0,24.0,3411,15110513.0,2.19143369599697e-05
2024-02-29,10:04:31,3.8515,27.0,24.0,3411,15110513.0,2.19143369599697e-05
2024-02-29,10:04:31,3.863,27.0,24.0,3411,15110512.0,2.19143369599697e-05
2024-02-29,10:04:31,3.8688,27.0,24.0,3411,15110513.0,2.19143369599697e-05
2024-02-29,10:04:31,3.8745,27.0,24.0,3411,15110513.0,2.19143369599697e-05
2024-02-29,10:04:31,3.8803,27.0,24.0,3411,15110513.0,2.19143369599697e-05
2024-02-29,10:04:31,3.886,27.0,24.0,3411,15110513.0,2.19143369599697e-05
2024-02-29,10:04:31,3.8918,27.0,24.0,3410,15110513.0,2.194941541052301e-05
2024-02-29,10:04:31,3.8976,27.0,24.0,3410,15110513.0,2.194941541052301e-05
2024-02-29,10:04:31,3.9033,27.0,24.0,3411,15110513.0,2.19143369599697e-05
2024-02-29,10:04:31,3.9091,27.0,24.0,3411,15110513.0,2.19143369599697e-05
2024-02-29,10:04:31,3.9148,27.0,24.0,3411,15110513.0,2.19143369599697e-05
2024-02-29,10:04:31,3.9206,27.0,24.0,3411,15110513.0,2.19143369599697e-05
2024-02-29,10:04:31,3.9262,27.0,24.0,3412,15110513.0,2.187931457002984e-05
2024-02-29,10:04:31,3.932,27.0,24.0,3412,15110513.0,2.187931457002984e-05
2024-02-29,10:04:31,3.9378,27.0,24.0,3411,15110513.0,2.19143369599697e-05
2024-02-29,10:04:31,3.9434,27.0,24.0,3411,15110513.0,2.19143369599697e-05
2024-02-29,10:04:31,3.9491,27.0,24.0,3411,15110513.0,2.19143369599697e-05
2024-02-29,10:04:31,3.9549,27.0,24.0,3411,15110513.0,2.19143369599697e-05
2024-02-29,10:04:31,3.9607,27.0,24.0,3411,15110513.0,2.19143369599697e-05
2024-02-29,10:04:31,3.9664,27.0,24.0,3411,15110513.0,2.19143369599697e-05
2024-02-29,10:04:31,3.9722,27.0,24.0,3411,15110513.0,2.19143369599697e-05
2024-02-29,10:04:31,3.9779,27.0,24.0,3411,15110513.0,2.19143369599697e-05
2024-02-29,10:04:31,3.9895,27.0,24.0,3411,15110512.0,2.19143369599697e-05
2024-02-29,10:04:31,3.9952,27.0,24.0,3410,15110513.0,2.194941541052301e-05
2024-02-29,10:04:31,4.0009,27.0,24.0,3410,15110513.0,2.194941541052301e-05
2024-02-29,10:04:31,4.0065,27.0,24.0,3411,15110513.0,2.19143369599697e-05
2024-02-29,10:04:31,4.0122,27.0,24.0,3412,15110513.0,2.187931457002984e-05
2024-02-29,10:04:31,4.018,27.0,24.0,3412,15110513.0,2.187931457002984e-05
2024-02-29,10:04:31,4.0238,27.0,24.0,3411,15110513.0,2.19143369599697e-05
2024-02-29,10:04:31,4.0295,27.0,24.0,3411,15110513.0,2.19143369599697e-05
2024-02-29,10:04:31,4.0353,27.0,24.0,3411,15110513.0,2.19143369599697e-05
2024-02-29,10:04:31,4.041,27.0,24.0,3411,15110513.0,2.19143369599697e-05
2024-02-29,10:04:31,4.0468,27.0,24.0,3411,15110513.0,2.19143369599697e-05
2024-02-29,10:04:31,4.0526,27.0,24.0,3411,15110513.0,2.19143369599697e-05
2024-02-29,10:04:31,4.0583,27.0,24.0,3411,15110513.0,2.19143369599697e-05
2024-02-29,10:04:31,4.0641,27.0,24.0,3411,15110513.0,2.19143369599697e-05
2024-02-29,10:04:31,4.0698,27.0,24.0,3411,15110513.0,2.19143369599697e-05
2024-02-29,10:04:31,4.0756,27.0,24.0,3411,15110513.0,2.19143369599697e-05
2024-02-29,10:04:31,4.0814,27.0,24.0,3411,15110513.0,2.19143369599697e-05
2024-02-29,10:04:31,4.0871,27.0,24.0,3411,15110513.0,2.19143369599697e-05
2024-02-29,10:04:31,4.0929,27.0,24.0,3411,15110513.0,2.19143369599697e-05
2024-02-29,10:04:31,4.0985,27.0,24.0,3411,15110513.0,2.19143369599697e-05
2024-02-29,10:04:31,4.1042,27.0,24.0,3411,15110513.0,2.19143369599697e-05
2024-02-29,10:04:31,4.1099,27.0,24.0,3410,15110513.0,2.194941541052301e-05
2024-02-29,10:04:31,4.1214,27.0,24.0,3411,15110513.0,2.19143369599697e-05
2024-02-29,10:04:31,4.1272,27.0,24.0,3411,15110513.0,2.19143369599697e-05
2024-02-29,10:04:31,4.133,27.0,24.0,3411,15110513.0,2.19143369599697e-05
2024-02-29,10:04:31,4.1387,27.0,24.0,3411,15110513.0,2.19143369599697e-05
2024-02-29,10:04:31,4.1445,27.0,24.0,3411,15110513.0,2.19143369599697e-05
2024-02-29,10:04:31,4.1502,27.0,24.0,3411,15110513.0,2.19143369599697e-05
2024-02-29,10:04:31,4.1559,27.0,24.0,3411,15110513.0,2.19143369599697e-05
2024-02-29,10:04:31,4.1616,27.0,24.0,3411,15110513.0,2.19143369599697e-05
2024-02-29,10:04:31,4.1674,27.0,24.0,3411,15110513.0,2.19143369599697e-05
2024-02-29,10:04:31,4.1731,27.0,24.0,3411,15110513.0,2.19143369599697e-05
2024-02-29,10:04:31,4.1789,27.0,24.0,3411,15110513.0,2.19143369599697e-05
2024-02-29,10:04:31,4.1845,27.0,24.0,3411,15110513.0,2.19143369599697e-05
2024-02-29,10:04:31,4.1903,27.0,24.0,3411,15110513.0,2.19143369599697e-05
2024-02-29,10:04:31,4.1961,27.0,24.0,3411,15110513.0,2.19143369599697e-05
2024-02-29,10:04:31,4.2018,27.0,24.0,3411,15110513.0,2.19143369599697e-05
2024-02-29,10:04:31,4.2076,27.0,24.0,3411,15110513.0,2.19143369599697e-05
2024-02-29,10:04:31,4.2133,27.0,24.0,3411,15110513.0,2.19143369599697e-05
2024-02-29,10:04:31,4.2191,27.0,24.0,3411,15110513.0,2.19143369599697e-05
2024-02-29,10:04:31,4.2247,27.0,24.0,3411,15110513.0,2.19143369599697e-05
2024-02-29,10:04:31,4.2305,27.0,24.0,3411,15110513.0,2.19143369599697e-05
2024-02-29,10:04:31,4.2362,27.0,24.0,3411,15110513.0,2.19143369599697e-05
2024-02-29,10:04:31,4.2478,27.0,24.0,3411,15110514.0,2.19143369599697e-05
2024-02-29,10:04:31,4.2534,27.0,24.0,3411,15110513.0,2.19143369599697e-05
2024-02-29,10:04:31,4.2592,27.0,24.0,3410,15110513.0,2.194941541052301e-05
2024-02-29,10:04:31,4.2649,27.0,24.0,3410,15110513.0,2.194941541052301e-05
2024-02-29,10:04:31,4.2707,27.0,24.0,3411,15110513.0,2.19143369599697e-05
2024-02-29,10:04:31,4.2764,27.0,24.0,3411,15110513.0,2.19143369599697e-05
2024-02-29,10:04:31,4.2821,27.0,24.0,3411,15110513.0,2.19143369599697e-05
2024-02-29,10:04:31,4.2878,27.0,24.0,3411,15110513.0,2.19143369599697e-05
2024-02-29,10:04:31,4.2937,27.0,24.0,3411,15110513.0,2.19143369599697e-05
2024-02-29,10:04:31,4.2995,27.0,24.0,3411,15110513.0,2.19143369599697e-05
2024-02-29,10:04:31,4.3051,27.0,24.0,3411,15110513.0,2.19143369599697e-05
2024-02-29,10:04:31,4.3107,27.0,24.0,3411,15110513.0,2.19143369599697e-05
2024-02-29,10:04:31,4.3165,27.0,24.0,3411,15110513.0,2.19143369599697e-05
2024-02-29,10:04:31,4.3223,27.0,24.0,3411,15110513.0,2.19143369599697e-05
2024-02-29,10:04:31,4.328,27.0,24.0,3411,15110513.0,2.19143369599697e-05
2024-02-29,10:04:31,4.3338,27.0,24.0,3411,15110513.0,2.19143369599697e-05
2024-02-29,10:04:31,4.3395,27.0,24.0,3411,15110513.0,2.19143369599697e-05
2024-02-29,10:04:31,4.3453,27.0,24.0,3411,15110513.0,2.19143369599697e-05
2024-02-29,10:04:31,4.3511,27.0,24.0,3411,15110513.0,2.19143369599697e-05
2024-02-29,10:04:31,4.3568,27.0,24.0,3411,15110513.0,2.19143369599697e-05
2024-02-29,10:04:31,4.3626,27.0,24.0,3411,15110513.0,2.19143369599697e-05
2024-02-29,10:04:31,4.374,27.0,24.0,3410,15110514.0,2.194941541052301e-05
2024-02-29,10:04:31,4.3796,27.0,24.0,3411,15110513.0,2.19143369599697e-05
2024-02-29,10:04:31,4.3854,27.0,24.0,3411,15110513.0,2.19143369599697e-05
2024-02-29,10:04:31,4.3911,27.0,24.0,3411,15110513.0,2.19143369599697e-05
2024-02-29,10:04:31,4.3969,27.0,24.0,3411,15110513.0,2.19143369599697e-05
2024-02-29,10:04:31,4.4026,27.0,24.0,3411,15110513.0,2.19143369599697e-05
2024-02-29,10:04:31,4.4084,27.0,24.0,3412,15110513.0,2.187931457002984e-05
2024-02-29,10:04:31,4.4142,27.0,24.0,3412,15110513.0,2.187931457002984e-05
2024-02-29,10:04:31,4.4199,27.0,24.0,3411,15110513.0,2.19143369599697e-05
2024-02-29,10:04:31,4.4257,27.0,24.0,3411,15110513.0,2.19143369599697e-05
2024-02-29,10:04:31,4.4314,27.0,24.0,3411,15110513.0,2.19143369599697e-05
2024-02-29,10:04:31,4.4371,27.0,24.0,3411,15110513.0,2.19143369599697e-05
2024-02-29,10:04:31,4.4427,27.0,24.0,3411,15110513.0,2.19143369599697e-05
2024-02-29,10:04:31,4.4485,27.0,24.0,3411,15110513.0,2.19143369599697e-05
2024-02-29,10:04:31,4.4542,27.0,24.0,3411,15110513.0,2.19143369599697e-05
2024-02-29,10:04:31,4.46,27.0,24.0,3411,15110513.0,2.19143369599697e-05
2024-02-29,10:04:31,4.4658,27.0,24.0,3411,15110513.0,2.19143369599697e-05
2024-02-29,10:04:31,4.4715,27.0,24.0,3411,15110513.0,2.19143369599697e-05
2024-02-29,10:04:31,4.4773,27.0,24.0,3411,15110513.0,2.19143369599697e-05
2024-02-29,10:04:31,4.483,27.0,24.0,3411,15110513.0,2.19143369599697e-05
2024-02-29,10:04:31,4.4887,27.06,24.0,3411,15110513.0,2.19143369599697e-05
2024-02-29,10:04:31,4.5001,27.06,24.0,3411,15110514.0,2.19143369599697e-05
2024-02-29,10:04:31,4.5058,27.06,24.0,3411,15110513.0,2.19143369599697e-05
2024-02-29,10:04:31,4.5116,27.06,24.0,3411,15110513.0,2.19143369599697e-05
2024-02-29,10:04:31,4.5173,27.06,24.0,3411,15110513.0,2.19143369599697e-05
2024-02-29,10:04:31,4.5231,27.06,24.0,3410,15110513.0,2.194941541052301e-05
2024-02-29,10:04:31,4.5289,27.06,24.0,3410,15110513.0,2.194941541052301e-05
2024-02-29,10:04:31,4.5346,27.06,24.0,3411,15110513.0,2.19143369599697e-05
2024-02-29,10:04:31,4.5404,27.06,24.0,3412,15110513.0,2.187931457002984e-05
2024-02-29,10:04:31,4.5461,27.06,24.0,3412,15110513.0,2.187931457002984e-05
2024-02-29,10:04:31,4.5519,27.06,24.0,3411,15110513.0,2.19143369599697e-05
2024-02-29,10:04:31,4.5575,27.06,24.0,3411,15110514.0,2.19143369599697e-05
2024-02-29,10:04:31,4.5632,27.06,24.0,3411,15110514.0,2.19143369599697e-05
2024-02-29,10:04:31,4.5689,27.06,24.0,3411,15110514.0,2.19143369599697e-05
2024-02-29,10:04:31,4.5747,27.06,24.0,3411,15110513.0,2.19143369599697e-05
2024-02-29,10:04:31,4.5804,27.06,24.0,3411,15110513.0,2.19143369599697e-05
2024-02-29,10:04:31,4.5862,27.06,24.0,3411,15110514.0,2.19143369599697e-05
2024-02-29,10:04:31,4.592,27.06,24.0,3411,15110513.0,2.19143369599697e-05
2024-02-29,10:04:31,4.5977,27.06,24.0,3411,15110513.0,2.19143369599697e-05
2024-02-29,10:04:31,4.6034,27.06,24.0,3411,15110513.0,2.19143369599697e-05
2024-02-29,10:04:31,4.609,27.06,24.0,3411,15110514.0,2.19143369599697e-05
2024-02-29,10:04:31,4.6147,27.06,24.0,3411,15110513.0,2.19143369599697e-05
2024-02-29,10:04:31,4.6263,27.06,24.0,3411,15110514.0,2.19143369599697e-05
2024-02-29,10:04:31,4.632,27.06,24.0,3411,15110514.0,2.19143369599697e-05
2024-02-29,10:04:31,4.6378,27.06,24.0,3410,15110514.0,2.194941541052301e-05
2024-02-29,10:04:31,4.6435,27.06,24.0,3410,15110513.0,2.194941541052301e-05
2024-02-29,10:04:31,4.6493,27.06,24.0,3411,15110513.0,2.19143369599697e-05
2024-02-29,10:04:31,4.6551,27.06,24.0,3411,15110513.0,2.19143369599697e-05
2024-02-29,10:04:31,4.6607,27.06,24.0,3411,15110513.0,2.19143369599697e-05
2024-02-29,10:04:31,4.6665,27.06,24.0,3411,15110513.0,2.19143369599697e-05
2024-02-29,10:04:31,4.6722,27.06,24.0,3411,15110513.0,2.19143369599697e-05
2024-02-29,10:04:31,4.678,27.06,24.0,3411,15110513.0,2.19143369599697e-05
2024-02-29,10:04:31,4.6839,27.06,24.0,3411,15110513.0,2.19143369599697e-05
2024-02-29,10:04:31,4.6895,27.06,24.0,3411,15110513.0,2.19143369599697e-05
2024-02-29,10:04:31,4.6951,27.06,24.0,3411,15110513.0,2.19143369599697e-05
2024-02-29,10:04:31,4.7009,27.06,24.0,3411,15110513.0,2.19143369599697e-05
2024-02-29,10:04:32,4.7066,27.06,24.0,3410,15110513.0,2.194941541052301e-05
2024-02-29,10:04:32,4.7124,27.06,24.0,3410,15110513.0,2.194941541052301e-05
2024-02-29,10:04:32,4.7182,27.06,24.0,3411,15110513.0,2.19143369599697e-05
2024-02-29,10:04:32,4.7239,27.06,24.0,3411,15110513.0,2.19143369599697e-05
2024-02-29,10:04:32,4.7297,27.06,24.0,3411,15110513.0,2.19143369599697e-05
2024-02-29,10:04:32,4.7354,27.06,24.0,3411,15110513.0,2.19143369599697e-05
2024-02-29,10:04:32,4.7412,27.06,24.0,3411,15110513.0,2.19143369599697e-05
2024-02-29,10:04:32,4.7526,27.06,24.0,3411,15110514.0,2.19143369599697e-05
2024-02-29,10:04:32,4.7582,27.06,24.0,3411,15110513.0,2.19143369599697e-05
2024-02-29,10:04:32,4.764,27.06,24.0,3411,15110513.0,2.19143369599697e-05
2024-02-29,10:04:32,4.7698,27.06,24.0,3411,15110513.0,2.19143369599697e-05
2024-02-29,10:04:32,4.7755,27.06,24.0,3411,15110513.0,2.19143369599697e-05
2024-02-29,10:04:32,4.7813,27.06,24.0,3411,15110513.0,2.19143369599697e-05
2024-02-29,10:04:32,4.787,27.06,24.0,3411,15110513.0,2.19143369599697e-05
2024-02-29,10:04:32,4.7928,27.06,24.0,3411,15110513.0,2.19143369599697e-05
2024-02-29,10:04:32,4.7986,27.06,24.0,3411,15110513.0,2.19143369599697e-05
2024-02-29,10:04:32,4.8043,27.06,24.0,3411,15110513.0,2.19143369599697e-05
2024-02-29,10:04:32,4.8101,27.06,24.0,3411,15110513.0,2.19143369599697e-05
2024-02-29,10:04:32,4.8158,27.06,24.0,3411,15110513.0,2.19143369599697e-05
2024-02-29,10:04:32,4.8216,27.06,24.0,3411,15110513.0,2.19143369599697e-05
2024-02-29,10:04:32,4.8274,27.06,24.0,3411,15110513.0,2.19143369599697e-05
2024-02-29,10:04:32,4.8331,27.06,24.0,3411,15110513.0,2.19143369599697e-05
2024-02-29,10:04:32,4.8389,27.06,24.0,3411,15110513.0,2.19143369599697e-05
2024-02-29,10:04:32,4.8445,27.06,24.0,3411,15110513.0,2.19143369599697e-05
2024-02-29,10:04:32,4.8503,27.06,24.0,3411,15110513.0,2.19143369599697e-05
2024-02-29,10:04:32,4.856,27.06,24.0,3411,15110513.0,2.19143369599697e-05
2024-02-29,10:04:32,4.8617,27.06,24.0,3411,15110513.0,2.19143369599697e-05
2024-02-29,10:04:32,4.8674,27.06,24.0,3411,15110512.0,2.19143369599697e-05
2024-02-29,10:04:32,4.8732,27.06,24.0,3411,15110513.0,2.19143369599697e-05
2024-02-29,10:04:32,4.8847,27.06,24.0,3411,15110512.0,2.19143369599697e-05
2024-02-29,10:04:32,4.8905,27.06,24.0,3411,15110513.0,2.19143369599697e-05
2024-02-29,10:04:32,4.8962,27.06,24.0,3411,15110513.0,2.19143369599697e-05
2024-02-29,10:04:32,4.9018,27.06,24.0,3411,15110513.0,2.19143369599697e-05
2024-02-29,10:04:32,4.9076,27.06,24.0,3411,15110513.0,2.19143369599697e-05
2024-02-29,10:04:32,4.9134,27.06,24.0,3411,15110512.0,2.19143369599697e-05
2024-02-29,10:04:32,4.9191,27.06,24.0,3412,15110513.0,2.187931457002984e-05
2024-02-29,10:04:32,4.925,27.06,24.0,3412,15110513.0,2.187931457002984e-05
2024-02-29,10:04:32,4.9308,27.06,24.0,3411,15110513.0,2.19143369599697e-05
2024-02-29,10:04:32,4.9364,27.06,24.0,3411,15110513.0,2.19143369599697e-05
2024-02-29,10:04:32,4.942,27.06,24.0,3411,15110513.0,2.19143369599697e-05
2024-02-29,10:04:32,4.9478,27.06,24.0,3411,15110513.0,2.19143369599697e-05
2024-02-29,10:04:32,4.9536,27.06,24.0,3411,15110513.0,2.19143369599697e-05
2024-02-29,10:04:32,4.9593,27.06,24.0,3411,15110513.0,2.19143369599697e-05
2024-02-29,10:04:32,4.9651,27.06,24.0,3411,15110513.0,2.19143369599697e-05
2024-02-29,10:04:32,4.9708,27.06,24.0,3411,15110513.0,2.19143369599697e-05
2024-02-29,10:04:32,4.9766,27.06,24.0,3411,15110513.0,2.19143369599697e-05
2024-02-29,10:04:32,4.9824,27.06,24.0,3411,15110512.0,2.19143369599697e-05
2024-02-29,10:04:32,4.9881,27.06,24.0,3411,15110512.0,2.19143369599697e-05
2024-02-29,10:04:32,4.9939,27.0,24.0,3411,15110512.0,2.19143369599697e-05
2024-02-29,10:04:32,4.9996,27.0,24.0,3411,15110512.0,2.19143369599697e-05
2024-02-29,10:04:32,5.0109,27.0,24.0,3411,15110512.0,2.19143369599697e-05
2024-02-29,10:04:32,5.0167,27.0,24.0,3411,15110513.0,2.19143369599697e-05
2024-02-29,10:04:32,5.0224,27.0,24.0,3411,15110513.0,2.19143369599697e-05
2024-02-29,10:04:32,5.0282,27.0,24.0,3411,15110513.0,2.19143369599697e-05
2024-02-29,10:04:32,5.0339,27.0,24.0,3412,15110513.0,2.187931457002984e-05
2024-02-29,10:04:32,5.0397,27.0,24.0,3412,15110513.0,2.187931457002984e-05
2024-02-29,10:04:32,5.0455,27.0,24.0,3411,15110512.0,2.19143369599697e-05
2024-02-29,10:04:32,5.0512,27.0,24.0,3411,15110513.0,2.19143369599697e-05
2024-02-29,10:04:32,5.057,27.0,24.0,3411,15110513.0,2.19143369599697e-05
2024-02-29,10:04:32,5.0627,27.0,24.0,3411,15110513.0,2.19143369599697e-05
2024-02-29,10:04:32,5.0685,27.0,24.0,3411,15110513.0,2.19143369599697e-05
2024-02-29,10:04:32,5.0741,27.0,24.0,3411,15110512.0,2.19143369599697e-05
2024-02-29,10:04:32,5.0799,27.0,24.0,3412,15110512.0,2.187931457002984e-05
2024-02-29,10:04:32,5.0857,27.0,24.0,3412,15110513.0,2.187931457002984e-05
2024-02-29,10:04:32,5.0914,27.0,24.0,3411,15110512.0,2.19143369599697e-05
2024-02-29,10:04:32,5.0972,27.0,24.0,3411,15110512.0,2.19143369599697e-05
2024-02-29,10:04:32,5.1029,27.0,24.0,3411,15110513.0,2.19143369599697e-05
2024-02-29,10:04:32,5.1087,27.0,24.0,3411,15110512.0,2.19143369599697e-05
2024-02-29,10:04:32,5.1143,27.0,24.0,3412,15110513.0,2.187931457002984e-05
2024-02-29,10:04:32,5.1201,27.0,24.0,3412,15110513.0,2.187931457002984e-05
2024-02-29,10:04:32,5.1258,27.0,24.0,3411,15110513.0,2.19143369599697e-05
2024-02-29,10:04:32,5.1316,27.0,24.0,3410,15110512.0,2.194941541052301e-05
2024-02-29,10:04:32,5.143,27.0,24.0,3412,15110513.0,2.187931457002984e-05
2024-02-29,10:04:32,5.1488,27.0,24.0,3411,15110512.0,2.19143369599697e-05
2024-02-29,10:04:32,5.1546,27.0,24.0,3411,15110512.0,2.19143369599697e-05
2024-02-29,10:04:32,5.1604,27.0,24.0,3412,15110512.0,2.187931457002984e-05
2024-02-29,10:04:32,5.166,27.0,24.0,3411,15110512.0,2.19143369599697e-05
2024-02-29,10:04:32,5.1718,27.0,24.0,3410,15110512.0,2.194941541052301e-05
2024-02-29,10:04:32,5.1776,27.0,24.0,3411,15110512.0,2.19143369599697e-05
2024-02-29,10:04:32,5.1833,27.0,24.0,3411,15110512.0,2.19143369599697e-05
2024-02-29,10:04:32,5.1891,27.0,24.0,3411,15110512.0,2.19143369599697e-05
2024-02-29,10:04:32,5.1947,27.0,24.0,3411,15110512.0,2.19143369599697e-05
2024-02-29,10:04:32,5.2005,27.0,24.0,3411,15110513.0,2.19143369599697e-05
2024-02-29,10:04:32,5.2062,27.0,24.0,3411,15110513.0,2.19143369599697e-05
2024-02-29,10:04:32,5.212,27.0,24.0,3411,15110513.0,2.19143369599697e-05
2024-02-29,10:04:32,5.2178,27.0,24.0,3411,15110512.0,2.19143369599697e-05
2024-02-29,10:04:32,5.2235,27.0,24.0,3411,15110512.0,2.19143369599697e-05
2024-02-29,10:04:32,5.2293,27.0,24.0,3411,15110512.0,2.19143369599697e-05
2024-02-29,10:04:32,5.235,27.0,24.0,3411,15110512.0,2.19143369599697e-05
2024-02-29,10:04:32,5.2408,27.0,24.0,3411,15110512.0,2.19143369599697e-05
2024-02-29,10:04:32,5.2464,27.0,24.0,3411,15110512.0,2.19143369599697e-05
2024-02-29,10:04:32,5.2521,27.0,24.0,3411,15110512.0,2.19143369599697e-05
2024-02-29,10:04:32,5.2578,27.0,24.0,3411,15110512.0,2.19143369599697e-05
2024-02-29,10:04:32,5.2693,27.0,24.0,3411,15110513.0,2.19143369599697e-05
2024-02-29,10:04:32,5.2751,27.0,24.0,3411,15110513.0,2.19143369599697e-05
2024-02-29,10:04:32,5.2809,27.0,24.0,3411,15110513.0,2.19143369599697e-05
2024-02-29,10:04:32,5.2866,27.0,24.0,3411,15110513.0,2.19143369599697e-05
2024-02-29,10:04:32,5.2924,27.0,24.0,3410,15110512.0,2.194941541052301e-05
2024-02-29,10:04:32,5.2981,27.0,24.0,3410,15110512.0,2.194941541052301e-05
2024-02-29,10:04:32,5.3039,27.0,24.0,3411,15110512.0,2.19143369599697e-05
2024-02-29,10:04:32,5.3097,27.0,24.0,3412,15110512.0,2.187931457002984e-05
2024-02-29,10:04:32,5.3153,27.0,24.0,3412,15110512.0,2.187931457002984e-05
2024-02-29,10:04:32,5.321,27.0,24.0,3412,15110512.0,2.187931457002984e-05
2024-02-29,10:04:32,5.3268,27.0,24.0,3413,15110512.0,2.184434815111023e-05
2024-02-29,10:04:32,5.3326,27.0,24.0,3413,15110512.0,2.184434815111023e-05
2024-02-29,10:04:32,5.3383,27.0,24.0,3412,15110512.0,2.187931457002984e-05
2024-02-29,10:04:32,5.3441,27.0,24.0,3411,15110512.0,2.19143369599697e-05
2024-02-29,10:04:32,5.3498,27.0,24.0,3411,15110512.0,2.19143369599697e-05
2024-02-29,10:04:32,5.3555,27.0,24.0,3411,15110512.0,2.19143369599697e-05
2024-02-29,10:04:32,5.3612,27.0,24.0,3411,15110512.0,2.19143369599697e-05
2024-02-29,10:04:32,5.367,27.0,24.0,3411,15110512.0,2.19143369599697e-05
2024-02-29,10:04:32,5.3728,27.0,24.0,3410,15110513.0,2.194941541052301e-05
2024-02-29,10:04:32,5.3785,27.0,24.0,3410,15110513.0,2.194941541052301e-05
2024-02-29,10:04:32,5.3843,27.0,24.0,3411,15110512.0,2.19143369599697e-05
2024-02-29,10:04:32,5.3955,27.0,24.0,3411,15110513.0,2.19143369599697e-05
2024-02-29,10:04:32,5.4013,27.0,24.0,3411,15110512.0,2.19143369599697e-05
2024-02-29,10:04:32,5.4071,27.0,24.0,3411,15110512.0,2.19143369599697e-05
2024-02-29,10:04:32,5.4128,27.0,24.0,3411,15110512.0,2.19143369599697e-05
2024-02-29,10:04:32,5.4186,27.0,24.0,3411,15110512.0,2.19143369599697e-05
2024-02-29,10:04:32,5.4243,27.0,24.0,3411,15110512.0,2.19143369599697e-05
2024-02-29,10:04:32,5.4301,27.0,24.0,3411,15110512.0,2.19143369599697e-05
2024-02-29,10:04:32,5.4359,27.0,24.0,3411,15110512.0,2.19143369599697e-05
2024-02-29,10:04:32,5.4416,27.0,24.0,3411,15110512.0,2.19143369599697e-05
2024-02-29,10:04:32,5.4474,27.0,24.0,3411,15110512.0,2.19143369599697e-05
2024-02-29,10:04:32,5.4531,27.0,24.0,3411,15110513.0,2.19143369599697e-05
2024-02-29,10:04:32,5.4589,27.0,24.0,3412,15110513.0,2.187931457002984e-05
2024-02-29,10:04:32,5.4645,27.0,24.0,3412,15110513.0,2.187931457002984e-05
2024-02-29,10:04:32,5.4703,27.0,24.0,3412,15110513.0,2.187931457002984e-05
2024-02-29,10:04:32,5.4761,27.0,24.0,3412,15110512.0,2.187931457002984e-05
2024-02-29,10:04:32,5.4817,27.0,24.0,3411,15110512.0,2.19143369599697e-05
2024-02-29,10:04:32,5.4874,27.0,24.0,3411,15110512.0,2.19143369599697e-05
2024-02-29,10:04:32,5.4933,27.0,24.0,3411,15110512.0,2.19143369599697e-05
2024-02-29,10:04:32,5.4991,27.06,24.0,3411,15110512.0,2.19143369599697e-05
2024-02-29,10:04:32,5.5047,27.06,24.0,3411,15110512.0,2.19143369599697e-05
2024-02-29,10:04:32,5.5105,27.06,24.0,3411,15110512.0,2.19143369599697e-05
2024-02-29,10:04:32,5.5162,27.06,24.0,3411,15110513.0,2.19143369599697e-05
2024-02-29,10:04:32,5.5278,27.06,24.0,3412,15110512.0,2.187931457002984e-05
2024-02-29,10:04:32,5.5334,27.06,24.0,3410,15110512.0,2.194941541052301e-05
2024-02-29,10:04:32,5.5392,27.06,24.0,3410,15110513.0,2.194941541052301e-05
2024-02-29,10:04:32,5.5449,27.06,24.0,3411,15110513.0,2.19143369599697e-05
2024-02-29,10:04:32,5.5507,27.06,24.0,3411,15110513.0,2.19143369599697e-05
2024-02-29,10:04:32,5.5564,27.06,24.0,3411,15110512.0,2.19143369599697e-05
2024-02-29,10:04:32,5.5621,27.06,24.0,3412,15110512.0,2.187931457002984e-05
2024-02-29,10:04:32,5.5678,27.06,24.0,3412,15110512.0,2.187931457002984e-05
2024-02-29,10:04:32,5.5736,27.06,24.0,3412,15110512.0,2.187931457002984e-05
2024-02-29,10:04:32,5.5794,27.06,24.0,3412,15110512.0,2.187931457002984e-05
2024-02-29,10:04:32,5.5851,27.06,24.0,3411,15110512.0,2.19143369599697e-05
2024-02-29,10:04:32,5.5909,27.06,24.0,3411,15110512.0,2.19143369599697e-05
2024-02-29,10:04:32,5.5966,27.06,24.0,3411,15110512.0,2.19143369599697e-05
2024-02-29,10:04:32,5.6024,27.06,24.0,3411,15110513.0,2.19143369599697e-05
2024-02-29,10:04:32,5.6082,27.06,24.0,3412,15110513.0,2.187931457002984e-05
2024-02-29,10:04:32,5.6138,27.06,24.0,3412,15110513.0,2.187931457002984e-05
2024-02-29,10:04:32,5.6195,27.06,24.0,3411,15110512.0,2.19143369599697e-05
2024-02-29,10:04:32,5.6253,27.06,24.0,3411,15110512.0,2.19143369599697e-05
2024-02-29,10:04:32,5.6309,27.06,24.0,3411,15110512.0,2.19143369599697e-05
2024-02-29,10:04:32,5.6367,27.06,24.0,3411,15110512.0,2.19143369599697e-05
2024-02-29,10:04:32,5.6425,27.06,24.0,3411,15110512.0,2.19143369599697e-05
2024-02-29,10:04:32,5.654,27.06,24.0,3410,15110512.0,2.194941541052301e-05
2024-02-29,10:04:32,5.6596,27.06,24.0,3410,15110512.0,2.194941541052301e-05
2024-02-29,10:04:32,5.6654,27.06,24.0,3410,15110512.0,2.194941541052301e-05
2024-02-29,10:04:32,5.6711,27.06,24.0,3411,15110512.0,2.19143369599697e-05
2024-02-29,10:04:32,5.6769,27.06,24.0,3411,15110512.0,2.19143369599697e-05
2024-02-29,10:04:32,5.6826,27.06,24.0,3411,15110512.0,2.19143369599697e-05
2024-02-29,10:04:32,5.6884,27.06,24.0,3411,15110512.0,2.19143369599697e-05
2024-02-29,10:04:32,5.6942,27.06,24.0,3411,15110513.0,2.19143369599697e-05
2024-02-29,10:04:32,5.6999,27.06,24.0,3411,15110512.0,2.19143369599697e-05
2024-02-29,10:04:33,5.7057,27.06,24.0,3411,15110512.0,2.19143369599697e-05
2024-02-29,10:04:33,5.7113,27.06,24.0,3411,15110512.0,2.19143369599697e-05
2024-02-29,10:04:33,5.7171,27.06,24.0,3411,15110512.0,2.19143369599697e-05
2024-02-29,10:04:33,5.7228,27.06,24.0,3412,15110512.0,2.187931457002984e-05
2024-02-29,10:04:33,5.7286,27.06,24.0,3412,15110512.0,2.187931457002984e-05
2024-02-29,10:04:33,5.7344,27.06,24.0,3411,15110512.0,2.19143369599697e-05
2024-02-29,10:04:33,5.7401,27.06,24.0,3411,15110512.0,2.19143369599697e-05
2024-02-29,10:04:33,5.7459,27.06,24.0,3412,15110512.0,2.187931457002984e-05
2024-02-29,10:04:33,5.7516,27.06,24.0,3412,15110512.0,2.187931457002984e-05
2024-02-29,10:04:33,5.7574,27.06,24.0,3411,15110512.0,2.19143369599697e-05
2024-02-29,10:04:33,5.7632,27.06,24.0,3411,15110512.0,2.19143369599697e-05
2024-02-29,10:04:33,5.7689,27.06,24.0,3411,15110512.0,2.19143369599697e-05
2024-02-29,10:04:33,5.7802,27.06,24.0,3412,15110512.0,2.187931457002984e-05
2024-02-29,10:04:33,5.7859,27.06,24.0,3412,15110512.0,2.187931457002984e-05
2024-02-29,10:04:33,5.7917,27.06,24.0,3412,15110512.0,2.187931457002984e-05
2024-02-29,10:04:33,5.7975,27.06,24.0,3412,15110512.0,2.187931457002984e-05
2024-02-29,10:04:33,5.8032,27.06,24.0,3412,15110512.0,2.187931457002984e-05
2024-02-29,10:04:33,5.809,27.06,24.0,3412,15110512.0,2.187931457002984e-05
2024-02-29,10:04:33,5.8147,27.06,24.0,3411,15110512.0,2.19143369599697e-05
2024-02-29,10:04:33,5.8205,27.06,24.0,3411,15110512.0,2.19143369599697e-05
2024-02-29,10:04:33,5.8263,27.06,24.0,3412,15110512.0,2.187931457002984e-05
2024-02-29,10:04:33,5.832,27.06,24.0,3412,15110512.0,2.187931457002984e-05
2024-02-29,10:04:33,5.8378,27.06,24.0,3411,15110512.0,2.19143369599697e-05
2024-02-29,10:04:33,5.8435,27.06,24.0,3411,15110512.0,2.19143369599697e-05
2024-02-29,10:04:33,5.8493,27.06,24.0,3411,15110513.0,2.19143369599697e-05
2024-02-29,10:04:33,5.8549,27.06,24.0,3411,15110512.0,2.19143369599697e-05
2024-02-29,10:04:33,5.8606,27.06,24.0,3411,15110512.0,2.19143369599697e-05
2024-02-29,10:04:33,5.8663,27.06,24.0,3411,15110512.0,2.19143369599697e-05
2024-02-29,10:04:33,5.8721,27.06,24.0,3411,15110512.0,2.19143369599697e-05
2024-02-29,10:04:33,5.8778,27.06,24.0,3411,15110512.0,2.19143369599697e-05
2024-02-29,10:04:33,5.8836,27.06,24.0,3411,15110512.0,2.19143369599697e-05
2024-02-29,10:04:33,5.8894,27.06,24.0,3411,15110512.0,2.19143369599697e-05
2024-02-29,10:04:33,5.8951,27.06,24.0,3411,15110512.0,2.19143369599697e-05
2024-02-29,10:04:33,5.9009,27.06,24.0,3410,15110512.0,2.194941541052301e-05
2024-02-29,10:04:33,5.9124,27.06,24.0,3411,15110513.0,2.19143369599697e-05
2024-02-29,10:04:33,5.9182,27.06,24.0,3411,15110513.0,2.19143369599697e-05
2024-02-29,10:04:33,5.9239,27.06,24.0,3412,15110512.0,2.187931457002984e-05
2024-02-29,10:04:33,5.9296,27.06,24.0,3412,15110512.0,2.187931457002984e-05
2024-02-29,10:04:33,5.9352,27.06,24.0,3411,15110513.0,2.19143369599697e-05
2024-02-29,10:04:33,5.9411,27.06,24.0,3411,15110513.0,2.19143369599697e-05
2024-02-29,10:04:33,5.9468,27.06,24.0,3411,15110513.0,2.19143369599697e-05
2024-02-29,10:04:33,5.9525,27.06,24.0,3411,15110512.0,2.19143369599697e-05
2024-02-29,10:04:33,5.9582,27.06,24.0,3411,15110512.0,2.19143369599697e-05
2024-02-29,10:04:33,5.9641,27.06,24.0,3411,15110512.0,2.19143369599697e-05
2024-02-29,10:04:33,5.9699,27.06,24.0,3411,15110512.0,2.19143369599697e-05
2024-02-29,10:04:33,5.9755,27.06,24.0,3411,15110512.0,2.19143369599697e-05
2024-02-29,10:04:33,5.9813,27.06,24.0,3411,15110512.0,2.19143369599697e-05
2024-02-29,10:04:33,5.987,27.06,24.0,3412,15110512.0,2.187931457002984e-05
2024-02-29,10:04:33,5.9928,27.06,24.0,3412,15110512.0,2.187931457002984e-05
2024-02-29,10:04:33,5.9986,27.06,24.0,3411,15110512.0,2.19143369599697e-05
2024-02-29,10:04:33,6.0043,27.0,24.0,3411,15110512.0,2.19143369599697e-05
2024-02-29,10:04:33,6.0101,27.0,24.0,3411,15110513.0,2.19143369599697e-05
2024-02-29,10:04:33,6.0158,27.0,24.0,3411,15110512.0,2.19143369599697e-05
2024-02-29,10:04:33,6.0216,27.0,24.0,3411,15110513.0,2.19143369599697e-05
2024-02-29,10:04:33,6.0272,27.0,24.0,3411,15110512.0,2.19143369599697e-05
2024-02-29,10:04:33,6.0386,27.0,24.0,3411,15110513.0,2.19143369599697e-05
2024-02-29,10:04:33,6.0444,27.0,24.0,3411,15110513.0,2.19143369599697e-05
2024-02-29,10:04:33,6.0501,27.0,24.0,3411,15110512.0,2.19143369599697e-05
2024-02-29,10:04:33,6.0559,27.0,24.0,3411,15110512.0,2.19143369599697e-05
2024-02-29,10:04:33,6.0617,27.0,24.0,3411,15110512.0,2.19143369599697e-05
2024-02-29,10:04:33,6.0674,27.0,24.0,3412,15110513.0,2.187931457002984e-05
2024-02-29,10:04:33,6.0732,27.0,24.0,3412,15110513.0,2.187931457002984e-05
2024-02-29,10:04:33,6.0789,27.0,24.0,3411,15110512.0,2.19143369599697e-05
2024-02-29,10:04:33,6.0846,27.0,24.0,3411,15110512.0,2.19143369599697e-05
2024-02-29,10:04:33,6.0903,27.0,24.0,3412,15110513.0,2.187931457002984e-05
2024-02-29,10:04:33,6.0961,27.0,24.0,3413,15110513.0,2.184434815111023e-05
2024-02-29,10:04:33,6.1017,27.0,24.0,3413,15110513.0,2.184434815111023e-05
2024-02-29,10:04:33,6.1075,27.0,24.0,3412,15110513.0,2.187931457002984e-05
2024-02-29,10:04:33,6.1134,27.0,24.0,3411,15110513.0,2.19143369599697e-05
2024-02-29,10:04:33,6.1191,27.0,24.0,3411,15110513.0,2.19143369599697e-05
2024-02-29,10:04:33,6.1249,27.0,24.0,3412,15110513.0,2.187931457002984e-05
2024-02-29,10:04:33,6.1306,27.0,24.0,3412,15110513.0,2.187931457002984e-05
2024-02-29,10:04:33,6.1363,27.0,24.0,3412,15110513.0,2.187931457002984e-05
2024-02-29,10:04:33,6.142,27.0,24.0,3412,15110513.0,2.187931457002984e-05
2024-02-29,10:04:33,6.1478,27.0,24.0,3411,15110513.0,2.19143369599697e-05
2024-02-29,10:04:33,6.1536,27.0,24.0,3411,15110513.0,2.19143369599697e-05
2024-02-29,10:04:33,6.1593,27.0,24.0,3412,15110513.0,2.187931457002984e-05
2024-02-29,10:04:33,6.1707,27.0,24.0,3412,15110512.0,2.187931457002984e-05
2024-02-29,10:04:33,6.1765,27.0,24.0,3412,15110513.0,2.187931457002984e-05
2024-02-29,10:04:33,6.1821,27.0,24.0,3412,15110513.0,2.187931457002984e-05
2024-02-29,10:04:33,6.1879,27.0,24.0,3412,15110513.0,2.187931457002984e-05
2024-02-29,10:04:33,6.1936,27.0,24.0,3411,15110513.0,2.19143369599697e-05
2024-02-29,10:04:33,6.1994,27.0,24.0,3411,15110513.0,2.19143369599697e-05
2024-02-29,10:04:33,6.2051,27.0,24.0,3412,15110513.0,2.187931457002984e-05
2024-02-29,10:04:33,6.2109,27.0,24.0,3412,15110513.0,2.187931457002984e-05
2024-02-29,10:04:33,6.2167,27.0,24.0,3411,15110513.0,2.19143369599697e-05
2024-02-29,10:04:33,6.2224,27.0,24.0,3411,15110513.0,2.19143369599697e-05
2024-02-29,10:04:33,6.2282,27.0,24.0,3411,15110513.0,2.19143369599697e-05
2024-02-29,10:04:33,6.2339,27.0,24.0,3411,15110513.0,2.19143369599697e-05
2024-02-29,10:04:33,6.2397,27.0,24.0,3411,15110513.0,2.19143369599697e-05
2024-02-29,10:04:33,6.2455,27.0,24.0,3411,15110513.0,2.19143369599697e-05
2024-02-29,10:04:33,6.2512,27.0,24.0,3412,15110513.0,2.187931457002984e-05
2024-02-29,10:04:33,6.2569,27.0,24.0,3412,15110513.0,2.187931457002984e-05
2024-02-29,10:04:33,6.2626,27.0,24.0,3411,15110513.0,2.19143369599697e-05
2024-02-29,10:04:33,6.2685,27.0,24.0,3411,15110513.0,2.19143369599697e-05
2024-02-29,10:04:33,6.2743,27.0,24.0,3412,15110513.0,2.187931457002984e-05
2024-02-29,10:04:33,6.2799,27.0,24.0,3412,15110513.0,2.187931457002984e-05
2024-02-29,10:04:33,6.2855,27.0,24.0,3411,15110513.0,2.19143369599697e-05
2024-02-29,10:04:33,6.297,27.0,24.0,3411,15110512.0,2.19143369599697e-05
2024-02-29,10:04:33,6.3028,27.0,24.0,3411,15110513.0,2.19143369599697e-05
2024-02-29,10:04:33,6.3086,27.0,24.0,3411,15110513.0,2.19143369599697e-05
2024-02-29,10:04:33,6.3143,27.0,24.0,3411,15110513.0,2.19143369599697e-05
2024-02-29,10:04:33,6.3201,27.0,24.0,3411,15110513.0,2.19143369599697e-05
2024-02-29,10:04:33,6.3258,27.0,24.0,3412,15110512.0,2.187931457002984e-05
2024-02-29,10:04:33,6.3316,27.0,24.0,3412,15110512.0,2.187931457002984e-05
2024-02-29,10:04:33,6.3374,27.0,24.0,3411,15110513.0,2.19143369599697e-05
2024-02-29,10:04:33,6.3431,27.0,24.0,3411,15110513.0,2.19143369599697e-05
2024-02-29,10:04:33,6.3489,27.0,24.0,3411,15110513.0,2.19143369599697e-05
2024-02-29,10:04:33,6.3546,27.0,24.0,3412,15110513.0,2.187931457002984e-05
2024-02-29,10:04:33,6.3603,27.0,24.0,3412,15110513.0,2.187931457002984e-05
2024-02-29,10:04:33,6.3659,27.0,24.0,3411,15110513.0,2.19143369599697e-05
2024-02-29,10:04:33,6.3717,27.0,24.0,3411,15110513.0,2.19143369599697e-05
2024-02-29,10:04:33,6.3774,27.0,24.0,3411,15110513.0,2.19143369599697e-05
2024-02-29,10:04:33,6.3832,27.0,24.0,3411,15110513.0,2.19143369599697e-05
2024-02-29,10:04:33,6.389,27.0,24.0,3411,15110513.0,2.19143369599697e-05
2024-02-29,10:04:33,6.3947,27.0,24.0,3411,15110513.0,2.19143369599697e-05
2024-02-29,10:04:33,6.4005,27.0,24.0,3411,15110513.0,2.19143369599697e-05
2024-02-29,10:04:33,6.4062,27.0,24.0,3411,15110512.0,2.19143369599697e-05
2024-02-29,10:04:33,6.412,27.0,24.0,3411,15110513.0,2.19143369599697e-05
2024-02-29,10:04:33,6.4176,27.0,24.0,3410,15110513.0,2.194941541052301e-05
2024-02-29,10:04:33,6.4291,27.0,24.0,3412,15110513.0,2.187931457002984e-05
2024-02-29,10:04:33,6.4348,27.0,24.0,3411,15110513.0,2.19143369599697e-05
2024-02-29,10:04:33,6.4405,27.0,24.0,3411,15110513.0,2.19143369599697e-05
2024-02-29,10:04:33,6.4463,27.0,24.0,3411,15110513.0,2.19143369599697e-05
2024-02-29,10:04:33,6.4521,27.0,24.0,3411,15110513.0,2.19143369599697e-05
2024-02-29,10:04:33,6.4578,27.0,24.0,3411,15110513.0,2.19143369599697e-05
2024-02-29,10:04:33,6.4636,27.0,24.0,3411,15110513.0,2.19143369599697e-05
2024-02-29,10:04:33,6.4693,27.0,24.0,3411,15110513.0,2.19143369599697e-05
2024-02-29,10:04:33,6.4751,27.0,24.0,3411,15110513.0,2.19143369599697e-05
2024-02-29,10:04:33,6.4809,27.0,24.0,3412,15110513.0,2.187931457002984e-05
2024-02-29,10:04:33,6.4865,27.0,24.0,3412,15110513.0,2.187931457002984e-05
2024-02-29,10:04:33,6.4922,27.0,24.0,3412,15110513.0,2.187931457002984e-05
2024-02-29,10:04:33,6.498,27.0,24.0,3412,15110514.0,2.187931457002984e-05
2024-02-29,10:04:33,6.5038,27.0,24.0,3411,15110513.0,2.19143369599697e-05
2024-02-29,10:04:33,6.5095,27.0,24.0,3411,15110513.0,2.19143369599697e-05
2024-02-29,10:04:33,6.5152,27.0,24.0,3411,15110513.0,2.19143369599697e-05
2024-02-29,10:04:33,6.5209,27.0,24.0,3411,15110513.0,2.19143369599697e-05
2024-02-29,10:04:33,6.5267,27.0,24.0,3412,15110513.0,2.187931457002984e-05
2024-02-29,10:04:33,6.5324,27.0,24.0,3412,15110513.0,2.187931457002984e-05
2024-02-29,10:04:33,6.5382,27.0,24.0,3411,15110513.0,2.19143369599697e-05
2024-02-29,10:04:33,6.544,27.0,24.0,3411,15110513.0,2.19143369599697e-05
2024-02-29,10:04:33,6.5554,27.0,24.0,3411,15110513.0,2.19143369599697e-05
2024-02-29,10:04:33,6.5611,27.0,24.0,3411,15110513.0,2.19143369599697e-05
2024-02-29,10:04:33,6.5669,27.0,24.0,3411,15110513.0,2.19143369599697e-05
2024-02-29,10:04:33,6.5725,27.0,24.0,3412,15110513.0,2.187931457002984e-05
2024-02-29,10:04:33,6.5783,27.0,24.0,3412,15110513.0,2.187931457002984e-05
2024-02-29,10:04:33,6.584,27.0,24.0,3411,15110513.0,2.19143369599697e-05
2024-02-29,10:04:33,6.5898,27.0,24.0,3411,15110513.0,2.19143369599697e-05
2024-02-29,10:04:33,6.5955,27.0,24.0,3411,15110514.0,2.19143369599697e-05
2024-02-29,10:04:33,6.6013,27.0,24.0,3411,15110513.0,2.19143369599697e-05
2024-02-29,10:04:33,6.6071,27.0,24.0,3411,15110513.0,2.19143369599697e-05
2024-02-29,10:04:33,6.6128,27.0,24.0,3411,15110513.0,2.19143369599697e-05
2024-02-29,10:04:33,6.6186,27.0,24.0,3411,15110513.0,2.19143369599697e-05
2024-02-29,10:04:33,6.6242,27.0,24.0,3411,15110513.0,2.19143369599697e-05
2024-02-29,10:04:33,6.6298,27.0,24.0,3411,15110513.0,2.19143369599697e-05
2024-02-29,10:04:33,6.6356,27.0,24.0,3411,15110513.0,2.19143369599697e-05
2024-02-29,10:04:33,6.6414,27.0,24.0,3411,15110513.0,2.19143369599697e-05
2024-02-29,10:04:33,6.6471,27.0,24.0,3411,15110513.0,2.19143369599697e-05
2024-02-29,10:04:33,6.6529,27.0,24.0,3411,15110513.0,2.19143369599697e-05
2024-02-29,10:04:33,6.6586,27.0,24.0,3411,15110513.0,2.19143369599697e-05
2024-02-29,10:04:33,6.6644,27.0,24.0,3411,15110513.0,2.19143369599697e-05
2024-02-29,10:04:33,6.6702,27.0,24.0,3411,15110513.0,2.19143369599697e-05
2024-02-29,10:04:33,6.6816,27.0,24.0,3410,15110514.0,2.194941541052301e-05
2024-02-29,10:04:33,6.6873,27.0,24.0,3410,15110514.0,2.194941541052301e-05
2024-02-29,10:04:33,6.6931,27.0,24.0,3411,15110514.0,2.19143369599697e-05
2024-02-29,10:04:33,6.6987,27.0,24.0,3411,15110513.0,2.19143369599697e-05
2024-02-29,10:04:33,6.7045,27.0,24.0,3411,15110513.0,2.19143369599697e-05
2024-02-29,10:04:34,6.7102,27.0,24.0,3411,15110514.0,2.19143369599697e-05
2024-02-29,10:04:34,6.716,27.0,24.0,3412,15110513.0,2.187931457002984e-05
2024-02-29,10:04:34,6.7218,27.0,24.0,3412,15110513.0,2.187931457002984e-05
2024-02-29,10:04:34,6.7275,27.0,24.0,3412,15110513.0,2.187931457002984e-05
2024-02-29,10:04:34,6.7333,27.0,24.0,3412,15110513.0,2.187931457002984e-05
2024-02-29,10:04:34,6.739,27.0,24.0,3412,15110513.0,2.187931457002984e-05
2024-02-29,10:04:34,6.7448,27.0,24.0,3413,15110514.0,2.184434815111023e-05
2024-02-29,10:04:34,6.7504,27.0,24.0,3412,15110514.0,2.187931457002984e-05
2024-02-29,10:04:34,6.7562,27.0,24.0,3412,15110514.0,2.187931457002984e-05
2024-02-29,10:04:34,6.7619,27.0,24.0,3411,15110514.0,2.19143369599697e-05
2024-02-29,10:04:34,6.7677,27.0,24.0,3410,15110514.0,2.194941541052301e-05
2024-02-29,10:04:34,6.7735,27.0,24.0,3411,15110514.0,2.19143369599697e-05
2024-02-29,10:04:34,6.7791,27.0,24.0,3412,15110514.0,2.187931457002984e-05
2024-02-29,10:04:34,6.7849,27.0,24.0,3412,15110514.0,2.187931457002984e-05
2024-02-29,10:04:34,6.7906,27.0,24.0,3411,15110514.0,2.19143369599697e-05
2024-02-29,10:04:34,6.7962,27.0,24.0,3411,15110513.0,2.19143369599697e-05
2024-02-29,10:04:34,6.8078,27.0,24.0,3411,15110514.0,2.19143369599697e-05
2024-02-29,10:04:34,6.8134,27.0,24.0,3411,15110514.0,2.19143369599697e-05
2024-02-29,10:04:34,6.8192,27.0,24.0,3411,15110514.0,2.19143369599697e-05
2024-02-29,10:04:34,6.8249,27.0,24.0,3411,15110514.0,2.19143369599697e-05
2024-02-29,10:04:34,6.8307,27.0,24.0,3411,15110514.0,2.19143369599697e-05
2024-02-29,10:04:34,6.8364,27.0,24.0,3411,15110514.0,2.19143369599697e-05
2024-02-29,10:04:34,6.8422,27.0,24.0,3411,15110514.0,2.19143369599697e-05
2024-02-29,10:04:34,6.848,27.0,24.0,3411,15110514.0,2.19143369599697e-05
2024-02-29,10:04:34,6.8537,27.0,24.0,3411,15110514.0,2.19143369599697e-05
2024-02-29,10:04:34,6.8595,27.0,24.0,3412,15110514.0,2.187931457002984e-05
2024-02-29,10:04:34,6.8651,27.0,24.0,3412,15110514.0,2.187931457002984e-05
2024-02-29,10:04:34,6.8707,27.0,24.0,3411,15110514.0,2.19143369599697e-05
2024-02-29,10:04:34,6.8765,27.0,24.0,3411,15110514.0,2.19143369599697e-05
2024-02-29,10:04:34,6.8823,27.0,24.0,3412,15110514.0,2.187931457002984e-05
2024-02-29,10:04:34,6.888,27.0,24.0,3412,15110514.0,2.187931457002984e-05
2024-02-29,10:04:34,6.8938,27.0,24.0,3411,15110514.0,2.19143369599697e-05
2024-02-29,10:04:34,6.8995,27.0,24.0,3411,15110514.0,2.19143369599697e-05
2024-02-29,10:04:34,6.9053,27.0,24.0,3411,15110514.0,2.19143369599697e-05
2024-02-29,10:04:34,6.9111,27.0,24.0,3411,15110514.0,2.19143369599697e-05
2024-02-29,10:04:34,6.9168,27.0,24.0,3412,15110514.0,2.187931457002984e-05
2024-02-29,10:04:34,6.9225,27.0,24.0,3412,15110514.0,2.187931457002984e-05
2024-02-29,10:04:34,6.934,27.0,24.0,3412,15110515.0,2.187931457002984e-05
2024-02-29,10:04:34,6.9396,27.0,24.0,3412,15110514.0,2.187931457002984e-05
2024-02-29,10:04:34,6.9454,27.0,24.0,3412,15110514.0,2.187931457002984e-05
2024-02-29,10:04:34,6.9511,27.0,24.0,3411,15110514.0,2.19143369599697e-05
2024-02-29,10:04:34,6.9569,27.0,24.0,3411,15110514.0,2.19143369599697e-05
2024-02-29,10:04:34,6.9626,27.0,24.0,3411,15110514.0,2.19143369599697e-05
2024-02-29,10:04:34,6.9684,27.0,24.0,3411,15110514.0,2.19143369599697e-05
2024-02-29,10:04:34,6.9742,27.0,24.0,3411,15110514.0,2.19143369599697e-05
2024-02-29,10:04:34,6.9799,27.0,24.0,3412,15110514.0,2.187931457002984e-05
2024-02-29,10:04:34,6.9857,27.0,24.0,3412,15110514.0,2.187931457002984e-05
2024-02-29,10:04:34,6.9914,27.0,24.0,3411,15110514.0,2.19143369599697e-05
2024-02-29,10:04:34,6.9972,27.0,24.0,3411,15110515.0,2.19143369599697e-05
2024-02-29,10:04:34,7.0028,27.0,24.0,3411,15110515.0,2.19143369599697e-05
2024-02-29,10:04:34,7.0086,27.0,24.0,3412,15110515.0,2.187931457002984e-05
2024-02-29,10:04:34,7.0144,27.06,24.0,3412,15110515.0,2.187931457002984e-05
2024-02-29,10:04:34,7.02,27.06,24.0,3411,15110514.0,2.19143369599697e-05
2024-02-29,10:04:34,7.0258,27.06,24.0,3410,15110515.0,2.194941541052301e-05
2024-02-29,10:04:34,7.0316,27.06,24.0,3410,15110515.0,2.194941541052301e-05
2024-02-29,10:04:34,7.0374,27.06,24.0,3411,15110514.0,2.19143369599697e-05
2024-02-29,10:04:34,7.043,27.06,24.0,3411,15110515.0,2.19143369599697e-05
2024-02-29,10:04:34,7.0488,27.06,24.0,3411,15110514.0,2.19143369599697e-05
2024-02-29,10:04:34,7.0603,27.06,24.0,3412,15110515.0,2.187931457002984e-05
2024-02-29,10:04:34,7.0661,27.06,24.0,3411,15110515.0,2.19143369599697e-05
2024-02-29,10:04:34,7.0717,27.06,24.0,3411,15110515.0,2.19143369599697e-05
2024-02-29,10:04:34,7.0775,27.06,24.0,3411,15110515.0,2.19143369599697e-05
2024-02-29,10:04:34,7.0832,27.06,24.0,3411,15110515.0,2.19143369599697e-05
2024-02-29,10:04:34,7.089,27.06,24.0,3412,15110515.0,2.187931457002984e-05
2024-02-29,10:04:34,7.0947,27.06,24.0,3412,15110515.0,2.187931457002984e-05
2024-02-29,10:04:34,7.1004,27.06,24.0,3411,15110515.0,2.19143369599697e-05
2024-02-29,10:04:34,7.1061,27.06,24.0,3411,15110515.0,2.19143369599697e-05
2024-02-29,10:04:34,7.1119,27.06,24.0,3412,15110515.0,2.187931457002984e-05
2024-02-29,10:04:34,7.1177,27.06,24.0,3412,15110515.0,2.187931457002984e-05
2024-02-29,10:04:34,7.1234,27.06,24.0,3411,15110515.0,2.19143369599697e-05
2024-02-29,10:04:34,7.1292,27.06,24.0,3413,15110514.0,2.184434815111023e-05
2024-02-29,10:04:34,7.1349,27.06,24.0,3413,15110514.0,2.184434815111023e-05
2024-02-29,10:04:34,7.1407,27.06,24.0,3411,15110515.0,2.19143369599697e-05
2024-02-29,10:04:34,7.1465,27.06,24.0,3411,15110515.0,2.19143369599697e-05
2024-02-29,10:04:34,7.1522,27.06,24.0,3411,15110515.0,2.19143369599697e-05
2024-02-29,10:04:34,7.158,27.06,24.0,3411,15110515.0,2.19143369599697e-05
2024-02-29,10:04:34,7.1636,27.06,24.0,3411,15110515.0,2.19143369599697e-05
2024-02-29,10:04:34,7.1694,27.06,24.0,3411,15110515.0,2.19143369599697e-05
2024-02-29,10:04:34,7.1751,27.06,24.0,3411,15110515.0,2.19143369599697e-05
2024-02-29,10:04:34,7.1866,27.06,24.0,3411,15110516.0,2.19143369599697e-05
2024-02-29,10:04:34,7.1923,27.06,24.0,3411,15110515.0,2.19143369599697e-05
2024-02-29,10:04:34,7.198,27.06,24.0,3411,15110515.0,2.19143369599697e-05
2024-02-29,10:04:34,7.2038,27.06,24.0,3411,15110515.0,2.19143369599697e-05
2024-02-29,10:04:34,7.2096,27.06,24.0,3411,15110515.0,2.19143369599697e-05
2024-02-29,10:04:34,7.2153,27.06,24.0,3412,15110515.0,2.187931457002984e-05
2024-02-29,10:04:34,7.2211,27.06,24.0,3412,15110515.0,2.187931457002984e-05
2024-02-29,10:04:34,7.2268,27.06,24.0,3411,15110515.0,2.19143369599697e-05
2024-02-29,10:04:34,7.2325,27.06,24.0,3411,15110515.0,2.19143369599697e-05
2024-02-29,10:04:34,7.2382,27.06,24.0,3412,15110515.0,2.187931457002984e-05
2024-02-29,10:04:34,7.244,27.06,24.0,3412,15110515.0,2.187931457002984e-05
2024-02-29,10:04:34,7.2496,27.06,24.0,3411,15110515.0,2.19143369599697e-05
2024-02-29,10:04:34,7.2554,27.06,24.0,3411,15110515.0,2.19143369599697e-05
2024-02-29,10:04:34,7.2611,27.06,24.0,3411,15110515.0,2.19143369599697e-05
2024-02-29,10:04:34,7.2669,27.06,24.0,3410,15110515.0,2.194941541052301e-05
2024-02-29,10:04:34,7.2727,27.06,24.0,3410,15110515.0,2.194941541052301e-05
2024-02-29,10:04:34,7.2784,27.06,24.0,3410,15110515.0,2.194941541052301e-05
2024-02-29,10:04:34,7.2842,27.06,24.0,3411,15110515.0,2.19143369599697e-05
2024-02-29,10:04:34,7.2899,27.06,24.0,3412,15110515.0,2.187931457002984e-05
2024-02-29,10:04:34,7.2957,27.06,24.0,3411,15110515.0,2.19143369599697e-05
2024-02-29,10:04:34,7.3015,27.06,24.0,3411,15110515.0,2.19143369599697e-05
2024-02-29,10:04:34,7.3072,27.06,24.0,3411,15110515.0,2.19143369599697e-05
2024-02-29,10:04:34,7.3185,27.06,24.0,3410,15110515.0,2.194941541052301e-05
2024-02-29,10:04:34,7.3242,27.06,24.0,3411,15110515.0,2.19143369599697e-05
2024-02-29,10:04:34,7.33,27.06,24.0,3412,15110515.0,2.187931457002984e-05
2024-02-29,10:04:34,7.3358,27.06,24.0,3412,15110515.0,2.187931457002984e-05
2024-02-29,10:04:34,7.3415,27.06,24.0,3412,15110515.0,2.187931457002984e-05
2024-02-29,10:04:34,7.3473,27.06,24.0,3411,15110515.0,2.19143369599697e-05
2024-02-29,10:04:34,7.353,27.06,24.0,3410,15110515.0,2.194941541052301e-05
2024-02-29,10:04:34,7.3588,27.06,24.0,3411,15110515.0,2.19143369599697e-05
2024-02-29,10:04:34,7.3646,27.06,24.0,3411,15110515.0,2.19143369599697e-05
2024-02-29,10:04:34,7.3703,27.06,24.0,3411,15110515.0,2.19143369599697e-05
2024-02-29,10:04:34,7.3761,27.06,24.0,3411,15110515.0,2.19143369599697e-05
2024-02-29,10:04:34,7.3817,27.06,24.0,3412,15110515.0,2.187931457002984e-05
2024-02-29,10:04:34,7.3874,27.06,24.0,3413,15110515.0,2.184434815111023e-05
2024-02-29,10:04:34,7.3931,27.06,24.0,3412,15110515.0,2.187931457002984e-05
2024-02-29,10:04:34,7.3989,27.06,24.0,3411,15110515.0,2.19143369599697e-05
2024-02-29,10:04:34,7.4046,27.06,24.0,3411,15110515.0,2.19143369599697e-05
2024-02-29,10:04:34,7.4104,27.06,24.0,3412,15110515.0,2.187931457002984e-05
2024-02-29,10:04:34,7.4162,27.06,24.0,3412,15110515.0,2.187931457002984e-05
2024-02-29,10:04:34,7.4219,27.06,24.0,3411,15110515.0,2.19143369599697e-05
2024-02-29,10:04:34,7.4277,27.06,24.0,3411,15110515.0,2.19143369599697e-05
2024-02-29,10:04:34,7.4334,27.06,24.0,3411,15110515.0,2.19143369599697e-05
2024-02-29,10:04:34,7.445,27.06,24.0,3411,15110515.0,2.19143369599697e-05
2024-02-29,10:04:34,7.4506,27.06,24.0,3411,15110515.0,2.19143369599697e-05
2024-02-29,10:04:34,7.4563,27.06,24.0,3411,15110515.0,2.19143369599697e-05
2024-02-29,10:04:34,7.4621,27.06,24.0,3411,15110515.0,2.19143369599697e-05
2024-02-29,10:04:34,7.4677,27.06,24.0,3412,15110515.0,2.187931457002984e-05
2024-02-29,10:04:34,7.4735,27.06,24.0,3412,15110515.0,2.187931457002984e-05
2024-02-29,10:04:34,7.4793,27.06,24.0,3412,15110515.0,2.187931457002984e-05
2024-02-29,10:04:34,7.485,27.06,24.0,3411,15110515.0,2.19143369599697e-05
2024-02-29,10:04:34,7.4908,27.06,24.0,3411,15110515.0,2.19143369599697e-05
2024-02-29,10:04:34,7.4964,27.06,24.0,3412,15110515.0,2.187931457002984e-05
2024-02-29,10:04:34,7.502,27.06,24.0,3411,15110515.0,2.19143369599697e-05
2024-02-29,10:04:34,7.5078,27.06,24.0,3411,15110515.0,2.19143369599697e-05
2024-02-29,10:04:34,7.5136,27.06,24.0,3411,15110515.0,2.19143369599697e-05
2024-02-29,10:04:34,7.5193,27.0,24.0,3411,15110515.0,2.19143369599697e-05
2024-02-29,10:04:34,7.5251,27.0,24.0,3411,15110515.0,2.19143369599697e-05
2024-02-29,10:04:34,7.5308,27.0,24.0,3412,15110515.0,2.187931457002984e-05
2024-02-29,10:04:34,7.5366,27.0,24.0,3412,15110515.0,2.187931457002984e-05
2024-02-29,10:04:34,7.5424,27.0,24.0,3410,15110515.0,2.194941541052301e-05
2024-02-29,10:04:34,7.5481,27.0,24.0,3411,15110516.0,2.19143369599697e-05
2024-02-29,10:04:34,7.5539,27.0,24.0,3412,15110515.0,2.187931457002984e-05
2024-02-29,10:04:34,7.5596,27.0,24.0,3411,15110516.0,2.19143369599697e-05
2024-02-29,10:04:34,7.571,27.0,24.0,3411,15110515.0,2.19143369599697e-05
2024-02-29,10:04:34,7.5768,27.0,24.0,3410,15110516.0,2.194941541052301e-05
2024-02-29,10:04:34,7.5824,27.0,24.0,3410,15110516.0,2.194941541052301e-05
2024-02-29,10:04:34,7.5882,27.0,24.0,3410,15110516.0,2.194941541052301e-05
2024-02-29,10:04:34,7.5939,27.0,24.0,3410,15110516.0,2.194941541052301e-05
2024-02-29,10:04:34,7.5997,27.0,24.0,3411,15110515.0,2.19143369599697e-05
2024-02-29,10:04:34,7.6055,27.0,24.0,3411,15110515.0,2.19143369599697e-05
2024-02-29,10:04:34,7.6112,27.0,24.0,3411,15110515.0,2.19143369599697e-05
2024-02-29,10:04:34,7.617,27.0,24.0,3412,15110515.0,2.187931457002984e-05
2024-02-29,10:04:34,7.6227,27.0,24.0,3412,15110515.0,2.187931457002984e-05
2024-02-29,10:04:34,7.6285,27.0,24.0,3411,15110515.0,2.19143369599697e-05
2024-02-29,10:04:34,7.6341,27.0,24.0,3411,15110516.0,2.19143369599697e-05
2024-02-29,10:04:34,7.6399,27.0,24.0,3412,15110516.0,2.187931457002984e-05
2024-02-29,10:04:34,7.6457,27.0,24.0,3411,15110516.0,2.19143369599697e-05
2024-02-29,10:04:34,7.6513,27.0,24.0,3410,15110516.0,2.194941541052301e-05
2024-02-29,10:04:34,7.657,27.0,24.0,3410,15110516.0,2.194941541052301e-05
2024-02-29,10:04:34,7.6628,27.0,24.0,3410,15110516.0,2.194941541052301e-05
2024-02-29,10:04:34,7.6686,27.0,24.0,3410,15110515.0,2.194941541052301e-05
2024-02-29,10:04:34,7.6743,27.0,24.0,3410,15110516.0,2.194941541052301e-05
2024-02-29,10:04:34,7.68,27.0,24.0,3411,15110515.0,2.19143369599697e-05
2024-02-29,10:04:34,7.6857,27.0,24.0,3411,15110516.0,2.19143369599697e-05
2024-02-29,10:04:34,7.6971,27.0,24.0,3411,15110515.0,2.19143369599697e-05
2024-02-29,10:04:34,7.7029,27.0,24.0,3411,15110516.0,2.19143369599697e-05
2024-02-29,10:04:35,7.7086,27.0,24.0,3411,15110516.0,2.19143369599697e-05
2024-02-29,10:04:35,7.7144,27.0,24.0,3410,15110516.0,2.194941541052301e-05
2024-02-29,10:04:35,7.7202,27.0,24.0,3411,15110516.0,2.19143369599697e-05
2024-02-29,10:04:35,7.7259,27.0,24.0,3411,15110516.0,2.19143369599697e-05
2024-02-29,10:04:35,7.7317,27.0,24.0,3411,15110516.0,2.19143369599697e-05
2024-02-29,10:04:35,7.7374,27.0,24.0,3412,15110516.0,2.187931457002984e-05
2024-02-29,10:04:35,7.7432,27.0,24.0,3412,15110516.0,2.187931457002984e-05
2024-02-29,10:04:35,7.749,27.0,24.0,3412,15110516.0,2.187931457002984e-05
2024-02-29,10:04:35,7.7547,27.0,24.0,3412,15110516.0,2.187931457002984e-05
2024-02-29,10:04:35,7.7605,27.0,24.0,3412,15110516.0,2.187931457002984e-05
2024-02-29,10:04:35,7.7662,27.0,24.0,3411,15110516.0,2.19143369599697e-05
2024-02-29,10:04:35,7.772,27.0,24.0,3411,15110516.0,2.19143369599697e-05
2024-02-29,10:04:35,7.7776,27.0,24.0,3411,15110516.0,2.19143369599697e-05
2024-02-29,10:04:35,7.7833,27.0,24.0,3411,15110516.0,2.19143369599697e-05
2024-02-29,10:04:35,7.789,27.0,24.0,3412,15110516.0,2.187931457002984e-05
2024-02-29,10:04:35,7.7948,27.0,24.0,3412,15110516.0,2.187931457002984e-05
2024-02-29,10:04:35,7.8005,27.0,24.0,3411,15110516.0,2.19143369599697e-05
2024-02-29,10:04:35,7.8063,27.0,24.0,3411,15110516.0,2.19143369599697e-05
2024-02-29,10:04:35,7.8121,27.0,24.0,3411,15110516.0,2.19143369599697e-05
2024-02-29,10:04:35,7.8234,27.0,24.0,3411,15110516.0,2.19143369599697e-05
2024-02-29,10:04:35,7.8292,27.0,24.0,3412,15110516.0,2.187931457002984e-05
2024-02-29,10:04:35,7.835,27.0,24.0,3412,15110516.0,2.187931457002984e-05
2024-02-29,10:04:35,7.8407,27.0,24.0,3411,15110516.0,2.19143369599697e-05
2024-02-29,10:04:35,7.8464,27.0,24.0,3411,15110516.0,2.19143369599697e-05
2024-02-29,10:04:35,7.8521,27.0,24.0,3411,15110516.0,2.19143369599697e-05
2024-02-29,10:04:35,7.858,27.0,24.0,3410,15110516.0,2.194941541052301e-05
2024-02-29,10:04:35,7.8638,27.0,24.0,3411,15110516.0,2.19143369599697e-05
2024-02-29,10:04:35,7.8694,27.0,24.0,3411,15110516.0,2.19143369599697e-05
2024-02-29,10:04:35,7.8752,27.0,24.0,3411,15110516.0,2.19143369599697e-05
2024-02-29,10:04:35,7.8809,27.0,24.0,3411,15110516.0,2.19143369599697e-05
2024-02-29,10:04:35,7.8867,27.0,24.0,3411,15110516.0,2.19143369599697e-05
2024-02-29,10:04:35,7.8924,27.0,24.0,3412,15110516.0,2.187931457002984e-05
2024-02-29,10:04:35,7.8981,27.0,24.0,3412,15110516.0,2.187931457002984e-05
2024-02-29,10:04:35,7.9038,27.0,24.0,3411,15110516.0,2.19143369599697e-05
2024-02-29,10:04:35,7.9096,27.0,24.0,3411,15110516.0,2.19143369599697e-05
2024-02-29,10:04:35,7.9154,27.0,24.0,3411,15110516.0,2.19143369599697e-05
2024-02-29,10:04:35,7.9211,27.0,24.0,3411,15110516.0,2.19143369599697e-05
2024-02-29,10:04:35,7.9267,27.0,24.0,3411,15110516.0,2.19143369599697e-05
2024-02-29,10:04:35,7.9325,27.0,24.0,3411,15110516.0,2.19143369599697e-05
2024-02-29,10:04:35,7.9383,27.0,24.0,3412,15110516.0,2.187931457002984e-05
2024-02-29,10:04:35,7.9498,27.0,24.0,3412,15110515.0,2.187931457002984e-05
2024-02-29,10:04:35,7.9555,27.0,24.0,3411,15110517.0,2.19143369599697e-05
2024-02-29,10:04:35,7.9613,27.0,24.0,3411,15110517.0,2.19143369599697e-05
2024-02-29,10:04:35,7.9669,27.0,24.0,3412,15110516.0,2.187931457002984e-05
2024-02-29,10:04:35,7.9727,27.0,24.0,3411,15110516.0,2.19143369599697e-05
2024-02-29,10:04:35,7.9785,27.0,24.0,3410,15110516.0,2.194941541052301e-05
2024-02-29,10:04:35,7.9842,27.0,24.0,3410,15110516.0,2.194941541052301e-05
2024-02-29,10:04:35,7.99,27.0,24.0,3410,15110517.0,2.194941541052301e-05
2024-02-29,10:04:35,7.9956,27.0,24.0,3411,15110517.0,2.19143369599697e-05
2024-02-29,10:04:35,8.0014,27.0,24.0,3412,15110516.0,2.187931457002984e-05
2024-02-29,10:04:35,8.0071,27.0,24.0,3411,15110516.0,2.19143369599697e-05
2024-02-29,10:04:35,8.0129,27.0,24.0,3411,15110516.0,2.19143369599697e-05
2024-02-29,10:04:35,8.0186,27.0,24.0,3411,15110516.0,2.19143369599697e-05
2024-02-29,10:04:35,8.0244,27.0,24.0,3411,15110516.0,2.19143369599697e-05
2024-02-29,10:04:35,8.0302,27.0,24.0,3411,15110516.0,2.19143369599697e-05
2024-02-29,10:04:35,8.0359,27.0,24.0,3411,15110516.0,2.19143369599697e-05
2024-02-29,10:04:35,8.0416,27.0,24.0,3411,15110516.0,2.19143369599697e-05
2024-02-29,10:04:35,8.0472,27.0,24.0,3411,15110516.0,2.19143369599697e-05
2024-02-29,10:04:35,8.0531,27.0,24.0,3411,15110516.0,2.19143369599697e-05
2024-02-29,10:04:35,8.0588,27.0,24.0,3410,15110516.0,2.194941541052301e-05
2024-02-29,10:04:35,8.0645,27.0,24.0,3410,15110516.0,2.194941541052301e-05
2024-02-29,10:04:35,8.076,27.0,24.0,3412,15110516.0,2.187931457002984e-05
2024-02-29,10:04:35,8.0818,27.0,24.0,3411,15110517.0,2.19143369599697e-05
2024-02-29,10:04:35,8.0875,27.0,24.0,3410,15110516.0,2.194941541052301e-05
2024-02-29,10:04:35,8.0933,27.0,24.0,3410,15110516.0,2.194941541052301e-05
2024-02-29,10:04:35,8.099,27.0,24.0,3410,15110516.0,2.194941541052301e-05
2024-02-29,10:04:35,8.1047,27.0,24.0,3410,15110516.0,2.194941541052301e-05
2024-02-29,10:04:35,8.1104,27.0,24.0,3410,15110516.0,2.194941541052301e-05
2024-02-29,10:04:35,8.1162,27.0,24.0,3411,15110516.0,2.19143369599697e-05
2024-02-29,10:04:35,8.1218,27.0,24.0,3412,15110516.0,2.187931457002984e-05
2024-02-29,10:04:35,8.1276,27.0,24.0,3412,15110516.0,2.187931457002984e-05
2024-02-29,10:04:35,8.1335,27.0,24.0,3412,15110517.0,2.187931457002984e-05
2024-02-29,10:04:35,8.1392,27.0,24.0,3412,15110517.0,2.187931457002984e-05
2024-02-29,10:04:35,8.145,27.0,24.0,3411,15110516.0,2.19143369599697e-05
2024-02-29,10:04:35,8.1507,27.0,24.0,3410,15110516.0,2.194941541052301e-05
2024-02-29,10:04:35,8.1564,27.0,24.0,3410,15110516.0,2.194941541052301e-05
2024-02-29,10:04:35,8.1621,27.0,24.0,3410,15110516.0,2.194941541052301e-05
2024-02-29,10:04:35,8.1679,27.0,24.0,3411,15110516.0,2.19143369599697e-05
2024-02-29,10:04:35,8.1737,27.0,24.0,3411,15110516.0,2.19143369599697e-05
2024-02-29,10:04:35,8.1794,27.0,24.0,3410,15110516.0,2.194941541052301e-05
2024-02-29,10:04:35,8.185,27.0,24.0,3411,15110516.0,2.19143369599697e-05
2024-02-29,10:04:35,8.1908,27.0,24.0,3411,15110516.0,2.19143369599697e-05
2024-02-29,10:04:35,8.1966,27.0,24.0,3411,15110516.0,2.19143369599697e-05
2024-02-29,10:04:35,8.2081,27.0,24.0,3411,15110516.0,2.19143369599697e-05
2024-02-29,10:04:35,8.2137,27.0,24.0,3411,15110516.0,2.19143369599697e-05
2024-02-29,10:04:35,8.2195,27.0,24.0,3410,15110516.0,2.194941541052301e-05
2024-02-29,10:04:35,8.2252,27.0,24.0,3411,15110516.0,2.19143369599697e-05
2024-02-29,10:04:35,8.231,27.0,24.0,3411,15110516.0,2.19143369599697e-05
2024-02-29,10:04:35,8.2368,27.0,24.0,3410,15110516.0,2.194941541052301e-05
2024-02-29,10:04:35,8.2425,27.0,24.0,3410,15110516.0,2.194941541052301e-05
2024-02-29,10:04:35,8.2483,27.0,24.0,3410,15110516.0,2.194941541052301e-05
2024-02-29,10:04:35,8.254,27.0,24.0,3411,15110516.0,2.19143369599697e-05
2024-02-29,10:04:35,8.2598,27.0,24.0,3411,15110516.0,2.19143369599697e-05
2024-02-29,10:04:35,8.2654,27.0,24.0,3411,15110516.0,2.19143369599697e-05
2024-02-29,10:04:35,8.2712,27.0,24.0,3411,15110516.0,2.19143369599697e-05
2024-02-29,10:04:35,8.277,27.0,24.0,3411,15110516.0,2.19143369599697e-05
2024-02-29,10:04:35,8.2826,27.0,24.0,3411,15110516.0,2.19143369599697e-05
2024-02-29,10:04:35,8.2883,27.0,24.0,3411,15110516.0,2.19143369599697e-05
2024-02-29,10:04:35,8.2941,27.0,24.0,3411,15110516.0,2.19143369599697e-05
2024-02-29,10:04:35,8.2999,27.0,24.0,3411,15110516.0,2.19143369599697e-05
2024-02-29,10:04:35,8.3056,27.0,24.0,3412,15110516.0,2.187931457002984e-05
2024-02-29,10:04:35,8.3114,27.0,24.0,3411,15110516.0,2.19143369599697e-05
2024-02-29,10:04:35,8.3171,27.0,24.0,3410,15110516.0,2.194941541052301e-05
2024-02-29,10:04:35,8.3228,27.0,24.0,3410,15110516.0,2.194941541052301e-05
2024-02-29,10:04:35,8.3342,27.0,24.0,3411,15110516.0,2.19143369599697e-05
2024-02-29,10:04:35,8.3399,27.0,24.0,3411,15110516.0,2.19143369599697e-05
2024-02-29,10:04:35,8.3457,27.0,24.0,3411,15110516.0,2.19143369599697e-05
2024-02-29,10:04:35,8.3514,27.0,24.0,3411,15110516.0,2.19143369599697e-05
2024-02-29,10:04:35,8.3572,27.0,24.0,3411,15110516.0,2.19143369599697e-05
2024-02-29,10:04:35,8.363,27.0,24.0,3411,15110516.0,2.19143369599697e-05
2024-02-29,10:04:35,8.3687,27.0,24.0,3411,15110516.0,2.19143369599697e-05
2024-02-29,10:04:35,8.3745,27.0,24.0,3411,15110516.0,2.19143369599697e-05
2024-02-29,10:04:35,8.3802,27.0,24.0,3411,15110516.0,2.19143369599697e-05
2024-02-29,10:04:35,8.386,27.0,24.0,3412,15110516.0,2.187931457002984e-05
2024-02-29,10:04:35,8.3916,27.0,24.0,3412,15110516.0,2.187931457002984e-05
2024-02-29,10:04:35,8.3973,27.0,24.0,3412,15110516.0,2.187931457002984e-05
2024-02-29,10:04:35,8.403,27.0,24.0,3412,15110516.0,2.187931457002984e-05
2024-02-29,10:04:35,8.4088,27.0,24.0,3411,15110516.0,2.19143369599697e-05
2024-02-29,10:04:35,8.4146,27.0,24.0,3410,15110516.0,2.194941541052301e-05
2024-02-29,10:04:35,8.4203,27.0,24.0,3410,15110516.0,2.194941541052301e-05
2024-02-29,10:04:35,8.4261,27.0,24.0,3411,15110516.0,2.19143369599697e-05
2024-02-29,10:04:35,8.4318,27.0,24.0,3411,15110516.0,2.19143369599697e-05
2024-02-29,10:04:35,8.4375,27.0,24.0,3411,15110516.0,2.19143369599697e-05
2024-02-29,10:04:35,8.4432,27.0,24.0,3412,15110516.0,2.187931457002984e-05
2024-02-29,10:04:35,8.449,27.0,24.0,3412,15110516.0,2.187931457002984e-05
2024-02-29,10:04:35,8.4604,27.0,24.0,3411,15110516.0,2.19143369599697e-05
2024-02-29,10:04:35,8.4661,27.0,24.0,3411,15110516.0,2.19143369599697e-05
2024-02-29,10:04:35,8.4719,27.0,24.0,3411,15110516.0,2.19143369599697e-05
2024-02-29,10:04:35,8.4777,27.0,24.0,3412,15110516.0,2.187931457002984e-05
2024-02-29,10:04:35,8.4834,27.0,24.0,3411,15110516.0,2.19143369599697e-05
2024-02-29,10:04:35,8.4892,27.0,24.0,3410,15110516.0,2.194941541052301e-05
2024-02-29,10:04:35,8.4949,27.0,24.0,3410,15110516.0,2.194941541052301e-05
2024-02-29,10:04:35,8.5007,27.0,24.0,3410,15110516.0,2.194941541052301e-05
2024-02-29,10:04:35,8.5063,27.0,24.0,3411,15110516.0,2.19143369599697e-05
2024-02-29,10:04:35,8.5121,27.0,24.0,3411,15110516.0,2.19143369599697e-05
2024-02-29,10:04:35,8.5178,27.0,24.0,3411,15110516.0,2.19143369599697e-05
2024-02-29,10:04:35,8.5236,27.0,24.0,3412,15110516.0,2.187931457002984e-05
2024-02-29,10:04:35,8.5294,27.06,24.0,3412,15110516.0,2.187931457002984e-05
2024-02-29,10:04:35,8.535,27.06,24.0,3412,15110516.0,2.187931457002984e-05
2024-02-29,10:04:35,8.5408,27.06,24.0,3412,15110516.0,2.187931457002984e-05
2024-02-29,10:04:35,8.5465,27.06,24.0,3411,15110516.0,2.19143369599697e-05
2024-02-29,10:04:35,8.5523,27.06,24.0,3410,15110516.0,2.194941541052301e-05
2024-02-29,10:04:35,8.558,27.06,24.0,3410,15110516.0,2.194941541052301e-05
2024-02-29,10:04:35,8.5638,27.06,24.0,3411,15110516.0,2.19143369599697e-05
2024-02-29,10:04:35,8.5696,27.06,24.0,3412,15110516.0,2.187931457002984e-05
2024-02-29,10:04:35,8.5753,27.06,24.0,3412,15110516.0,2.187931457002984e-05
2024-02-29,10:04:35,8.5867,27.06,24.0,3411,15110517.0,2.19143369599697e-05
2024-02-29,10:04:35,8.5923,27.06,24.0,3411,15110516.0,2.19143369599697e-05
2024-02-29,10:04:35,8.5981,27.06,24.0,3411,15110516.0,2.19143369599697e-05
2024-02-29,10:04:35,8.6039,27.06,24.0,3410,15110516.0,2.194941541052301e-05
2024-02-29,10:04:35,8.6096,27.06,24.0,3411,15110516.0,2.19143369599697e-05
2024-02-29,10:04:35,8.6154,27.06,24.0,3412,15110516.0,2.187931457002984e-05
2024-02-29,10:04:35,8.6211,27.06,24.0,3412,15110516.0,2.187931457002984e-05
2024-02-29,10:04:35,8.6269,27.06,24.0,3412,15110516.0,2.187931457002984e-05
2024-02-29,10:04:35,8.6327,27.06,24.0,3412,15110516.0,2.187931457002984e-05
2024-02-29,10:04:35,8.6384,27.06,24.0,3411,15110516.0,2.19143369599697e-05
2024-02-29,10:04:35,8.6441,27.06,24.0,3411,15110516.0,2.19143369599697e-05
2024-02-29,10:04:35,8.6498,27.06,24.0,3411,15110516.0,2.19143369599697e-05
2024-02-29,10:04:35,8.6556,27.06,24.0,3411,15110516.0,2.19143369599697e-05
2024-02-29,10:04:35,8.6613,27.06,24.0,3411,15110516.0,2.19143369599697e-05
2024-02-29,10:04:35,8.6671,27.06,24.0,3410,15110516.0,2.194941541052301e-05
2024-02-29,10:04:35,8.6727,27.06,24.0,3410,15110516.0,2.194941541052301e-05
2024-02-29,10:04:35,8.6785,27.06,24.0,3410,15110516.0,2.194941541052301e-05
2024-02-29,10:04:35,8.6842,27.06,24.0,3411,15110516.0,2.19143369599697e-05
2024-02-29,10:04:35,8.69,27.06,24.0,3411,15110516.0,2.19143369599697e-05
2024-02-29,10:04:35,8.6958,27.06,24.0,3410,15110516.0,2.194941541052301e-05
2024-02-29,10:04:35,8.7015,27.06,24.0,3411,15110516.0,2.19143369599697e-05
2024-02-29,10:04:36,8.713,27.06,24.0,3411,15110517.0,2.19143369599697e-05
2024-02-29,10:04:36,8.7188,27.06,24.0,3412,15110516.0,2.187931457002984e-05
2024-02-29,10:04:36,8.7244,27.06,24.0,3411,15110516.0,2.19143369599697e-05
2024-02-29,10:04:36,8.7302,27.06,24.0,3410,15110516.0,2.194941541052301e-05
2024-02-29,10:04:36,8.736,27.06,24.0,3410,15110516.0,2.194941541052301e-05
2024-02-29,10:04:36,8.7417,27.06,24.0,3410,15110516.0,2.194941541052301e-05
2024-02-29,10:04:36,8.7475,27.06,24.0,3410,15110516.0,2.194941541052301e-05
2024-02-29,10:04:36,8.7532,27.06,24.0,3410,15110516.0,2.194941541052301e-05
2024-02-29,10:04:36,8.759,27.06,24.0,3411,15110516.0,2.19143369599697e-05
2024-02-29,10:04:36,8.7646,27.06,24.0,3412,15110516.0,2.187931457002984e-05
2024-02-29,10:04:36,8.7704,27.06,24.0,3412,15110516.0,2.187931457002984e-05
2024-02-29,10:04:36,8.7762,27.06,24.0,3412,15110516.0,2.187931457002984e-05
2024-02-29,10:04:36,8.7819,27.06,24.0,3412,15110516.0,2.187931457002984e-05
2024-02-29,10:04:36,8.7877,27.06,24.0,3411,15110516.0,2.19143369599697e-05
2024-02-29,10:04:36,8.7934,27.06,24.0,3411,15110516.0,2.19143369599697e-05
2024-02-29,10:04:36,8.7992,27.06,24.0,3411,15110516.0,2.19143369599697e-05
2024-02-29,10:04:36,8.8048,27.06,24.0,3410,15110516.0,2.194941541052301e-05
2024-02-29,10:04:36,8.8106,27.06,24.0,3411,15110517.0,2.19143369599697e-05
2024-02-29,10:04:36,8.8165,27.06,24.0,3411,15110517.0,2.19143369599697e-05
2024-02-29,10:04:36,8.8222,27.06,24.0,3410,15110517.0,2.194941541052301e-05
2024-02-29,10:04:36,8.8279,27.06,24.0,3411,15110516.0,2.19143369599697e-05
2024-02-29,10:04:36,8.8335,27.06,24.0,3411,15110516.0,2.19143369599697e-05
2024-02-29,10:04:36,8.845,27.06,24.0,3412,15110516.0,2.187931457002984e-05
2024-02-29,10:04:36,8.8508,27.06,24.0,3412,15110516.0,2.187931457002984e-05
2024-02-29,10:04:36,8.8565,27.06,24.0,3412,15110516.0,2.187931457002984e-05
2024-02-29,10:04:36,8.8623,27.06,24.0,3412,15110516.0,2.187931457002984e-05
2024-02-29,10:04:36,8.8681,27.06,24.0,3412,15110517.0,2.187931457002984e-05
2024-02-29,10:04:36,8.8737,27.06,24.0,3411,15110517.0,2.19143369599697e-05
2024-02-29,10:04:36,8.8794,27.06,24.0,3411,15110517.0,2.19143369599697e-05
2024-02-29,10:04:36,8.8852,27.06,24.0,3412,15110516.0,2.187931457002984e-05
2024-02-29,10:04:36,8.891,27.06,24.0,3412,15110516.0,2.187931457002984e-05
2024-02-29,10:04:36,8.8967,27.06,24.0,3411,15110517.0,2.19143369599697e-05
2024-02-29,10:04:36,8.9025,27.06,24.0,3411,15110517.0,2.19143369599697e-05
2024-02-29,10:04:36,8.9082,27.06,24.0,3412,15110517.0,2.187931457002984e-05
2024-02-29,10:04:36,8.9139,27.06,24.0,3412,15110517.0,2.187931457002984e-05
2024-02-29,10:04:36,8.9196,27.06,24.0,3411,15110517.0,2.19143369599697e-05
2024-02-29,10:04:36,8.9254,27.06,24.0,3410,15110517.0,2.194941541052301e-05
2024-02-29,10:04:36,8.9312,27.06,24.0,3410,15110516.0,2.194941541052301e-05
2024-02-29,10:04:36,8.9369,27.06,24.0,3411,15110517.0,2.19143369599697e-05
2024-02-29,10:04:36,8.9427,27.06,24.0,3412,15110517.0,2.187931457002984e-05
2024-02-29,10:04:36,8.9484,27.06,24.0,3411,15110516.0,2.19143369599697e-05
2024-02-29,10:04:36,8.9542,27.06,24.0,3411,15110516.0,2.19143369599697e-05
2024-02-29,10:04:36,8.96,27.06,24.0,3411,15110516.0,2.19143369599697e-05
2024-02-29,10:04:36,8.9714,27.06,24.0,3410,15110516.0,2.194941541052301e-05
2024-02-29,10:04:36,8.9771,27.06,24.0,3410,15110517.0,2.194941541052301e-05
2024-02-29,10:04:36,8.9827,27.06,24.0,3410,15110517.0,2.194941541052301e-05
2024-02-29,10:04:36,8.9885,27.06,24.0,3410,15110517.0,2.194941541052301e-05
2024-02-29,10:04:36,8.9943,27.06,24.0,3410,15110517.0,2.194941541052301e-05
2024-02-29,10:04:36,9.0,27.06,24.0,3410,15110517.0,2.194941541052301e-05
2024-02-29,10:04:36,9.0058,27.06,24.0,3410,15110517.0,2.194941541052301e-05
2024-02-29,10:04:36,9.0115,27.06,24.0,3411,15110516.0,2.19143369599697e-05
2024-02-29,10:04:36,9.0173,27.06,24.0,3412,15110517.0,2.187931457002984e-05
2024-02-29,10:04:36,9.0231,27.06,24.0,3412,15110517.0,2.187931457002984e-05
2024-02-29,10:04:36,9.0288,27.06,24.0,3411,15110517.0,2.19143369599697e-05
2024-02-29,10:04:36,9.0346,27.06,24.0,3411,15110516.0,2.19143369599697e-05
2024-02-29,10:04:36,9.0403,27.06,24.0,3411,15110517.0,2.19143369599697e-05
2024-02-29,10:04:36,9.046,27.06,24.0,3411,15110517.0,2.19143369599697e-05
2024-02-29,10:04:36,9.0517,27.06,24.0,3411,15110517.0,2.19143369599697e-05
2024-02-29,10:04:36,9.0575,27.06,24.0,3411,15110516.0,2.19143369599697e-05
2024-02-29,10:04:36,9.0633,27.06,24.0,3411,15110517.0,2.19143369599697e-05
2024-02-29,10:04:36,9.069,27.06,24.0,3410,15110517.0,2.194941541052301e-05
2024-02-29,10:04:36,9.0746,27.06,24.0,3410,15110517.0,2.194941541052301e-05
2024-02-29,10:04:36,9.0804,27.06,24.0,3411,15110516.0,2.19143369599697e-05
2024-02-29,10:04:36,9.0862,27.06,24.0,3412,15110517.0,2.187931457002984e-05
2024-02-29,10:04:36,9.0977,27.06,24.0,3411,15110516.0,2.19143369599697e-05
2024-02-29,10:04:36,9.1034,27.06,24.0,3412,15110517.0,2.187931457002984e-05
2024-02-29,10:04:36,9.1092,27.06,24.0,3411,15110517.0,2.19143369599697e-05
2024-02-29,10:04:36,9.115,27.06,24.0,3411,15110517.0,2.19143369599697e-05
2024-02-29,10:04:36,9.1207,27.06,24.0,3411,15110517.0,2.19143369599697e-05
2024-02-29,10:04:36,9.1264,27.06,24.0,3411,15110517.0,2.19143369599697e-05
2024-02-29,10:04:36,9.1321,27.06,24.0,3411,15110517.0,2.19143369599697e-05
2024-02-29,10:04:36,9.1379,27.06,24.0,3411,15110516.0,2.19143369599697e-05
2024-02-29,10:04:36,9.1435,27.06,24.0,3411,15110516.0,2.19143369599697e-05
2024-02-29,10:04:36,9.1493,27.06,24.0,3410,15110517.0,2.194941541052301e-05
2024-02-29,10:04:36,9.1552,27.06,24.0,3411,15110517.0,2.19143369599697e-05
2024-02-29,10:04:36,9.1609,27.06,24.0,3412,15110517.0,2.187931457002984e-05
2024-02-29,10:04:36,9.1666,27.06,24.0,3412,15110517.0,2.187931457002984e-05
2024-02-29,10:04:36,9.1723,27.06,24.0,3411,15110517.0,2.19143369599697e-05
2024-02-29,10:04:36,9.1781,27.06,24.0,3410,15110517.0,2.194941541052301e-05
2024-02-29,10:04:36,9.1838,27.06,24.0,3411,15110517.0,2.19143369599697e-05
2024-02-29,10:04:36,9.1896,27.06,24.0,3411,15110517.0,2.19143369599697e-05
2024-02-29,10:04:36,9.1954,27.06,24.0,3411,15110516.0,2.19143369599697e-05
2024-02-29,10:04:36,9.2011,27.06,24.0,3411,15110517.0,2.19143369599697e-05
2024-02-29,10:04:36,9.2069,27.06,24.0,3410,15110517.0,2.194941541052301e-05
2024-02-29,10:04:36,9.2126,27.06,24.0,3411,15110517.0,2.19143369599697e-05
2024-02-29,10:04:36,9.2183,27.06,24.0,3412,15110517.0,2.187931457002984e-05
2024-02-29,10:04:36,9.2297,27.06,24.0,3411,15110517.0,2.19143369599697e-05
2024-02-29,10:04:36,9.2354,27.06,24.0,3412,15110517.0,2.187931457002984e-05
2024-02-29,10:04:36,9.2412,27.06,24.0,3411,15110517.0,2.19143369599697e-05
2024-02-29,10:04:36,9.2469,27.06,24.0,3411,15110517.0,2.19143369599697e-05
2024-02-29,10:04:36,9.2526,27.06,24.0,3411,15110517.0,2.19143369599697e-05
2024-02-29,10:04:36,9.2583,27.06,24.0,3410,15110517.0,2.194941541052301e-05
2024-02-29,10:04:36,9.2641,27.06,24.0,3411,15110517.0,2.19143369599697e-05
2024-02-29,10:04:36,9.2698,27.06,24.0,3412,15110517.0,2.187931457002984e-05
2024-02-29,10:04:36,9.2757,27.06,24.0,3412,15110517.0,2.187931457002984e-05
2024-02-29,10:04:36,9.2815,27.06,24.0,3411,15110517.0,2.19143369599697e-05
2024-02-29,10:04:36,9.2871,27.06,24.0,3411,15110517.0,2.19143369599697e-05
2024-02-29,10:04:36,9.2929,27.06,24.0,3411,15110517.0,2.19143369599697e-05
2024-02-29,10:04:36,9.2986,27.06,24.0,3410,15110517.0,2.194941541052301e-05
2024-02-29,10:04:36,9.3043,27.06,24.0,3411,15110517.0,2.19143369599697e-05
2024-02-29,10:04:36,9.31,27.06,24.0,3411,15110517.0,2.19143369599697e-05
2024-02-29,10:04:36,9.3158,27.06,24.0,3410,15110517.0,2.194941541052301e-05
2024-02-29,10:04:36,9.3216,27.06,24.0,3410,15110517.0,2.194941541052301e-05
2024-02-29,10:04:36,9.3273,27.06,24.0,3411,15110517.0,2.19143369599697e-05
2024-02-29,10:04:36,9.3331,27.06,24.0,3412,15110517.0,2.187931457002984e-05
2024-02-29,10:04:36,9.3388,27.06,24.0,3411,15110517.0,2.19143369599697e-05
2024-02-29,10:04:36,9.3446,27.06,24.0,3411,15110517.0,2.19143369599697e-05
2024-02-29,10:04:36,9.356,27.06,24.0,3411,15110518.0,2.19143369599697e-05
2024-02-29,10:04:36,9.3618,27.06,24.0,3411,15110517.0,2.19143369599697e-05
2024-02-29,10:04:36,9.3675,27.06,24.0,3411,15110517.0,2.19143369599697e-05
2024-02-29,10:04:36,9.3731,27.06,24.0,3411,15110517.0,2.19143369599697e-05
2024-02-29,10:04:36,9.3789,27.06,24.0,3411,15110517.0,2.19143369599697e-05
2024-02-29,10:04:36,9.3847,27.06,24.0,3411,15110517.0,2.19143369599697e-05
2024-02-29,10:04:36,9.3904,27.06,24.0,3410,15110517.0,2.194941541052301e-05
2024-02-29,10:04:36,9.3962,27.06,24.0,3410,15110517.0,2.194941541052301e-05
2024-02-29,10:04:36,9.4019,27.06,24.0,3411,15110517.0,2.19143369599697e-05
2024-02-29,10:04:36,9.4077,27.06,24.0,3411,15110517.0,2.19143369599697e-05
2024-02-29,10:04:36,9.4135,27.06,24.0,3411,15110517.0,2.19143369599697e-05
2024-02-29,10:04:36,9.4192,27.06,24.0,3412,15110517.0,2.187931457002984e-05
2024-02-29,10:04:36,9.425,27.06,24.0,3411,15110517.0,2.19143369599697e-05
2024-02-29,10:04:36,9.4307,27.06,24.0,3411,15110517.0,2.19143369599697e-05
2024-02-29,10:04:36,9.4364,27.06,24.0,3411,15110517.0,2.19143369599697e-05
2024-02-29,10:04:36,9.4421,27.06,24.0,3410,15110517.0,2.194941541052301e-05
2024-02-29,10:04:36,9.4479,27.06,24.0,3411,15110517.0,2.19143369599697e-05
2024-02-29,10:04:36,9.4535,27.06,24.0,3411,15110517.0,2.19143369599697e-05
2024-02-29,10:04:36,9.4593,27.06,24.0,3410,15110517.0,2.194941541052301e-05
2024-02-29,10:04:36,9.465,27.06,24.0,3410,15110517.0,2.194941541052301e-05
2024-02-29,10:04:36,9.4708,27.06,24.0,3411,15110517.0,2.19143369599697e-05
2024-02-29,10:04:36,9.4823,27.06,24.0,3411,15110518.0,2.19143369599697e-05
2024-02-29,10:04:36,9.4881,27.06,24.0,3412,15110517.0,2.187931457002984e-05
2024-02-29,10:04:36,9.4937,27.06,24.0,3411,15110517.0,2.19143369599697e-05
2024-02-29,10:04:36,9.4995,27.06,24.0,3410,15110517.0,2.194941541052301e-05
2024-02-29,10:04:36,9.5052,27.06,24.0,3410,15110517.0,2.194941541052301e-05
2024-02-29,10:04:36,9.511,27.06,24.0,3410,15110517.0,2.194941541052301e-05
2024-02-29,10:04:36,9.5168,27.06,24.0,3411,15110517.0,2.19143369599697e-05
2024-02-29,10:04:36,9.5225,27.06,24.0,3411,15110517.0,2.19143369599697e-05
2024-02-29,10:04:36,9.5283,27.06,24.0,3411,15110517.0,2.19143369599697e-05
2024-02-29,10:04:36,9.5339,27.06,24.0,3411,15110517.0,2.19143369599697e-05
2024-02-29,10:04:36,9.5397,27.06,24.0,3411,15110517.0,2.19143369599697e-05
2024-02-29,10:04:36,9.5454,27.06,24.0,3411,15110517.0,2.19143369599697e-05
2024-02-29,10:04:36,9.5512,27.06,24.0,3411,15110517.0,2.19143369599697e-05
2024-02-29,10:04:36,9.557,27.06,24.0,3411,15110517.0,2.19143369599697e-05
2024-02-29,10:04:36,9.5627,27.06,24.0,3411,15110517.0,2.19143369599697e-05
2024-02-29,10:04:36,9.5685,27.06,24.0,3412,15110517.0,2.187931457002984e-05
2024-02-29,10:04:36,9.5742,27.06,24.0,3412,15110517.0,2.187931457002984e-05
2024-02-29,10:04:36,9.58,27.06,24.0,3411,15110517.0,2.19143369599697e-05
2024-02-29,10:04:36,9.5856,27.06,24.0,3410,15110517.0,2.194941541052301e-05
2024-02-29,10:04:36,9.5914,27.06,24.0,3410,15110517.0,2.194941541052301e-05
2024-02-29,10:04:36,9.5971,27.06,24.0,3411,15110517.0,2.19143369599697e-05
2024-02-29,10:04:36,9.6029,27.06,24.0,3412,15110517.0,2.187931457002984e-05
2024-02-29,10:04:36,9.6143,27.06,24.0,3411,15110517.0,2.19143369599697e-05
2024-02-29,10:04:36,9.6201,27.06,24.0,3411,15110517.0,2.19143369599697e-05
2024-02-29,10:04:36,9.6258,27.06,24.0,3411,15110517.0,2.19143369599697e-05
2024-02-29,10:04:36,9.6316,27.06,24.0,3411,15110517.0,2.19143369599697e-05
2024-02-29,10:04:36,9.6373,27.06,24.0,3411,15110517.0,2.19143369599697e-05
2024-02-29,10:04:36,9.6431,27.06,24.0,3411,15110517.0,2.19143369599697e-05
2024-02-29,10:04:36,9.6489,27.06,24.0,3412,15110517.0,2.187931457002984e-05
2024-02-29,10:04:36,9.6545,27.06,24.0,3412,15110517.0,2.187931457002984e-05
2024-02-29,10:04:36,9.6601,27.06,24.0,3412,15110517.0,2.187931457002984e-05
2024-02-29,10:04:36,9.6659,27.06,24.0,3412,15110517.0,2.187931457002984e-05
2024-02-29,10:04:36,9.6716,27.06,24.0,3412,15110517.0,2.187931457002984e-05
2024-02-29,10:04:36,9.6774,27.06,24.0,3412,15110518.0,2.187931457002984e-05
2024-02-29,10:04:36,9.6832,27.06,24.0,3411,15110518.0,2.19143369599697e-05
2024-02-29,10:04:36,9.6889,27.06,24.0,3411,15110517.0,2.19143369599697e-05
2024-02-29,10:04:36,9.6947,27.06,24.0,3411,15110517.0,2.19143369599697e-05
2024-02-29,10:04:37,9.7003,27.06,24.0,3411,15110517.0,2.19143369599697e-05
2024-02-29,10:04:37,9.7059,27.06,24.0,3411,15110517.0,2.19143369599697e-05
2024-02-29,10:04:37,9.7117,27.06,24.0,3410,15110517.0,2.194941541052301e-05
2024-02-29,10:04:37,9.7175,27.06,24.0,3410,15110518.0,2.194941541052301e-05
2024-02-29,10:04:37,9.7232,27.06,24.0,3411,15110517.0,2.19143369599697e-05
2024-02-29,10:04:37,9.729,27.06,24.0,3411,15110517.0,2.19143369599697e-05
2024-02-29,10:04:37,9.7405,27.06,24.0,3410,15110518.0,2.194941541052301e-05
2024-02-29,10:04:37,9.7463,27.06,24.0,3410,15110518.0,2.194941541052301e-05
2024-02-29,10:04:37,9.752,27.06,24.0,3410,15110518.0,2.194941541052301e-05
2024-02-29,10:04:37,9.7577,27.06,24.0,3411,15110517.0,2.19143369599697e-05
2024-02-29,10:04:37,9.7634,27.06,24.0,3412,15110517.0,2.187931457002984e-05
2024-02-29,10:04:37,9.7692,27.06,24.0,3411,15110518.0,2.19143369599697e-05
2024-02-29,10:04:37,9.7749,27.06,24.0,3410,15110518.0,2.194941541052301e-05
2024-02-29,10:04:37,9.7807,27.06,24.0,3411,15110518.0,2.19143369599697e-05
2024-02-29,10:04:37,9.7863,27.06,24.0,3412,15110518.0,2.187931457002984e-05
2024-02-29,10:04:37,9.7921,27.06,24.0,3412,15110518.0,2.187931457002984e-05
2024-02-29,10:04:37,9.7978,27.06,24.0,3412,15110518.0,2.187931457002984e-05
2024-02-29,10:04:37,9.8036,27.06,24.0,3412,15110518.0,2.187931457002984e-05
2024-02-29,10:04:37,9.8094,27.06,24.0,3411,15110518.0,2.19143369599697e-05
2024-02-29,10:04:37,9.815,27.06,24.0,3410,15110518.0,2.194941541052301e-05
2024-02-29,10:04:37,9.8208,27.06,24.0,3411,15110518.0,2.19143369599697e-05
2024-02-29,10:04:37,9.8265,27.06,24.0,3411,15110518.0,2.19143369599697e-05
2024-02-29,10:04:37,9.8322,27.06,24.0,3410,15110518.0,2.194941541052301e-05
2024-02-29,10:04:37,9.8379,27.06,24.0,3410,15110518.0,2.194941541052301e-05
2024-02-29,10:04:37,9.8437,27.06,24.0,3410,15110518.0,2.194941541052301e-05
2024-02-29,10:04:37,9.8494,27.06,24.0,3411,15110517.0,2.19143369599697e-05
2024-02-29,10:04:37,9.8552,27.06,24.0,3412,15110518.0,2.187931457002984e-05
2024-02-29,10:04:37,9.8667,27.06,24.0,3410,15110518.0,2.194941541052301e-05
2024-02-29,10:04:37,9.8723,27.06,24.0,3410,15110518.0,2.194941541052301e-05
2024-02-29,10:04:37,9.8781,27.06,24.0,3410,15110518.0,2.194941541052301e-05
2024-02-29,10:04:37,9.8839,27.06,24.0,3410,15110518.0,2.194941541052301e-05
2024-02-29,10:04:37,9.8895,27.06,24.0,3411,15110518.0,2.19143369599697e-05
2024-02-29,10:04:37,9.8953,27.06,24.0,3411,15110518.0,2.19143369599697e-05
2024-02-29,10:04:37,9.901,27.06,24.0,3410,15110518.0,2.194941541052301e-05
2024-02-29,10:04:37,9.9068,27.06,24.0,3411,15110518.0,2.19143369599697e-05
2024-02-29,10:04:37,9.9125,27.06,24.0,3412,15110518.0,2.187931457002984e-05
2024-02-29,10:04:37,9.9183,27.06,24.0,3412,15110518.0,2.187931457002984e-05
2024-02-29,10:04:37,9.9241,27.06,24.0,3411,15110518.0,2.19143369599697e-05
2024-02-29,10:04:37,9.9298,27.06,24.0,3411,15110518.0,2.19143369599697e-05
2024-02-29,10:04:37,9.9356,27.06,24.0,3412,15110518.0,2.187931457002984e-05
2024-02-29,10:04:37,9.9412,27.06,24.0,3412,15110517.0,2.187931457002984e-05
2024-02-29,10:04:37,9.947,27.06,24.0,3412,15110517.0,2.187931457002984e-05
2024-02-29,10:04:37,9.9527,27.06,24.0,3411,15110518.0,2.19143369599697e-05
2024-02-29,10:04:37,9.9585,27.06,24.0,3410,15110518.0,2.194941541052301e-05
2024-02-29,10:04:37,9.9642,27.06,24.0,3411,15110518.0,2.19143369599697e-05
2024-02-29,10:04:37,9.9699,27.06,24.0,3411,15110518.0,2.19143369599697e-05
2024-02-29,10:04:37,9.9756,27.06,24.0,3410,15110518.0,2.194941541052301e-05
2024-02-29,10:04:37,9.9814,27.06,24.0,3411,15110518.0,2.19143369599697e-05
2024-02-29,10:04:37,9.9929,27.06,24.0,3410,15110518.0,2.194941541052301e-05
2024-02-29,10:04:37,9.9986,27.06,24.0,3411,15110518.0,2.19143369599697e-05
2024-02-29,10:04:37,10.0043,27.06,24.0,3411,15110518.0,2.19143369599697e-05
2024-02-29,10:04:37,10.0101,27.06,24.0,3411,15110518.0,2.19143369599697e-05
2024-02-29,10:04:37,10.0157,27.06,24.0,3411,15110518.0,2.19143369599697e-05
2024-02-29,10:04:37,10.0215,27.06,24.0,3410,15110518.0,2.194941541052301e-05
2024-02-29,10:04:37,10.0272,27.06,24.0,3410,15110518.0,2.194941541052301e-05
2024-02-29,10:04:37,10.033,27.06,24.0,3411,15110518.0,2.19143369599697e-05
2024-02-29,10:04:37,10.0387,27.06,24.0,3411,15110518.0,2.19143369599697e-05
2024-02-29,10:04:37,10.0445,27.06,24.0,3410,15110518.0,2.194941541052301e-05
2024-02-29,10:04:37,10.0503,27.06,24.0,3411,15110518.0,2.19143369599697e-05
2024-02-29,10:04:37,10.0559,27.06,24.0,3412,15110518.0,2.187931457002984e-05
2024-02-29,10:04:37,10.0617,27.06,24.0,3411,15110518.0,2.19143369599697e-05
2024-02-29,10:04:37,10.0674,27.06,24.0,3410,15110518.0,2.194941541052301e-05
2024-02-29,10:04:37,10.0732,27.06,24.0,3410,15110518.0,2.194941541052301e-05
2024-02-29,10:04:37,10.0789,27.06,24.0,3410,15110518.0,2.194941541052301e-05
2024-02-29,10:04:37,10.0847,27.06,24.0,3411,15110519.0,2.19143369599697e-05
2024-02-29,10:04:37,10.0905,27.06,24.0,3411,15110518.0,2.19143369599697e-05
2024-02-29,10:04:37,10.0961,27.06,24.0,3410,15110518.0,2.194941541052301e-05
2024-02-29,10:04:37,10.1018,27.06,24.0,3411,15110518.0,2.19143369599697e-05
2024-02-29,10:04:37,10.1076,27.06,24.0,3412,15110518.0,2.187931457002984e-05
2024-02-29,10:04:37,10.1191,27.06,24.0,3411,15110518.0,2.19143369599697e-05
2024-02-29,10:04:37,10.1248,27.06,24.0,3411,15110518.0,2.19143369599697e-05
2024-02-29,10:04:37,10.1305,27.06,24.0,3412,15110518.0,2.187931457002984e-05
2024-02-29,10:04:37,10.1363,27.06,24.0,3411,15110518.0,2.19143369599697e-05
2024-02-29,10:04:37,10.142,27.06,24.0,3411,15110520.0,2.19143369599697e-05
2024-02-29,10:04:37,10.1478,27.06,24.0,3411,15110520.0,2.19143369599697e-05
2024-02-29,10:04:37,10.1536,27.06,24.0,3410,15110518.0,2.194941541052301e-05
2024-02-29,10:04:37,10.1593,27.06,24.0,3411,15110518.0,2.19143369599697e-05
2024-02-29,10:04:37,10.165,27.06,24.0,3412,15110518.0,2.187931457002984e-05
2024-02-29,10:04:37,10.1707,27.06,24.0,3412,15110518.0,2.187931457002984e-05
2024-02-29,10:04:37,10.1765,27.06,24.0,3412,15110518.0,2.187931457002984e-05
2024-02-29,10:04:37,10.1822,27.06,24.0,3412,15110518.0,2.187931457002984e-05
2024-02-29,10:04:37,10.188,27.06,24.0,3411,15110518.0,2.19143369599697e-05
2024-02-29,10:04:37,10.1938,27.06,24.0,3410,15110518.0,2.194941541052301e-05
2024-02-29,10:04:37,10.1995,27.06,24.0,3411,15110518.0,2.19143369599697e-05
2024-02-29,10:04:37,10.2053,27.06,24.0,3411,15110519.0,2.19143369599697e-05
2024-02-29,10:04:37,10.211,27.06,24.0,3410,15110518.0,2.194941541052301e-05
2024-02-29,10:04:37,10.2167,27.06,24.0,3410,15110518.0,2.194941541052301e-05
2024-02-29,10:04:37,10.2224,27.06,24.0,3410,15110518.0,2.194941541052301e-05
2024-02-29,10:04:37,10.2282,27.06,24.0,3410,15110518.0,2.194941541052301e-05
2024-02-29,10:04:37,10.2339,27.06,24.0,3410,15110518.0,2.194941541052301e-05
2024-02-29,10:04:37,10.2453,27.06,24.0,3411,15110517.0,2.19143369599697e-05
2024-02-29,10:04:37,10.2511,27.06,24.0,3411,15110518.0,2.19143369599697e-05
2024-02-29,10:04:37,10.2569,27.06,24.0,3412,15110518.0,2.187931457002984e-05
2024-02-29,10:04:37,10.2626,27.06,24.0,3412,15110518.0,2.187931457002984e-05
2024-02-29,10:04:37,10.2684,27.06,24.0,3412,15110518.0,2.187931457002984e-05
2024-02-29,10:04:37,10.2741,27.06,24.0,3412,15110518.0,2.187931457002984e-05
2024-02-29,10:04:37,10.2799,27.06,24.0,3411,15110518.0,2.19143369599697e-05
2024-02-29,10:04:37,10.2857,27.06,24.0,3410,15110518.0,2.194941541052301e-05
2024-02-29,10:04:37,10.2914,27.06,24.0,3410,15110518.0,2.194941541052301e-05
2024-02-29,10:04:37,10.2972,27.06,24.0,3410,15110518.0,2.194941541052301e-05
2024-02-29,10:04:37,10.3029,27.06,24.0,3411,15110518.0,2.19143369599697e-05
2024-02-29,10:04:37,10.3086,27.06,24.0,3412,15110518.0,2.187931457002984e-05
2024-02-29,10:04:37,10.3143,27.06,24.0,3412,15110518.0,2.187931457002984e-05
2024-02-29,10:04:37,10.3201,27.06,24.0,3411,15110518.0,2.19143369599697e-05
2024-02-29,10:04:37,10.3258,27.06,24.0,3410,15110518.0,2.194941541052301e-05
2024-02-29,10:04:37,10.3316,27.06,24.0,3411,15110518.0,2.19143369599697e-05
2024-02-29,10:04:37,10.3372,27.06,24.0,3412,15110518.0,2.187931457002984e-05
2024-02-29,10:04:37,10.343,27.06,24.0,3412,15110517.0,2.187931457002984e-05
2024-02-29,10:04:37,10.3488,27.06,24.0,3412,15110517.0,2.187931457002984e-05
2024-02-29,10:04:37,10.3545,27.06,24.0,3411,15110518.0,2.19143369599697e-05
2024-02-29,10:04:37,10.3603,27.06,24.0,3411,15110519.0,2.19143369599697e-05
2024-02-29,10:04:37,10.366,27.06,24.0,3411,15110518.0,2.19143369599697e-05
2024-02-29,10:04:37,10.3774,27.06,24.0,3410,15110519.0,2.194941541052301e-05
2024-02-29,10:04:37,10.3832,27.06,24.0,3411,15110519.0,2.19143369599697e-05
2024-02-29,10:04:37,10.389,27.06,24.0,3411,15110519.0,2.19143369599697e-05
2024-02-29,10:04:37,10.3947,27.06,24.0,3411,15110519.0,2.19143369599697e-05
2024-02-29,10:04:37,10.4005,27.06,24.0,3412,15110518.0,2.187931457002984e-05
2024-02-29,10:04:37,10.4062,27.06,24.0,3412,15110518.0,2.187931457002984e-05
2024-02-29,10:04:37,10.412,27.06,24.0,3411,15110519.0,2.19143369599697e-05
2024-02-29,10:04:37,10.4176,27.06,24.0,3410,15110518.0,2.194941541052301e-05
2024-02-29,10:04:37,10.4234,27.06,24.0,3411,15110518.0,2.19143369599697e-05
2024-02-29,10:04:37,10.4291,27.06,24.0,3412,15110518.0,2.187931457002984e-05
2024-02-29,10:04:37,10.4349,27.06,24.0,3412,15110519.0,2.187931457002984e-05
2024-02-29,10:04:37,10.4407,27.06,24.0,3412,15110519.0,2.187931457002984e-05
2024-02-29,10:04:37,10.4464,27.06,24.0,3412,15110518.0,2.187931457002984e-05
2024-02-29,10:04:37,10.4522,27.06,24.0,3412,15110519.0,2.187931457002984e-05
2024-02-29,10:04:37,10.4578,27.06,24.0,3412,15110519.0,2.187931457002984e-05
2024-02-29,10:04:37,10.4636,27.06,24.0,3411,15110518.0,2.19143369599697e-05
2024-02-29,10:04:37,10.4695,27.06,24.0,3410,15110518.0,2.194941541052301e-05
2024-02-29,10:04:37,10.4752,27.06,24.0,3410,15110518.0,2.194941541052301e-05
2024-02-29,10:04:37,10.4809,27.06,24.0,3410,15110518.0,2.194941541052301e-05
2024-02-29,10:04:37,10.4865,27.06,24.0,3410,15110519.0,2.194941541052301e-05
2024-02-29,10:04:37,10.4922,27.06,24.0,3411,15110518.0,2.19143369599697e-05
2024-02-29,10:04:37,10.5039,27.06,24.0,3411,15110519.0,2.19143369599697e-05
2024-02-29,10:04:37,10.5095,27.06,24.0,3411,15110518.0,2.19143369599697e-05
2024-02-29,10:04:37,10.5153,27.06,24.0,3410,15110519.0,2.194941541052301e-05
2024-02-29,10:04:37,10.521,27.06,24.0,3410,15110519.0,2.194941541052301e-05
2024-02-29,10:04:37,10.5268,27.06,24.0,3411,15110518.0,2.19143369599697e-05
2024-02-29,10:04:37,10.5326,27.06,24.0,3411,15110519.0,2.19143369599697e-05
2024-02-29,10:04:37,10.5383,27.06,24.0,3411,15110518.0,2.19143369599697e-05
2024-02-29,10:04:37,10.5441,27.06,24.0,3412,15110520.0,2.187931457002984e-05
2024-02-29,10:04:37,10.5498,27.06,24.25,3411,15110520.0,2.19143369599697e-05
2024-02-29,10:04:37,10.5556,27.06,24.25,3410,15110519.0,2.194941541052301e-05
2024-02-29,10:04:37,10.5612,27.06,24.25,3411,15110518.0,2.19143369599697e-05
2024-02-29,10:04:37,10.567,27.06,24.25,3411,15110518.0,2.19143369599697e-05
2024-02-29,10:04:37,10.5728,27.06,24.25,3411,15110518.0,2.19143369599697e-05
2024-02-29,10:04:37,10.5784,27.06,24.25,3412,15110519.0,2.187931457002984e-05
2024-02-29,10:04:37,10.5842,27.06,24.25,3411,15110519.0,2.19143369599697e-05
2024-02-29,10:04:37,10.5899,27.06,24.25,3410,15110519.0,2.194941541052301e-05
2024-02-29,10:04:37,10.5957,27.06,24.25,3411,15110519.0,2.19143369599697e-05
2024-02-29,10:04:37,10.6014,27.06,24.25,3411,15110519.0,2.19143369599697e-05
2024-02-29,10:04:37,10.6072,27.06,24.25,3410,15110519.0,2.194941541052301e-05
2024-02-29,10:04:37,10.613,27.06,24.25,3411,15110519.0,2.19143369599697e-05
2024-02-29,10:04:37,10.6187,27.06,24.25,3411,15110519.0,2.19143369599697e-05
2024-02-29,10:04:37,10.6245,27.06,24.25,3411,15110519.0,2.19143369599697e-05
2024-02-29,10:04:37,10.6359,27.06,24.25,3412,15110518.0,2.187931457002984e-05
2024-02-29,10:04:37,10.6416,27.06,24.25,3411,15110519.0,2.19143369599697e-05
2024-02-29,10:04:37,10.6473,27.06,24.25,3410,15110518.0,2.194941541052301e-05
2024-02-29,10:04:37,10.653,27.06,24.25,3411,15110518.0,2.19143369599697e-05
2024-02-29,10:04:37,10.6588,27.06,24.25,3411,15110519.0,2.19143369599697e-05
2024-02-29,10:04:37,10.6645,27.06,24.25,3410,15110519.0,2.194941541052301e-05
2024-02-29,10:04:37,10.6703,27.06,24.25,3410,15110519.0,2.194941541052301e-05
2024-02-29,10:04:37,10.6761,27.06,24.25,3411,15110519.0,2.19143369599697e-05
2024-02-29,10:04:37,10.6818,27.06,24.25,3411,15110519.0,2.19143369599697e-05
2024-02-29,10:04:37,10.6876,27.06,24.25,3410,15110519.0,2.194941541052301e-05
2024-02-29,10:04:37,10.6933,27.06,24.25,3410,15110519.0,2.194941541052301e-05
2024-02-29,10:04:38,10.6991,27.06,24.25,3411,15110519.0,2.19143369599697e-05
2024-02-29,10:04:38,10.7049,27.06,24.25,3412,15110519.0,2.187931457002984e-05
2024-02-29,10:04:38,10.7105,27.06,24.25,3412,15110519.0,2.187931457002984e-05
2024-02-29,10:04:38,10.7162,27.06,24.25,3411,15110519.0,2.19143369599697e-05
2024-02-29,10:04:38,10.7221,27.06,24.25,3410,15110519.0,2.194941541052301e-05
2024-02-29,10:04:38,10.7279,27.06,24.25,3411,15110519.0,2.19143369599697e-05
2024-02-29,10:04:38,10.7335,27.06,24.25,3412,15110519.0,2.187931457002984e-05
2024-02-29,10:04:38,10.7393,27.06,24.25,3412,15110519.0,2.187931457002984e-05
2024-02-29,10:04:38,10.745,27.06,24.25,3412,15110517.0,2.187931457002984e-05
2024-02-29,10:04:38,10.7507,27.06,24.25,3412,15110517.0,2.187931457002984e-05
2024-02-29,10:04:38,10.7622,27.06,24.25,3411,15110518.0,2.19143369599697e-05
2024-02-29,10:04:38,10.768,27.06,24.25,3411,15110519.0,2.19143369599697e-05
2024-02-29,10:04:38,10.7737,27.06,24.25,3410,15110519.0,2.194941541052301e-05
2024-02-29,10:04:38,10.7794,27.06,24.25,3410,15110519.0,2.194941541052301e-05
2024-02-29,10:04:38,10.785,27.06,24.25,3411,15110519.0,2.19143369599697e-05
2024-02-29,10:04:38,10.7907,27.06,24.25,3411,15110519.0,2.19143369599697e-05
2024-02-29,10:04:38,10.7965,27.06,24.25,3411,15110519.0,2.19143369599697e-05
2024-02-29,10:04:38,10.8023,27.06,24.25,3412,15110519.0,2.187931457002984e-05
2024-02-29,10:04:38,10.8082,27.06,24.25,3411,15110519.0,2.19143369599697e-05
2024-02-29,10:04:38,10.8139,27.06,24.25,3411,15110519.0,2.19143369599697e-05
2024-02-29,10:04:38,10.8195,27.06,24.25,3412,15110519.0,2.187931457002984e-05
2024-02-29,10:04:38,10.8253,27.06,24.25,3412,15110519.0,2.187931457002984e-05
2024-02-29,10:04:38,10.8311,27.06,24.25,3411,15110519.0,2.19143369599697e-05
2024-02-29,10:04:38,10.8368,27.06,24.25,3410,15110519.0,2.194941541052301e-05
2024-02-29,10:04:38,10.8426,27.06,24.25,3411,15110519.0,2.19143369599697e-05
2024-02-29,10:04:38,10.8483,27.06,24.25,3411,15110519.0,2.19143369599697e-05
2024-02-29,10:04:38,10.8541,27.06,24.25,3410,15110519.0,2.194941541052301e-05
2024-02-29,10:04:38,10.8597,27.06,24.25,3410,15110519.0,2.194941541052301e-05
2024-02-29,10:04:38,10.8655,27.06,24.25,3410,15110519.0,2.194941541052301e-05
2024-02-29,10:04:38,10.8713,27.06,24.25,3410,15110519.0,2.194941541052301e-05
2024-02-29,10:04:38,10.877,27.06,24.25,3410,15110519.0,2.194941541052301e-05
2024-02-29,10:04:38,10.8828,27.06,24.25,3411,15110519.0,2.19143369599697e-05
2024-02-29,10:04:38,10.8942,27.06,24.25,3410,15110519.0,2.194941541052301e-05
2024-02-29,10:04:38,10.8999,27.06,24.25,3411,15110519.0,2.19143369599697e-05
2024-02-29,10:04:38,10.9057,27.06,24.25,3411,15110519.0,2.19143369599697e-05
2024-02-29,10:04:38,10.9114,27.06,24.25,3410,15110519.0,2.194941541052301e-05
2024-02-29,10:04:38,10.9172,27.06,24.25,3411,15110519.0,2.19143369599697e-05
2024-02-29,10:04:38,10.923,27.06,24.25,3412,15110519.0,2.187931457002984e-05
2024-02-29,10:04:38,10.9287,27.06,24.25,3411,15110519.0,2.19143369599697e-05
2024-02-29,10:04:38,10.9345,27.06,24.25,3411,15110519.0,2.19143369599697e-05
2024-02-29,10:04:38,10.9402,27.06,24.25,3412,15110519.0,2.187931457002984e-05
2024-02-29,10:04:38,10.946,27.06,24.25,3411,15110520.0,2.19143369599697e-05
2024-02-29,10:04:38,10.9516,27.06,24.25,3411,15110521.0,2.19143369599697e-05
2024-02-29,10:04:38,10.9574,27.06,24.25,3411,15110519.0,2.19143369599697e-05
2024-02-29,10:04:38,10.9632,27.06,24.25,3411,15110518.0,2.19143369599697e-05
2024-02-29,10:04:38,10.9689,27.06,24.25,3412,15110519.0,2.187931457002984e-05
2024-02-29,10:04:38,10.9747,27.06,24.25,3412,15110519.0,2.187931457002984e-05
2024-02-29,10:04:38,10.9803,27.06,24.25,3412,15110519.0,2.187931457002984e-05
2024-02-29,10:04:38,10.9861,27.06,24.25,3412,15110519.0,2.187931457002984e-05
2024-02-29,10:04:38,10.9918,27.06,24.25,3411,15110519.0,2.19143369599697e-05
2024-02-29,10:04:38,10.9976,27.06,24.25,3410,15110519.0,2.194941541052301e-05
2024-02-29,10:04:38,11.0034,27.06,24.25,3410,15110519.0,2.194941541052301e-05
2024-02-29,10:04:38,11.0091,27.06,24.25,3410,15110519.0,2.194941541052301e-05
2024-02-29,10:04:38,11.0205,27.06,24.25,3411,15110520.0,2.19143369599697e-05
2024-02-29,10:04:38,11.0263,27.06,24.25,3410,15110519.0,2.194941541052301e-05
2024-02-29,10:04:38,11.032,27.06,24.25,3410,15110519.0,2.194941541052301e-05
2024-02-29,10:04:38,11.0378,27.06,24.25,3410,15110519.0,2.194941541052301e-05
2024-02-29,10:04:38,11.0435,27.06,24.25,3410,15110519.0,2.194941541052301e-05
2024-02-29,10:04:38,11.0492,27.06,24.25,3410,15110519.0,2.194941541052301e-05
2024-02-29,10:04:38,11.0549,27.0,24.25,3411,15110519.0,2.19143369599697e-05
2024-02-29,10:04:38,11.0607,27.0,24.25,3411,15110519.0,2.19143369599697e-05
2024-02-29,10:04:38,11.0665,27.0,24.25,3410,15110519.0,2.194941541052301e-05
2024-02-29,10:04:38,11.0722,27.0,24.25,3411,15110519.0,2.19143369599697e-05
2024-02-29,10:04:38,11.0778,27.0,24.25,3412,15110519.0,2.187931457002984e-05
2024-02-29,10:04:38,11.0836,27.0,24.25,3412,15110519.0,2.187931457002984e-05
2024-02-29,10:04:38,11.0895,27.0,24.25,3411,15110519.0,2.19143369599697e-05
2024-02-29,10:04:38,11.0953,27.0,24.25,3411,15110519.0,2.19143369599697e-05
2024-02-29,10:04:38,11.1009,27.0,24.25,3411,15110519.0,2.19143369599697e-05
2024-02-29,10:04:38,11.1065,27.0,24.25,3411,15110519.0,2.19143369599697e-05
2024-02-29,10:04:38,11.1123,27.0,24.25,3411,15110519.0,2.19143369599697e-05
2024-02-29,10:04:38,11.118,27.0,24.25,3411,15110519.0,2.19143369599697e-05
2024-02-29,10:04:38,11.1238,27.0,24.25,3411,15110519.0,2.19143369599697e-05
2024-02-29,10:04:38,11.1296,27.0,24.25,3410,15110519.0,2.194941541052301e-05
2024-02-29,10:04:38,11.1353,27.0,24.25,3411,15110518.0,2.19143369599697e-05
2024-02-29,10:04:38,11.1467,27.0,24.25,3410,15110517.0,2.194941541052301e-05
2024-02-29,10:04:38,11.1525,27.0,24.25,3410,15110516.0,2.194941541052301e-05
2024-02-29,10:04:38,11.1582,27.0,24.25,3410,15110519.0,2.194941541052301e-05
2024-02-29,10:04:38,11.1639,27.0,24.25,3411,15110519.0,2.19143369599697e-05
2024-02-29,10:04:38,11.1696,27.0,24.25,3411,15110519.0,2.19143369599697e-05
2024-02-29,10:04:38,11.1754,27.0,24.25,3410,15110519.0,2.194941541052301e-05
2024-02-29,10:04:38,11.1811,27.0,24.25,3410,15110519.0,2.194941541052301e-05
2024-02-29,10:04:38,11.1869,27.0,24.25,3411,15110519.0,2.19143369599697e-05
2024-02-29,10:04:38,11.1927,27.0,24.25,3411,15110519.0,2.19143369599697e-05
2024-02-29,10:04:38,11.1984,27.0,24.25,3411,15110519.0,2.19143369599697e-05
2024-02-29,10:04:38,11.2042,27.0,24.25,3412,15110519.0,2.187931457002984e-05
2024-02-29,10:04:38,11.2099,27.0,24.25,3412,15110519.0,2.187931457002984e-05
2024-02-29,10:04:38,11.2157,27.0,24.25,3411,15110519.0,2.19143369599697e-05
2024-02-29,10:04:38,11.2215,27.0,24.25,3411,15110519.0,2.19143369599697e-05
2024-02-29,10:04:38,11.2272,27.0,24.25,3412,15110519.0,2.187931457002984e-05
2024-02-29,10:04:38,11.233,27.0,24.25,3412,15110519.0,2.187931457002984e-05
2024-02-29,10:04:38,11.2386,27.0,24.25,3412,15110519.0,2.187931457002984e-05
2024-02-29,10:04:38,11.2442,27.0,24.25,3411,15110519.0,2.19143369599697e-05
2024-02-29,10:04:38,11.25,27.0,24.25,3411,15110519.0,2.19143369599697e-05
2024-02-29,10:04:38,11.2558,27.0,24.25,3411,15110519.0,2.19143369599697e-05
2024-02-29,10:04:38,11.2615,27.0,24.25,3410,15110519.0,2.194941541052301e-05
2024-02-29,10:04:38,11.273,27.0,24.25,3411,15110520.0,2.19143369599697e-05
2024-02-29,10:04:38,11.2788,27.0,24.25,3410,15110519.0,2.194941541052301e-05
2024-02-29,10:04:38,11.2846,27.0,24.25,3410,15110519.0,2.194941541052301e-05
2024-02-29,10:04:38,11.2903,27.0,24.25,3410,15110519.0,2.194941541052301e-05
2024-02-29,10:04:38,11.2961,27.0,24.25,3410,15110519.0,2.194941541052301e-05
2024-02-29,10:04:38,11.3018,27.0,24.25,3410,15110519.0,2.194941541052301e-05
2024-02-29,10:04:38,11.3075,27.0,24.25,3411,15110519.0,2.19143369599697e-05
2024-02-29,10:04:38,11.3131,27.0,24.25,3412,15110519.0,2.187931457002984e-05
2024-02-29,10:04:38,11.3189,27.0,24.25,3412,15110519.0,2.187931457002984e-05
2024-02-29,10:04:38,11.3248,27.0,24.25,3412,15110519.0,2.187931457002984e-05
2024-02-29,10:04:38,11.3305,27.0,24.25,3412,15110519.0,2.187931457002984e-05
2024-02-29,10:04:38,11.3362,27.0,24.25,3412,15110519.0,2.187931457002984e-05
2024-02-29,10:04:38,11.3418,27.0,24.25,3411,15110519.0,2.19143369599697e-05
2024-02-29,10:04:38,11.3475,27.0,24.25,3410,15110522.0,2.194941541052301e-05
2024-02-29,10:04:38,11.3533,27.0,24.25,3410,15110522.0,2.194941541052301e-05
2024-02-29,10:04:38,11.3591,27.0,24.25,3411,15110519.0,2.19143369599697e-05
2024-02-29,10:04:38,11.3648,27.0,24.25,3411,15110519.0,2.19143369599697e-05
2024-02-29,10:04:38,11.3705,27.0,24.25,3411,15110519.0,2.19143369599697e-05
2024-02-29,10:04:38,11.3762,27.0,24.25,3411,15110519.0,2.19143369599697e-05
2024-02-29,10:04:38,11.382,27.0,24.25,3410,15110519.0,2.194941541052301e-05
2024-02-29,10:04:38,11.3877,27.0,24.25,3410,15110518.0,2.194941541052301e-05
2024-02-29,10:04:38,11.3993,27.0,24.25,3411,15110519.0,2.19143369599697e-05
2024-02-29,10:04:38,11.405,27.0,24.25,3411,15110519.0,2.19143369599697e-05
2024-02-29,10:04:38,11.4106,27.0,24.25,3410,15110519.0,2.194941541052301e-05
2024-02-29,10:04:38,11.4164,27.0,24.25,3410,15110519.0,2.194941541052301e-05
2024-02-29,10:04:38,11.4222,27.0,24.25,3410,15110519.0,2.194941541052301e-05
2024-02-29,10:04:38,11.4279,27.0,24.25,3410,15110519.0,2.194941541052301e-05
2024-02-29,10:04:38,11.4337,27.0,24.25,3410,15110519.0,2.194941541052301e-05
2024-02-29,10:04:38,11.4393,27.0,24.25,3410,15110519.0,2.194941541052301e-05
2024-02-29,10:04:38,11.4451,27.0,24.25,3410,15110519.0,2.194941541052301e-05
2024-02-29,10:04:38,11.4508,27.0,24.25,3411,15110519.0,2.19143369599697e-05
2024-02-29,10:04:38,11.4566,27.0,24.25,3412,15110518.0,2.187931457002984e-05
2024-02-29,10:04:38,11.4624,27.0,24.25,3412,15110519.0,2.187931457002984e-05
2024-02-29,10:04:38,11.4681,27.0,24.25,3412,15110518.0,2.187931457002984e-05
2024-02-29,10:04:38,11.4739,27.0,24.25,3412,15110518.0,2.187931457002984e-05
2024-02-29,10:04:38,11.4796,27.0,24.25,3411,15110518.0,2.19143369599697e-05
2024-02-29,10:04:38,11.4854,27.0,24.25,3411,15110519.0,2.19143369599697e-05
2024-02-29,10:04:38,11.491,27.0,24.25,3412,15110518.0,2.187931457002984e-05
2024-02-29,10:04:38,11.4968,27.0,24.25,3412,15110519.0,2.187931457002984e-05
2024-02-29,10:04:38,11.5026,27.0,24.25,3411,15110519.0,2.19143369599697e-05
2024-02-29,10:04:38,11.5083,27.0,24.25,3411,15110519.0,2.19143369599697e-05
2024-02-29,10:04:38,11.5141,27.0,24.25,3412,15110519.0,2.187931457002984e-05
2024-02-29,10:04:38,11.5255,27.0,24.25,3410,15110519.0,2.194941541052301e-05
2024-02-29,10:04:38,11.5312,27.0,24.25,3411,15110518.0,2.19143369599697e-05
2024-02-29,10:04:38,11.5369,27.0,24.25,3411,15110518.0,2.19143369599697e-05
2024-02-29,10:04:38,11.5426,27.0,24.25,3411,15110518.0,2.19143369599697e-05
2024-02-29,10:04:38,11.5485,27.0,24.25,3412,15110515.0,2.187931457002984e-05
2024-02-29,10:04:38,11.5543,27.0,24.25,3411,15110515.0,2.19143369599697e-05
2024-02-29,10:04:38,11.5599,27.12,24.25,3411,15110518.0,2.19143369599697e-05
2024-02-29,10:04:38,11.5657,27.12,24.25,3412,15110518.0,2.187931457002984e-05
2024-02-29,10:04:38,11.5714,27.12,24.25,3412,15110518.0,2.187931457002984e-05
2024-02-29,10:04:38,11.577,27.12,24.25,3412,15110518.0,2.187931457002984e-05
2024-02-29,10:04:38,11.5828,27.12,24.25,3412,15110519.0,2.187931457002984e-05
2024-02-29,10:04:38,11.5886,27.12,24.25,3412,15110519.0,2.187931457002984e-05
2024-02-29,10:04:38,11.5943,27.12,24.25,3412,15110518.0,2.187931457002984e-05
2024-02-29,10:04:38,11.6001,27.12,24.25,3412,15110518.0,2.187931457002984e-05
2024-02-29,10:04:38,11.6058,27.12,24.25,3411,15110518.0,2.19143369599697e-05
2024-02-29,10:04:38,11.6116,27.12,24.25,3410,15110518.0,2.194941541052301e-05
2024-02-29,10:04:38,11.6174,27.12,24.25,3410,15110518.0,2.194941541052301e-05
2024-02-29,10:04:38,11.6231,27.12,24.25,3410,15110518.0,2.194941541052301e-05
2024-02-29,10:04:38,11.6289,27.12,24.25,3410,15110518.0,2.194941541052301e-05
2024-02-29,10:04:38,11.6346,27.12,24.25,3410,15110518.0,2.194941541052301e-05
2024-02-29,10:04:38,11.6404,27.12,24.25,3411,15110518.0,2.19143369599697e-05
2024-02-29,10:04:38,11.6462,27.12,24.25,3411,15110518.0,2.19143369599697e-05
2024-02-29,10:04:38,11.6574,27.12,24.25,3411,15110518.0,2.19143369599697e-05
2024-02-29,10:04:38,11.6632,27.12,24.25,3411,15110519.0,2.19143369599697e-05
2024-02-29,10:04:38,11.669,27.12,24.25,3412,15110519.0,2.187931457002984e-05
2024-02-29,10:04:38,11.6747,27.12,24.25,3411,15110519.0,2.19143369599697e-05
2024-02-29,10:04:38,11.6805,27.12,24.25,3411,15110519.0,2.19143369599697e-05
2024-02-29,10:04:38,11.6862,27.12,24.25,3411,15110519.0,2.19143369599697e-05
2024-02-29,10:04:38,11.692,27.12,24.25,3411,15110519.0,2.19143369599697e-05
2024-02-29,10:04:38,11.6976,27.12,24.25,3412,15110518.0,2.187931457002984e-05
2024-02-29,10:04:39,11.7034,27.12,24.25,3412,15110518.0,2.187931457002984e-05
2024-02-29,10:04:39,11.7091,27.12,24.25,3412,15110519.0,2.187931457002984e-05
2024-02-29,10:04:39,11.7149,27.12,24.25,3412,15110518.0,2.187931457002984e-05
2024-02-29,10:04:39,11.7207,27.12,24.25,3412,15110518.0,2.187931457002984e-05
2024-02-29,10:04:39,11.7264,27.12,24.25,3411,15110518.0,2.19143369599697e-05
2024-02-29,10:04:39,11.7322,27.12,24.25,3411,15110518.0,2.19143369599697e-05
2024-02-29,10:04:39,11.7378,27.12,24.25,3411,15110519.0,2.19143369599697e-05
2024-02-29,10:04:39,11.7436,27.12,24.25,3410,15110519.0,2.194941541052301e-05
2024-02-29,10:04:39,11.7493,27.12,24.25,3410,15110522.0,2.194941541052301e-05
2024-02-29,10:04:39,11.7551,27.12,24.25,3410,15110522.0,2.194941541052301e-05
2024-02-29,10:04:39,11.7609,27.12,24.25,3411,15110519.0,2.19143369599697e-05
2024-02-29,10:04:39,11.7666,27.12,24.25,3411,15110519.0,2.19143369599697e-05
2024-02-29,10:04:39,11.7724,27.12,24.25,3410,15110519.0,2.194941541052301e-05
2024-02-29,10:04:39,11.7836,27.12,24.25,3412,15110518.0,2.187931457002984e-05
2024-02-29,10:04:39,11.7894,27.12,24.25,3411,15110519.0,2.19143369599697e-05
2024-02-29,10:04:39,11.7952,27.12,24.25,3410,15110519.0,2.194941541052301e-05
2024-02-29,10:04:39,11.8009,27.12,24.25,3410,15110519.0,2.194941541052301e-05
2024-02-29,10:04:39,11.8067,27.12,24.25,3410,15110519.0,2.194941541052301e-05
2024-02-29,10:04:39,11.8124,27.12,24.25,3410,15110519.0,2.194941541052301e-05
2024-02-29,10:04:39,11.8182,27.12,24.25,3410,15110519.0,2.194941541052301e-05
2024-02-29,10:04:39,11.824,27.12,24.25,3411,15110519.0,2.19143369599697e-05
2024-02-29,10:04:39,11.8297,27.12,24.25,3412,15110519.0,2.187931457002984e-05
2024-02-29,10:04:39,11.8354,27.12,24.25,3412,15110519.0,2.187931457002984e-05
2024-02-29,10:04:39,11.8411,27.12,24.25,3411,15110519.0,2.19143369599697e-05
2024-02-29,10:04:39,11.8469,27.12,24.25,3410,15110519.0,2.194941541052301e-05
2024-02-29,10:04:39,11.8526,27.12,24.25,3411,15110519.0,2.19143369599697e-05
2024-02-29,10:04:39,11.8584,27.12,24.25,3411,15110519.0,2.19143369599697e-05
2024-02-29,10:04:39,11.864,27.12,24.25,3411,15110519.0,2.19143369599697e-05
2024-02-29,10:04:39,11.8698,27.12,24.25,3412,15110519.0,2.187931457002984e-05
2024-02-29,10:04:39,11.8755,27.12,24.25,3411,15110519.0,2.19143369599697e-05
2024-02-29,10:04:39,11.8813,27.12,24.25,3410,15110519.0,2.194941541052301e-05
2024-02-29,10:04:39,11.8871,27.12,24.25,3410,15110519.0,2.194941541052301e-05
2024-02-29,10:04:39,11.8928,27.12,24.25,3411,15110519.0,2.19143369599697e-05
2024-02-29,10:04:39,11.8986,27.12,24.25,3411,15110519.0,2.19143369599697e-05
2024-02-29,10:04:39,11.9098,27.12,24.25,3410,15110518.0,2.194941541052301e-05
2024-02-29,10:04:39,11.9156,27.12,24.25,3410,15110519.0,2.194941541052301e-05
2024-02-29,10:04:39,11.9214,27.12,24.25,3410,15110519.0,2.194941541052301e-05
2024-02-29,10:04:39,11.9271,27.12,24.25,3411,15110519.0,2.19143369599697e-05
2024-02-29,10:04:39,11.9329,27.12,24.25,3411,15110519.0,2.19143369599697e-05
2024-02-29,10:04:39,11.9386,27.12,24.25,3410,15110519.0,2.194941541052301e-05
2024-02-29,10:04:39,11.9444,27.12,24.25,3411,15110519.0,2.19143369599697e-05
2024-02-29,10:04:39,11.9502,27.12,24.25,3411,15110517.0,2.19143369599697e-05
2024-02-29,10:04:39,11.9559,27.12,24.25,3410,15110516.0,2.194941541052301e-05
2024-02-29,10:04:39,11.9617,27.12,24.25,3411,15110519.0,2.19143369599697e-05
2024-02-29,10:04:39,11.9674,27.12,24.25,3411,15110519.0,2.19143369599697e-05
2024-02-29,10:04:39,11.9731,27.12,24.25,3411,15110519.0,2.19143369599697e-05
2024-02-29,10:04:39,11.9788,27.12,24.25,3412,15110519.0,2.187931457002984e-05
2024-02-29,10:04:39,11.9846,27.12,24.25,3412,15110519.0,2.187931457002984e-05
2024-02-29,10:04:39,11.9904,27.12,24.25,3411,15110519.0,2.19143369599697e-05
2024-02-29,10:04:39,11.9961,27.12,24.25,3410,15110519.0,2.194941541052301e-05
2024-02-29,10:04:39,12.0018,27.12,24.25,3411,15110520.0,2.19143369599697e-05
2024-02-29,10:04:39,12.0075,27.12,24.25,3411,15110519.0,2.19143369599697e-05
2024-02-29,10:04:39,12.0133,27.12,24.25,3410,15110519.0,2.194941541052301e-05
2024-02-29,10:04:39,12.019,27.12,24.25,3410,15110519.0,2.194941541052301e-05
2024-02-29,10:04:39,12.0248,27.12,24.25,3410,15110520.0,2.194941541052301e-05
2024-02-29,10:04:39,12.0304,27.12,24.25,3410,15110519.0,2.194941541052301e-05
2024-02-29,10:04:39,12.0419,27.12,24.25,3411,15110520.0,2.19143369599697e-05
2024-02-29,10:04:39,12.0477,27.12,24.25,3411,15110519.0,2.19143369599697e-05
2024-02-29,10:04:39,12.0535,27.12,24.25,3410,15110519.0,2.194941541052301e-05
2024-02-29,10:04:39,12.0591,27.12,24.25,3410,15110520.0,2.194941541052301e-05
2024-02-29,10:04:39,12.0649,27.06,24.25,3411,15110520.0,2.19143369599697e-05
2024-02-29,10:04:39,12.0706,27.06,24.25,3411,15110520.0,2.19143369599697e-05
2024-02-29,10:04:39,12.0764,27.06,24.25,3410,15110520.0,2.194941541052301e-05
2024-02-29,10:04:39,12.0821,27.06,24.25,3411,15110520.0,2.19143369599697e-05
2024-02-29,10:04:39,12.0879,27.06,24.25,3411,15110520.0,2.19143369599697e-05
2024-02-29,10:04:39,12.0937,27.06,24.25,3411,15110520.0,2.19143369599697e-05
2024-02-29,10:04:39,12.0994,27.06,24.25,3411,15110520.0,2.19143369599697e-05
2024-02-29,10:04:39,12.1052,27.06,24.25,3410,15110520.0,2.194941541052301e-05
2024-02-29,10:04:39,12.1108,27.06,24.25,3410,15110520.0,2.194941541052301e-05
2024-02-29,10:04:39,12.1164,27.06,24.25,3411,15110520.0,2.19143369599697e-05
2024-02-29,10:04:39,12.1222,27.06,24.25,3412,15110519.0,2.187931457002984e-05
2024-02-29,10:04:39,12.128,27.06,24.25,3412,15110519.0,2.187931457002984e-05
2024-02-29,10:04:39,12.1337,27.06,24.25,3412,15110519.0,2.187931457002984e-05
2024-02-29,10:04:39,12.1395,27.06,24.25,3411,15110519.0,2.19143369599697e-05
2024-02-29,10:04:39,12.1452,27.06,24.25,3411,15110519.0,2.19143369599697e-05
2024-02-29,10:04:39,12.151,27.06,24.25,3412,15110519.0,2.187931457002984e-05
2024-02-29,10:04:39,12.1566,27.06,24.25,3411,15110519.0,2.19143369599697e-05
2024-02-29,10:04:39,12.1682,27.06,24.25,3412,15110520.0,2.187931457002984e-05
2024-02-29,10:04:39,12.1739,27.06,24.25,3411,15110520.0,2.19143369599697e-05
2024-02-29,10:04:39,12.1797,27.06,24.25,3410,15110520.0,2.194941541052301e-05
2024-02-29,10:04:39,12.1853,27.06,24.25,3410,15110520.0,2.194941541052301e-05
2024-02-29,10:04:39,12.1911,27.06,24.25,3410,15110520.0,2.194941541052301e-05
2024-02-29,10:04:39,12.1968,27.06,24.25,3410,15110519.0,2.194941541052301e-05
2024-02-29,10:04:39,12.2026,27.06,24.25,3410,15110519.0,2.194941541052301e-05
2024-02-29,10:04:39,12.2083,27.06,24.25,3410,15110519.0,2.194941541052301e-05
2024-02-29,10:04:39,12.2141,27.06,24.25,3411,15110519.0,2.19143369599697e-05
2024-02-29,10:04:39,12.2199,27.06,24.25,3412,15110519.0,2.187931457002984e-05
2024-02-29,10:04:39,12.2255,27.06,24.25,3412,15110519.0,2.187931457002984e-05
2024-02-29,10:04:39,12.2313,27.06,24.25,3411,15110519.0,2.19143369599697e-05
2024-02-29,10:04:39,12.237,27.06,24.25,3411,15110519.0,2.19143369599697e-05
2024-02-29,10:04:39,12.2428,27.06,24.25,3411,15110519.0,2.19143369599697e-05
2024-02-29,10:04:39,12.2485,27.06,24.25,3410,15110519.0,2.194941541052301e-05
2024-02-29,10:04:39,12.2542,27.06,24.25,3410,15110520.0,2.194941541052301e-05
2024-02-29,10:04:39,12.2599,27.06,24.25,3411,15110520.0,2.19143369599697e-05
2024-02-29,10:04:39,12.2657,27.06,24.25,3412,15110520.0,2.187931457002984e-05
2024-02-29,10:04:39,12.2714,27.06,24.25,3411,15110520.0,2.19143369599697e-05
2024-02-29,10:04:39,12.2772,27.06,24.25,3410,15110520.0,2.194941541052301e-05
2024-02-29,10:04:39,12.283,27.06,24.25,3410,15110519.0,2.194941541052301e-05
2024-02-29,10:04:39,12.2944,27.06,24.25,3410,15110520.0,2.194941541052301e-05
2024-02-29,10:04:39,12.3001,27.06,24.25,3411,15110519.0,2.19143369599697e-05
2024-02-29,10:04:39,12.3059,27.06,24.25,3411,15110519.0,2.19143369599697e-05
2024-02-29,10:04:39,12.3115,27.06,24.25,3410,15110519.0,2.194941541052301e-05
2024-02-29,10:04:39,12.3173,27.06,24.25,3411,15110519.0,2.19143369599697e-05
2024-02-29,10:04:39,12.323,27.06,24.25,3412,15110519.0,2.187931457002984e-05
2024-02-29,10:04:39,12.3288,27.06,24.25,3411,15110519.0,2.19143369599697e-05
2024-02-29,10:04:39,12.3346,27.06,24.25,3410,15110519.0,2.194941541052301e-05
2024-02-29,10:04:39,12.3403,27.06,24.25,3411,15110519.0,2.19143369599697e-05
2024-02-29,10:04:39,12.3461,27.06,24.25,3412,15110519.0,2.187931457002984e-05
2024-02-29,10:04:39,12.3517,27.06,24.25,3412,15110519.0,2.187931457002984e-05
2024-02-29,10:04:39,12.3575,27.06,24.25,3412,15110519.0,2.187931457002984e-05
2024-02-29,10:04:39,12.3632,27.06,24.25,3412,15110519.0,2.187931457002984e-05
2024-02-29,10:04:39,12.369,27.06,24.25,3411,15110519.0,2.19143369599697e-05
2024-02-29,10:04:39,12.3747,27.06,24.25,3410,15110519.0,2.194941541052301e-05
2024-02-29,10:04:39,12.3804,27.06,24.25,3410,15110520.0,2.194941541052301e-05
2024-02-29,10:04:39,12.3861,27.06,24.25,3411,15110519.0,2.19143369599697e-05
2024-02-29,10:04:39,12.3919,27.06,24.25,3411,15110519.0,2.19143369599697e-05
2024-02-29,10:04:39,12.3977,27.06,24.25,3411,15110519.0,2.19143369599697e-05
2024-02-29,10:04:39,12.4034,27.06,24.25,3411,15110519.0,2.19143369599697e-05
2024-02-29,10:04:39,12.409,27.06,24.25,3410,15110519.0,2.194941541052301e-05
2024-02-29,10:04:39,12.4206,27.06,24.25,3411,15110520.0,2.19143369599697e-05
2024-02-29,10:04:39,12.4263,27.06,24.25,3411,15110520.0,2.19143369599697e-05
2024-02-29,10:04:39,12.4321,27.06,24.25,3411,15110519.0,2.19143369599697e-05
2024-02-29,10:04:39,12.4378,27.06,24.25,3410,15110519.0,2.194941541052301e-05
2024-02-29,10:04:39,12.4436,27.06,24.25,3410,15110519.0,2.194941541052301e-05
2024-02-29,10:04:39,12.4492,27.06,24.25,3411,15110519.0,2.19143369599697e-05
2024-02-29,10:04:39,12.455,27.06,24.25,3411,15110519.0,2.19143369599697e-05
2024-02-29,10:04:39,12.4608,27.06,24.25,3410,15110519.0,2.194941541052301e-05
2024-02-29,10:04:39,12.4665,27.06,24.25,3411,15110519.0,2.19143369599697e-05
2024-02-29,10:04:39,12.4723,27.06,24.25,3411,15110519.0,2.19143369599697e-05
2024-02-29,10:04:39,12.478,27.06,24.25,3411,15110519.0,2.19143369599697e-05
2024-02-29,10:04:39,12.4838,27.06,24.25,3411,15110519.0,2.19143369599697e-05
2024-02-29,10:04:39,12.4894,27.06,24.25,3411,15110519.0,2.19143369599697e-05
2024-02-29,10:04:39,12.4952,27.06,24.25,3412,15110520.0,2.187931457002984e-05
2024-02-29,10:04:39,12.501,27.06,24.25,3412,15110520.0,2.187931457002984e-05
2024-02-29,10:04:39,12.5066,27.06,24.25,3411,15110519.0,2.19143369599697e-05
2024-02-29,10:04:39,12.5123,27.06,24.25,3410,15110519.0,2.194941541052301e-05
2024-02-29,10:04:39,12.5181,27.06,24.25,3411,15110519.0,2.19143369599697e-05
2024-02-29,10:04:39,12.5239,27.06,24.25,3411,15110519.0,2.19143369599697e-05
2024-02-29,10:04:39,12.5296,27.06,24.25,3411,15110519.0,2.19143369599697e-05
2024-02-29,10:04:39,12.5354,27.06,24.25,3411,15110519.0,2.19143369599697e-05
2024-02-29,10:04:39,12.5469,27.06,24.25,3412,15110519.0,2.187931457002984e-05
2024-02-29,10:04:39,12.5527,27.06,24.25,3411,15110519.0,2.19143369599697e-05
2024-02-29,10:04:39,12.5583,27.06,24.25,3410,15110519.0,2.194941541052301e-05
2024-02-29,10:04:39,12.5641,27.06,24.25,3410,15110519.0,2.194941541052301e-05
2024-02-29,10:04:39,12.5698,27.12,24.25,3411,15110519.0,2.19143369599697e-05
2024-02-29,10:04:39,12.5754,27.12,24.25,3411,15110519.0,2.19143369599697e-05
2024-02-29,10:04:39,12.5812,27.12,24.25,3410,15110519.0,2.194941541052301e-05
2024-02-29,10:04:39,12.587,27.12,24.25,3411,15110520.0,2.19143369599697e-05
2024-02-29,10:04:39,12.5927,27.12,24.25,3411,15110519.0,2.19143369599697e-05
2024-02-29,10:04:39,12.5985,27.12,24.25,3410,15110519.0,2.194941541052301e-05
2024-02-29,10:04:39,12.6042,27.12,24.25,3411,15110519.0,2.19143369599697e-05
2024-02-29,10:04:39,12.61,27.12,24.25,3412,15110519.0,2.187931457002984e-05
2024-02-29,10:04:39,12.6158,27.12,24.25,3411,15110519.0,2.19143369599697e-05
2024-02-29,10:04:39,12.6215,27.12,24.25,3410,15110519.0,2.194941541052301e-05
2024-02-29,10:04:39,12.6273,27.12,24.25,3410,15110519.0,2.194941541052301e-05
2024-02-29,10:04:39,12.633,27.12,24.25,3410,15110519.0,2.194941541052301e-05
2024-02-29,10:04:39,12.6388,27.12,24.25,3410,15110519.0,2.194941541052301e-05
2024-02-29,10:04:39,12.6446,27.12,24.25,3410,15110519.0,2.194941541052301e-05
2024-02-29,10:04:39,12.6502,27.12,24.25,3410,15110519.0,2.194941541052301e-05
2024-02-29,10:04:39,12.656,27.12,24.25,3411,15110519.0,2.19143369599697e-05
2024-02-29,10:04:39,12.6617,27.12,24.25,3411,15110519.0,2.19143369599697e-05
2024-02-29,10:04:39,12.6731,27.12,24.25,3412,15110520.0,2.187931457002984e-05
2024-02-29,10:04:39,12.6789,27.12,24.25,3412,15110519.0,2.187931457002984e-05
2024-02-29,10:04:39,12.6846,27.12,24.25,3411,15110519.0,2.19143369599697e-05
2024-02-29,10:04:39,12.6904,27.12,24.25,3411,15110519.0,2.19143369599697e-05
2024-02-29,10:04:39,12.6962,27.12,24.25,3411,15110519.0,2.19143369599697e-05
2024-02-29,10:04:40,12.7019,27.12,24.25,3410,15110519.0,2.194941541052301e-05
2024-02-29,10:04:40,12.7077,27.12,24.25,3411,15110519.0,2.19143369599697e-05
2024-02-29,10:04:40,12.7134,27.12,24.25,3412,15110519.0,2.187931457002984e-05
2024-02-29,10:04:40,12.7191,27.12,24.25,3412,15110519.0,2.187931457002984e-05
2024-02-29,10:04:40,12.7248,27.12,24.25,3412,15110519.0,2.187931457002984e-05
2024-02-29,10:04:40,12.7306,27.12,24.25,3412,15110519.0,2.187931457002984e-05
2024-02-29,10:04:40,12.7362,27.12,24.25,3412,15110519.0,2.187931457002984e-05
2024-02-29,10:04:40,12.742,27.12,24.25,3411,15110519.0,2.19143369599697e-05
2024-02-29,10:04:40,12.7477,27.12,24.25,3410,15110519.0,2.194941541052301e-05
2024-02-29,10:04:40,12.7535,27.12,24.25,3410,15110519.0,2.194941541052301e-05
2024-02-29,10:04:40,12.7593,27.12,24.25,3411,15110520.0,2.19143369599697e-05
2024-02-29,10:04:40,12.765,27.12,24.25,3411,15110519.0,2.19143369599697e-05
2024-02-29,10:04:40,12.7708,27.12,24.25,3410,15110519.0,2.194941541052301e-05
2024-02-29,10:04:40,12.7765,27.12,24.25,3410,15110519.0,2.194941541052301e-05
2024-02-29,10:04:40,12.7823,27.12,24.25,3411,15110519.0,2.19143369599697e-05
2024-02-29,10:04:40,12.7879,27.12,24.25,3411,15110519.0,2.19143369599697e-05
2024-02-29,10:04:40,12.7937,27.12,24.25,3411,15110519.0,2.19143369599697e-05
2024-02-29,10:04:40,12.8052,27.12,24.25,3410,15110519.0,2.194941541052301e-05
2024-02-29,10:04:40,12.811,27.12,24.25,3411,15110519.0,2.19143369599697e-05
2024-02-29,10:04:40,12.8166,27.12,24.25,3411,15110519.0,2.19143369599697e-05
2024-02-29,10:04:40,12.8224,27.12,24.25,3410,15110519.0,2.194941541052301e-05
2024-02-29,10:04:40,12.8281,27.12,24.25,3410,15110519.0,2.194941541052301e-05
2024-02-29,10:04:40,12.8339,27.12,24.25,3411,15110519.0,2.19143369599697e-05
2024-02-29,10:04:40,12.8396,27.12,24.25,3411,15110519.0,2.19143369599697e-05
2024-02-29,10:04:40,12.8454,27.12,24.25,3411,15110519.0,2.19143369599697e-05
2024-02-29,10:04:40,12.8512,27.12,24.25,3411,15110519.0,2.19143369599697e-05
2024-02-29,10:04:40,12.8569,27.12,24.25,3411,15110519.0,2.19143369599697e-05
2024-02-29,10:04:40,12.8627,27.12,24.25,3412,15110519.0,2.187931457002984e-05
2024-02-29,10:04:40,12.8683,27.12,24.25,3412,15110519.0,2.187931457002984e-05
2024-02-29,10:04:40,12.8741,27.12,24.25,3412,15110519.0,2.187931457002984e-05
2024-02-29,10:04:40,12.8798,27.12,24.25,3411,15110519.0,2.19143369599697e-05
2024-02-29,10:04:40,12.8856,27.12,24.25,3410,15110519.0,2.194941541052301e-05
2024-02-29,10:04:40,12.8914,27.12,24.25,3410,15110519.0,2.194941541052301e-05
2024-02-29,10:04:40,12.897,27.12,24.25,3410,15110519.0,2.194941541052301e-05
2024-02-29,10:04:40,12.9027,27.12,24.25,3410,15110519.0,2.194941541052301e-05
2024-02-29,10:04:40,12.9085,27.12,24.25,3411,15110520.0,2.19143369599697e-05
2024-02-29,10:04:40,12.9143,27.12,24.25,3411,15110519.0,2.19143369599697e-05
2024-02-29,10:04:40,12.92,27.12,24.25,3410,15110519.0,2.194941541052301e-05
2024-02-29,10:04:40,12.9314,27.12,24.25,3410,15110519.0,2.194941541052301e-05
2024-02-29,10:04:40,12.9373,27.12,24.25,3410,15110519.0,2.194941541052301e-05
2024-02-29,10:04:40,12.9431,27.12,24.25,3410,15110519.0,2.194941541052301e-05
2024-02-29,10:04:40,12.9487,27.12,24.25,3411,15110519.0,2.19143369599697e-05
2024-02-29,10:04:40,12.9545,27.12,24.25,3412,15110519.0,2.187931457002984e-05
2024-02-29,10:04:40,12.9602,27.12,24.25,3411,15110519.0,2.19143369599697e-05
2024-02-29,10:04:40,12.9658,27.12,24.25,3411,15110519.0,2.19143369599697e-05
2024-02-29,10:04:40,12.9716,27.12,24.25,3411,15110520.0,2.19143369599697e-05
2024-02-29,10:04:40,12.9774,27.12,24.25,3411,15110520.0,2.19143369599697e-05
2024-02-29,10:04:40,12.9831,27.12,24.25,3412,15110519.0,2.187931457002984e-05
2024-02-29,10:04:40,12.9889,27.12,24.25,3411,15110519.0,2.19143369599697e-05
2024-02-29,10:04:40,12.9945,27.12,24.25,3411,15110520.0,2.19143369599697e-05
2024-02-29,10:04:40,13.0003,27.12,24.25,3412,15110520.0,2.187931457002984e-05
2024-02-29,10:04:40,13.006,27.12,24.25,3411,15110520.0,2.19143369599697e-05
2024-02-29,10:04:40,13.0117,27.12,24.25,3410,15110520.0,2.194941541052301e-05
2024-02-29,10:04:40,13.0174,27.12,24.25,3410,15110519.0,2.194941541052301e-05
2024-02-29,10:04:40,13.0232,27.12,24.25,3410,15110520.0,2.194941541052301e-05
2024-02-29,10:04:40,13.029,27.12,24.25,3410,15110519.0,2.194941541052301e-05
2024-02-29,10:04:40,13.0347,27.12,24.25,3411,15110520.0,2.19143369599697e-05
2024-02-29,10:04:40,13.0403,27.12,24.25,3411,15110519.0,2.19143369599697e-05
2024-02-29,10:04:40,13.0461,27.12,24.25,3410,15110520.0,2.194941541052301e-05
2024-02-29,10:04:40,13.0578,27.12,24.25,3410,15110519.0,2.194941541052301e-05
2024-02-29,10:04:40,13.0634,27.12,24.25,3411,15110519.0,2.19143369599697e-05
2024-02-29,10:04:40,13.0691,27.12,24.25,3411,15110520.0,2.19143369599697e-05
2024-02-29,10:04:40,13.0749,27.12,24.25,3410,15110520.0,2.194941541052301e-05
2024-02-29,10:04:40,13.0805,27.12,24.25,3411,15110520.0,2.19143369599697e-05
2024-02-29,10:04:40,13.0863,27.12,24.25,3411,15110520.0,2.19143369599697e-05
2024-02-29,10:04:40,13.0921,27.12,24.25,3411,15110520.0,2.19143369599697e-05
2024-02-29,10:04:40,13.0978,27.12,24.25,3411,15110520.0,2.19143369599697e-05
2024-02-29,10:04:40,13.1036,27.12,24.25,3411,15110520.0,2.19143369599697e-05
2024-02-29,10:04:40,13.1092,27.12,24.25,3412,15110519.0,2.187931457002984e-05
2024-02-29,10:04:40,13.115,27.12,24.25,3411,15110519.0,2.19143369599697e-05
2024-02-29,10:04:40,13.1207,27.12,24.25,3411,15110519.0,2.19143369599697e-05
2024-02-29,10:04:40,13.1265,27.12,24.25,3412,15110520.0,2.187931457002984e-05
2024-02-29,10:04:40,13.1322,27.12,24.25,3411,15110520.0,2.19143369599697e-05
2024-02-29,10:04:40,13.1379,27.12,24.25,3410,15110520.0,2.194941541052301e-05
2024-02-29,10:04:40,13.1436,27.12,24.25,3410,15110520.0,2.194941541052301e-05
2024-02-29,10:04:40,13.1494,27.12,24.25,3411,15110520.0,2.19143369599697e-05
2024-02-29,10:04:40,13.1552,27.12,24.25,3411,15110520.0,2.19143369599697e-05
2024-02-29,10:04:40,13.1609,27.12,24.25,3411,15110520.0,2.19143369599697e-05
2024-02-29,10:04:40,13.1667,27.12,24.25,3411,15110520.0,2.19143369599697e-05
2024-02-29,10:04:40,13.1724,27.12,24.25,3410,15110520.0,2.194941541052301e-05
2024-02-29,10:04:40,13.1838,27.12,24.25,3411,15110519.0,2.19143369599697e-05
2024-02-29,10:04:40,13.1896,27.12,24.25,3411,15110520.0,2.19143369599697e-05
2024-02-29,10:04:40,13.1952,27.12,24.25,3410,15110520.0,2.194941541052301e-05
2024-02-29,10:04:40,13.201,27.12,24.25,3410,15110520.0,2.194941541052301e-05
2024-02-29,10:04:40,13.2067,27.12,24.25,3411,15110520.0,2.19143369599697e-05
2024-02-29,10:04:40,13.2125,27.12,24.25,3412,15110519.0,2.187931457002984e-05
2024-02-29,10:04:40,13.2183,27.12,24.25,3411,15110519.0,2.19143369599697e-05
2024-02-29,10:04:40,13.224,27.12,24.25,3410,15110520.0,2.194941541052301e-05
2024-02-29,10:04:40,13.2298,27.12,24.25,3410,15110520.0,2.194941541052301e-05
2024-02-29,10:04:40,13.2355,27.12,24.25,3411,15110519.0,2.19143369599697e-05
2024-02-29,10:04:40,13.2413,27.12,24.25,3412,15110520.0,2.187931457002984e-05
2024-02-29,10:04:40,13.2471,27.12,24.25,3411,15110520.0,2.19143369599697e-05
2024-02-29,10:04:40,13.2528,27.12,24.25,3411,15110520.0,2.19143369599697e-05
2024-02-29,10:04:40,13.2585,27.12,24.25,3412,15110520.0,2.187931457002984e-05
2024-02-29,10:04:40,13.2641,27.12,24.25,3412,15110520.0,2.187931457002984e-05
2024-02-29,10:04:40,13.2698,27.12,24.25,3411,15110520.0,2.19143369599697e-05
2024-02-29,10:04:40,13.2756,27.12,24.25,3410,15110520.0,2.194941541052301e-05
2024-02-29,10:04:40,13.2814,27.12,24.25,3411,15110519.0,2.19143369599697e-05
2024-02-29,10:04:40,13.2871,27.12,24.25,3411,15110519.0,2.19143369599697e-05
2024-02-29,10:04:40,13.2928,27.12,24.25,3410,15110519.0,2.194941541052301e-05
2024-02-29,10:04:40,13.2985,27.12,24.25,3410,15110520.0,2.194941541052301e-05
2024-02-29,10:04:40,13.31,27.12,24.25,3411,15110519.0,2.19143369599697e-05
2024-02-29,10:04:40,13.3158,27.12,24.25,3410,15110520.0,2.194941541052301e-05
2024-02-29,10:04:40,13.3216,27.12,24.25,3410,15110520.0,2.194941541052301e-05
2024-02-29,10:04:40,13.3273,27.12,24.25,3410,15110520.0,2.194941541052301e-05
2024-02-29,10:04:40,13.3331,27.12,24.25,3410,15110520.0,2.194941541052301e-05
2024-02-29,10:04:40,13.3388,27.12,24.25,3411,15110519.0,2.19143369599697e-05
2024-02-29,10:04:40,13.3445,27.12,24.25,3411,15110519.0,2.19143369599697e-05
2024-02-29,10:04:40,13.3502,27.12,24.25,3411,15110519.0,2.19143369599697e-05
2024-02-29,10:04:40,13.356,27.12,24.25,3411,15110519.0,2.19143369599697e-05
2024-02-29,10:04:40,13.3618,27.12,24.25,3410,15110519.0,2.194941541052301e-05
2024-02-29,10:04:40,13.3675,27.12,24.25,3410,15110519.0,2.194941541052301e-05
2024-02-29,10:04:40,13.3733,27.12,24.25,3411,15110519.0,2.19143369599697e-05
2024-02-29,10:04:40,13.379,27.12,24.25,3411,15110519.0,2.19143369599697e-05
2024-02-29,10:04:40,13.3847,27.12,24.25,3410,15110519.0,2.194941541052301e-05
2024-02-29,10:04:40,13.3904,27.12,24.25,3411,15110520.0,2.19143369599697e-05
2024-02-29,10:04:40,13.3962,27.12,24.25,3412,15110520.0,2.187931457002984e-05
2024-02-29,10:04:40,13.4018,27.12,24.25,3411,15110520.0,2.19143369599697e-05
2024-02-29,10:04:40,13.4076,27.12,24.25,3410,15110519.0,2.194941541052301e-05
2024-02-29,10:04:40,13.4133,27.12,24.25,3410,15110520.0,2.194941541052301e-05
2024-02-29,10:04:40,13.4191,27.12,24.25,3410,15110519.0,2.194941541052301e-05
2024-02-29,10:04:40,13.4249,27.12,24.25,3411,15110520.0,2.19143369599697e-05
2024-02-29,10:04:40,13.4362,27.12,24.25,3410,15110519.0,2.194941541052301e-05
2024-02-29,10:04:40,13.442,27.12,24.25,3411,15110519.0,2.19143369599697e-05
2024-02-29,10:04:40,13.4476,27.12,24.25,3411,15110519.0,2.19143369599697e-05
2024-02-29,10:04:40,13.4534,27.12,24.25,3411,15110519.0,2.19143369599697e-05
2024-02-29,10:04:40,13.4592,27.12,24.25,3411,15110519.0,2.19143369599697e-05
2024-02-29,10:04:40,13.4649,27.12,24.25,3410,15110520.0,2.194941541052301e-05
2024-02-29,10:04:40,13.4708,27.12,24.25,3411,15110520.0,2.19143369599697e-05
2024-02-29,10:04:40,13.4766,27.12,24.25,3411,15110520.0,2.19143369599697e-05
2024-02-29,10:04:40,13.4822,27.12,24.25,3410,15110520.0,2.194941541052301e-05
2024-02-29,10:04:40,13.488,27.12,24.25,3411,15110519.0,2.19143369599697e-05
2024-02-29,10:04:40,13.4937,27.12,24.25,3412,15110520.0,2.187931457002984e-05
2024-02-29,10:04:40,13.4995,27.12,24.25,3412,15110520.0,2.187931457002984e-05
2024-02-29,10:04:40,13.5052,27.12,24.25,3412,15110519.0,2.187931457002984e-05
2024-02-29,10:04:40,13.5109,27.12,24.25,3412,15110520.0,2.187931457002984e-05
2024-02-29,10:04:40,13.5165,27.12,24.25,3412,15110519.0,2.187931457002984e-05
2024-02-29,10:04:40,13.5223,27.12,24.25,3411,15110519.0,2.19143369599697e-05
2024-02-29,10:04:40,13.528,27.12,24.25,3410,15110519.0,2.194941541052301e-05
2024-02-29,10:04:40,13.5338,27.12,24.25,3410,15110519.0,2.194941541052301e-05
2024-02-29,10:04:40,13.5395,27.12,24.25,3411,15110520.0,2.19143369599697e-05
2024-02-29,10:04:40,13.5453,27.12,24.25,3411,15110520.0,2.19143369599697e-05
2024-02-29,10:04:40,13.5511,27.12,24.25,3411,15110520.0,2.19143369599697e-05
2024-02-29,10:04:40,13.5626,27.12,24.25,3410,15110519.0,2.194941541052301e-05
2024-02-29,10:04:40,13.5682,27.12,24.25,3410,15110520.0,2.194941541052301e-05
2024-02-29,10:04:40,13.574,27.12,24.25,3411,15110520.0,2.19143369599697e-05
2024-02-29,10:04:40,13.5797,27.12,24.25,3411,15110520.0,2.19143369599697e-05
2024-02-29,10:04:40,13.5855,27.12,24.25,3410,15110520.0,2.194941541052301e-05
2024-02-29,10:04:40,13.5913,27.12,24.25,3410,15110520.0,2.194941541052301e-05
2024-02-29,10:04:40,13.597,27.12,24.25,3410,15110520.0,2.194941541052301e-05
2024-02-29,10:04:40,13.6028,27.12,24.25,3411,15110520.0,2.19143369599697e-05
2024-02-29,10:04:40,13.6085,27.12,24.25,3411,15110520.0,2.19143369599697e-05
2024-02-29,10:04:40,13.6143,27.12,24.25,3411,15110519.0,2.19143369599697e-05
2024-02-29,10:04:40,13.6201,27.12,24.25,3411,15110520.0,2.19143369599697e-05
2024-02-29,10:04:40,13.6258,27.12,24.25,3411,15110520.0,2.19143369599697e-05
2024-02-29,10:04:40,13.6316,27.12,24.25,3411,15110520.0,2.19143369599697e-05
2024-02-29,10:04:40,13.6373,27.12,24.25,3411,15110520.0,2.19143369599697e-05
2024-02-29,10:04:40,13.643,27.12,24.25,3411,15110520.0,2.19143369599697e-05
2024-02-29,10:04:40,13.6487,27.12,24.25,3410,15110520.0,2.194941541052301e-05
2024-02-29,10:04:40,13.6545,27.12,24.25,3410,15110520.0,2.194941541052301e-05
2024-02-29,10:04:40,13.6601,27.12,24.25,3410,15110520.0,2.194941541052301e-05
2024-02-29,10:04:40,13.6659,27.12,24.25,3411,15110520.0,2.19143369599697e-05
2024-02-29,10:04:40,13.6716,27.12,24.25,3411,15110520.0,2.19143369599697e-05
2024-02-29,10:04:40,13.6773,27.12,24.25,3411,15110520.0,2.19143369599697e-05
2024-02-29,10:04:40,13.683,27.12,24.25,3411,15110520.0,2.19143369599697e-05
2024-02-29,10:04:40,13.6946,27.12,24.25,3410,15110520.0,2.194941541052301e-05
2024-02-29,10:04:41,13.7003,27.12,24.25,3411,15110520.0,2.19143369599697e-05
2024-02-29,10:04:41,13.7061,27.12,24.25,3411,15110520.0,2.19143369599697e-05
2024-02-29,10:04:41,13.7118,27.12,24.25,3410,15110520.0,2.194941541052301e-05
2024-02-29,10:04:41,13.7175,27.12,24.25,3410,15110520.0,2.194941541052301e-05
2024-02-29,10:04:41,13.7232,27.12,24.25,3410,15110520.0,2.194941541052301e-05
2024-02-29,10:04:41,13.729,27.12,24.25,3411,15110520.0,2.19143369599697e-05
2024-02-29,10:04:41,13.7347,27.12,24.25,3412,15110520.0,2.187931457002984e-05
2024-02-29,10:04:41,13.7405,27.12,24.25,3411,15110520.0,2.19143369599697e-05
2024-02-29,10:04:41,13.7463,27.12,24.25,3410,15110520.0,2.194941541052301e-05
2024-02-29,10:04:41,13.752,27.12,24.25,3411,15110520.0,2.19143369599697e-05
2024-02-29,10:04:41,13.7578,27.12,24.25,3411,15110520.0,2.19143369599697e-05
2024-02-29,10:04:41,13.7635,27.12,24.25,3411,15110520.0,2.19143369599697e-05
2024-02-29,10:04:41,13.7693,27.12,24.25,3411,15110520.0,2.19143369599697e-05
2024-02-29,10:04:41,13.7751,27.12,24.25,3410,15110520.0,2.194941541052301e-05
2024-02-29,10:04:41,13.7807,27.12,24.25,3410,15110521.0,2.194941541052301e-05
2024-02-29,10:04:41,13.7865,27.12,24.25,3410,15110520.0,2.194941541052301e-05
2024-02-29,10:04:41,13.7922,27.12,24.25,3411,15110521.0,2.19143369599697e-05
2024-02-29,10:04:41,13.798,27.12,24.25,3412,15110520.0,2.187931457002984e-05
2024-02-29,10:04:41,13.8037,27.12,24.25,3411,15110520.0,2.19143369599697e-05
2024-02-29,10:04:41,13.8095,27.12,24.25,3410,15110520.0,2.194941541052301e-05
2024-02-29,10:04:41,13.8153,27.12,24.25,3411,15110521.0,2.19143369599697e-05
2024-02-29,10:04:41,13.8268,27.12,24.25,3410,15110520.0,2.194941541052301e-05
2024-02-29,10:04:41,13.8324,27.12,24.25,3410,15110520.0,2.194941541052301e-05
2024-02-29,10:04:41,13.8382,27.12,24.25,3411,15110521.0,2.19143369599697e-05
2024-02-29,10:04:41,13.8439,27.12,24.25,3411,15110521.0,2.19143369599697e-05
2024-02-29,10:04:41,13.8497,27.12,24.25,3410,15110520.0,2.194941541052301e-05
2024-02-29,10:04:41,13.8554,27.12,24.25,3411,15110520.0,2.19143369599697e-05
2024-02-29,10:04:41,13.8611,27.12,24.25,3411,15110520.0,2.19143369599697e-05
2024-02-29,10:04:41,13.8668,27.12,24.25,3411,15110520.0,2.19143369599697e-05
2024-02-29,10:04:41,13.8727,27.12,24.25,3411,15110520.0,2.19143369599697e-05
2024-02-29,10:04:41,13.8785,27.12,24.25,3410,15110520.0,2.194941541052301e-05
2024-02-29,10:04:41,13.8841,27.12,24.25,3411,15110521.0,2.19143369599697e-05
2024-02-29,10:04:41,13.8899,27.12,24.25,3412,15110521.0,2.187931457002984e-05
2024-02-29,10:04:41,13.8956,27.12,24.25,3412,15110521.0,2.187931457002984e-05
2024-02-29,10:04:41,13.9014,27.12,24.25,3411,15110520.0,2.19143369599697e-05
2024-02-29,10:04:41,13.9072,27.12,24.25,3411,15110521.0,2.19143369599697e-05
2024-02-29,10:04:41,13.9129,27.12,24.25,3411,15110521.0,2.19143369599697e-05
2024-02-29,10:04:41,13.9187,27.12,24.25,3410,15110521.0,2.194941541052301e-05
2024-02-29,10:04:41,13.9243,27.12,24.25,3411,15110520.0,2.19143369599697e-05
2024-02-29,10:04:41,13.9301,27.12,24.25,3412,15110521.0,2.187931457002984e-05
2024-02-29,10:04:41,13.9358,27.12,24.25,3412,15110520.0,2.187931457002984e-05
2024-02-29,10:04:41,13.9415,27.12,24.25,3412,15110521.0,2.187931457002984e-05
2024-02-29,10:04:41,13.953,27.12,24.25,3412,15110520.0,2.187931457002984e-05
2024-02-29,10:04:41,13.9587,27.12,24.25,3411,15110521.0,2.19143369599697e-05
2024-02-29,10:04:41,13.9645,27.12,24.25,3411,15110521.0,2.19143369599697e-05
2024-02-29,10:04:41,13.9703,27.12,24.25,3411,15110521.0,2.19143369599697e-05
2024-02-29,10:04:41,13.976,27.12,24.25,3410,15110521.0,2.194941541052301e-05
2024-02-29,10:04:41,13.9818,27.12,24.25,3410,15110521.0,2.194941541052301e-05
2024-02-29,10:04:41,13.9875,27.12,24.25,3410,15110521.0,2.194941541052301e-05
2024-02-29,10:04:41,13.9932,27.12,24.25,3410,15110521.0,2.194941541052301e-05
2024-02-29,10:04:41,13.9989,27.12,24.25,3410,15110521.0,2.194941541052301e-05
2024-02-29,10:04:41,14.0047,27.12,24.25,3410,15110521.0,2.194941541052301e-05
2024-02-29,10:04:41,14.0105,27.12,24.25,3410,15110521.0,2.194941541052301e-05
2024-02-29,10:04:41,14.0162,27.12,24.25,3411,15110520.0,2.19143369599697e-05
2024-02-29,10:04:41,14.0218,27.12,24.25,3411,15110520.0,2.19143369599697e-05
2024-02-29,10:04:41,14.0276,27.12,24.25,3410,15110520.0,2.194941541052301e-05
2024-02-29,10:04:41,14.0334,27.12,24.25,3411,15110521.0,2.19143369599697e-05
2024-02-29,10:04:41,14.0391,27.12,24.25,3412,15110521.0,2.187931457002984e-05
2024-02-29,10:04:41,14.0449,27.12,24.25,3411,15110520.0,2.19143369599697e-05
2024-02-29,10:04:41,14.0506,27.12,24.25,3410,15110521.0,2.194941541052301e-05
2024-02-29,10:04:41,14.0564,27.12,24.25,3410,15110521.0,2.194941541052301e-05
2024-02-29,10:04:41,14.0622,27.12,24.25,3410,15110521.0,2.194941541052301e-05
2024-02-29,10:04:41,14.0679,27.12,24.25,3410,15110521.0,2.194941541052301e-05
2024-02-29,10:04:41,14.0793,27.12,24.25,3411,15110520.0,2.19143369599697e-05
2024-02-29,10:04:41,14.0851,27.12,24.25,3411,15110521.0,2.19143369599697e-05
2024-02-29,10:04:41,14.0908,27.12,24.25,3410,15110520.0,2.194941541052301e-05
2024-02-29,10:04:41,14.0966,27.12,24.25,3410,15110520.0,2.194941541052301e-05
2024-02-29,10:04:41,14.1022,27.12,24.25,3410,15110521.0,2.194941541052301e-05
2024-02-29,10:04:41,14.108,27.12,24.25,3410,15110520.0,2.194941541052301e-05
2024-02-29,10:04:41,14.1139,27.12,24.25,3410,15110521.0,2.194941541052301e-05
2024-02-29,10:04:41,14.1196,27.12,24.25,3410,15110521.0,2.194941541052301e-05
2024-02-29,10:04:41,14.1253,27.12,24.25,3411,15110521.0,2.19143369599697e-05
2024-02-29,10:04:41,14.131,27.12,24.25,3412,15110520.0,2.187931457002984e-05
2024-02-29,10:04:41,14.1368,27.12,24.25,3411,15110520.0,2.19143369599697e-05
2024-02-29,10:04:41,14.1426,27.12,24.25,3411,15110520.0,2.19143369599697e-05
2024-02-29,10:04:41,14.1483,27.12,24.25,3412,15110521.0,2.187931457002984e-05
2024-02-29,10:04:41,14.1541,27.12,24.25,3411,15110521.0,2.19143369599697e-05
2024-02-29,10:04:41,14.1598,27.12,24.25,3411,15110521.0,2.19143369599697e-05
2024-02-29,10:04:41,14.1656,27.12,24.25,3411,15110520.0,2.19143369599697e-05
2024-02-29,10:04:41,14.1714,27.12,24.25,3410,15110521.0,2.194941541052301e-05
2024-02-29,10:04:41,14.1771,27.12,24.25,3410,15110520.0,2.194941541052301e-05
2024-02-29,10:04:41,14.1829,27.12,24.25,3410,15110520.0,2.194941541052301e-05
2024-02-29,10:04:41,14.1886,27.12,24.25,3410,15110520.0,2.194941541052301e-05
2024-02-29,10:04:41,14.1944,27.12,24.25,3410,15110521.0,2.194941541052301e-05
2024-02-29,10:04:41,14.2,27.12,24.25,3411,15110520.0,2.19143369599697e-05
2024-02-29,10:04:41,14.2114,27.12,24.25,3410,15110521.0,2.194941541052301e-05
2024-02-29,10:04:41,14.2172,27.12,24.25,3411,15110520.0,2.19143369599697e-05
2024-02-29,10:04:41,14.2229,27.12,24.25,3412,15110520.0,2.187931457002984e-05
2024-02-29,10:04:41,14.2287,27.12,24.25,3412,15110520.0,2.187931457002984e-05
2024-02-29,10:04:41,14.2345,27.12,24.25,3411,15110520.0,2.19143369599697e-05
2024-02-29,10:04:41,14.2402,27.12,24.25,3410,15110520.0,2.194941541052301e-05
2024-02-29,10:04:41,14.246,27.12,24.25,3410,15110520.0,2.194941541052301e-05
2024-02-29,10:04:41,14.2517,27.12,24.25,3411,15110520.0,2.19143369599697e-05
2024-02-29,10:04:41,14.2575,27.12,24.25,3412,15110520.0,2.187931457002984e-05
2024-02-29,10:04:41,14.2633,27.12,24.25,3412,15110520.0,2.187931457002984e-05
2024-02-29,10:04:41,14.2689,27.12,24.25,3412,15110520.0,2.187931457002984e-05
2024-02-29,10:04:41,14.2745,27.12,24.25,3411,15110520.0,2.19143369599697e-05
2024-02-29,10:04:41,14.2803,27.12,24.25,3410,15110520.0,2.194941541052301e-05
2024-02-29,10:04:41,14.286,27.12,24.25,3410,15110520.0,2.194941541052301e-05
2024-02-29,10:04:41,14.2918,27.12,24.25,3410,15110520.0,2.194941541052301e-05
2024-02-29,10:04:41,14.2976,27.12,24.25,3410,15110520.0,2.194941541052301e-05
2024-02-29,10:04:41,14.3033,27.12,24.25,3410,15110520.0,2.194941541052301e-05
2024-02-29,10:04:41,14.3091,27.12,24.25,3410,15110520.0,2.194941541052301e-05
2024-02-29,10:04:41,14.3148,27.12,24.25,3410,15110520.0,2.194941541052301e-05
2024-02-29,10:04:41,14.3206,27.12,24.25,3411,15110520.0,2.19143369599697e-05
2024-02-29,10:04:41,14.3262,27.12,24.25,3412,15110520.0,2.187931457002984e-05
2024-02-29,10:04:41,14.332,27.12,24.25,3411,15110520.0,2.19143369599697e-05
2024-02-29,10:04:41,14.3434,27.12,24.25,3410,15110520.0,2.194941541052301e-05
2024-02-29,10:04:41,14.3491,27.12,24.25,3410,15110520.0,2.194941541052301e-05
2024-02-29,10:04:41,14.355,27.12,24.25,3410,15110520.0,2.194941541052301e-05
2024-02-29,10:04:41,14.3608,27.12,24.25,3410,15110520.0,2.194941541052301e-05
2024-02-29,10:04:41,14.3666,27.12,24.25,3411,15110520.0,2.19143369599697e-05
2024-02-29,10:04:41,14.3723,27.12,24.25,3411,15110520.0,2.19143369599697e-05
2024-02-29,10:04:41,14.3781,27.12,24.25,3411,15110520.0,2.19143369599697e-05
2024-02-29,10:04:41,14.3838,27.12,24.25,3411,15110520.0,2.19143369599697e-05
2024-02-29,10:04:41,14.3895,27.12,24.25,3411,15110520.0,2.19143369599697e-05
2024-02-29,10:04:41,14.3952,27.12,24.25,3412,15110519.0,2.187931457002984e-05
2024-02-29,10:04:41,14.401,27.12,24.25,3412,15110519.0,2.187931457002984e-05
2024-02-29,10:04:41,14.4067,27.12,24.25,3412,15110519.0,2.187931457002984e-05
2024-02-29,10:04:41,14.4125,27.12,24.25,3412,15110519.0,2.187931457002984e-05
2024-02-29,10:04:41,14.4183,27.12,24.25,3411,15110519.0,2.19143369599697e-05
2024-02-29,10:04:41,14.424,27.12,24.25,3410,15110519.0,2.194941541052301e-05
2024-02-29,10:04:41,14.4298,27.12,24.25,3410,15110519.0,2.194941541052301e-05
2024-02-29,10:04:41,14.4355,27.12,24.25,3410,15110520.0,2.194941541052301e-05
2024-02-29,10:04:41,14.4412,27.12,24.25,3410,15110519.0,2.194941541052301e-05
2024-02-29,10:04:41,14.4468,27.12,24.25,3410,15110520.0,2.194941541052301e-05
2024-02-29,10:04:41,14.4526,27.12,24.25,3410,15110519.0,2.194941541052301e-05
2024-02-29,10:04:41,14.4583,27.12,24.25,3410,15110520.0,2.194941541052301e-05
2024-02-29,10:04:41,14.4698,27.12,24.25,3411,15110519.0,2.19143369599697e-05
2024-02-29,10:04:41,14.4756,27.12,24.25,3411,15110520.0,2.19143369599697e-05
2024-02-29,10:04:41,14.4814,27.12,24.25,3411,15110520.0,2.19143369599697e-05
2024-02-29,10:04:41,14.4871,27.12,24.25,3412,15110519.0,2.187931457002984e-05
2024-02-29,10:04:41,14.4929,27.12,24.25,3412,15110519.0,2.187931457002984e-05
2024-02-29,10:04:41,14.4985,27.12,24.25,3411,15110519.0,2.19143369599697e-05
2024-02-29,10:04:41,14.5043,27.12,24.25,3411,15110519.0,2.19143369599697e-05
2024-02-29,10:04:41,14.51,27.12,24.25,3412,15110519.0,2.187931457002984e-05
2024-02-29,10:04:41,14.5157,27.12,24.25,3412,15110519.0,2.187931457002984e-05
2024-02-29,10:04:41,14.5214,27.12,24.25,3412,15110519.0,2.187931457002984e-05
2024-02-29,10:04:41,14.5273,27.12,24.25,3412,15110519.0,2.187931457002984e-05
2024-02-29,10:04:41,14.5331,27.12,24.25,3411,15110519.0,2.19143369599697e-05
2024-02-29,10:04:41,14.5387,27.12,24.25,3411,15110519.0,2.19143369599697e-05
2024-02-29,10:04:41,14.5445,27.12,24.25,3411,15110519.0,2.19143369599697e-05
2024-02-29,10:04:41,14.5502,27.12,24.25,3410,15110519.0,2.194941541052301e-05
2024-02-29,10:04:41,14.556,27.12,24.25,3410,15110519.0,2.194941541052301e-05
2024-02-29,10:04:41,14.5618,27.12,24.25,3411,15110519.0,2.19143369599697e-05
2024-02-29,10:04:41,14.5675,27.12,24.25,3411,15110519.0,2.19143369599697e-05
2024-02-29,10:04:41,14.5733,27.12,24.25,3410,15110519.0,2.194941541052301e-05
2024-02-29,10:04:41,14.579,27.12,24.25,3411,15110518.0,2.19143369599697e-05
2024-02-29,10:04:41,14.5848,27.12,24.25,3412,15110519.0,2.187931457002984e-05
2024-02-29,10:04:41,14.5904,27.12,24.25,3411,15110519.0,2.19143369599697e-05
2024-02-29,10:04:41,14.6019,27.12,24.25,3410,15110519.0,2.194941541052301e-05
2024-02-29,10:04:41,14.6076,27.12,24.25,3410,15110519.0,2.194941541052301e-05
2024-02-29,10:04:41,14.6133,27.12,24.25,3410,15110519.0,2.194941541052301e-05
2024-02-29,10:04:41,14.6192,27.12,24.25,3410,15110519.0,2.194941541052301e-05
2024-02-29,10:04:41,14.625,27.12,24.25,3410,15110519.0,2.194941541052301e-05
2024-02-29,10:04:41,14.6306,27.12,24.25,3410,15110519.0,2.194941541052301e-05
2024-02-29,10:04:41,14.6364,27.12,24.25,3411,15110519.0,2.19143369599697e-05
2024-02-29,10:04:41,14.6421,27.12,24.25,3411,15110519.0,2.19143369599697e-05
2024-02-29,10:04:41,14.6479,27.12,24.25,3411,15110519.0,2.19143369599697e-05
2024-02-29,10:04:41,14.6537,27.12,24.25,3412,15110519.0,2.187931457002984e-05
2024-02-29,10:04:41,14.6594,27.12,24.25,3412,15110519.0,2.187931457002984e-05
2024-02-29,10:04:41,14.6652,27.12,24.25,3412,15110519.0,2.187931457002984e-05
2024-02-29,10:04:41,14.6708,27.12,24.25,3411,15110519.0,2.19143369599697e-05
2024-02-29,10:04:41,14.6766,27.12,24.25,3411,15110519.0,2.19143369599697e-05
2024-02-29,10:04:41,14.6823,27.12,24.25,3411,15110519.0,2.19143369599697e-05
2024-02-29,10:04:41,14.688,27.12,24.25,3410,15110519.0,2.194941541052301e-05
2024-02-29,10:04:41,14.6937,27.12,24.25,3410,15110519.0,2.194941541052301e-05
2024-02-29,10:04:42,14.6995,27.12,24.25,3410,15110519.0,2.194941541052301e-05
2024-02-29,10:04:42,14.7052,27.12,24.25,3411,15110519.0,2.19143369599697e-05
2024-02-29,10:04:42,14.711,27.12,24.25,3412,15110519.0,2.187931457002984e-05
2024-02-29,10:04:42,14.7168,27.12,24.25,3412,15110519.0,2.187931457002984e-05
2024-02-29,10:04:42,14.7282,27.12,24.25,3410,15110519.0,2.194941541052301e-05
2024-02-29,10:04:42,14.7339,27.12,24.25,3411,15110519.0,2.19143369599697e-05
2024-02-29,10:04:42,14.7397,27.12,24.25,3411,15110519.0,2.19143369599697e-05
2024-02-29,10:04:42,14.7453,27.12,24.25,3411,15110520.0,2.19143369599697e-05
2024-02-29,10:04:42,14.7511,27.12,24.25,3411,15110519.0,2.19143369599697e-05
2024-02-29,10:04:42,14.7568,27.12,24.25,3411,15110519.0,2.19143369599697e-05
2024-02-29,10:04:42,14.7626,27.12,24.25,3411,15110519.0,2.19143369599697e-05
2024-02-29,10:04:42,14.7683,27.12,24.25,3410,15110519.0,2.194941541052301e-05
2024-02-29,10:04:42,14.7741,27.12,24.25,3411,15110519.0,2.19143369599697e-05
2024-02-29,10:04:42,14.7799,27.12,24.25,3412,15110519.0,2.187931457002984e-05
2024-02-29,10:04:42,14.7856,27.12,24.25,3412,15110519.0,2.187931457002984e-05
2024-02-29,10:04:42,14.7914,27.12,24.25,3411,15110519.0,2.19143369599697e-05
2024-02-29,10:04:42,14.7971,27.12,24.25,3410,15110519.0,2.194941541052301e-05
2024-02-29,10:04:42,14.8029,27.12,24.25,3411,15110520.0,2.19143369599697e-05
2024-02-29,10:04:42,14.8087,27.12,24.25,3411,15110519.0,2.19143369599697e-05
2024-02-29,10:04:42,14.8144,27.12,24.25,3410,15110519.0,2.194941541052301e-05
2024-02-29,10:04:42,14.8201,27.12,24.25,3410,15110519.0,2.194941541052301e-05
2024-02-29,10:04:42,14.8258,27.12,24.25,3410,15110519.0,2.194941541052301e-05
2024-02-29,10:04:42,14.8316,27.12,24.25,3410,15110519.0,2.194941541052301e-05
2024-02-29,10:04:42,14.8372,27.12,24.25,3410,15110520.0,2.194941541052301e-05
2024-02-29,10:04:42,14.843,27.12,24.25,3410,15110519.0,2.194941541052301e-05
2024-02-29,10:04:42,14.8545,27.12,24.25,3410,15110520.0,2.194941541052301e-05
2024-02-29,10:04:42,14.8602,27.12,24.25,3411,15110520.0,2.19143369599697e-05
2024-02-29,10:04:42,14.866,27.12,24.25,3411,15110520.0,2.19143369599697e-05
2024-02-29,10:04:42,14.8718,27.12,24.25,3410,15110519.0,2.194941541052301e-05
2024-02-29,10:04:42,14.8774,27.12,24.25,3410,15110519.0,2.194941541052301e-05
2024-02-29,10:04:42,14.8832,27.12,24.25,3410,15110519.0,2.194941541052301e-05
2024-02-29,10:04:42,14.8889,27.12,24.25,3410,15110519.0,2.194941541052301e-05
2024-02-29,10:04:42,14.8946,27.12,24.25,3410,15110519.0,2.194941541052301e-05
2024-02-29,10:04:42,14.9003,27.12,24.25,3411,15110519.0,2.19143369599697e-05
2024-02-29,10:04:42,14.9061,27.12,24.25,3412,15110519.0,2.187931457002984e-05
2024-02-29,10:04:42,14.9118,27.12,24.25,3412,15110519.0,2.187931457002984e-05
2024-02-29,10:04:42,14.9176,27.12,24.25,3412,15110519.0,2.187931457002984e-05
2024-02-29,10:04:42,14.9234,27.12,24.25,3411,15110519.0,2.19143369599697e-05
2024-02-29,10:04:42,14.9291,27.12,24.25,3411,15110520.0,2.19143369599697e-05
2024-02-29,10:04:42,14.9349,27.12,24.25,3411,15110520.0,2.19143369599697e-05
2024-02-29,10:04:42,14.9406,27.12,24.25,3410,15110519.0,2.194941541052301e-05
2024-02-29,10:04:42,14.9464,27.12,24.25,3410,15110519.0,2.194941541052301e-05
2024-02-29,10:04:42,14.9522,27.12,24.25,3410,15110519.0,2.194941541052301e-05
2024-02-29,10:04:42,14.9578,27.12,24.25,3410,15110519.0,2.194941541052301e-05
2024-02-29,10:04:42,14.9635,27.12,24.25,3410,15110519.0,2.194941541052301e-05
2024-02-29,10:04:42,14.9693,27.12,24.25,3410,15110519.0,2.194941541052301e-05
2024-02-29,10:04:42,14.9751,27.12,24.25,3410,15110519.0,2.194941541052301e-05
2024-02-29,10:04:42,14.9866,27.12,24.25,3411,15110519.0,2.19143369599697e-05
2024-02-29,10:04:42,14.9923,27.12,24.25,3411,15110519.0,2.19143369599697e-05
2024-02-29,10:04:42,14.998,27.12,24.25,3410,15110519.0,2.194941541052301e-05
2024-02-29,10:04:42,15.0037,27.12,24.25,3410,15110519.0,2.194941541052301e-05
2024-02-29,10:04:42,15.0095,27.12,24.25,3410,15110519.0,2.194941541052301e-05
2024-02-29,10:04:42,15.0153,27.12,24.25,3410,15110519.0,2.194941541052301e-05
2024-02-29,10:04:42,15.021,27.12,24.25,3410,15110519.0,2.194941541052301e-05
2024-02-29,10:04:42,15.0268,27.12,24.25,3411,15110519.0,2.19143369599697e-05
2024-02-29,10:04:42,15.0325,27.12,24.25,3412,15110519.0,2.187931457002984e-05
2024-02-29,10:04:42,15.0383,27.12,24.25,3411,15110519.0,2.19143369599697e-05
2024-02-29,10:04:42,15.0441,27.12,24.25,3410,15110519.0,2.194941541052301e-05
2024-02-29,10:04:42,15.0498,27.12,24.25,3411,15110519.0,2.19143369599697e-05
2024-02-29,10:04:42,15.0556,27.12,24.25,3411,15110519.0,2.19143369599697e-05
2024-02-29,10:04:42,15.0613,27.12,24.25,3410,15110519.0,2.194941541052301e-05
2024-02-29,10:04:42,15.0671,27.12,24.25,3411,15110519.0,2.19143369599697e-05
2024-02-29,10:04:42,15.0727,27.12,24.25,3411,15110519.0,2.19143369599697e-05
2024-02-29,10:04:42,15.0785,27.12,24.25,3410,15110519.0,2.194941541052301e-05
2024-02-29,10:04:42,15.0844,27.12,24.25,3410,15110519.0,2.194941541052301e-05
2024-02-29,10:04:42,15.0901,27.12,24.25,3410,15110519.0,2.194941541052301e-05
2024-02-29,10:04:42,15.0958,27.12,24.25,3411,15110519.0,2.19143369599697e-05
2024-02-29,10:04:42,15.1014,27.12,24.25,3411,15110519.0,2.19143369599697e-05
2024-02-29,10:04:42,15.1129,27.12,24.25,3410,15110518.0,2.194941541052301e-05
2024-02-29,10:04:42,15.1187,27.12,24.25,3410,15110519.0,2.194941541052301e-05
2024-02-29,10:04:42,15.1244,27.12,24.25,3410,15110519.0,2.194941541052301e-05
2024-02-29,10:04:42,15.1302,27.12,24.25,3410,15110519.0,2.194941541052301e-05
2024-02-29,10:04:42,15.136,27.12,24.25,3410,15110519.0,2.194941541052301e-05
2024-02-29,10:04:42,15.1417,27.12,24.25,3410,15110519.0,2.194941541052301e-05
2024-02-29,10:04:42,15.1475,27.12,24.25,3411,15110519.0,2.19143369599697e-05
2024-02-29,10:04:42,15.1531,27.12,24.25,3411,15110519.0,2.19143369599697e-05
2024-02-29,10:04:42,15.1589,27.12,24.25,3410,15110519.0,2.194941541052301e-05
2024-02-29,10:04:42,15.1646,27.12,24.25,3410,15110519.0,2.194941541052301e-05
2024-02-29,10:04:42,15.1704,27.12,24.25,3411,15110519.0,2.19143369599697e-05
2024-02-29,10:04:42,15.1762,27.12,24.25,3411,15110519.0,2.19143369599697e-05
2024-02-29,10:04:42,15.1819,27.12,24.25,3410,15110519.0,2.194941541052301e-05
2024-02-29,10:04:42,15.1877,27.12,24.25,3410,15110519.0,2.194941541052301e-05
2024-02-29,10:04:42,15.1933,27.12,24.25,3410,15110519.0,2.194941541052301e-05
2024-02-29,10:04:42,15.1991,27.12,24.25,3410,15110519.0,2.194941541052301e-05
2024-02-29,10:04:42,15.2048,27.12,24.25,3410,15110519.0,2.194941541052301e-05
2024-02-29,10:04:42,15.2106,27.12,24.25,3410,15110518.0,2.194941541052301e-05
2024-02-29,10:04:42,15.2163,27.12,24.25,3410,15110519.0,2.194941541052301e-05
2024-02-29,10:04:42,15.2221,27.12,24.25,3410,15110518.0,2.194941541052301e-05
2024-02-29,10:04:42,15.2279,27.12,24.25,3411,15110519.0,2.19143369599697e-05
2024-02-29,10:04:42,15.2336,27.12,24.25,3411,15110519.0,2.19143369599697e-05
2024-02-29,10:04:42,15.245,27.12,24.25,3411,15110519.0,2.19143369599697e-05
2024-02-29,10:04:42,15.2506,27.12,24.25,3411,15110518.0,2.19143369599697e-05
2024-02-29,10:04:42,15.2564,27.12,24.25,3411,15110519.0,2.19143369599697e-05
2024-02-29,10:04:42,15.2622,27.12,24.25,3410,15110519.0,2.194941541052301e-05
2024-02-29,10:04:42,15.2679,27.12,24.25,3410,15110518.0,2.194941541052301e-05
2024-02-29,10:04:42,15.2737,27.12,24.25,3410,15110518.0,2.194941541052301e-05
2024-02-29,10:04:42,15.2794,27.12,24.25,3410,15110519.0,2.194941541052301e-05
2024-02-29,10:04:42,15.2852,27.12,24.25,3411,15110519.0,2.19143369599697e-05
2024-02-29,10:04:42,15.291,27.12,24.25,3412,15110518.0,2.187931457002984e-05
2024-02-29,10:04:42,15.2967,27.12,24.25,3411,15110518.0,2.19143369599697e-05
2024-02-29,10:04:42,15.3024,27.12,24.25,3410,15110518.0,2.194941541052301e-05
2024-02-29,10:04:42,15.3081,27.12,24.25,3410,15110518.0,2.194941541052301e-05
2024-02-29,10:04:42,15.3139,27.12,24.25,3410,15110518.0,2.194941541052301e-05
2024-02-29,10:04:42,15.3196,27.12,24.25,3410,15110518.0,2.194941541052301e-05
2024-02-29,10:04:42,15.3254,27.12,24.25,3410,15110518.0,2.194941541052301e-05
2024-02-29,10:04:42,15.3312,27.12,24.25,3410,15110518.0,2.194941541052301e-05
2024-02-29,10:04:42,15.3369,27.12,24.25,3410,15110518.0,2.194941541052301e-05
2024-02-29,10:04:42,15.3426,27.12,24.25,3410,15110518.0,2.194941541052301e-05
2024-02-29,10:04:42,15.3483,27.12,24.25,3410,15110518.0,2.194941541052301e-05
2024-02-29,10:04:42,15.3541,27.12,24.25,3410,15110518.0,2.194941541052301e-05
2024-02-29,10:04:42,15.3598,27.12,24.25,3410,15110518.0,2.194941541052301e-05
2024-02-29,10:04:42,15.3714,27.12,24.25,3411,15110519.0,2.19143369599697e-05
2024-02-29,10:04:42,15.3771,27.12,24.25,3411,15110518.0,2.19143369599697e-05
2024-02-29,10:04:42,15.3829,27.12,24.25,3410,15110518.0,2.194941541052301e-05
2024-02-29,10:04:42,15.3886,27.12,24.25,3410,15110518.0,2.194941541052301e-05
2024-02-29,10:04:42,15.3944,27.12,24.25,3410,15110518.0,2.194941541052301e-05
2024-02-29,10:04:42,15.4002,27.12,24.25,3410,15110519.0,2.194941541052301e-05
2024-02-29,10:04:42,15.4058,27.12,24.25,3410,15110518.0,2.194941541052301e-05
2024-02-29,10:04:42,15.4115,27.12,24.25,3410,15110518.0,2.194941541052301e-05
2024-02-29,10:04:42,15.4173,27.12,24.25,3410,15110518.0,2.194941541052301e-05
2024-02-29,10:04:42,15.4231,27.12,24.25,3411,15110518.0,2.19143369599697e-05
2024-02-29,10:04:42,15.4288,27.12,24.25,3411,15110518.0,2.19143369599697e-05
2024-02-29,10:04:42,15.4346,27.12,24.25,3410,15110518.0,2.194941541052301e-05
2024-02-29,10:04:42,15.4403,27.12,24.25,3411,15110518.0,2.19143369599697e-05
2024-02-29,10:04:42,15.446,27.12,24.25,3412,15110518.0,2.187931457002984e-05
2024-02-29,10:04:42,15.4517,27.12,24.25,3411,15110518.0,2.19143369599697e-05
2024-02-29,10:04:42,15.4575,27.12,24.25,3410,15110518.0,2.194941541052301e-05
2024-02-29,10:04:42,15.4633,27.12,24.25,3410,15110518.0,2.194941541052301e-05
2024-02-29,10:04:42,15.469,27.12,24.25,3411,15110519.0,2.19143369599697e-05
2024-02-29,10:04:42,15.4748,27.12,24.25,3411,15110518.0,2.19143369599697e-05
2024-02-29,10:04:42,15.4805,27.12,24.25,3411,15110519.0,2.19143369599697e-05
2024-02-29,10:04:42,15.4862,27.12,24.25,3411,15110518.0,2.19143369599697e-05
2024-02-29,10:04:42,15.4919,27.12,24.25,3410,15110518.0,2.194941541052301e-05
2024-02-29,10:04:42,15.5034,27.12,24.25,3410,15110518.0,2.194941541052301e-05
2024-02-29,10:04:42,15.5092,27.12,24.25,3410,15110518.0,2.194941541052301e-05
2024-02-29,10:04:42,15.5148,27.12,24.25,3410,15110518.0,2.194941541052301e-05
2024-02-29,10:04:42,15.5206,27.12,24.25,3410,15110518.0,2.194941541052301e-05
2024-02-29,10:04:42,15.5264,27.12,24.25,3411,15110519.0,2.19143369599697e-05
2024-02-29,10:04:42,15.5321,27.12,24.25,3411,15110518.0,2.19143369599697e-05
2024-02-29,10:04:42,15.5379,27.12,24.25,3410,15110518.0,2.194941541052301e-05
2024-02-29,10:04:42,15.5436,27.12,24.25,3410,15110518.0,2.194941541052301e-05
2024-02-29,10:04:42,15.5494,27.12,24.25,3410,15110518.0,2.194941541052301e-05
2024-02-29,10:04:42,15.5552,27.12,24.25,3411,15110518.0,2.19143369599697e-05
2024-02-29,10:04:42,15.5609,27.12,24.25,3411,15110518.0,2.19143369599697e-05
2024-02-29,10:04:42,15.5667,27.12,24.25,3410,15110518.0,2.194941541052301e-05
2024-02-29,10:04:42,15.5724,27.12,24.25,3410,15110518.0,2.194941541052301e-05
2024-02-29,10:04:42,15.5782,27.12,24.25,3410,15110518.0,2.194941541052301e-05
2024-02-29,10:04:42,15.584,27.12,24.25,3410,15110518.0,2.194941541052301e-05
2024-02-29,10:04:42,15.5897,27.12,24.25,3410,15110518.0,2.194941541052301e-05
2024-02-29,10:04:42,15.5955,27.12,24.25,3410,15110518.0,2.194941541052301e-05
2024-02-29,10:04:42,15.6011,27.12,24.25,3410,15110518.0,2.194941541052301e-05
2024-02-29,10:04:42,15.6067,27.12,24.25,3410,15110518.0,2.194941541052301e-05
2024-02-29,10:04:42,15.6125,27.12,24.25,3410,15110518.0,2.194941541052301e-05
2024-02-29,10:04:42,15.6183,27.12,24.25,3411,15110518.0,2.19143369599697e-05
2024-02-29,10:04:42,15.6298,27.12,24.25,3410,15110517.0,2.194941541052301e-05
2024-02-29,10:04:42,15.6354,27.12,24.25,3410,15110518.0,2.194941541052301e-05
2024-02-29,10:04:42,15.6412,27.12,24.25,3410,15110518.0,2.194941541052301e-05
2024-02-29,10:04:42,15.6469,27.12,24.25,3410,15110518.0,2.194941541052301e-05
2024-02-29,10:04:42,15.6527,27.12,24.25,3411,15110518.0,2.19143369599697e-05
2024-02-29,10:04:42,15.6585,27.12,24.25,3411,15110518.0,2.19143369599697e-05
2024-02-29,10:04:42,15.6642,27.12,24.25,3410,15110518.0,2.194941541052301e-05
2024-02-29,10:04:42,15.67,27.12,24.25,3411,15110517.0,2.19143369599697e-05
2024-02-29,10:04:42,15.6756,27.12,24.25,3412,15110518.0,2.187931457002984e-05
2024-02-29,10:04:42,15.6814,27.12,24.25,3411,15110518.0,2.19143369599697e-05
2024-02-29,10:04:42,15.6871,27.12,24.25,3410,15110518.0,2.194941541052301e-05
2024-02-29,10:04:42,15.6929,27.12,24.25,3410,15110518.0,2.194941541052301e-05
2024-02-29,10:04:43,15.6986,27.12,24.25,3410,15110518.0,2.194941541052301e-05
2024-02-29,10:04:43,15.7044,27.12,24.25,3410,15110517.0,2.194941541052301e-05
2024-02-29,10:04:43,15.7102,27.12,24.25,3410,15110517.0,2.194941541052301e-05
2024-02-29,10:04:43,15.7159,27.12,24.25,3410,15110518.0,2.194941541052301e-05
2024-02-29,10:04:43,15.7217,27.12,24.25,3410,15110518.0,2.194941541052301e-05
2024-02-29,10:04:43,15.7273,27.12,24.25,3410,15110517.0,2.194941541052301e-05
2024-02-29,10:04:43,15.733,27.12,24.25,3410,15110518.0,2.194941541052301e-05
2024-02-29,10:04:43,15.7387,27.12,24.25,3410,15110517.0,2.194941541052301e-05
2024-02-29,10:04:43,15.7445,27.12,24.25,3410,15110518.0,2.194941541052301e-05
2024-02-29,10:04:43,15.756,27.12,24.25,3411,15110517.0,2.19143369599697e-05
2024-02-29,10:04:43,15.7618,27.12,24.25,3411,15110517.0,2.19143369599697e-05
2024-02-29,10:04:43,15.7675,27.12,24.25,3410,15110517.0,2.194941541052301e-05
2024-02-29,10:04:43,15.7733,27.12,24.25,3411,15110517.0,2.19143369599697e-05
2024-02-29,10:04:43,15.779,27.12,24.25,3412,15110517.0,2.187931457002984e-05
2024-02-29,10:04:43,15.7847,27.12,24.25,3411,15110517.0,2.19143369599697e-05
2024-02-29,10:04:43,15.7904,27.12,24.25,3410,15110517.0,2.194941541052301e-05
2024-02-29,10:04:43,15.7963,27.12,24.25,3411,15110517.0,2.19143369599697e-05
2024-02-29,10:04:43,15.8021,27.12,24.25,3411,15110517.0,2.19143369599697e-05
2024-02-29,10:04:43,15.8077,27.12,24.25,3411,15110517.0,2.19143369599697e-05
2024-02-29,10:04:43,15.8133,27.12,24.25,3412,15110517.0,2.187931457002984e-05
2024-02-29,10:04:43,15.8191,27.12,24.25,3412,15110517.0,2.187931457002984e-05
2024-02-29,10:04:43,15.8249,27.12,24.25,3412,15110517.0,2.187931457002984e-05
2024-02-29,10:04:43,15.8306,27.12,24.25,3411,15110517.0,2.19143369599697e-05
2024-02-29,10:04:43,15.8364,27.12,24.25,3411,15110517.0,2.19143369599697e-05
2024-02-29,10:04:43,15.8421,27.12,24.25,3411,15110517.0,2.19143369599697e-05
2024-02-29,10:04:43,15.8479,27.12,24.25,3410,15110517.0,2.194941541052301e-05
2024-02-29,10:04:43,15.8537,27.12,24.25,3410,15110517.0,2.194941541052301e-05
2024-02-29,10:04:43,15.8594,27.12,24.25,3410,15110517.0,2.194941541052301e-05
2024-02-29,10:04:43,15.8652,27.12,24.25,3410,15110517.0,2.194941541052301e-05
2024-02-29,10:04:43,15.8709,27.12,24.25,3411,15110517.0,2.19143369599697e-05
2024-02-29,10:04:43,15.8766,27.12,24.25,3411,15110517.0,2.19143369599697e-05
2024-02-29,10:04:43,15.888,27.12,24.25,3410,15110518.0,2.194941541052301e-05
2024-02-29,10:04:43,15.8937,27.12,24.25,3410,15110517.0,2.194941541052301e-05
2024-02-29,10:04:43,15.8995,27.12,24.25,3409,15110517.0,2.198455001142646e-05
2024-02-29,10:04:43,15.9052,27.12,24.25,3410,15110517.0,2.194941541052301e-05
2024-02-29,10:04:43,15.911,27.12,24.25,3411,15110517.0,2.19143369599697e-05
2024-02-29,10:04:43,15.9168,27.12,24.25,3411,15110517.0,2.19143369599697e-05
2024-02-29,10:04:43,15.9225,27.12,24.25,3412,15110517.0,2.187931457002984e-05
2024-02-29,10:04:43,15.9283,27.12,24.25,3412,15110517.0,2.187931457002984e-05
2024-02-29,10:04:43,15.9339,27.12,24.25,3412,15110517.0,2.187931457002984e-05
2024-02-29,10:04:43,15.9397,27.12,24.25,3411,15110516.0,2.19143369599697e-05
2024-02-29,10:04:43,15.9456,27.12,24.25,3411,15110517.0,2.19143369599697e-05
2024-02-29,10:04:43,15.9513,27.12,24.25,3411,15110517.0,2.19143369599697e-05
2024-02-29,10:04:43,15.957,27.12,24.25,3410,15110517.0,2.194941541052301e-05
2024-02-29,10:04:43,15.9627,27.12,24.25,3411,15110517.0,2.19143369599697e-05
2024-02-29,10:04:43,15.9685,27.12,24.25,3411,15110517.0,2.19143369599697e-05
2024-02-29,10:04:43,15.9742,27.12,24.25,3411,15110517.0,2.19143369599697e-05
2024-02-29,10:04:43,15.98,27.12,24.25,3411,15110517.0,2.19143369599697e-05
2024-02-29,10:04:43,15.9858,27.12,24.25,3411,15110517.0,2.19143369599697e-05
2024-02-29,10:04:43,15.9915,27.12,24.25,3411,15110517.0,2.19143369599697e-05
2024-02-29,10:04:43,15.9971,27.12,24.25,3410,15110517.0,2.194941541052301e-05
2024-02-29,10:04:43,16.0029,27.12,24.25,3410,15110517.0,2.194941541052301e-05
2024-02-29,10:04:43,16.0087,27.12,24.25,3410,15110517.0,2.194941541052301e-05
2024-02-29,10:04:43,16.0202,27.12,24.25,3411,15110516.0,2.19143369599697e-05
2024-02-29,10:04:43,16.0259,27.12,24.25,3410,15110517.0,2.194941541052301e-05
2024-02-29,10:04:43,16.0317,27.12,24.25,3410,15110517.0,2.194941541052301e-05
2024-02-29,10:04:43,16.0375,27.12,24.25,3410,15110517.0,2.194941541052301e-05
2024-02-29,10:04:43,16.0432,27.12,24.25,3410,15110517.0,2.194941541052301e-05
2024-02-29,10:04:43,16.0489,27.12,24.25,3410,15110517.0,2.194941541052301e-05
2024-02-29,10:04:43,16.0546,27.12,24.25,3410,15110517.0,2.194941541052301e-05
2024-02-29,10:04:43,16.0605,27.12,24.25,3410,15110517.0,2.194941541052301e-05
2024-02-29,10:04:43,16.0663,27.12,24.25,3411,15110517.0,2.19143369599697e-05
2024-02-29,10:04:43,16.0719,27.12,24.25,3412,15110517.0,2.187931457002984e-05
2024-02-29,10:04:43,16.0777,27.12,24.25,3412,15110517.0,2.187931457002984e-05
2024-02-29,10:04:43,16.0834,27.12,24.25,3412,15110517.0,2.187931457002984e-05
2024-02-29,10:04:43,16.0892,27.12,24.25,3411,15110517.0,2.19143369599697e-05
2024-02-29,10:04:43,16.0949,27.12,24.25,3410,15110517.0,2.194941541052301e-05
2024-02-29,10:04:43,16.1006,27.12,24.25,3411,15110517.0,2.19143369599697e-05
2024-02-29,10:04:43,16.1063,27.19,24.25,3411,15110517.0,2.19143369599697e-05
2024-02-29,10:04:43,16.1121,27.19,24.25,3411,15110517.0,2.19143369599697e-05
2024-02-29,10:04:43,16.1178,27.19,24.25,3411,15110517.0,2.19143369599697e-05
2024-02-29,10:04:43,16.1236,27.19,24.25,3410,15110517.0,2.194941541052301e-05
2024-02-29,10:04:43,16.1294,27.19,24.25,3410,15110517.0,2.194941541052301e-05
2024-02-29,10:04:43,16.1351,27.19,24.25,3411,15110517.0,2.19143369599697e-05
2024-02-29,10:04:43,16.1465,27.19,24.25,3410,15110516.0,2.194941541052301e-05
2024-02-29,10:04:43,16.1524,27.19,24.25,3410,15110517.0,2.194941541052301e-05
2024-02-29,10:04:43,16.1582,27.19,24.25,3410,15110517.0,2.194941541052301e-05
2024-02-29,10:04:43,16.1638,27.19,24.25,3410,15110517.0,2.194941541052301e-05
2024-02-29,10:04:43,16.1694,27.19,24.25,3410,15110516.0,2.194941541052301e-05
2024-02-29,10:04:43,16.1752,27.19,24.25,3411,15110516.0,2.19143369599697e-05
2024-02-29,10:04:43,16.181,27.19,24.25,3412,15110516.0,2.187931457002984e-05
2024-02-29,10:04:43,16.1867,27.19,24.25,3412,15110516.0,2.187931457002984e-05
2024-02-29,10:04:43,16.1925,27.19,24.25,3411,15110516.0,2.19143369599697e-05
2024-02-29,10:04:43,16.1982,27.19,24.25,3412,15110515.0,2.187931457002984e-05
2024-02-29,10:04:43,16.204,27.19,24.25,3405,15110510.0,2.212565171830715e-05
2024-02-29,10:04:43,16.2098,27.19,24.25,3396,15110505.0,2.244645059765081e-05
2024-02-29,10:04:43,16.2155,27.19,24.25,3395,15110501.0,2.248238080666538e-05
2024-02-29,10:04:43,16.2213,27.19,24.25,3395,15110495.0,2.248238080666538e-05
2024-02-29,10:04:43,16.2272,27.19,24.25,3396,15110490.0,2.244645059765081e-05
2024-02-29,10:04:43,16.2329,27.19,24.25,3395,15110483.0,2.248238080666538e-05
2024-02-29,10:04:43,16.2387,27.19,24.25,3393,15110477.0,2.255441385805692e-05
2024-02-29,10:04:43,16.2444,27.19,24.25,3392,15110471.0,2.259051688470672e-05
2024-02-29,10:04:43,16.2501,27.19,24.25,3393,15110466.0,2.255441385805692e-05
2024-02-29,10:04:43,16.2558,27.19,24.25,3394,15110460.0,2.251836852944649e-05
2024-02-29,10:04:43,16.2616,27.19,24.25,3395,15110453.0,2.248238080666538e-05
2024-02-29,10:04:43,16.2674,27.19,24.25,3394,15110446.0,2.251836852944649e-05
2024-02-29,10:04:43,16.2731,27.19,24.25,3393,15110440.0,2.255441385805692e-05
2024-02-29,10:04:43,16.2846,27.19,24.25,3390,15110423.0,2.266289640170322e-05
2024-02-29,10:04:43,16.2904,27.19,24.25,3390,15110415.0,2.266289640170322e-05
2024-02-29,10:04:43,16.2962,27.19,24.25,3391,15110407.0,2.262667770175366e-05
2024-02-29,10:04:43,16.3019,27.19,24.25,3392,15110398.0,2.259051688470672e-05
2024-02-29,10:04:43,16.3077,27.19,24.25,3392,15110389.0,2.259051688470672e-05
2024-02-29,10:04:43,16.3134,27.19,24.25,3391,15110380.0,2.262667770175366e-05
2024-02-29,10:04:43,16.3192,27.19,24.25,3391,15110370.0,2.262667770175366e-05
2024-02-29,10:04:43,16.325,27.19,24.25,3390,15110360.0,2.266289640170322e-05
2024-02-29,10:04:43,16.3307,27.19,24.25,3388,15110351.0,2.273550782107305e-05
2024-02-29,10:04:43,16.3365,27.19,24.25,3387,15110342.0,2.277190072624573e-05
2024-02-29,10:04:43,16.3424,27.19,24.25,3386,15110334.0,2.280835188582631e-05
2024-02-29,10:04:43,16.3481,27.19,24.25,3386,15110325.0,2.280835188582631e-05
2024-02-29,10:04:43,16.3539,27.19,24.25,3385,15110316.0,2.284486139306312e-05
2024-02-29,10:04:43,16.3596,27.19,24.25,3385,15110309.0,2.284486139306312e-05
2024-02-29,10:04:43,16.3654,27.19,24.25,3385,15110302.0,2.284486139306312e-05
2024-02-29,10:04:43,16.3712,27.19,24.25,3381,15110295.0,2.299148476876735e-05
2024-02-29,10:04:43,16.3769,27.19,24.25,3379,15110289.0,2.306514897800561e-05
2024-02-29,10:04:43,16.3828,27.19,24.25,3380,15110285.0,2.302828741824206e-05
2024-02-29,10:04:43,16.3886,27.19,24.25,3378,15110281.0,2.310206954235614e-05
2024-02-29,10:04:43,16.3943,27.19,24.25,3372,15110279.0,2.332483732453251e-05
2024-02-29,10:04:43,16.4001,27.19,24.25,3371,15110276.0,2.336217357405023e-05
2024-02-29,10:04:43,16.4058,27.19,24.25,3373,15110273.0,2.328756074392889e-05
2024-02-29,10:04:43,16.4117,27.19,24.25,3371,15110271.0,2.336217357405023e-05
2024-02-29,10:04:43,16.4175,27.19,24.25,3368,15110271.0,2.347454129197761e-05
2024-02-29,10:04:43,16.4233,27.19,24.25,3368,15110271.0,2.347454129197761e-05
2024-02-29,10:04:43,16.4349,27.19,24.25,3365,15110268.0,2.358744947776824e-05
2024-02-29,10:04:43,16.4407,27.19,24.25,3364,15110268.0,2.362520609261339e-05
2024-02-29,10:04:43,16.4464,27.19,24.25,3353,15110258.0,2.404453907847634e-05
2024-02-29,10:04:43,16.4523,27.19,24.25,3333,15110249.0,2.482612351948873e-05
2024-02-29,10:04:43,16.4583,27.19,24.25,3318,15110243.0,2.542893979084601e-05
2024-02-29,10:04:43,16.4642,27.19,24.25,3317,15110244.0,2.546964409363674e-05
2024-02-29,10:04:43,16.4701,27.19,24.25,3318,15110242.0,2.542893979084601e-05
2024-02-29,10:04:43,16.476,27.19,24.25,3313,15110241.0,2.5633113905545e-05
2024-02-29,10:04:43,16.4819,27.19,24.25,3314,15110244.0,2.559214835353161e-05
2024-02-29,10:04:43,16.4878,27.19,24.25,3318,15110242.0,2.542893979084601e-05
2024-02-29,10:04:43,16.4937,27.19,24.25,3317,15110241.0,2.546964409363674e-05
2024-02-29,10:04:43,16.4997,27.19,24.25,3315,15110240.0,2.555124827060083e-05
2024-02-29,10:04:43,16.5056,27.19,24.25,3315,15110239.0,2.555124827060083e-05
2024-02-29,10:04:43,16.5114,27.19,24.25,3311,15110239.0,2.571524183617484e-05
2024-02-29,10:04:43,16.5175,27.19,24.25,3307,15110238.0,2.588028794874243e-05
2024-02-29,10:04:43,16.5234,27.19,24.25,3310,15110237.0,2.575640442488854e-05
2024-02-29,10:04:43,16.5292,27.19,24.25,3308,15110235.0,2.583892737561843e-05
2024-02-29,10:04:43,16.5351,27.19,24.25,3307,15110233.0,2.588028794874243e-05
2024-02-29,10:04:43,16.541,27.19,24.25,3307,15110232.0,2.588028794874243e-05
2024-02-29,10:04:43,16.547,27.19,24.25,3305,15110231.0,2.596320781954575e-05
2024-02-29,10:04:43,16.553,27.19,24.25,3306,15110232.0,2.592171472805926e-05
2024-02-29,10:04:43,16.5589,27.19,24.25,3304,15110230.0,2.600476732934825e-05
2024-02-29,10:04:43,16.5648,27.19,24.25,3304,15110228.0,2.600476732934825e-05
2024-02-29,10:04:43,16.5707,27.19,24.25,3306,15110228.0,2.592171472805926e-05
2024-02-29,10:04:43,16.5767,27.19,24.25,3306,15110228.0,2.592171472805926e-05
2024-02-29,10:04:43,16.5827,27.19,24.25,3303,15110227.0,2.604639336378313e-05
2024-02-29,10:04:43,16.5886,27.19,24.25,3295,15110223.0,2.638180934027105e-05
2024-02-29,10:04:43,16.5945,27.19,24.25,3292,15110221.0,2.650870094566748e-05
2024-02-29,10:04:43,16.6005,27.19,24.25,3297,15110222.0,2.62975525628629e-05
2024-02-29,10:04:43,16.6066,27.19,24.25,3300,15110222.0,2.617167168059942e-05
2024-02-29,10:04:43,16.6124,27.19,24.25,3298,15110220.0,2.625552513844194e-05
2024-02-29,10:04:43,16.6183,27.19,24.25,3300,15110219.0,2.617167168059942e-05
2024-02-29,10:04:43,16.6243,27.19,24.25,3295,15110216.0,2.638180934027105e-05
2024-02-29,10:04:43,16.6304,27.19,24.25,3287,15110218.0,2.672154468165959e-05
2024-02-29,10:04:43,16.6362,27.19,24.25,3289,15110219.0,2.663620287612968e-05
2024-02-29,10:04:43,16.6421,27.19,24.25,3290,15110216.0,2.659363423782914e-05
2024-02-29,10:04:43,16.6482,27.19,24.25,3290,15110214.0,2.659363423782914e-05
2024-02-29,10:04:43,16.6542,27.19,24.25,3291,15110215.0,2.655113363058303e-05
2024-02-29,10:04:43,16.6601,27.19,24.25,3287,15110212.0,2.672154468165959e-05
2024-02-29,10:04:43,16.6659,27.19,24.25,3286,15110212.0,2.676431806720787e-05
2024-02-29,10:04:43,16.672,27.19,24.25,3285,15110212.0,2.680715992044892e-05
2024-02-29,10:04:43,16.6781,27.19,24.25,3283,15110210.0,2.68930494685718e-05
2024-02-29,10:04:43,16.6841,27.19,24.25,3285,15110208.0,2.680715992044892e-05
2024-02-29,10:04:43,16.6901,27.19,24.25,3286,15110208.0,2.676431806720787e-05
2024-02-29,10:04:43,16.6962,27.19,24.25,3282,15110206.0,2.693609738317374e-05
2024-02-29,10:04:44,16.702,27.19,24.25,3280,15110206.0,2.702240004407852e-05
2024-02-29,10:04:44,16.7081,27.19,24.25,3278,15110206.0,2.710897921680211e-05
2024-02-29,10:04:44,16.7141,27.19,24.25,3273,15110205.0,2.732664270877265e-05
2024-02-29,10:04:44,16.7201,27.19,24.25,3275,15110204.0,2.723936837431255e-05
2024-02-29,10:04:44,16.7261,27.19,24.25,3278,15110204.0,2.710897921680211e-05
2024-02-29,10:04:44,16.7321,27.19,24.25,3271,15110200.0,2.741419666827216e-05
2024-02-29,10:04:44,16.7381,27.19,24.25,3270,15110199.0,2.74580787872723e-05
2024-02-29,10:04:44,16.7442,27.19,24.25,3269,15110199.0,2.750203114872354e-05
2024-02-29,10:04:44,16.7503,27.19,24.25,3266,15110198.0,2.763431081306017e-05
2024-02-29,10:04:44,16.7563,27.19,24.25,3268,15110196.0,2.754605386506345e-05
2024-02-29,10:04:44,16.7623,27.19,24.25,3270,15110196.0,2.74580787872723e-05
2024-02-29,10:04:44,16.7683,27.19,24.25,3264,15110193.0,2.772285053436838e-05
2024-02-29,10:04:44,16.7744,27.19,24.25,3259,15110192.0,2.794544292364388e-05
2024-02-29,10:04:44,16.7805,27.19,24.25,3262,15110193.0,2.781167393498751e-05
2024-02-29,10:04:44,16.7866,27.19,24.25,3264,15110194.0,2.772285053436838e-05
2024-02-29,10:04:44,16.7927,27.19,24.25,3264,15110192.0,2.772285053436838e-05
2024-02-29,10:04:44,16.7987,27.19,24.25,3264,15110192.0,2.772285053436838e-05
2024-02-29,10:04:44,16.8048,27.19,24.25,3259,15110190.0,2.794544292364388e-05
2024-02-29,10:04:44,16.811,27.19,24.25,3253,15110189.0,2.821491420761792e-05
2024-02-29,10:04:44,16.8171,27.19,24.25,3255,15110189.0,2.812480296030659e-05
2024-02-29,10:04:44,16.8231,27.19,24.25,3258,15110188.0,2.799017541267961e-05
2024-02-29,10:04:44,16.8291,27.19,24.25,3254,15110186.0,2.816982255235571e-05
2024-02-29,10:04:44,16.8353,27.19,24.25,3252,15110186.0,2.826007804144532e-05
2024-02-29,10:04:44,16.8414,27.19,24.25,3253,15110187.0,2.821491420761792e-05
2024-02-29,10:04:44,16.8476,27.19,24.25,3253,15110186.0,2.821491420761792e-05
2024-02-29,10:04:44,16.8536,27.19,24.25,3254,15110184.0,2.816982255235571e-05
2024-02-29,10:04:44,16.8596,27.19,24.25,3255,15110184.0,2.812480296030659e-05
2024-02-29,10:04:44,16.8658,27.19,24.25,3250,15110183.0,2.835062270712792e-05
2024-02-29,10:04:44,16.8719,27.19,24.25,3244,15110182.0,2.862400104373998e-05
2024-02-29,10:04:44,16.878,27.19,24.25,3247,15110181.0,2.848698393932761e-05
2024-02-29,10:04:44,16.8842,27.19,24.25,3251,15110181.0,2.830531416937475e-05
2024-02-29,10:04:44,16.8903,27.19,24.25,3247,15110179.0,2.848698393932761e-05
2024-02-29,10:04:44,16.8965,27.19,24.25,3243,15110178.0,2.866981970606527e-05
2024-02-29,10:04:44,16.9026,27.19,24.25,3245,15110179.0,2.857825560649389e-05
2024-02-29,10:04:44,16.9088,27.19,24.25,3247,15110178.0,2.848698393932761e-05
2024-02-29,10:04:44,16.9149,27.19,24.25,3245,15110176.0,2.857825560649389e-05
2024-02-29,10:04:44,16.921,27.19,24.25,3244,15110176.0,2.862400104373998e-05
2024-02-29,10:04:44,16.9272,27.19,24.25,3244,15110177.0,2.862400104373998e-05
2024-02-29,10:04:44,16.9333,27.19,24.25,3242,15110176.0,2.871571171068163e-05
2024-02-29,10:04:44,16.9395,27.19,24.25,3242,15110174.0,2.871571171068163e-05
2024-02-29,10:04:44,16.9456,27.19,24.25,3244,15110174.0,2.862400104373998e-05
2024-02-29,10:04:44,16.9518,27.19,24.25,3240,15110173.0,2.880771621657395e-05
2024-02-29,10:04:44,16.9579,27.19,24.25,3235,15110172.0,2.903901921242816e-05
2024-02-29,10:04:44,16.9641,27.19,24.25,3237,15110171.0,2.894627598369905e-05
2024-02-29,10:04:44,16.9703,27.19,24.25,3240,15110171.0,2.880771621657395e-05
2024-02-29,10:04:44,16.9765,27.19,24.25,3236,15110169.0,2.899261051404105e-05
2024-02-29,10:04:44,16.9825,27.19,24.25,3231,15110169.0,2.922539806370712e-05
2024-02-29,10:04:44,16.9888,27.19,24.25,3233,15110169.0,2.91320595884131e-05
2024-02-29,10:04:44,16.995,27.19,24.25,3237,15110168.0,2.894627598369905e-05
2024-02-29,10:04:44,17.0012,27.19,24.25,3235,15110168.0,2.903901921242816e-05
2024-02-29,10:04:44,17.0073,27.19,24.25,3231,15110168.0,2.922539806370712e-05
2024-02-29,10:04:44,17.0135,27.19,24.25,3232,15110167.0,2.917869150402409e-05
2024-02-29,10:04:44,17.0196,27.19,24.25,3234,15110167.0,2.908550219758169e-05
2024-02-29,10:04:44,17.0258,27.19,24.25,3232,15110166.0,2.917869150402409e-05
2024-02-29,10:04:44,17.032,27.19,24.25,3231,15110165.0,2.922539806370712e-05
2024-02-29,10:04:44,17.0383,27.19,24.25,3231,15110165.0,2.922539806370712e-05
2024-02-29,10:04:44,17.0444,27.19,24.25,3230,15110164.0,2.927217938694547e-05
2024-02-29,10:04:44,17.0506,27.19,24.25,3230,15110164.0,2.927217938694547e-05
2024-02-29,10:04:44,17.0567,27.19,24.25,3231,15110164.0,2.922539806370712e-05
2024-02-29,10:04:44,17.063,27.19,24.25,3230,15110164.0,2.927217938694547e-05
2024-02-29,10:04:44,17.0693,27.19,24.25,3228,15110163.0,2.936596680297826e-05
2024-02-29,10:04:44,17.0754,27.19,24.25,3229,15110162.0,2.931903559341381e-05
2024-02-29,10:04:44,17.0816,27.19,24.25,3231,15110162.0,2.922539806370712e-05
2024-02-29,10:04:44,17.0878,27.19,24.25,3228,15110161.0,2.936596680297826e-05
2024-02-29,10:04:44,17.0941,27.19,24.25,3223,15110160.0,2.960175210600676e-05
2024-02-29,10:04:44,17.1002,27.19,24.25,3225,15110159.0,2.950721165179008e-05
2024-02-29,10:04:44,17.1064,27.19,24.25,3229,15110159.0,2.931903559341381e-05
2024-02-29,10:04:44,17.1125,27.19,24.25,3225,15110159.0,2.950721165179008e-05
2024-02-29,10:04:44,17.1187,27.19,24.25,3220,15110158.0,2.974413103835483e-05
2024-02-29,10:04:44,17.125,27.19,24.25,3222,15110157.0,2.964913586210391e-05
2024-02-29,10:04:44,17.1312,27.19,24.25,3225,15110157.0,2.950721165179008e-05
2024-02-29,10:04:44,17.1374,27.19,24.25,3221,15110156.0,2.969659546575003e-05
2024-02-29,10:04:44,17.1436,27.19,24.25,3217,15110155.0,2.988719478693625e-05
2024-02-29,10:04:44,17.1499,27.19,24.25,3219,15110155.0,2.97917427015225e-05
2024-02-29,10:04:44,17.1562,27.19,24.25,3222,15110155.0,2.964913586210391e-05
2024-02-29,10:04:44,17.1623,27.19,24.25,3219,15110154.0,2.97917427015225e-05
2024-02-29,10:04:44,17.1685,27.19,24.25,3215,15110154.0,2.99829526987228e-05
2024-02-29,10:04:44,17.1747,27.19,24.25,3218,15110153.0,2.983943057705171e-05
2024-02-29,10:04:44,17.181,27.19,24.25,3220,15110154.0,2.974413103835483e-05
2024-02-29,10:04:44,17.1873,27.19,24.25,3216,15110153.0,2.993503545336507e-05
2024-02-29,10:04:44,17.1936,27.19,24.25,3212,15110152.0,3.012716513515561e-05
2024-02-29,10:04:44,17.1998,27.19,24.25,3214,15110152.0,3.003094664558989e-05
2024-02-29,10:04:44,17.2061,27.19,24.25,3217,15110153.0,2.988719478693625e-05
2024-02-29,10:04:44,17.2124,27.19,24.25,3214,15110152.0,3.003094664558989e-05
2024-02-29,10:04:44,17.2186,27.19,24.25,3210,15110151.0,3.022369190663609e-05
2024-02-29,10:04:44,17.2249,27.19,24.25,3212,15110150.0,3.012716513515561e-05
2024-02-29,10:04:44,17.2312,27.19,24.25,3216,15110150.0,2.993503545336507e-05
2024-02-29,10:04:44,17.2375,27.19,24.25,3213,15110150.0,3.00790174167431e-05
2024-02-29,10:04:44,17.2437,27.19,24.25,3209,15110149.0,3.027207120663602e-05
2024-02-29,10:04:44,17.2499,27.19,24.25,3212,15110149.0,3.012716513515561e-05
2024-02-29,10:04:44,17.256,27.19,24.25,3215,15110150.0,2.99829526987228e-05
2024-02-29,10:04:44,17.2624,27.19,24.25,3211,15110149.0,3.017538992399754e-05
2024-02-29,10:04:44,17.2688,27.19,24.25,3208,15110148.0,3.032052794775979e-05
2024-02-29,10:04:44,17.275,27.19,24.25,3210,15110148.0,3.022369190663609e-05
2024-02-29,10:04:44,17.2811,27.19,24.25,3211,15110148.0,3.017538992399754e-05
2024-02-29,10:04:44,17.2875,27.19,24.25,3208,15110147.0,3.032052794775979e-05
2024-02-29,10:04:44,17.2939,27.19,24.25,3207,15110147.0,3.036906225396806e-05
2024-02-29,10:04:44,17.3002,27.19,24.25,3208,15110146.0,3.032052794775979e-05
2024-02-29,10:04:44,17.3065,27.19,24.25,3207,15110146.0,3.036906225396806e-05
2024-02-29,10:04:44,17.3127,27.19,24.25,3207,15110146.0,3.036906225396806e-05
2024-02-29,10:04:44,17.319,27.19,24.25,3207,15110146.0,3.036906225396806e-05
2024-02-29,10:04:44,17.3253,27.19,24.25,3205,15110145.0,3.046636405847287e-05
2024-02-29,10:04:44,17.3315,27.19,24.25,3203,15110144.0,3.056397761580959e-05
2024-02-29,10:04:44,17.3379,27.19,24.25,3204,15110145.0,3.051513180568405e-05
2024-02-29,10:04:44,17.3443,27.19,24.25,3206,15110144.0,3.041767424941981e-05
2024-02-29,10:04:44,17.3506,27.19,24.25,3203,15110143.0,3.056397761580959e-05
2024-02-29,10:04:44,17.3569,27.19,24.25,3200,15110143.0,3.071098467423187e-05
2024-02-29,10:04:44,17.3633,27.19,24.25,3202,15110143.0,3.061290161380538e-05
2024-02-29,10:04:44,17.3697,27.19,24.25,3205,15110143.0,3.046636405847287e-05
2024-02-29,10:04:44,17.376,27.19,24.25,3203,15110143.0,3.056397761580959e-05
2024-02-29,10:04:44,17.3822,27.19,24.25,3199,15110142.0,3.076014398757577e-05
2024-02-29,10:04:44,17.3885,27.19,24.25,3201,15110142.0,3.066190392482741e-05
2024-02-29,10:04:44,17.3949,27.19,24.25,3204,15110142.0,3.051513180568405e-05
2024-02-29,10:04:44,17.4013,27.19,24.25,3202,15110142.0,3.061290161380538e-05
2024-02-29,10:04:44,17.4076,27.19,24.25,3200,15110142.0,3.071098467423187e-05
2024-02-29,10:04:44,17.4138,27.19,24.25,3200,15110141.0,3.071098467423187e-05
2024-02-29,10:04:44,17.4201,27.19,24.25,3200,15110140.0,3.071098467423187e-05
2024-02-29,10:04:44,17.4264,27.19,24.25,3200,15110141.0,3.071098467423187e-05
2024-02-29,10:04:44,17.4328,27.19,24.25,3200,15110141.0,3.071098467423187e-05
2024-02-29,10:04:44,17.4392,27.19,24.25,3198,15110140.0,3.080938199061697e-05
2024-02-29,10:04:44,17.4455,27.19,24.25,3195,15110139.0,3.095756939852513e-05
2024-02-29,10:04:44,17.4517,27.19,24.25,3196,15110140.0,3.090809456982983e-05
2024-02-29,10:04:44,17.4581,27.19,24.25,3199,15110140.0,3.076014398757577e-05
2024-02-29,10:04:44,17.4645,27.19,24.25,3197,15110139.0,3.085869880931473e-05
2024-02-29,10:04:44,17.4708,27.19,24.25,3193,15110138.0,3.105675676691896e-05
2024-02-29,10:04:44,17.4772,27.19,24.25,3195,15110138.0,3.095756939852513e-05
2024-02-29,10:04:44,17.4836,27.19,24.25,3199,15110138.0,3.076014398757577e-05
2024-02-29,10:04:44,17.4899,27.19,24.25,3197,15110138.0,3.085869880931473e-05
2024-02-29,10:04:44,17.4962,27.19,24.25,3195,15110138.0,3.095756939852513e-05
2024-02-29,10:04:44,17.5026,27.19,24.25,3196,15110138.0,3.090809456982983e-05
2024-02-29,10:04:44,17.509,27.19,24.25,3196,15110137.0,3.090809456982983e-05
2024-02-29,10:04:44,17.5152,27.19,24.25,3196,15110138.0,3.090809456982983e-05
2024-02-29,10:04:44,17.5215,27.19,24.25,3197,15110138.0,3.085869880931473e-05
2024-02-29,10:04:44,17.5279,27.19,24.25,3195,15110136.0,3.095756939852513e-05
2024-02-29,10:04:44,17.5343,27.19,24.25,3191,15110135.0,3.115626192944974e-05
2024-02-29,10:04:44,17.5407,27.19,24.25,3193,15110136.0,3.105675676691896e-05
2024-02-29,10:04:44,17.5471,27.19,24.25,3197,15110136.0,3.085869880931473e-05
2024-02-29,10:04:44,17.5534,27.19,24.25,3194,15110136.0,3.10071234219656e-05
2024-02-29,10:04:44,17.5598,27.19,24.25,3191,15110135.0,3.115626192944974e-05
2024-02-29,10:04:44,17.5662,27.19,24.25,3194,15110135.0,3.10071234219656e-05
2024-02-29,10:04:44,17.5724,27.19,24.25,3196,15110136.0,3.090809456982983e-05
2024-02-29,10:04:44,17.5788,27.19,24.25,3194,15110135.0,3.10071234219656e-05
2024-02-29,10:04:44,17.5852,27.19,24.25,3193,15110135.0,3.105675676691896e-05
2024-02-29,10:04:44,17.5916,27.19,24.25,3192,15110134.0,3.110646956035572e-05
2024-02-29,10:04:44,17.598,27.19,24.25,3190,15110133.0,3.120613400157834e-05
2024-02-29,10:04:44,17.6043,27.19,24.25,3191,15110134.0,3.115626192944974e-05
2024-02-29,10:04:44,17.6107,27.19,24.25,3193,15110134.0,3.105675676691896e-05
2024-02-29,10:04:44,17.6171,27.19,24.25,3190,15110134.0,3.120613400157834e-05
2024-02-29,10:04:44,17.6235,27.19,24.25,3187,15110133.0,3.135622971300601e-05
2024-02-29,10:04:44,17.6299,27.19,24.25,3190,15110133.0,3.120613400157834e-05
2024-02-29,10:04:44,17.6362,27.19,24.25,3193,15110133.0,3.105675676691896e-05
2024-02-29,10:04:44,17.6426,27.19,24.25,3191,15110133.0,3.115626192944974e-05
2024-02-29,10:04:44,17.6491,27.19,24.25,3189,15110134.0,3.125608590432286e-05
2024-02-29,10:04:44,17.6555,27.19,24.25,3188,15110132.0,3.130611776546872e-05
2024-02-29,10:04:44,17.6618,27.19,24.25,3186,15110132.0,3.14064218751296e-05
2024-02-29,10:04:44,17.6682,27.19,24.25,3188,15110133.0,3.130611776546872e-05
2024-02-29,10:04:44,17.6746,27.19,24.25,3191,15110133.0,3.115626192944974e-05
2024-02-29,10:04:44,17.6809,27.19,24.25,3188,15110131.0,3.130611776546872e-05
2024-02-29,10:04:44,17.6873,27.19,24.25,3185,15110131.0,3.145669438023967e-05
2024-02-29,10:04:44,17.6937,27.19,24.25,3188,15110131.0,3.130611776546872e-05
2024-02-29,10:04:44,17.7001,27.19,24.25,3191,15110131.0,3.115626192944974e-05
2024-02-29,10:04:45,17.7065,27.19,24.25,3189,15110132.0,3.125608590432286e-05
2024-02-29,10:04:45,17.7129,27.19,24.25,3188,15110132.0,3.130611776546872e-05
2024-02-29,10:04:45,17.7193,27.19,24.25,3187,15110130.0,3.135622971300601e-05
2024-02-29,10:04:45,17.7257,27.19,24.25,3184,15110129.0,3.150704735694179e-05
2024-02-29,10:04:45,17.7321,27.19,24.25,3186,15110130.0,3.14064218751296e-05
2024-02-29,10:04:45,17.7385,27.19,24.25,3189,15110130.0,3.125608590432286e-05
2024-02-29,10:04:45,17.7449,27.19,24.25,3186,15110130.0,3.14064218751296e-05
2024-02-29,10:04:45,17.7513,27.19,24.25,3184,15110130.0,3.150704735694179e-05
2024-02-29,10:04:45,17.7577,27.19,24.25,3187,15110130.0,3.135622971300601e-05
2024-02-29,10:04:45,17.7639,27.19,24.25,3188,15110130.0,3.130611776546872e-05
2024-02-29,10:04:45,17.7703,27.19,24.25,3187,15110130.0,3.135622971300601e-05
2024-02-29,10:04:45,17.7769,27.19,24.25,3187,15110131.0,3.135622971300601e-05
2024-02-29,10:04:45,17.7833,27.19,24.25,3185,15110129.0,3.145669438023967e-05
2024-02-29,10:04:45,17.7897,27.19,24.25,3183,15110128.0,3.155748093404753e-05
2024-02-29,10:04:45,17.7961,27.19,24.25,3186,15110129.0,3.14064218751296e-05
2024-02-29,10:04:45,17.8025,27.19,24.25,3189,15110129.0,3.125608590432286e-05
2024-02-29,10:04:45,17.809,27.19,24.25,3186,15110129.0,3.14064218751296e-05
2024-02-29,10:04:45,17.8154,27.19,24.25,3185,15110129.0,3.145669438023967e-05
2024-02-29,10:04:45,17.8217,27.19,24.25,3186,15110129.0,3.14064218751296e-05
2024-02-29,10:04:45,17.8281,27.19,24.25,3184,15110128.0,3.150704735694179e-05
2024-02-29,10:04:45,17.8345,27.19,24.25,3185,15110129.0,3.145669438023967e-05
2024-02-29,10:04:45,17.8409,27.19,24.25,3187,15110129.0,3.135622971300601e-05
2024-02-29,10:04:45,17.8474,27.19,24.25,3183,15110128.0,3.155748093404753e-05
2024-02-29,10:04:45,17.8539,27.19,24.25,3180,15110128.0,3.170926655899616e-05
2024-02-29,10:04:45,17.8603,27.19,24.25,3184,15110129.0,3.150704735694179e-05
2024-02-29,10:04:45,17.8666,27.19,24.25,3187,15110128.0,3.135622971300601e-05
2024-02-29,10:04:45,17.873,27.19,24.25,3186,15110129.0,3.14064218751296e-05
2024-02-29,10:04:45,17.8795,27.19,24.25,3186,15110129.0,3.14064218751296e-05
2024-02-29,10:04:45,17.8859,27.19,24.25,3184,15110127.0,3.150704735694179e-05
2024-02-29,10:04:45,17.8922,27.19,24.25,3180,15110127.0,3.170926655899616e-05
2024-02-29,10:04:45,17.8986,27.19,24.25,3183,15110128.0,3.155748093404753e-05
2024-02-29,10:04:45,17.9051,27.19,24.25,3188,15110128.0,3.130611776546872e-05
2024-02-29,10:04:45,17.9115,27.19,24.25,3185,15110128.0,3.145669438023967e-05
2024-02-29,10:04:45,17.9179,27.19,24.25,3183,15110128.0,3.155748093404753e-05
2024-02-29,10:04:45,17.9243,27.19,24.25,3185,15110128.0,3.145669438023967e-05
2024-02-29,10:04:45,17.9307,27.19,24.25,3183,15110127.0,3.155748093404753e-05
2024-02-29,10:04:45,17.9372,27.19,24.25,3183,15110128.0,3.155748093404753e-05
2024-02-29,10:04:45,17.9436,27.19,24.25,3186,15110128.0,3.14064218751296e-05
2024-02-29,10:04:45,17.9499,27.19,24.25,3183,15110127.0,3.155748093404753e-05
2024-02-29,10:04:45,17.9564,27.19,24.25,3179,15110127.0,3.176002382996009e-05
2024-02-29,10:04:45,17.963,27.19,24.25,3182,15110127.0,3.160799524057453e-05
2024-02-29,10:04:45,17.9692,27.19,24.25,3184,15110127.0,3.150704735694179e-05
2024-02-29,10:04:45,17.9756,27.19,24.25,3183,15110128.0,3.155748093404753e-05
2024-02-29,10:04:45,17.982,27.19,24.25,3184,15110128.0,3.150704735694179e-05
2024-02-29,10:04:45,17.9884,27.19,24.25,3181,15110125.0,3.165859040574708e-05
2024-02-29,10:04:45,17.995,27.19,24.25,3178,15110125.0,3.181086234848457e-05
2024-02-29,10:04:45,18.0014,27.19,24.25,3182,15110126.0,3.160799524057453e-05
2024-02-29,10:04:45,18.0078,27.19,24.25,3186,15110126.0,3.14064218751296e-05
2024-02-29,10:04:45,18.0143,27.19,24.25,3184,15110127.0,3.150704735694179e-05
2024-02-29,10:04:45,18.0207,27.19,24.25,3183,15110127.0,3.155748093404753e-05
2024-02-29,10:04:45,18.0271,27.19,24.25,3182,15110125.0,3.160799524057453e-05
2024-02-29,10:04:45,18.0335,27.19,24.25,3179,15110124.0,3.176002382996009e-05
2024-02-29,10:04:45,18.0399,27.19,24.25,3182,15110126.0,3.160799524057453e-05
2024-02-29,10:04:45,18.0464,27.19,24.25,3186,15110126.0,3.14064218751296e-05
2024-02-29,10:04:45,18.0528,27.19,24.25,3183,15110126.0,3.155748093404753e-05
2024-02-29,10:04:45,18.0592,27.19,24.25,3181,15110126.0,3.165859040574708e-05
2024-02-29,10:04:45,18.0656,27.19,24.25,3183,15110126.0,3.155748093404753e-05
2024-02-29,10:04:45,18.072,27.19,24.25,3182,15110125.0,3.160799524057453e-05
2024-02-29,10:04:45,18.0784,27.19,24.25,3183,15110126.0,3.155748093404753e-05
2024-02-29,10:04:45,18.0848,27.19,24.25,3185,15110127.0,3.145669438023967e-05
2024-02-29,10:04:45,18.0914,27.19,24.25,3181,15110125.0,3.165859040574708e-05
2024-02-29,10:04:45,18.0979,27.19,24.25,3177,15110126.0,3.186178224462326e-05
2024-02-29,10:04:45,18.1043,27.19,24.25,3180,15110126.0,3.170926655899616e-05
2024-02-29,10:04:45,18.1106,27.19,24.25,3183,15110125.0,3.155748093404753e-05
2024-02-29,10:04:45,18.117,27.19,24.25,3183,15110126.0,3.155748093404753e-05
2024-02-29,10:04:45,18.1235,27.19,24.25,3184,15110127.0,3.150704735694179e-05
2024-02-29,10:04:45,18.1299,27.19,24.25,3182,15110125.0,3.160799524057453e-05
2024-02-29,10:04:45,18.1362,27.19,24.25,3178,15110125.0,3.181086234848457e-05
2024-02-29,10:04:45,18.1427,27.19,24.25,3181,15110126.0,3.165859040574708e-05
2024-02-29,10:04:45,18.1492,27.19,24.25,3186,15110126.0,3.14064218751296e-05
2024-02-29,10:04:45,18.1556,27.19,24.25,3183,15110125.0,3.155748093404753e-05
2024-02-29,10:04:45,18.162,27.19,24.25,3181,15110126.0,3.165859040574708e-05
2024-02-29,10:04:45,18.1684,27.19,24.25,3181,15110125.0,3.165859040574708e-05
2024-02-29,10:04:45,18.1749,27.19,24.25,3178,15110124.0,3.181086234848457e-05
2024-02-29,10:04:45,18.1813,27.19,24.25,3180,15110125.0,3.170926655899616e-05
2024-02-29,10:04:45,18.1877,27.19,24.25,3184,15110125.0,3.150704735694179e-05
2024-02-29,10:04:45,18.1943,27.19,24.25,3181,15110125.0,3.165859040574708e-05
2024-02-29,10:04:45,18.2008,27.19,24.25,3179,15110126.0,3.176002382996009e-05
2024-02-29,10:04:45,18.2072,27.19,24.25,3180,15110125.0,3.170926655899616e-05
2024-02-29,10:04:45,18.2136,27.19,24.25,3178,15110125.0,3.181086234848457e-05
2024-02-29,10:04:45,18.2201,27.19,24.25,3180,15110125.0,3.170926655899616e-05
2024-02-29,10:04:45,18.2265,27.19,24.25,3184,15110125.0,3.150704735694179e-05
2024-02-29,10:04:45,18.2329,27.19,24.25,3181,15110125.0,3.165859040574708e-05
2024-02-29,10:04:45,18.2394,27.19,24.25,3179,15110124.0,3.176002382996009e-05
2024-02-29,10:04:45,18.2457,27.19,24.25,3182,15110126.0,3.160799524057453e-05
2024-02-29,10:04:45,18.252,27.19,24.25,3181,15110126.0,3.165859040574708e-05
2024-02-29,10:04:45,18.2585,27.19,24.25,3181,15110125.0,3.165859040574708e-05
2024-02-29,10:04:45,18.265,27.19,24.25,3184,15110125.0,3.150704735694179e-05
2024-02-29,10:04:45,18.2714,27.19,24.25,3180,15110125.0,3.170926655899616e-05
2024-02-29,10:04:45,18.2778,27.19,24.25,3176,15110125.0,3.191278364863791e-05
2024-02-29,10:04:45,18.2842,27.19,24.25,3180,15110125.0,3.170926655899616e-05
2024-02-29,10:04:45,18.2906,27.19,24.25,3182,15110125.0,3.160799524057453e-05
2024-02-29,10:04:45,18.2972,27.19,24.25,3181,15110125.0,3.165859040574708e-05
2024-02-29,10:04:45,18.3036,27.19,24.25,3183,15110126.0,3.155748093404753e-05
2024-02-29,10:04:45,18.31,27.19,24.25,3182,15110125.0,3.160799524057453e-05
2024-02-29,10:04:45,18.3165,27.19,24.25,3178,15110125.0,3.181086234848457e-05
2024-02-29,10:04:45,18.3229,27.19,24.25,3180,15110125.0,3.170926655899616e-05
2024-02-29,10:04:45,18.3293,27.19,24.25,3184,15110125.0,3.150704735694179e-05
2024-02-29,10:04:45,18.3358,27.19,24.25,3182,15110125.0,3.160799524057453e-05
2024-02-29,10:04:45,18.3422,27.19,24.25,3181,15110126.0,3.165859040574708e-05
2024-02-29,10:04:45,18.3485,27.19,24.25,3181,15110125.0,3.165859040574708e-05
2024-02-29,10:04:45,18.3549,27.19,24.25,3178,15110124.0,3.181086234848457e-05
2024-02-29,10:04:45,18.3614,27.19,24.25,3181,15110125.0,3.165859040574708e-05
2024-02-29,10:04:45,18.368,27.19,24.25,3185,15110125.0,3.145669438023967e-05
2024-02-29,10:04:45,18.3744,27.19,24.25,3181,15110125.0,3.165859040574708e-05
2024-02-29,10:04:45,18.3808,27.19,24.25,3179,15110125.0,3.176002382996009e-05
2024-02-29,10:04:45,18.3872,27.19,24.25,3181,15110125.0,3.165859040574708e-05
2024-02-29,10:04:45,18.3936,27.19,24.25,3180,15110124.0,3.170926655899616e-05
2024-02-29,10:04:45,18.4001,27.19,24.25,3181,15110125.0,3.165859040574708e-05
2024-02-29,10:04:45,18.4065,27.19,24.25,3184,15110125.0,3.150704735694179e-05
2024-02-29,10:04:45,18.4129,27.19,24.25,3181,15110125.0,3.165859040574708e-05
2024-02-29,10:04:45,18.4194,27.19,24.25,3178,15110125.0,3.181086234848457e-05
2024-02-29,10:04:45,18.4258,27.19,24.25,3178,15110125.0,3.181086234848457e-05
2024-02-29,10:04:45,18.4322,27.19,24.25,3178,15110124.0,3.181086234848457e-05
2024-02-29,10:04:45,18.4387,27.19,24.25,3180,15110125.0,3.170926655899616e-05
2024-02-29,10:04:45,18.4451,27.19,24.25,3183,15110125.0,3.155748093404753e-05
2024-02-29,10:04:45,18.4515,27.19,24.25,3180,15110124.0,3.170926655899616e-05
2024-02-29,10:04:45,18.4581,27.19,24.25,3176,15110124.0,3.191278364863791e-05
2024-02-29,10:04:45,18.4645,27.19,24.25,3180,15110125.0,3.170926655899616e-05
2024-02-29,10:04:45,18.4709,27.19,24.25,3182,15110126.0,3.160799524057453e-05
2024-02-29,10:04:45,18.4773,27.19,24.25,3180,15110125.0,3.170926655899616e-05
2024-02-29,10:04:45,18.4837,27.19,24.25,3181,15110125.0,3.165859040574708e-05
2024-02-29,10:04:45,18.4901,27.19,24.25,3179,15110124.0,3.176002382996009e-05
2024-02-29,10:04:45,18.4965,27.19,24.25,3174,15110122.0,3.201503150238514e-05
2024-02-29,10:04:45,18.503,27.19,24.25,3174,15110120.0,3.201503150238514e-05
2024-02-29,10:04:45,18.5095,27.19,24.25,3173,15110119.0,3.206627821368519e-05
2024-02-29,10:04:45,18.5161,27.19,24.25,3167,15110117.0,3.237548573586047e-05
2024-02-29,10:04:45,18.5226,27.19,24.25,3165,15110118.0,3.247921607687248e-05
2024-02-29,10:04:45,18.529,27.19,24.25,3161,15110118.0,3.268767487290021e-05
2024-02-29,10:04:45,18.5355,27.19,24.25,3156,15110118.0,3.295013084368136e-05
2024-02-29,10:04:45,18.542,27.19,24.25,3157,15110117.0,3.289747160361017e-05
2024-02-29,10:04:45,18.5486,27.19,24.25,3156,15110118.0,3.295013084368136e-05
2024-02-29,10:04:45,18.5552,27.19,24.25,3155,15110118.0,3.300287437581e-05
2024-02-29,10:04:45,18.5618,27.19,24.25,3157,15110119.0,3.289747160361017e-05
2024-02-29,10:04:45,18.5683,27.19,24.25,3152,15110118.0,3.316161207489005e-05
2024-02-29,10:04:45,18.5749,27.19,24.25,3150,15110119.0,3.326786114732408e-05
2024-02-29,10:04:45,18.5816,27.19,24.25,3148,15110121.0,3.337445063943879e-05
2024-02-29,10:04:45,18.5881,27.19,24.25,3144,15110122.0,3.358865524899333e-05
2024-02-29,10:04:45,18.5946,27.19,24.25,3146,15110122.0,3.34813816419313e-05
2024-02-29,10:04:45,18.6013,27.19,24.25,3145,15110123.0,3.353497555136735e-05
2024-02-29,10:04:45,18.608,27.19,24.25,3146,15110123.0,3.34813816419313e-05
2024-02-29,10:04:45,18.6145,27.19,24.25,3150,15110124.0,3.326786114732408e-05
2024-02-29,10:04:45,18.6211,27.19,24.25,3147,15110124.0,3.342787338358289e-05
2024-02-29,10:04:45,18.6278,27.25,24.25,3146,15110125.0,3.34813816419313e-05
2024-02-29,10:04:45,18.6345,27.25,24.25,3144,15110127.0,3.358865524899333e-05
2024-02-29,10:04:45,18.6412,27.25,24.25,3141,15110127.0,3.375021044532881e-05
2024-02-29,10:04:45,18.6479,27.25,24.25,3142,15110128.0,3.369627255832234e-05
2024-02-29,10:04:45,18.6543,27.25,24.25,3140,15110128.0,3.38042346711328e-05
2024-02-29,10:04:45,18.6608,27.25,24.25,3142,15110128.0,3.369627255832234e-05
2024-02-29,10:04:45,18.6676,27.25,24.25,3144,15110129.0,3.358865524899333e-05
2024-02-29,10:04:45,18.6743,27.25,24.25,3142,15110128.0,3.369627255832234e-05
2024-02-29,10:04:45,18.6809,27.25,24.25,3144,15110129.0,3.358865524899333e-05
2024-02-29,10:04:45,18.6876,27.25,24.25,3142,15110129.0,3.369627255832234e-05
2024-02-29,10:04:45,18.6942,27.25,24.25,3141,15110130.0,3.375021044532881e-05
2024-02-29,10:04:45,18.7009,27.25,24.25,3142,15110131.0,3.369627255832234e-05
2024-02-29,10:04:46,18.7074,27.25,24.25,3140,15110130.0,3.38042346711328e-05
2024-02-29,10:04:46,18.7139,27.25,24.25,3142,15110130.0,3.369627255832234e-05
2024-02-29,10:04:46,18.7206,27.25,24.25,3142,15110130.0,3.369627255832234e-05
2024-02-29,10:04:46,18.7273,27.25,24.25,3144,15110131.0,3.358865524899333e-05
2024-02-29,10:04:46,18.7338,27.25,24.25,3147,15110132.0,3.342787338358289e-05
2024-02-29,10:04:46,18.7404,27.25,24.25,3144,15110130.0,3.358865524899333e-05
2024-02-29,10:04:46,18.7471,27.25,24.25,3143,15110130.0,3.364242087213114e-05
2024-02-29,10:04:46,18.7536,27.25,24.25,3142,15110129.0,3.369627255832234e-05
2024-02-29,10:04:46,18.7604,27.25,24.25,3142,15110128.0,3.369627255832234e-05
2024-02-29,10:04:46,18.7671,27.25,24.25,3143,15110131.0,3.364242087213114e-05
2024-02-29,10:04:46,18.7736,27.25,24.25,3140,15110132.0,3.38042346711328e-05
2024-02-29,10:04:46,18.7802,27.25,24.25,3143,15110131.0,3.364242087213114e-05
2024-02-29,10:04:46,18.7869,27.25,24.25,3146,15110131.0,3.34813816419313e-05
2024-02-29,10:04:46,18.7936,27.25,24.25,3145,15110131.0,3.353497555136735e-05
2024-02-29,10:04:46,18.8002,27.25,24.25,3146,15110132.0,3.34813816419313e-05
2024-02-29,10:04:46,18.8069,27.25,24.25,3144,15110132.0,3.358865524899333e-05
2024-02-29,10:04:46,18.8135,27.25,24.25,3144,15110131.0,3.358865524899333e-05
2024-02-29,10:04:46,18.8202,27.25,24.25,3144,15110132.0,3.358865524899333e-05
2024-02-29,10:04:46,18.8267,27.25,24.25,3141,15110131.0,3.375021044532881e-05
2024-02-29,10:04:46,18.8332,27.25,24.25,3143,15110131.0,3.364242087213114e-05
2024-02-29,10:04:46,18.8399,27.25,24.25,3145,15110131.0,3.353497555136735e-05
2024-02-29,10:04:46,18.8466,27.25,24.25,3146,15110131.0,3.34813816419313e-05
2024-02-29,10:04:46,18.8531,27.25,24.25,3148,15110132.0,3.337445063943879e-05
2024-02-29,10:04:46,18.8596,27.25,24.25,3145,15110130.0,3.353497555136735e-05
2024-02-29,10:04:46,18.8663,27.25,24.25,3144,15110131.0,3.358865524899333e-05
2024-02-29,10:04:46,18.8729,27.25,24.25,3144,15110132.0,3.358865524899333e-05
2024-02-29,10:04:46,18.8796,27.25,24.25,3142,15110131.0,3.369627255832234e-05
2024-02-29,10:04:46,18.8862,27.25,24.25,3144,15110131.0,3.358865524899333e-05
2024-02-29,10:04:46,18.8929,27.25,24.25,3144,15110131.0,3.358865524899333e-05
2024-02-29,10:04:46,18.8995,27.25,24.25,3144,15110131.0,3.358865524899333e-05
2024-02-29,10:04:46,18.9061,27.25,24.25,3146,15110131.0,3.34813816419313e-05
2024-02-29,10:04:46,18.9127,27.25,24.25,3145,15110131.0,3.353497555136735e-05
2024-02-29,10:04:46,18.9194,27.25,24.25,3145,15110131.0,3.353497555136735e-05
2024-02-29,10:04:46,18.9259,27.25,24.25,3144,15110132.0,3.358865524899333e-05
2024-02-29,10:04:46,18.9326,27.25,24.25,3142,15110132.0,3.369627255832234e-05
2024-02-29,10:04:46,18.9392,27.25,24.25,3143,15110132.0,3.364242087213114e-05
2024-02-29,10:04:46,18.9459,27.25,24.25,3142,15110131.0,3.369627255832234e-05
2024-02-29,10:04:46,18.9525,27.25,24.25,3144,15110132.0,3.358865524899333e-05
2024-02-29,10:04:46,18.9591,27.25,24.25,3146,15110132.0,3.34813816419313e-05
2024-02-29,10:04:46,18.9657,27.25,24.25,3144,15110131.0,3.358865524899333e-05
2024-02-29,10:04:46,18.9724,27.25,24.25,3146,15110131.0,3.34813816419313e-05
2024-02-29,10:04:46,18.979,27.25,24.25,3144,15110130.0,3.358865524899333e-05
2024-02-29,10:04:46,18.9857,27.25,24.25,3143,15110130.0,3.364242087213114e-05
2024-02-29,10:04:46,18.9922,27.25,24.25,3144,15110132.0,3.358865524899333e-05
2024-02-29,10:04:46,18.9989,27.25,24.25,3141,15110132.0,3.375021044532881e-05
2024-02-29,10:04:46,19.0055,27.25,24.25,3141,15110131.0,3.375021044532881e-05
2024-02-29,10:04:46,19.0122,27.25,24.25,3141,15110131.0,3.375021044532881e-05
2024-02-29,10:04:46,19.0188,27.25,24.25,3142,15110131.0,3.369627255832234e-05
2024-02-29,10:04:46,19.0255,27.25,24.25,3145,15110131.0,3.353497555136735e-05
2024-02-29,10:04:46,19.0322,27.25,24.25,3144,15110130.0,3.358865524899333e-05
2024-02-29,10:04:46,19.0388,27.25,24.25,3145,15110130.0,3.353497555136735e-05
2024-02-29,10:04:46,19.0455,27.25,24.25,3144,15110131.0,3.358865524899333e-05
2024-02-29,10:04:46,19.0521,27.25,24.25,3141,15110131.0,3.375021044532881e-05
2024-02-29,10:04:46,19.0588,27.25,24.25,3142,15110133.0,3.369627255832234e-05
2024-02-29,10:04:46,19.0653,27.25,24.25,3140,15110133.0,3.38042346711328e-05
2024-02-29,10:04:46,19.0718,27.25,24.25,3141,15110131.0,3.375021044532881e-05
2024-02-29,10:04:46,19.0785,27.25,24.25,3143,15110132.0,3.364242087213114e-05
2024-02-29,10:04:46,19.0851,27.25,24.25,3143,15110131.0,3.364242087213114e-05
2024-02-29,10:04:46,19.0918,27.25,24.25,3144,15110132.0,3.358865524899333e-05
2024-02-29,10:04:46,19.0985,27.25,24.25,3142,15110131.0,3.369627255832234e-05
2024-02-29,10:04:46,19.1051,27.25,24.25,3142,15110131.0,3.369627255832234e-05
2024-02-29,10:04:46,19.1118,27.25,24.25,3142,15110133.0,3.369627255832234e-05
2024-02-29,10:04:46,19.1184,27.25,24.25,3140,15110132.0,3.38042346711328e-05
2024-02-29,10:04:46,19.125,27.25,24.25,3141,15110131.0,3.375021044532881e-05
2024-02-29,10:04:46,19.1315,27.25,24.25,3141,15110131.0,3.375021044532881e-05
2024-02-29,10:04:46,19.1381,27.25,24.25,3142,15110131.0,3.369627255832234e-05
2024-02-29,10:04:46,19.1448,27.25,24.25,3143,15110132.0,3.364242087213114e-05
2024-02-29,10:04:46,19.1514,27.25,24.25,3142,15110131.0,3.369627255832234e-05
2024-02-29,10:04:46,19.1581,27.25,24.25,3144,15110130.0,3.358865524899333e-05
2024-02-29,10:04:46,19.1648,27.25,24.25,3143,15110131.0,3.364242087213114e-05
2024-02-29,10:04:46,19.1714,27.25,24.25,3141,15110131.0,3.375021044532881e-05
2024-02-29,10:04:46,19.1781,27.25,24.25,3141,15110132.0,3.375021044532881e-05
2024-02-29,10:04:46,19.1846,27.25,24.25,3140,15110132.0,3.38042346711328e-05
2024-02-29,10:04:46,19.1913,27.25,24.25,3141,15110131.0,3.375021044532881e-05
2024-02-29,10:04:46,19.1979,27.25,24.25,3141,15110132.0,3.375021044532881e-05
2024-02-29,10:04:46,19.2046,27.25,24.25,3142,15110131.0,3.369627255832234e-05
2024-02-29,10:04:46,19.2112,27.25,24.25,3144,15110132.0,3.358865524899333e-05
2024-02-29,10:04:46,19.2178,27.25,24.25,3142,15110130.0,3.369627255832234e-05
2024-02-29,10:04:46,19.2244,27.25,24.25,3143,15110130.0,3.364242087213114e-05
2024-02-29,10:04:46,19.2311,27.25,24.25,3143,15110131.0,3.364242087213114e-05
2024-02-29,10:04:46,19.2377,27.25,24.25,3141,15110131.0,3.375021044532881e-05
2024-02-29,10:04:46,19.2444,27.25,24.25,3141,15110132.0,3.375021044532881e-05
2024-02-29,10:04:46,19.251,27.25,24.25,3139,15110132.0,3.385834537393757e-05
2024-02-29,10:04:46,19.2577,27.25,24.25,3140,15110131.0,3.38042346711328e-05
2024-02-29,10:04:46,19.2642,27.25,24.25,3142,15110131.0,3.369627255832234e-05
2024-02-29,10:04:46,19.2709,27.25,24.25,3142,15110131.0,3.369627255832234e-05
2024-02-29,10:04:46,19.2775,27.25,24.25,3143,15110131.0,3.364242087213114e-05
2024-02-29,10:04:46,19.2842,27.25,24.25,3142,15110130.0,3.369627255832234e-05
2024-02-29,10:04:46,19.291,27.25,24.25,3142,15110130.0,3.369627255832234e-05
2024-02-29,10:04:46,19.2976,27.25,24.25,3142,15110133.0,3.369627255832234e-05
2024-02-29,10:04:46,19.3042,27.25,24.25,3140,15110132.0,3.38042346711328e-05
2024-02-29,10:04:46,19.3107,27.25,24.25,3141,15110131.0,3.375021044532881e-05
2024-02-29,10:04:46,19.3173,27.25,24.25,3140,15110131.0,3.38042346711328e-05
2024-02-29,10:04:46,19.324,27.25,24.25,3140,15110131.0,3.38042346711328e-05
2024-02-29,10:04:46,19.3306,27.25,24.25,3142,15110131.0,3.369627255832234e-05
2024-02-29,10:04:46,19.3373,27.25,24.25,3142,15110130.0,3.369627255832234e-05
2024-02-29,10:04:46,19.344,27.25,24.25,3143,15110130.0,3.364242087213114e-05
2024-02-29,10:04:46,19.3506,27.25,24.25,3141,15110130.0,3.375021044532881e-05
2024-02-29,10:04:46,19.3573,27.25,24.25,3140,15110129.0,3.38042346711328e-05
2024-02-29,10:04:46,19.3639,27.25,24.25,3141,15110131.0,3.375021044532881e-05
2024-02-29,10:04:46,19.3705,27.25,24.25,3139,15110131.0,3.385834537393757e-05
2024-02-29,10:04:46,19.3771,27.25,24.25,3139,15110131.0,3.385834537393757e-05
2024-02-29,10:04:46,19.3838,27.25,24.25,3139,15110131.0,3.385834537393757e-05
2024-02-29,10:04:46,19.3904,27.25,24.25,3140,15110131.0,3.38042346711328e-05
2024-02-29,10:04:46,19.3971,27.25,24.25,3141,15110131.0,3.375021044532881e-05
2024-02-29,10:04:46,19.4036,27.25,24.25,3140,15110130.0,3.38042346711328e-05
2024-02-29,10:04:46,19.4103,27.25,24.25,3141,15110130.0,3.375021044532881e-05
2024-02-29,10:04:46,19.417,27.25,24.25,3140,15110130.0,3.38042346711328e-05
2024-02-29,10:04:46,19.4237,27.25,24.25,3140,15110129.0,3.38042346711328e-05
2024-02-29,10:04:46,19.4304,27.25,24.25,3140,15110132.0,3.38042346711328e-05
2024-02-29,10:04:46,19.437,27.25,24.25,3138,15110132.0,3.391254269216747e-05
2024-02-29,10:04:46,19.4435,27.25,24.25,3139,15110130.0,3.385834537393757e-05
2024-02-29,10:04:46,19.4502,27.25,24.25,3139,15110130.0,3.385834537393757e-05
2024-02-29,10:04:46,19.457,27.25,24.25,3140,15110131.0,3.38042346711328e-05
2024-02-29,10:04:46,19.4636,27.25,24.25,3141,15110131.0,3.375021044532881e-05
2024-02-29,10:04:46,19.4702,27.25,24.25,3140,15110129.0,3.38042346711328e-05
2024-02-29,10:04:46,19.4768,27.25,24.25,3141,15110130.0,3.375021044532881e-05
2024-02-29,10:04:46,19.4835,27.25,24.25,3140,15110131.0,3.38042346711328e-05
2024-02-29,10:04:46,19.4901,27.25,24.25,3139,15110130.0,3.385834537393757e-05
2024-02-29,10:04:46,19.4968,27.25,24.25,3139,15110131.0,3.385834537393757e-05
2024-02-29,10:04:46,19.5033,27.25,24.25,3138,15110131.0,3.391254269216747e-05
2024-02-29,10:04:46,19.51,27.25,24.25,3139,15110130.0,3.385834537393757e-05
2024-02-29,10:04:46,19.5168,27.25,24.25,3139,15110131.0,3.385834537393757e-05
2024-02-29,10:04:46,19.5234,27.25,24.25,3139,15110130.0,3.385834537393757e-05
2024-02-29,10:04:46,19.5299,27.25,24.25,3140,15110130.0,3.38042346711328e-05
2024-02-29,10:04:46,19.5366,27.25,24.25,3139,15110129.0,3.385834537393757e-05
2024-02-29,10:04:46,19.5434,27.25,24.25,3140,15110129.0,3.38042346711328e-05
2024-02-29,10:04:46,19.55,27.25,24.25,3140,15110131.0,3.38042346711328e-05
2024-02-29,10:04:46,19.5567,27.25,24.25,3139,15110130.0,3.385834537393757e-05
2024-02-29,10:04:46,19.5634,27.25,24.25,3139,15110131.0,3.385834537393757e-05
2024-02-29,10:04:46,19.5699,27.25,24.25,3138,15110131.0,3.391254269216747e-05
2024-02-29,10:04:46,19.5764,27.25,24.25,3139,15110130.0,3.385834537393757e-05
2024-02-29,10:04:46,19.5831,27.25,24.25,3139,15110131.0,3.385834537393757e-05
2024-02-29,10:04:46,19.5897,27.25,24.25,3139,15110130.0,3.385834537393757e-05
2024-02-29,10:04:46,19.5964,27.25,24.25,3140,15110130.0,3.38042346711328e-05
2024-02-29,10:04:46,19.6032,27.25,24.25,3139,15110128.0,3.385834537393757e-05
2024-02-29,10:04:46,19.6099,27.25,24.25,3140,15110128.0,3.38042346711328e-05
2024-02-29,10:04:46,19.6166,27.25,24.25,3139,15110130.0,3.385834537393757e-05
2024-02-29,10:04:46,19.6233,27.25,24.25,3137,15110130.0,3.396682676446853e-05
2024-02-29,10:04:46,19.6299,27.25,24.25,3138,15110131.0,3.391254269216747e-05
2024-02-29,10:04:46,19.6364,27.31,24.5,3138,15110130.0,3.391254269216747e-05
2024-02-29,10:04:46,19.643,27.31,24.5,3138,15110130.0,3.391254269216747e-05
2024-02-29,10:04:46,19.6496,27.31,24.5,3137,15110130.0,3.396682676446853e-05
2024-02-29,10:04:46,19.6564,27.31,24.5,3137,15110130.0,3.396682676446853e-05
2024-02-29,10:04:46,19.6631,27.31,24.5,3139,15110130.0,3.385834537393757e-05
2024-02-29,10:04:46,19.6696,27.31,24.5,3138,15110128.0,3.391254269216747e-05
2024-02-29,10:04:46,19.6762,27.31,24.5,3138,15110128.0,3.391254269216747e-05
2024-02-29,10:04:46,19.683,27.31,24.5,3139,15110129.0,3.385834537393757e-05
2024-02-29,10:04:46,19.6898,27.31,24.5,3138,15110129.0,3.391254269216747e-05
2024-02-29,10:04:46,19.6965,27.31,24.5,3137,15110129.0,3.396682676446853e-05
2024-02-29,10:04:46,19.703,27.31,24.5,3136,15110129.0,3.402119772970862e-05
2024-02-29,10:04:47,19.7095,27.31,24.5,3136,15110128.0,3.402119772970862e-05
2024-02-29,10:04:47,19.7163,27.31,24.5,3135,15110129.0,3.407565572697801e-05
2024-02-29,10:04:47,19.723,27.31,24.5,3136,15110129.0,3.402119772970862e-05
2024-02-29,10:04:47,19.7295,27.31,24.5,3138,15110130.0,3.391254269216747e-05
2024-02-29,10:04:47,19.7362,27.31,24.5,3137,15110128.0,3.396682676446853e-05
2024-02-29,10:04:47,19.7429,27.31,24.5,3138,15110128.0,3.391254269216747e-05
2024-02-29,10:04:47,19.7497,27.31,24.5,3138,15110128.0,3.391254269216747e-05
2024-02-29,10:04:47,19.7564,27.31,24.5,3136,15110128.0,3.402119772970862e-05
2024-02-29,10:04:47,19.763,27.31,24.5,3136,15110130.0,3.402119772970862e-05
2024-02-29,10:04:47,19.7696,27.31,24.5,3136,15110129.0,3.402119772970862e-05
2024-02-29,10:04:47,19.7761,27.31,24.5,3136,15110128.0,3.402119772970862e-05
2024-02-29,10:04:47,19.7829,27.31,24.5,3135,15110128.0,3.407565572697801e-05
2024-02-29,10:04:47,19.7895,27.31,24.5,3135,15110128.0,3.407565572697801e-05
2024-02-29,10:04:47,19.7961,27.31,24.5,3136,15110128.0,3.402119772970862e-05
2024-02-29,10:04:47,19.8028,27.31,24.5,3136,15110127.0,3.402119772970862e-05
2024-02-29,10:04:47,19.8096,27.31,24.5,3137,15110127.0,3.396682676446853e-05
2024-02-29,10:04:47,19.8163,27.31,24.5,3137,15110128.0,3.396682676446853e-05
2024-02-29,10:04:47,19.8229,27.31,24.5,3136,15110127.0,3.402119772970862e-05
2024-02-29,10:04:47,19.8296,27.31,24.5,3135,15110129.0,3.407565572697801e-05
2024-02-29,10:04:47,19.8362,27.31,24.5,3135,15110128.0,3.407565572697801e-05
2024-02-29,10:04:47,19.8429,27.31,24.5,3135,15110127.0,3.407565572697801e-05
2024-02-29,10:04:47,19.8496,27.31,24.5,3134,15110127.0,3.413020089558949e-05
2024-02-29,10:04:47,19.8562,27.31,24.5,3135,15110128.0,3.407565572697801e-05
2024-02-29,10:04:47,19.8627,27.31,24.5,3136,15110128.0,3.402119772970862e-05
2024-02-29,10:04:47,19.8694,27.31,24.5,3135,15110127.0,3.407565572697801e-05
2024-02-29,10:04:47,19.8762,27.31,24.5,3136,15110127.0,3.402119772970862e-05
2024-02-29,10:04:47,19.8828,27.31,24.5,3136,15110127.0,3.402119772970862e-05
2024-02-29,10:04:47,19.8895,27.31,24.5,3135,15110127.0,3.407565572697801e-05
2024-02-29,10:04:47,19.8962,27.31,24.5,3135,15110128.0,3.407565572697801e-05
2024-02-29,10:04:47,19.9028,27.31,24.5,3134,15110128.0,3.413020089558949e-05
2024-02-29,10:04:47,19.9095,27.31,24.5,3134,15110127.0,3.413020089558949e-05
2024-02-29,10:04:47,19.9161,27.31,24.5,3133,15110128.0,3.418483337507897e-05
2024-02-29,10:04:47,19.9228,27.31,24.5,3134,15110128.0,3.413020089558949e-05
2024-02-29,10:04:47,19.9294,27.31,24.5,3136,15110128.0,3.402119772970862e-05
2024-02-29,10:04:47,19.9361,27.31,24.5,3135,15110126.0,3.407565572697801e-05
2024-02-29,10:04:47,19.9427,27.31,24.5,3135,15110126.0,3.407565572697801e-05
2024-02-29,10:04:47,19.9494,27.31,24.5,3135,15110125.0,3.407565572697801e-05
2024-02-29,10:04:47,19.9562,27.31,24.5,3134,15110125.0,3.413020089558949e-05
2024-02-29,10:04:47,19.963,27.31,24.5,3134,15110128.0,3.413020089558949e-05
2024-02-29,10:04:47,19.9695,27.31,24.5,3134,15110127.0,3.413020089558949e-05
2024-02-29,10:04:47,19.9762,27.31,24.5,3133,15110126.0,3.418483337507897e-05
2024-02-29,10:04:47,19.9828,27.31,24.5,3133,15110126.0,3.418483337507897e-05
2024-02-29,10:04:47,19.9893,27.31,24.5,3134,15110126.0,3.413020089558949e-05
2024-02-29,10:04:47,19.9961,27.31,24.5,3133,15110127.0,3.418483337507897e-05
2024-02-29,10:04:47,20.0029,27.31,24.5,3133,15110126.0,3.418483337507897e-05
2024-02-29,10:04:47,20.0096,27.31,24.5,3135,15110126.0,3.407565572697801e-05
2024-02-29,10:04:47,20.0162,27.31,24.5,3134,15110124.0,3.413020089558949e-05
2024-02-29,10:04:47,20.0229,27.31,24.5,3134,15110124.0,3.413020089558949e-05
2024-02-29,10:04:47,20.0295,27.31,24.5,3134,15110125.0,3.413020089558949e-05
2024-02-29,10:04:47,20.0362,27.31,24.5,3132,15110125.0,3.423955330520559e-05
2024-02-29,10:04:47,20.043,27.31,24.5,3132,15110126.0,3.423955330520559e-05
2024-02-29,10:04:47,20.0496,27.31,24.5,3132,15110126.0,3.423955330520559e-05
2024-02-29,10:04:47,20.0563,27.31,24.5,3131,15110124.0,3.429436082595234e-05
2024-02-29,10:04:47,20.0629,27.31,24.5,3131,15110124.0,3.429436082595234e-05
2024-02-29,10:04:47,20.0696,27.31,24.5,3132,15110124.0,3.423955330520559e-05
2024-02-29,10:04:47,20.0764,27.31,24.5,3132,15110125.0,3.423955330520559e-05
2024-02-29,10:04:47,20.083,27.31,24.5,3131,15110123.0,3.429436082595234e-05
2024-02-29,10:04:47,20.0897,27.31,24.5,3132,15110123.0,3.423955330520559e-05
2024-02-29,10:04:47,20.0963,27.31,24.5,3133,15110123.0,3.418483337507897e-05
2024-02-29,10:04:47,20.103,27.31,24.5,3132,15110123.0,3.423955330520559e-05
2024-02-29,10:04:47,20.1098,27.31,24.5,3131,15110125.0,3.429436082595234e-05
2024-02-29,10:04:47,20.1164,27.31,24.5,3131,15110124.0,3.429436082595234e-05
2024-02-29,10:04:47,20.123,27.31,24.5,3130,15110123.0,3.434925607752613e-05
2024-02-29,10:04:47,20.1298,27.31,24.5,3130,15110123.0,3.434925607752613e-05
2024-02-29,10:04:47,20.1364,27.31,24.5,3131,15110123.0,3.429436082595234e-05
2024-02-29,10:04:47,20.1431,27.31,24.5,3130,15110124.0,3.434925607752613e-05
2024-02-29,10:04:47,20.1498,27.31,24.5,3130,15110123.0,3.434925607752613e-05
2024-02-29,10:04:47,20.1565,27.31,24.5,3131,15110123.0,3.429436082595234e-05
2024-02-29,10:04:47,20.1632,27.31,24.5,3130,15110122.0,3.434925607752613e-05
2024-02-29,10:04:47,20.1699,27.31,24.5,3130,15110122.0,3.434925607752613e-05
2024-02-29,10:04:47,20.1766,27.31,24.5,3130,15110122.0,3.434925607752613e-05
2024-02-29,10:04:47,20.1833,27.31,24.5,3129,15110121.0,3.440423920035846e-05
2024-02-29,10:04:47,20.19,27.31,24.5,3129,15110126.0,3.440423920035846e-05
2024-02-29,10:04:47,20.1967,27.31,24.5,3129,15110126.0,3.440423920035846e-05
2024-02-29,10:04:47,20.2034,27.31,24.5,3129,15110121.0,3.440423920035846e-05
2024-02-29,10:04:47,20.21,27.31,24.5,3128,15110122.0,3.445931033510548e-05
2024-02-29,10:04:47,20.2167,27.31,24.5,3129,15110123.0,3.440423920035846e-05
2024-02-29,10:04:47,20.2233,27.31,24.5,3129,15110123.0,3.440423920035846e-05
2024-02-29,10:04:47,20.23,27.31,24.5,3128,15110121.0,3.445931033510548e-05
2024-02-29,10:04:47,20.2368,27.31,24.5,3129,15110121.0,3.440423920035846e-05
2024-02-29,10:04:47,20.2435,27.31,24.5,3129,15110120.0,3.440423920035846e-05
2024-02-29,10:04:47,20.2502,27.31,24.5,3129,15110120.0,3.440423920035846e-05
2024-02-29,10:04:47,20.2569,27.31,24.5,3129,15110121.0,3.440423920035846e-05
2024-02-29,10:04:47,20.2636,27.31,24.5,3128,15110120.0,3.445931033510548e-05
2024-02-29,10:04:47,20.2704,27.31,24.5,3126,15110121.0,3.456971720409463e-05
2024-02-29,10:04:47,20.2771,27.31,24.5,3127,15110121.0,3.45144696226486e-05
2024-02-29,10:04:47,20.2837,27.31,24.5,3127,15110120.0,3.45144696226486e-05
2024-02-29,10:04:47,20.2904,27.31,24.5,3127,15110120.0,3.45144696226486e-05
2024-02-29,10:04:47,20.297,27.31,24.5,3128,15110121.0,3.445931033510548e-05
2024-02-29,10:04:47,20.3037,27.31,24.5,3127,15110121.0,3.45144696226486e-05
2024-02-29,10:04:47,20.3104,27.31,24.5,3126,15110119.0,3.456971720409463e-05
2024-02-29,10:04:47,20.3171,27.31,24.5,3126,15110120.0,3.456971720409463e-05
2024-02-29,10:04:47,20.3239,27.31,24.5,3126,15110119.0,3.456971720409463e-05
2024-02-29,10:04:47,20.3307,27.31,24.5,3126,15110119.0,3.456971720409463e-05
2024-02-29,10:04:47,20.3375,27.31,24.5,3127,15110120.0,3.45144696226486e-05
2024-02-29,10:04:47,20.3442,27.31,24.5,3127,15110119.0,3.45144696226486e-05
2024-02-29,10:04:47,20.3508,27.31,24.5,3126,15110121.0,3.456971720409463e-05
2024-02-29,10:04:47,20.3575,27.31,24.5,3126,15110120.0,3.456971720409463e-05
2024-02-29,10:04:47,20.3641,27.31,24.5,3125,15110119.0,3.462505322077639e-05
2024-02-29,10:04:47,20.3709,27.31,24.5,3124,15110119.0,3.468047781425276e-05
2024-02-29,10:04:47,20.3777,27.31,24.5,3125,15110120.0,3.462505322077639e-05
2024-02-29,10:04:47,20.3843,27.31,24.5,3124,15110120.0,3.468047781425276e-05
2024-02-29,10:04:47,20.3911,27.31,24.5,3124,15110122.0,3.468047781425276e-05
2024-02-29,10:04:47,20.3979,27.31,24.5,3125,15110122.0,3.462505322077639e-05
2024-02-29,10:04:47,20.4046,27.31,24.5,3124,15110118.0,3.468047781425276e-05
2024-02-29,10:04:47,20.4112,27.31,24.5,3124,15110118.0,3.468047781425276e-05
2024-02-29,10:04:47,20.418,27.31,24.5,3125,15110119.0,3.462505322077639e-05
2024-02-29,10:04:47,20.4248,27.31,24.5,3125,15110118.0,3.462505322077639e-05
2024-02-29,10:04:47,20.4314,27.31,24.5,3125,15110119.0,3.462505322077639e-05
2024-02-29,10:04:47,20.4381,27.31,24.5,3125,15110119.0,3.462505322077639e-05
2024-02-29,10:04:47,20.4449,27.31,24.5,3123,15110118.0,3.47359911263094e-05
2024-02-29,10:04:47,20.4517,27.31,24.5,3123,15110118.0,3.47359911263094e-05
2024-02-29,10:04:47,20.4583,27.31,24.5,3124,15110118.0,3.468047781425276e-05
2024-02-29,10:04:47,20.465,27.31,24.5,3123,15110119.0,3.47359911263094e-05
2024-02-29,10:04:47,20.4718,27.31,24.5,3123,15110119.0,3.47359911263094e-05
2024-02-29,10:04:47,20.4786,27.31,24.5,3122,15110119.0,3.479159329895876e-05
2024-02-29,10:04:47,20.4852,27.31,24.5,3121,15110117.0,3.484728447444074e-05
2024-02-29,10:04:47,20.492,27.31,24.5,3122,15110117.0,3.479159329895876e-05
2024-02-29,10:04:47,20.4988,27.31,24.5,3123,15110117.0,3.47359911263094e-05
2024-02-29,10:04:47,20.5054,27.31,24.5,3123,15110117.0,3.47359911263094e-05
2024-02-29,10:04:47,20.5122,27.31,24.5,3122,15110116.0,3.479159329895876e-05
2024-02-29,10:04:47,20.519,27.31,24.5,3121,15110116.0,3.484728447444074e-05
2024-02-29,10:04:47,20.5257,27.31,24.5,3121,15110118.0,3.484728447444074e-05
2024-02-29,10:04:47,20.5323,27.31,24.5,3122,15110117.0,3.479159329895876e-05
2024-02-29,10:04:47,20.5391,27.31,24.5,3121,15110116.0,3.484728447444074e-05
2024-02-29,10:04:47,20.546,27.31,24.5,3120,15110116.0,3.490306479522282e-05
2024-02-29,10:04:47,20.5528,27.31,24.5,3120,15110117.0,3.490306479522282e-05
2024-02-29,10:04:47,20.5594,27.31,24.5,3120,15110117.0,3.490306479522282e-05
2024-02-29,10:04:47,20.5662,27.31,24.5,3120,15110117.0,3.490306479522282e-05
2024-02-29,10:04:47,20.573,27.31,24.5,3119,15110117.0,3.495893440400065e-05
2024-02-29,10:04:47,20.5797,27.31,24.5,3119,15110116.0,3.495893440400065e-05
2024-02-29,10:04:47,20.5863,27.31,24.5,3120,15110116.0,3.490306479522282e-05
2024-02-29,10:04:47,20.5931,27.31,24.5,3120,15110113.0,3.490306479522282e-05
2024-02-29,10:04:47,20.6,27.31,24.5,3120,15110113.0,3.490306479522282e-05
2024-02-29,10:04:47,20.6068,27.31,24.5,3121,15110114.0,3.484728447444074e-05
2024-02-29,10:04:47,20.6136,27.31,24.5,3120,15110114.0,3.490306479522282e-05
2024-02-29,10:04:47,20.6204,27.31,24.5,3119,15110115.0,3.495893440400065e-05
2024-02-29,10:04:47,20.627,27.31,24.5,3119,15110115.0,3.495893440400065e-05
2024-02-29,10:04:47,20.6338,27.31,24.5,3118,15110114.0,3.501489344369814e-05
2024-02-29,10:04:47,20.6406,27.31,24.5,3118,15110114.0,3.501489344369814e-05
2024-02-29,10:04:47,20.6474,27.31,24.5,3117,15110114.0,3.507094205746813e-05
2024-02-29,10:04:47,20.6542,27.31,24.5,3118,15110114.0,3.501489344369814e-05
2024-02-29,10:04:47,20.6608,27.31,24.5,3119,15110115.0,3.495893440400065e-05
2024-02-29,10:04:47,20.6676,27.31,24.5,3118,15110115.0,3.501489344369814e-05
2024-02-29,10:04:47,20.6744,27.31,24.5,3118,15110115.0,3.501489344369814e-05
2024-02-29,10:04:47,20.681,27.31,24.5,3117,15110114.0,3.507094205746813e-05
2024-02-29,10:04:47,20.6878,27.31,24.5,3117,15110114.0,3.507094205746813e-05
2024-02-29,10:04:47,20.6946,27.31,24.5,3117,15110115.0,3.507094205746813e-05
2024-02-29,10:04:47,20.7014,27.31,24.5,3117,15110113.0,3.507094205746813e-05
2024-02-29,10:04:48,20.7082,27.31,24.5,3117,15110113.0,3.507094205746813e-05
2024-02-29,10:04:48,20.715,27.31,24.5,3118,15110113.0,3.501489344369814e-05
2024-02-29,10:04:48,20.7218,27.31,24.5,3118,15110113.0,3.501489344369814e-05
2024-02-29,10:04:48,20.7285,27.31,24.5,3117,15110113.0,3.507094205746813e-05
2024-02-29,10:04:48,20.7353,27.31,24.5,3117,15110113.0,3.507094205746813e-05
2024-02-29,10:04:48,20.7421,27.31,24.5,3117,15110113.0,3.507094205746813e-05
2024-02-29,10:04:48,20.7489,27.31,24.5,3118,15110113.0,3.501489344369814e-05
2024-02-29,10:04:48,20.7557,27.31,24.5,3116,15110112.0,3.512708038869248e-05
2024-02-29,10:04:48,20.7625,27.31,24.5,3115,15110113.0,3.518330858098268e-05
2024-02-29,10:04:48,20.7691,27.31,24.5,3115,15110112.0,3.518330858098268e-05
2024-02-29,10:04:48,20.7759,27.31,24.5,3115,15110112.0,3.518330858098268e-05
2024-02-29,10:04:48,20.7827,27.31,24.5,3115,15110112.0,3.518330858098268e-05
2024-02-29,10:04:48,20.7895,27.31,24.5,3114,15110112.0,3.523962677818e-05
2024-02-29,10:04:48,20.7962,27.31,24.5,3114,15110112.0,3.523962677818e-05
2024-02-29,10:04:48,20.803,27.31,24.5,3114,15110112.0,3.523962677818e-05
2024-02-29,10:04:48,20.8098,27.31,24.5,3114,15110111.0,3.523962677818e-05
2024-02-29,10:04:48,20.8166,27.31,24.5,3114,15110111.0,3.523962677818e-05
2024-02-29,10:04:48,20.8234,27.31,24.5,3114,15110111.0,3.523962677818e-05
2024-02-29,10:04:48,20.8303,27.31,24.5,3114,15110111.0,3.523962677818e-05
2024-02-29,10:04:48,20.8372,27.31,24.5,3115,15110111.0,3.518330858098268e-05
2024-02-29,10:04:48,20.8439,27.31,24.5,3114,15110111.0,3.523962677818e-05
2024-02-29,10:04:48,20.8506,27.31,24.5,3114,15110111.0,3.523962677818e-05
2024-02-29,10:04:48,20.8574,27.31,24.5,3114,15110110.0,3.523962677818e-05
2024-02-29,10:04:48,20.8642,27.31,24.5,3113,15110111.0,3.529603512435602e-05
2024-02-29,10:04:48,20.8711,27.31,24.5,3114,15110110.0,3.523962677818e-05
2024-02-29,10:04:48,20.8779,27.31,24.5,3113,15110110.0,3.529603512435602e-05
2024-02-29,10:04:48,20.8846,27.31,24.5,3113,15110110.0,3.529603512435602e-05
2024-02-29,10:04:48,20.8914,27.31,24.5,3112,15110109.0,3.535253376381289e-05
2024-02-29,10:04:48,20.8983,27.31,24.5,3112,15110109.0,3.535253376381289e-05
2024-02-29,10:04:48,20.905,27.31,24.5,3113,15110110.0,3.529603512435602e-05
2024-02-29,10:04:48,20.9118,27.31,24.5,3112,15110110.0,3.535253376381289e-05
2024-02-29,10:04:48,20.9186,27.31,24.5,3111,15110110.0,3.540912284108381e-05
2024-02-29,10:04:48,20.9254,27.31,24.5,3110,15110110.0,3.546580250093324e-05
2024-02-29,10:04:48,20.9322,27.31,24.5,3110,15110109.0,3.546580250093324e-05
2024-02-29,10:04:48,20.939,27.31,24.5,3110,15110109.0,3.546580250093324e-05
2024-02-29,10:04:48,20.9459,27.31,24.5,3109,15110108.0,3.55225728883575e-05
2024-02-29,10:04:48,20.9527,27.31,24.5,3109,15110108.0,3.55225728883575e-05
2024-02-29,10:04:48,20.9594,27.31,24.5,3110,15110108.0,3.546580250093324e-05
2024-02-29,10:04:48,20.9664,27.31,24.5,3110,15110108.0,3.546580250093324e-05
2024-02-29,10:04:48,20.9731,27.31,24.5,3111,15110108.0,3.540912284108381e-05
2024-02-29,10:04:48,20.9799,27.31,24.5,3110,15110108.0,3.546580250093324e-05
2024-02-29,10:04:48,20.9868,27.31,24.5,3110,15110109.0,3.546580250093324e-05
2024-02-29,10:04:48,20.9936,27.31,24.5,3110,15110108.0,3.546580250093324e-05
2024-02-29,10:04:48,21.0004,27.31,24.5,3110,15110107.0,3.546580250093324e-05
2024-02-29,10:04:48,21.0073,27.31,24.5,3110,15110107.0,3.546580250093324e-05
2024-02-29,10:04:48,21.0141,27.31,24.5,3109,15110107.0,3.55225728883575e-05
2024-02-29,10:04:48,21.0209,27.31,24.5,3110,15110106.0,3.546580250093324e-05
2024-02-29,10:04:48,21.0278,27.31,24.5,3109,15110106.0,3.55225728883575e-05
2024-02-29,10:04:48,21.0346,27.31,24.5,3110,15110106.0,3.546580250093324e-05
2024-02-29,10:04:48,21.0414,27.31,24.5,3109,15110106.0,3.55225728883575e-05
2024-02-29,10:04:48,21.0483,27.31,24.5,3108,15110106.0,3.557943414858484e-05
2024-02-29,10:04:48,21.0551,27.31,24.5,3108,15110105.0,3.557943414858484e-05
2024-02-29,10:04:48,21.0618,27.31,24.5,3108,15110106.0,3.557943414858484e-05
2024-02-29,10:04:48,21.0688,27.31,24.5,3108,15110106.0,3.557943414858484e-05
2024-02-29,10:04:48,21.0755,27.31,24.5,3107,15110106.0,3.563638642707614e-05
2024-02-29,10:04:48,21.0823,27.31,24.5,3107,15110106.0,3.563638642707614e-05
2024-02-29,10:04:48,21.0892,27.31,24.5,3105,15110106.0,3.575056462185832e-05
2024-02-29,10:04:48,21.0962,27.31,24.5,3105,15110106.0,3.575056462185832e-05
2024-02-29,10:04:48,21.1029,27.31,24.5,3103,15110106.0,3.586510864105399e-05
2024-02-29,10:04:48,21.1097,27.31,24.5,3102,15110106.0,3.592251820093948e-05
2024-02-29,10:04:48,21.1166,27.31,24.5,3103,15110106.0,3.586510864105399e-05
2024-02-29,10:04:48,21.1235,27.31,24.5,3103,15110105.0,3.586510864105399e-05
2024-02-29,10:04:48,21.1305,27.31,24.5,3103,15110104.0,3.586510864105399e-05
2024-02-29,10:04:48,21.1372,27.31,24.5,3103,15110104.0,3.586510864105399e-05
2024-02-29,10:04:48,21.144,27.31,24.5,3103,15110105.0,3.586510864105399e-05
2024-02-29,10:04:48,21.1508,27.31,24.5,3104,15110105.0,3.580779083023649e-05
2024-02-29,10:04:48,21.1577,27.31,24.5,3103,15110105.0,3.586510864105399e-05
2024-02-29,10:04:48,21.1646,27.31,24.5,3103,15110105.0,3.586510864105399e-05
2024-02-29,10:04:48,21.1714,27.31,24.5,3102,15110105.0,3.592251820093948e-05
2024-02-29,10:04:48,21.1783,27.31,24.5,3102,15110105.0,3.592251820093948e-05
2024-02-29,10:04:48,21.1852,27.31,24.5,3102,15110105.0,3.592251820093948e-05
2024-02-29,10:04:48,21.1922,27.31,24.5,3102,15110104.0,3.592251820093948e-05
2024-02-29,10:04:48,21.1991,27.31,24.5,3104,15110103.0,3.580779083023649e-05
2024-02-29,10:04:48,21.2058,27.31,24.5,3103,15110103.0,3.586510864105399e-05
2024-02-29,10:04:48,21.2126,27.31,24.5,3101,15110104.0,3.598001965675648e-05
2024-02-29,10:04:48,21.2195,27.31,24.5,3101,15110103.0,3.598001965675648e-05
2024-02-29,10:04:48,21.2265,27.31,24.5,3101,15110102.0,3.598001965675648e-05
2024-02-29,10:04:48,21.2334,27.31,24.5,3101,15110102.0,3.598001965675648e-05
2024-02-29,10:04:48,21.2402,27.31,24.5,3101,15110102.0,3.598001965675648e-05
2024-02-29,10:04:48,21.2469,27.31,24.5,3101,15110103.0,3.598001965675648e-05
2024-02-29,10:04:48,21.2538,27.31,24.5,3103,15110103.0,3.586510864105399e-05
2024-02-29,10:04:48,21.2608,27.31,24.5,3102,15110102.0,3.592251820093948e-05
2024-02-29,10:04:48,21.2677,27.31,24.5,3101,15110102.0,3.598001965675648e-05
2024-02-29,10:04:48,21.2746,27.31,24.5,3100,15110101.0,3.603761315560348e-05
2024-02-29,10:04:48,21.2815,27.31,24.5,3100,15110102.0,3.603761315560348e-05
2024-02-29,10:04:48,21.2884,27.31,24.5,3100,15110102.0,3.603761315560348e-05
2024-02-29,10:04:48,21.2953,27.31,24.5,3100,15110102.0,3.603761315560348e-05
2024-02-29,10:04:48,21.3022,27.31,24.5,3100,15110101.0,3.603761315560348e-05
2024-02-29,10:04:48,21.309,27.31,24.5,3099,15110101.0,3.609529884481451e-05
2024-02-29,10:04:48,21.3159,27.31,24.5,3098,15110101.0,3.615307687195937e-05
2024-02-29,10:04:48,21.323,27.31,24.5,3098,15110100.0,3.615307687195937e-05
2024-02-29,10:04:48,21.3299,27.31,24.5,3098,15110100.0,3.615307687195937e-05
2024-02-29,10:04:48,21.3368,27.31,24.5,3098,15110100.0,3.615307687195937e-05
2024-02-29,10:04:48,21.3437,27.31,24.5,3098,15110100.0,3.615307687195937e-05
2024-02-29,10:04:48,21.3506,27.31,24.5,3098,15110101.0,3.615307687195937e-05
2024-02-29,10:04:48,21.3575,27.31,24.5,3098,15110100.0,3.615307687195937e-05
2024-02-29,10:04:48,21.3644,27.31,24.5,3097,15110100.0,3.621094738484417e-05
2024-02-29,10:04:48,21.3712,27.31,24.5,3097,15110100.0,3.621094738484417e-05
2024-02-29,10:04:48,21.3781,27.31,24.5,3097,15110100.0,3.621094738484417e-05
2024-02-29,10:04:48,21.3852,27.31,24.5,3097,15110100.0,3.621094738484417e-05
2024-02-29,10:04:48,21.3921,27.31,24.5,3097,15110100.0,3.621094738484417e-05
2024-02-29,10:04:48,21.399,27.31,24.5,3096,15110099.0,3.626891053151149e-05
2024-02-29,10:04:48,21.4059,27.31,24.5,3096,15110099.0,3.626891053151149e-05
2024-02-29,10:04:48,21.4128,27.31,24.5,3097,15110100.0,3.621094738484417e-05
2024-02-29,10:04:48,21.4197,27.31,24.5,3097,15110100.0,3.621094738484417e-05
2024-02-29,10:04:48,21.4268,27.31,24.5,3096,15110099.0,3.626891053151149e-05
2024-02-29,10:04:48,21.4338,27.31,24.5,3095,15110099.0,3.632696646024102e-05
2024-02-29,10:04:48,21.4407,27.31,24.5,3096,15110099.0,3.626891053151149e-05
2024-02-29,10:04:48,21.4476,27.31,24.5,3096,15110099.0,3.626891053151149e-05
2024-02-29,10:04:48,21.4546,27.31,24.5,3095,15110098.0,3.632696646024102e-05
2024-02-29,10:04:48,21.4615,27.31,24.5,3095,15110098.0,3.632696646024102e-05
2024-02-29,10:04:48,21.4684,27.31,24.5,3095,15110098.0,3.632696646024102e-05
2024-02-29,10:04:48,21.4753,27.31,24.5,3095,15110098.0,3.632696646024102e-05
2024-02-29,10:04:48,21.4822,27.31,24.5,3095,15110098.0,3.632696646024102e-05
2024-02-29,10:04:48,21.4892,27.31,24.5,3095,15110098.0,3.632696646024102e-05
2024-02-29,10:04:48,21.4962,27.31,24.5,3095,15110098.0,3.632696646024102e-05
2024-02-29,10:04:48,21.5031,27.31,24.5,3094,15110098.0,3.638511531954964e-05
2024-02-29,10:04:48,21.5101,27.31,24.5,3094,15110098.0,3.638511531954964e-05
2024-02-29,10:04:48,21.517,27.31,24.5,3094,15110098.0,3.638511531954964e-05
2024-02-29,10:04:48,21.5239,27.31,24.5,3093,15110097.0,3.644335725819217e-05
2024-02-29,10:04:48,21.5308,27.31,24.5,3093,15110097.0,3.644335725819217e-05
2024-02-29,10:04:48,21.5379,27.31,24.5,3093,15110097.0,3.644335725819217e-05
2024-02-29,10:04:48,21.5449,27.31,24.5,3093,15110097.0,3.644335725819217e-05
2024-02-29,10:04:48,21.5518,27.31,24.5,3092,15110097.0,3.650169242516131e-05
2024-02-29,10:04:48,21.5587,27.31,24.5,3092,15110096.0,3.650169242516131e-05
2024-02-29,10:04:48,21.5657,27.31,24.5,3092,15110095.0,3.650169242516131e-05
2024-02-29,10:04:48,21.5726,27.31,24.5,3091,15110096.0,3.656012096968847e-05
2024-02-29,10:04:48,21.5795,27.31,24.5,3091,15110096.0,3.656012096968847e-05
2024-02-29,10:04:48,21.5864,27.31,24.5,3091,15110096.0,3.656012096968847e-05
2024-02-29,10:04:48,21.5934,27.31,24.5,3091,15110096.0,3.656012096968847e-05
2024-02-29,10:04:48,21.6005,27.31,24.5,3091,15110095.0,3.656012096968847e-05
2024-02-29,10:04:48,21.6074,27.31,24.5,3091,15110095.0,3.656012096968847e-05
2024-02-29,10:04:48,21.6143,27.31,24.5,3091,15110095.0,3.656012096968847e-05
2024-02-29,10:04:48,21.6213,27.31,24.5,3090,15110095.0,3.661864304124377e-05
2024-02-29,10:04:48,21.6284,27.31,24.5,3089,15110095.0,3.66772587895367e-05
2024-02-29,10:04:48,21.6353,27.31,24.5,3090,15110094.0,3.661864304124377e-05
2024-02-29,10:04:48,21.6423,27.31,24.5,3090,15110094.0,3.661864304124377e-05
2024-02-29,10:04:48,21.6494,27.31,24.5,3089,15110094.0,3.66772587895367e-05
2024-02-29,10:04:48,21.6563,27.31,24.5,3089,15110094.0,3.66772587895367e-05
2024-02-29,10:04:48,21.6632,27.31,24.5,3089,15110093.0,3.66772587895367e-05
2024-02-29,10:04:48,21.6701,27.31,24.5,3089,15110093.0,3.66772587895367e-05
2024-02-29,10:04:48,21.677,27.31,24.5,3089,15110094.0,3.66772587895367e-05
2024-02-29,10:04:48,21.6841,27.31,24.5,3088,15110094.0,3.673596836451631e-05
2024-02-29,10:04:48,21.6911,27.31,24.5,3088,15110093.0,3.673596836451631e-05
2024-02-29,10:04:48,21.698,27.31,24.5,3088,15110093.0,3.673596836451631e-05
2024-02-29,10:04:49,21.7049,27.31,24.5,3088,15110093.0,3.673596836451631e-05
2024-02-29,10:04:49,21.7118,27.31,24.5,3087,15110093.0,3.679477191637176e-05
2024-02-29,10:04:49,21.7189,27.31,24.5,3086,15110092.0,3.685366959553251e-05
2024-02-29,10:04:49,21.7258,27.31,24.5,3086,15110092.0,3.685366959553251e-05
2024-02-29,10:04:49,21.7327,27.31,24.5,3086,15110093.0,3.685366959553251e-05
2024-02-29,10:04:49,21.7399,27.31,24.5,3086,15110092.0,3.685366959553251e-05
2024-02-29,10:04:49,21.7469,27.31,24.5,3086,15110092.0,3.685366959553251e-05
2024-02-29,10:04:49,21.7538,27.31,24.5,3085,15110092.0,3.691266155266892e-05
2024-02-29,10:04:49,21.7607,27.31,24.5,3085,15110092.0,3.691266155266892e-05
2024-02-29,10:04:49,21.7676,27.31,24.5,3084,15110092.0,3.697174793869244e-05
2024-02-29,10:04:49,21.7747,27.31,24.5,3084,15110092.0,3.697174793869244e-05
2024-02-29,10:04:49,21.7817,27.31,24.5,3085,15110092.0,3.691266155266892e-05
2024-02-29,10:04:49,21.7886,27.31,24.5,3085,15110093.0,3.691266155266892e-05
2024-02-29,10:04:49,21.7957,27.31,24.5,3085,15110092.0,3.691266155266892e-05
2024-02-29,10:04:49,21.8027,27.31,24.5,3084,15110091.0,3.697174793869244e-05
2024-02-29,10:04:49,21.8098,27.31,24.5,3083,15110091.0,3.703092890475619e-05
2024-02-29,10:04:49,21.8167,27.31,24.5,3083,15110091.0,3.703092890475619e-05
2024-02-29,10:04:49,21.8236,27.31,24.5,3084,15110090.0,3.697174793869244e-05
2024-02-29,10:04:49,21.8306,27.31,24.5,3083,15110090.0,3.703092890475619e-05
2024-02-29,10:04:49,21.8377,27.31,24.5,3083,15110090.0,3.703092890475619e-05
2024-02-29,10:04:49,21.8447,27.31,24.5,3084,15110090.0,3.697174793869244e-05
2024-02-29,10:04:49,21.8516,27.31,24.5,3084,15110090.0,3.697174793869244e-05
2024-02-29,10:04:49,21.8585,27.31,24.5,3083,15110089.0,3.703092890475619e-05
2024-02-29,10:04:49,21.8656,27.31,24.5,3082,15110089.0,3.709020460225511e-05
2024-02-29,10:04:49,21.8725,27.31,24.5,3082,15110090.0,3.709020460225511e-05
2024-02-29,10:04:49,21.8794,27.31,24.5,3083,15110089.0,3.703092890475619e-05
2024-02-29,10:04:49,21.8864,27.31,24.5,3082,15110088.0,3.709020460225511e-05
2024-02-29,10:04:49,21.8935,27.31,24.5,3081,15110088.0,3.714957518282662e-05
2024-02-29,10:04:49,21.9005,27.31,24.5,3082,15110089.0,3.709020460225511e-05
2024-02-29,10:04:49,21.9075,27.31,24.5,3082,15110088.0,3.709020460225511e-05
2024-02-29,10:04:49,21.9146,27.31,24.5,3081,15110087.0,3.714957518282662e-05
2024-02-29,10:04:49,21.9216,27.31,24.5,3082,15110088.0,3.709020460225511e-05
2024-02-29,10:04:49,21.9287,27.31,24.5,3082,15110087.0,3.709020460225511e-05
2024-02-29,10:04:49,21.9357,27.31,24.5,3081,15110088.0,3.714957518282662e-05
2024-02-29,10:04:49,21.9427,27.31,24.5,3081,15110087.0,3.714957518282662e-05
2024-02-29,10:04:49,21.9497,27.31,24.5,3081,15110088.0,3.714957518282662e-05
2024-02-29,10:04:49,21.9567,27.31,24.5,3081,15110087.0,3.714957518282662e-05
2024-02-29,10:04:49,21.9639,27.31,24.5,3081,15110087.0,3.714957518282662e-05
2024-02-29,10:04:49,21.9709,27.31,24.5,3081,15110087.0,3.714957518282662e-05
2024-02-29,10:04:49,21.9779,27.31,24.5,3081,15110087.0,3.714957518282662e-05
2024-02-29,10:04:49,21.985,27.31,24.5,3080,15110086.0,3.720904079835072e-05
2024-02-29,10:04:49,21.992,27.31,24.5,3079,15110085.0,3.726860160095068e-05
2024-02-29,10:04:49,21.9991,27.31,24.5,3079,15110086.0,3.726860160095068e-05
2024-02-29,10:04:49,22.006,27.31,24.5,3078,15110086.0,3.732825774299313e-05
2024-02-29,10:04:49,22.013,27.31,24.5,3078,15110085.0,3.732825774299313e-05
2024-02-29,10:04:49,22.0202,27.31,24.5,3078,15110086.0,3.732825774299313e-05
2024-02-29,10:04:49,22.0272,27.31,24.5,3078,15110086.0,3.732825774299313e-05
2024-02-29,10:04:49,22.0341,27.31,24.5,3078,15110086.0,3.732825774299313e-05
2024-02-29,10:04:49,22.041,27.31,24.5,3077,15110085.0,3.73880093770887e-05
2024-02-29,10:04:49,22.0482,27.31,24.5,3077,15110085.0,3.73880093770887e-05
2024-02-29,10:04:49,22.0553,27.31,24.5,3077,15110084.0,3.73880093770887e-05
2024-02-29,10:04:49,22.0622,27.31,24.5,3077,15110084.0,3.73880093770887e-05
2024-02-29,10:04:49,22.0693,27.31,24.5,3077,15110084.0,3.73880093770887e-05
2024-02-29,10:04:49,22.0764,27.31,24.5,3077,15110084.0,3.73880093770887e-05
2024-02-29,10:04:49,22.0834,27.31,24.5,3076,15110082.0,3.744785665609224e-05
2024-02-29,10:04:49,22.0906,27.31,24.5,3076,15110082.0,3.744785665609224e-05
2024-02-29,10:04:49,22.0976,27.31,24.5,3077,15110083.0,3.73880093770887e-05
2024-02-29,10:04:49,22.1047,27.31,24.5,3077,15110083.0,3.73880093770887e-05
2024-02-29,10:04:49,22.1117,27.31,24.5,3077,15110083.0,3.73880093770887e-05
2024-02-29,10:04:49,22.1187,27.31,24.5,3077,15110083.0,3.73880093770887e-05
2024-02-29,10:04:49,22.1258,27.31,24.5,3077,15110083.0,3.73880093770887e-05
2024-02-29,10:04:49,22.1328,27.31,24.5,3076,15110084.0,3.744785665609224e-05
2024-02-29,10:04:49,22.14,27.31,24.5,3075,15110083.0,3.750779973310336e-05
2024-02-29,10:04:49,22.1472,27.31,24.5,3075,15110083.0,3.750779973310336e-05
2024-02-29,10:04:49,22.1542,27.31,24.5,3075,15110083.0,3.750779973310336e-05
2024-02-29,10:04:49,22.1612,27.31,24.5,3074,15110082.0,3.756783876146659e-05
2024-02-29,10:04:49,22.1683,27.31,24.5,3074,15110083.0,3.756783876146659e-05
2024-02-29,10:04:49,22.1752,27.31,24.5,3074,15110083.0,3.756783876146659e-05
2024-02-29,10:04:49,22.1822,27.31,24.5,3074,15110083.0,3.756783876146659e-05
2024-02-29,10:04:49,22.1894,27.31,24.5,3074,15110083.0,3.756783876146659e-05
2024-02-29,10:04:49,22.1964,27.31,24.5,3073,15110083.0,3.76279738947721e-05
2024-02-29,10:04:49,22.2035,27.31,24.5,3074,15110082.0,3.756783876146659e-05
2024-02-29,10:04:49,22.2105,27.31,24.5,3074,15110082.0,3.756783876146659e-05
2024-02-29,10:04:49,22.2176,27.31,24.5,3073,15110082.0,3.76279738947721e-05
2024-02-29,10:04:49,22.2246,27.31,24.5,3072,15110081.0,3.768820528685573e-05
2024-02-29,10:04:49,22.2316,27.31,24.5,3072,15110081.0,3.768820528685573e-05
2024-02-29,10:04:49,22.2388,27.31,24.5,3072,15110079.0,3.768820528685573e-05
2024-02-29,10:04:49,22.2458,27.31,24.5,3072,15110079.0,3.768820528685573e-05
2024-02-29,10:04:49,22.2529,27.31,24.5,3072,15110079.0,3.768820528685573e-05
2024-02-29,10:04:49,22.2601,27.31,24.5,3072,15110079.0,3.768820528685573e-05
2024-02-29,10:04:49,22.2671,27.31,24.5,3072,15110080.0,3.768820528685573e-05
2024-02-29,10:04:49,22.2743,27.31,24.5,3072,15110080.0,3.768820528685573e-05
2024-02-29,10:04:49,22.2814,27.31,24.5,3073,15110081.0,3.76279738947721e-05
2024-02-29,10:04:49,22.2885,27.31,24.5,3073,15110080.0,3.76279738947721e-05
2024-02-29,10:04:49,22.2955,27.31,24.5,3073,15110080.0,3.76279738947721e-05
2024-02-29,10:04:49,22.3026,27.31,24.5,3072,15110080.0,3.768820528685573e-05
2024-02-29,10:04:49,22.3097,27.31,24.5,3071,15110080.0,3.774853309179975e-05
2024-02-29,10:04:49,22.3169,27.31,24.5,3071,15110080.0,3.774853309179975e-05
2024-02-29,10:04:49,22.3239,27.31,24.5,3071,15110080.0,3.774853309179975e-05
2024-02-29,10:04:49,22.331,27.31,24.5,3071,15110080.0,3.774853309179975e-05
2024-02-29,10:04:49,22.338,27.31,24.5,3071,15110079.0,3.774853309179975e-05
2024-02-29,10:04:49,22.345,27.31,24.5,3071,15110079.0,3.774853309179975e-05
2024-02-29,10:04:49,22.3521,27.31,24.5,3070,15110079.0,3.780895746393291e-05
2024-02-29,10:04:49,22.3593,27.31,24.5,3070,15110079.0,3.780895746393291e-05
2024-02-29,10:04:49,22.3664,27.31,24.5,3070,15110078.0,3.780895746393291e-05
2024-02-29,10:04:49,22.3735,27.31,24.5,3070,15110078.0,3.780895746393291e-05
2024-02-29,10:04:49,22.3806,27.31,24.5,3070,15110078.0,3.780895746393291e-05
2024-02-29,10:04:49,22.3878,27.31,24.5,3070,15110078.0,3.780895746393291e-05
2024-02-29,10:04:49,22.3948,27.31,24.5,3070,15110078.0,3.780895746393291e-05
2024-02-29,10:04:49,22.4019,27.31,24.5,3069,15110077.0,3.786947855783113e-05
2024-02-29,10:04:49,22.409,27.31,24.5,3069,15110078.0,3.786947855783113e-05
2024-02-29,10:04:49,22.4162,27.31,24.5,3069,15110078.0,3.786947855783113e-05
2024-02-29,10:04:49,22.4233,27.31,24.5,3069,15110078.0,3.786947855783113e-05
2024-02-29,10:04:49,22.4303,27.31,24.5,3069,15110078.0,3.786947855783113e-05
2024-02-29,10:04:49,22.4375,27.31,24.5,3069,15110078.0,3.786947855783113e-05
2024-02-29,10:04:49,22.4446,27.31,24.5,3068,15110078.0,3.793009652831762e-05
2024-02-29,10:04:49,22.4517,27.31,24.5,3067,15110076.0,3.799081153046356e-05
2024-02-29,10:04:49,22.4587,27.31,24.5,3068,15110076.0,3.793009652831762e-05
2024-02-29,10:04:49,22.4659,27.31,24.5,3067,15110075.0,3.799081153046356e-05
2024-02-29,10:04:49,22.473,27.31,24.5,3067,15110075.0,3.799081153046356e-05
2024-02-29,10:04:49,22.4801,27.31,24.5,3068,15110075.0,3.793009652831762e-05
2024-02-29,10:04:49,22.4873,27.31,24.5,3067,15110075.0,3.799081153046356e-05
2024-02-29,10:04:49,22.4944,27.31,24.5,3067,15110075.0,3.799081153046356e-05
2024-02-29,10:04:49,22.5015,27.31,24.5,3067,15110075.0,3.799081153046356e-05
2024-02-29,10:04:49,22.5086,27.31,24.5,3067,15110076.0,3.799081153046356e-05
2024-02-29,10:04:49,22.5158,27.31,24.5,3066,15110075.0,3.805162371958823e-05
2024-02-29,10:04:49,22.5228,27.31,24.5,3065,15110075.0,3.811253325125966e-05
2024-02-29,10:04:49,22.53,27.31,24.5,3065,15110075.0,3.811253325125966e-05
2024-02-29,10:04:49,22.5372,27.31,24.5,3065,15110076.0,3.811253325125966e-05
2024-02-29,10:04:49,22.5442,27.31,24.5,3065,15110076.0,3.811253325125966e-05
2024-02-29,10:04:49,22.5514,27.31,24.5,3064,15110075.0,3.817354028129473e-05
2024-02-29,10:04:49,22.5586,27.31,24.5,3064,15110074.0,3.817354028129473e-05
2024-02-29,10:04:49,22.5656,27.31,24.5,3064,15110074.0,3.817354028129473e-05
2024-02-29,10:04:49,22.5726,27.31,24.5,3065,15110073.0,3.811253325125966e-05
2024-02-29,10:04:49,22.5798,27.31,24.5,3065,15110072.0,3.811253325125966e-05
2024-02-29,10:04:49,22.5871,27.31,24.5,3064,15110073.0,3.817354028129473e-05
2024-02-29,10:04:49,22.5943,27.31,24.5,3065,15110073.0,3.811253325125966e-05
2024-02-29,10:04:49,22.6013,27.31,24.5,3065,15110073.0,3.811253325125966e-05
2024-02-29,10:04:49,22.6085,27.31,24.5,3064,15110073.0,3.817354028129473e-05
2024-02-29,10:04:49,22.6156,27.31,24.5,3063,15110073.0,3.823464496575992e-05
2024-02-29,10:04:49,22.6228,27.31,24.5,3062,15110073.0,3.829584746097138e-05
2024-02-29,10:04:49,22.63,27.31,24.5,3062,15110072.0,3.829584746097138e-05
2024-02-29,10:04:49,22.637,27.31,24.5,3062,15110073.0,3.829584746097138e-05
2024-02-29,10:04:49,22.6442,27.31,24.5,3063,15110072.0,3.823464496575992e-05
2024-02-29,10:04:49,22.6514,27.31,24.5,3063,15110071.0,3.823464496575992e-05
2024-02-29,10:04:49,22.6585,27.31,24.5,3063,15110071.0,3.823464496575992e-05
2024-02-29,10:04:49,22.6657,27.38,24.5,3063,15110070.0,3.823464496575992e-05
2024-02-29,10:04:49,22.6729,27.38,24.5,3062,15110070.0,3.829584746097138e-05
2024-02-29,10:04:49,22.68,27.38,24.5,3062,15110070.0,3.829584746097138e-05
2024-02-29,10:04:49,22.6871,27.38,24.5,3062,15110071.0,3.829584746097138e-05
2024-02-29,10:04:49,22.6942,27.38,24.5,3061,15110071.0,3.835714792349559e-05
2024-02-29,10:04:50,22.7015,27.38,24.5,3060,15110071.0,3.841854651014953e-05
2024-02-29,10:04:50,22.7087,27.38,24.5,3061,15110072.0,3.835714792349559e-05
2024-02-29,10:04:50,22.7159,27.38,24.5,3061,15110071.0,3.835714792349559e-05
2024-02-29,10:04:50,22.723,27.38,24.5,3061,15110071.0,3.835714792349559e-05
2024-02-29,10:04:50,22.7302,27.38,24.5,3062,15110071.0,3.829584746097138e-05
2024-02-29,10:04:50,22.7374,27.38,24.5,3061,15110071.0,3.835714792349559e-05
2024-02-29,10:04:50,22.7445,27.38,24.5,3061,15110070.0,3.835714792349559e-05
2024-02-29,10:04:50,22.7517,27.38,24.5,3061,15110068.0,3.835714792349559e-05
2024-02-29,10:04:50,22.7589,27.38,24.5,3060,15110069.0,3.841854651014953e-05
2024-02-29,10:04:50,22.766,27.38,24.5,3061,15110069.0,3.835714792349559e-05
2024-02-29,10:04:50,22.7732,27.38,24.5,3061,15110070.0,3.835714792349559e-05
2024-02-29,10:04:50,22.7804,27.38,24.5,3060,15110071.0,3.841854651014953e-05
2024-02-29,10:04:50,22.7875,27.38,24.5,3060,15110070.0,3.841854651014953e-05
2024-02-29,10:04:50,22.7947,27.38,24.5,3060,15110070.0,3.841854651014953e-05
2024-02-29,10:04:50,22.8019,27.38,24.5,3059,15110070.0,3.848004337800132e-05
2024-02-29,10:04:50,22.809,27.38,24.5,3059,15110070.0,3.848004337800132e-05
2024-02-29,10:04:50,22.8162,27.38,24.5,3060,15110069.0,3.841854651014953e-05
2024-02-29,10:04:50,22.8234,27.38,24.5,3059,15110069.0,3.848004337800132e-05
2024-02-29,10:04:50,22.8306,27.38,24.5,3059,15110069.0,3.848004337800132e-05
2024-02-29,10:04:50,22.8378,27.38,24.5,3060,15110069.0,3.841854651014953e-05
2024-02-29,10:04:50,22.845,27.38,24.5,3059,15110069.0,3.848004337800132e-05
2024-02-29,10:04:50,22.8522,27.38,24.5,3058,15110069.0,3.854163868437039e-05
2024-02-29,10:04:50,22.8595,27.38,24.5,3058,15110068.0,3.854163868437039e-05
2024-02-29,10:04:50,22.8666,27.38,24.5,3058,15110070.0,3.854163868437039e-05
2024-02-29,10:04:50,22.8738,27.38,24.5,3058,15110070.0,3.854163868437039e-05
2024-02-29,10:04:50,22.881,27.38,24.5,3058,15110069.0,3.854163868437039e-05
2024-02-29,10:04:50,22.8882,27.38,24.5,3058,15110068.0,3.854163868437039e-05
2024-02-29,10:04:50,22.8954,27.38,24.5,3057,15110068.0,3.860333258682812e-05
2024-02-29,10:04:50,22.9026,27.38,24.5,3057,15110068.0,3.860333258682812e-05
2024-02-29,10:04:50,22.9098,27.38,24.5,3057,15110067.0,3.860333258682812e-05
2024-02-29,10:04:50,22.9171,27.38,24.5,3057,15110068.0,3.860333258682812e-05
2024-02-29,10:04:50,22.9242,27.38,24.5,3058,15110067.0,3.854163868437039e-05
2024-02-29,10:04:50,22.9314,27.38,24.5,3057,15110067.0,3.860333258682812e-05
2024-02-29,10:04:50,22.9386,27.38,24.5,3056,15110067.0,3.866512524319794e-05
2024-02-29,10:04:50,22.9458,27.38,24.5,3056,15110067.0,3.866512524319794e-05
2024-02-29,10:04:50,22.953,27.38,24.5,3055,15110067.0,3.872701681155609e-05
2024-02-29,10:04:50,22.9603,27.38,24.5,3055,15110066.0,3.872701681155609e-05
2024-02-29,10:04:50,22.9675,27.38,24.5,3055,15110066.0,3.872701681155609e-05
2024-02-29,10:04:50,22.9747,27.38,24.5,3055,15110066.0,3.872701681155609e-05
2024-02-29,10:04:50,22.9818,27.38,24.5,3055,15110064.0,3.872701681155609e-05
2024-02-29,10:04:50,22.989,27.38,24.5,3054,15110065.0,3.878900745023173e-05
2024-02-29,10:04:50,22.9963,27.38,24.5,3055,15110066.0,3.872701681155609e-05
2024-02-29,10:04:50,23.0036,27.38,24.5,3055,15110063.0,3.872701681155609e-05
2024-02-29,10:04:50,23.0108,27.38,24.5,3054,15110063.0,3.878900745023173e-05
2024-02-29,10:04:50,23.0179,27.38,24.5,3054,15110066.0,3.878900745023173e-05
2024-02-29,10:04:50,23.0252,27.38,24.5,3054,15110065.0,3.878900745023173e-05
2024-02-29,10:04:50,23.0324,27.38,24.5,3054,15110064.0,3.878900745023173e-05
2024-02-29,10:04:50,23.0396,27.38,24.5,3053,15110064.0,3.88510973178075e-05
2024-02-29,10:04:50,23.0469,27.38,24.5,3054,15110064.0,3.878900745023173e-05
2024-02-29,10:04:50,23.054,27.38,24.5,3054,15110062.0,3.878900745023173e-05
2024-02-29,10:04:50,23.0612,27.38,24.5,3053,15110063.0,3.88510973178075e-05
2024-02-29,10:04:50,23.0685,27.38,24.5,3054,15110064.0,3.878900745023173e-05
2024-02-29,10:04:50,23.0758,27.38,24.5,3054,15110064.0,3.878900745023173e-05
2024-02-29,10:04:50,23.083,27.38,24.5,3053,15110064.0,3.88510973178075e-05
2024-02-29,10:04:50,23.0901,27.38,24.5,3052,15110064.0,3.891328657311985e-05
2024-02-29,10:04:50,23.0974,27.38,24.5,3052,15110064.0,3.891328657311985e-05
2024-02-29,10:04:50,23.1047,27.38,24.5,3053,15110063.0,3.88510973178075e-05
2024-02-29,10:04:50,23.1119,27.38,24.5,3053,15110062.0,3.88510973178075e-05
2024-02-29,10:04:50,23.1191,27.38,24.5,3052,15110063.0,3.891328657311985e-05
2024-02-29,10:04:50,23.1264,27.38,24.5,3052,15110063.0,3.891328657311985e-05
2024-02-29,10:04:50,23.1337,27.38,24.5,3053,15110063.0,3.88510973178075e-05
2024-02-29,10:04:50,23.141,27.38,24.5,3053,15110063.0,3.88510973178075e-05
2024-02-29,10:04:50,23.1481,27.38,24.5,3052,15110063.0,3.891328657311985e-05
2024-02-29,10:04:50,23.1553,27.38,24.5,3051,15110063.0,3.897557537525958e-05
2024-02-29,10:04:50,23.1626,27.38,24.5,3051,15110062.0,3.897557537525958e-05
2024-02-29,10:04:50,23.1699,27.44,24.5,3051,15110062.0,3.897557537525958e-05
2024-02-29,10:04:50,23.1772,27.44,24.5,3051,15110062.0,3.897557537525958e-05
2024-02-29,10:04:50,23.1843,27.44,24.5,3051,15110062.0,3.897557537525958e-05
2024-02-29,10:04:50,23.1915,27.44,24.5,3050,15110062.0,3.903796388357198e-05
2024-02-29,10:04:50,23.1988,27.44,24.5,3050,15110061.0,3.903796388357198e-05
2024-02-29,10:04:50,23.2061,27.44,24.5,3050,15110061.0,3.903796388357198e-05
2024-02-29,10:04:50,23.2133,27.44,24.5,3049,15110061.0,3.910045225765757e-05
2024-02-29,10:04:50,23.2206,27.44,24.5,3049,15110061.0,3.910045225765757e-05
2024-02-29,10:04:50,23.2279,27.44,24.5,3049,15110061.0,3.910045225765757e-05
2024-02-29,10:04:50,23.235,27.44,24.5,3050,15110060.0,3.903796388357198e-05
2024-02-29,10:04:50,23.2423,27.44,24.5,3050,15110059.0,3.903796388357198e-05
2024-02-29,10:04:50,23.2496,27.44,24.5,3049,15110059.0,3.910045225765757e-05
2024-02-29,10:04:50,23.2569,27.44,24.5,3049,15110060.0,3.910045225765757e-05
2024-02-29,10:04:50,23.2642,27.44,24.5,3049,15110060.0,3.910045225765757e-05
2024-02-29,10:04:50,23.2714,27.44,24.5,3049,15110061.0,3.910045225765757e-05
2024-02-29,10:04:50,23.2786,27.44,24.5,3048,15110061.0,3.916304065737224e-05
2024-02-29,10:04:50,23.2858,27.44,24.5,3047,15110060.0,3.922572924282782e-05
2024-02-29,10:04:50,23.2931,27.44,24.5,3047,15110059.0,3.922572924282782e-05
2024-02-29,10:04:50,23.3004,27.44,24.5,3047,15110059.0,3.922572924282782e-05
2024-02-29,10:04:50,23.3077,27.44,24.5,3048,15110058.0,3.916304065737224e-05
2024-02-29,10:04:50,23.315,27.44,24.5,3048,15110058.0,3.916304065737224e-05
2024-02-29,10:04:50,23.3223,27.44,24.5,3047,15110059.0,3.922572924282782e-05
2024-02-29,10:04:50,23.3296,27.44,24.5,3047,15110060.0,3.922572924282782e-05
2024-02-29,10:04:50,23.3369,27.44,24.5,3046,15110060.0,3.928851817439237e-05
2024-02-29,10:04:50,23.3441,27.44,24.5,3045,15110059.0,3.935140761269075e-05
2024-02-29,10:04:50,23.3514,27.44,24.5,3046,15110058.0,3.928851817439237e-05
2024-02-29,10:04:50,23.3587,27.44,24.5,3047,15110058.0,3.922572924282782e-05
2024-02-29,10:04:50,23.3658,27.44,24.5,3047,15110058.0,3.922572924282782e-05
2024-02-29,10:04:50,23.3731,27.44,24.5,3047,15110058.0,3.922572924282782e-05
2024-02-29,10:04:50,23.3804,27.44,24.5,3046,15110058.0,3.928851817439237e-05
2024-02-29,10:04:50,23.3877,27.44,24.5,3045,15110059.0,3.935140761269075e-05
2024-02-29,10:04:50,23.395,27.44,24.5,3044,15110059.0,3.941439771860481e-05
2024-02-29,10:04:50,23.4023,27.44,24.5,3043,15110057.0,3.947748865327405e-05
2024-02-29,10:04:50,23.4096,27.44,24.5,3045,15110056.0,3.935140761269075e-05
2024-02-29,10:04:50,23.4169,27.44,24.5,3045,15110055.0,3.935140761269075e-05
2024-02-29,10:04:50,23.4242,27.44,24.5,3044,15110056.0,3.941439771860481e-05
2024-02-29,10:04:50,23.4315,27.44,24.5,3045,15110056.0,3.935140761269075e-05
2024-02-29,10:04:50,23.4389,27.44,24.5,3044,15110057.0,3.941439771860481e-05
2024-02-29,10:04:50,23.4462,27.44,24.5,3043,15110057.0,3.947748865327405e-05
2024-02-29,10:04:50,23.4535,27.44,24.5,3043,15110057.0,3.947748865327405e-05
2024-02-29,10:04:50,23.4608,27.44,24.5,3043,15110056.0,3.947748865327405e-05
2024-02-29,10:04:50,23.4681,27.44,24.5,3045,15110055.0,3.935140761269075e-05
2024-02-29,10:04:50,23.4755,27.44,24.5,3045,15110056.0,3.935140761269075e-05
2024-02-29,10:04:50,23.4827,27.44,24.5,3043,15110056.0,3.947748865327405e-05
2024-02-29,10:04:50,23.49,27.44,24.5,3044,15110056.0,3.941439771860481e-05
2024-02-29,10:04:50,23.4973,27.44,24.5,3044,15110056.0,3.941439771860481e-05
2024-02-29,10:04:50,23.5045,27.44,24.5,3043,15110057.0,3.947748865327405e-05
2024-02-29,10:04:50,23.5119,27.44,24.5,3043,15110057.0,3.947748865327405e-05
2024-02-29,10:04:50,23.5193,27.44,24.5,3042,15110055.0,3.95406805780958e-05
2024-02-29,10:04:50,23.5266,27.44,24.5,3043,15110054.0,3.947748865327405e-05
2024-02-29,10:04:50,23.5339,27.44,24.5,3043,15110054.0,3.947748865327405e-05
2024-02-29,10:04:50,23.5412,27.44,24.5,3041,15110055.0,3.960397365472582e-05
2024-02-29,10:04:50,23.5485,27.44,24.5,3042,15110057.0,3.95406805780958e-05
2024-02-29,10:04:50,23.5558,27.44,24.5,3042,15110057.0,3.95406805780958e-05
2024-02-29,10:04:50,23.5631,27.44,24.5,3040,15110054.0,3.966736804507856e-05
2024-02-29,10:04:50,23.5704,27.44,24.5,3041,15110054.0,3.960397365472582e-05
2024-02-29,10:04:50,23.5777,27.44,24.5,3041,15110054.0,3.960397365472582e-05
2024-02-29,10:04:50,23.585,27.44,24.5,3040,15110054.0,3.966736804507856e-05
2024-02-29,10:04:50,23.5923,27.44,24.5,3041,15110055.0,3.960397365472582e-05
2024-02-29,10:04:50,23.5996,27.44,24.5,3040,15110056.0,3.966736804507856e-05
2024-02-29,10:04:50,23.607,27.44,24.5,3039,15110055.0,3.973086391132776e-05
2024-02-29,10:04:50,23.6144,27.44,24.5,3040,15110055.0,3.966736804507856e-05
2024-02-29,10:04:50,23.6217,27.44,24.5,3040,15110053.0,3.966736804507856e-05
2024-02-29,10:04:50,23.629,27.44,24.5,3041,15110052.0,3.960397365472582e-05
2024-02-29,10:04:50,23.6363,27.44,24.5,3041,15110053.0,3.960397365472582e-05
2024-02-29,10:04:50,23.6437,27.44,24.5,3039,15110053.0,3.973086391132776e-05
2024-02-29,10:04:50,23.6512,27.44,24.5,3039,15110054.0,3.973086391132776e-05
2024-02-29,10:04:50,23.6585,27.44,24.5,3039,15110054.0,3.973086391132776e-05
2024-02-29,10:04:50,23.6658,27.44,24.5,3038,15110053.0,3.979446141590659e-05
2024-02-29,10:04:50,23.6732,27.38,24.5,3039,15110052.0,3.973086391132776e-05
2024-02-29,10:04:50,23.6806,27.38,24.5,3039,15110052.0,3.973086391132776e-05
2024-02-29,10:04:50,23.6879,27.38,24.5,3038,15110053.0,3.979446141590659e-05
2024-02-29,10:04:50,23.6952,27.38,24.5,3038,15110053.0,3.979446141590659e-05
2024-02-29,10:04:51,23.7025,27.38,24.5,3038,15110053.0,3.979446141590659e-05
2024-02-29,10:04:51,23.7099,27.38,24.5,3038,15110053.0,3.979446141590659e-05
2024-02-29,10:04:51,23.7173,27.38,24.5,3038,15110053.0,3.979446141590659e-05
2024-02-29,10:04:51,23.7246,27.38,24.5,3037,15110051.0,3.985816072150841e-05
2024-02-29,10:04:51,23.7319,27.38,24.5,3037,15110050.0,3.985816072150841e-05
2024-02-29,10:04:51,23.7392,27.38,24.5,3037,15110050.0,3.985816072150841e-05
2024-02-29,10:04:51,23.7466,27.38,24.5,3036,15110051.0,3.992196199108682e-05
2024-02-29,10:04:51,23.7541,27.38,24.5,3036,15110052.0,3.992196199108682e-05
2024-02-29,10:04:51,23.7615,27.38,24.5,3036,15110051.0,3.992196199108682e-05
2024-02-29,10:04:51,23.7689,27.38,24.5,3035,15110050.0,3.998586538785644e-05
2024-02-29,10:04:51,23.7762,27.38,24.5,3036,15110049.0,3.992196199108682e-05
2024-02-29,10:04:51,23.7835,27.38,24.5,3036,15110049.0,3.992196199108682e-05
2024-02-29,10:04:51,23.7909,27.38,24.5,3035,15110050.0,3.998586538785644e-05
2024-02-29,10:04:51,23.7984,27.38,24.5,3035,15110051.0,3.998586538785644e-05
2024-02-29,10:04:51,23.8057,27.38,24.5,3035,15110051.0,3.998586538785644e-05
2024-02-29,10:04:51,23.8131,27.38,24.5,3033,15110047.0,4.011397921713403e-05
2024-02-29,10:04:51,23.8206,27.38,24.5,3033,15110046.0,4.011397921713403e-05
2024-02-29,10:04:51,23.8281,27.38,24.5,3035,15110048.0,3.998586538785644e-05
2024-02-29,10:04:51,23.8355,27.38,24.5,3034,15110049.0,4.004987107529301e-05
2024-02-29,10:04:51,23.8428,27.38,24.5,3035,15110051.0,3.998586538785644e-05
2024-02-29,10:04:51,23.8501,27.38,24.5,3036,15110051.0,3.992196199108682e-05
2024-02-29,10:04:51,23.8575,27.38,24.5,3034,15110048.0,4.004987107529301e-05
2024-02-29,10:04:51,23.8648,27.38,24.5,3033,15110047.0,4.011397921713403e-05
2024-02-29,10:04:51,23.8721,27.38,24.5,3032,15110047.0,4.017818997737903e-05
2024-02-29,10:04:51,23.8795,27.38,24.5,3032,15110047.0,4.017818997737903e-05
2024-02-29,10:04:51,23.8871,27.38,24.5,3032,15110048.0,4.017818997737903e-05
2024-02-29,10:04:51,23.8945,27.38,24.5,3032,15110047.0,4.017818997737903e-05
2024-02-29,10:04:51,23.9018,27.38,24.5,3031,15110046.0,4.024250352029014e-05
2024-02-29,10:04:51,23.9092,27.38,24.5,3031,15110045.0,4.024250352029014e-05
2024-02-29,10:04:51,23.9166,27.38,24.5,3032,15110046.0,4.017818997737903e-05
2024-02-29,10:04:51,23.9242,27.38,24.5,3032,15110046.0,4.017818997737903e-05
2024-02-29,10:04:51,23.9316,27.38,24.5,3031,15110046.0,4.024250352029014e-05
2024-02-29,10:04:51,23.939,27.38,24.5,3030,15110046.0,4.030692001039233e-05
2024-02-29,10:04:51,23.9466,27.38,24.5,3030,15110046.0,4.030692001039233e-05
2024-02-29,10:04:51,23.9539,27.38,24.5,3031,15110045.0,4.024250352029014e-05
2024-02-29,10:04:51,23.9613,27.38,24.5,3031,15110045.0,4.024250352029014e-05
2024-02-29,10:04:51,23.9689,27.38,24.5,3030,15110045.0,4.030692001039233e-05
2024-02-29,10:04:51,23.9763,27.38,24.5,3028,15110043.0,4.043606249158732e-05
2024-02-29,10:04:51,23.9837,27.38,24.5,3029,15110042.0,4.037143961247402e-05
2024-02-29,10:04:51,23.9911,27.38,24.5,3029,15110042.0,4.037143961247402e-05
2024-02-29,10:04:51,23.9987,27.38,24.5,3028,15110043.0,4.043606249158732e-05
2024-02-29,10:04:51,24.0061,27.38,24.5,3030,15110045.0,4.030692001039233e-05
2024-02-29,10:04:51,24.0134,27.38,24.5,3030,15110045.0,4.030692001039233e-05
2024-02-29,10:04:51,24.021,27.38,24.5,3028,15110042.0,4.043606249158732e-05
2024-02-29,10:04:51,24.0285,27.38,24.5,3029,15110042.0,4.037143961247402e-05
2024-02-29,10:04:51,24.0359,27.38,24.5,3029,15110042.0,4.037143961247402e-05
2024-02-29,10:04:51,24.0434,27.38,24.5,3028,15110042.0,4.043606249158732e-05
2024-02-29,10:04:51,24.0508,27.38,24.5,3028,15110042.0,4.043606249158732e-05
2024-02-29,10:04:51,24.0582,27.38,24.5,3028,15110042.0,4.043606249158732e-05
2024-02-29,10:04:51,24.0656,27.38,24.5,3029,15110042.0,4.037143961247402e-05
2024-02-29,10:04:51,24.0732,27.38,24.5,3030,15110041.0,4.030692001039233e-05
2024-02-29,10:04:51,24.0806,27.38,24.5,3029,15110041.0,4.037143961247402e-05
2024-02-29,10:04:51,24.088,27.38,24.5,3028,15110041.0,4.043606249158732e-05
2024-02-29,10:04:51,24.0956,27.38,24.5,3028,15110041.0,4.043606249158732e-05
2024-02-29,10:04:51,24.103,27.38,24.5,3028,15110041.0,4.043606249158732e-05
2024-02-29,10:04:51,24.1103,27.38,24.5,3029,15110042.0,4.037143961247402e-05
2024-02-29,10:04:51,24.1177,27.38,24.5,3029,15110042.0,4.037143961247402e-05
2024-02-29,10:04:51,24.1253,27.38,24.5,3029,15110042.0,4.037143961247402e-05
2024-02-29,10:04:51,24.1327,27.38,24.5,3029,15110042.0,4.037143961247402e-05
2024-02-29,10:04:51,24.1401,27.38,24.5,3028,15110040.0,4.043606249158732e-05
2024-02-29,10:04:51,24.1475,27.38,24.5,3028,15110040.0,4.043606249158732e-05
2024-02-29,10:04:51,24.155,27.38,24.5,3028,15110041.0,4.043606249158732e-05
2024-02-29,10:04:51,24.1625,27.38,24.5,3028,15110041.0,4.043606249158732e-05
2024-02-29,10:04:51,24.1699,27.38,24.5,3028,15110041.0,4.043606249158732e-05
2024-02-29,10:04:51,24.1774,27.38,24.5,3027,15110041.0,4.050078881304863e-05
2024-02-29,10:04:51,24.1849,27.38,24.5,3026,15110040.0,4.056561874243887e-05
2024-02-29,10:04:51,24.1923,27.38,24.5,3026,15110040.0,4.056561874243887e-05
2024-02-29,10:04:51,24.1998,27.38,24.5,3026,15110040.0,4.056561874243887e-05
2024-02-29,10:04:51,24.2073,27.38,24.5,3026,15110040.0,4.056561874243887e-05
2024-02-29,10:04:51,24.2149,27.38,24.5,3026,15110039.0,4.056561874243887e-05
2024-02-29,10:04:51,24.2223,27.38,24.5,3026,15110039.0,4.056561874243887e-05
2024-02-29,10:04:51,24.2297,27.38,24.5,3025,15110038.0,4.06305524456041e-05
2024-02-29,10:04:51,24.2373,27.38,24.5,3025,15110039.0,4.06305524456041e-05
2024-02-29,10:04:51,24.2448,27.38,24.5,3026,15110040.0,4.056561874243887e-05
2024-02-29,10:04:51,24.2522,27.38,24.5,3026,15110039.0,4.056561874243887e-05
2024-02-29,10:04:51,24.2597,27.38,24.5,3026,15110039.0,4.056561874243887e-05
2024-02-29,10:04:51,24.2672,27.38,24.5,3026,15110038.0,4.056561874243887e-05
2024-02-29,10:04:51,24.2748,27.38,24.5,3027,15110039.0,4.050078881304863e-05
2024-02-29,10:04:51,24.2822,27.38,24.5,3027,15110039.0,4.050078881304863e-05
2024-02-29,10:04:51,24.2896,27.38,24.5,3026,15110038.0,4.056561874243887e-05
2024-02-29,10:04:51,24.297,27.38,24.5,3026,15110038.0,4.056561874243887e-05
2024-02-29,10:04:51,24.3045,27.38,24.5,3025,15110037.0,4.06305524456041e-05
2024-02-29,10:04:51,24.312,27.38,24.5,3024,15110038.0,4.069559008865578e-05
2024-02-29,10:04:51,24.3196,27.38,24.5,3024,15110038.0,4.069559008865578e-05
2024-02-29,10:04:51,24.327,27.38,24.5,3024,15110037.0,4.069559008865578e-05
2024-02-29,10:04:51,24.3344,27.38,24.5,3024,15110037.0,4.069559008865578e-05
2024-02-29,10:04:51,24.342,27.38,24.5,3024,15110037.0,4.069559008865578e-05
2024-02-29,10:04:51,24.3495,27.38,24.5,3024,15110037.0,4.069559008865578e-05
2024-02-29,10:04:51,24.357,27.38,24.5,3024,15110037.0,4.069559008865578e-05
2024-02-29,10:04:51,24.3645,27.38,24.5,3023,15110036.0,4.076073183797135e-05
2024-02-29,10:04:51,24.3721,27.38,24.5,3023,15110036.0,4.076073183797135e-05
2024-02-29,10:04:51,24.3795,27.38,24.5,3023,15110036.0,4.076073183797135e-05
2024-02-29,10:04:51,24.3869,27.38,24.5,3023,15110036.0,4.076073183797135e-05
2024-02-29,10:04:51,24.3943,27.38,24.5,3023,15110037.0,4.076073183797135e-05
2024-02-29,10:04:51,24.4019,27.38,24.5,3022,15110037.0,4.082597786019447e-05
2024-02-29,10:04:51,24.4094,27.38,24.5,3022,15110036.0,4.082597786019447e-05
2024-02-29,10:04:51,24.417,27.38,24.5,3023,15110036.0,4.076073183797135e-05
2024-02-29,10:04:51,24.4245,27.38,24.5,3023,15110037.0,4.076073183797135e-05
2024-02-29,10:04:51,24.432,27.38,24.5,3022,15110036.0,4.082597786019447e-05
2024-02-29,10:04:51,24.4395,27.38,24.5,3022,15110035.0,4.082597786019447e-05
2024-02-29,10:04:51,24.4471,27.38,24.5,3023,15110035.0,4.076073183797135e-05
2024-02-29,10:04:51,24.4545,27.38,24.5,3023,15110034.0,4.076073183797135e-05
2024-02-29,10:04:51,24.462,27.38,24.5,3022,15110035.0,4.082597786019447e-05
2024-02-29,10:04:51,24.4696,27.38,24.5,3021,15110034.0,4.089132832223565e-05
2024-02-29,10:04:51,24.4771,27.38,24.5,3021,15110034.0,4.089132832223565e-05
2024-02-29,10:04:51,24.4846,27.38,24.5,3022,15110035.0,4.082597786019447e-05
2024-02-29,10:04:51,24.492,27.38,24.5,3022,15110034.0,4.082597786019447e-05
2024-02-29,10:04:51,24.4995,27.38,24.5,3022,15110035.0,4.082597786019447e-05
2024-02-29,10:04:51,24.5071,27.38,24.5,3022,15110035.0,4.082597786019447e-05
2024-02-29,10:04:51,24.5146,27.38,24.5,3022,15110035.0,4.082597786019447e-05
2024-02-29,10:04:51,24.5221,27.38,24.5,3023,15110034.0,4.076073183797135e-05
2024-02-29,10:04:51,24.5296,27.38,24.5,3023,15110034.0,4.076073183797135e-05
2024-02-29,10:04:51,24.5372,27.38,24.5,3022,15110034.0,4.082597786019447e-05
2024-02-29,10:04:51,24.5446,27.38,24.5,3021,15110034.0,4.089132832223565e-05
2024-02-29,10:04:51,24.5522,27.38,24.5,3021,15110034.0,4.089132832223565e-05
2024-02-29,10:04:51,24.5597,27.38,24.5,3021,15110033.0,4.089132832223565e-05
2024-02-29,10:04:51,24.5671,27.38,24.5,3021,15110034.0,4.089132832223565e-05
2024-02-29,10:04:51,24.5747,27.38,24.5,3020,15110033.0,4.095678339127246e-05
2024-02-29,10:04:51,24.5824,27.38,24.5,3019,15110033.0,4.102234323475019e-05
2024-02-29,10:04:51,24.5898,27.38,24.5,3020,15110035.0,4.095678339127246e-05
2024-02-29,10:04:51,24.5972,27.38,24.5,3020,15110035.0,4.095678339127246e-05
2024-02-29,10:04:51,24.6048,27.38,24.5,3020,15110035.0,4.095678339127246e-05
2024-02-29,10:04:51,24.6122,27.38,24.5,3021,15110034.0,4.089132832223565e-05
2024-02-29,10:04:51,24.6197,27.38,24.5,3021,15110032.0,4.089132832223565e-05
2024-02-29,10:04:51,24.6273,27.38,24.5,3020,15110033.0,4.095678339127246e-05
2024-02-29,10:04:51,24.6348,27.38,24.5,3020,15110033.0,4.095678339127246e-05
2024-02-29,10:04:51,24.6424,27.38,24.5,3020,15110033.0,4.095678339127246e-05
2024-02-29,10:04:51,24.6498,27.38,24.5,3019,15110033.0,4.102234323475019e-05
2024-02-29,10:04:51,24.6574,27.38,24.5,3020,15110033.0,4.095678339127246e-05
2024-02-29,10:04:51,24.6649,27.38,24.5,3021,15110033.0,4.089132832223565e-05
2024-02-29,10:04:51,24.6725,27.38,24.5,3020,15110034.0,4.095678339127246e-05
2024-02-29,10:04:51,24.68,27.38,24.5,3019,15110033.0,4.102234323475019e-05
2024-02-29,10:04:51,24.6876,27.38,24.5,3019,15110033.0,4.102234323475019e-05
2024-02-29,10:04:51,24.6951,27.38,24.5,3019,15110033.0,4.102234323475019e-05
2024-02-29,10:04:52,24.7027,27.38,24.5,3018,15110033.0,4.108800802038206e-05
2024-02-29,10:04:52,24.7102,27.38,24.5,3018,15110033.0,4.108800802038206e-05
2024-02-29,10:04:52,24.7178,27.38,24.5,3019,15110033.0,4.102234323475019e-05
2024-02-29,10:04:52,24.7253,27.38,24.5,3019,15110032.0,4.102234323475019e-05
2024-02-29,10:04:52,24.7329,27.38,24.5,3018,15110032.0,4.108800802038206e-05
2024-02-29,10:04:52,24.7404,27.38,24.5,3018,15110033.0,4.108800802038206e-05
2024-02-29,10:04:52,24.748,27.38,24.5,3019,15110033.0,4.102234323475019e-05
2024-02-29,10:04:52,24.7554,27.38,24.5,3019,15110032.0,4.102234323475019e-05
2024-02-29,10:04:52,24.7628,27.38,24.5,3019,15110032.0,4.102234323475019e-05
2024-02-29,10:04:52,24.7704,27.38,24.5,3019,15110032.0,4.102234323475019e-05
2024-02-29,10:04:52,24.7779,27.38,24.5,3018,15110032.0,4.108800802038206e-05
2024-02-29,10:04:52,24.7855,27.38,24.5,3018,15110031.0,4.108800802038206e-05
2024-02-29,10:04:52,24.793,27.38,24.5,3019,15110031.0,4.102234323475019e-05
2024-02-29,10:04:52,24.8006,27.38,24.5,3019,15110032.0,4.102234323475019e-05
2024-02-29,10:04:52,24.8082,27.38,24.5,3018,15110032.0,4.108800802038206e-05
2024-02-29,10:04:52,24.8157,27.38,24.5,3016,15110029.0,4.121965309030415e-05
2024-02-29,10:04:52,24.8233,27.38,24.5,3016,15110029.0,4.121965309030415e-05
2024-02-29,10:04:52,24.8308,27.38,24.5,3018,15110031.0,4.108800802038206e-05
2024-02-29,10:04:52,24.8382,27.38,24.5,3017,15110032.0,4.115377791614988e-05
2024-02-29,10:04:52,24.8458,27.38,24.5,3016,15110031.0,4.121965309030415e-05
2024-02-29,10:04:52,24.8535,27.38,24.5,3017,15110031.0,4.115377791614988e-05
2024-02-29,10:04:52,24.861,27.38,24.5,3018,15110031.0,4.108800802038206e-05
2024-02-29,10:04:52,24.8684,27.38,24.5,3017,15110031.0,4.115377791614988e-05
2024-02-29,10:04:52,24.8759,27.38,24.5,3016,15110031.0,4.121965309030415e-05
2024-02-29,10:04:52,24.8835,27.38,24.5,3018,15110030.0,4.108800802038206e-05
2024-02-29,10:04:52,24.8912,27.38,24.5,3018,15110030.0,4.108800802038206e-05
2024-02-29,10:04:52,24.8986,27.38,24.5,3016,15110030.0,4.121965309030415e-05
2024-02-29,10:04:52,24.9061,27.38,24.5,3016,15110031.0,4.121965309030415e-05
2024-02-29,10:04:52,24.9136,27.38,24.5,3017,15110031.0,4.115377791614988e-05
2024-02-29,10:04:52,24.9212,27.38,24.5,3017,15110029.0,4.115377791614988e-05
2024-02-29,10:04:52,24.9287,27.38,24.5,3016,15110029.0,4.121965309030415e-05
2024-02-29,10:04:52,24.9363,27.38,24.5,3016,15110031.0,4.121965309030415e-05
2024-02-29,10:04:52,24.9438,27.38,24.5,3016,15110031.0,4.121965309030415e-05
2024-02-29,10:04:52,24.9514,27.38,24.5,3015,15110029.0,4.12856337113649e-05
2024-02-29,10:04:52,24.9589,27.38,24.5,3015,15110028.0,4.12856337113649e-05
2024-02-29,10:04:52,24.9666,27.38,24.5,3015,15110030.0,4.12856337113649e-05
2024-02-29,10:04:52,24.9742,27.38,24.5,3015,15110030.0,4.12856337113649e-05
2024-02-29,10:04:52,24.9817,27.38,24.5,3015,15110029.0,4.12856337113649e-05
2024-02-29,10:04:52,24.9894,27.38,24.5,3015,15110029.0,4.12856337113649e-05
2024-02-29,10:04:52,24.997,27.38,24.5,3016,15110031.0,4.121965309030415e-05
2024-02-29,10:04:52,25.0045,27.38,24.5,3015,15110032.0,4.12856337113649e-05
2024-02-29,10:04:52,25.0121,27.38,24.5,3014,15110030.0,4.135171994812177e-05
2024-02-29,10:04:52,25.0196,27.38,24.5,3015,15110029.0,4.12856337113649e-05
2024-02-29,10:04:52,25.0272,27.38,24.5,3016,15110031.0,4.121965309030415e-05
2024-02-29,10:04:52,25.0347,27.38,24.5,3015,15110031.0,4.12856337113649e-05
2024-02-29,10:04:52,25.0423,27.38,24.5,3014,15110031.0,4.135171994812177e-05
2024-02-29,10:04:52,25.0498,27.38,24.5,3015,15110031.0,4.12856337113649e-05
2024-02-29,10:04:52,25.0574,27.38,24.5,3015,15110030.0,4.12856337113649e-05
2024-02-29,10:04:52,25.0649,27.38,24.5,3014,15110030.0,4.135171994812177e-05
2024-02-29,10:04:52,25.0725,27.38,24.5,3014,15110030.0,4.135171994812177e-05
2024-02-29,10:04:52,25.08,27.38,24.5,3015,15110030.0,4.12856337113649e-05
2024-02-29,10:04:52,25.0876,27.38,24.5,3015,15110028.0,4.12856337113649e-05
2024-02-29,10:04:52,25.0951,27.38,24.5,3014,15110028.0,4.135171994812177e-05
2024-02-29,10:04:52,25.1027,27.38,24.5,3014,15110030.0,4.135171994812177e-05
2024-02-29,10:04:52,25.1102,27.38,24.5,3015,15110030.0,4.12856337113649e-05
2024-02-29,10:04:52,25.1179,27.38,24.5,3014,15110027.0,4.135171994812177e-05
2024-02-29,10:04:52,25.1255,27.38,24.5,3013,15110027.0,4.141791196963466e-05
2024-02-29,10:04:52,25.133,27.38,24.5,3013,15110028.0,4.141791196963466e-05
2024-02-29,10:04:52,25.1407,27.38,24.5,3014,15110029.0,4.135171994812177e-05
2024-02-29,10:04:52,25.1482,27.38,24.5,3014,15110027.0,4.135171994812177e-05
2024-02-29,10:04:52,25.1558,27.38,24.5,3013,15110027.0,4.141791196963466e-05
2024-02-29,10:04:52,25.1634,27.38,24.5,3014,15110029.0,4.135171994812177e-05
2024-02-29,10:04:52,25.1709,27.38,24.5,3015,15110029.0,4.12856337113649e-05
2024-02-29,10:04:52,25.1785,27.38,24.5,3014,15110027.0,4.135171994812177e-05
2024-02-29,10:04:52,25.1861,27.44,24.5,3013,15110027.0,4.141791196963466e-05
2024-02-29,10:04:52,25.1937,27.44,24.5,3014,15110029.0,4.135171994812177e-05
2024-02-29,10:04:52,25.2012,27.44,24.5,3014,15110030.0,4.135171994812177e-05
2024-02-29,10:04:52,25.2089,27.44,24.5,3012,15110026.0,4.148420994523402e-05
2024-02-29,10:04:52,25.2165,27.44,24.5,3012,15110026.0,4.148420994523402e-05
2024-02-29,10:04:52,25.224,27.44,24.5,3013,15110029.0,4.141791196963466e-05
2024-02-29,10:04:52,25.2316,27.44,24.5,3013,15110030.0,4.141791196963466e-05
2024-02-29,10:04:52,25.2393,27.44,24.5,3012,15110027.0,4.148420994523402e-05
2024-02-29,10:04:52,25.2469,27.44,24.5,3012,15110026.0,4.148420994523402e-05
2024-02-29,10:04:52,25.2545,27.44,24.5,3014,15110028.0,4.135171994812177e-05
2024-02-29,10:04:52,25.262,27.44,24.5,3013,15110029.0,4.141791196963466e-05
2024-02-29,10:04:52,25.2696,27.44,24.5,3011,15110025.0,4.155061404452143e-05
2024-02-29,10:04:52,25.2771,27.44,24.5,3012,15110025.0,4.148420994523402e-05
2024-02-29,10:04:52,25.2847,27.44,24.5,3013,15110029.0,4.141791196963466e-05
2024-02-29,10:04:52,25.2924,27.44,24.5,3012,15110029.0,4.148420994523402e-05
2024-02-29,10:04:52,25.3001,27.44,24.5,3011,15110027.0,4.155061404452143e-05
2024-02-29,10:04:52,25.3075,27.44,24.5,3012,15110026.0,4.148420994523402e-05
2024-02-29,10:04:52,25.315,27.44,24.5,3013,15110028.0,4.141791196963466e-05
2024-02-29,10:04:52,25.3227,27.44,24.5,3011,15110029.0,4.155061404452143e-05
2024-02-29,10:04:52,25.3303,27.44,24.5,3010,15110029.0,4.161712443736986e-05
2024-02-29,10:04:52,25.3378,27.44,24.5,3013,15110028.0,4.141791196963466e-05
2024-02-29,10:04:52,25.3454,27.44,24.5,3013,15110027.0,4.141791196963466e-05
2024-02-29,10:04:52,25.3529,27.44,24.5,3010,15110027.0,4.161712443736986e-05
2024-02-29,10:04:52,25.3605,27.44,24.5,3010,15110027.0,4.161712443736986e-05
2024-02-29,10:04:52,25.368,27.44,24.5,3013,15110027.0,4.141791196963466e-05
2024-02-29,10:04:52,25.3756,27.44,24.5,3013,15110027.0,4.141791196963466e-05
2024-02-29,10:04:52,25.3831,27.44,24.5,3010,15110026.0,4.161712443736986e-05
2024-02-29,10:04:52,25.3907,27.44,24.5,3010,15110026.0,4.161712443736986e-05
2024-02-29,10:04:52,25.3982,27.44,24.5,3013,15110027.0,4.141791196963466e-05
2024-02-29,10:04:52,25.4059,27.44,24.5,3013,15110026.0,4.141791196963466e-05
2024-02-29,10:04:52,25.4136,27.44,24.5,3010,15110025.0,4.161712443736986e-05
2024-02-29,10:04:52,25.4211,27.44,24.5,3011,15110027.0,4.155061404452143e-05
2024-02-29,10:04:52,25.4287,27.44,24.5,3014,15110028.0,4.135171994812177e-05
2024-02-29,10:04:52,25.4362,27.44,24.5,3012,15110024.0,4.148420994523402e-05
2024-02-29,10:04:52,25.4439,27.44,24.5,3010,15110023.0,4.161712443736986e-05
2024-02-29,10:04:52,25.4516,27.44,24.5,3012,15110027.0,4.148420994523402e-05
2024-02-29,10:04:52,25.4592,27.44,24.5,3013,15110028.0,4.141791196963466e-05
2024-02-29,10:04:52,25.4667,27.44,24.5,3011,15110024.0,4.155061404452143e-05
2024-02-29,10:04:52,25.4744,27.44,24.5,3010,15110023.0,4.161712443736986e-05
2024-02-29,10:04:52,25.4821,27.44,24.5,3012,15110028.0,4.148420994523402e-05
2024-02-29,10:04:52,25.4896,27.44,24.5,3013,15110030.0,4.141791196963466e-05
2024-02-29,10:04:52,25.4972,27.44,24.5,3011,15110025.0,4.155061404452143e-05
2024-02-29,10:04:52,25.5047,27.44,24.5,3009,15110024.0,4.16837412939243e-05
2024-02-29,10:04:52,25.5124,27.44,24.5,3010,15110027.0,4.161712443736986e-05
2024-02-29,10:04:52,25.5201,27.44,24.5,3011,15110028.0,4.155061404452143e-05
2024-02-29,10:04:52,25.5276,27.44,24.5,3009,15110023.0,4.16837412939243e-05
2024-02-29,10:04:52,25.5352,27.44,24.5,3008,15110022.0,4.175046478460198e-05
2024-02-29,10:04:52,25.5427,27.44,24.5,3011,15110028.0,4.155061404452143e-05
2024-02-29,10:04:52,25.5504,27.44,24.5,3012,15110029.0,4.148420994523402e-05
2024-02-29,10:04:52,25.5581,27.44,24.5,3009,15110024.0,4.16837412939243e-05
2024-02-29,10:04:52,25.5657,27.44,24.5,3009,15110023.0,4.16837412939243e-05
2024-02-29,10:04:52,25.5732,27.44,24.5,3012,15110028.0,4.148420994523402e-05
2024-02-29,10:04:52,25.5808,27.44,24.5,3011,15110029.0,4.155061404452143e-05
2024-02-29,10:04:52,25.5884,27.44,24.5,3008,15110024.0,4.175046478460198e-05
2024-02-29,10:04:52,25.5961,27.44,24.5,3009,15110022.0,4.16837412939243e-05
2024-02-29,10:04:52,25.6037,27.44,24.5,3011,15110028.0,4.155061404452143e-05
2024-02-29,10:04:52,25.6112,27.44,24.5,3010,15110029.0,4.161712443736986e-05
2024-02-29,10:04:52,25.6188,27.44,24.5,3008,15110024.0,4.175046478460198e-05
2024-02-29,10:04:52,25.6265,27.44,24.5,3008,15110023.0,4.175046478460198e-05
2024-02-29,10:04:52,25.6341,27.44,24.5,3010,15110027.0,4.161712443736986e-05
2024-02-29,10:04:52,25.6417,27.44,24.5,3010,15110028.0,4.161712443736986e-05
2024-02-29,10:04:52,25.6492,27.44,24.5,3009,15110024.0,4.16837412939243e-05
2024-02-29,10:04:52,25.6569,27.44,24.5,3009,15110024.0,4.16837412939243e-05
2024-02-29,10:04:52,25.6646,27.44,24.5,3010,15110028.0,4.161712443736986e-05
2024-02-29,10:04:52,25.6722,27.44,24.5,3010,15110029.0,4.161712443736986e-05
2024-02-29,10:04:52,25.6797,27.44,24.5,3009,15110025.0,4.16837412939243e-05
2024-02-29,10:04:52,25.6873,27.44,24.5,3010,15110025.0,4.161712443736986e-05
2024-02-29,10:04:52,25.6949,27.44,24.5,3011,15110029.0,4.155061404452143e-05
2024-02-29,10:04:53,25.7026,27.44,24.5,3009,15110030.0,4.16837412939243e-05
2024-02-29,10:04:53,25.7102,27.44,24.5,3007,15110024.0,4.181729508009303e-05
2024-02-29,10:04:53,25.7177,27.44,24.5,3008,15110024.0,4.175046478460198e-05
2024-02-29,10:04:53,25.7253,27.44,24.5,3009,15110028.0,4.16837412939243e-05
2024-02-29,10:04:53,25.7328,27.44,24.5,3008,15110028.0,4.175046478460198e-05
2024-02-29,10:04:53,25.7405,27.44,24.5,3008,15110024.0,4.175046478460198e-05
2024-02-29,10:04:53,25.7482,27.44,24.5,3010,15110024.0,4.161712443736986e-05
2024-02-29,10:04:53,25.7557,27.44,24.5,3010,15110028.0,4.161712443736986e-05
2024-02-29,10:04:53,25.7633,27.44,24.5,3008,15110027.0,4.175046478460198e-05
2024-02-29,10:04:53,25.7708,27.44,24.5,3008,15110024.0,4.175046478460198e-05
2024-02-29,10:04:53,25.7784,27.44,24.5,3010,15110025.0,4.161712443736986e-05
2024-02-29,10:04:53,25.7861,27.44,24.5,3010,15110027.0,4.161712443736986e-05
2024-02-29,10:04:53,25.7938,27.44,24.5,3008,15110027.0,4.175046478460198e-05
2024-02-29,10:04:53,25.8013,27.44,24.5,3007,15110023.0,4.181729508009303e-05
2024-02-29,10:04:53,25.8089,27.44,24.5,3009,15110024.0,4.16837412939243e-05
2024-02-29,10:04:53,25.8165,27.44,24.5,3010,15110028.0,4.161712443736986e-05
2024-02-29,10:04:53,25.8241,27.44,24.5,3008,15110026.0,4.175046478460198e-05
2024-02-29,10:04:53,25.8316,27.44,24.5,3007,15110022.0,4.181729508009303e-05
2024-02-29,10:04:53,25.8393,27.44,24.5,3009,15110023.0,4.16837412939243e-05
2024-02-29,10:04:53,25.847,27.44,24.5,3009,15110027.0,4.16837412939243e-05
2024-02-29,10:04:53,25.8546,27.44,24.5,3007,15110025.0,4.181729508009303e-05
2024-02-29,10:04:53,25.8621,27.44,24.5,3007,15110022.0,4.181729508009303e-05
2024-02-29,10:04:53,25.8699,27.44,24.5,3008,15110023.0,4.175046478460198e-05
2024-02-29,10:04:53,25.8776,27.44,24.5,3008,15110027.0,4.175046478460198e-05
2024-02-29,10:04:53,25.8851,27.44,24.5,3007,15110025.0,4.181729508009303e-05
2024-02-29,10:04:53,25.8927,27.44,24.5,3007,15110021.0,4.181729508009303e-05
2024-02-29,10:04:53,25.9004,27.44,24.5,3008,15110024.0,4.175046478460198e-05
2024-02-29,10:04:53,25.9081,27.44,24.5,3008,15110027.0,4.175046478460198e-05
2024-02-29,10:04:53,25.9156,27.44,24.5,3007,15110024.0,4.181729508009303e-05
2024-02-29,10:04:53,25.9232,27.44,24.5,3007,15110022.0,4.181729508009303e-05
2024-02-29,10:04:53,25.9307,27.44,24.5,3008,15110024.0,4.175046478460198e-05
2024-02-29,10:04:53,25.9384,27.44,24.5,3008,15110026.0,4.175046478460198e-05
2024-02-29,10:04:53,25.9461,27.44,24.5,3007,15110024.0,4.181729508009303e-05
2024-02-29,10:04:53,25.9535,27.44,24.5,3006,15110020.0,4.188423235136067e-05
2024-02-29,10:04:53,25.961,27.44,24.5,3007,15110022.0,4.181729508009303e-05
2024-02-29,10:04:53,25.9689,27.44,24.5,3008,15110026.0,4.175046478460198e-05
2024-02-29,10:04:53,25.9765,27.44,24.5,3007,15110024.0,4.181729508009303e-05
2024-02-29,10:04:53,25.9841,27.44,24.5,3007,15110020.0,4.181729508009303e-05
2024-02-29,10:04:53,25.9916,27.44,24.5,3008,15110022.0,4.175046478460198e-05
2024-02-29,10:04:53,25.9993,27.44,24.5,3009,15110026.0,4.16837412939243e-05
2024-02-29,10:04:53,26.007,27.44,24.5,3009,15110024.0,4.16837412939243e-05
2024-02-29,10:04:53,26.0144,27.44,24.5,3007,15110020.0,4.181729508009303e-05
2024-02-29,10:04:53,26.0221,27.44,24.5,3007,15110022.0,4.181729508009303e-05
2024-02-29,10:04:53,26.0299,27.44,24.5,3008,15110025.0,4.175046478460198e-05
2024-02-29,10:04:53,26.0375,27.44,24.5,3008,15110023.0,4.175046478460198e-05
2024-02-29,10:04:53,26.0451,27.44,24.5,3007,15110019.0,4.181729508009303e-05
2024-02-29,10:04:53,26.0528,27.44,24.5,3007,15110021.0,4.181729508009303e-05
2024-02-29,10:04:53,26.0604,27.44,24.5,3008,15110026.0,4.175046478460198e-05
2024-02-29,10:04:53,26.0679,27.44,24.5,3008,15110024.0,4.175046478460198e-05
2024-02-29,10:04:53,26.0756,27.44,24.5,3007,15110019.0,4.181729508009303e-05
2024-02-29,10:04:53,26.0833,27.44,24.5,3006,15110021.0,4.188423235136067e-05
2024-02-29,10:04:53,26.091,27.44,24.5,3007,15110025.0,4.181729508009303e-05
2024-02-29,10:04:53,26.0986,27.44,24.5,3008,15110023.0,4.175046478460198e-05
2024-02-29,10:04:53,26.1062,27.44,24.5,3007,15110019.0,4.181729508009303e-05
2024-02-29,10:04:53,26.1138,27.44,24.5,3006,15110021.0,4.188423235136067e-05
2024-02-29,10:04:53,26.1214,27.44,24.5,3007,15110025.0,4.181729508009303e-05
2024-02-29,10:04:53,26.129,27.44,24.5,3007,15110023.0,4.181729508009303e-05
2024-02-29,10:04:53,26.1365,27.44,24.5,3006,15110018.0,4.188423235136067e-05
2024-02-29,10:04:53,26.1442,27.44,24.5,3006,15110020.0,4.188423235136067e-05
2024-02-29,10:04:53,26.1519,27.44,24.5,3007,15110026.0,4.181729508009303e-05
2024-02-29,10:04:53,26.1596,27.44,24.5,3008,15110023.0,4.175046478460198e-05
2024-02-29,10:04:53,26.1671,27.44,24.5,3007,15110019.0,4.181729508009303e-05
2024-02-29,10:04:53,26.1748,27.44,24.5,3006,15110021.0,4.188423235136067e-05
2024-02-29,10:04:53,26.1825,27.44,24.5,3007,15110026.0,4.181729508009303e-05
2024-02-29,10:04:53,26.19,27.5,24.5,3007,15110024.0,4.181729508009303e-05
2024-02-29,10:04:53,26.1977,27.5,24.5,3006,15110019.0,4.188423235136067e-05
2024-02-29,10:04:53,26.2054,27.5,24.5,3005,15110021.0,4.195127676964197e-05
2024-02-29,10:04:53,26.213,27.5,24.5,3005,15110026.0,4.195127676964197e-05
2024-02-29,10:04:53,26.2205,27.5,24.5,3006,15110024.0,4.188423235136067e-05
2024-02-29,10:04:53,26.2282,27.5,24.5,3006,15110020.0,4.188423235136067e-05
2024-02-29,10:04:53,26.2359,27.5,24.5,3005,15110022.0,4.195127676964197e-05
2024-02-29,10:04:53,26.2435,27.5,24.5,3005,15110025.0,4.195127676964197e-05
2024-02-29,10:04:53,26.2512,27.5,24.5,3006,15110022.0,4.188423235136067e-05
2024-02-29,10:04:53,26.2588,27.5,24.5,3006,15110019.0,4.188423235136067e-05
2024-02-29,10:04:53,26.2663,27.5,24.5,3005,15110021.0,4.195127676964197e-05
2024-02-29,10:04:53,26.274,27.5,24.5,3004,15110024.0,4.201842850644788e-05
2024-02-29,10:04:53,26.2817,27.5,24.5,3005,15110022.0,4.195127676964197e-05
2024-02-29,10:04:53,26.2892,27.5,24.5,3006,15110019.0,4.188423235136067e-05
2024-02-29,10:04:53,26.2969,27.5,24.5,3004,15110022.0,4.201842850644788e-05
2024-02-29,10:04:53,26.3046,27.5,24.5,3004,15110025.0,4.201842850644788e-05
2024-02-29,10:04:53,26.3122,27.5,24.5,3006,15110023.0,4.188423235136067e-05
2024-02-29,10:04:53,26.3198,27.5,24.5,3006,15110020.0,4.188423235136067e-05
2024-02-29,10:04:53,26.3275,27.5,24.5,3004,15110022.0,4.201842850644788e-05
2024-02-29,10:04:53,26.3352,27.5,24.5,3003,15110024.0,4.20856877335641e-05
2024-02-29,10:04:53,26.3429,27.5,24.5,3005,15110022.0,4.195127676964197e-05
2024-02-29,10:04:53,26.3504,27.5,24.5,3006,15110021.0,4.188423235136067e-05
2024-02-29,10:04:53,26.3581,27.5,24.5,3004,15110023.0,4.201842850644788e-05
2024-02-29,10:04:53,26.3658,27.5,24.5,3003,15110025.0,4.20856877335641e-05
2024-02-29,10:04:53,26.3733,27.5,24.5,3005,15110023.0,4.195127676964197e-05
2024-02-29,10:04:53,26.381,27.5,24.5,3006,15110021.0,4.188423235136067e-05
2024-02-29,10:04:53,26.3887,27.5,24.5,3004,15110023.0,4.201842850644788e-05
2024-02-29,10:04:53,26.3962,27.5,24.5,3002,15110023.0,4.215305462305114e-05
2024-02-29,10:04:53,26.4039,27.5,24.5,3004,15110021.0,4.201842850644788e-05
2024-02-29,10:04:53,26.4116,27.5,24.5,3006,15110021.0,4.188423235136067e-05
2024-02-29,10:04:53,26.4193,27.5,24.5,3004,15110023.0,4.201842850644788e-05
2024-02-29,10:04:53,26.427,27.5,24.5,3002,15110022.0,4.215305462305114e-05
2024-02-29,10:04:53,26.4346,27.5,24.5,3003,15110020.0,4.20856877335641e-05
2024-02-29,10:04:53,26.4423,27.5,24.5,3006,15110022.0,4.188423235136067e-05
2024-02-29,10:04:53,26.4499,27.5,24.5,3005,15110023.0,4.195127676964197e-05
2024-02-29,10:04:53,26.4576,27.5,24.5,3002,15110021.0,4.215305462305114e-05
2024-02-29,10:04:53,26.4654,27.5,24.5,3004,15110019.0,4.201842850644788e-05
2024-02-29,10:04:53,26.473,27.5,24.5,3006,15110022.0,4.188423235136067e-05
2024-02-29,10:04:53,26.4806,27.5,24.5,3005,15110023.0,4.195127676964197e-05
2024-02-29,10:04:53,26.4883,27.5,24.5,3003,15110020.0,4.20856877335641e-05
2024-02-29,10:04:53,26.496,27.5,24.5,3002,15110020.0,4.215305462305114e-05
2024-02-29,10:04:53,26.5035,27.5,24.5,3004,15110023.0,4.201842850644788e-05
2024-02-29,10:04:53,26.5112,27.5,24.5,3006,15110023.0,4.188423235136067e-05
2024-02-29,10:04:53,26.5189,27.5,24.5,3004,15110019.0,4.201842850644788e-05
2024-02-29,10:04:53,26.5266,27.5,24.5,3002,15110019.0,4.215305462305114e-05
2024-02-29,10:04:53,26.5344,27.5,24.5,3004,15110023.0,4.201842850644788e-05
2024-02-29,10:04:53,26.542,27.5,24.5,3006,15110022.0,4.188423235136067e-05
2024-02-29,10:04:53,26.5496,27.5,24.5,3003,15110017.0,4.20856877335641e-05
2024-02-29,10:04:53,26.5573,27.5,24.5,3001,15110018.0,4.222052934724505e-05
2024-02-29,10:04:53,26.565,27.5,24.5,3004,15110023.0,4.201842850644788e-05
2024-02-29,10:04:53,26.5726,27.5,24.5,3006,15110022.0,4.188423235136067e-05
2024-02-29,10:04:53,26.5803,27.5,24.5,3004,15110018.0,4.201842850644788e-05
2024-02-29,10:04:53,26.5879,27.5,24.5,3002,15110019.0,4.215305462305114e-05
2024-02-29,10:04:53,26.5955,27.5,24.5,3003,15110022.0,4.20856877335641e-05
2024-02-29,10:04:53,26.6032,27.5,24.5,3005,15110021.0,4.195127676964197e-05
2024-02-29,10:04:53,26.6109,27.5,24.5,3005,15110018.0,4.195127676964197e-05
2024-02-29,10:04:53,26.6186,27.5,24.5,3003,15110020.0,4.20856877335641e-05
2024-02-29,10:04:53,26.6263,27.5,24.5,3002,15110021.0,4.215305462305114e-05
2024-02-29,10:04:53,26.6339,27.5,24.5,3005,15110019.0,4.195127676964197e-05
2024-02-29,10:04:53,26.6415,27.5,24.5,3007,15110020.0,4.181729508009303e-05
2024-02-29,10:04:53,26.6492,27.5,24.5,3003,15110022.0,4.20856877335641e-05
2024-02-29,10:04:53,26.6569,27.5,24.5,3002,15110021.0,4.215305462305114e-05
2024-02-29,10:04:53,26.6644,27.5,24.5,3005,15110019.0,4.195127676964197e-05
2024-02-29,10:04:53,26.6721,27.5,24.5,3006,15110020.0,4.188423235136067e-05
2024-02-29,10:04:53,26.6798,27.5,24.5,3003,15110022.0,4.20856877335641e-05
2024-02-29,10:04:53,26.6874,27.5,24.5,3001,15110020.0,4.222052934724505e-05
2024-02-29,10:04:53,26.6951,27.5,24.5,3003,15110018.0,4.20856877335641e-05
2024-02-29,10:04:54,26.7027,27.5,24.5,3005,15110019.0,4.195127676964197e-05
2024-02-29,10:04:54,26.7104,27.5,24.5,3003,15110021.0,4.20856877335641e-05
2024-02-29,10:04:54,26.718,27.5,24.5,3001,15110021.0,4.222052934724505e-05
2024-02-29,10:04:54,26.7257,27.5,24.5,3003,15110018.0,4.20856877335641e-05
2024-02-29,10:04:54,26.7334,27.5,24.5,3005,15110019.0,4.195127676964197e-05
2024-02-29,10:04:54,26.7411,27.5,24.5,3003,15110021.0,4.20856877335641e-05
2024-02-29,10:04:54,26.7488,27.5,24.5,3000,15110019.0,4.228811207875762e-05
2024-02-29,10:04:54,26.7563,27.5,24.5,3001,15110017.0,4.222052934724505e-05
2024-02-29,10:04:54,26.764,27.5,24.5,3004,15110020.0,4.201842850644788e-05
2024-02-29,10:04:54,26.7718,27.5,24.5,3005,15110020.0,4.195127676964197e-05
2024-02-29,10:04:54,26.7795,27.5,24.5,3002,15110017.0,4.215305462305114e-05
2024-02-29,10:04:54,26.787,27.5,24.5,3001,15110016.0,4.222052934724505e-05
2024-02-29,10:04:54,26.7947,27.5,24.5,3004,15110019.0,4.201842850644788e-05
2024-02-29,10:04:54,26.8025,27.5,24.5,3005,15110020.0,4.195127676964197e-05
2024-02-29,10:04:54,26.8102,27.5,24.5,3002,15110017.0,4.215305462305114e-05
2024-02-29,10:04:54,26.8179,27.5,24.5,3001,15110016.0,4.222052934724505e-05
2024-02-29,10:04:54,26.8256,27.5,24.5,3002,15110017.0,4.215305462305114e-05
2024-02-29,10:04:54,26.8332,27.5,24.5,3003,15110017.0,4.20856877335641e-05
2024-02-29,10:04:54,26.8409,27.5,24.5,3003,15110017.0,4.20856877335641e-05
2024-02-29,10:04:54,26.8485,27.5,24.5,3002,15110017.0,4.215305462305114e-05
2024-02-29,10:04:54,26.8562,27.5,24.5,3002,15110017.0,4.215305462305114e-05
2024-02-29,10:04:54,26.8638,27.5,24.5,3004,15110016.0,4.201842850644788e-05
2024-02-29,10:04:54,26.8715,27.5,24.5,3004,15110016.0,4.201842850644788e-05
2024-02-29,10:04:54,26.8792,27.5,24.5,3001,15110017.0,4.222052934724505e-05
2024-02-29,10:04:54,26.8869,27.5,24.5,3001,15110018.0,4.222052934724505e-05
2024-02-29,10:04:54,26.8946,27.5,24.5,3004,15110016.0,4.201842850644788e-05
2024-02-29,10:04:54,26.9021,27.5,24.5,3005,15110017.0,4.195127676964197e-05
2024-02-29,10:04:54,26.9098,27.5,24.5,3002,15110019.0,4.215305462305114e-05
2024-02-29,10:04:54,26.9175,27.5,24.5,3002,15110017.0,4.215305462305114e-05
2024-02-29,10:04:54,26.9251,27.5,24.5,3004,15110016.0,4.201842850644788e-05
2024-02-29,10:04:54,26.9328,27.5,24.5,3004,15110016.0,4.201842850644788e-05
2024-02-29,10:04:54,26.9405,27.5,24.5,3003,15110018.0,4.20856877335641e-05
2024-02-29,10:04:54,26.9482,27.5,24.5,3002,15110017.0,4.215305462305114e-05
2024-02-29,10:04:54,26.9559,27.5,24.5,3003,15110016.0,4.20856877335641e-05
2024-02-29,10:04:54,26.9635,27.5,24.5,3005,15110017.0,4.195127676964197e-05
2024-02-29,10:04:54,26.9712,27.5,24.5,3004,15110018.0,4.201842850644788e-05
2024-02-29,10:04:54,26.9789,27.5,24.5,3002,15110017.0,4.215305462305114e-05
2024-02-29,10:04:54,26.9866,27.5,24.5,3003,15110015.0,4.20856877335641e-05
2024-02-29,10:04:54,26.9943,27.5,24.5,3005,15110017.0,4.195127676964197e-05
2024-02-29,10:04:54,27.0018,27.5,24.5,3005,15110018.0,4.195127676964197e-05
2024-02-29,10:04:54,27.0095,27.5,24.5,3003,15110016.0,4.20856877335641e-05
2024-02-29,10:04:54,27.0172,27.5,24.5,3003,15110015.0,4.20856877335641e-05
2024-02-29,10:04:54,27.0249,27.5,24.5,3004,15110016.0,4.201842850644788e-05
2024-02-29,10:04:54,27.0325,27.5,24.5,3004,15110017.0,4.201842850644788e-05
2024-02-29,10:04:54,27.0401,27.5,24.5,3003,15110015.0,4.20856877335641e-05
2024-02-29,10:04:54,27.0478,27.5,24.5,3003,15110014.0,4.20856877335641e-05
2024-02-29,10:04:54,27.0554,27.5,24.5,3004,15110016.0,4.201842850644788e-05
2024-02-29,10:04:54,27.0631,27.5,24.5,3004,15110017.0,4.201842850644788e-05
2024-02-29,10:04:54,27.0708,27.5,24.5,3003,15110015.0,4.20856877335641e-05
2024-02-29,10:04:54,27.0785,27.5,24.5,3003,15110014.0,4.20856877335641e-05
2024-02-29,10:04:54,27.0862,27.5,24.5,3004,15110015.0,4.201842850644788e-05
2024-02-29,10:04:54,27.0938,27.5,24.5,3004,15110016.0,4.201842850644788e-05
2024-02-29,10:04:54,27.1015,27.5,24.5,3003,15110016.0,4.20856877335641e-05
2024-02-29,10:04:54,27.1092,27.5,24.5,3003,15110015.0,4.20856877335641e-05
2024-02-29,10:04:54,27.1169,27.5,24.5,3004,15110016.0,4.201842850644788e-05
2024-02-29,10:04:54,27.1246,27.5,24.5,3004,15110016.0,4.201842850644788e-05
2024-02-29,10:04:54,27.1322,27.5,24.5,3004,15110016.0,4.201842850644788e-05
2024-02-29,10:04:54,27.1398,27.5,24.5,3004,15110015.0,4.201842850644788e-05
2024-02-29,10:04:54,27.1474,27.5,24.5,3004,15110015.0,4.201842850644788e-05
2024-02-29,10:04:54,27.155,27.5,24.5,3004,15110015.0,4.201842850644788e-05
2024-02-29,10:04:54,27.1628,27.5,24.5,3004,15110015.0,4.201842850644788e-05
2024-02-29,10:04:54,27.1704,27.5,24.5,3003,15110016.0,4.20856877335641e-05
2024-02-29,10:04:54,27.1779,27.5,24.5,3003,15110016.0,4.20856877335641e-05
2024-02-29,10:04:54,27.1858,27.5,24.5,3004,15110015.0,4.201842850644788e-05
2024-02-29,10:04:54,27.1934,27.5,24.5,3005,15110017.0,4.195127676964197e-05
2024-02-29,10:04:54,27.201,27.56,24.5,3004,15110017.0,4.201842850644788e-05
2024-02-29,10:04:54,27.2087,27.56,24.5,3003,15110016.0,4.20856877335641e-05
2024-02-29,10:04:54,27.2163,27.56,24.5,3004,15110015.0,4.201842850644788e-05
2024-02-29,10:04:54,27.224,27.56,24.5,3004,15110018.0,4.201842850644788e-05
2024-02-29,10:04:54,27.2317,27.56,24.5,3003,15110018.0,4.20856877335641e-05
2024-02-29,10:04:54,27.2393,27.56,24.5,3003,15110015.0,4.20856877335641e-05
2024-02-29,10:04:54,27.2469,27.56,24.5,3005,15110014.0,4.195127676964197e-05
2024-02-29,10:04:54,27.2546,27.56,24.5,3006,15110015.0,4.188423235136067e-05
2024-02-29,10:04:54,27.2623,27.56,24.5,3005,15110016.0,4.195127676964197e-05
2024-02-29,10:04:54,27.27,27.56,24.5,3004,15110015.0,4.201842850644788e-05
2024-02-29,10:04:54,27.2775,27.56,24.5,3004,15110015.0,4.201842850644788e-05
2024-02-29,10:04:54,27.2852,27.56,24.5,3004,15110014.0,4.201842850644788e-05
2024-02-29,10:04:54,27.2929,27.56,24.5,3004,15110015.0,4.201842850644788e-05
2024-02-29,10:04:54,27.3006,27.56,24.5,3004,15110015.0,4.201842850644788e-05
2024-02-29,10:04:54,27.3082,27.56,24.5,3005,15110014.0,4.195127676964197e-05
2024-02-29,10:04:54,27.3158,27.56,24.5,3005,15110014.0,4.195127676964197e-05
2024-02-29,10:04:54,27.3235,27.56,24.5,3004,15110015.0,4.201842850644788e-05
2024-02-29,10:04:54,27.3312,27.56,24.5,3003,15110014.0,4.20856877335641e-05
2024-02-29,10:04:54,27.3387,27.56,24.5,3003,15110013.0,4.20856877335641e-05
2024-02-29,10:04:54,27.3464,27.56,24.5,3004,15110014.0,4.201842850644788e-05
2024-02-29,10:04:54,27.3542,27.56,24.5,3003,15110015.0,4.20856877335641e-05
2024-02-29,10:04:54,27.3619,27.56,24.5,3002,15110015.0,4.215305462305114e-05
2024-02-29,10:04:54,27.3696,27.56,24.5,3003,15110014.0,4.20856877335641e-05
2024-02-29,10:04:54,27.3772,27.56,24.5,3004,15110015.0,4.201842850644788e-05
2024-02-29,10:04:54,27.3849,27.56,24.5,3003,15110015.0,4.20856877335641e-05
2024-02-29,10:04:54,27.3926,27.56,24.5,3002,15110014.0,4.215305462305114e-05
2024-02-29,10:04:54,27.4002,27.56,24.5,3003,15110013.0,4.20856877335641e-05
2024-02-29,10:04:54,27.4077,27.56,24.5,3003,15110013.0,4.20856877335641e-05
2024-02-29,10:04:54,27.4154,27.56,24.5,3003,15110014.0,4.20856877335641e-05
2024-02-29,10:04:54,27.4232,27.56,24.5,3003,15110015.0,4.20856877335641e-05
2024-02-29,10:04:54,27.4309,27.56,24.5,3002,15110014.0,4.215305462305114e-05
2024-02-29,10:04:54,27.4386,27.56,24.5,3003,15110014.0,4.20856877335641e-05
2024-02-29,10:04:54,27.4462,27.56,24.5,3004,15110015.0,4.201842850644788e-05
2024-02-29,10:04:54,27.4539,27.56,24.5,3003,15110015.0,4.20856877335641e-05
2024-02-29,10:04:54,27.4616,27.56,24.5,3003,15110014.0,4.20856877335641e-05
2024-02-29,10:04:54,27.4691,27.56,24.5,3004,15110015.0,4.201842850644788e-05
2024-02-29,10:04:54,27.4768,27.56,24.5,3004,15110015.0,4.201842850644788e-05
2024-02-29,10:04:54,27.4845,27.56,24.5,3003,15110014.0,4.20856877335641e-05
2024-02-29,10:04:54,27.4922,27.56,24.5,3002,15110014.0,4.215305462305114e-05
2024-02-29,10:04:54,27.4999,27.56,24.5,3003,15110016.0,4.20856877335641e-05
2024-02-29,10:04:54,27.5074,27.56,24.5,3004,15110015.0,4.201842850644788e-05
2024-02-29,10:04:54,27.5151,27.56,24.5,3004,15110014.0,4.201842850644788e-05
2024-02-29,10:04:54,27.5228,27.56,24.5,3003,15110015.0,4.20856877335641e-05
2024-02-29,10:04:54,27.5305,27.56,24.5,3003,15110016.0,4.20856877335641e-05
2024-02-29,10:04:54,27.5381,27.56,24.5,3004,15110016.0,4.201842850644788e-05
2024-02-29,10:04:54,27.5458,27.56,24.5,3004,15110014.0,4.201842850644788e-05
2024-02-29,10:04:54,27.5535,27.56,24.5,3003,15110015.0,4.20856877335641e-05
2024-02-29,10:04:54,27.561,27.56,24.5,3003,15110016.0,4.20856877335641e-05
2024-02-29,10:04:54,27.5687,27.56,24.5,3004,15110015.0,4.201842850644788e-05
2024-02-29,10:04:54,27.5764,27.56,24.5,3003,15110013.0,4.20856877335641e-05
2024-02-29,10:04:54,27.5841,27.56,24.5,3002,15110014.0,4.215305462305114e-05
2024-02-29,10:04:54,27.5918,27.56,24.5,3003,15110015.0,4.20856877335641e-05
2024-02-29,10:04:54,27.5994,27.56,24.5,3004,15110015.0,4.201842850644788e-05
2024-02-29,10:04:54,27.6071,27.56,24.5,3004,15110015.0,4.201842850644788e-05
2024-02-29,10:04:54,27.6147,27.56,24.5,3003,15110016.0,4.20856877335641e-05
2024-02-29,10:04:54,27.6224,27.56,24.5,3003,15110016.0,4.20856877335641e-05
2024-02-29,10:04:54,27.6302,27.56,24.5,3005,15110015.0,4.195127676964197e-05
2024-02-29,10:04:54,27.6378,27.56,24.5,3005,15110014.0,4.195127676964197e-05
2024-02-29,10:04:54,27.6455,27.56,24.5,3003,15110015.0,4.20856877335641e-05
2024-02-29,10:04:54,27.6532,27.56,24.5,3002,15110014.0,4.215305462305114e-05
2024-02-29,10:04:54,27.6608,27.56,24.5,3003,15110014.0,4.20856877335641e-05
2024-02-29,10:04:54,27.6684,27.56,24.5,3004,15110015.0,4.201842850644788e-05
2024-02-29,10:04:54,27.6761,27.56,24.5,3004,15110015.0,4.201842850644788e-05
2024-02-29,10:04:54,27.6838,27.56,24.5,3004,15110015.0,4.201842850644788e-05
2024-02-29,10:04:54,27.6915,27.56,24.5,3004,15110014.0,4.201842850644788e-05
2024-02-29,10:04:54,27.6992,27.56,24.5,3004,15110015.0,4.201842850644788e-05
2024-02-29,10:04:55,27.7068,27.56,24.5,3003,15110016.0,4.20856877335641e-05
2024-02-29,10:04:55,27.7144,27.56,24.5,3002,15110014.0,4.215305462305114e-05
2024-02-29,10:04:55,27.7221,27.56,24.5,3003,15110013.0,4.20856877335641e-05
2024-02-29,10:04:55,27.7298,27.56,24.5,3004,15110015.0,4.201842850644788e-05
2024-02-29,10:04:55,27.7374,27.56,24.5,3004,15110016.0,4.201842850644788e-05
2024-02-29,10:04:55,27.7451,27.56,24.5,3004,15110016.0,4.201842850644788e-05
2024-02-29,10:04:55,27.7527,27.56,24.5,3004,15110016.0,4.201842850644788e-05
2024-02-29,10:04:55,27.7603,27.56,24.5,3004,15110016.0,4.201842850644788e-05
2024-02-29,10:04:55,27.768,27.56,24.5,3004,15110016.0,4.201842850644788e-05
2024-02-29,10:04:55,27.7757,27.56,24.5,3004,15110016.0,4.201842850644788e-05
2024-02-29,10:04:55,27.7833,27.56,24.5,3003,15110016.0,4.20856877335641e-05
2024-02-29,10:04:55,27.7908,27.56,24.5,3003,15110017.0,4.20856877335641e-05
2024-02-29,10:04:55,27.7986,27.56,24.5,3004,15110017.0,4.201842850644788e-05
2024-02-29,10:04:55,27.8063,27.56,24.5,3004,15110016.0,4.201842850644788e-05
2024-02-29,10:04:55,27.8138,27.56,24.5,3003,15110017.0,4.20856877335641e-05
2024-02-29,10:04:55,27.8215,27.56,24.5,3003,15110016.0,4.20856877335641e-05
2024-02-29,10:04:55,27.8292,27.56,24.5,3004,15110016.0,4.201842850644788e-05
2024-02-29,10:04:55,27.8369,27.56,24.5,3004,15110015.0,4.201842850644788e-05
2024-02-29,10:04:55,27.8446,27.56,24.5,3004,15110016.0,4.201842850644788e-05
2024-02-29,10:04:55,27.8521,27.56,24.5,3004,15110016.0,4.201842850644788e-05
2024-02-29,10:04:55,27.8598,27.56,24.5,3004,15110015.0,4.201842850644788e-05
2024-02-29,10:04:55,27.8676,27.56,24.5,3004,15110015.0,4.201842850644788e-05
2024-02-29,10:04:55,27.8753,27.56,24.5,3004,15110015.0,4.201842850644788e-05
2024-02-29,10:04:55,27.883,27.56,24.5,3004,15110014.0,4.201842850644788e-05
2024-02-29,10:04:55,27.8906,27.56,24.5,3004,15110014.0,4.201842850644788e-05
2024-02-29,10:04:55,27.8982,27.56,24.5,3005,15110016.0,4.195127676964197e-05
2024-02-29,10:04:55,27.9059,27.56,24.5,3005,15110016.0,4.195127676964197e-05
2024-02-29,10:04:55,27.9136,27.56,24.5,3004,15110015.0,4.201842850644788e-05
2024-02-29,10:04:55,27.9211,27.56,24.5,3004,15110015.0,4.201842850644788e-05
2024-02-29,10:04:55,27.9288,27.56,24.5,3005,15110015.0,4.195127676964197e-05
2024-02-29,10:04:55,27.9365,27.56,24.5,3005,15110016.0,4.195127676964197e-05
2024-02-29,10:04:55,27.9442,27.56,24.5,3004,15110015.0,4.201842850644788e-05
2024-02-29,10:04:55,27.9518,27.56,24.5,3004,15110014.0,4.201842850644788e-05
2024-02-29,10:04:55,27.9595,27.56,24.5,3004,15110014.0,4.201842850644788e-05
2024-02-29,10:04:55,27.9672,27.56,24.5,3004,15110015.0,4.201842850644788e-05
2024-02-29,10:04:55,27.9747,27.56,24.5,3004,15110015.0,4.201842850644788e-05
2024-02-29,10:04:55,27.9824,27.56,24.5,3004,15110014.0,4.201842850644788e-05
2024-02-29,10:04:55,27.9901,27.56,24.5,3004,15110015.0,4.201842850644788e-05
2024-02-29,10:04:55,27.9978,27.56,24.5,3003,15110015.0,4.20856877335641e-05
2024-02-29,10:04:55,28.0055,27.56,24.5,3002,15110014.0,4.215305462305114e-05
2024-02-29,10:04:55,28.013,27.56,24.5,3003,15110013.0,4.20856877335641e-05
2024-02-29,10:04:55,28.0206,27.56,24.5,3004,15110014.0,4.201842850644788e-05
2024-02-29,10:04:55,28.0282,27.56,24.5,3004,15110013.0,4.201842850644788e-05
2024-02-29,10:04:55,28.0359,27.56,24.5,3004,15110013.0,4.201842850644788e-05
2024-02-29,10:04:55,28.0436,27.56,24.5,3004,15110014.0,4.201842850644788e-05
2024-02-29,10:04:55,28.0513,27.56,24.5,3004,15110014.0,4.201842850644788e-05
2024-02-29,10:04:55,28.059,27.56,24.5,3004,15110014.0,4.201842850644788e-05
2024-02-29,10:04:55,28.0666,27.56,24.5,3003,15110013.0,4.20856877335641e-05
2024-02-29,10:04:55,28.0743,27.56,24.5,3002,15110013.0,4.215305462305114e-05
2024-02-29,10:04:55,28.082,27.56,24.5,3003,15110014.0,4.20856877335641e-05
2024-02-29,10:04:55,28.0897,27.56,24.5,3004,15110013.0,4.201842850644788e-05
2024-02-29,10:04:55,28.0974,27.56,24.5,3004,15110013.0,4.201842850644788e-05
2024-02-29,10:04:55,28.1049,27.56,24.5,3003,15110013.0,4.20856877335641e-05
2024-02-29,10:04:55,28.1126,27.56,24.5,3003,15110013.0,4.20856877335641e-05
2024-02-29,10:04:55,28.1203,27.56,24.5,3004,15110013.0,4.201842850644788e-05
2024-02-29,10:04:55,28.128,27.56,24.5,3004,15110013.0,4.201842850644788e-05
2024-02-29,10:04:55,28.1356,27.56,24.5,3004,15110013.0,4.201842850644788e-05
2024-02-29,10:04:55,28.1433,27.56,24.5,3004,15110014.0,4.201842850644788e-05
2024-02-29,10:04:55,28.151,27.56,24.5,3004,15110013.0,4.201842850644788e-05
2024-02-29,10:04:55,28.1586,27.56,24.5,3004,15110013.0,4.201842850644788e-05
2024-02-29,10:04:55,28.1662,27.56,24.5,3004,15110014.0,4.201842850644788e-05
2024-02-29,10:04:55,28.1739,27.56,24.5,3004,15110013.0,4.201842850644788e-05
2024-02-29,10:04:55,28.1816,27.56,24.5,3004,15110013.0,4.201842850644788e-05
2024-02-29,10:04:55,28.1893,27.56,24.5,3004,15110013.0,4.201842850644788e-05
2024-02-29,10:04:55,28.1968,27.56,24.5,3003,15110013.0,4.20856877335641e-05
2024-02-29,10:04:55,28.2045,27.56,24.5,3002,15110012.0,4.215305462305114e-05
2024-02-29,10:04:55,28.2123,27.56,24.5,3002,15110011.0,4.215305462305114e-05
2024-02-29,10:04:55,28.22,27.56,24.5,3003,15110013.0,4.20856877335641e-05
2024-02-29,10:04:55,28.2275,27.56,24.5,3003,15110014.0,4.20856877335641e-05
2024-02-29,10:04:55,28.2352,27.56,24.5,3002,15110012.0,4.215305462305114e-05
2024-02-29,10:04:55,28.2429,27.56,24.5,3002,15110012.0,4.215305462305114e-05
2024-02-29,10:04:55,28.2506,27.56,24.5,3002,15110012.0,4.215305462305114e-05
2024-02-29,10:04:55,28.2584,27.56,24.5,3002,15110012.0,4.215305462305114e-05
2024-02-29,10:04:55,28.2661,27.56,24.5,3002,15110013.0,4.215305462305114e-05
2024-02-29,10:04:55,28.2738,27.56,24.5,3002,15110012.0,4.215305462305114e-05
2024-02-29,10:04:55,28.2814,27.56,24.5,3002,15110012.0,4.215305462305114e-05
2024-02-29,10:04:55,28.2891,27.56,24.5,3003,15110011.0,4.20856877335641e-05
2024-02-29,10:04:55,28.2968,27.56,24.5,3003,15110012.0,4.20856877335641e-05
2024-02-29,10:04:55,28.3043,27.56,24.5,3002,15110012.0,4.215305462305114e-05
2024-02-29,10:04:55,28.312,27.56,24.5,3002,15110011.0,4.215305462305114e-05
2024-02-29,10:04:55,28.3197,27.56,24.5,3003,15110011.0,4.20856877335641e-05
2024-02-29,10:04:55,28.3274,27.56,24.5,3003,15110011.0,4.20856877335641e-05
2024-02-29,10:04:55,28.3351,27.56,24.5,3002,15110011.0,4.215305462305114e-05
2024-02-29,10:04:55,28.3427,27.56,24.5,3002,15110011.0,4.215305462305114e-05
2024-02-29,10:04:55,28.3506,27.56,24.5,3002,15110011.0,4.215305462305114e-05
2024-02-29,10:04:55,28.3582,27.56,24.5,3002,15110011.0,4.215305462305114e-05
2024-02-29,10:04:55,28.3659,27.56,24.5,3002,15110012.0,4.215305462305114e-05
2024-02-29,10:04:55,28.3736,27.56,24.5,3002,15110012.0,4.215305462305114e-05
2024-02-29,10:04:55,28.3811,27.56,24.5,3002,15110011.0,4.215305462305114e-05
2024-02-29,10:04:55,28.3888,27.56,24.5,3002,15110011.0,4.215305462305114e-05
2024-02-29,10:04:55,28.3966,27.56,24.5,3002,15110012.0,4.215305462305114e-05
2024-02-29,10:04:55,28.4043,27.56,24.5,3002,15110012.0,4.215305462305114e-05
2024-02-29,10:04:55,28.4119,27.56,24.5,3002,15110011.0,4.215305462305114e-05
2024-02-29,10:04:55,28.4195,27.56,24.5,3002,15110012.0,4.215305462305114e-05
2024-02-29,10:04:55,28.4272,27.56,24.5,3002,15110012.0,4.215305462305114e-05
2024-02-29,10:04:55,28.4349,27.56,24.5,3002,15110012.0,4.215305462305114e-05
2024-02-29,10:04:55,28.4427,27.56,24.5,3002,15110011.0,4.215305462305114e-05
2024-02-29,10:04:55,28.4504,27.56,24.5,3002,15110011.0,4.215305462305114e-05
2024-02-29,10:04:55,28.4581,27.56,24.5,3002,15110011.0,4.215305462305114e-05
2024-02-29,10:04:55,28.4658,27.56,24.5,3002,15110012.0,4.215305462305114e-05
2024-02-29,10:04:55,28.4734,27.56,24.5,3002,15110012.0,4.215305462305114e-05
2024-02-29,10:04:55,28.4811,27.56,24.5,3002,15110011.0,4.215305462305114e-05
2024-02-29,10:04:55,28.4887,27.56,24.5,3003,15110011.0,4.20856877335641e-05
2024-02-29,10:04:55,28.4963,27.56,24.5,3004,15110012.0,4.201842850644788e-05
2024-02-29,10:04:55,28.504,27.56,24.5,3003,15110012.0,4.20856877335641e-05
2024-02-29,10:04:55,28.5117,27.56,24.5,3002,15110011.0,4.215305462305114e-05
2024-02-29,10:04:55,28.5194,27.56,24.5,3003,15110010.0,4.20856877335641e-05
2024-02-29,10:04:55,28.5271,27.56,24.5,3003,15110011.0,4.20856877335641e-05
2024-02-29,10:04:55,28.5347,27.56,24.5,3002,15110011.0,4.215305462305114e-05
2024-02-29,10:04:55,28.5424,27.56,24.5,3002,15110010.0,4.215305462305114e-05
2024-02-29,10:04:55,28.5501,27.56,24.5,3001,15110010.0,4.222052934724505e-05
2024-02-29,10:04:55,28.5578,27.56,24.5,3001,15110011.0,4.222052934724505e-05
2024-02-29,10:04:55,28.5655,27.56,24.5,3001,15110011.0,4.222052934724505e-05
2024-02-29,10:04:55,28.5731,27.56,24.5,3001,15110011.0,4.222052934724505e-05
2024-02-29,10:04:55,28.581,27.56,24.5,3002,15110011.0,4.215305462305114e-05
2024-02-29,10:04:55,28.5886,27.56,24.5,3003,15110012.0,4.20856877335641e-05
2024-02-29,10:04:55,28.5962,27.56,24.5,3003,15110012.0,4.20856877335641e-05
2024-02-29,10:04:55,28.6039,27.56,24.5,3001,15110010.0,4.222052934724505e-05
2024-02-29,10:04:55,28.6115,27.56,24.5,3001,15110010.0,4.222052934724505e-05
2024-02-29,10:04:55,28.6192,27.56,24.5,3002,15110011.0,4.215305462305114e-05
2024-02-29,10:04:55,28.627,27.56,24.5,3002,15110011.0,4.215305462305114e-05
2024-02-29,10:04:55,28.6347,27.56,24.5,3002,15110012.0,4.215305462305114e-05
2024-02-29,10:04:55,28.6424,27.56,24.5,3002,15110012.0,4.215305462305114e-05
2024-02-29,10:04:55,28.6501,27.56,24.5,3002,15110011.0,4.215305462305114e-05
2024-02-29,10:04:55,28.6578,27.56,24.5,3002,15110011.0,4.215305462305114e-05
2024-02-29,10:04:55,28.6654,27.56,24.5,3002,15110011.0,4.215305462305114e-05
2024-02-29,10:04:55,28.6731,27.56,24.5,3002,15110011.0,4.215305462305114e-05
2024-02-29,10:04:55,28.6808,27.56,24.5,3002,15110010.0,4.215305462305114e-05
2024-02-29,10:04:55,28.6885,27.56,24.5,3002,15110010.0,4.215305462305114e-05
2024-02-29,10:04:55,28.6962,27.56,24.5,3002,15110012.0,4.215305462305114e-05
2024-02-29,10:04:56,28.7038,27.56,24.5,3001,15110012.0,4.222052934724505e-05
2024-02-29,10:04:56,28.7115,27.56,24.5,3000,15110010.0,4.228811207875762e-05
2024-02-29,10:04:56,28.7192,27.56,24.75,3001,15110009.0,4.222052934724505e-05
2024-02-29,10:04:56,28.7269,27.56,24.75,3002,15110011.0,4.215305462305114e-05
2024-02-29,10:04:56,28.7346,27.56,24.75,3001,15110012.0,4.222052934724505e-05
2024-02-29,10:04:56,28.7422,27.56,24.75,3000,15110010.0,4.228811207875762e-05
2024-02-29,10:04:56,28.7499,27.56,24.75,3001,15110010.0,4.222052934724505e-05
2024-02-29,10:04:56,28.7576,27.56,24.75,3002,15110011.0,4.215305462305114e-05
2024-02-29,10:04:56,28.7653,27.56,24.75,3001,15110011.0,4.222052934724505e-05
2024-02-29,10:04:56,28.7731,27.56,24.75,3000,15110010.0,4.228811207875762e-05
2024-02-29,10:04:56,28.7808,27.56,24.75,3000,15110009.0,4.228811207875762e-05
2024-02-29,10:04:56,28.7884,27.56,24.75,3001,15110010.0,4.222052934724505e-05
2024-02-29,10:04:56,28.7961,27.56,24.75,3001,15110011.0,4.222052934724505e-05
2024-02-29,10:04:56,28.8038,27.56,24.75,3000,15110010.0,4.228811207875762e-05
2024-02-29,10:04:56,28.8115,27.56,24.75,3000,15110009.0,4.228811207875762e-05
2024-02-29,10:04:56,28.8192,27.56,24.75,3001,15110011.0,4.222052934724505e-05
2024-02-29,10:04:56,28.8268,27.56,24.75,3002,15110011.0,4.215305462305114e-05
2024-02-29,10:04:56,28.8345,27.56,24.75,3001,15110009.0,4.222052934724505e-05
2024-02-29,10:04:56,28.8423,27.56,24.75,3000,15110010.0,4.228811207875762e-05
2024-02-29,10:04:56,28.85,27.56,24.75,3001,15110011.0,4.222052934724505e-05
2024-02-29,10:04:56,28.8576,27.56,24.75,3001,15110011.0,4.222052934724505e-05
2024-02-29,10:04:56,28.8652,27.56,24.75,3000,15110010.0,4.228811207875762e-05
2024-02-29,10:04:56,28.8729,27.56,24.75,3000,15110011.0,4.228811207875762e-05
2024-02-29,10:04:56,28.8806,27.56,24.75,3000,15110010.0,4.228811207875762e-05
2024-02-29,10:04:56,28.8883,27.56,24.75,3001,15110010.0,4.222052934724505e-05
2024-02-29,10:04:56,28.896,27.56,24.75,3001,15110010.0,4.222052934724505e-05
2024-02-29,10:04:56,28.9038,27.56,24.75,3000,15110010.0,4.228811207875762e-05
2024-02-29,10:04:56,28.9114,27.56,24.75,3000,15110010.0,4.228811207875762e-05
2024-02-29,10:04:56,28.9191,27.56,24.75,3000,15110010.0,4.228811207875762e-05
2024-02-29,10:04:56,28.9268,27.56,24.75,3000,15110011.0,4.228811207875762e-05
2024-02-29,10:04:56,28.9345,27.56,24.75,3000,15110011.0,4.228811207875762e-05
2024-02-29,10:04:56,28.9422,27.56,24.75,3000,15110011.0,4.228811207875762e-05
2024-02-29,10:04:56,28.9498,27.56,24.75,3000,15110010.0,4.228811207875762e-05
2024-02-29,10:04:56,28.9575,27.56,24.75,3000,15110010.0,4.228811207875762e-05
2024-02-29,10:04:56,28.9652,27.56,24.75,3000,15110010.0,4.228811207875762e-05
2024-02-29,10:04:56,28.9729,27.56,24.75,3000,15110009.0,4.228811207875762e-05
2024-02-29,10:04:56,28.9806,27.56,24.75,3000,15110009.0,4.228811207875762e-05
2024-02-29,10:04:56,28.9882,27.56,24.75,3000,15110010.0,4.228811207875762e-05
2024-02-29,10:04:56,28.9959,27.56,24.75,3000,15110010.0,4.228811207875762e-05
2024-02-29,10:04:56,29.0036,27.56,24.75,3000,15110011.0,4.228811207875762e-05
2024-02-29,10:04:56,29.0113,27.56,24.75,3000,15110011.0,4.228811207875762e-05
2024-02-29,10:04:56,29.019,27.56,24.75,3000,15110010.0,4.228811207875762e-05
2024-02-29,10:04:56,29.0266,27.56,24.75,3001,15110010.0,4.222052934724505e-05
2024-02-29,10:04:56,29.0345,27.56,24.75,3001,15110009.0,4.222052934724505e-05
2024-02-29,10:04:56,29.0421,27.56,24.75,3000,15110009.0,4.228811207875762e-05
2024-02-29,10:04:56,29.0497,27.56,24.75,3000,15110009.0,4.228811207875762e-05
2024-02-29,10:04:56,29.0574,27.56,24.75,3000,15110009.0,4.228811207875762e-05
2024-02-29,10:04:56,29.0652,27.56,24.75,3001,15110010.0,4.222052934724505e-05
2024-02-29,10:04:56,29.073,27.56,24.75,3000,15110011.0,4.228811207875762e-05
2024-02-29,10:04:56,29.0807,27.56,24.75,2999,15110010.0,4.235580299047711e-05
2024-02-29,10:04:56,29.0883,27.56,24.75,3000,15110009.0,4.228811207875762e-05
2024-02-29,10:04:56,29.096,27.56,24.75,3000,15110010.0,4.228811207875762e-05
2024-02-29,10:04:56,29.1037,27.56,24.75,3000,15110011.0,4.228811207875762e-05
2024-02-29,10:04:56,29.1114,27.56,24.75,3000,15110010.0,4.228811207875762e-05
2024-02-29,10:04:56,29.1191,27.56,24.75,3000,15110010.0,4.228811207875762e-05
2024-02-29,10:04:56,29.1267,27.56,24.75,3000,15110010.0,4.228811207875762e-05
2024-02-29,10:04:56,29.1343,27.56,24.75,3000,15110011.0,4.228811207875762e-05
2024-02-29,10:04:56,29.142,27.56,24.75,3000,15110009.0,4.228811207875762e-05
2024-02-29,10:04:56,29.1497,27.56,24.75,3000,15110009.0,4.228811207875762e-05
2024-02-29,10:04:56,29.1573,27.56,24.75,3000,15110009.0,4.228811207875762e-05
2024-02-29,10:04:56,29.1651,27.56,24.75,3000,15110009.0,4.228811207875762e-05
2024-02-29,10:04:56,29.1728,27.56,24.75,3000,15110009.0,4.228811207875762e-05
2024-02-29,10:04:56,29.1804,27.56,24.75,2999,15110009.0,4.235580299047711e-05
2024-02-29,10:04:56,29.1881,27.56,24.75,2999,15110010.0,4.235580299047711e-05
2024-02-29,10:04:56,29.1959,27.56,24.75,3000,15110010.0,4.228811207875762e-05
2024-02-29,10:04:56,29.2035,27.56,24.75,3000,15110009.0,4.228811207875762e-05
2024-02-29,10:04:56,29.2112,27.56,24.75,3000,15110009.0,4.228811207875762e-05
2024-02-29,10:04:56,29.2189,27.56,24.75,3000,15110009.0,4.228811207875762e-05
2024-02-29,10:04:56,29.2265,27.56,24.75,3000,15110009.0,4.228811207875762e-05
2024-02-29,10:04:56,29.2341,27.56,24.75,3000,15110011.0,4.228811207875762e-05
2024-02-29,10:04:56,29.2419,27.56,24.75,2999,15110011.0,4.235580299047711e-05
2024-02-29,10:04:56,29.2496,27.56,24.75,2998,15110009.0,4.242360225556832e-05
2024-02-29,10:04:56,29.2573,27.56,24.75,2999,15110008.0,4.235580299047711e-05
2024-02-29,10:04:56,29.265,27.56,24.75,3000,15110009.0,4.228811207875762e-05
2024-02-29,10:04:56,29.2727,27.56,24.75,3000,15110009.0,4.228811207875762e-05
2024-02-29,10:04:56,29.2803,27.56,24.75,2999,15110009.0,4.235580299047711e-05
2024-02-29,10:04:56,29.288,27.56,24.75,2999,15110009.0,4.235580299047711e-05
2024-02-29,10:04:56,29.2957,27.56,24.75,3000,15110009.0,4.228811207875762e-05
2024-02-29,10:04:56,29.3034,27.56,24.75,3000,15110009.0,4.228811207875762e-05
2024-02-29,10:04:56,29.3111,27.56,24.75,3000,15110010.0,4.228811207875762e-05
2024-02-29,10:04:56,29.3187,27.56,24.75,2999,15110010.0,4.235580299047711e-05
2024-02-29,10:04:56,29.3264,27.56,24.75,2999,15110010.0,4.235580299047711e-05
2024-02-29,10:04:56,29.3341,27.56,24.75,3000,15110009.0,4.228811207875762e-05
2024-02-29,10:04:56,29.3418,27.56,24.75,3000,15110009.0,4.228811207875762e-05
2024-02-29,10:04:56,29.3495,27.56,24.75,2999,15110009.0,4.235580299047711e-05
2024-02-29,10:04:56,29.3573,27.56,24.75,2998,15110009.0,4.242360225556832e-05
2024-02-29,10:04:56,29.365,27.56,24.75,2999,15110009.0,4.235580299047711e-05
2024-02-29,10:04:56,29.3726,27.56,24.75,3000,15110009.0,4.228811207875762e-05
2024-02-29,10:04:56,29.3803,27.56,24.75,2999,15110009.0,4.235580299047711e-05
2024-02-29,10:04:56,29.388,27.56,24.75,2998,15110008.0,4.242360225556832e-05
2024-02-29,10:04:56,29.3957,27.56,24.75,2999,15110008.0,4.235580299047711e-05
2024-02-29,10:04:56,29.4034,27.56,24.75,3000,15110009.0,4.228811207875762e-05
2024-02-29,10:04:56,29.4112,27.56,24.75,2999,15110008.0,4.235580299047711e-05
2024-02-29,10:04:56,29.4188,27.56,24.75,2998,15110008.0,4.242360225556832e-05
2024-02-29,10:04:56,29.4265,27.56,24.75,2999,15110008.0,4.235580299047711e-05
2024-02-29,10:04:56,29.4342,27.56,24.75,3000,15110008.0,4.228811207875762e-05
2024-02-29,10:04:56,29.4419,27.56,24.75,2999,15110009.0,4.235580299047711e-05
2024-02-29,10:04:56,29.4497,27.56,24.75,2998,15110008.0,4.242360225556832e-05
2024-02-29,10:04:56,29.4574,27.56,24.75,2998,15110008.0,4.242360225556832e-05
2024-02-29,10:04:56,29.465,27.56,24.75,2998,15110008.0,4.242360225556832e-05
2024-02-29,10:04:56,29.4727,27.56,24.75,2998,15110009.0,4.242360225556832e-05
2024-02-29,10:04:56,29.4804,27.56,24.75,2998,15110009.0,4.242360225556832e-05
2024-02-29,10:04:56,29.4882,27.56,24.75,2998,15110008.0,4.242360225556832e-05
2024-02-29,10:04:56,29.4959,27.56,24.75,2998,15110008.0,4.242360225556832e-05
2024-02-29,10:04:56,29.5036,27.56,24.75,2999,15110007.0,4.235580299047711e-05
2024-02-29,10:04:56,29.5113,27.56,24.75,3000,15110009.0,4.228811207875762e-05
2024-02-29,10:04:56,29.5188,27.56,24.75,2999,15110009.0,4.235580299047711e-05
2024-02-29,10:04:56,29.5265,27.56,24.75,2998,15110008.0,4.242360225556832e-05
2024-02-29,10:04:56,29.5343,27.56,24.75,2998,15110007.0,4.242360225556832e-05
2024-02-29,10:04:56,29.542,27.56,24.75,2998,15110008.0,4.242360225556832e-05
2024-02-29,10:04:56,29.5497,27.56,24.75,2998,15110008.0,4.242360225556832e-05
2024-02-29,10:04:56,29.5575,27.56,24.75,2998,15110008.0,4.242360225556832e-05
2024-02-29,10:04:56,29.5651,27.56,24.75,2998,15110007.0,4.242360225556832e-05
2024-02-29,10:04:56,29.5728,27.56,24.75,2998,15110008.0,4.242360225556832e-05
2024-02-29,10:04:56,29.5806,27.56,24.75,2998,15110008.0,4.242360225556832e-05
2024-02-29,10:04:56,29.5883,27.56,24.75,2998,15110008.0,4.242360225556832e-05
2024-02-29,10:04:56,29.596,27.56,24.75,2998,15110007.0,4.242360225556832e-05
2024-02-29,10:04:56,29.6037,27.56,24.75,2998,15110008.0,4.242360225556832e-05
2024-02-29,10:04:56,29.6114,27.56,24.75,2998,15110008.0,4.242360225556832e-05
2024-02-29,10:04:56,29.619,27.56,24.75,2998,15110008.0,4.242360225556832e-05
2024-02-29,10:04:56,29.6267,27.56,24.75,2997,15110008.0,4.249151004747342e-05
2024-02-29,10:04:56,29.6344,27.56,24.75,2997,15110008.0,4.249151004747342e-05
2024-02-29,10:04:56,29.6422,27.56,24.75,2998,15110008.0,4.242360225556832e-05
2024-02-29,10:04:56,29.65,27.56,24.75,2997,15110007.0,4.249151004747342e-05
2024-02-29,10:04:56,29.6577,27.56,24.75,2996,15110007.0,4.255952653991208e-05
2024-02-29,10:04:56,29.6654,27.56,24.75,2996,15110008.0,4.255952653991208e-05
2024-02-29,10:04:56,29.673,27.56,24.75,2997,15110007.0,4.249151004747342e-05
2024-02-29,10:04:56,29.6807,27.56,24.75,2998,15110007.0,4.242360225556832e-05
2024-02-29,10:04:56,29.6884,27.56,24.75,2997,15110008.0,4.249151004747342e-05
2024-02-29,10:04:56,29.6962,27.56,24.75,2996,15110006.0,4.255952653991208e-05
2024-02-29,10:04:57,29.7039,27.56,24.75,2997,15110006.0,4.249151004747342e-05
2024-02-29,10:04:57,29.7116,27.56,24.75,2997,15110006.0,4.249151004747342e-05
2024-02-29,10:04:57,29.7194,27.56,24.75,2997,15110007.0,4.249151004747342e-05
2024-02-29,10:04:57,29.7271,27.56,24.75,2997,15110006.0,4.249151004747342e-05
2024-02-29,10:04:57,29.7347,27.56,24.75,2996,15110006.0,4.255952653991208e-05
2024-02-29,10:04:57,29.7424,27.56,24.75,2996,15110007.0,4.255952653991208e-05
2024-02-29,10:04:57,29.7501,27.56,24.75,2996,15110007.0,4.255952653991208e-05
2024-02-29,10:04:57,29.7579,27.56,24.75,2996,15110005.0,4.255952653991208e-05
2024-02-29,10:04:57,29.7657,27.56,24.75,2996,15110006.0,4.255952653991208e-05
2024-02-29,10:04:57,29.7734,27.56,24.75,2996,15110006.0,4.255952653991208e-05
2024-02-29,10:04:57,29.7811,27.56,24.75,2996,15110006.0,4.255952653991208e-05
2024-02-29,10:04:57,29.7889,27.56,24.75,2996,15110006.0,4.255952653991208e-05
2024-02-29,10:04:57,29.7966,27.56,24.75,2996,15110006.0,4.255952653991208e-05
2024-02-29,10:04:57,29.8042,27.56,24.75,2995,15110005.0,4.262765190688212e-05
2024-02-29,10:04:57,29.8121,27.56,24.75,2995,15110005.0,4.262765190688212e-05
2024-02-29,10:04:57,29.8197,27.56,24.75,2996,15110006.0,4.255952653991208e-05
2024-02-29,10:04:57,29.8274,27.56,24.75,2996,15110006.0,4.255952653991208e-05
2024-02-29,10:04:57,29.8352,27.56,24.75,2995,15110004.0,4.262765190688212e-05
2024-02-29,10:04:57,29.843,27.56,24.75,2994,15110004.0,4.269588632265983e-05
2024-02-29,10:04:57,29.8507,27.56,24.75,2994,15110005.0,4.269588632265983e-05
2024-02-29,10:04:57,29.8584,27.56,24.75,2995,15110004.0,4.262765190688212e-05
2024-02-29,10:04:57,29.8662,27.56,24.75,2995,15110005.0,4.262765190688212e-05
2024-02-29,10:04:57,29.8739,27.56,24.75,2994,15110005.0,4.269588632265983e-05
2024-02-29,10:04:57,29.8816,27.56,24.75,2993,15110003.0,4.276422996180053e-05
2024-02-29,10:04:57,29.8894,27.56,24.75,2994,15110003.0,4.269588632265983e-05
2024-02-29,10:04:57,29.8972,27.56,24.75,2995,15110004.0,4.262765190688212e-05
2024-02-29,10:04:57,29.905,27.56,24.75,2994,15110004.0,4.269588632265983e-05
2024-02-29,10:04:57,29.9127,27.56,24.75,2994,15110003.0,4.269588632265983e-05
2024-02-29,10:04:57,29.9203,27.56,24.75,2994,15110003.0,4.269588632265983e-05
2024-02-29,10:04:57,29.9282,27.56,24.75,2994,15110003.0,4.269588632265983e-05
2024-02-29,10:04:57,29.9358,27.56,24.75,2994,15110003.0,4.269588632265983e-05
2024-02-29,10:04:57,29.9435,27.56,24.75,2994,15110003.0,4.269588632265983e-05
2024-02-29,10:04:57,29.9513,27.56,24.75,2994,15110003.0,4.269588632265983e-05
2024-02-29,10:04:57,29.959,27.56,24.75,2994,15110003.0,4.269588632265983e-05
2024-02-29,10:04:57,29.9668,27.56,24.75,2995,15110003.0,4.262765190688212e-05
2024-02-29,10:04:57,29.9746,27.56,24.75,2995,15110003.0,4.262765190688212e-05
2024-02-29,10:04:57,29.9823,27.56,24.75,2994,15110003.0,4.269588632265983e-05
2024-02-29,10:04:57,29.99,27.56,24.75,2993,15110001.0,4.276422996180053e-05
2024-02-29,10:04:57,29.9978,27.56,24.75,2993,15110001.0,4.276422996180053e-05
2024-02-29,10:04:57,30.0056,27.56,24.75,2993,15110002.0,4.276422996180053e-05
2024-02-29,10:04:57,30.0133,27.56,24.75,2993,15110002.0,4.276422996180053e-05
2024-02-29,10:04:57,30.021,27.56,24.75,2993,15110002.0,4.276422996180053e-05
2024-02-29,10:04:57,30.0286,27.56,24.75,2993,15110001.0,4.276422996180053e-05
2024-02-29,10:04:57,30.0364,27.56,24.75,2994,15110001.0,4.269588632265983e-05
2024-02-29,10:04:57,30.0442,27.56,24.75,2994,15110002.0,4.269588632265983e-05
2024-02-29,10:04:57,30.0519,27.56,24.75,2993,15110003.0,4.276422996180053e-05
2024-02-29,10:04:57,30.0597,27.56,24.75,2993,15110002.0,4.276422996180053e-05
2024-02-29,10:04:57,30.0675,27.56,24.75,2994,15110002.0,4.269588632265983e-05
2024-02-29,10:04:57,30.0752,27.56,24.75,2994,15110002.0,4.269588632265983e-05
2024-02-29,10:04:57,30.0829,27.56,24.75,2994,15110002.0,4.269588632265983e-05
2024-02-29,10:04:57,30.0906,27.56,24.75,2994,15110002.0,4.269588632265983e-05
2024-02-29,10:04:57,30.0984,27.56,24.75,2993,15110000.0,4.276422996180053e-05
2024-02-29,10:04:57,30.1062,27.56,24.75,2993,15110000.0,4.276422996180053e-05
2024-02-29,10:04:57,30.1139,27.56,24.75,2993,15110001.0,4.276422996180053e-05
2024-02-29,10:04:57,30.1217,27.56,24.75,2993,15110001.0,4.276422996180053e-05
2024-02-29,10:04:57,30.1295,27.56,24.75,2993,15110002.0,4.276422996180053e-05
2024-02-29,10:04:57,30.1372,27.56,24.75,2993,15110002.0,4.276422996180053e-05
2024-02-29,10:04:57,30.145,27.56,24.75,2994,15110002.0,4.269588632265983e-05
2024-02-29,10:04:57,30.1528,27.56,24.75,2994,15110002.0,4.269588632265983e-05
2024-02-29,10:04:57,30.1605,27.56,24.75,2993,15110002.0,4.276422996180053e-05
2024-02-29,10:04:57,30.1682,27.56,24.75,2992,15110001.0,4.283268299913885e-05
2024-02-29,10:04:57,30.1758,27.56,24.75,2992,15110000.0,4.283268299913885e-05
2024-02-29,10:04:57,30.1835,27.56,24.75,2992,15110000.0,4.283268299913885e-05
2024-02-29,10:04:57,30.1913,27.56,24.75,2991,15109999.0,4.290124560978941e-05
2024-02-29,10:04:57,30.1991,27.56,24.75,2992,15109999.0,4.283268299913885e-05
2024-02-29,10:04:57,30.2068,27.56,24.75,2992,15109999.0,4.283268299913885e-05
2024-02-29,10:04:57,30.2146,27.56,24.75,2991,15109999.0,4.290124560978941e-05
2024-02-29,10:04:57,30.2224,27.56,24.75,2992,15110000.0,4.283268299913885e-05
2024-02-29,10:04:57,30.2301,27.56,24.75,2992,15110000.0,4.283268299913885e-05
2024-02-29,10:04:57,30.2379,27.56,24.75,2991,15110001.0,4.290124560978941e-05
2024-02-29,10:04:57,30.2457,27.56,24.75,2991,15110001.0,4.290124560978941e-05
2024-02-29,10:04:57,30.2535,27.56,24.75,2992,15110000.0,4.283268299913885e-05
2024-02-29,10:04:57,30.2613,27.56,24.75,2992,15110000.0,4.283268299913885e-05
2024-02-29,10:04:57,30.269,27.56,24.75,2991,15109999.0,4.290124560978941e-05
2024-02-29,10:04:57,30.2767,27.56,24.75,2991,15109999.0,4.290124560978941e-05
2024-02-29,10:04:57,30.2845,27.56,24.75,2991,15109999.0,4.290124560978941e-05
2024-02-29,10:04:57,30.2923,27.56,24.75,2991,15109999.0,4.290124560978941e-05
2024-02-29,10:04:57,30.3001,27.56,24.75,2992,15109998.0,4.283268299913885e-05
2024-02-29,10:04:57,30.3079,27.56,24.75,2992,15109999.0,4.283268299913885e-05
2024-02-29,10:04:57,30.3156,27.56,24.75,2992,15110000.0,4.283268299913885e-05
2024-02-29,10:04:57,30.3233,27.56,24.75,2993,15109999.0,4.276422996180053e-05
2024-02-29,10:04:57,30.3311,27.56,24.75,2992,15109998.0,4.283268299913885e-05
2024-02-29,10:04:57,30.3389,27.56,24.75,2991,15109998.0,4.290124560978941e-05
2024-02-29,10:04:57,30.3467,27.56,24.75,2991,15109998.0,4.290124560978941e-05
2024-02-29,10:04:57,30.3545,27.56,24.75,2991,15109998.0,4.290124560978941e-05
2024-02-29,10:04:57,30.3622,27.56,24.75,2991,15109998.0,4.290124560978941e-05
2024-02-29,10:04:57,30.3699,27.56,24.75,2991,15109998.0,4.290124560978941e-05
2024-02-29,10:04:57,30.3777,27.56,24.75,2991,15109998.0,4.290124560978941e-05
2024-02-29,10:04:57,30.3855,27.56,24.75,2991,15109998.0,4.290124560978941e-05
2024-02-29,10:04:57,30.3933,27.56,24.75,2991,15109999.0,4.290124560978941e-05
2024-02-29,10:04:57,30.4011,27.56,24.75,2991,15109998.0,4.290124560978941e-05
2024-02-29,10:04:57,30.4088,27.56,24.75,2991,15109998.0,4.290124560978941e-05
2024-02-29,10:04:57,30.4166,27.56,24.75,2991,15109998.0,4.290124560978941e-05
2024-02-29,10:04:57,30.4244,27.56,24.75,2990,15109997.0,4.296991796914701e-05
2024-02-29,10:04:57,30.4321,27.56,24.75,2990,15109997.0,4.296991796914701e-05
2024-02-29,10:04:57,30.4399,27.56,24.75,2991,15110000.0,4.290124560978941e-05
2024-02-29,10:04:57,30.4477,27.56,24.75,2990,15110000.0,4.296991796914701e-05
2024-02-29,10:04:57,30.4555,27.56,24.75,2989,15109996.0,4.30387002528873e-05
2024-02-29,10:04:57,30.4633,27.56,24.75,2989,15109997.0,4.30387002528873e-05
2024-02-29,10:04:57,30.471,27.56,24.75,2990,15109999.0,4.296991796914701e-05
2024-02-29,10:04:57,30.4788,27.56,24.75,2991,15109998.0,4.290124560978941e-05
2024-02-29,10:04:57,30.4866,27.56,24.75,2991,15109997.0,4.290124560978941e-05
2024-02-29,10:04:57,30.4943,27.56,24.75,2991,15109997.0,4.290124560978941e-05
2024-02-29,10:04:57,30.5021,27.56,24.75,2990,15109996.0,4.296991796914701e-05
2024-02-29,10:04:57,30.5099,27.56,24.75,2990,15109996.0,4.296991796914701e-05
2024-02-29,10:04:57,30.5177,27.56,24.75,2990,15109997.0,4.296991796914701e-05
2024-02-29,10:04:57,30.5255,27.56,24.75,2990,15109996.0,4.296991796914701e-05
2024-02-29,10:04:57,30.5332,27.56,24.75,2990,15109996.0,4.296991796914701e-05
2024-02-29,10:04:57,30.5409,27.56,24.75,2989,15109996.0,4.30387002528873e-05
2024-02-29,10:04:57,30.5487,27.56,24.75,2989,15109998.0,4.30387002528873e-05
2024-02-29,10:04:57,30.5565,27.56,24.75,2989,15109997.0,4.30387002528873e-05
2024-02-29,10:04:57,30.5643,27.56,24.75,2989,15109997.0,4.30387002528873e-05
2024-02-29,10:04:57,30.5721,27.56,24.75,2989,15109997.0,4.30387002528873e-05
2024-02-29,10:04:57,30.5798,27.56,24.75,2989,15109995.0,4.30387002528873e-05
2024-02-29,10:04:57,30.5875,27.56,24.75,2989,15109995.0,4.30387002528873e-05
2024-02-29,10:04:57,30.5953,27.56,24.75,2989,15109996.0,4.30387002528873e-05
2024-02-29,10:04:57,30.6031,27.56,24.75,2989,15109996.0,4.30387002528873e-05
2024-02-29,10:04:57,30.6109,27.56,24.75,2988,15109995.0,4.310759263696707e-05
2024-02-29,10:04:57,30.6187,27.56,24.75,2987,15109996.0,4.317659529762484e-05
2024-02-29,10:04:57,30.6265,27.56,24.75,2988,15109997.0,4.310759263696707e-05
2024-02-29,10:04:57,30.6343,27.56,24.75,2989,15109996.0,4.30387002528873e-05
2024-02-29,10:04:57,30.642,27.56,24.75,2989,15109995.0,4.30387002528873e-05
2024-02-29,10:04:57,30.6498,27.56,24.75,2989,15109995.0,4.30387002528873e-05
2024-02-29,10:04:57,30.6578,27.56,24.75,2988,15109994.0,4.310759263696707e-05
2024-02-29,10:04:57,30.6656,27.56,24.75,2988,15109994.0,4.310759263696707e-05
2024-02-29,10:04:57,30.6732,27.56,24.75,2989,15109995.0,4.30387002528873e-05
2024-02-29,10:04:57,30.681,27.56,24.75,2989,15109995.0,4.30387002528873e-05
2024-02-29,10:04:57,30.6889,27.56,24.75,2989,15109995.0,4.30387002528873e-05
2024-02-29,10:04:57,30.6967,27.56,24.75,2987,15109996.0,4.317659529762484e-05
2024-02-29,10:04:58,30.7045,27.56,24.75,2986,15109996.0,4.324570841138112e-05
2024-02-29,10:04:58,30.7122,27.56,24.75,2988,15109994.0,4.310759263696707e-05
2024-02-29,10:04:58,30.72,27.56,24.75,2989,15109994.0,4.30387002528873e-05
2024-02-29,10:04:58,30.7278,27.56,24.75,2988,15109995.0,4.310759263696707e-05
2024-02-29,10:04:58,30.7354,27.62,24.75,2986,15109993.0,4.324570841138112e-05
2024-02-29,10:04:58,30.7433,27.62,24.75,2986,15109992.0,4.324570841138112e-05
2024-02-29,10:04:58,30.7512,27.62,24.75,2987,15109994.0,4.317659529762484e-05
2024-02-29,10:04:58,30.759,27.62,24.75,2987,15109994.0,4.317659529762484e-05
2024-02-29,10:04:58,30.7667,27.62,24.75,2987,15109993.0,4.317659529762484e-05
2024-02-29,10:04:58,30.7745,27.62,24.75,2986,15109994.0,4.324570841138112e-05
2024-02-29,10:04:58,30.7823,27.62,24.75,2985,15109993.0,4.331493215503914e-05
2024-02-29,10:04:58,30.7901,27.62,24.75,2987,15109992.0,4.317659529762484e-05
2024-02-29,10:04:58,30.7979,27.62,24.75,2988,15109993.0,4.310759263696707e-05
2024-02-29,10:04:58,30.8057,27.62,24.75,2987,15109993.0,4.317659529762484e-05
2024-02-29,10:04:58,30.8135,27.62,24.75,2987,15109993.0,4.317659529762484e-05
2024-02-29,10:04:58,30.8212,27.62,24.75,2986,15109994.0,4.324570841138112e-05
2024-02-29,10:04:58,30.829,27.62,24.75,2986,15109995.0,4.324570841138112e-05
2024-02-29,10:04:58,30.8368,27.62,24.75,2988,15109994.0,4.310759263696707e-05
2024-02-29,10:04:58,30.8446,27.62,24.75,2988,15109992.0,4.310759263696707e-05
2024-02-29,10:04:58,30.8524,27.62,24.75,2987,15109993.0,4.317659529762484e-05
2024-02-29,10:04:58,30.8602,27.62,24.75,2986,15109991.0,4.324570841138112e-05
2024-02-29,10:04:58,30.8682,27.62,24.75,2986,15109991.0,4.324570841138112e-05
2024-02-29,10:04:58,30.876,27.62,24.75,2987,15109994.0,4.317659529762484e-05
2024-02-29,10:04:58,30.8837,27.62,24.75,2988,15109993.0,4.310759263696707e-05
2024-02-29,10:04:58,30.8915,27.62,24.75,2988,15109993.0,4.310759263696707e-05
2024-02-29,10:04:58,30.8993,27.62,24.75,2986,15109994.0,4.324570841138112e-05
2024-02-29,10:04:58,30.907,27.62,24.75,2985,15109992.0,4.331493215503914e-05
2024-02-29,10:04:58,30.9148,27.62,24.75,2986,15109991.0,4.324570841138112e-05
2024-02-29,10:04:58,30.9227,27.62,24.75,2987,15109992.0,4.317659529762484e-05
2024-02-29,10:04:58,30.9305,27.62,24.75,2987,15109993.0,4.317659529762484e-05
2024-02-29,10:04:58,30.9382,27.62,24.75,2986,15109992.0,4.324570841138112e-05
2024-02-29,10:04:58,30.9459,27.62,24.75,2985,15109993.0,4.331493215503914e-05
2024-02-29,10:04:58,30.9538,27.62,24.75,2986,15109993.0,4.324570841138112e-05
2024-02-29,10:04:58,30.9618,27.62,24.75,2987,15109992.0,4.317659529762484e-05
2024-02-29,10:04:58,30.9694,27.62,24.75,2987,15109992.0,4.317659529762484e-05
2024-02-29,10:04:58,30.9772,27.62,24.75,2986,15109993.0,4.324570841138112e-05
2024-02-29,10:04:58,30.985,27.62,24.75,2985,15109991.0,4.331493215503914e-05
2024-02-29,10:04:58,30.9929,27.62,24.75,2986,15109990.0,4.324570841138112e-05
2024-02-29,10:04:58,31.0008,27.62,24.75,2987,15109993.0,4.317659529762484e-05
2024-02-29,10:04:58,31.0085,27.62,24.75,2987,15109993.0,4.317659529762484e-05
2024-02-29,10:04:58,31.0162,27.62,24.75,2987,15109992.0,4.317659529762484e-05
2024-02-29,10:04:58,31.024,27.62,24.75,2986,15109993.0,4.324570841138112e-05
2024-02-29,10:04:58,31.0318,27.62,24.75,2985,15109992.0,4.331493215503914e-05
2024-02-29,10:04:58,31.0396,27.62,24.75,2987,15109990.0,4.317659529762484e-05
2024-02-29,10:04:58,31.0474,27.62,24.75,2988,15109991.0,4.310759263696707e-05
2024-02-29,10:04:58,31.0552,27.62,24.75,2987,15109992.0,4.317659529762484e-05
2024-02-29,10:04:58,31.063,27.62,24.75,2986,15109991.0,4.324570841138112e-05
2024-02-29,10:04:58,31.0709,27.62,24.75,2984,15109992.0,4.338426670568495e-05
2024-02-29,10:04:58,31.0787,27.62,24.75,2984,15109993.0,4.338426670568495e-05
2024-02-29,10:04:58,31.0866,27.62,24.75,2986,15109992.0,4.324570841138112e-05
2024-02-29,10:04:58,31.0944,27.62,24.75,2986,15109991.0,4.324570841138112e-05
2024-02-29,10:04:58,31.102,27.62,24.75,2985,15109992.0,4.331493215503914e-05
2024-02-29,10:04:58,31.1097,27.62,24.75,2984,15109990.0,4.338426670568495e-05
2024-02-29,10:04:58,31.1175,27.62,24.75,2983,15109989.0,4.345371224068825e-05
2024-02-29,10:04:58,31.1255,27.62,24.75,2984,15109992.0,4.338426670568495e-05
2024-02-29,10:04:58,31.1333,27.62,24.75,2986,15109992.0,4.324570841138112e-05
2024-02-29,10:04:58,31.1411,27.62,24.75,2986,15109990.0,4.324570841138112e-05
2024-02-29,10:04:58,31.1489,27.62,24.75,2984,15109991.0,4.338426670568495e-05
2024-02-29,10:04:58,31.1567,27.62,24.75,2983,15109990.0,4.345371224068825e-05
2024-02-29,10:04:58,31.1645,27.62,24.75,2984,15109989.0,4.338426670568495e-05
2024-02-29,10:04:58,31.1723,27.62,24.75,2985,15109990.0,4.331493215503914e-05
2024-02-29,10:04:58,31.1801,27.62,24.75,2985,15109991.0,4.331493215503914e-05
2024-02-29,10:04:58,31.1879,27.62,24.75,2984,15109989.0,4.338426670568495e-05
2024-02-29,10:04:58,31.1957,27.62,24.75,2983,15109990.0,4.345371224068825e-05
2024-02-29,10:04:58,31.2034,27.62,24.75,2983,15109990.0,4.345371224068825e-05
2024-02-29,10:04:58,31.2114,27.62,24.75,2984,15109989.0,4.338426670568495e-05
2024-02-29,10:04:58,31.2193,27.62,24.75,2985,15109989.0,4.331493215503914e-05
2024-02-29,10:04:58,31.2271,27.62,24.75,2985,15109990.0,4.331493215503914e-05
2024-02-29,10:04:58,31.2349,27.62,24.75,2984,15109989.0,4.338426670568495e-05
2024-02-29,10:04:58,31.2426,27.62,24.75,2983,15109989.0,4.345371224068825e-05
2024-02-29,10:04:58,31.2504,27.62,24.75,2983,15109991.0,4.345371224068825e-05
2024-02-29,10:04:58,31.2583,27.62,24.75,2984,15109990.0,4.338426670568495e-05
2024-02-29,10:04:58,31.2661,27.62,24.75,2984,15109988.0,4.338426670568495e-05
2024-02-29,10:04:58,31.2739,27.62,24.75,2983,15109989.0,4.345371224068825e-05
2024-02-29,10:04:58,31.2818,27.62,24.75,2982,15109988.0,4.352326893770249e-05
2024-02-29,10:04:58,31.2896,27.62,24.75,2982,15109987.0,4.352326893770249e-05
2024-02-29,10:04:58,31.2975,27.62,24.75,2983,15109989.0,4.345371224068825e-05
2024-02-29,10:04:58,31.3053,27.62,24.75,2983,15109989.0,4.345371224068825e-05
2024-02-29,10:04:58,31.3131,27.62,24.75,2984,15109990.0,4.338426670568495e-05
2024-02-29,10:04:58,31.3209,27.62,24.75,2983,15109990.0,4.345371224068825e-05
2024-02-29,10:04:58,31.3287,27.62,24.75,2981,15109989.0,4.359293697466567e-05
2024-02-29,10:04:58,31.3365,27.62,24.75,2983,15109987.0,4.345371224068825e-05
2024-02-29,10:04:58,31.3443,27.62,24.75,2984,15109988.0,4.338426670568495e-05
2024-02-29,10:04:58,31.3522,27.62,24.75,2983,15109989.0,4.345371224068825e-05
2024-02-29,10:04:58,31.36,27.62,24.75,2983,15109988.0,4.345371224068825e-05
2024-02-29,10:04:58,31.3679,27.62,24.75,2982,15109989.0,4.352326893770249e-05
2024-02-29,10:04:58,31.3757,27.62,24.75,2981,15109988.0,4.359293697466567e-05
2024-02-29,10:04:58,31.3835,27.62,24.75,2982,15109987.0,4.352326893770249e-05
2024-02-29,10:04:58,31.3913,27.62,24.75,2983,15109988.0,4.345371224068825e-05
2024-02-29,10:04:58,31.3991,27.62,24.75,2984,15109989.0,4.338426670568495e-05
2024-02-29,10:04:58,31.4071,27.62,24.75,2983,15109987.0,4.345371224068825e-05
2024-02-29,10:04:58,31.4149,27.62,24.75,2981,15109988.0,4.359293697466567e-05
2024-02-29,10:04:58,31.4226,27.62,24.75,2981,15109988.0,4.359293697466567e-05
2024-02-29,10:04:58,31.4304,27.62,24.75,2982,15109987.0,4.352326893770249e-05
2024-02-29,10:04:58,31.4383,27.62,24.75,2983,15109987.0,4.345371224068825e-05
2024-02-29,10:04:58,31.4461,27.62,24.75,2983,15109987.0,4.345371224068825e-05
2024-02-29,10:04:58,31.4539,27.62,24.75,2982,15109987.0,4.352326893770249e-05
2024-02-29,10:04:58,31.4618,27.62,24.75,2981,15109988.0,4.359293697466567e-05
2024-02-29,10:04:58,31.4697,27.62,24.75,2981,15109988.0,4.359293697466567e-05
2024-02-29,10:04:58,31.4775,27.62,24.75,2981,15109987.0,4.359293697466567e-05
2024-02-29,10:04:58,31.4853,27.62,24.75,2981,15109986.0,4.359293697466567e-05
2024-02-29,10:04:58,31.4931,27.62,24.75,2982,15109986.0,4.352326893770249e-05
2024-02-29,10:04:58,31.501,27.62,24.75,2982,15109986.0,4.352326893770249e-05
2024-02-29,10:04:58,31.5088,27.62,24.75,2981,15109987.0,4.359293697466567e-05
2024-02-29,10:04:58,31.5166,27.62,24.75,2981,15109987.0,4.359293697466567e-05
2024-02-29,10:04:58,31.5246,27.62,24.75,2982,15109986.0,4.352326893770249e-05
2024-02-29,10:04:58,31.5324,27.62,24.75,2982,15109986.0,4.352326893770249e-05
2024-02-29,10:04:58,31.5402,27.62,24.75,2982,15109986.0,4.352326893770249e-05
2024-02-29,10:04:58,31.5481,27.62,24.75,2981,15109985.0,4.359293697466567e-05
2024-02-29,10:04:58,31.5559,27.62,24.75,2979,15109986.0,4.373260778161478e-05
2024-02-29,10:04:58,31.5637,27.62,24.75,2980,15109989.0,4.366271652980039e-05
2024-02-29,10:04:58,31.5715,27.62,24.75,2981,15109987.0,4.359293697466567e-05
2024-02-29,10:04:58,31.5794,27.62,24.75,2981,15109985.0,4.359293697466567e-05
2024-02-29,10:04:58,31.5873,27.62,24.75,2981,15109986.0,4.359293697466567e-05
2024-02-29,10:04:58,31.5951,27.62,24.75,2980,15109986.0,4.366271652980039e-05
2024-02-29,10:04:58,31.6029,27.62,24.75,2980,15109985.0,4.366271652980039e-05
2024-02-29,10:04:58,31.6107,27.62,24.75,2981,15109988.0,4.359293697466567e-05
2024-02-29,10:04:58,31.6185,27.62,24.75,2981,15109987.0,4.359293697466567e-05
2024-02-29,10:04:58,31.6263,27.62,24.75,2981,15109985.0,4.359293697466567e-05
2024-02-29,10:04:58,31.6341,27.62,24.75,2981,15109985.0,4.359293697466567e-05
2024-02-29,10:04:58,31.6421,27.62,24.75,2980,15109984.0,4.366271652980039e-05
2024-02-29,10:04:58,31.65,27.62,24.75,2980,15109984.0,4.366271652980039e-05
2024-02-29,10:04:58,31.6579,27.62,24.75,2981,15109986.0,4.359293697466567e-05
2024-02-29,10:04:58,31.6658,27.62,24.75,2981,15109985.0,4.359293697466567e-05
2024-02-29,10:04:58,31.6734,27.62,24.75,2981,15109985.0,4.359293697466567e-05
2024-02-29,10:04:58,31.6814,27.62,24.75,2981,15109986.0,4.359293697466567e-05
2024-02-29,10:04:58,31.6893,27.62,24.75,2979,15109984.0,4.373260778161478e-05
2024-02-29,10:04:58,31.6971,27.62,24.75,2978,15109983.0,4.38026109089025e-05
2024-02-29,10:04:58,31.7049,27.62,24.75,2980,15109985.0,4.366271652980039e-05
2024-02-29,10:04:59,31.7127,27.62,24.75,2981,15109985.0,4.359293697466567e-05
2024-02-29,10:04:59,31.7207,27.62,24.75,2980,15109984.0,4.366271652980039e-05
2024-02-29,10:04:59,31.7285,27.62,24.75,2980,15109984.0,4.366271652980039e-05
2024-02-29,10:04:59,31.7362,27.62,24.75,2979,15109983.0,4.373260778161478e-05
2024-02-29,10:04:59,31.744,27.62,24.75,2978,15109983.0,4.38026109089025e-05
2024-02-29,10:04:59,31.7519,27.62,24.75,2979,15109986.0,4.373260778161478e-05
2024-02-29,10:04:59,31.7598,27.62,24.75,2980,15109985.0,4.366271652980039e-05
2024-02-29,10:04:59,31.7676,27.62,24.75,2980,15109983.0,4.366271652980039e-05
2024-02-29,10:04:59,31.7754,27.62,24.75,2980,15109983.0,4.366271652980039e-05
2024-02-29,10:04:59,31.7834,27.62,24.75,2979,15109982.0,4.373260778161478e-05
2024-02-29,10:04:59,31.7912,27.62,24.75,2977,15109983.0,4.387272609074357e-05
2024-02-29,10:04:59,31.799,27.62,24.75,2978,15109985.0,4.38026109089025e-05
2024-02-29,10:04:59,31.8069,27.62,24.75,2979,15109984.0,4.373260778161478e-05
2024-02-29,10:04:59,31.8147,27.62,24.75,2979,15109983.0,4.373260778161478e-05
2024-02-29,10:04:59,31.8226,27.62,24.75,2979,15109983.0,4.373260778161478e-05
2024-02-29,10:04:59,31.8305,27.62,24.75,2978,15109982.0,4.38026109089025e-05
2024-02-29,10:04:59,31.8384,27.62,24.75,2978,15109982.0,4.38026109089025e-05
2024-02-29,10:04:59,31.8462,27.62,24.75,2979,15109983.0,4.373260778161478e-05
2024-02-29,10:04:59,31.854,27.62,24.75,2979,15109983.0,4.373260778161478e-05
2024-02-29,10:04:59,31.862,27.62,24.75,2979,15109982.0,4.373260778161478e-05
2024-02-29,10:04:59,31.8699,27.62,24.75,2979,15109983.0,4.373260778161478e-05
2024-02-29,10:04:59,31.8777,27.62,24.75,2977,15109981.0,4.387272609074357e-05
2024-02-29,10:04:59,31.8855,27.62,24.75,2976,15109982.0,4.394295350650451e-05
2024-02-29,10:04:59,31.8935,27.62,24.75,2977,15109984.0,4.387272609074357e-05
2024-02-29,10:04:59,31.9013,27.62,24.75,2978,15109982.0,4.38026109089025e-05
2024-02-29,10:04:59,31.9091,27.62,24.75,2978,15109980.0,4.38026109089025e-05
2024-02-29,10:04:59,31.917,27.62,24.75,2978,15109981.0,4.38026109089025e-05
2024-02-29,10:04:59,31.925,27.62,24.75,2977,15109980.0,4.387272609074357e-05
2024-02-29,10:04:59,31.9329,27.62,24.75,2976,15109981.0,4.394295350650451e-05
2024-02-29,10:04:59,31.9407,27.62,24.75,2976,15109983.0,4.394295350650451e-05
2024-02-29,10:04:59,31.9485,27.62,24.75,2977,15109981.0,4.387272609074357e-05
2024-02-29,10:04:59,31.9564,27.62,24.75,2978,15109982.0,4.38026109089025e-05
2024-02-29,10:04:59,31.9642,27.62,24.75,2978,15109983.0,4.38026109089025e-05
2024-02-29,10:04:59,31.9721,27.62,24.75,2977,15109980.0,4.387272609074357e-05
2024-02-29,10:04:59,31.9801,27.62,24.75,2975,15109981.0,4.40132933358391e-05
2024-02-29,10:04:59,31.9881,27.62,24.75,2974,15109980.0,4.408374575868857e-05
2024-02-29,10:04:59,31.9959,27.62,24.75,2975,15109978.0,4.40132933358391e-05
2024-02-29,10:04:59,32.0038,27.62,24.75,2977,15109981.0,4.387272609074357e-05
2024-02-29,10:04:59,32.0117,27.62,24.75,2978,15109982.0,4.38026109089025e-05
2024-02-29,10:04:59,32.0195,27.62,24.75,2977,15109980.0,4.387272609074357e-05
2024-02-29,10:04:59,32.0274,27.62,24.75,2975,15109981.0,4.40132933358391e-05
2024-02-29,10:04:59,32.0353,27.62,24.75,2974,15109979.0,4.408374575868857e-05
2024-02-29,10:04:59,32.0432,27.62,24.75,2975,15109977.0,4.40132933358391e-05
2024-02-29,10:04:59,32.051,27.62,24.75,2976,15109980.0,4.394295350650451e-05
2024-02-29,10:04:59,32.059,27.62,24.75,2976,15109981.0,4.394295350650451e-05
2024-02-29,10:04:59,32.0669,27.62,24.75,2976,15109979.0,4.394295350650451e-05
2024-02-29,10:04:59,32.0747,27.62,24.75,2975,15109980.0,4.40132933358391e-05
2024-02-29,10:04:59,32.0826,27.62,24.75,2973,15109979.0,4.41543109552823e-05
2024-02-29,10:04:59,32.0906,27.62,24.75,2973,15109978.0,4.41543109552823e-05
2024-02-29,10:04:59,32.0984,27.62,24.75,2975,15109980.0,4.40132933358391e-05
2024-02-29,10:04:59,32.1062,27.62,24.75,2976,15109979.0,4.394295350650451e-05
2024-02-29,10:04:59,32.1141,27.62,24.75,2976,15109978.0,4.394295350650451e-05
2024-02-29,10:04:59,32.1221,27.62,24.75,2976,15109979.0,4.394295350650451e-05
2024-02-29,10:04:59,32.13,27.62,24.75,2975,15109978.0,4.40132933358391e-05
2024-02-29,10:04:59,32.1379,27.62,24.75,2973,15109979.0,4.41543109552823e-05
2024-02-29,10:04:59,32.1458,27.62,24.75,2973,15109979.0,4.41543109552823e-05
2024-02-29,10:04:59,32.1537,27.62,24.75,2975,15109976.0,4.40132933358391e-05
2024-02-29,10:04:59,32.1618,27.62,24.75,2976,15109979.0,4.394295350650451e-05
2024-02-29,10:04:59,32.1696,27.62,24.75,2976,15109981.0,4.394295350650451e-05
2024-02-29,10:04:59,32.1774,27.62,24.75,2975,15109978.0,4.40132933358391e-05
2024-02-29,10:04:59,32.1853,27.62,24.75,2973,15109979.0,4.41543109552823e-05
2024-02-29,10:04:59,32.1932,27.62,24.75,2972,15109978.0,4.422498910613804e-05
2024-02-29,10:04:59,32.2012,27.62,24.75,2972,15109976.0,4.422498910613804e-05
2024-02-29,10:04:59,32.2091,27.62,24.75,2974,15109980.0,4.408374575868857e-05
2024-02-29,10:04:59,32.2169,27.62,24.75,2975,15109981.0,4.40132933358391e-05
2024-02-29,10:04:59,32.2247,27.62,24.75,2974,15109978.0,4.408374575868857e-05
2024-02-29,10:04:59,32.2327,27.62,24.75,2973,15109979.0,4.41543109552823e-05
2024-02-29,10:04:59,32.2406,27.62,24.75,2971,15109977.0,4.429578039206264e-05
2024-02-29,10:04:59,32.2485,27.62,24.75,2970,15109974.0,4.43666849941522e-05
2024-02-29,10:04:59,32.2565,27.62,24.75,2972,15109976.0,4.422498910613804e-05
2024-02-29,10:04:59,32.2644,27.62,24.75,2975,15109976.0,4.40132933358391e-05
2024-02-29,10:04:59,32.2722,27.62,24.75,2975,15109977.0,4.40132933358391e-05
2024-02-29,10:04:59,32.28,27.62,24.75,2974,15109979.0,4.408374575868857e-05
2024-02-29,10:04:59,32.2881,27.62,24.75,2972,15109976.0,4.422498910613804e-05
2024-02-29,10:04:59,32.2962,27.62,24.75,2969,15109977.0,4.443770309379288e-05
2024-02-29,10:04:59,32.304,27.62,24.75,2969,15109977.0,4.443770309379288e-05
2024-02-29,10:04:59,32.3118,27.62,24.75,2972,15109974.0,4.422498910613804e-05
2024-02-29,10:04:59,32.3197,27.62,24.75,2975,15109978.0,4.40132933358391e-05
2024-02-29,10:04:59,32.3276,27.62,24.75,2975,15109980.0,4.40132933358391e-05
2024-02-29,10:04:59,32.3356,27.62,24.75,2973,15109975.0,4.41543109552823e-05
2024-02-29,10:04:59,32.3435,27.62,24.75,2971,15109976.0,4.429578039206264e-05
2024-02-29,10:04:59,32.3514,27.62,24.75,2969,15109976.0,4.443770309379288e-05
2024-02-29,10:04:59,32.3594,27.62,24.75,2969,15109974.0,4.443770309379288e-05
2024-02-29,10:04:59,32.3673,27.62,24.75,2972,15109977.0,4.422498910613804e-05
2024-02-29,10:04:59,32.3753,27.62,24.75,2974,15109977.0,4.408374575868857e-05
2024-02-29,10:04:59,32.3831,27.62,24.75,2973,15109975.0,4.41543109552823e-05
2024-02-29,10:04:59,32.391,27.62,24.75,2972,15109976.0,4.422498910613804e-05
2024-02-29,10:04:59,32.3989,27.62,24.75,2971,15109975.0,4.429578039206264e-05
2024-02-29,10:04:59,32.4067,27.62,24.75,2969,15109975.0,4.443770309379288e-05
2024-02-29,10:04:59,32.4147,27.62,24.75,2969,15109975.0,4.443770309379288e-05
2024-02-29,10:04:59,32.4226,27.62,24.75,2971,15109973.0,4.429578039206264e-05
2024-02-29,10:04:59,32.4306,27.62,24.75,2973,15109976.0,4.41543109552823e-05
2024-02-29,10:04:59,32.4385,27.62,24.75,2973,15109978.0,4.41543109552823e-05
2024-02-29,10:04:59,32.4464,27.62,24.75,2971,15109974.0,4.429578039206264e-05
2024-02-29,10:04:59,32.4544,27.62,24.75,2970,15109975.0,4.43666849941522e-05
2024-02-29,10:04:59,32.4623,27.62,24.75,2969,15109974.0,4.443770309379288e-05
2024-02-29,10:04:59,32.4704,27.62,24.75,2968,15109973.0,4.4508834872661e-05
2024-02-29,10:04:59,32.4783,27.62,24.75,2969,15109975.0,4.443770309379288e-05
2024-02-29,10:04:59,32.4861,27.62,24.75,2972,15109973.0,4.422498910613804e-05
2024-02-29,10:04:59,32.494,27.62,24.75,2973,15109974.0,4.41543109552823e-05
2024-02-29,10:04:59,32.502,27.62,24.75,2972,15109976.0,4.422498910613804e-05
2024-02-29,10:04:59,32.5099,27.62,24.75,2970,15109974.0,4.43666849941522e-05
2024-02-29,10:04:59,32.5178,27.62,24.75,2967,15109975.0,4.458008051272389e-05
2024-02-29,10:04:59,32.5258,27.62,24.75,2967,15109974.0,4.458008051272389e-05
2024-02-29,10:04:59,32.5337,27.62,24.75,2969,15109971.0,4.443770309379288e-05
2024-02-29,10:04:59,32.5417,27.62,24.75,2971,15109975.0,4.429578039206264e-05
2024-02-29,10:04:59,32.5496,27.62,24.75,2972,15109976.0,4.422498910613804e-05
2024-02-29,10:04:59,32.5575,27.62,24.75,2971,15109973.0,4.429578039206264e-05
2024-02-29,10:04:59,32.5655,27.62,24.75,2970,15109975.0,4.43666849941522e-05
2024-02-29,10:04:59,32.5734,27.62,24.75,2968,15109973.0,4.4508834872661e-05
2024-02-29,10:04:59,32.5813,27.62,24.75,2966,15109972.0,4.465144019623996e-05
2024-02-29,10:04:59,32.5893,27.62,24.75,2967,15109974.0,4.458008051272389e-05
2024-02-29,10:04:59,32.5972,27.62,24.75,2969,15109972.0,4.443770309379288e-05
2024-02-29,10:04:59,32.6051,27.62,24.75,2971,15109975.0,4.429578039206264e-05
2024-02-29,10:04:59,32.6131,27.62,24.75,2971,15109976.0,4.429578039206264e-05
2024-02-29,10:04:59,32.621,27.62,24.75,2968,15109972.0,4.4508834872661e-05
2024-02-29,10:04:59,32.629,27.62,24.75,2966,15109973.0,4.465144019623996e-05
2024-02-29,10:04:59,32.6369,27.62,24.75,2965,15109971.0,4.472291410575956e-05
2024-02-29,10:04:59,32.645,27.62,24.75,2965,15109970.0,4.472291410575956e-05
2024-02-29,10:04:59,32.6529,27.62,24.75,2967,15109972.0,4.458008051272389e-05
2024-02-29,10:04:59,32.6607,27.62,24.75,2969,15109972.0,4.443770309379288e-05
2024-02-29,10:04:59,32.6686,27.62,24.75,2970,15109973.0,4.43666849941522e-05
2024-02-29,10:04:59,32.6766,27.62,24.75,2970,15109975.0,4.43666849941522e-05
2024-02-29,10:04:59,32.6845,27.62,24.75,2968,15109972.0,4.4508834872661e-05
2024-02-29,10:04:59,32.6924,27.62,24.75,2965,15109973.0,4.472291410575956e-05
2024-02-29,10:04:59,32.7005,27.62,24.75,2964,15109971.0,4.479450242412504e-05
2024-02-29,10:05:00,32.7086,27.62,24.75,2965,15109969.0,4.472291410575956e-05
2024-02-29,10:05:00,32.7164,27.62,24.75,2968,15109973.0,4.4508834872661e-05
2024-02-29,10:05:00,32.7243,27.62,24.75,2969,15109973.0,4.443770309379288e-05
2024-02-29,10:05:00,32.7324,27.62,24.75,2968,15109972.0,4.4508834872661e-05
2024-02-29,10:05:00,32.7403,27.62,24.75,2967,15109974.0,4.458008051272389e-05
2024-02-29,10:05:00,32.7482,27.62,24.75,2965,15109971.0,4.472291410575956e-05
2024-02-29,10:05:00,32.7562,27.62,24.75,2964,15109971.0,4.479450242412504e-05
2024-02-29,10:05:00,32.7641,27.62,24.75,2964,15109970.0,4.479450242412504e-05
2024-02-29,10:05:00,32.7722,27.62,24.75,2965,15109968.0,4.472291410575956e-05
2024-02-29,10:05:00,32.7802,27.62,24.75,2967,15109971.0,4.458008051272389e-05
2024-02-29,10:05:00,32.7882,27.62,24.75,2968,15109971.0,4.4508834872661e-05
2024-02-29,10:05:00,32.7961,27.62,24.75,2967,15109971.0,4.458008051272389e-05
2024-02-29,10:05:00,32.8041,27.62,24.75,2966,15109972.0,4.465144019623996e-05
2024-02-29,10:05:00,32.8121,27.62,24.75,2964,15109969.0,4.479450242412504e-05
2024-02-29,10:05:00,32.8202,27.62,24.75,2963,15109969.0,4.486620533447163e-05
2024-02-29,10:05:00,32.8281,27.62,24.75,2963,15109969.0,4.486620533447163e-05
2024-02-29,10:05:00,32.8361,27.62,24.75,2963,15109967.0,4.486620533447163e-05
2024-02-29,10:05:00,32.844,27.62,24.75,2966,15109971.0,4.465144019623996e-05
2024-02-29,10:05:00,32.8519,27.62,24.75,2968,15109969.0,4.4508834872661e-05
2024-02-29,10:05:00,32.8599,27.62,24.75,2967,15109968.0,4.458008051272389e-05
2024-02-29,10:05:00,32.8679,27.62,24.75,2966,15109972.0,4.465144019623996e-05
2024-02-29,10:05:00,32.8759,27.62,24.75,2964,15109969.0,4.479450242412504e-05
2024-02-29,10:05:00,32.8838,27.62,24.75,2963,15109969.0,4.486620533447163e-05
2024-02-29,10:05:00,32.8919,27.62,24.75,2963,15109968.0,4.486620533447163e-05
2024-02-29,10:05:00,32.8998,27.62,24.75,2963,15109967.0,4.486620533447163e-05
2024-02-29,10:05:00,32.9077,27.62,24.75,2965,15109970.0,4.472291410575956e-05
2024-02-29,10:05:00,32.9158,27.62,24.75,2967,15109970.0,4.458008051272389e-05
2024-02-29,10:05:00,32.9237,27.62,24.75,2966,15109969.0,4.465144019623996e-05
2024-02-29,10:05:00,32.9317,27.62,24.75,2965,15109971.0,4.472291410575956e-05
2024-02-29,10:05:00,32.9397,27.62,24.75,2964,15109968.0,4.479450242412504e-05
2024-02-29,10:05:00,32.9477,27.62,24.75,2962,15109968.0,4.493802302022752e-05
2024-02-29,10:05:00,32.9556,27.62,24.75,2961,15109968.0,4.500995566511469e-05
2024-02-29,10:05:00,32.9635,27.62,24.75,2961,15109966.0,4.500995566511469e-05
2024-02-29,10:05:00,32.9716,27.62,24.75,2962,15109968.0,4.493802302022752e-05
2024-02-29,10:05:00,32.9797,27.62,24.75,2964,15109967.0,4.479450242412504e-05
2024-02-29,10:05:00,32.9876,27.62,24.75,2965,15109968.0,4.472291410575956e-05
2024-02-29,10:05:00,32.9957,27.62,24.75,2965,15109970.0,4.472291410575956e-05
2024-02-29,10:05:00,33.0036,27.62,24.75,2964,15109967.0,4.479450242412504e-05
2024-02-29,10:05:00,33.0115,27.62,24.75,2962,15109968.0,4.493802302022752e-05
2024-02-29,10:05:00,33.0196,27.62,24.75,2961,15109967.0,4.500995566511469e-05
2024-02-29,10:05:00,33.0277,27.62,24.75,2961,15109965.0,4.500995566511469e-05
2024-02-29,10:05:00,33.0357,27.62,24.75,2962,15109966.0,4.493802302022752e-05
2024-02-29,10:05:00,33.0437,27.62,24.75,2963,15109965.0,4.486620533447163e-05
2024-02-29,10:05:00,33.0516,27.62,24.75,2964,15109968.0,4.479450242412504e-05
2024-02-29,10:05:00,33.0597,27.62,24.75,2964,15109970.0,4.479450242412504e-05
2024-02-29,10:05:00,33.0677,27.62,24.75,2963,15109967.0,4.486620533447163e-05
2024-02-29,10:05:00,33.0757,27.62,24.75,2962,15109967.0,4.493802302022752e-05
2024-02-29,10:05:00,33.0836,27.62,24.75,2961,15109966.0,4.500995566511469e-05
2024-02-29,10:05:00,33.0917,27.62,24.75,2960,15109965.0,4.508200345314904e-05
2024-02-29,10:05:00,33.0997,27.62,24.75,2960,15109965.0,4.508200345314904e-05
2024-02-29,10:05:00,33.1077,27.62,24.75,2961,15109964.0,4.500995566511469e-05
2024-02-29,10:05:00,33.1156,27.62,24.75,2962,15109965.0,4.493802302022752e-05
2024-02-29,10:05:00,33.1237,27.62,24.75,2963,15109965.0,4.486620533447163e-05
2024-02-29,10:05:00,33.1317,27.62,24.75,2963,15109966.0,4.486620533447163e-05
2024-02-29,10:05:00,33.1398,27.62,24.75,2962,15109968.0,4.493802302022752e-05
2024-02-29,10:05:00,33.1477,27.62,24.75,2960,15109965.0,4.508200345314904e-05
2024-02-29,10:05:00,33.1557,27.62,24.75,2959,15109965.0,4.515416656864121e-05
2024-02-29,10:05:00,33.1637,27.62,24.75,2959,15109964.0,4.515416656864121e-05
2024-02-29,10:05:00,33.1718,27.62,24.75,2958,15109963.0,4.522644519619663e-05
2024-02-29,10:05:00,33.1799,27.62,24.75,2959,15109965.0,4.515416656864121e-05
2024-02-29,10:05:00,33.1878,27.62,24.75,2961,15109964.0,4.500995566511469e-05
2024-02-29,10:05:00,33.1957,27.62,24.75,2962,15109966.0,4.493802302022752e-05
2024-02-29,10:05:00,33.2038,27.62,24.75,2962,15109967.0,4.493802302022752e-05
2024-02-29,10:05:00,33.2119,27.62,24.75,2961,15109965.0,4.500995566511469e-05
2024-02-29,10:05:00,33.2199,27.62,24.75,2960,15109966.0,4.508200345314904e-05
2024-02-29,10:05:00,33.228,27.62,24.75,2959,15109964.0,4.515416656864121e-05
2024-02-29,10:05:00,33.2361,27.62,24.75,2958,15109963.0,4.522644519619663e-05
2024-02-29,10:05:00,33.244,27.62,24.75,2958,15109963.0,4.522644519619663e-05
2024-02-29,10:05:00,33.2519,27.62,24.75,2958,15109962.0,4.522644519619663e-05
2024-02-29,10:05:00,33.26,27.69,24.75,2958,15109963.0,4.522644519619663e-05
2024-02-29,10:05:00,33.2681,27.69,24.75,2960,15109963.0,4.508200345314904e-05
2024-02-29,10:05:00,33.2761,27.69,24.75,2961,15109964.0,4.500995566511469e-05
2024-02-29,10:05:00,33.2842,27.69,24.75,2961,15109966.0,4.500995566511469e-05
2024-02-29,10:05:00,33.2922,27.69,24.75,2960,15109963.0,4.508200345314904e-05
2024-02-29,10:05:00,33.3002,27.69,24.75,2959,15109963.0,4.515416656864121e-05
2024-02-29,10:05:00,33.3081,27.69,24.75,2958,15109961.0,4.522644519619663e-05
2024-02-29,10:05:00,33.3162,27.69,24.75,2956,15109961.0,4.537134972739774e-05
2024-02-29,10:05:00,33.3242,27.69,24.75,2956,15109961.0,4.537134972739774e-05
2024-02-29,10:05:00,33.3323,27.69,24.75,2957,15109960.0,4.529883952071649e-05
2024-02-29,10:05:00,33.3404,27.69,24.75,2958,15109963.0,4.522644519619663e-05
2024-02-29,10:05:00,33.3484,27.69,24.75,2959,15109963.0,4.515416656864121e-05
2024-02-29,10:05:00,33.3565,27.69,24.75,2959,15109963.0,4.515416656864121e-05
2024-02-29,10:05:00,33.3646,27.69,24.75,2959,15109964.0,4.515416656864121e-05
2024-02-29,10:05:00,33.3726,27.69,24.75,2958,15109963.0,4.522644519619663e-05
2024-02-29,10:05:00,33.3807,27.69,24.75,2957,15109963.0,4.529883952071649e-05
2024-02-29,10:05:00,33.3888,27.69,24.75,2956,15109961.0,4.537134972739774e-05
2024-02-29,10:05:00,33.3967,27.69,24.75,2955,15109960.0,4.544397600173391e-05
2024-02-29,10:05:00,33.4046,27.69,24.75,2956,15109960.0,4.537134972739774e-05
2024-02-29,10:05:00,33.4127,27.69,24.75,2957,15109959.0,4.529883952071649e-05
2024-02-29,10:05:00,33.4209,27.69,24.75,2957,15109962.0,4.529883952071649e-05
2024-02-29,10:05:00,33.429,27.69,24.75,2958,15109961.0,4.522644519619663e-05
2024-02-29,10:05:00,33.4369,27.69,24.75,2959,15109963.0,4.515416656864121e-05
2024-02-29,10:05:00,33.445,27.69,24.75,2959,15109965.0,4.515416656864121e-05
2024-02-29,10:05:00,33.4529,27.69,24.75,2958,15109961.0,4.522644519619663e-05
2024-02-29,10:05:00,33.461,27.69,24.75,2957,15109961.0,4.529883952071649e-05
2024-02-29,10:05:00,33.4691,27.69,24.75,2956,15109959.0,4.537134972739774e-05
2024-02-29,10:05:00,33.4772,27.69,24.75,2955,15109959.0,4.544397600173391e-05
2024-02-29,10:05:00,33.4853,27.69,24.75,2955,15109958.0,4.544397600173391e-05
2024-02-29,10:05:00,33.4933,27.69,24.75,2955,15109957.0,4.544397600173391e-05
2024-02-29,10:05:00,33.5014,27.69,24.75,2956,15109959.0,4.537134972739774e-05
2024-02-29,10:05:00,33.5095,27.69,24.75,2957,15109959.0,4.529883952071649e-05
2024-02-29,10:05:00,33.5175,27.69,24.75,2957,15109960.0,4.529883952071649e-05
2024-02-29,10:05:00,33.5256,27.69,24.75,2958,15109961.0,4.522644519619663e-05
2024-02-29,10:05:00,33.5337,27.69,24.75,2958,15109961.0,4.522644519619663e-05
2024-02-29,10:05:00,33.5416,27.69,24.75,2957,15109962.0,4.529883952071649e-05
2024-02-29,10:05:00,33.5495,27.69,24.75,2955,15109959.0,4.544397600173391e-05
2024-02-29,10:05:00,33.5577,27.69,24.75,2954,15109959.0,4.551671852951535e-05
2024-02-29,10:05:00,33.5659,27.69,24.75,2954,15109958.0,4.551671852951535e-05
2024-02-29,10:05:00,33.5738,27.69,24.75,2953,15109958.0,4.558957749682996e-05
2024-02-29,10:05:00,33.5819,27.69,24.75,2954,15109959.0,4.551671852951535e-05
2024-02-29,10:05:00,33.5901,27.69,24.75,2955,15109958.0,4.544397600173391e-05
2024-02-29,10:05:00,33.5982,27.69,24.75,2956,15109960.0,4.537134972739774e-05
2024-02-29,10:05:00,33.6062,27.69,24.75,2958,15109960.0,4.522644519619663e-05
2024-02-29,10:05:00,33.6143,27.69,24.75,2958,15109959.0,4.522644519619663e-05
2024-02-29,10:05:00,33.6224,27.69,24.75,2957,15109961.0,4.529883952071649e-05
2024-02-29,10:05:00,33.6303,27.69,24.75,2955,15109958.0,4.544397600173391e-05
2024-02-29,10:05:00,33.6384,27.69,24.75,2953,15109958.0,4.558957749682996e-05
2024-02-29,10:05:00,33.6466,27.69,24.75,2952,15109957.0,4.566255309006328e-05
2024-02-29,10:05:00,33.6546,27.69,24.75,2952,15109956.0,4.566255309006328e-05
2024-02-29,10:05:00,33.6627,27.69,24.75,2952,15109956.0,4.566255309006328e-05
2024-02-29,10:05:00,33.6707,27.69,24.75,2952,15109955.0,4.566255309006328e-05
2024-02-29,10:05:00,33.6788,27.69,24.75,2954,15109956.0,4.551671852951535e-05
2024-02-29,10:05:00,33.6869,27.69,24.75,2955,15109956.0,4.544397600173391e-05
2024-02-29,10:05:00,33.6949,27.69,24.75,2955,15109958.0,4.544397600173391e-05
2024-02-29,10:05:00,33.703,27.69,24.75,2956,15109959.0,4.537134972739774e-05
2024-02-29,10:05:01,33.7111,27.69,24.75,2955,15109956.0,4.544397600173391e-05
2024-02-29,10:05:01,33.7191,27.69,24.75,2954,15109957.0,4.551671852951535e-05
2024-02-29,10:05:01,33.7272,27.69,24.75,2953,15109956.0,4.558957749682996e-05
2024-02-29,10:05:01,33.7354,27.69,24.75,2952,15109956.0,4.566255309006328e-05
2024-02-29,10:05:01,33.7436,27.69,24.75,2952,15109956.0,4.566255309006328e-05
2024-02-29,10:05:01,33.7515,27.69,24.75,2951,15109956.0,4.573564549589943e-05
2024-02-29,10:05:01,33.7596,27.69,24.75,2951,15109955.0,4.573564549589943e-05
2024-02-29,10:05:01,33.7678,27.69,24.75,2951,15109953.0,4.573564549589943e-05
2024-02-29,10:05:01,33.7758,27.69,24.75,2952,15109955.0,4.566255309006328e-05
2024-02-29,10:05:01,33.7839,27.69,24.75,2953,15109955.0,4.558957749682996e-05
2024-02-29,10:05:01,33.792,27.69,24.75,2954,15109957.0,4.551671852951535e-05
2024-02-29,10:05:01,33.8,27.69,24.75,2955,15109957.0,4.544397600173391e-05
2024-02-29,10:05:01,33.8081,27.69,24.75,2954,15109956.0,4.551671852951535e-05
2024-02-29,10:05:01,33.8162,27.69,24.75,2953,15109957.0,4.558957749682996e-05
2024-02-29,10:05:01,33.8242,27.69,24.75,2952,15109955.0,4.566255309006328e-05
2024-02-29,10:05:01,33.8323,27.69,24.75,2951,15109955.0,4.573564549589943e-05
2024-02-29,10:05:01,33.8405,27.69,24.75,2950,15109954.0,4.580885490132121e-05
2024-02-29,10:05:01,33.8487,27.69,24.75,2949,15109954.0,4.58821814936108e-05
2024-02-29,10:05:01,33.8567,27.69,24.75,2949,15109954.0,4.58821814936108e-05
2024-02-29,10:05:01,33.8648,27.69,24.75,2949,15109953.0,4.58821814936108e-05
2024-02-29,10:05:01,33.8729,27.69,24.75,2950,15109953.0,4.580885490132121e-05
2024-02-29,10:05:01,33.881,27.69,24.75,2951,15109952.0,4.573564549589943e-05
2024-02-29,10:05:01,33.8892,27.69,24.75,2952,15109955.0,4.566255309006328e-05
2024-02-29,10:05:01,33.8973,27.69,24.75,2954,15109955.0,4.551671852951535e-05
2024-02-29,10:05:01,33.9054,27.69,24.75,2953,15109956.0,4.558957749682996e-05
2024-02-29,10:05:01,33.9134,27.69,24.75,2952,15109956.0,4.566255309006328e-05
2024-02-29,10:05:01,33.9215,27.69,24.75,2951,15109952.0,4.573564549589943e-05
2024-02-29,10:05:01,33.9297,27.69,24.75,2950,15109953.0,4.580885490132121e-05
2024-02-29,10:05:01,33.9379,27.69,24.75,2950,15109953.0,4.580885490132121e-05
2024-02-29,10:05:01,33.9459,27.69,24.75,2949,15109953.0,4.58821814936108e-05
2024-02-29,10:05:01,33.954,27.69,24.75,2948,15109952.0,4.595562546035009e-05
2024-02-29,10:05:01,33.9622,27.69,24.75,2948,15109951.0,4.595562546035009e-05
2024-02-29,10:05:01,33.9704,27.69,24.75,2949,15109953.0,4.58821814936108e-05
2024-02-29,10:05:01,33.9785,27.69,24.75,2949,15109952.0,4.58821814936108e-05
2024-02-29,10:05:01,33.9865,27.69,24.75,2949,15109953.0,4.58821814936108e-05
2024-02-29,10:05:01,33.9946,27.69,24.75,2950,15109952.0,4.580885490132121e-05
2024-02-29,10:05:01,34.0026,27.69,24.75,2951,15109954.0,4.573564549589943e-05
2024-02-29,10:05:01,34.0107,27.69,24.75,2951,15109954.0,4.573564549589943e-05
2024-02-29,10:05:01,34.0188,27.69,24.75,2951,15109953.0,4.573564549589943e-05
2024-02-29,10:05:01,34.0268,27.69,24.75,2951,15109954.0,4.573564549589943e-05
2024-02-29,10:05:01,34.035,27.69,24.75,2949,15109951.0,4.58821814936108e-05
2024-02-29,10:05:01,34.0432,27.69,24.75,2948,15109951.0,4.595562546035009e-05
2024-02-29,10:05:01,34.0513,27.69,24.75,2948,15109951.0,4.595562546035009e-05
2024-02-29,10:05:01,34.0594,27.69,24.75,2947,15109950.0,4.602918698942135e-05
2024-02-29,10:05:01,34.0675,27.69,24.75,2947,15109950.0,4.602918698942135e-05
2024-02-29,10:05:01,34.0757,27.69,24.75,2947,15109949.0,4.602918698942135e-05
2024-02-29,10:05:01,34.0838,27.69,24.75,2947,15109950.0,4.602918698942135e-05
2024-02-29,10:05:01,34.092,27.69,24.75,2947,15109950.0,4.602918698942135e-05
2024-02-29,10:05:01,34.1001,27.69,24.75,2947,15109951.0,4.602918698942135e-05
2024-02-29,10:05:01,34.108,27.69,24.75,2948,15109950.0,4.595562546035009e-05
2024-02-29,10:05:01,34.1162,27.69,24.75,2949,15109952.0,4.58821814936108e-05
2024-02-29,10:05:01,34.1244,27.69,24.75,2950,15109952.0,4.580885490132121e-05
2024-02-29,10:05:01,34.1324,27.69,24.75,2949,15109950.0,4.58821814936108e-05
2024-02-29,10:05:01,34.1406,27.69,24.75,2948,15109952.0,4.595562546035009e-05
2024-02-29,10:05:01,34.1487,27.69,24.75,2947,15109950.0,4.602918698942135e-05
2024-02-29,10:05:01,34.1568,27.69,24.75,2947,15109950.0,4.602918698942135e-05
2024-02-29,10:05:01,34.165,27.69,24.75,2947,15109949.0,4.602918698942135e-05
2024-02-29,10:05:01,34.173,27.69,24.75,2945,15109949.0,4.617666348759261e-05
2024-02-29,10:05:01,34.1812,27.69,24.75,2945,15109948.0,4.617666348759261e-05
2024-02-29,10:05:01,34.1894,27.69,24.75,2946,15109947.0,4.610286626900744e-05
2024-02-29,10:05:01,34.1976,27.69,24.75,2946,15109947.0,4.610286626900744e-05
2024-02-29,10:05:01,34.2058,27.69,24.75,2946,15109947.0,4.610286626900744e-05
2024-02-29,10:05:01,34.2138,27.69,24.75,2946,15109947.0,4.610286626900744e-05
2024-02-29,10:05:01,34.222,27.69,24.75,2946,15109947.0,4.610286626900744e-05
2024-02-29,10:05:01,34.2302,27.69,24.75,2947,15109950.0,4.602918698942135e-05
2024-02-29,10:05:01,34.2383,27.69,24.75,2948,15109949.0,4.595562546035009e-05
2024-02-29,10:05:01,34.2464,27.69,24.75,2949,15109951.0,4.58821814936108e-05
2024-02-29,10:05:01,34.2546,27.69,24.75,2949,15109952.0,4.58821814936108e-05
2024-02-29,10:05:01,34.2627,27.69,24.75,2947,15109948.0,4.602918698942135e-05
2024-02-29,10:05:01,34.2708,27.69,24.75,2946,15109949.0,4.610286626900744e-05
2024-02-29,10:05:01,34.2789,27.69,24.75,2945,15109947.0,4.617666348759261e-05
